-0.038 257.0 
-0.038 258.0 
-0.137 259.0 
-0.053 260.0 
-0.035 261.0 
-0.058 262.0 
-0.055 263.0 
-0.056 264.0 
-0.067 265.0 
-0.047 266.0 
-0.053 267.0 
-0.055 268.0 
-0.067 269.0 
-0.052 270.0 
-0.043 271.0 
-0.035 272.0 
-0.048 273.0 
-0.047 274.0 
138.111 275.0 
134.759 276.0 
133.51 277.0 
132.248 278.0 
130.893 279.0 
129.153 280.0 
127.646 281.0 
125.906 282.0 
123.605 283.0 
122.005 284.0 
121.643 285.0 
121.398 286.0 
121.234 287.0 
120.977 288.0 
120.767 289.0 
120.125 290.0 
120.078 291.0 
119.88 292.0 
119.728 293.0 
119.424 294.0 
119.155 295.0 
119.039 296.0 
118.969 297.0 
118.501 298.0 
118.338 299.0 
118.209 300.0 
117.695 301.0 
117.59 302.0 
117.076 303.0 
116.948 304.0 
116.749 305.0 
116.13 306.0 
114.986 307.0 
112.895 308.0 
110.454 309.0 
107.219 310.0 
103.843 311.0 
100.048 312.0 
96.147 313.0 
91.989 314.0 
88.088 315.0 
84.35 316.0 
80.928 317.0 
78.429 318.0 
78.312 319.0 
78.102 320.0 
78.078 321.0 
78.02 322.0 
77.903 323.0 
77.926 324.0 
77.88 325.0 
77.704 326.0 
77.903 327.0 
77.833 328.0 
78.031 329.0 
77.926 330.0 
77.868 331.0 
77.926 332.0 
77.95 333.0 
77.856 334.0 
77.903 335.0 
77.915 336.0 
77.915 337.0 
77.821 338.0 
77.961 339.0 
77.833 340.0 
77.891 341.0 
77.856 342.0 
78.02 343.0 
77.891 344.0 
77.833 345.0 
77.798 346.0 
77.81 347.0 
77.938 348.0 
77.926 349.0 
77.88 350.0 
77.868 351.0 
77.95 352.0 
77.833 353.0 
77.833 354.0 
77.95 355.0 
77.856 356.0 
77.961 357.0 
77.903 358.0 
77.938 359.0 
77.891 360.0 
77.938 361.0 
77.88 362.0 
77.868 363.0 
77.81 364.0 
77.833 365.0 
77.845 366.0 
77.891 367.0 
77.833 368.0 
77.856 369.0 
77.845 370.0 
77.88 371.0 
77.88 372.0 
77.915 373.0 
77.926 374.0 
77.95 375.0 
78.23 376.0 
77.856 377.0 
77.856 378.0 
77.868 379.0 
77.845 380.0 
77.868 381.0 
77.95 382.0 
77.88 383.0 
77.868 384.0 
77.821 385.0 
77.926 386.0 
77.81 387.0 
77.81 388.0 
77.938 389.0 
77.868 390.0 
77.868 391.0 
77.833 392.0 
77.961 393.0 
77.786 394.0 
77.903 395.0 
77.95 396.0 
77.81 397.0 
77.88 398.0 
77.751 399.0 
77.798 400.0 
77.915 401.0 
77.88 402.0 
77.985 403.0 
77.915 404.0 
77.856 405.0 
77.821 406.0 
77.856 407.0 
77.856 408.0 
77.856 409.0 
77.786 410.0 
77.856 411.0 
77.903 412.0 
78.312 413.0 
77.915 414.0 
77.845 415.0 
77.868 416.0 
77.821 417.0 
77.938 418.0 
77.891 419.0 
77.821 420.0 
77.868 421.0 
77.88 422.0 
77.926 423.0 
77.845 424.0 
77.845 425.0 
77.903 426.0 
77.868 427.0 
77.833 428.0 
77.833 429.0 
77.798 430.0 
77.891 431.0 
77.856 432.0 
77.903 433.0 
77.798 434.0 
77.775 435.0 
77.856 436.0 
77.915 437.0 
77.751 438.0 
77.833 439.0 
77.845 440.0 
77.821 441.0 
77.845 442.0 
77.845 443.0 
77.821 444.0 
77.786 445.0 
77.775 446.0 
77.915 447.0 
77.915 448.0 
77.891 449.0 
78.195 450.0 
77.856 451.0 
77.798 452.0 
77.821 453.0 
77.763 454.0 
77.926 455.0 
77.763 456.0 
77.821 457.0 
77.786 458.0 
77.903 459.0 
77.88 460.0 
77.845 461.0 
77.833 462.0 
77.926 463.0 
77.845 464.0 
77.868 465.0 
77.891 466.0 
77.856 467.0 
77.751 468.0 
77.845 469.0 
77.821 470.0 
77.81 471.0 
77.833 472.0 
77.903 473.0 
77.833 474.0 
77.938 475.0 
77.868 476.0 
77.786 477.0 
77.845 478.0 
77.775 479.0 
77.88 480.0 
77.903 481.0 
77.856 482.0 
77.88 483.0 
77.798 484.0 
77.833 485.0 
77.763 486.0 
77.775 487.0 
77.868 488.0 
77.786 489.0 
77.821 490.0 
77.868 491.0 
77.891 492.0 
77.821 493.0 
77.891 494.0 
77.845 495.0 
77.763 496.0 
77.88 497.0 
77.915 498.0 
77.763 499.0 
77.786 500.0 
77.88 501.0 
77.903 502.0 
77.728 503.0 
77.763 504.0 
77.786 505.0 
77.798 506.0 
77.821 507.0 
78.078 508.0 
77.751 509.0 
77.786 510.0 
77.786 511.0 
77.821 512.0 
77.786 513.0 
77.845 514.0 
77.833 515.0 
77.856 516.0 
77.88 517.0 
77.681 518.0 
77.693 519.0 
77.728 520.0 
77.751 521.0 
77.775 522.0 
77.751 523.0 
77.728 524.0 
77.716 525.0 
77.704 526.0 
77.704 527.0 
77.634 528.0 
77.681 529.0 
77.634 530.0 
77.658 531.0 
77.81 532.0 
77.81 533.0 
77.704 534.0 
77.751 535.0 
77.704 536.0 
77.658 537.0 
77.599 538.0 
77.553 539.0 
77.529 540.0 
77.634 541.0 
77.611 542.0 
77.576 543.0 
77.483 544.0 
77.459 545.0 
77.436 546.0 
77.529 547.0 
77.506 548.0 
77.448 549.0 
77.401 550.0 
77.331 551.0 
77.471 552.0 
77.389 553.0 
77.331 554.0 
77.377 555.0 
77.483 556.0 
77.436 557.0 
77.354 558.0 
77.015 559.0 
77.459 560.0 
77.389 561.0 
77.342 562.0 
77.459 563.0 
77.389 564.0 
77.296 565.0 
77.412 566.0 
77.506 567.0 
77.319 568.0 
77.401 569.0 
77.354 570.0 
77.471 571.0 
77.389 572.0 
77.354 573.0 
77.401 574.0 
77.342 575.0 
77.448 576.0 
77.412 577.0 
77.389 578.0 
77.471 579.0 
77.424 580.0 
77.471 581.0 
77.436 582.0 
77.483 583.0 
77.424 584.0 
77.506 585.0 
77.448 586.0 
77.354 587.0 
77.448 588.0 
77.366 589.0 
77.459 590.0 
77.377 591.0 
77.448 592.0 
77.401 593.0 
77.389 594.0 
77.366 595.0 
77.401 596.0 
77.366 597.0 
77.412 598.0 
77.412 599.0 
77.448 600.0 
77.541 601.0 
77.448 602.0 
77.506 603.0 
77.366 604.0 
77.459 605.0 
77.389 606.0 
77.424 607.0 
77.319 608.0 
77.401 609.0 
77.494 610.0 
77.401 611.0 
77.494 612.0 
77.389 613.0 
77.448 614.0 
77.354 615.0 
77.436 616.0 
77.506 617.0 
77.342 618.0 
77.436 619.0 
77.05 620.0 
77.366 621.0 
77.471 622.0 
77.366 623.0 
77.424 624.0 
77.494 625.0 
77.342 626.0 
77.459 627.0 
77.483 628.0 
77.354 629.0 
77.401 630.0 
77.506 631.0 
77.319 632.0 
77.459 633.0 
77.494 634.0 
77.401 635.0 
77.459 636.0 
77.483 637.0 
77.389 638.0 
77.436 639.0 
77.471 640.0 
77.377 641.0 
77.448 642.0 
77.471 643.0 
77.342 644.0 
77.377 645.0 
77.448 646.0 
77.518 647.0 
77.366 648.0 
77.412 649.0 
77.471 650.0 
77.342 651.0 
77.401 652.0 
77.424 653.0 
77.471 654.0 
77.331 655.0 
77.389 656.0 
77.412 657.0 
77.483 658.0 
77.366 659.0 
77.412 660.0 
77.483 661.0 
77.506 662.0 
77.307 663.0 
77.412 664.0 
77.483 665.0 
77.518 666.0 
77.366 667.0 
77.401 668.0 
77.459 669.0 
77.459 670.0 
77.354 671.0 
77.389 672.0 
77.401 673.0 
77.459 674.0 
77.518 675.0 
77.331 676.0 
77.377 677.0 
77.424 678.0 
77.424 679.0 
77.483 680.0 
77.331 681.0 
77.366 682.0 
77.412 683.0 
77.436 684.0 
77.448 685.0 
77.506 686.0 
77.331 687.0 
77.366 688.0 
77.412 689.0 
77.448 690.0 
77.471 691.0 
77.506 692.0 
77.319 693.0 
77.377 694.0 
77.401 695.0 
77.424 696.0 
77.471 697.0 
77.471 698.0 
77.167 699.0 
77.342 700.0 
77.366 701.0 
77.389 702.0 
77.401 703.0 
77.424 704.0 
77.483 705.0 
77.494 706.0 
77.354 707.0 
77.354 708.0 
77.354 709.0 
77.389 710.0 
77.401 711.0 
77.424 712.0 
77.459 713.0 
77.448 714.0 
77.518 715.0 
77.331 716.0 
77.377 717.0 
77.366 718.0 
77.412 719.0 
77.412 720.0 
77.448 721.0 
77.471 722.0 
77.436 723.0 
77.471 724.0 
77.529 725.0 
77.331 726.0 
77.342 727.0 
77.366 728.0 
77.354 729.0 
77.377 730.0 
77.424 731.0 
77.412 732.0 
77.459 733.0 
77.412 734.0 
77.459 735.0 
77.494 736.0 
77.494 737.0 
77.506 738.0 
77.12 739.0 
77.307 740.0 
77.319 741.0 
77.366 742.0 
77.319 743.0 
77.319 744.0 
77.331 745.0 
77.342 746.0 
77.331 747.0 
77.342 748.0 
77.377 749.0 
77.389 750.0 
77.354 751.0 
77.401 752.0 
77.354 753.0 
77.401 754.0 
77.401 755.0 
77.424 756.0 
77.424 757.0 
77.448 758.0 
77.424 759.0 
77.448 760.0 
77.459 761.0 
77.412 762.0 
77.412 763.0 
77.471 764.0 
77.412 765.0 
77.436 766.0 
77.424 767.0 
77.412 768.0 
77.424 769.0 
77.471 770.0 
77.448 771.0 
77.448 772.0 
77.459 773.0 
77.436 774.0 
77.448 775.0 
77.401 776.0 
77.424 777.0 
77.436 778.0 
77.401 779.0 
77.436 780.0 
77.436 781.0 
77.436 782.0 
77.424 783.0 
77.412 784.0 
77.424 785.0 
77.436 786.0 
77.412 787.0 
77.436 788.0 
77.412 789.0 
77.412 790.0 
77.412 791.0 
77.424 792.0 
77.401 793.0 
77.448 794.0 
77.459 795.0 
77.412 796.0 
77.448 797.0 
77.424 798.0 
77.412 799.0 
77.424 800.0 
77.448 801.0 
77.436 802.0 
77.424 803.0 
77.424 804.0 
-0.004 805.0 
0.002 806.0 
-0.006 807.0 
-0.006 808.0 
-0.004 809.0 
-0.017 810.0 
-0.019 811.0 
-0.02 812.0 
-0.017 813.0 
-0.042 814.0 
-0.034 815.0 
-0.035 816.0 
-0.041 817.0 
-0.054 818.0 
-0.052 819.0 
-0.047 820.0 
-0.049 821.0 
-0.054 822.0 
-0.059 823.0 
-0.061 824.0 
-0.055 825.0 
-0.049 826.0 
-0.047 827.0 
-0.054 828.0 
-0.056 829.0 
