-0.056 257.0 
-0.05 258.0 
-0.147 259.0 
-0.03 260.0 
-0.042 261.0 
-0.037 262.0 
-0.035 263.0 
-0.034 264.0 
-0.011 265.0 
-0.031 266.0 
-0.028 267.0 
-0.028 268.0 
-0.036 269.0 
-0.025 270.0 
-0.024 271.0 
-0.028 272.0 
-0.053 273.0 
-0.024 274.0 
140.354 275.0 
137.317 276.0 
135.764 277.0 
133.825 278.0 
131.968 279.0 
129.877 280.0 
127.973 281.0 
125.813 282.0 
122.636 283.0 
121.433 284.0 
120.966 285.0 
120.58 286.0 
120.335 287.0 
120.055 288.0 
119.809 289.0 
119.599 290.0 
119.015 291.0 
118.805 292.0 
118.595 293.0 
118.49 294.0 
117.976 295.0 
117.824 296.0 
117.766 297.0 
117.275 298.0 
117.076 299.0 
117.088 300.0 
116.492 301.0 
116.434 302.0 
115.908 303.0 
115.792 304.0 
115.605 305.0 
114.869 306.0 
113.526 307.0 
111.108 308.0 
108.55 309.0 
105.222 310.0 
101.893 311.0 
98.179 312.0 
94.593 313.0 
91.066 314.0 
87.62 315.0 
84.327 316.0 
81.068 317.0 
78.814 318.0 
78.756 319.0 
78.534 320.0 
78.464 321.0 
78.452 322.0 
78.347 323.0 
78.44 324.0 
78.37 325.0 
78.335 326.0 
78.405 327.0 
78.277 328.0 
78.452 329.0 
78.382 330.0 
78.277 331.0 
78.37 332.0 
78.394 333.0 
78.3 334.0 
78.394 335.0 
78.382 336.0 
78.359 337.0 
78.277 338.0 
78.417 339.0 
78.312 340.0 
78.3 341.0 
78.312 342.0 
78.464 343.0 
78.359 344.0 
78.312 345.0 
78.288 346.0 
78.253 347.0 
78.347 348.0 
78.359 349.0 
78.382 350.0 
78.3 351.0 
78.359 352.0 
78.3 353.0 
78.218 354.0 
78.405 355.0 
78.359 356.0 
78.405 357.0 
78.312 358.0 
78.405 359.0 
78.335 360.0 
78.359 361.0 
78.3 362.0 
78.323 363.0 
78.288 364.0 
78.288 365.0 
78.335 366.0 
78.312 367.0 
78.277 368.0 
78.3 369.0 
78.288 370.0 
78.347 371.0 
78.359 372.0 
78.37 373.0 
78.394 374.0 
78.382 375.0 
78.382 376.0 
78.242 377.0 
78.323 378.0 
78.3 379.0 
78.277 380.0 
78.323 381.0 
78.429 382.0 
78.323 383.0 
78.3 384.0 
78.277 385.0 
78.37 386.0 
78.312 387.0 
78.218 388.0 
78.335 389.0 
78.335 390.0 
78.335 391.0 
78.265 392.0 
78.347 393.0 
78.218 394.0 
78.323 395.0 
78.394 396.0 
78.277 397.0 
78.323 398.0 
78.218 399.0 
78.265 400.0 
78.359 401.0 
78.359 402.0 
78.405 403.0 
78.347 404.0 
78.3 405.0 
78.253 406.0 
78.323 407.0 
78.3 408.0 
78.335 409.0 
78.265 410.0 
78.323 411.0 
78.347 412.0 
78.394 413.0 
78.359 414.0 
78.3 415.0 
78.347 416.0 
78.253 417.0 
78.429 418.0 
78.347 419.0 
78.253 420.0 
78.288 421.0 
78.347 422.0 
78.359 423.0 
78.323 424.0 
78.265 425.0 
78.312 426.0 
78.347 427.0 
78.3 428.0 
78.323 429.0 
78.265 430.0 
78.323 431.0 
78.359 432.0 
78.359 433.0 
78.218 434.0 
78.277 435.0 
78.323 436.0 
78.394 437.0 
78.195 438.0 
78.242 439.0 
78.277 440.0 
78.288 441.0 
78.277 442.0 
78.3 443.0 
78.277 444.0 
78.253 445.0 
78.218 446.0 
78.37 447.0 
78.312 448.0 
78.335 449.0 
78.674 450.0 
78.3 451.0 
78.265 452.0 
78.253 453.0 
78.253 454.0 
78.335 455.0 
78.3 456.0 
78.242 457.0 
78.242 458.0 
78.323 459.0 
78.37 460.0 
78.312 461.0 
78.265 462.0 
78.359 463.0 
78.335 464.0 
78.347 465.0 
78.394 466.0 
78.3 467.0 
78.23 468.0 
78.359 469.0 
78.265 470.0 
78.288 471.0 
78.265 472.0 
78.347 473.0 
78.288 474.0 
78.394 475.0 
78.323 476.0 
78.218 477.0 
78.3 478.0 
78.218 479.0 
78.277 480.0 
78.359 481.0 
78.3 482.0 
78.347 483.0 
78.265 484.0 
78.312 485.0 
78.253 486.0 
78.265 487.0 
78.335 488.0 
78.3 489.0 
78.312 490.0 
78.335 491.0 
78.288 492.0 
78.265 493.0 
78.323 494.0 
78.253 495.0 
78.23 496.0 
78.312 497.0 
78.347 498.0 
78.207 499.0 
78.23 500.0 
78.288 501.0 
78.347 502.0 
78.183 503.0 
78.23 504.0 
78.253 505.0 
78.288 506.0 
78.335 507.0 
78.464 508.0 
78.195 509.0 
78.242 510.0 
78.253 511.0 
78.253 512.0 
78.277 513.0 
78.288 514.0 
78.3 515.0 
78.3 516.0 
78.697 517.0 
78.113 518.0 
78.16 519.0 
78.172 520.0 
78.172 521.0 
78.218 522.0 
78.207 523.0 
78.183 524.0 
78.183 525.0 
78.195 526.0 
78.172 527.0 
78.09 528.0 
78.148 529.0 
78.137 530.0 
78.113 531.0 
78.23 532.0 
78.218 533.0 
78.172 534.0 
78.172 535.0 
78.172 536.0 
78.113 537.0 
78.008 538.0 
77.985 539.0 
77.985 540.0 
78.113 541.0 
77.985 542.0 
78.008 543.0 
78.008 544.0 
77.95 545.0 
77.926 546.0 
78.02 547.0 
77.973 548.0 
77.915 549.0 
77.868 550.0 
77.775 551.0 
77.938 552.0 
77.915 553.0 
77.81 554.0 
77.833 555.0 
77.95 556.0 
77.88 557.0 
77.81 558.0 
77.588 559.0 
77.903 560.0 
77.856 561.0 
77.798 562.0 
77.915 563.0 
77.856 564.0 
77.763 565.0 
77.915 566.0 
77.915 567.0 
77.833 568.0 
77.868 569.0 
77.845 570.0 
77.915 571.0 
77.845 572.0 
77.833 573.0 
77.891 574.0 
77.798 575.0 
77.926 576.0 
77.833 577.0 
77.856 578.0 
77.938 579.0 
77.856 580.0 
77.961 581.0 
77.891 582.0 
77.961 583.0 
77.915 584.0 
77.996 585.0 
77.95 586.0 
77.856 587.0 
77.95 588.0 
77.833 589.0 
77.915 590.0 
77.845 591.0 
77.88 592.0 
77.856 593.0 
77.856 594.0 
77.821 595.0 
77.926 596.0 
77.833 597.0 
77.926 598.0 
77.856 599.0 
77.915 600.0 
78.008 601.0 
77.88 602.0 
77.973 603.0 
77.903 604.0 
77.95 605.0 
77.845 606.0 
77.915 607.0 
77.798 608.0 
77.903 609.0 
77.973 610.0 
77.845 611.0 
77.926 612.0 
77.845 613.0 
77.95 614.0 
77.81 615.0 
77.88 616.0 
77.985 617.0 
77.856 618.0 
77.903 619.0 
77.506 620.0 
77.833 621.0 
77.915 622.0 
77.845 623.0 
77.868 624.0 
77.996 625.0 
77.833 626.0 
77.938 627.0 
77.961 628.0 
77.833 629.0 
77.903 630.0 
77.961 631.0 
77.798 632.0 
77.938 633.0 
77.996 634.0 
77.868 635.0 
77.915 636.0 
77.961 637.0 
77.856 638.0 
77.903 639.0 
77.961 640.0 
77.845 641.0 
77.88 642.0 
77.95 643.0 
77.81 644.0 
77.868 645.0 
77.95 646.0 
77.95 647.0 
77.868 648.0 
77.88 649.0 
77.961 650.0 
77.821 651.0 
77.856 652.0 
77.88 653.0 
77.961 654.0 
77.786 655.0 
77.856 656.0 
77.88 657.0 
77.985 658.0 
77.856 659.0 
77.903 660.0 
77.915 661.0 
77.985 662.0 
77.81 663.0 
77.868 664.0 
77.938 665.0 
77.985 666.0 
77.856 667.0 
77.891 668.0 
77.915 669.0 
77.961 670.0 
77.81 671.0 
77.856 672.0 
77.88 673.0 
77.915 674.0 
77.985 675.0 
77.798 676.0 
77.868 677.0 
77.868 678.0 
77.868 679.0 
77.961 680.0 
77.798 681.0 
77.833 682.0 
77.891 683.0 
77.926 684.0 
77.95 685.0 
77.985 686.0 
77.833 687.0 
77.856 688.0 
77.903 689.0 
77.903 690.0 
77.938 691.0 
77.95 692.0 
77.81 693.0 
77.856 694.0 
77.868 695.0 
77.903 696.0 
77.938 697.0 
77.915 698.0 
77.669 699.0 
77.821 700.0 
77.821 701.0 
77.88 702.0 
77.903 703.0 
77.926 704.0 
77.95 705.0 
77.985 706.0 
77.786 707.0 
77.798 708.0 
77.833 709.0 
77.88 710.0 
77.891 711.0 
77.903 712.0 
77.938 713.0 
77.961 714.0 
77.973 715.0 
77.821 716.0 
77.856 717.0 
77.833 718.0 
77.856 719.0 
77.88 720.0 
77.915 721.0 
77.903 722.0 
77.926 723.0 
77.973 724.0 
77.95 725.0 
77.775 726.0 
77.786 727.0 
77.845 728.0 
77.845 729.0 
77.868 730.0 
77.891 731.0 
77.891 732.0 
77.903 733.0 
77.903 734.0 
77.903 735.0 
77.95 736.0 
77.95 737.0 
77.985 738.0 
77.611 739.0 
77.775 740.0 
77.775 741.0 
77.821 742.0 
77.81 743.0 
77.833 744.0 
77.81 745.0 
77.798 746.0 
77.833 747.0 
77.856 748.0 
77.88 749.0 
77.88 750.0 
77.833 751.0 
77.868 752.0 
77.891 753.0 
77.868 754.0 
77.891 755.0 
77.856 756.0 
77.891 757.0 
77.891 758.0 
77.915 759.0 
77.891 760.0 
77.903 761.0 
77.88 762.0 
77.891 763.0 
77.903 764.0 
77.915 765.0 
77.915 766.0 
77.915 767.0 
77.915 768.0 
77.926 769.0 
77.903 770.0 
77.915 771.0 
77.891 772.0 
77.88 773.0 
77.891 774.0 
77.915 775.0 
77.915 776.0 
77.903 777.0 
77.926 778.0 
77.926 779.0 
77.88 780.0 
77.903 781.0 
77.915 782.0 
77.915 783.0 
77.868 784.0 
77.868 785.0 
77.891 786.0 
77.88 787.0 
77.891 788.0 
77.926 789.0 
77.891 790.0 
77.88 791.0 
77.88 792.0 
77.891 793.0 
77.903 794.0 
77.903 795.0 
77.903 796.0 
77.915 797.0 
77.868 798.0 
77.868 799.0 
77.868 800.0 
77.891 801.0 
77.926 802.0 
77.903 803.0 
77.95 804.0 
0.006 805.0 
0.007 806.0 
0.0 807.0 
0.005 808.0 
0.01 809.0 
0.004 810.0 
-0.013 811.0 
-0.011 812.0 
-0.008 813.0 
-0.018 814.0 
-0.022 815.0 
-0.018 816.0 
-0.025 817.0 
-0.031 818.0 
-0.037 819.0 
-0.034 820.0 
-0.042 821.0 
-0.041 822.0 
-0.037 823.0 
-0.035 824.0 
-0.04 825.0 
-0.044 826.0 
-0.031 827.0 
-0.029 828.0 
-0.028 829.0 
