-0.034 257.0 
-0.035 258.0 
-0.02 259.0 
-0.035 260.0 
-0.036 261.0 
-0.016 262.0 
-0.04 263.0 
-0.036 264.0 
-0.031 265.0 
-0.02 266.0 
-0.011 267.0 
-0.023 268.0 
-0.029 269.0 
-0.037 270.0 
-0.017 271.0 
-0.005 272.0 
-0.02 273.0 
-0.028 274.0 
151.263 275.0 
148.319 276.0 
147.116 277.0 
145.691 278.0 
143.904 279.0 
141.814 280.0 
140.074 281.0 
137.586 282.0 
134.28 283.0 
133.241 284.0 
132.879 285.0 
132.517 286.0 
132.388 287.0 
132.073 288.0 
131.863 289.0 
131.676 290.0 
131.104 291.0 
130.87 292.0 
130.683 293.0 
130.52 294.0 
129.959 295.0 
129.854 296.0 
129.772 297.0 
129.223 298.0 
129.036 299.0 
129.036 300.0 
128.511 301.0 
128.487 302.0 
127.973 303.0 
127.95 304.0 
127.88 305.0 
127.284 306.0 
126.14 307.0 
123.862 308.0 
120.989 309.0 
117.158 310.0 
113.631 311.0 
109.345 312.0 
105.292 313.0 
100.725 314.0 
96.964 315.0 
92.958 316.0 
89.291 317.0 
86.149 318.0 
86.009 319.0 
85.763 320.0 
85.647 321.0 
85.647 322.0 
85.53 323.0 
85.577 324.0 
85.53 325.0 
85.425 326.0 
85.506 327.0 
85.448 328.0 
85.635 329.0 
85.53 330.0 
85.495 331.0 
85.53 332.0 
85.541 333.0 
85.448 334.0 
85.588 335.0 
85.541 336.0 
85.506 337.0 
85.39 338.0 
85.612 339.0 
85.471 340.0 
85.46 341.0 
85.436 342.0 
85.577 343.0 
85.495 344.0 
85.46 345.0 
85.46 346.0 
85.425 347.0 
85.553 348.0 
85.495 349.0 
85.506 350.0 
85.46 351.0 
85.553 352.0 
85.448 353.0 
85.343 354.0 
85.53 355.0 
85.471 356.0 
85.53 357.0 
85.436 358.0 
85.553 359.0 
85.495 360.0 
85.518 361.0 
85.46 362.0 
85.483 363.0 
85.413 364.0 
85.425 365.0 
85.495 366.0 
85.53 367.0 
85.425 368.0 
85.448 369.0 
85.495 370.0 
85.518 371.0 
85.506 372.0 
85.506 373.0 
85.53 374.0 
85.506 375.0 
85.588 376.0 
85.308 377.0 
85.425 378.0 
85.495 379.0 
85.471 380.0 
85.471 381.0 
85.565 382.0 
85.436 383.0 
85.448 384.0 
85.425 385.0 
85.541 386.0 
85.413 387.0 
85.401 388.0 
85.53 389.0 
85.495 390.0 
85.53 391.0 
85.471 392.0 
85.495 393.0 
85.401 394.0 
85.46 395.0 
85.565 396.0 
85.413 397.0 
85.506 398.0 
85.436 399.0 
85.39 400.0 
85.53 401.0 
85.495 402.0 
85.577 403.0 
85.495 404.0 
85.46 405.0 
85.39 406.0 
85.448 407.0 
85.413 408.0 
85.471 409.0 
85.425 410.0 
85.506 411.0 
85.506 412.0 
85.927 413.0 
85.553 414.0 
85.425 415.0 
85.46 416.0 
85.39 417.0 
85.53 418.0 
85.506 419.0 
85.378 420.0 
85.483 421.0 
85.495 422.0 
85.518 423.0 
85.425 424.0 
85.413 425.0 
85.495 426.0 
85.518 427.0 
85.425 428.0 
85.436 429.0 
85.39 430.0 
85.506 431.0 
85.541 432.0 
85.506 433.0 
85.355 434.0 
85.413 435.0 
85.483 436.0 
85.612 437.0 
85.366 438.0 
85.413 439.0 
85.425 440.0 
85.413 441.0 
85.425 442.0 
85.413 443.0 
85.413 444.0 
85.425 445.0 
85.425 446.0 
85.541 447.0 
85.483 448.0 
85.506 449.0 
85.845 450.0 
85.448 451.0 
85.448 452.0 
85.413 453.0 
85.331 454.0 
85.495 455.0 
85.46 456.0 
85.401 457.0 
85.378 458.0 
85.506 459.0 
85.506 460.0 
85.436 461.0 
85.401 462.0 
85.518 463.0 
85.436 464.0 
85.436 465.0 
85.518 466.0 
85.46 467.0 
85.401 468.0 
85.483 469.0 
85.425 470.0 
85.448 471.0 
85.448 472.0 
85.518 473.0 
85.46 474.0 
85.53 475.0 
85.448 476.0 
85.378 477.0 
85.448 478.0 
85.355 479.0 
85.436 480.0 
85.541 481.0 
85.425 482.0 
85.518 483.0 
85.425 484.0 
85.46 485.0 
85.39 486.0 
85.401 487.0 
85.495 488.0 
85.413 489.0 
85.436 490.0 
85.483 491.0 
85.46 492.0 
85.436 493.0 
85.483 494.0 
85.378 495.0 
85.413 496.0 
85.425 497.0 
85.495 498.0 
85.366 499.0 
85.355 500.0 
85.436 501.0 
85.436 502.0 
85.331 503.0 
85.343 504.0 
85.39 505.0 
85.425 506.0 
85.483 507.0 
85.775 508.0 
85.331 509.0 
85.39 510.0 
85.366 511.0 
85.413 512.0 
85.425 513.0 
85.401 514.0 
85.448 515.0 
85.448 516.0 
85.46 517.0 
85.308 518.0 
85.261 519.0 
85.296 520.0 
85.308 521.0 
85.296 522.0 
85.331 523.0 
85.331 524.0 
85.308 525.0 
85.273 526.0 
85.285 527.0 
85.191 528.0 
85.226 529.0 
85.214 530.0 
85.179 531.0 
85.331 532.0 
85.273 533.0 
85.238 534.0 
85.179 535.0 
85.133 536.0 
85.086 537.0 
84.981 538.0 
84.969 539.0 
84.911 540.0 
85.051 541.0 
84.911 542.0 
84.876 543.0 
84.841 544.0 
84.841 545.0 
84.771 546.0 
84.911 547.0 
84.829 548.0 
84.817 549.0 
84.724 550.0 
84.642 551.0 
84.771 552.0 
84.712 553.0 
84.665 554.0 
84.654 555.0 
84.771 556.0 
84.712 557.0 
84.63 558.0 
84.397 559.0 
84.736 560.0 
84.701 561.0 
84.63 562.0 
84.736 563.0 
84.701 564.0 
84.584 565.0 
84.724 566.0 
84.712 567.0 
84.607 568.0 
84.736 569.0 
84.642 570.0 
84.782 571.0 
84.677 572.0 
84.595 573.0 
84.689 574.0 
84.654 575.0 
84.771 576.0 
84.654 577.0 
84.689 578.0 
84.794 579.0 
84.701 580.0 
84.771 581.0 
84.724 582.0 
84.724 583.0 
84.759 584.0 
84.841 585.0 
84.771 586.0 
84.665 587.0 
84.736 588.0 
84.689 589.0 
84.771 590.0 
84.677 591.0 
84.759 592.0 
84.665 593.0 
84.712 594.0 
84.677 595.0 
84.759 596.0 
84.654 597.0 
84.724 598.0 
84.665 599.0 
84.736 600.0 
84.829 601.0 
84.689 602.0 
84.794 603.0 
84.701 604.0 
84.782 605.0 
84.665 606.0 
84.736 607.0 
84.63 608.0 
84.701 609.0 
84.782 610.0 
84.724 611.0 
84.829 612.0 
84.677 613.0 
84.736 614.0 
84.642 615.0 
84.712 616.0 
84.759 617.0 
84.619 618.0 
84.782 619.0 
84.525 620.0 
84.712 621.0 
84.747 622.0 
84.619 623.0 
84.712 624.0 
84.806 625.0 
84.642 626.0 
84.736 627.0 
84.782 628.0 
84.677 629.0 
84.724 630.0 
84.806 631.0 
84.665 632.0 
84.712 633.0 
84.806 634.0 
84.654 635.0 
84.759 636.0 
84.794 637.0 
84.665 638.0 
84.724 639.0 
84.782 640.0 
84.642 641.0 
84.701 642.0 
84.759 643.0 
84.607 644.0 
84.689 645.0 
84.724 646.0 
84.782 647.0 
84.642 648.0 
84.701 649.0 
84.782 650.0 
84.642 651.0 
84.701 652.0 
84.724 653.0 
84.759 654.0 
84.63 655.0 
84.677 656.0 
84.701 657.0 
84.759 658.0 
84.689 659.0 
84.712 660.0 
84.771 661.0 
84.782 662.0 
84.654 663.0 
84.701 664.0 
84.771 665.0 
84.794 666.0 
84.642 667.0 
84.689 668.0 
84.747 669.0 
84.806 670.0 
84.665 671.0 
84.701 672.0 
84.724 673.0 
84.747 674.0 
84.747 675.0 
84.63 676.0 
84.712 677.0 
84.712 678.0 
84.736 679.0 
84.806 680.0 
84.63 681.0 
84.63 682.0 
84.701 683.0 
84.724 684.0 
84.806 685.0 
84.829 686.0 
84.63 687.0 
84.665 688.0 
84.712 689.0 
84.759 690.0 
84.782 691.0 
84.794 692.0 
84.595 693.0 
84.642 694.0 
84.701 695.0 
84.712 696.0 
84.736 697.0 
84.759 698.0 
84.549 699.0 
84.63 700.0 
84.701 701.0 
84.677 702.0 
84.724 703.0 
84.747 704.0 
84.759 705.0 
84.782 706.0 
84.654 707.0 
84.642 708.0 
84.689 709.0 
84.677 710.0 
84.736 711.0 
84.771 712.0 
84.771 713.0 
84.771 714.0 
84.665 715.0 
84.63 716.0 
84.642 717.0 
84.689 718.0 
84.701 719.0 
84.724 720.0 
84.701 721.0 
84.724 722.0 
84.759 723.0 
84.782 724.0 
84.771 725.0 
84.642 726.0 
84.63 727.0 
84.63 728.0 
84.677 729.0 
84.712 730.0 
84.736 731.0 
84.712 732.0 
84.724 733.0 
84.724 734.0 
84.736 735.0 
84.782 736.0 
84.794 737.0 
84.759 738.0 
84.514 739.0 
84.595 740.0 
84.607 741.0 
84.595 742.0 
84.63 743.0 
84.654 744.0 
84.63 745.0 
84.677 746.0 
84.677 747.0 
84.654 748.0 
84.701 749.0 
84.677 750.0 
84.712 751.0 
84.665 752.0 
84.701 753.0 
84.712 754.0 
84.665 755.0 
84.701 756.0 
84.677 757.0 
84.712 758.0 
84.724 759.0 
84.689 760.0 
84.724 761.0 
84.701 762.0 
84.724 763.0 
84.724 764.0 
84.712 765.0 
84.747 766.0 
84.747 767.0 
84.759 768.0 
84.759 769.0 
84.736 770.0 
84.747 771.0 
84.736 772.0 
84.724 773.0 
84.701 774.0 
84.724 775.0 
84.747 776.0 
84.724 777.0 
84.701 778.0 
84.701 779.0 
84.712 780.0 
84.689 781.0 
84.701 782.0 
84.759 783.0 
84.724 784.0 
84.736 785.0 
84.712 786.0 
84.724 787.0 
84.736 788.0 
84.747 789.0 
84.724 790.0 
84.724 791.0 
84.724 792.0 
84.712 793.0 
84.712 794.0 
84.665 795.0 
84.689 796.0 
84.701 797.0 
84.677 798.0 
84.712 799.0 
84.677 800.0 
84.724 801.0 
84.712 802.0 
84.701 803.0 
84.701 804.0 
0.013 805.0 
0.005 806.0 
0.008 807.0 
0.007 808.0 
0.001 809.0 
0.0 810.0 
0.004 811.0 
0.016 812.0 
0.0 813.0 
-0.005 814.0 
0.001 815.0 
0.0 816.0 
-0.001 817.0 
-0.011 818.0 
-0.006 819.0 
-0.006 820.0 
-0.006 821.0 
-0.001 822.0 
-0.005 823.0 
-0.016 824.0 
-0.006 825.0 
-0.006 826.0 
-0.008 827.0 
-0.008 828.0 
-0.016 829.0 
