-0.047 257.0 
-0.047 258.0 
-0.038 259.0 
-0.028 260.0 
-0.042 261.0 
-0.05 262.0 
-0.054 263.0 
-0.052 264.0 
-0.032 265.0 
-0.038 266.0 
-0.043 267.0 
-0.019 268.0 
-0.034 269.0 
-0.025 270.0 
-0.008 271.0 
-0.026 272.0 
-0.044 273.0 
-0.037 274.0 
146.731 275.0 
143.729 276.0 
142.538 277.0 
140.973 278.0 
139.303 279.0 
137.142 280.0 
135.367 281.0 
133.031 282.0 
130.321 283.0 
128.674 284.0 
128.301 285.0 
128.044 286.0 
127.833 287.0 
127.565 288.0 
127.308 289.0 
127.051 290.0 
126.514 291.0 
126.327 292.0 
126.081 293.0 
126.0 294.0 
125.474 295.0 
125.346 296.0 
125.264 297.0 
124.668 298.0 
124.481 299.0 
124.4 300.0 
123.862 301.0 
123.816 302.0 
123.313 303.0 
123.267 304.0 
123.15 305.0 
122.566 306.0 
121.316 307.0 
118.98 308.0 
116.072 309.0 
112.218 310.0 
108.422 311.0 
104.182 312.0 
100.188 313.0 
95.96 314.0 
92.082 315.0 
88.274 316.0 
84.584 317.0 
81.395 318.0 
81.313 319.0 
81.127 320.0 
80.239 321.0 
81.021 322.0 
80.846 323.0 
80.951 324.0 
80.881 325.0 
80.729 326.0 
80.893 327.0 
80.811 328.0 
81.01 329.0 
80.963 330.0 
80.835 331.0 
80.905 332.0 
80.975 333.0 
80.823 334.0 
80.858 335.0 
80.916 336.0 
80.893 337.0 
80.811 338.0 
80.94 339.0 
80.835 340.0 
80.87 341.0 
80.788 342.0 
80.975 343.0 
80.835 344.0 
80.835 345.0 
80.811 346.0 
80.788 347.0 
80.8 348.0 
80.916 349.0 
80.881 350.0 
80.87 351.0 
80.928 352.0 
80.823 353.0 
80.765 354.0 
80.928 355.0 
80.87 356.0 
80.928 357.0 
80.87 358.0 
80.928 359.0 
80.846 360.0 
80.893 361.0 
80.823 362.0 
80.835 363.0 
80.811 364.0 
80.846 365.0 
80.846 366.0 
80.858 367.0 
80.846 368.0 
80.881 369.0 
80.835 370.0 
80.905 371.0 
80.916 372.0 
80.916 373.0 
80.916 374.0 
80.94 375.0 
81.185 376.0 
80.788 377.0 
80.846 378.0 
80.811 379.0 
80.858 380.0 
80.8 381.0 
80.928 382.0 
80.846 383.0 
80.835 384.0 
80.835 385.0 
80.905 386.0 
80.846 387.0 
80.776 388.0 
80.881 389.0 
80.905 390.0 
80.893 391.0 
80.835 392.0 
80.928 393.0 
80.741 394.0 
80.881 395.0 
80.975 396.0 
80.8 397.0 
80.87 398.0 
80.765 399.0 
80.8 400.0 
80.893 401.0 
80.87 402.0 
80.951 403.0 
80.893 404.0 
80.858 405.0 
80.741 406.0 
80.835 407.0 
80.835 408.0 
80.858 409.0 
80.788 410.0 
80.846 411.0 
80.893 412.0 
80.951 413.0 
80.916 414.0 
80.8 415.0 
80.916 416.0 
80.835 417.0 
80.951 418.0 
80.846 419.0 
80.811 420.0 
80.835 421.0 
80.881 422.0 
80.87 423.0 
80.823 424.0 
80.846 425.0 
80.87 426.0 
80.905 427.0 
80.835 428.0 
80.846 429.0 
80.765 430.0 
80.87 431.0 
80.916 432.0 
80.893 433.0 
80.765 434.0 
80.811 435.0 
80.858 436.0 
80.905 437.0 
80.729 438.0 
80.811 439.0 
80.846 440.0 
80.823 441.0 
80.776 442.0 
80.823 443.0 
80.788 444.0 
80.788 445.0 
80.765 446.0 
80.893 447.0 
80.916 448.0 
80.905 449.0 
81.173 450.0 
80.811 451.0 
80.811 452.0 
80.823 453.0 
80.8 454.0 
80.905 455.0 
80.741 456.0 
80.823 457.0 
80.765 458.0 
80.893 459.0 
80.858 460.0 
80.835 461.0 
80.776 462.0 
80.893 463.0 
80.858 464.0 
80.823 465.0 
80.905 466.0 
80.858 467.0 
80.765 468.0 
80.893 469.0 
80.823 470.0 
80.823 471.0 
80.835 472.0 
80.951 473.0 
80.846 474.0 
80.94 475.0 
80.835 476.0 
80.776 477.0 
80.835 478.0 
80.741 479.0 
80.823 480.0 
80.916 481.0 
80.823 482.0 
80.893 483.0 
80.776 484.0 
80.846 485.0 
80.753 486.0 
80.811 487.0 
80.905 488.0 
80.835 489.0 
80.87 490.0 
80.881 491.0 
80.893 492.0 
80.846 493.0 
80.858 494.0 
80.8 495.0 
80.753 496.0 
80.858 497.0 
80.87 498.0 
80.753 499.0 
80.765 500.0 
80.8 501.0 
80.87 502.0 
80.706 503.0 
80.753 504.0 
80.811 505.0 
80.788 506.0 
80.741 507.0 
80.893 508.0 
80.741 509.0 
80.788 510.0 
80.776 511.0 
80.811 512.0 
80.858 513.0 
80.87 514.0 
80.846 515.0 
80.881 516.0 
81.08 517.0 
80.624 518.0 
80.683 519.0 
80.694 520.0 
80.694 521.0 
80.729 522.0 
80.729 523.0 
80.729 524.0 
80.694 525.0 
80.729 526.0 
80.729 527.0 
80.648 528.0 
80.659 529.0 
80.671 530.0 
80.683 531.0 
80.8 532.0 
80.765 533.0 
80.718 534.0 
80.753 535.0 
80.694 536.0 
80.694 537.0 
80.601 538.0 
80.508 539.0 
80.531 540.0 
80.659 541.0 
80.554 542.0 
80.519 543.0 
80.461 544.0 
80.437 545.0 
80.391 546.0 
80.554 547.0 
80.508 548.0 
80.437 549.0 
80.379 550.0 
80.297 551.0 
80.437 552.0 
80.391 553.0 
80.356 554.0 
80.309 555.0 
80.449 556.0 
80.391 557.0 
80.321 558.0 
80.017 559.0 
80.414 560.0 
80.344 561.0 
80.321 562.0 
80.414 563.0 
80.356 564.0 
80.251 565.0 
80.414 566.0 
80.414 567.0 
80.286 568.0 
80.379 569.0 
80.321 570.0 
80.426 571.0 
80.367 572.0 
80.286 573.0 
80.379 574.0 
80.309 575.0 
80.449 576.0 
80.344 577.0 
80.344 578.0 
80.402 579.0 
80.391 580.0 
80.437 581.0 
80.402 582.0 
80.391 583.0 
80.402 584.0 
79.9 585.0 
80.391 586.0 
80.344 587.0 
80.437 588.0 
80.344 589.0 
80.461 590.0 
80.344 591.0 
80.437 592.0 
80.344 593.0 
80.344 594.0 
80.344 595.0 
80.391 596.0 
80.344 597.0 
80.414 598.0 
80.321 599.0 
80.426 600.0 
80.484 601.0 
80.391 602.0 
80.473 603.0 
80.379 604.0 
80.449 605.0 
80.344 606.0 
80.437 607.0 
80.344 608.0 
80.391 609.0 
80.496 610.0 
80.379 611.0 
80.414 612.0 
80.356 613.0 
80.379 614.0 
80.321 615.0 
80.391 616.0 
80.508 617.0 
80.262 618.0 
80.391 619.0 
79.982 620.0 
80.367 621.0 
80.402 622.0 
80.367 623.0 
80.391 624.0 
80.484 625.0 
80.321 626.0 
80.391 627.0 
80.484 628.0 
80.344 629.0 
80.437 630.0 
80.461 631.0 
80.332 632.0 
80.414 633.0 
80.461 634.0 
80.391 635.0 
80.437 636.0 
80.449 637.0 
80.344 638.0 
80.367 639.0 
80.461 640.0 
80.332 641.0 
80.414 642.0 
80.449 643.0 
80.309 644.0 
80.332 645.0 
80.391 646.0 
80.437 647.0 
80.321 648.0 
80.356 649.0 
80.437 650.0 
80.309 651.0 
80.321 652.0 
80.391 653.0 
80.461 654.0 
80.321 655.0 
80.356 656.0 
80.391 657.0 
80.426 658.0 
80.332 659.0 
80.414 660.0 
80.461 661.0 
80.496 662.0 
80.309 663.0 
80.402 664.0 
80.426 665.0 
80.473 666.0 
80.309 667.0 
80.391 668.0 
80.437 669.0 
80.496 670.0 
80.297 671.0 
80.367 672.0 
80.356 673.0 
80.391 674.0 
80.402 675.0 
80.297 676.0 
80.321 677.0 
80.402 678.0 
80.379 679.0 
80.461 680.0 
80.321 681.0 
80.321 682.0 
80.332 683.0 
80.414 684.0 
80.449 685.0 
80.449 686.0 
80.309 687.0 
80.321 688.0 
80.379 689.0 
80.426 690.0 
80.461 691.0 
80.461 692.0 
80.297 693.0 
80.332 694.0 
80.367 695.0 
80.402 696.0 
80.402 697.0 
80.449 698.0 
80.169 699.0 
80.309 700.0 
80.344 701.0 
80.379 702.0 
80.391 703.0 
80.391 704.0 
80.426 705.0 
80.484 706.0 
80.297 707.0 
80.297 708.0 
80.356 709.0 
80.402 710.0 
80.379 711.0 
80.449 712.0 
80.426 713.0 
80.449 714.0 
80.344 715.0 
80.321 716.0 
80.332 717.0 
80.332 718.0 
80.356 719.0 
80.356 720.0 
80.391 721.0 
80.414 722.0 
80.461 723.0 
80.437 724.0 
80.461 725.0 
80.274 726.0 
80.286 727.0 
80.344 728.0 
80.344 729.0 
80.379 730.0 
80.402 731.0 
80.414 732.0 
80.402 733.0 
80.426 734.0 
80.437 735.0 
80.449 736.0 
80.437 737.0 
80.437 738.0 
80.192 739.0 
80.274 740.0 
80.286 741.0 
80.297 742.0 
80.309 743.0 
80.321 744.0 
80.344 745.0 
80.286 746.0 
80.321 747.0 
80.344 748.0 
80.332 749.0 
80.356 750.0 
80.367 751.0 
80.391 752.0 
80.367 753.0 
80.332 754.0 
80.367 755.0 
80.332 756.0 
80.379 757.0 
80.379 758.0 
80.379 759.0 
80.391 760.0 
80.379 761.0 
80.379 762.0 
80.402 763.0 
80.414 764.0 
80.379 765.0 
80.391 766.0 
80.426 767.0 
80.414 768.0 
80.402 769.0 
80.414 770.0 
80.379 771.0 
80.402 772.0 
80.402 773.0 
80.426 774.0 
80.414 775.0 
80.414 776.0 
80.414 777.0 
80.379 778.0 
80.391 779.0 
80.402 780.0 
80.344 781.0 
80.391 782.0 
80.391 783.0 
80.379 784.0 
80.379 785.0 
80.367 786.0 
80.391 787.0 
80.426 788.0 
80.426 789.0 
80.402 790.0 
80.414 791.0 
80.402 792.0 
80.379 793.0 
80.402 794.0 
80.391 795.0 
80.414 796.0 
80.414 797.0 
80.356 798.0 
80.356 799.0 
80.356 800.0 
80.367 801.0 
80.391 802.0 
80.356 803.0 
80.379 804.0 
0.005 805.0 
0.007 806.0 
-0.004 807.0 
-0.005 808.0 
-0.007 809.0 
-0.001 810.0 
-0.006 811.0 
-0.013 812.0 
-0.018 813.0 
-0.016 814.0 
-0.024 815.0 
-0.035 816.0 
-0.035 817.0 
-0.034 818.0 
-0.04 819.0 
-0.032 820.0 
-0.036 821.0 
-0.03 822.0 
-0.03 823.0 
-0.028 824.0 
-0.019 825.0 
-0.028 826.0 
-0.022 827.0 
-0.02 828.0 
-0.012 829.0 
