-0.025 257.0 
-0.019 258.0 
-0.097 259.0 
-0.043 260.0 
-0.046 261.0 
-0.041 262.0 
-0.06 263.0 
-0.031 264.0 
-0.047 265.0 
-0.048 266.0 
-0.047 267.0 
-0.037 268.0 
-0.028 269.0 
-0.043 270.0 
-0.048 271.0 
-0.056 272.0 
-0.031 273.0 
-0.037 274.0 
146.346 275.0 
143.099 276.0 
141.896 277.0 
140.26 278.0 
138.567 279.0 
136.336 280.0 
134.409 281.0 
132.05 282.0 
128.581 283.0 
127.249 284.0 
126.817 285.0 
126.502 286.0 
126.187 287.0 
125.895 288.0 
125.603 289.0 
125.544 290.0 
124.75 291.0 
124.528 292.0 
124.259 293.0 
124.026 294.0 
123.722 295.0 
123.5 296.0 
123.407 297.0 
122.823 298.0 
122.624 299.0 
122.519 300.0 
122.017 301.0 
121.912 302.0 
121.363 303.0 
121.258 304.0 
121.375 305.0 
120.405 306.0 
119.039 307.0 
116.644 308.0 
113.783 309.0 
109.94 310.0 
105.957 311.0 
101.531 312.0 
97.665 313.0 
93.694 314.0 
89.886 315.0 
85.717 316.0 
82.295 317.0 
79.433 318.0 
79.281 319.0 
79.036 320.0 
78.872 321.0 
78.872 322.0 
78.802 323.0 
78.814 324.0 
78.744 325.0 
78.615 326.0 
78.756 327.0 
78.686 328.0 
78.802 329.0 
78.756 330.0 
78.674 331.0 
78.872 332.0 
78.767 333.0 
78.686 334.0 
78.697 335.0 
78.709 336.0 
78.791 337.0 
78.674 338.0 
79.164 339.0 
78.674 340.0 
78.744 341.0 
78.697 342.0 
78.837 343.0 
78.721 344.0 
78.686 345.0 
78.686 346.0 
78.662 347.0 
78.592 348.0 
78.732 349.0 
78.744 350.0 
78.662 351.0 
78.756 352.0 
78.721 353.0 
78.627 354.0 
78.627 355.0 
78.697 356.0 
78.779 357.0 
78.744 358.0 
78.837 359.0 
78.732 360.0 
78.756 361.0 
78.697 362.0 
78.721 363.0 
78.686 364.0 
78.674 365.0 
78.732 366.0 
78.732 367.0 
78.65 368.0 
78.709 369.0 
78.721 370.0 
78.732 371.0 
78.767 372.0 
78.744 373.0 
78.756 374.0 
78.756 375.0 
79.013 376.0 
78.662 377.0 
78.732 378.0 
78.697 379.0 
78.686 380.0 
78.709 381.0 
78.826 382.0 
78.709 383.0 
78.709 384.0 
78.721 385.0 
78.767 386.0 
78.686 387.0 
78.639 388.0 
78.756 389.0 
78.756 390.0 
78.686 391.0 
78.697 392.0 
78.767 393.0 
78.639 394.0 
78.721 395.0 
78.802 396.0 
78.639 397.0 
78.709 398.0 
78.58 399.0 
78.662 400.0 
78.721 401.0 
78.744 402.0 
78.814 403.0 
78.779 404.0 
78.721 405.0 
78.639 406.0 
78.662 407.0 
78.686 408.0 
78.674 409.0 
78.627 410.0 
78.721 411.0 
78.779 412.0 
79.118 413.0 
78.779 414.0 
78.627 415.0 
78.732 416.0 
78.627 417.0 
78.791 418.0 
78.767 419.0 
78.65 420.0 
78.721 421.0 
78.721 422.0 
78.779 423.0 
78.697 424.0 
78.662 425.0 
78.709 426.0 
78.744 427.0 
78.674 428.0 
78.662 429.0 
78.65 430.0 
78.732 431.0 
78.744 432.0 
78.767 433.0 
78.639 434.0 
78.662 435.0 
78.709 436.0 
78.721 437.0 
78.674 438.0 
78.686 439.0 
78.662 440.0 
78.697 441.0 
78.662 442.0 
78.686 443.0 
78.709 444.0 
78.674 445.0 
78.639 446.0 
78.767 447.0 
78.744 448.0 
78.744 449.0 
79.083 450.0 
78.697 451.0 
78.674 452.0 
78.65 453.0 
78.627 454.0 
78.697 455.0 
78.721 456.0 
78.674 457.0 
78.662 458.0 
78.732 459.0 
78.767 460.0 
78.697 461.0 
78.65 462.0 
78.779 463.0 
78.732 464.0 
78.709 465.0 
78.779 466.0 
78.674 467.0 
78.639 468.0 
78.721 469.0 
78.686 470.0 
78.662 471.0 
78.65 472.0 
78.627 473.0 
78.709 474.0 
78.779 475.0 
78.697 476.0 
78.639 477.0 
78.709 478.0 
78.604 479.0 
78.697 480.0 
78.756 481.0 
78.686 482.0 
78.767 483.0 
78.65 484.0 
78.744 485.0 
78.662 486.0 
78.569 487.0 
78.732 488.0 
78.674 489.0 
78.686 490.0 
78.744 491.0 
78.674 492.0 
78.697 493.0 
78.732 494.0 
78.615 495.0 
78.639 496.0 
78.709 497.0 
78.732 498.0 
78.639 499.0 
78.65 500.0 
78.686 501.0 
78.732 502.0 
78.604 503.0 
78.639 504.0 
78.662 505.0 
78.674 506.0 
78.627 507.0 
78.756 508.0 
78.58 509.0 
78.604 510.0 
78.65 511.0 
78.65 512.0 
78.697 513.0 
78.697 514.0 
78.697 515.0 
78.732 516.0 
78.732 517.0 
78.51 518.0 
78.51 519.0 
78.557 520.0 
78.58 521.0 
78.592 522.0 
78.615 523.0 
78.604 524.0 
78.58 525.0 
78.557 526.0 
78.51 527.0 
78.487 528.0 
78.534 529.0 
78.499 530.0 
78.487 531.0 
78.592 532.0 
78.592 533.0 
78.545 534.0 
78.604 535.0 
78.534 536.0 
78.499 537.0 
78.359 538.0 
78.394 539.0 
78.335 540.0 
78.44 541.0 
78.347 542.0 
78.359 543.0 
78.277 544.0 
78.218 545.0 
78.172 546.0 
78.265 547.0 
78.23 548.0 
78.172 549.0 
78.113 550.0 
78.067 551.0 
78.207 552.0 
78.148 553.0 
78.09 554.0 
78.031 555.0 
78.172 556.0 
78.183 557.0 
78.102 558.0 
77.798 559.0 
78.137 560.0 
78.102 561.0 
78.055 562.0 
78.16 563.0 
78.078 564.0 
77.996 565.0 
78.125 566.0 
78.137 567.0 
78.02 568.0 
78.102 569.0 
78.055 570.0 
78.183 571.0 
78.113 572.0 
78.055 573.0 
78.137 574.0 
78.078 575.0 
78.195 576.0 
78.125 577.0 
78.09 578.0 
78.195 579.0 
78.16 580.0 
78.218 581.0 
78.148 582.0 
78.218 583.0 
78.172 584.0 
77.856 585.0 
78.172 586.0 
78.09 587.0 
78.172 588.0 
78.102 589.0 
78.16 590.0 
78.102 591.0 
78.195 592.0 
78.113 593.0 
78.125 594.0 
78.09 595.0 
78.137 596.0 
78.078 597.0 
78.125 598.0 
78.09 599.0 
78.148 600.0 
78.23 601.0 
78.148 602.0 
78.218 603.0 
78.125 604.0 
78.207 605.0 
78.055 606.0 
78.172 607.0 
78.078 608.0 
78.125 609.0 
78.207 610.0 
78.16 611.0 
78.172 612.0 
78.078 613.0 
78.172 614.0 
78.055 615.0 
78.067 616.0 
78.207 617.0 
78.078 618.0 
78.172 619.0 
77.961 620.0 
78.125 621.0 
78.183 622.0 
78.125 623.0 
78.148 624.0 
78.23 625.0 
78.09 626.0 
78.148 627.0 
78.23 628.0 
78.055 629.0 
78.137 630.0 
78.218 631.0 
78.055 632.0 
78.16 633.0 
78.475 634.0 
78.113 635.0 
78.172 636.0 
78.207 637.0 
78.113 638.0 
78.16 639.0 
78.218 640.0 
78.113 641.0 
78.113 642.0 
78.16 643.0 
78.067 644.0 
78.113 645.0 
78.137 646.0 
78.218 647.0 
78.09 648.0 
78.102 649.0 
78.172 650.0 
78.043 651.0 
78.043 652.0 
78.172 653.0 
78.207 654.0 
78.031 655.0 
78.055 656.0 
78.137 657.0 
78.195 658.0 
78.113 659.0 
78.148 660.0 
78.183 661.0 
78.183 662.0 
78.09 663.0 
78.148 664.0 
78.183 665.0 
78.218 666.0 
78.055 667.0 
78.113 668.0 
78.137 669.0 
78.207 670.0 
78.055 671.0 
78.113 672.0 
78.16 673.0 
78.16 674.0 
78.148 675.0 
78.055 676.0 
78.113 677.0 
78.125 678.0 
78.195 679.0 
78.218 680.0 
78.067 681.0 
78.113 682.0 
78.172 683.0 
78.183 684.0 
78.207 685.0 
78.242 686.0 
78.078 687.0 
78.09 688.0 
78.148 689.0 
78.16 690.0 
78.207 691.0 
78.253 692.0 
78.055 693.0 
78.09 694.0 
78.078 695.0 
78.137 696.0 
78.207 697.0 
78.183 698.0 
77.95 699.0 
78.067 700.0 
78.113 701.0 
78.125 702.0 
78.148 703.0 
78.195 704.0 
78.172 705.0 
78.207 706.0 
78.055 707.0 
78.067 708.0 
78.102 709.0 
78.102 710.0 
78.148 711.0 
78.195 712.0 
78.16 713.0 
78.207 714.0 
78.078 715.0 
78.043 716.0 
78.078 717.0 
78.102 718.0 
78.113 719.0 
78.137 720.0 
78.137 721.0 
78.137 722.0 
78.183 723.0 
78.195 724.0 
78.253 725.0 
78.043 726.0 
78.031 727.0 
78.078 728.0 
78.09 729.0 
78.113 730.0 
78.125 731.0 
78.148 732.0 
78.148 733.0 
78.125 734.0 
78.16 735.0 
78.195 736.0 
78.195 737.0 
78.172 738.0 
77.973 739.0 
78.02 740.0 
78.043 741.0 
78.043 742.0 
78.055 743.0 
78.078 744.0 
78.067 745.0 
78.09 746.0 
78.055 747.0 
78.113 748.0 
78.09 749.0 
78.078 750.0 
78.09 751.0 
78.113 752.0 
78.172 753.0 
78.102 754.0 
78.125 755.0 
78.113 756.0 
78.148 757.0 
78.137 758.0 
78.125 759.0 
78.16 760.0 
78.16 761.0 
78.113 762.0 
78.148 763.0 
78.183 764.0 
78.195 765.0 
78.125 766.0 
78.183 767.0 
78.16 768.0 
78.125 769.0 
78.148 770.0 
78.137 771.0 
78.137 772.0 
78.16 773.0 
78.137 774.0 
78.113 775.0 
78.102 776.0 
78.148 777.0 
78.137 778.0 
78.148 779.0 
78.16 780.0 
78.137 781.0 
78.125 782.0 
78.172 783.0 
78.125 784.0 
78.113 785.0 
78.137 786.0 
78.148 787.0 
78.148 788.0 
78.125 789.0 
78.137 790.0 
78.148 791.0 
78.148 792.0 
78.137 793.0 
78.125 794.0 
78.148 795.0 
78.137 796.0 
78.148 797.0 
78.148 798.0 
78.125 799.0 
78.125 800.0 
78.113 801.0 
78.125 802.0 
78.113 803.0 
78.113 804.0 
-0.002 805.0 
-0.001 806.0 
-0.002 807.0 
-0.001 808.0 
0.007 809.0 
-0.004 810.0 
-0.006 811.0 
-0.011 812.0 
-0.004 813.0 
0.004 814.0 
0.0 815.0 
-0.002 816.0 
-0.008 817.0 
-0.007 818.0 
-0.008 819.0 
-0.013 820.0 
-0.016 821.0 
-0.01 822.0 
-0.012 823.0 
-0.008 824.0 
-0.013 825.0 
-0.028 826.0 
-0.03 827.0 
-0.026 828.0 
-0.019 829.0 
