-0.023 257.0 
-0.038 258.0 
-0.035 259.0 
-0.04 260.0 
-0.05 261.0 
-0.044 262.0 
-0.061 263.0 
-0.056 264.0 
-0.044 265.0 
-0.035 266.0 
-0.043 267.0 
-0.049 268.0 
-0.054 269.0 
-0.028 270.0 
-0.05 271.0 
-0.067 272.0 
-0.019 273.0 
-0.026 274.0 
140.576 275.0 
137.539 276.0 
136.383 277.0 
134.958 278.0 
133.393 279.0 
131.559 280.0 
129.959 281.0 
127.763 282.0 
124.516 283.0 
123.056 284.0 
122.729 285.0 
122.472 286.0 
122.379 287.0 
122.192 288.0 
121.958 289.0 
121.328 290.0 
121.269 291.0 
121.141 292.0 
120.989 293.0 
120.685 294.0 
120.452 295.0 
120.393 296.0 
120.37 297.0 
119.891 298.0 
119.716 299.0 
119.588 300.0 
119.261 301.0 
119.214 302.0 
118.782 303.0 
118.677 304.0 
118.478 305.0 
118.046 306.0 
117.1 307.0 
115.184 308.0 
112.93 309.0 
109.928 310.0 
106.915 311.0 
103.365 312.0 
99.884 313.0 
95.89 314.0 
92.094 315.0 
88.064 316.0 
84.572 317.0 
81.22 318.0 
80.975 319.0 
80.706 320.0 
80.566 321.0 
80.636 322.0 
80.473 323.0 
80.496 324.0 
80.484 325.0 
80.379 326.0 
80.461 327.0 
80.402 328.0 
80.473 329.0 
80.496 330.0 
80.414 331.0 
80.589 332.0 
80.519 333.0 
80.449 334.0 
80.379 335.0 
80.508 336.0 
80.519 337.0 
80.367 338.0 
80.636 339.0 
80.437 340.0 
80.449 341.0 
80.367 342.0 
80.601 343.0 
80.437 344.0 
80.414 345.0 
80.379 346.0 
80.344 347.0 
80.391 348.0 
80.473 349.0 
80.473 350.0 
80.449 351.0 
80.473 352.0 
80.414 353.0 
80.367 354.0 
80.379 355.0 
80.437 356.0 
80.508 357.0 
80.437 358.0 
80.496 359.0 
80.461 360.0 
80.461 361.0 
80.367 362.0 
80.426 363.0 
80.344 364.0 
80.391 365.0 
80.426 366.0 
80.426 367.0 
80.356 368.0 
80.402 369.0 
80.414 370.0 
80.473 371.0 
80.426 372.0 
80.461 373.0 
80.484 374.0 
80.508 375.0 
80.636 376.0 
80.379 377.0 
80.473 378.0 
80.402 379.0 
80.426 380.0 
80.414 381.0 
80.461 382.0 
80.414 383.0 
80.379 384.0 
80.356 385.0 
80.473 386.0 
80.356 387.0 
80.356 388.0 
80.437 389.0 
80.449 390.0 
80.426 391.0 
80.379 392.0 
80.437 393.0 
80.309 394.0 
80.437 395.0 
80.519 396.0 
80.356 397.0 
80.449 398.0 
80.262 399.0 
80.332 400.0 
80.496 401.0 
80.426 402.0 
80.473 403.0 
80.437 404.0 
80.379 405.0 
80.332 406.0 
80.391 407.0 
80.344 408.0 
80.402 409.0 
80.344 410.0 
80.379 411.0 
80.461 412.0 
80.788 413.0 
80.461 414.0 
80.379 415.0 
80.437 416.0 
80.367 417.0 
80.473 418.0 
80.437 419.0 
80.344 420.0 
80.402 421.0 
80.414 422.0 
80.461 423.0 
80.367 424.0 
80.379 425.0 
80.414 426.0 
80.461 427.0 
80.391 428.0 
80.367 429.0 
80.367 430.0 
80.449 431.0 
80.437 432.0 
80.437 433.0 
80.332 434.0 
80.344 435.0 
80.367 436.0 
80.426 437.0 
80.402 438.0 
80.321 439.0 
80.379 440.0 
80.379 441.0 
80.344 442.0 
80.356 443.0 
80.356 444.0 
80.344 445.0 
80.321 446.0 
80.461 447.0 
80.461 448.0 
80.414 449.0 
80.706 450.0 
80.367 451.0 
80.379 452.0 
80.321 453.0 
80.309 454.0 
80.414 455.0 
80.239 456.0 
80.367 457.0 
80.344 458.0 
80.449 459.0 
80.437 460.0 
80.356 461.0 
80.367 462.0 
80.414 463.0 
80.391 464.0 
80.391 465.0 
80.437 466.0 
80.379 467.0 
80.309 468.0 
80.426 469.0 
80.379 470.0 
80.356 471.0 
80.367 472.0 
80.309 473.0 
80.367 474.0 
80.473 475.0 
80.379 476.0 
80.321 477.0 
80.391 478.0 
80.286 479.0 
80.367 480.0 
80.437 481.0 
80.332 482.0 
80.414 483.0 
80.332 484.0 
80.367 485.0 
80.309 486.0 
80.286 487.0 
80.426 488.0 
80.356 489.0 
80.356 490.0 
80.391 491.0 
80.379 492.0 
80.367 493.0 
80.402 494.0 
80.344 495.0 
80.309 496.0 
80.391 497.0 
80.426 498.0 
80.286 499.0 
80.309 500.0 
80.356 501.0 
80.402 502.0 
80.262 503.0 
80.321 504.0 
80.297 505.0 
80.356 506.0 
80.297 507.0 
80.391 508.0 
80.297 509.0 
80.309 510.0 
80.297 511.0 
80.344 512.0 
80.356 513.0 
80.367 514.0 
80.414 515.0 
80.426 516.0 
80.671 517.0 
80.181 518.0 
80.192 519.0 
80.239 520.0 
80.251 521.0 
80.251 522.0 
80.251 523.0 
80.239 524.0 
80.227 525.0 
80.216 526.0 
80.192 527.0 
80.157 528.0 
80.192 529.0 
80.181 530.0 
80.192 531.0 
80.344 532.0 
80.297 533.0 
80.239 534.0 
80.251 535.0 
80.239 536.0 
80.216 537.0 
80.075 538.0 
80.11 539.0 
80.075 540.0 
80.192 541.0 
80.11 542.0 
80.087 543.0 
80.075 544.0 
80.029 545.0 
79.982 546.0 
80.099 547.0 
80.017 548.0 
79.982 549.0 
79.924 550.0 
79.9 551.0 
80.017 552.0 
79.994 553.0 
79.924 554.0 
79.924 555.0 
80.029 556.0 
79.97 557.0 
79.924 558.0 
79.678 559.0 
80.017 560.0 
79.924 561.0 
79.877 562.0 
79.959 563.0 
79.935 564.0 
79.842 565.0 
80.005 566.0 
79.994 567.0 
79.865 568.0 
79.959 569.0 
79.912 570.0 
80.017 571.0 
79.935 572.0 
79.924 573.0 
79.97 574.0 
79.924 575.0 
80.017 576.0 
79.959 577.0 
79.959 578.0 
79.982 579.0 
79.924 580.0 
80.029 581.0 
79.97 582.0 
79.982 583.0 
79.959 584.0 
80.075 585.0 
80.005 586.0 
79.935 587.0 
80.005 588.0 
79.935 589.0 
80.029 590.0 
79.924 591.0 
80.04 592.0 
79.947 593.0 
80.017 594.0 
79.912 595.0 
79.97 596.0 
79.947 597.0 
80.029 598.0 
79.912 599.0 
79.959 600.0 
80.099 601.0 
79.982 602.0 
80.064 603.0 
79.947 604.0 
80.04 605.0 
79.924 606.0 
79.994 607.0 
79.877 608.0 
79.97 609.0 
80.052 610.0 
79.935 611.0 
80.04 612.0 
79.947 613.0 
80.029 614.0 
79.924 615.0 
79.959 616.0 
80.087 617.0 
79.877 618.0 
79.97 619.0 
79.702 620.0 
79.97 621.0 
80.017 622.0 
79.9 623.0 
79.947 624.0 
80.04 625.0 
79.912 626.0 
80.005 627.0 
80.017 628.0 
79.959 629.0 
80.029 630.0 
80.064 631.0 
79.9 632.0 
80.017 633.0 
80.029 634.0 
79.935 635.0 
80.017 636.0 
80.064 637.0 
79.912 638.0 
79.947 639.0 
80.017 640.0 
79.889 641.0 
79.97 642.0 
80.04 643.0 
79.912 644.0 
79.935 645.0 
79.97 646.0 
80.04 647.0 
79.889 648.0 
79.947 649.0 
80.029 650.0 
79.877 651.0 
79.9 652.0 
79.97 653.0 
80.04 654.0 
79.924 655.0 
79.947 656.0 
80.017 657.0 
80.064 658.0 
79.924 659.0 
79.947 660.0 
79.994 661.0 
80.052 662.0 
79.935 663.0 
79.982 664.0 
80.029 665.0 
80.04 666.0 
79.912 667.0 
79.959 668.0 
80.029 669.0 
80.052 670.0 
79.9 671.0 
79.947 672.0 
79.97 673.0 
80.017 674.0 
79.982 675.0 
79.9 676.0 
79.947 677.0 
79.97 678.0 
79.982 679.0 
80.04 680.0 
79.877 681.0 
79.877 682.0 
79.97 683.0 
79.982 684.0 
80.029 685.0 
80.075 686.0 
79.865 687.0 
79.924 688.0 
79.959 689.0 
79.982 690.0 
80.04 691.0 
80.075 692.0 
79.889 693.0 
79.912 694.0 
79.97 695.0 
80.005 696.0 
80.005 697.0 
80.017 698.0 
79.783 699.0 
79.865 700.0 
79.9 701.0 
79.947 702.0 
79.982 703.0 
79.959 704.0 
79.982 705.0 
80.052 706.0 
79.865 707.0 
79.889 708.0 
79.924 709.0 
79.935 710.0 
79.97 711.0 
79.982 712.0 
80.017 713.0 
80.04 714.0 
80.04 715.0 
79.9 716.0 
79.924 717.0 
79.924 718.0 
79.959 719.0 
79.959 720.0 
79.994 721.0 
80.005 722.0 
80.029 723.0 
80.017 724.0 
80.052 725.0 
79.865 726.0 
79.889 727.0 
79.889 728.0 
79.947 729.0 
79.959 730.0 
79.97 731.0 
79.982 732.0 
80.005 733.0 
79.994 734.0 
80.017 735.0 
80.064 736.0 
80.04 737.0 
80.052 738.0 
79.807 739.0 
79.854 740.0 
79.889 741.0 
79.842 742.0 
79.877 743.0 
79.9 744.0 
79.924 745.0 
79.9 746.0 
79.912 747.0 
79.912 748.0 
79.935 749.0 
79.935 750.0 
79.947 751.0 
79.959 752.0 
79.947 753.0 
79.924 754.0 
79.947 755.0 
79.924 756.0 
79.97 757.0 
79.982 758.0 
79.97 759.0 
79.982 760.0 
79.959 761.0 
79.947 762.0 
79.959 763.0 
79.97 764.0 
79.982 765.0 
79.994 766.0 
79.959 767.0 
80.005 768.0 
79.994 769.0 
79.994 770.0 
79.959 771.0 
80.005 772.0 
79.982 773.0 
79.97 774.0 
80.005 775.0 
79.982 776.0 
79.982 777.0 
79.982 778.0 
79.97 779.0 
79.982 780.0 
79.959 781.0 
79.982 782.0 
79.982 783.0 
79.959 784.0 
79.959 785.0 
79.959 786.0 
79.947 787.0 
79.994 788.0 
79.97 789.0 
80.005 790.0 
79.959 791.0 
79.947 792.0 
79.959 793.0 
79.97 794.0 
79.994 795.0 
79.994 796.0 
80.005 797.0 
79.994 798.0 
79.97 799.0 
79.982 800.0 
79.982 801.0 
79.97 802.0 
80.005 803.0 
79.959 804.0 
0.001 805.0 
0.0 806.0 
0.0 807.0 
-0.001 808.0 
-0.001 809.0 
0.0 810.0 
0.007 811.0 
0.004 812.0 
-0.002 813.0 
0.0 814.0 
0.001 815.0 
-0.001 816.0 
-0.008 817.0 
0.006 818.0 
-0.006 819.0 
-0.017 820.0 
-0.011 821.0 
-0.007 822.0 
-0.016 823.0 
-0.028 824.0 
-0.017 825.0 
-0.016 826.0 
-0.023 827.0 
-0.023 828.0 
-0.024 829.0 
