-0.056 257.0 
-0.04 258.0 
-0.073 259.0 
-0.04 260.0 
-0.008 261.0 
-0.044 262.0 
-0.067 263.0 
-0.049 264.0 
-0.032 265.0 
-0.011 266.0 
-0.038 267.0 
-0.046 268.0 
-0.037 269.0 
-0.049 270.0 
-0.056 271.0 
-0.023 272.0 
-0.038 273.0 
-0.054 274.0 
262.965 275.0 
258.787 276.0 
257.278 277.0 
255.654 278.0 
253.797 279.0 
251.824 280.0 
250.083 281.0 
251.476 282.0 
245.557 283.0 
245.557 284.0 
245.325 285.0 
245.093 286.0 
244.745 287.0 
244.513 288.0 
244.397 289.0 
244.629 290.0 
243.585 291.0 
243.353 292.0 
243.12 293.0 
242.192 294.0 
242.772 295.0 
242.308 296.0 
242.772 297.0 
242.076 298.0 
241.844 299.0 
242.656 300.0 
241.844 301.0 
241.844 302.0 
240.683 303.0 
241.264 304.0 
241.728 305.0 
241.612 306.0 
241.148 307.0 
240.683 308.0 
241.264 309.0 
240.799 310.0 
240.799 311.0 
240.683 312.0 
240.799 313.0 
240.451 314.0 
241.032 315.0 
240.451 316.0 
240.799 317.0 
240.335 318.0 
240.683 319.0 
240.916 320.0 
238.479 321.0 
240.683 322.0 
239.987 323.0 
240.451 324.0 
240.451 325.0 
241.148 326.0 
240.335 327.0 
240.103 328.0 
245.441 329.0 
240.335 330.0 
240.219 331.0 
243.004 332.0 
240.916 333.0 
240.335 334.0 
240.683 335.0 
240.683 336.0 
240.335 337.0 
240.103 338.0 
243.236 339.0 
240.567 340.0 
240.567 341.0 
240.219 342.0 
234.997 343.0 
240.103 344.0 
240.451 345.0 
240.103 346.0 
240.103 347.0 
237.666 348.0 
240.219 349.0 
239.871 350.0 
240.103 351.0 
240.335 352.0 
240.335 353.0 
238.827 354.0 
238.595 355.0 
240.567 356.0 
240.683 357.0 
240.219 358.0 
240.683 359.0 
240.335 360.0 
240.567 361.0 
240.219 362.0 
239.871 363.0 
240.103 364.0 
240.219 365.0 
240.219 366.0 
240.451 367.0 
240.219 368.0 
240.335 369.0 
240.335 370.0 
240.219 371.0 
240.219 372.0 
240.451 373.0 
240.683 374.0 
240.683 375.0 
242.424 376.0 
239.523 377.0 
240.335 378.0 
240.219 379.0 
240.335 380.0 
240.799 381.0 
240.683 382.0 
240.219 383.0 
240.219 384.0 
240.219 385.0 
240.683 386.0 
239.523 387.0 
239.987 388.0 
240.335 389.0 
240.335 390.0 
240.683 391.0 
240.219 392.0 
240.799 393.0 
240.335 394.0 
240.683 395.0 
240.567 396.0 
239.987 397.0 
240.219 398.0 
239.523 399.0 
240.451 400.0 
240.567 401.0 
240.219 402.0 
240.219 403.0 
240.103 404.0 
240.103 405.0 
240.103 406.0 
240.103 407.0 
240.219 408.0 
240.219 409.0 
239.987 410.0 
240.219 411.0 
240.451 412.0 
241.264 413.0 
240.451 414.0 
240.103 415.0 
240.451 416.0 
240.335 417.0 
240.683 418.0 
240.451 419.0 
240.219 420.0 
240.103 421.0 
240.451 422.0 
240.219 423.0 
240.103 424.0 
239.639 425.0 
240.335 426.0 
240.451 427.0 
240.103 428.0 
239.871 429.0 
239.987 430.0 
240.451 431.0 
240.335 432.0 
240.567 433.0 
240.103 434.0 
240.567 435.0 
240.451 436.0 
240.683 437.0 
240.219 438.0 
239.755 439.0 
240.103 440.0 
240.335 441.0 
239.987 442.0 
240.451 443.0 
240.219 444.0 
240.335 445.0 
240.335 446.0 
240.219 447.0 
240.219 448.0 
240.103 449.0 
240.451 450.0 
240.103 451.0 
240.335 452.0 
240.451 453.0 
240.103 454.0 
240.567 455.0 
239.871 456.0 
240.219 457.0 
240.335 458.0 
240.451 459.0 
240.683 460.0 
240.335 461.0 
240.335 462.0 
240.567 463.0 
240.103 464.0 
240.451 465.0 
240.567 466.0 
240.451 467.0 
240.103 468.0 
240.567 469.0 
240.103 470.0 
240.335 471.0 
240.451 472.0 
238.595 473.0 
240.451 474.0 
240.683 475.0 
240.451 476.0 
240.219 477.0 
240.567 478.0 
240.103 479.0 
240.683 480.0 
240.799 481.0 
240.219 482.0 
240.451 483.0 
239.871 484.0 
240.103 485.0 
239.871 486.0 
240.103 487.0 
240.567 488.0 
240.103 489.0 
240.451 490.0 
240.335 491.0 
240.451 492.0 
240.219 493.0 
240.567 494.0 
240.335 495.0 
239.871 496.0 
240.335 497.0 
240.567 498.0 
240.451 499.0 
239.987 500.0 
240.683 501.0 
240.335 502.0 
239.755 503.0 
239.871 504.0 
240.335 505.0 
240.103 506.0 
236.738 507.0 
243.585 508.0 
240.219 509.0 
239.987 510.0 
239.987 511.0 
240.219 512.0 
240.335 513.0 
240.335 514.0 
240.335 515.0 
240.451 516.0 
240.451 517.0 
239.639 518.0 
239.987 519.0 
240.103 520.0 
239.871 521.0 
239.987 522.0 
239.639 523.0 
239.987 524.0 
240.103 525.0 
239.987 526.0 
239.987 527.0 
239.639 528.0 
239.755 529.0 
239.407 530.0 
239.987 531.0 
240.219 532.0 
240.103 533.0 
240.103 534.0 
240.451 535.0 
240.219 536.0 
240.335 537.0 
239.407 538.0 
240.335 539.0 
240.451 540.0 
240.567 541.0 
240.335 542.0 
239.755 543.0 
239.987 544.0 
239.987 545.0 
239.871 546.0 
240.335 547.0 
240.219 548.0 
240.219 549.0 
239.987 550.0 
238.827 551.0 
240.103 552.0 
240.567 553.0 
239.871 554.0 
239.987 555.0 
240.219 556.0 
239.871 557.0 
240.103 558.0 
234.649 559.0 
240.219 560.0 
240.335 561.0 
239.291 562.0 
239.871 563.0 
239.523 564.0 
239.291 565.0 
240.335 566.0 
239.871 567.0 
239.639 568.0 
240.103 569.0 
239.755 570.0 
240.103 571.0 
240.103 572.0 
239.987 573.0 
240.335 574.0 
239.871 575.0 
240.219 576.0 
239.987 577.0 
239.871 578.0 
240.335 579.0 
240.219 580.0 
240.335 581.0 
240.219 582.0 
240.103 583.0 
240.219 584.0 
240.567 585.0 
239.987 586.0 
240.103 587.0 
240.219 588.0 
239.987 589.0 
240.451 590.0 
239.987 591.0 
240.219 592.0 
239.871 593.0 
240.103 594.0 
240.219 595.0 
239.987 596.0 
239.987 597.0 
239.871 598.0 
239.987 599.0 
240.335 600.0 
240.451 601.0 
240.219 602.0 
240.335 603.0 
240.103 604.0 
239.987 605.0 
240.103 606.0 
240.103 607.0 
240.219 608.0 
240.335 609.0 
240.335 610.0 
239.871 611.0 
240.219 612.0 
240.103 613.0 
240.451 614.0 
239.987 615.0 
240.451 616.0 
240.451 617.0 
239.291 618.0 
240.451 619.0 
234.765 620.0 
240.335 621.0 
240.219 622.0 
239.871 623.0 
240.103 624.0 
240.219 625.0 
239.987 626.0 
240.451 627.0 
240.451 628.0 
239.755 629.0 
240.219 630.0 
240.335 631.0 
239.755 632.0 
240.219 633.0 
243.469 634.0 
240.219 635.0 
240.219 636.0 
240.103 637.0 
240.103 638.0 
240.335 639.0 
240.451 640.0 
240.219 641.0 
240.335 642.0 
240.103 643.0 
239.755 644.0 
239.871 645.0 
239.987 646.0 
240.335 647.0 
239.755 648.0 
240.103 649.0 
239.871 650.0 
239.987 651.0 
239.523 652.0 
240.335 653.0 
240.683 654.0 
239.871 655.0 
240.219 656.0 
240.219 657.0 
240.335 658.0 
240.103 659.0 
240.335 660.0 
240.335 661.0 
240.335 662.0 
239.755 663.0 
239.871 664.0 
240.103 665.0 
240.219 666.0 
239.987 667.0 
240.103 668.0 
240.103 669.0 
240.103 670.0 
239.987 671.0 
240.103 672.0 
240.335 673.0 
240.335 674.0 
239.639 675.0 
240.335 676.0 
239.987 677.0 
240.219 678.0 
240.451 679.0 
240.451 680.0 
239.987 681.0 
239.987 682.0 
239.871 683.0 
240.219 684.0 
240.335 685.0 
240.451 686.0 
239.639 687.0 
239.987 688.0 
240.451 689.0 
240.335 690.0 
240.103 691.0 
240.103 692.0 
239.987 693.0 
240.219 694.0 
240.219 695.0 
240.451 696.0 
239.987 697.0 
240.451 698.0 
239.407 699.0 
239.871 700.0 
240.219 701.0 
239.755 702.0 
240.219 703.0 
240.103 704.0 
239.523 705.0 
240.451 706.0 
239.871 707.0 
240.103 708.0 
239.871 709.0 
239.755 710.0 
240.103 711.0 
240.219 712.0 
240.103 713.0 
240.451 714.0 
238.362 715.0 
239.871 716.0 
239.871 717.0 
240.103 718.0 
240.219 719.0 
240.335 720.0 
240.451 721.0 
240.335 722.0 
240.103 723.0 
240.799 724.0 
240.335 725.0 
240.103 726.0 
239.755 727.0 
240.103 728.0 
239.987 729.0 
239.987 730.0 
239.987 731.0 
240.103 732.0 
240.219 733.0 
240.451 734.0 
240.451 735.0 
240.683 736.0 
240.451 737.0 
240.451 738.0 
239.523 739.0 
239.871 740.0 
240.219 741.0 
240.219 742.0 
239.523 743.0 
239.639 744.0 
239.871 745.0 
240.103 746.0 
239.755 747.0 
239.755 748.0 
240.219 749.0 
240.103 750.0 
239.755 751.0 
239.987 752.0 
240.335 753.0 
240.335 754.0 
240.103 755.0 
240.103 756.0 
240.335 757.0 
240.335 758.0 
240.335 759.0 
240.451 760.0 
240.451 761.0 
240.451 762.0 
240.219 763.0 
240.219 764.0 
240.103 765.0 
240.451 766.0 
240.219 767.0 
240.103 768.0 
240.103 769.0 
240.219 770.0 
240.335 771.0 
240.219 772.0 
240.103 773.0 
240.219 774.0 
240.103 775.0 
240.219 776.0 
240.103 777.0 
240.335 778.0 
240.335 779.0 
240.567 780.0 
240.451 781.0 
240.219 782.0 
239.755 783.0 
240.219 784.0 
240.335 785.0 
240.451 786.0 
240.103 787.0 
240.219 788.0 
240.219 789.0 
239.871 790.0 
240.103 791.0 
240.335 792.0 
240.451 793.0 
240.103 794.0 
240.451 795.0 
240.335 796.0 
240.335 797.0 
239.871 798.0 
240.103 799.0 
240.335 800.0 
240.219 801.0 
240.219 802.0 
239.987 803.0 
240.219 804.0 
0.035 805.0 
0.026 806.0 
0.01 807.0 
0.011 808.0 
0.001 809.0 
-0.025 810.0 
-0.042 811.0 
-0.068 812.0 
-0.084 813.0 
-0.109 814.0 
-0.129 815.0 
-0.141 816.0 
-0.145 817.0 
-0.155 818.0 
-0.158 819.0 
-0.159 820.0 
-0.162 821.0 
-0.161 822.0 
-0.153 823.0 
-0.145 824.0 
-0.133 825.0 
-0.125 826.0 
-0.115 827.0 
-0.092 828.0 
-0.08 829.0 
