-0.042 257.0 
-0.028 258.0 
-0.056 259.0 
-0.019 260.0 
-0.026 261.0 
-0.017 262.0 
-0.041 263.0 
-0.032 264.0 
-0.024 265.0 
-0.111 266.0 
-0.032 267.0 
-0.029 268.0 
-0.03 269.0 
-0.016 270.0 
-0.042 271.0 
-0.037 272.0 
-0.046 273.0 
-0.031 274.0 
256.002 275.0 
252.752 276.0 
250.896 277.0 
249.271 278.0 
246.95 279.0 
244.629 280.0 
242.54 281.0 
240.683 282.0 
238.595 283.0 
238.362 284.0 
238.13 285.0 
237.202 286.0 
236.97 287.0 
236.738 288.0 
236.622 289.0 
235.809 290.0 
235.809 291.0 
235.461 292.0 
235.345 293.0 
234.185 294.0 
234.881 295.0 
234.649 296.0 
234.997 297.0 
234.185 298.0 
234.881 299.0 
232.908 300.0 
234.417 301.0 
234.069 302.0 
233.372 303.0 
233.721 304.0 
235.461 305.0 
233.721 306.0 
233.488 307.0 
233.256 308.0 
233.372 309.0 
233.14 310.0 
233.256 311.0 
232.908 312.0 
232.792 313.0 
232.676 314.0 
232.908 315.0 
232.908 316.0 
233.024 317.0 
232.792 318.0 
226.526 319.0 
233.024 320.0 
232.328 321.0 
232.676 322.0 
232.676 323.0 
232.908 324.0 
232.908 325.0 
232.908 326.0 
232.792 327.0 
232.212 328.0 
234.765 329.0 
232.792 330.0 
232.444 331.0 
232.908 332.0 
232.792 333.0 
232.212 334.0 
232.444 335.0 
232.792 336.0 
232.792 337.0 
232.56 338.0 
233.837 339.0 
232.56 340.0 
232.56 341.0 
232.328 342.0 
230.819 343.0 
232.56 344.0 
232.56 345.0 
232.56 346.0 
232.212 347.0 
231.516 348.0 
232.676 349.0 
232.908 350.0 
232.676 351.0 
232.676 352.0 
232.56 353.0 
231.98 354.0 
231.051 355.0 
232.676 356.0 
233.14 357.0 
233.024 358.0 
232.908 359.0 
232.676 360.0 
232.792 361.0 
232.792 362.0 
232.676 363.0 
232.676 364.0 
232.792 365.0 
232.792 366.0 
232.56 367.0 
232.096 368.0 
232.444 369.0 
232.56 370.0 
232.792 371.0 
232.792 372.0 
232.792 373.0 
232.908 374.0 
232.908 375.0 
233.024 376.0 
232.328 377.0 
232.792 378.0 
233.024 379.0 
232.908 380.0 
232.908 381.0 
231.284 382.0 
232.444 383.0 
232.676 384.0 
232.908 385.0 
233.024 386.0 
232.096 387.0 
232.676 388.0 
232.676 389.0 
232.792 390.0 
232.56 391.0 
232.56 392.0 
232.908 393.0 
232.328 394.0 
232.56 395.0 
231.284 396.0 
232.56 397.0 
232.792 398.0 
232.444 399.0 
232.444 400.0 
236.042 401.0 
232.908 402.0 
233.024 403.0 
232.792 404.0 
233.024 405.0 
232.792 406.0 
232.792 407.0 
232.328 408.0 
232.792 409.0 
232.212 410.0 
232.676 411.0 
232.676 412.0 
233.024 413.0 
233.024 414.0 
232.328 415.0 
232.56 416.0 
232.676 417.0 
232.792 418.0 
233.256 419.0 
232.444 420.0 
232.676 421.0 
232.908 422.0 
233.024 423.0 
232.676 424.0 
232.444 425.0 
232.908 426.0 
232.56 427.0 
232.676 428.0 
232.328 429.0 
232.444 430.0 
232.792 431.0 
233.024 432.0 
232.908 433.0 
232.56 434.0 
232.56 435.0 
232.676 436.0 
233.024 437.0 
232.908 438.0 
232.676 439.0 
231.98 440.0 
232.212 441.0 
232.444 442.0 
232.676 443.0 
232.792 444.0 
232.908 445.0 
232.676 446.0 
232.792 447.0 
232.676 448.0 
233.953 449.0 
232.908 450.0 
232.56 451.0 
232.676 452.0 
232.328 453.0 
232.328 454.0 
232.444 455.0 
230.819 456.0 
232.676 457.0 
232.676 458.0 
232.444 459.0 
233.14 460.0 
232.908 461.0 
232.328 462.0 
233.024 463.0 
232.096 464.0 
232.908 465.0 
233.256 466.0 
232.56 467.0 
232.096 468.0 
232.676 469.0 
232.328 470.0 
232.792 471.0 
232.328 472.0 
231.632 473.0 
232.676 474.0 
232.792 475.0 
232.676 476.0 
232.56 477.0 
232.908 478.0 
232.676 479.0 
232.908 480.0 
233.024 481.0 
232.56 482.0 
232.792 483.0 
232.676 484.0 
233.14 485.0 
232.908 486.0 
232.444 487.0 
232.792 488.0 
232.792 489.0 
232.676 490.0 
232.444 491.0 
232.56 492.0 
232.212 493.0 
232.792 494.0 
232.444 495.0 
232.56 496.0 
232.676 497.0 
233.14 498.0 
232.444 499.0 
232.792 500.0 
232.328 501.0 
232.676 502.0 
232.444 503.0 
232.444 504.0 
232.56 505.0 
232.908 506.0 
230.587 507.0 
234.533 508.0 
231.98 509.0 
232.444 510.0 
232.444 511.0 
232.444 512.0 
232.676 513.0 
232.56 514.0 
232.56 515.0 
230.587 516.0 
234.649 517.0 
232.328 518.0 
232.096 519.0 
232.444 520.0 
232.444 521.0 
232.444 522.0 
232.444 523.0 
232.212 524.0 
232.676 525.0 
232.328 526.0 
232.096 527.0 
232.096 528.0 
232.096 529.0 
231.748 530.0 
231.98 531.0 
232.676 532.0 
233.256 533.0 
232.328 534.0 
232.328 535.0 
232.444 536.0 
232.56 537.0 
232.212 538.0 
232.328 539.0 
232.328 540.0 
232.676 541.0 
232.096 542.0 
232.56 543.0 
232.328 544.0 
232.212 545.0 
232.096 546.0 
232.212 547.0 
231.632 548.0 
232.328 549.0 
232.444 550.0 
231.4 551.0 
232.212 552.0 
232.444 553.0 
232.096 554.0 
232.096 555.0 
232.676 556.0 
232.212 557.0 
232.328 558.0 
228.614 559.0 
231.98 560.0 
232.212 561.0 
231.98 562.0 
232.676 563.0 
231.98 564.0 
232.096 565.0 
232.444 566.0 
231.864 567.0 
231.864 568.0 
231.632 569.0 
231.864 570.0 
232.676 571.0 
231.98 572.0 
231.864 573.0 
232.096 574.0 
232.212 575.0 
232.444 576.0 
232.328 577.0 
232.676 578.0 
232.676 579.0 
232.212 580.0 
232.212 581.0 
232.096 582.0 
232.792 583.0 
232.792 584.0 
227.454 585.0 
233.024 586.0 
232.212 587.0 
232.56 588.0 
232.096 589.0 
232.444 590.0 
232.212 591.0 
232.096 592.0 
232.096 593.0 
232.096 594.0 
232.096 595.0 
231.98 596.0 
232.328 597.0 
232.096 598.0 
232.096 599.0 
232.328 600.0 
232.676 601.0 
232.328 602.0 
232.444 603.0 
232.328 604.0 
232.792 605.0 
232.444 606.0 
232.444 607.0 
232.096 608.0 
232.212 609.0 
232.676 610.0 
232.328 611.0 
232.328 612.0 
232.096 613.0 
232.444 614.0 
232.096 615.0 
231.748 616.0 
232.676 617.0 
231.864 618.0 
232.444 619.0 
230.703 620.0 
232.328 621.0 
232.212 622.0 
232.444 623.0 
232.444 624.0 
233.024 625.0 
232.212 626.0 
232.096 627.0 
232.212 628.0 
232.444 629.0 
232.328 630.0 
232.56 631.0 
232.096 632.0 
232.444 633.0 
234.069 634.0 
232.328 635.0 
232.212 636.0 
232.56 637.0 
232.444 638.0 
231.98 639.0 
232.56 640.0 
232.212 641.0 
231.864 642.0 
232.676 643.0 
232.328 644.0 
231.516 645.0 
232.56 646.0 
232.444 647.0 
231.632 648.0 
232.096 649.0 
232.56 650.0 
231.864 651.0 
231.864 652.0 
232.56 653.0 
232.792 654.0 
232.328 655.0 
231.516 656.0 
232.328 657.0 
232.908 658.0 
232.212 659.0 
232.56 660.0 
232.56 661.0 
232.676 662.0 
232.212 663.0 
232.444 664.0 
232.676 665.0 
232.792 666.0 
232.096 667.0 
232.212 668.0 
232.328 669.0 
232.792 670.0 
232.328 671.0 
232.212 672.0 
232.212 673.0 
232.676 674.0 
232.444 675.0 
232.096 676.0 
232.328 677.0 
232.444 678.0 
232.56 679.0 
232.792 680.0 
232.328 681.0 
232.444 682.0 
232.676 683.0 
232.328 684.0 
232.212 685.0 
232.908 686.0 
231.98 687.0 
232.444 688.0 
232.212 689.0 
232.444 690.0 
232.328 691.0 
232.56 692.0 
231.864 693.0 
231.98 694.0 
232.328 695.0 
232.328 696.0 
231.516 697.0 
232.56 698.0 
231.98 699.0 
232.328 700.0 
232.212 701.0 
232.212 702.0 
232.56 703.0 
232.444 704.0 
232.444 705.0 
232.908 706.0 
232.096 707.0 
231.864 708.0 
232.328 709.0 
232.444 710.0 
232.328 711.0 
232.444 712.0 
232.328 713.0 
232.328 714.0 
230.703 715.0 
232.096 716.0 
231.4 717.0 
232.56 718.0 
232.444 719.0 
232.676 720.0 
232.444 721.0 
232.792 722.0 
232.328 723.0 
232.676 724.0 
232.792 725.0 
232.328 726.0 
231.864 727.0 
232.096 728.0 
232.444 729.0 
231.98 730.0 
232.096 731.0 
232.328 732.0 
232.676 733.0 
232.676 734.0 
232.328 735.0 
232.328 736.0 
232.328 737.0 
232.792 738.0 
232.096 739.0 
232.096 740.0 
232.212 741.0 
232.212 742.0 
232.56 743.0 
232.212 744.0 
232.792 745.0 
232.792 746.0 
232.212 747.0 
231.864 748.0 
232.328 749.0 
232.212 750.0 
232.212 751.0 
232.56 752.0 
232.212 753.0 
232.444 754.0 
232.444 755.0 
231.98 756.0 
232.444 757.0 
232.212 758.0 
232.56 759.0 
232.444 760.0 
232.328 761.0 
232.328 762.0 
232.444 763.0 
232.56 764.0 
232.444 765.0 
232.444 766.0 
232.444 767.0 
232.212 768.0 
232.212 769.0 
232.328 770.0 
232.444 771.0 
232.56 772.0 
232.56 773.0 
232.328 774.0 
232.212 775.0 
232.444 776.0 
232.56 777.0 
232.56 778.0 
232.444 779.0 
232.56 780.0 
232.56 781.0 
232.212 782.0 
232.792 783.0 
232.328 784.0 
232.56 785.0 
232.444 786.0 
232.56 787.0 
232.328 788.0 
232.56 789.0 
232.328 790.0 
232.56 791.0 
232.212 792.0 
232.444 793.0 
232.444 794.0 
232.328 795.0 
232.328 796.0 
232.444 797.0 
232.792 798.0 
232.56 799.0 
232.328 800.0 
232.328 801.0 
232.212 802.0 
232.212 803.0 
232.676 804.0 
0.036 805.0 
0.029 806.0 
0.024 807.0 
0.013 808.0 
-0.002 809.0 
-0.006 810.0 
-0.03 811.0 
-0.066 812.0 
-0.085 813.0 
-0.097 814.0 
-0.11 815.0 
-0.132 816.0 
-0.147 817.0 
-0.144 818.0 
-0.145 819.0 
-0.153 820.0 
-0.155 821.0 
-0.15 822.0 
-0.145 823.0 
-0.143 824.0 
-0.127 825.0 
-0.108 826.0 
-0.107 827.0 
-0.104 828.0 
-0.084 829.0 
