-0.052 257.0 
-0.043 258.0 
-0.046 259.0 
-0.061 260.0 
-0.046 261.0 
-0.055 262.0 
-0.05 263.0 
-0.042 264.0 
-0.049 265.0 
-0.052 266.0 
-0.06 267.0 
-0.037 268.0 
-0.048 269.0 
-0.04 270.0 
-0.035 271.0 
-0.052 272.0 
-0.042 273.0 
-0.04 274.0 
145.773 275.0 
142.445 276.0 
141.253 277.0 
139.665 278.0 
137.889 279.0 
135.612 280.0 
133.697 281.0 
131.442 282.0 
127.822 283.0 
126.35 284.0 
125.965 285.0 
125.661 286.0 
125.521 287.0 
125.299 288.0 
125.065 289.0 
124.388 290.0 
124.259 291.0 
124.026 292.0 
123.804 293.0 
123.559 294.0 
123.173 295.0 
123.01 296.0 
122.94 297.0 
122.426 298.0 
122.227 299.0 
121.958 300.0 
121.55 301.0 
121.433 302.0 
120.919 303.0 
120.861 304.0 
120.569 305.0 
120.008 306.0 
118.852 307.0 
116.714 308.0 
114.121 309.0 
110.524 310.0 
106.845 311.0 
102.711 312.0 
98.611 313.0 
94.453 314.0 
90.155 315.0 
85.95 316.0 
81.979 317.0 
78.931 318.0 
78.756 319.0 
78.545 320.0 
78.405 321.0 
78.429 322.0 
78.359 323.0 
78.429 324.0 
78.359 325.0 
78.277 326.0 
78.323 327.0 
78.265 328.0 
78.394 329.0 
78.382 330.0 
78.3 331.0 
78.44 332.0 
78.394 333.0 
78.3 334.0 
78.253 335.0 
78.405 336.0 
78.394 337.0 
78.277 338.0 
78.475 339.0 
78.312 340.0 
78.265 341.0 
78.288 342.0 
78.312 343.0 
78.3 344.0 
78.312 345.0 
78.253 346.0 
78.253 347.0 
78.242 348.0 
78.323 349.0 
78.335 350.0 
78.3 351.0 
78.359 352.0 
78.288 353.0 
78.23 354.0 
78.195 355.0 
78.3 356.0 
78.37 357.0 
78.3 358.0 
78.394 359.0 
78.312 360.0 
78.347 361.0 
78.277 362.0 
78.335 363.0 
78.265 364.0 
78.288 365.0 
78.312 366.0 
78.3 367.0 
78.277 368.0 
78.265 369.0 
78.3 370.0 
78.359 371.0 
78.37 372.0 
78.335 373.0 
78.394 374.0 
78.37 375.0 
78.405 376.0 
78.277 377.0 
78.3 378.0 
78.335 379.0 
78.312 380.0 
78.265 381.0 
78.23 382.0 
78.3 383.0 
78.312 384.0 
78.3 385.0 
78.359 386.0 
78.253 387.0 
78.207 388.0 
78.323 389.0 
78.323 390.0 
78.312 391.0 
78.3 392.0 
78.347 393.0 
78.242 394.0 
78.312 395.0 
78.394 396.0 
78.253 397.0 
78.347 398.0 
78.242 399.0 
78.242 400.0 
78.347 401.0 
78.312 402.0 
78.382 403.0 
78.335 404.0 
78.288 405.0 
78.218 406.0 
78.323 407.0 
78.242 408.0 
78.323 409.0 
78.218 410.0 
78.323 411.0 
78.347 412.0 
78.522 413.0 
78.359 414.0 
78.265 415.0 
78.312 416.0 
78.3 417.0 
78.335 418.0 
78.347 419.0 
78.253 420.0 
78.265 421.0 
78.359 422.0 
78.323 423.0 
78.265 424.0 
78.265 425.0 
78.3 426.0 
78.37 427.0 
78.265 428.0 
78.277 429.0 
78.277 430.0 
78.347 431.0 
78.347 432.0 
78.382 433.0 
78.288 434.0 
78.288 435.0 
78.3 436.0 
78.288 437.0 
78.265 438.0 
78.253 439.0 
78.288 440.0 
78.277 441.0 
78.277 442.0 
78.265 443.0 
78.277 444.0 
78.265 445.0 
78.253 446.0 
78.359 447.0 
78.335 448.0 
78.534 449.0 
78.487 450.0 
78.3 451.0 
78.277 452.0 
78.23 453.0 
78.195 454.0 
78.323 455.0 
78.102 456.0 
78.288 457.0 
78.253 458.0 
78.347 459.0 
78.347 460.0 
78.3 461.0 
78.265 462.0 
78.359 463.0 
78.323 464.0 
78.312 465.0 
78.37 466.0 
78.265 467.0 
78.253 468.0 
78.323 469.0 
78.265 470.0 
78.242 471.0 
78.277 472.0 
78.172 473.0 
78.312 474.0 
78.37 475.0 
78.277 476.0 
78.265 477.0 
78.288 478.0 
78.195 479.0 
78.323 480.0 
78.347 481.0 
78.253 482.0 
78.359 483.0 
78.277 484.0 
78.288 485.0 
78.242 486.0 
78.277 487.0 
78.347 488.0 
78.265 489.0 
78.312 490.0 
78.323 491.0 
78.265 492.0 
78.323 493.0 
78.323 494.0 
78.218 495.0 
78.277 496.0 
78.288 497.0 
78.359 498.0 
78.218 499.0 
78.242 500.0 
78.288 501.0 
78.335 502.0 
78.183 503.0 
78.23 504.0 
78.242 505.0 
78.265 506.0 
78.148 507.0 
78.288 508.0 
78.137 509.0 
78.207 510.0 
78.242 511.0 
78.253 512.0 
78.277 513.0 
78.3 514.0 
78.288 515.0 
78.195 516.0 
78.662 517.0 
78.137 518.0 
78.183 519.0 
78.148 520.0 
78.148 521.0 
78.148 522.0 
78.195 523.0 
78.172 524.0 
78.148 525.0 
78.16 526.0 
78.137 527.0 
78.078 528.0 
78.09 529.0 
78.055 530.0 
78.078 531.0 
78.218 532.0 
78.534 533.0 
78.172 534.0 
78.125 535.0 
78.125 536.0 
78.09 537.0 
78.008 538.0 
78.008 539.0 
77.915 540.0 
78.067 541.0 
77.973 542.0 
77.938 543.0 
77.903 544.0 
77.88 545.0 
77.833 546.0 
77.938 547.0 
77.845 548.0 
77.856 549.0 
77.798 550.0 
77.751 551.0 
77.903 552.0 
77.833 553.0 
77.81 554.0 
77.751 555.0 
77.868 556.0 
77.821 557.0 
77.81 558.0 
77.401 559.0 
77.833 560.0 
77.81 561.0 
77.728 562.0 
77.833 563.0 
77.786 564.0 
77.704 565.0 
77.845 566.0 
77.833 567.0 
77.693 568.0 
77.775 569.0 
77.751 570.0 
77.88 571.0 
77.798 572.0 
77.716 573.0 
77.833 574.0 
77.763 575.0 
78.253 576.0 
77.786 577.0 
77.798 578.0 
77.891 579.0 
77.821 580.0 
77.891 581.0 
77.845 582.0 
77.903 583.0 
77.856 584.0 
77.599 585.0 
77.845 586.0 
77.775 587.0 
77.88 588.0 
77.751 589.0 
77.845 590.0 
77.786 591.0 
77.88 592.0 
77.81 593.0 
77.868 594.0 
77.763 595.0 
77.845 596.0 
77.763 597.0 
77.775 598.0 
77.798 599.0 
77.833 600.0 
77.926 601.0 
77.81 602.0 
77.926 603.0 
77.786 604.0 
77.926 605.0 
77.775 606.0 
77.856 607.0 
77.751 608.0 
77.81 609.0 
77.891 610.0 
77.845 611.0 
77.891 612.0 
77.763 613.0 
77.856 614.0 
77.716 615.0 
77.775 616.0 
77.903 617.0 
77.763 618.0 
77.856 619.0 
77.634 620.0 
77.81 621.0 
77.856 622.0 
77.775 623.0 
77.821 624.0 
77.903 625.0 
77.763 626.0 
77.833 627.0 
77.88 628.0 
77.763 629.0 
77.868 630.0 
77.915 631.0 
77.81 632.0 
77.845 633.0 
78.16 634.0 
77.775 635.0 
77.856 636.0 
77.891 637.0 
77.775 638.0 
77.775 639.0 
77.891 640.0 
77.763 641.0 
77.728 642.0 
77.845 643.0 
77.739 644.0 
77.739 645.0 
77.845 646.0 
77.903 647.0 
77.739 648.0 
77.763 649.0 
77.868 650.0 
77.728 651.0 
77.775 652.0 
77.833 653.0 
77.903 654.0 
77.751 655.0 
77.728 656.0 
77.833 657.0 
77.915 658.0 
77.775 659.0 
77.786 660.0 
77.868 661.0 
77.88 662.0 
77.763 663.0 
77.845 664.0 
77.845 665.0 
77.891 666.0 
77.763 667.0 
77.81 668.0 
77.856 669.0 
77.88 670.0 
77.763 671.0 
77.798 672.0 
77.845 673.0 
77.845 674.0 
77.868 675.0 
77.798 676.0 
77.786 677.0 
77.821 678.0 
77.868 679.0 
77.891 680.0 
77.728 681.0 
77.798 682.0 
77.821 683.0 
77.845 684.0 
77.833 685.0 
77.903 686.0 
77.728 687.0 
77.786 688.0 
77.81 689.0 
77.88 690.0 
77.891 691.0 
77.903 692.0 
77.786 693.0 
77.775 694.0 
77.821 695.0 
77.845 696.0 
77.786 697.0 
77.88 698.0 
77.716 699.0 
77.751 700.0 
77.775 701.0 
77.81 702.0 
77.821 703.0 
77.88 704.0 
77.845 705.0 
77.868 706.0 
77.739 707.0 
77.751 708.0 
77.786 709.0 
77.751 710.0 
77.856 711.0 
77.845 712.0 
77.868 713.0 
77.891 714.0 
77.716 715.0 
77.739 716.0 
77.716 717.0 
77.786 718.0 
77.798 719.0 
77.845 720.0 
77.833 721.0 
77.856 722.0 
77.856 723.0 
77.915 724.0 
77.915 725.0 
77.728 726.0 
77.739 727.0 
77.751 728.0 
77.775 729.0 
77.81 730.0 
77.81 731.0 
77.845 732.0 
77.856 733.0 
77.821 734.0 
77.868 735.0 
77.833 736.0 
77.891 737.0 
77.926 738.0 
77.739 739.0 
77.716 740.0 
77.728 741.0 
77.739 742.0 
77.751 743.0 
77.751 744.0 
77.751 745.0 
77.775 746.0 
77.751 747.0 
77.751 748.0 
77.786 749.0 
77.775 750.0 
77.798 751.0 
77.798 752.0 
77.81 753.0 
77.751 754.0 
77.81 755.0 
77.775 756.0 
77.821 757.0 
77.821 758.0 
77.868 759.0 
77.833 760.0 
77.81 761.0 
77.798 762.0 
77.798 763.0 
77.845 764.0 
77.833 765.0 
77.833 766.0 
77.845 767.0 
77.868 768.0 
77.833 769.0 
77.833 770.0 
77.833 771.0 
77.821 772.0 
77.821 773.0 
77.833 774.0 
77.856 775.0 
77.845 776.0 
77.833 777.0 
77.856 778.0 
77.845 779.0 
77.833 780.0 
77.81 781.0 
77.821 782.0 
77.833 783.0 
77.845 784.0 
77.833 785.0 
77.821 786.0 
77.786 787.0 
77.845 788.0 
77.81 789.0 
77.821 790.0 
77.845 791.0 
77.845 792.0 
77.821 793.0 
77.833 794.0 
77.833 795.0 
77.821 796.0 
77.845 797.0 
77.856 798.0 
77.81 799.0 
77.845 800.0 
77.81 801.0 
77.856 802.0 
77.821 803.0 
77.81 804.0 
-0.005 805.0 
-0.006 806.0 
-0.012 807.0 
-0.007 808.0 
-0.012 809.0 
-0.02 810.0 
-0.022 811.0 
-0.028 812.0 
-0.023 813.0 
-0.029 814.0 
-0.028 815.0 
-0.036 816.0 
-0.04 817.0 
-0.041 818.0 
-0.042 819.0 
-0.04 820.0 
-0.04 821.0 
-0.038 822.0 
-0.042 823.0 
-0.035 824.0 
-0.04 825.0 
-0.038 826.0 
-0.035 827.0 
-0.032 828.0 
-0.024 829.0 
