-0.018 257.0 
-0.01 258.0 
-0.026 259.0 
-0.037 260.0 
-0.02 261.0 
-0.054 262.0 
-0.029 263.0 
-0.02 264.0 
-0.048 265.0 
-0.086 266.0 
-0.052 267.0 
-0.013 268.0 
-0.028 269.0 
-0.04 270.0 
-0.042 271.0 
-0.032 272.0 
-0.02 273.0 
-0.031 274.0 
132.774 275.0 
129.609 276.0 
128.826 277.0 
127.646 278.0 
126.455 279.0 
124.995 280.0 
123.675 281.0 
121.55 282.0 
119.424 283.0 
118.49 284.0 
118.186 285.0 
117.941 286.0 
117.789 287.0 
117.614 288.0 
117.368 289.0 
116.773 290.0 
116.703 291.0 
116.504 292.0 
116.352 293.0 
115.885 294.0 
115.815 295.0 
115.698 296.0 
115.219 297.0 
115.243 298.0 
115.103 299.0 
114.787 300.0 
114.589 301.0 
114.425 302.0 
113.993 303.0 
113.876 304.0 
113.479 305.0 
113.129 306.0 
111.914 307.0 
109.882 308.0 
107.511 309.0 
104.194 310.0 
101.064 311.0 
97.373 312.0 
93.787 313.0 
89.956 314.0 
86.289 315.0 
82.773 316.0 
79.515 317.0 
77.109 318.0 
76.98 319.0 
76.805 320.0 
76.688 321.0 
76.7 322.0 
76.653 323.0 
76.688 324.0 
76.607 325.0 
76.548 326.0 
76.642 327.0 
76.56 328.0 
76.513 329.0 
76.642 330.0 
76.572 331.0 
76.525 332.0 
76.688 333.0 
76.607 334.0 
76.49 335.0 
76.642 336.0 
76.607 337.0 
76.572 338.0 
76.688 339.0 
76.583 340.0 
76.618 341.0 
76.525 342.0 
76.607 343.0 
76.607 344.0 
76.572 345.0 
76.536 346.0 
76.513 347.0 
76.501 348.0 
76.618 349.0 
76.618 350.0 
76.583 351.0 
76.618 352.0 
76.572 353.0 
76.525 354.0 
76.466 355.0 
76.595 356.0 
76.642 357.0 
76.595 358.0 
76.642 359.0 
76.536 360.0 
76.607 361.0 
76.548 362.0 
76.607 363.0 
76.501 364.0 
76.56 365.0 
76.56 366.0 
76.548 367.0 
76.572 368.0 
76.56 369.0 
76.595 370.0 
76.607 371.0 
76.618 372.0 
76.63 373.0 
76.618 374.0 
76.642 375.0 
76.642 376.0 
76.501 377.0 
76.548 378.0 
76.525 379.0 
76.513 380.0 
76.548 381.0 
76.607 382.0 
76.536 383.0 
76.536 384.0 
76.501 385.0 
76.665 386.0 
76.525 387.0 
76.478 388.0 
76.572 389.0 
76.583 390.0 
76.56 391.0 
76.56 392.0 
76.618 393.0 
76.525 394.0 
76.548 395.0 
76.466 396.0 
76.513 397.0 
76.595 398.0 
76.431 399.0 
76.501 400.0 
76.63 401.0 
76.572 402.0 
76.63 403.0 
76.607 404.0 
76.525 405.0 
76.501 406.0 
76.536 407.0 
76.513 408.0 
76.583 409.0 
76.478 410.0 
76.56 411.0 
76.607 412.0 
76.7 413.0 
76.607 414.0 
76.572 415.0 
76.583 416.0 
76.513 417.0 
76.56 418.0 
76.583 419.0 
76.536 420.0 
76.583 421.0 
76.572 422.0 
76.607 423.0 
76.525 424.0 
76.548 425.0 
76.583 426.0 
76.618 427.0 
76.548 428.0 
76.548 429.0 
76.548 430.0 
76.595 431.0 
76.618 432.0 
76.595 433.0 
76.49 434.0 
76.525 435.0 
76.536 436.0 
76.583 437.0 
76.525 438.0 
76.501 439.0 
76.513 440.0 
76.525 441.0 
76.513 442.0 
76.525 443.0 
76.525 444.0 
76.501 445.0 
76.548 446.0 
76.642 447.0 
76.618 448.0 
76.817 449.0 
76.642 450.0 
76.572 451.0 
76.525 452.0 
76.513 453.0 
76.49 454.0 
76.583 455.0 
76.408 456.0 
76.501 457.0 
76.478 458.0 
76.595 459.0 
76.747 460.0 
76.536 461.0 
76.536 462.0 
76.595 463.0 
76.525 464.0 
76.536 465.0 
76.583 466.0 
76.572 467.0 
76.478 468.0 
76.607 469.0 
76.525 470.0 
76.478 471.0 
76.536 472.0 
76.408 473.0 
76.548 474.0 
76.618 475.0 
76.536 476.0 
76.478 477.0 
76.548 478.0 
76.466 479.0 
76.548 480.0 
76.63 481.0 
76.548 482.0 
76.583 483.0 
76.525 484.0 
76.595 485.0 
76.443 486.0 
76.501 487.0 
76.607 488.0 
76.513 489.0 
76.536 490.0 
76.595 491.0 
76.536 492.0 
76.548 493.0 
76.63 494.0 
76.525 495.0 
76.501 496.0 
76.56 497.0 
76.607 498.0 
76.466 499.0 
76.525 500.0 
76.536 501.0 
76.583 502.0 
76.455 503.0 
76.478 504.0 
76.525 505.0 
76.513 506.0 
76.466 507.0 
76.525 508.0 
76.373 509.0 
76.466 510.0 
76.501 511.0 
76.525 512.0 
76.56 513.0 
76.536 514.0 
76.536 515.0 
76.466 516.0 
76.934 517.0 
76.361 518.0 
76.408 519.0 
76.431 520.0 
76.431 521.0 
76.408 522.0 
76.396 523.0 
76.408 524.0 
76.373 525.0 
76.408 526.0 
76.361 527.0 
76.385 528.0 
76.408 529.0 
76.338 530.0 
76.326 531.0 
76.478 532.0 
76.77 533.0 
76.396 534.0 
76.408 535.0 
76.408 536.0 
76.315 537.0 
76.209 538.0 
76.221 539.0 
76.186 540.0 
76.291 541.0 
76.186 542.0 
76.186 543.0 
76.139 544.0 
76.093 545.0 
76.046 546.0 
76.174 547.0 
76.104 548.0 
76.116 549.0 
76.058 550.0 
75.988 551.0 
76.104 552.0 
76.081 553.0 
75.999 554.0 
75.976 555.0 
76.093 556.0 
76.034 557.0 
76.023 558.0 
75.777 559.0 
76.069 560.0 
76.046 561.0 
75.917 562.0 
76.081 563.0 
75.964 564.0 
75.964 565.0 
76.069 566.0 
76.046 567.0 
75.976 568.0 
76.011 569.0 
75.988 570.0 
76.104 571.0 
75.999 572.0 
75.976 573.0 
76.058 574.0 
75.999 575.0 
76.49 576.0 
76.023 577.0 
76.034 578.0 
76.104 579.0 
76.058 580.0 
76.104 581.0 
76.058 582.0 
76.128 583.0 
76.058 584.0 
75.766 585.0 
76.081 586.0 
76.023 587.0 
76.104 588.0 
75.999 589.0 
76.093 590.0 
76.034 591.0 
76.081 592.0 
76.011 593.0 
76.069 594.0 
75.999 595.0 
76.046 596.0 
75.988 597.0 
76.093 598.0 
75.999 599.0 
76.093 600.0 
76.151 601.0 
76.034 602.0 
76.151 603.0 
76.011 604.0 
76.128 605.0 
76.011 606.0 
76.104 607.0 
75.988 608.0 
76.058 609.0 
76.128 610.0 
76.046 611.0 
76.116 612.0 
76.023 613.0 
76.093 614.0 
75.964 615.0 
75.999 616.0 
76.116 617.0 
75.941 618.0 
76.081 619.0 
75.847 620.0 
76.034 621.0 
76.128 622.0 
75.964 623.0 
76.058 624.0 
76.093 625.0 
76.011 626.0 
76.023 627.0 
76.116 628.0 
76.023 629.0 
76.058 630.0 
76.104 631.0 
76.011 632.0 
76.104 633.0 
76.385 634.0 
75.988 635.0 
76.058 636.0 
76.104 637.0 
76.011 638.0 
75.999 639.0 
76.128 640.0 
75.988 641.0 
75.999 642.0 
76.104 643.0 
75.976 644.0 
75.988 645.0 
76.081 646.0 
76.139 647.0 
75.988 648.0 
76.069 649.0 
76.104 650.0 
75.976 651.0 
75.964 652.0 
76.069 653.0 
76.128 654.0 
75.953 655.0 
75.999 656.0 
76.058 657.0 
76.093 658.0 
75.988 659.0 
76.058 660.0 
76.093 661.0 
76.069 662.0 
75.999 663.0 
76.058 664.0 
76.093 665.0 
76.163 666.0 
75.988 667.0 
76.046 668.0 
76.069 669.0 
76.104 670.0 
75.964 671.0 
76.034 672.0 
76.058 673.0 
76.128 674.0 
76.116 675.0 
75.999 676.0 
76.023 677.0 
76.023 678.0 
76.069 679.0 
76.081 680.0 
75.964 681.0 
75.999 682.0 
76.023 683.0 
76.058 684.0 
76.011 685.0 
76.151 686.0 
75.941 687.0 
76.011 688.0 
76.058 689.0 
76.069 690.0 
76.128 691.0 
76.128 692.0 
75.988 693.0 
75.999 694.0 
75.999 695.0 
76.058 696.0 
76.011 697.0 
76.128 698.0 
75.894 699.0 
75.953 700.0 
75.999 701.0 
76.046 702.0 
76.046 703.0 
76.046 704.0 
76.093 705.0 
76.151 706.0 
75.988 707.0 
76.011 708.0 
75.988 709.0 
76.011 710.0 
76.034 711.0 
76.081 712.0 
76.116 713.0 
76.116 714.0 
75.917 715.0 
75.988 716.0 
75.953 717.0 
76.023 718.0 
76.023 719.0 
76.023 720.0 
76.069 721.0 
76.081 722.0 
76.058 723.0 
76.093 724.0 
76.104 725.0 
75.917 726.0 
75.976 727.0 
75.964 728.0 
75.999 729.0 
76.011 730.0 
76.023 731.0 
76.058 732.0 
76.104 733.0 
75.999 734.0 
76.104 735.0 
76.081 736.0 
76.104 737.0 
76.093 738.0 
75.941 739.0 
75.917 740.0 
75.953 741.0 
75.988 742.0 
75.964 743.0 
75.976 744.0 
75.964 745.0 
75.999 746.0 
75.999 747.0 
75.976 748.0 
76.034 749.0 
76.034 750.0 
76.034 751.0 
75.988 752.0 
76.046 753.0 
76.023 754.0 
76.058 755.0 
76.034 756.0 
76.034 757.0 
76.023 758.0 
76.034 759.0 
76.069 760.0 
76.058 761.0 
76.046 762.0 
76.058 763.0 
76.081 764.0 
76.034 765.0 
76.069 766.0 
76.058 767.0 
76.069 768.0 
76.104 769.0 
76.058 770.0 
76.093 771.0 
76.034 772.0 
76.058 773.0 
76.058 774.0 
76.058 775.0 
76.034 776.0 
76.058 777.0 
76.058 778.0 
76.069 779.0 
76.046 780.0 
76.058 781.0 
76.069 782.0 
76.034 783.0 
76.046 784.0 
76.081 785.0 
76.034 786.0 
76.058 787.0 
76.058 788.0 
76.069 789.0 
76.034 790.0 
76.046 791.0 
76.069 792.0 
76.069 793.0 
76.034 794.0 
76.023 795.0 
76.069 796.0 
76.046 797.0 
76.081 798.0 
76.069 799.0 
76.034 800.0 
76.058 801.0 
76.046 802.0 
76.046 803.0 
76.034 804.0 
-0.001 805.0 
0.001 806.0 
0.004 807.0 
-0.007 808.0 
0.001 809.0 
-0.007 810.0 
-0.012 811.0 
-0.016 812.0 
-0.02 813.0 
-0.031 814.0 
-0.03 815.0 
-0.031 816.0 
-0.025 817.0 
-0.035 818.0 
-0.035 819.0 
-0.036 820.0 
-0.037 821.0 
-0.038 822.0 
-0.03 823.0 
-0.03 824.0 
-0.042 825.0 
-0.029 826.0 
-0.025 827.0 
-0.019 828.0 
-0.022 829.0 
