-0.035 257.0 
-0.036 258.0 
-0.044 259.0 
-0.047 260.0 
-0.04 261.0 
-0.014 262.0 
-0.032 263.0 
-0.04 264.0 
-0.035 265.0 
-0.042 266.0 
-0.028 267.0 
-0.047 268.0 
-0.041 269.0 
-0.046 270.0 
-0.056 271.0 
-0.026 272.0 
-0.022 273.0 
-0.042 274.0 
137.422 275.0 
134.561 276.0 
133.615 277.0 
132.447 278.0 
131.244 279.0 
129.585 280.0 
128.079 281.0 
126.327 282.0 
123.862 283.0 
122.204 284.0 
121.842 285.0 
121.573 286.0 
121.433 287.0 
121.199 288.0 
120.954 289.0 
120.756 290.0 
120.23 291.0 
120.066 292.0 
119.88 293.0 
119.809 294.0 
119.342 295.0 
119.214 296.0 
119.167 297.0 
118.653 298.0 
118.466 299.0 
118.373 300.0 
117.824 301.0 
117.73 302.0 
117.263 303.0 
117.088 304.0 
116.971 305.0 
116.352 306.0 
115.231 307.0 
113.21 308.0 
110.84 309.0 
107.593 310.0 
104.299 311.0 
100.526 312.0 
96.964 313.0 
92.759 314.0 
89.034 315.0 
84.899 316.0 
81.512 317.0 
78.954 318.0 
78.814 319.0 
78.58 320.0 
78.592 321.0 
78.51 322.0 
78.382 323.0 
78.475 324.0 
78.417 325.0 
78.277 326.0 
78.417 327.0 
78.359 328.0 
78.534 329.0 
78.44 330.0 
78.359 331.0 
78.464 332.0 
78.464 333.0 
78.335 334.0 
78.639 335.0 
78.429 336.0 
78.417 337.0 
78.312 338.0 
78.452 339.0 
78.359 340.0 
78.37 341.0 
78.347 342.0 
78.475 343.0 
78.394 344.0 
78.347 345.0 
78.335 346.0 
78.323 347.0 
78.44 348.0 
78.405 349.0 
78.394 350.0 
78.359 351.0 
78.405 352.0 
78.394 353.0 
78.207 354.0 
78.417 355.0 
78.394 356.0 
78.452 357.0 
78.359 358.0 
78.452 359.0 
78.394 360.0 
78.405 361.0 
78.335 362.0 
78.394 363.0 
78.323 364.0 
78.359 365.0 
78.382 366.0 
78.417 367.0 
78.347 368.0 
78.347 369.0 
78.359 370.0 
78.417 371.0 
78.394 372.0 
78.44 373.0 
78.405 374.0 
78.475 375.0 
78.429 376.0 
78.242 377.0 
78.394 378.0 
78.335 379.0 
78.347 380.0 
78.37 381.0 
78.452 382.0 
78.382 383.0 
78.394 384.0 
78.312 385.0 
78.44 386.0 
78.347 387.0 
78.359 388.0 
78.394 389.0 
78.405 390.0 
78.405 391.0 
78.382 392.0 
78.452 393.0 
78.265 394.0 
78.394 395.0 
78.429 396.0 
78.323 397.0 
78.359 398.0 
78.312 399.0 
78.3 400.0 
78.417 401.0 
78.394 402.0 
78.44 403.0 
78.405 404.0 
78.347 405.0 
78.288 406.0 
78.382 407.0 
78.323 408.0 
78.405 409.0 
78.3 410.0 
78.359 411.0 
78.405 412.0 
78.475 413.0 
78.405 414.0 
78.323 415.0 
78.382 416.0 
78.277 417.0 
78.569 418.0 
78.394 419.0 
78.323 420.0 
78.405 421.0 
78.394 422.0 
78.429 423.0 
78.3 424.0 
78.288 425.0 
78.405 426.0 
78.417 427.0 
78.359 428.0 
78.359 429.0 
78.359 430.0 
78.37 431.0 
78.417 432.0 
78.452 433.0 
78.3 434.0 
78.359 435.0 
78.382 436.0 
78.522 437.0 
78.347 438.0 
78.347 439.0 
78.312 440.0 
78.347 441.0 
78.323 442.0 
78.347 443.0 
78.323 444.0 
78.335 445.0 
78.323 446.0 
78.44 447.0 
78.417 448.0 
78.394 449.0 
78.709 450.0 
78.312 451.0 
78.359 452.0 
78.335 453.0 
78.312 454.0 
78.405 455.0 
78.37 456.0 
78.323 457.0 
78.277 458.0 
78.335 459.0 
78.37 460.0 
78.37 461.0 
78.335 462.0 
78.37 463.0 
78.382 464.0 
78.405 465.0 
78.417 466.0 
78.359 467.0 
78.312 468.0 
78.382 469.0 
78.335 470.0 
78.394 471.0 
78.394 472.0 
78.44 473.0 
78.359 474.0 
78.429 475.0 
78.359 476.0 
78.3 477.0 
78.323 478.0 
78.277 479.0 
78.347 480.0 
78.452 481.0 
78.335 482.0 
78.382 483.0 
78.312 484.0 
78.405 485.0 
78.323 486.0 
78.312 487.0 
78.417 488.0 
78.347 489.0 
78.347 490.0 
78.394 491.0 
78.417 492.0 
78.382 493.0 
78.359 494.0 
78.323 495.0 
78.265 496.0 
78.382 497.0 
78.394 498.0 
78.288 499.0 
78.288 500.0 
78.347 501.0 
78.382 502.0 
78.23 503.0 
78.3 504.0 
78.347 505.0 
78.335 506.0 
78.312 507.0 
78.545 508.0 
78.253 509.0 
78.277 510.0 
78.3 511.0 
78.347 512.0 
78.335 513.0 
78.347 514.0 
78.359 515.0 
78.347 516.0 
78.382 517.0 
78.172 518.0 
78.148 519.0 
78.207 520.0 
78.242 521.0 
78.265 522.0 
78.253 523.0 
78.218 524.0 
78.242 525.0 
78.23 526.0 
78.218 527.0 
78.148 528.0 
78.183 529.0 
78.183 530.0 
78.195 531.0 
78.277 532.0 
78.277 533.0 
78.242 534.0 
78.277 535.0 
78.207 536.0 
78.172 537.0 
78.148 538.0 
78.09 539.0 
78.067 540.0 
78.183 541.0 
78.137 542.0 
78.078 543.0 
78.055 544.0 
78.02 545.0 
77.985 546.0 
78.09 547.0 
78.043 548.0 
78.031 549.0 
77.938 550.0 
77.95 551.0 
78.008 552.0 
77.961 553.0 
77.845 554.0 
77.903 555.0 
78.008 556.0 
77.961 557.0 
77.903 558.0 
78.043 559.0 
77.985 560.0 
77.903 561.0 
77.845 562.0 
77.961 563.0 
77.926 564.0 
77.81 565.0 
77.996 566.0 
77.938 567.0 
77.891 568.0 
77.973 569.0 
77.903 570.0 
78.02 571.0 
77.926 572.0 
77.903 573.0 
77.915 574.0 
77.903 575.0 
78.02 576.0 
77.903 577.0 
77.926 578.0 
78.008 579.0 
77.961 580.0 
78.031 581.0 
77.973 582.0 
78.043 583.0 
77.961 584.0 
78.102 585.0 
77.996 586.0 
77.903 587.0 
78.02 588.0 
77.95 589.0 
77.996 590.0 
77.926 591.0 
77.961 592.0 
77.926 593.0 
77.961 594.0 
77.961 595.0 
77.973 596.0 
77.891 597.0 
77.996 598.0 
77.938 599.0 
77.95 600.0 
78.043 601.0 
77.926 602.0 
78.043 603.0 
77.903 604.0 
78.031 605.0 
77.903 606.0 
78.02 607.0 
77.891 608.0 
77.938 609.0 
78.043 610.0 
77.95 611.0 
78.031 612.0 
77.891 613.0 
77.996 614.0 
77.903 615.0 
77.95 616.0 
78.02 617.0 
77.926 618.0 
77.985 619.0 
77.646 620.0 
77.926 621.0 
77.938 622.0 
77.88 623.0 
77.95 624.0 
78.055 625.0 
77.915 626.0 
78.008 627.0 
78.02 628.0 
77.903 629.0 
77.973 630.0 
78.043 631.0 
77.88 632.0 
78.008 633.0 
78.067 634.0 
77.903 635.0 
78.008 636.0 
78.043 637.0 
77.915 638.0 
77.973 639.0 
78.043 640.0 
77.903 641.0 
77.973 642.0 
78.031 643.0 
77.903 644.0 
77.961 645.0 
77.996 646.0 
78.031 647.0 
77.891 648.0 
77.926 649.0 
78.031 650.0 
77.891 651.0 
77.926 652.0 
77.985 653.0 
78.031 654.0 
77.856 655.0 
77.915 656.0 
77.938 657.0 
78.008 658.0 
77.926 659.0 
77.973 660.0 
78.008 661.0 
78.055 662.0 
77.88 663.0 
77.95 664.0 
78.008 665.0 
78.043 666.0 
77.903 667.0 
77.926 668.0 
77.996 669.0 
78.031 670.0 
77.903 671.0 
77.915 672.0 
77.985 673.0 
77.961 674.0 
78.031 675.0 
77.868 676.0 
77.926 677.0 
77.961 678.0 
77.903 679.0 
78.043 680.0 
77.891 681.0 
77.915 682.0 
77.95 683.0 
77.973 684.0 
78.02 685.0 
78.043 686.0 
77.88 687.0 
77.903 688.0 
77.95 689.0 
77.985 690.0 
78.031 691.0 
78.067 692.0 
77.88 693.0 
77.891 694.0 
77.938 695.0 
77.973 696.0 
77.985 697.0 
77.985 698.0 
77.599 699.0 
77.891 700.0 
77.903 701.0 
77.961 702.0 
77.973 703.0 
77.961 704.0 
78.02 705.0 
78.043 706.0 
77.88 707.0 
77.891 708.0 
77.891 709.0 
77.973 710.0 
77.973 711.0 
77.973 712.0 
77.985 713.0 
78.02 714.0 
78.055 715.0 
77.915 716.0 
77.891 717.0 
77.915 718.0 
77.915 719.0 
77.961 720.0 
77.973 721.0 
77.985 722.0 
77.996 723.0 
78.02 724.0 
78.031 725.0 
77.88 726.0 
77.868 727.0 
77.926 728.0 
77.95 729.0 
77.95 730.0 
77.985 731.0 
77.961 732.0 
77.996 733.0 
77.996 734.0 
77.985 735.0 
77.973 736.0 
78.02 737.0 
78.02 738.0 
78.02 739.0 
77.845 740.0 
77.845 741.0 
77.891 742.0 
77.88 743.0 
77.88 744.0 
77.891 745.0 
77.891 746.0 
77.903 747.0 
77.868 748.0 
77.903 749.0 
77.915 750.0 
77.915 751.0 
77.915 752.0 
77.95 753.0 
77.938 754.0 
77.926 755.0 
77.938 756.0 
77.938 757.0 
77.95 758.0 
77.961 759.0 
77.996 760.0 
77.961 761.0 
77.985 762.0 
77.973 763.0 
77.996 764.0 
77.985 765.0 
77.985 766.0 
77.996 767.0 
77.985 768.0 
77.973 769.0 
77.961 770.0 
77.985 771.0 
77.961 772.0 
77.973 773.0 
77.973 774.0 
77.961 775.0 
77.961 776.0 
77.973 777.0 
77.95 778.0 
78.008 779.0 
77.961 780.0 
77.961 781.0 
77.985 782.0 
77.961 783.0 
77.961 784.0 
77.95 785.0 
77.973 786.0 
77.985 787.0 
77.996 788.0 
77.985 789.0 
77.973 790.0 
77.985 791.0 
77.95 792.0 
77.973 793.0 
77.961 794.0 
77.95 795.0 
77.95 796.0 
77.95 797.0 
77.95 798.0 
77.938 799.0 
77.973 800.0 
77.938 801.0 
77.961 802.0 
77.961 803.0 
77.95 804.0 
0.005 805.0 
0.005 806.0 
0.004 807.0 
0.006 808.0 
0.005 809.0 
-0.004 810.0 
-0.014 811.0 
-0.017 812.0 
-0.024 813.0 
-0.035 814.0 
-0.043 815.0 
-0.042 816.0 
-0.036 817.0 
-0.048 818.0 
-0.055 819.0 
-0.052 820.0 
-0.053 821.0 
-0.054 822.0 
-0.042 823.0 
-0.05 824.0 
-0.056 825.0 
-0.058 826.0 
-0.049 827.0 
-0.022 828.0 
-0.04 829.0 
