-0.04 257.0 
-0.025 258.0 
0.014 259.0 
-0.01 260.0 
-0.02 261.0 
-0.03 262.0 
-0.036 263.0 
-0.014 264.0 
-0.008 265.0 
-0.01 266.0 
-0.036 267.0 
-0.053 268.0 
-0.032 269.0 
-0.047 270.0 
-0.008 271.0 
-0.032 272.0 
-0.041 273.0 
-0.035 274.0 
150.2 275.0 
147.385 276.0 
146.018 277.0 
144.173 278.0 
141.954 279.0 
139.77 280.0 
137.691 281.0 
134.654 282.0 
131.361 283.0 
129.679 284.0 
129.247 285.0 
128.838 286.0 
128.651 287.0 
128.382 288.0 
128.102 289.0 
127.483 290.0 
127.354 291.0 
127.191 292.0 
127.004 293.0 
126.549 294.0 
126.35 295.0 
126.163 296.0 
126.035 297.0 
125.474 298.0 
125.252 299.0 
124.995 300.0 
124.61 301.0 
124.516 302.0 
123.956 303.0 
123.851 304.0 
124.143 305.0 
122.823 306.0 
120.814 307.0 
117.964 308.0 
115.091 309.0 
111.645 310.0 
108.095 311.0 
104.147 312.0 
100.34 313.0 
96.17 314.0 
92.573 315.0 
88.578 316.0 
84.759 317.0 
81.757 318.0 
81.489 319.0 
81.232 320.0 
81.068 321.0 
80.986 322.0 
80.823 323.0 
80.8 324.0 
80.788 325.0 
80.659 326.0 
80.765 327.0 
80.659 328.0 
80.671 329.0 
80.765 330.0 
80.659 331.0 
80.776 332.0 
80.8 333.0 
80.706 334.0 
80.648 335.0 
80.753 336.0 
80.776 337.0 
80.659 338.0 
80.87 339.0 
80.718 340.0 
80.718 341.0 
80.683 342.0 
80.835 343.0 
80.694 344.0 
80.718 345.0 
80.648 346.0 
80.601 347.0 
80.648 348.0 
80.788 349.0 
80.718 350.0 
80.636 351.0 
80.729 352.0 
80.706 353.0 
80.671 354.0 
80.683 355.0 
80.718 356.0 
80.765 357.0 
80.729 358.0 
80.8 359.0 
80.729 360.0 
80.776 361.0 
80.671 362.0 
80.706 363.0 
80.648 364.0 
80.683 365.0 
80.729 366.0 
80.753 367.0 
80.648 368.0 
80.683 369.0 
80.694 370.0 
80.683 371.0 
80.741 372.0 
80.753 373.0 
80.776 374.0 
80.765 375.0 
80.998 376.0 
80.648 377.0 
80.706 378.0 
80.718 379.0 
80.694 380.0 
80.753 381.0 
80.8 382.0 
80.671 383.0 
80.683 384.0 
80.659 385.0 
80.765 386.0 
80.659 387.0 
80.624 388.0 
80.706 389.0 
80.706 390.0 
80.683 391.0 
80.671 392.0 
80.753 393.0 
80.624 394.0 
80.706 395.0 
80.811 396.0 
80.671 397.0 
80.729 398.0 
80.566 399.0 
80.671 400.0 
80.753 401.0 
80.741 402.0 
80.765 403.0 
80.753 404.0 
80.683 405.0 
80.613 406.0 
80.706 407.0 
80.648 408.0 
80.718 409.0 
80.648 410.0 
80.706 411.0 
80.718 412.0 
81.197 413.0 
80.741 414.0 
80.659 415.0 
80.753 416.0 
80.624 417.0 
80.706 418.0 
80.741 419.0 
80.648 420.0 
80.694 421.0 
80.765 422.0 
80.776 423.0 
80.659 424.0 
80.671 425.0 
80.706 426.0 
80.741 427.0 
80.659 428.0 
80.659 429.0 
80.671 430.0 
80.718 431.0 
80.753 432.0 
80.741 433.0 
80.636 434.0 
80.648 435.0 
80.683 436.0 
80.765 437.0 
80.659 438.0 
80.589 439.0 
80.671 440.0 
80.671 441.0 
80.683 442.0 
80.659 443.0 
80.648 444.0 
80.683 445.0 
80.613 446.0 
80.741 447.0 
80.706 448.0 
80.916 449.0 
80.905 450.0 
80.659 451.0 
80.671 452.0 
80.659 453.0 
80.601 454.0 
80.753 455.0 
80.519 456.0 
80.683 457.0 
80.636 458.0 
80.753 459.0 
80.753 460.0 
80.694 461.0 
80.659 462.0 
80.741 463.0 
80.694 464.0 
80.683 465.0 
80.694 466.0 
80.683 467.0 
80.601 468.0 
80.694 469.0 
80.624 470.0 
80.624 471.0 
80.694 472.0 
80.519 473.0 
80.706 474.0 
80.788 475.0 
80.671 476.0 
80.613 477.0 
80.683 478.0 
80.601 479.0 
80.741 480.0 
80.753 481.0 
80.648 482.0 
80.718 483.0 
80.613 484.0 
80.706 485.0 
80.613 486.0 
80.659 487.0 
80.706 488.0 
80.648 489.0 
80.659 490.0 
80.741 491.0 
80.659 492.0 
80.718 493.0 
80.741 494.0 
80.636 495.0 
80.636 496.0 
80.718 497.0 
80.753 498.0 
80.624 499.0 
80.659 500.0 
80.671 501.0 
80.706 502.0 
80.589 503.0 
80.613 504.0 
80.648 505.0 
80.624 506.0 
80.636 507.0 
80.683 508.0 
80.601 509.0 
80.589 510.0 
80.613 511.0 
80.648 512.0 
80.636 513.0 
80.694 514.0 
80.694 515.0 
80.718 516.0 
80.928 517.0 
80.519 518.0 
80.543 519.0 
80.601 520.0 
80.601 521.0 
80.601 522.0 
80.554 523.0 
80.566 524.0 
80.578 525.0 
80.566 526.0 
80.566 527.0 
80.531 528.0 
80.519 529.0 
80.496 530.0 
80.484 531.0 
80.624 532.0 
80.963 533.0 
80.543 534.0 
80.543 535.0 
80.508 536.0 
80.496 537.0 
80.379 538.0 
80.391 539.0 
80.379 540.0 
80.484 541.0 
80.379 542.0 
80.414 543.0 
80.367 544.0 
80.297 545.0 
80.274 546.0 
80.391 547.0 
80.297 548.0 
80.332 549.0 
80.297 550.0 
80.262 551.0 
80.367 552.0 
80.309 553.0 
80.251 554.0 
80.239 555.0 
80.356 556.0 
80.309 557.0 
80.239 558.0 
79.935 559.0 
80.356 560.0 
80.297 561.0 
80.216 562.0 
80.309 563.0 
80.251 564.0 
80.157 565.0 
80.309 566.0 
80.309 567.0 
80.181 568.0 
80.262 569.0 
80.227 570.0 
80.321 571.0 
80.286 572.0 
80.216 573.0 
80.309 574.0 
80.204 575.0 
80.624 576.0 
80.262 577.0 
80.239 578.0 
80.356 579.0 
80.344 580.0 
80.356 581.0 
80.297 582.0 
80.367 583.0 
80.332 584.0 
80.437 585.0 
80.321 586.0 
80.262 587.0 
80.321 588.0 
80.274 589.0 
80.332 590.0 
80.262 591.0 
80.356 592.0 
80.262 593.0 
80.332 594.0 
80.239 595.0 
80.332 596.0 
80.251 597.0 
80.274 598.0 
80.251 599.0 
80.367 600.0 
80.414 601.0 
80.321 602.0 
80.367 603.0 
80.274 604.0 
80.367 605.0 
80.239 606.0 
80.344 607.0 
80.227 608.0 
80.321 609.0 
80.391 610.0 
80.262 611.0 
80.379 612.0 
80.251 613.0 
80.344 614.0 
80.227 615.0 
80.239 616.0 
80.391 617.0 
80.216 618.0 
80.309 619.0 
80.099 620.0 
80.262 621.0 
80.344 622.0 
80.239 623.0 
80.309 624.0 
80.356 625.0 
80.262 626.0 
80.309 627.0 
80.367 628.0 
80.286 629.0 
80.321 630.0 
80.391 631.0 
80.251 632.0 
80.344 633.0 
80.636 634.0 
80.262 635.0 
80.344 636.0 
80.391 637.0 
80.262 638.0 
80.286 639.0 
80.356 640.0 
80.239 641.0 
80.181 642.0 
80.356 643.0 
80.216 644.0 
80.274 645.0 
80.321 646.0 
80.367 647.0 
80.204 648.0 
80.262 649.0 
80.227 650.0 
79.97 651.0 
79.924 652.0 
79.818 653.0 
79.807 654.0 
79.433 655.0 
79.421 656.0 
79.375 657.0 
79.351 658.0 
79.211 659.0 
79.293 660.0 
79.305 661.0 
79.281 662.0 
79.153 663.0 
79.199 664.0 
79.258 665.0 
79.316 666.0 
79.153 667.0 
79.176 668.0 
79.211 669.0 
79.258 670.0 
79.141 671.0 
79.188 672.0 
79.234 673.0 
79.27 674.0 
79.211 675.0 
79.141 676.0 
79.188 677.0 
79.211 678.0 
79.258 679.0 
79.281 680.0 
79.164 681.0 
79.176 682.0 
79.176 683.0 
79.234 684.0 
79.281 685.0 
79.316 686.0 
79.118 687.0 
79.164 688.0 
79.188 689.0 
79.234 690.0 
79.293 691.0 
79.316 692.0 
79.153 693.0 
79.153 694.0 
79.211 695.0 
79.234 696.0 
79.281 697.0 
79.258 698.0 
79.083 699.0 
79.118 700.0 
79.141 701.0 
79.211 702.0 
79.211 703.0 
79.199 704.0 
79.164 705.0 
79.281 706.0 
79.141 707.0 
79.141 708.0 
79.176 709.0 
79.188 710.0 
79.223 711.0 
79.234 712.0 
79.281 713.0 
79.305 714.0 
79.106 715.0 
79.129 716.0 
79.141 717.0 
79.164 718.0 
79.199 719.0 
79.211 720.0 
79.258 721.0 
79.246 722.0 
79.258 723.0 
79.281 724.0 
79.305 725.0 
79.083 726.0 
79.141 727.0 
79.129 728.0 
79.176 729.0 
79.199 730.0 
79.199 731.0 
79.199 732.0 
79.223 733.0 
79.246 734.0 
79.27 735.0 
79.281 736.0 
79.27 737.0 
79.305 738.0 
79.083 739.0 
79.141 740.0 
79.094 741.0 
79.129 742.0 
79.118 743.0 
79.129 744.0 
79.164 745.0 
79.153 746.0 
79.176 747.0 
79.141 748.0 
79.176 749.0 
79.199 750.0 
79.176 751.0 
79.188 752.0 
79.188 753.0 
79.199 754.0 
79.211 755.0 
79.176 756.0 
79.211 757.0 
79.188 758.0 
79.199 759.0 
79.223 760.0 
79.234 761.0 
79.211 762.0 
79.199 763.0 
79.223 764.0 
79.234 765.0 
79.211 766.0 
79.211 767.0 
79.223 768.0 
79.223 769.0 
79.211 770.0 
79.188 771.0 
79.246 772.0 
79.246 773.0 
79.223 774.0 
79.234 775.0 
79.234 776.0 
79.234 777.0 
79.211 778.0 
79.246 779.0 
79.223 780.0 
79.246 781.0 
79.211 782.0 
79.188 783.0 
79.199 784.0 
79.211 785.0 
79.176 786.0 
79.188 787.0 
79.234 788.0 
79.199 789.0 
79.234 790.0 
79.188 791.0 
79.223 792.0 
79.246 793.0 
79.234 794.0 
79.234 795.0 
79.223 796.0 
79.234 797.0 
79.199 798.0 
79.234 799.0 
79.223 800.0 
79.223 801.0 
79.199 802.0 
79.234 803.0 
79.223 804.0 
0.004 805.0 
0.002 806.0 
0.001 807.0 
0.001 808.0 
-0.006 809.0 
-0.004 810.0 
-0.012 811.0 
-0.008 812.0 
-0.019 813.0 
-0.029 814.0 
-0.025 815.0 
-0.03 816.0 
-0.028 817.0 
-0.038 818.0 
-0.031 819.0 
-0.025 820.0 
-0.034 821.0 
-0.03 822.0 
-0.037 823.0 
-0.03 824.0 
-0.029 825.0 
-0.031 826.0 
-0.031 827.0 
-0.03 828.0 
-0.028 829.0 
