-0.042 257.0 
-0.038 258.0 
-0.025 259.0 
-0.032 260.0 
-0.007 261.0 
-0.016 262.0 
-0.052 263.0 
-0.023 264.0 
-0.031 265.0 
-0.023 266.0 
-0.048 267.0 
-0.026 268.0 
-0.047 269.0 
-0.026 270.0 
-0.012 271.0 
-0.047 272.0 
-0.036 273.0 
-0.044 274.0 
148.214 275.0 
145.399 276.0 
143.986 277.0 
142.211 278.0 
140.284 279.0 
138.275 280.0 
136.383 281.0 
134.047 282.0 
130.566 283.0 
129.176 284.0 
128.709 285.0 
128.336 286.0 
128.067 287.0 
127.728 288.0 
127.471 289.0 
127.249 290.0 
126.7 291.0 
126.432 292.0 
126.233 293.0 
126.07 294.0 
125.532 295.0 
125.427 296.0 
125.311 297.0 
124.715 298.0 
124.516 299.0 
124.4 300.0 
123.839 301.0 
123.687 302.0 
123.103 303.0 
122.951 304.0 
122.729 305.0 
121.83 306.0 
119.996 307.0 
117.205 308.0 
114.402 309.0 
110.84 310.0 
107.616 311.0 
103.668 312.0 
99.966 313.0 
96.053 314.0 
92.292 315.0 
88.45 316.0 
84.864 317.0 
81.804 318.0 
81.605 319.0 
81.302 320.0 
81.197 321.0 
81.127 322.0 
80.951 323.0 
80.975 324.0 
80.928 325.0 
80.8 326.0 
80.905 327.0 
80.8 328.0 
81.232 329.0 
80.916 330.0 
80.858 331.0 
81.103 332.0 
80.951 333.0 
80.823 334.0 
80.835 335.0 
80.951 336.0 
80.893 337.0 
80.823 338.0 
80.951 339.0 
80.881 340.0 
80.846 341.0 
80.846 342.0 
81.021 343.0 
80.835 344.0 
80.87 345.0 
80.823 346.0 
80.8 347.0 
80.788 348.0 
80.916 349.0 
80.858 350.0 
80.858 351.0 
80.87 352.0 
80.846 353.0 
80.788 354.0 
80.94 355.0 
80.905 356.0 
80.94 357.0 
80.905 358.0 
80.928 359.0 
80.881 360.0 
80.881 361.0 
80.835 362.0 
80.835 363.0 
80.811 364.0 
80.811 365.0 
80.846 366.0 
80.893 367.0 
80.788 368.0 
80.811 369.0 
80.835 370.0 
80.858 371.0 
80.881 372.0 
80.905 373.0 
80.905 374.0 
80.916 375.0 
81.138 376.0 
80.811 377.0 
80.835 378.0 
80.846 379.0 
80.87 380.0 
80.835 381.0 
80.928 382.0 
80.811 383.0 
80.811 384.0 
80.788 385.0 
80.905 386.0 
80.823 387.0 
80.776 388.0 
80.87 389.0 
80.893 390.0 
80.846 391.0 
80.823 392.0 
80.916 393.0 
80.753 394.0 
80.87 395.0 
80.951 396.0 
80.811 397.0 
80.916 398.0 
80.718 399.0 
80.823 400.0 
80.94 401.0 
80.87 402.0 
80.951 403.0 
80.905 404.0 
80.811 405.0 
80.776 406.0 
80.846 407.0 
80.8 408.0 
80.846 409.0 
80.765 410.0 
80.835 411.0 
80.893 412.0 
81.29 413.0 
80.916 414.0 
80.846 415.0 
80.87 416.0 
80.811 417.0 
80.94 418.0 
80.893 419.0 
80.765 420.0 
80.823 421.0 
80.881 422.0 
80.881 423.0 
80.811 424.0 
80.788 425.0 
80.87 426.0 
80.916 427.0 
80.823 428.0 
80.8 429.0 
80.8 430.0 
80.87 431.0 
80.858 432.0 
80.905 433.0 
80.765 434.0 
80.788 435.0 
80.835 436.0 
80.94 437.0 
80.729 438.0 
80.823 439.0 
80.8 440.0 
80.811 441.0 
80.835 442.0 
80.811 443.0 
80.823 444.0 
80.776 445.0 
80.776 446.0 
80.893 447.0 
80.858 448.0 
80.835 449.0 
81.255 450.0 
80.765 451.0 
80.811 452.0 
80.776 453.0 
80.765 454.0 
80.881 455.0 
80.741 456.0 
80.823 457.0 
80.753 458.0 
80.846 459.0 
80.881 460.0 
80.835 461.0 
80.8 462.0 
80.928 463.0 
80.835 464.0 
80.788 465.0 
80.87 466.0 
80.846 467.0 
80.741 468.0 
80.846 469.0 
80.776 470.0 
80.776 471.0 
80.846 472.0 
80.916 473.0 
80.846 474.0 
80.905 475.0 
80.823 476.0 
80.765 477.0 
80.835 478.0 
80.706 479.0 
80.835 480.0 
80.94 481.0 
80.823 482.0 
80.881 483.0 
80.765 484.0 
80.846 485.0 
80.741 486.0 
80.776 487.0 
80.835 488.0 
80.776 489.0 
80.823 490.0 
80.823 491.0 
80.8 492.0 
80.823 493.0 
80.87 494.0 
80.776 495.0 
80.694 496.0 
80.811 497.0 
80.881 498.0 
80.753 499.0 
80.753 500.0 
80.87 501.0 
80.87 502.0 
80.718 503.0 
80.753 504.0 
80.788 505.0 
80.788 506.0 
80.823 507.0 
81.045 508.0 
80.706 509.0 
80.718 510.0 
80.741 511.0 
80.765 512.0 
80.823 513.0 
80.835 514.0 
80.835 515.0 
80.87 516.0 
81.173 517.0 
80.624 518.0 
80.706 519.0 
80.729 520.0 
80.729 521.0 
80.718 522.0 
80.706 523.0 
80.741 524.0 
80.718 525.0 
80.706 526.0 
80.694 527.0 
80.636 528.0 
80.648 529.0 
80.613 530.0 
80.613 531.0 
80.753 532.0 
80.718 533.0 
80.694 534.0 
80.694 535.0 
80.648 536.0 
80.601 537.0 
80.566 538.0 
80.519 539.0 
80.519 540.0 
80.636 541.0 
80.531 542.0 
80.531 543.0 
80.484 544.0 
80.449 545.0 
80.414 546.0 
80.554 547.0 
80.437 548.0 
80.437 549.0 
80.391 550.0 
80.321 551.0 
80.461 552.0 
80.426 553.0 
80.356 554.0 
80.367 555.0 
80.484 556.0 
80.437 557.0 
80.391 558.0 
80.087 559.0 
80.414 560.0 
80.379 561.0 
80.309 562.0 
80.426 563.0 
80.391 564.0 
80.286 565.0 
80.437 566.0 
80.473 567.0 
80.286 568.0 
80.402 569.0 
80.356 570.0 
80.473 571.0 
80.402 572.0 
80.321 573.0 
80.402 574.0 
80.367 575.0 
80.484 576.0 
80.367 577.0 
80.379 578.0 
80.449 579.0 
80.402 580.0 
80.461 581.0 
80.437 582.0 
80.449 583.0 
80.449 584.0 
80.566 585.0 
80.461 586.0 
80.367 587.0 
80.449 588.0 
80.379 589.0 
80.484 590.0 
80.344 591.0 
80.449 592.0 
80.391 593.0 
80.402 594.0 
80.402 595.0 
80.473 596.0 
80.379 597.0 
80.461 598.0 
80.391 599.0 
80.449 600.0 
80.531 601.0 
80.426 602.0 
80.496 603.0 
80.391 604.0 
80.473 605.0 
80.356 606.0 
80.414 607.0 
80.332 608.0 
80.391 609.0 
80.484 610.0 
80.379 611.0 
80.461 612.0 
80.391 613.0 
80.496 614.0 
80.379 615.0 
80.426 616.0 
80.531 617.0 
80.356 618.0 
80.426 619.0 
80.227 620.0 
80.414 621.0 
80.461 622.0 
80.321 623.0 
80.402 624.0 
80.484 625.0 
80.367 626.0 
80.461 627.0 
80.508 628.0 
80.379 629.0 
80.402 630.0 
80.519 631.0 
80.332 632.0 
80.449 633.0 
80.496 634.0 
80.426 635.0 
80.437 636.0 
80.484 637.0 
80.402 638.0 
80.426 639.0 
80.496 640.0 
80.367 641.0 
80.402 642.0 
80.461 643.0 
80.286 644.0 
80.274 645.0 
80.099 646.0 
79.889 647.0 
79.258 648.0 
78.872 649.0 
78.172 650.0 
77.658 651.0 
77.471 652.0 
77.261 653.0 
77.167 654.0 
76.817 655.0 
76.758 656.0 
76.7 657.0 
76.735 658.0 
76.595 659.0 
76.653 660.0 
76.665 661.0 
76.723 662.0 
76.501 663.0 
76.501 664.0 
76.583 665.0 
76.63 666.0 
76.501 667.0 
76.536 668.0 
76.572 669.0 
76.618 670.0 
76.455 671.0 
76.501 672.0 
76.56 673.0 
76.572 674.0 
76.56 675.0 
76.501 676.0 
76.501 677.0 
76.548 678.0 
76.536 679.0 
76.653 680.0 
76.478 681.0 
76.525 682.0 
76.513 683.0 
76.56 684.0 
76.618 685.0 
76.653 686.0 
76.455 687.0 
76.49 688.0 
76.536 689.0 
76.56 690.0 
76.642 691.0 
76.63 692.0 
76.466 693.0 
76.501 694.0 
76.525 695.0 
76.56 696.0 
76.525 697.0 
76.583 698.0 
76.385 699.0 
76.466 700.0 
76.466 701.0 
76.513 702.0 
76.548 703.0 
76.56 704.0 
76.595 705.0 
76.63 706.0 
76.478 707.0 
76.49 708.0 
76.513 709.0 
76.513 710.0 
76.536 711.0 
76.548 712.0 
76.595 713.0 
76.595 714.0 
76.677 715.0 
76.455 716.0 
76.455 717.0 
76.536 718.0 
76.56 719.0 
76.56 720.0 
76.548 721.0 
76.572 722.0 
76.595 723.0 
76.583 724.0 
76.63 725.0 
76.478 726.0 
76.455 727.0 
76.478 728.0 
76.513 729.0 
76.513 730.0 
76.525 731.0 
76.56 732.0 
76.56 733.0 
76.548 734.0 
76.595 735.0 
76.572 736.0 
76.56 737.0 
76.607 738.0 
76.361 739.0 
76.42 740.0 
76.466 741.0 
76.466 742.0 
76.501 743.0 
76.478 744.0 
76.501 745.0 
76.49 746.0 
76.466 747.0 
76.525 748.0 
76.466 749.0 
76.501 750.0 
76.513 751.0 
76.548 752.0 
76.548 753.0 
76.536 754.0 
76.525 755.0 
76.536 756.0 
76.572 757.0 
76.548 758.0 
76.536 759.0 
76.548 760.0 
76.548 761.0 
76.56 762.0 
76.56 763.0 
76.536 764.0 
76.536 765.0 
76.583 766.0 
76.56 767.0 
76.513 768.0 
76.548 769.0 
76.548 770.0 
76.56 771.0 
76.536 772.0 
76.572 773.0 
76.548 774.0 
76.583 775.0 
76.572 776.0 
76.595 777.0 
76.536 778.0 
76.536 779.0 
76.536 780.0 
76.548 781.0 
76.536 782.0 
76.56 783.0 
76.56 784.0 
76.525 785.0 
76.525 786.0 
76.536 787.0 
76.513 788.0 
76.548 789.0 
76.548 790.0 
76.525 791.0 
76.536 792.0 
76.572 793.0 
76.595 794.0 
76.572 795.0 
76.572 796.0 
76.572 797.0 
76.525 798.0 
76.572 799.0 
76.56 800.0 
76.548 801.0 
76.583 802.0 
76.572 803.0 
76.548 804.0 
-0.001 805.0 
0.007 806.0 
0.008 807.0 
0.005 808.0 
0.006 809.0 
-0.001 810.0 
0.0 811.0 
0.006 812.0 
0.001 813.0 
0.0 814.0 
0.0 815.0 
-0.004 816.0 
0.0 817.0 
-0.006 818.0 
0.0 819.0 
-0.008 820.0 
-0.006 821.0 
-0.008 822.0 
-0.018 823.0 
-0.016 824.0 
-0.016 825.0 
-0.012 826.0 
-0.022 827.0 
-0.026 828.0 
-0.025 829.0 
