-0.014 257.0 
-0.037 258.0 
-0.128 259.0 
-0.036 260.0 
-0.036 261.0 
-0.017 262.0 
-0.02 263.0 
-0.025 264.0 
-0.029 265.0 
-0.035 266.0 
-0.02 267.0 
-0.012 268.0 
-0.03 269.0 
-0.028 270.0 
-0.017 271.0 
-0.02 272.0 
-0.028 273.0 
-0.028 274.0 
150.55 275.0 
147.315 276.0 
146.182 277.0 
144.64 278.0 
142.83 279.0 
140.389 280.0 
138.52 281.0 
136.301 282.0 
133.136 283.0 
131.886 284.0 
131.547 285.0 
131.162 286.0 
130.987 287.0 
130.671 288.0 
130.403 289.0 
129.702 290.0 
129.597 291.0 
129.398 292.0 
129.188 293.0 
129.036 294.0 
128.476 295.0 
128.359 296.0 
128.254 297.0 
127.752 298.0 
127.553 299.0 
127.518 300.0 
126.992 301.0 
126.946 302.0 
126.443 303.0 
126.327 304.0 
126.268 305.0 
125.696 306.0 
124.645 307.0 
122.391 308.0 
119.693 309.0 
115.873 310.0 
112.159 311.0 
107.873 312.0 
103.575 313.0 
98.821 314.0 
94.313 315.0 
89.746 316.0 
85.448 317.0 
82.084 318.0 
81.886 319.0 
81.664 320.0 
81.57 321.0 
81.535 322.0 
81.43 323.0 
81.5 324.0 
81.442 325.0 
81.325 326.0 
81.442 327.0 
81.325 328.0 
81.874 329.0 
81.442 330.0 
81.348 331.0 
81.652 332.0 
81.465 333.0 
81.325 334.0 
81.384 335.0 
81.442 336.0 
81.442 337.0 
81.325 338.0 
81.477 339.0 
81.384 340.0 
81.384 341.0 
81.36 342.0 
81.442 343.0 
81.419 344.0 
81.384 345.0 
81.372 346.0 
81.325 347.0 
81.278 348.0 
81.419 349.0 
81.419 350.0 
81.36 351.0 
81.442 352.0 
81.384 353.0 
81.29 354.0 
81.489 355.0 
81.43 356.0 
81.465 357.0 
81.407 358.0 
81.465 359.0 
81.43 360.0 
81.43 361.0 
81.395 362.0 
81.395 363.0 
81.337 364.0 
81.337 365.0 
81.384 366.0 
81.407 367.0 
81.36 368.0 
81.384 369.0 
81.395 370.0 
81.43 371.0 
81.419 372.0 
81.43 373.0 
81.442 374.0 
81.454 375.0 
81.711 376.0 
81.313 377.0 
81.384 378.0 
81.36 379.0 
81.372 380.0 
81.372 381.0 
81.5 382.0 
81.36 383.0 
81.36 384.0 
81.337 385.0 
81.454 386.0 
81.348 387.0 
81.325 388.0 
81.395 389.0 
81.395 390.0 
81.384 391.0 
81.384 392.0 
81.465 393.0 
81.29 394.0 
81.395 395.0 
81.512 396.0 
81.313 397.0 
81.384 398.0 
81.267 399.0 
81.29 400.0 
81.419 401.0 
81.419 402.0 
81.489 403.0 
81.395 404.0 
81.36 405.0 
81.313 406.0 
81.407 407.0 
81.325 408.0 
81.384 409.0 
81.337 410.0 
81.407 411.0 
81.442 412.0 
81.489 413.0 
81.384 414.0 
81.372 415.0 
81.395 416.0 
81.302 417.0 
81.512 418.0 
81.43 419.0 
81.325 420.0 
81.337 421.0 
81.384 422.0 
81.419 423.0 
81.337 424.0 
81.372 425.0 
81.395 426.0 
81.407 427.0 
81.348 428.0 
81.372 429.0 
81.267 430.0 
81.419 431.0 
81.465 432.0 
81.395 433.0 
81.29 434.0 
81.325 435.0 
81.372 436.0 
81.442 437.0 
81.267 438.0 
81.348 439.0 
81.313 440.0 
81.325 441.0 
81.313 442.0 
81.372 443.0 
81.337 444.0 
81.313 445.0 
81.313 446.0 
81.454 447.0 
81.419 448.0 
81.395 449.0 
81.664 450.0 
81.348 451.0 
81.337 452.0 
81.313 453.0 
81.302 454.0 
81.407 455.0 
81.372 456.0 
81.337 457.0 
81.302 458.0 
81.395 459.0 
81.419 460.0 
81.337 461.0 
81.337 462.0 
81.43 463.0 
81.395 464.0 
81.384 465.0 
81.43 466.0 
81.395 467.0 
81.29 468.0 
81.419 469.0 
81.348 470.0 
81.36 471.0 
81.36 472.0 
81.419 473.0 
81.36 474.0 
81.442 475.0 
81.407 476.0 
81.267 477.0 
81.337 478.0 
81.278 479.0 
81.337 480.0 
81.442 481.0 
81.337 482.0 
81.43 483.0 
81.337 484.0 
81.384 485.0 
81.302 486.0 
81.267 487.0 
81.407 488.0 
81.348 489.0 
81.325 490.0 
81.407 491.0 
81.407 492.0 
81.337 493.0 
81.419 494.0 
81.302 495.0 
81.302 496.0 
81.384 497.0 
81.419 498.0 
81.278 499.0 
81.313 500.0 
81.337 501.0 
81.372 502.0 
81.267 503.0 
81.29 504.0 
81.325 505.0 
81.325 506.0 
81.36 507.0 
81.419 508.0 
81.267 509.0 
81.302 510.0 
81.302 511.0 
81.325 512.0 
81.348 513.0 
81.372 514.0 
81.384 515.0 
81.36 516.0 
81.407 517.0 
81.208 518.0 
81.197 519.0 
81.243 520.0 
81.232 521.0 
81.22 522.0 
81.22 523.0 
81.22 524.0 
81.208 525.0 
81.232 526.0 
81.185 527.0 
81.15 528.0 
81.162 529.0 
81.103 530.0 
81.115 531.0 
81.267 532.0 
81.22 533.0 
81.127 534.0 
81.162 535.0 
81.103 536.0 
81.045 537.0 
81.045 538.0 
80.951 539.0 
80.94 540.0 
81.045 541.0 
81.01 542.0 
80.951 543.0 
80.893 544.0 
80.858 545.0 
80.846 546.0 
80.94 547.0 
80.905 548.0 
80.846 549.0 
80.788 550.0 
80.741 551.0 
80.87 552.0 
80.788 553.0 
80.765 554.0 
80.741 555.0 
80.835 556.0 
80.788 557.0 
80.753 558.0 
80.881 559.0 
80.823 560.0 
80.729 561.0 
80.718 562.0 
80.8 563.0 
80.8 564.0 
80.636 565.0 
80.846 566.0 
80.881 567.0 
80.683 568.0 
80.776 569.0 
80.741 570.0 
80.87 571.0 
80.729 572.0 
80.694 573.0 
80.765 574.0 
80.753 575.0 
80.858 576.0 
80.741 577.0 
80.753 578.0 
80.846 579.0 
80.788 580.0 
80.87 581.0 
80.811 582.0 
80.916 583.0 
80.858 584.0 
80.905 585.0 
80.846 586.0 
80.729 587.0 
80.846 588.0 
80.765 589.0 
80.846 590.0 
80.753 591.0 
80.823 592.0 
80.741 593.0 
80.8 594.0 
80.753 595.0 
80.858 596.0 
80.729 597.0 
80.811 598.0 
80.741 599.0 
80.823 600.0 
80.858 601.0 
80.8 602.0 
80.858 603.0 
80.776 604.0 
80.858 605.0 
80.788 606.0 
80.835 607.0 
80.753 608.0 
80.811 609.0 
80.858 610.0 
80.8 611.0 
80.858 612.0 
80.729 613.0 
80.8 614.0 
80.683 615.0 
80.811 616.0 
80.881 617.0 
80.729 618.0 
80.811 619.0 
80.402 620.0 
80.788 621.0 
80.8 622.0 
80.729 623.0 
80.811 624.0 
80.87 625.0 
80.718 626.0 
80.846 627.0 
80.893 628.0 
80.776 629.0 
80.846 630.0 
80.893 631.0 
80.671 632.0 
80.823 633.0 
80.916 634.0 
80.765 635.0 
80.823 636.0 
80.846 637.0 
80.729 638.0 
80.8 639.0 
80.881 640.0 
80.694 641.0 
80.8 642.0 
80.846 643.0 
80.741 644.0 
80.776 645.0 
80.823 646.0 
80.87 647.0 
80.741 648.0 
80.776 649.0 
80.87 650.0 
80.706 651.0 
80.753 652.0 
80.823 653.0 
80.87 654.0 
80.706 655.0 
80.765 656.0 
80.788 657.0 
80.846 658.0 
80.753 659.0 
80.776 660.0 
80.87 661.0 
80.916 662.0 
80.636 663.0 
80.776 664.0 
80.858 665.0 
80.87 666.0 
80.753 667.0 
80.788 668.0 
80.811 669.0 
80.893 670.0 
80.718 671.0 
80.765 672.0 
80.8 673.0 
80.788 674.0 
80.858 675.0 
80.741 676.0 
80.753 677.0 
80.765 678.0 
80.729 679.0 
80.87 680.0 
80.753 681.0 
80.729 682.0 
80.788 683.0 
80.835 684.0 
80.881 685.0 
80.893 686.0 
80.729 687.0 
80.8 688.0 
80.811 689.0 
80.835 690.0 
80.881 691.0 
80.928 692.0 
80.694 693.0 
80.765 694.0 
80.765 695.0 
80.8 696.0 
80.835 697.0 
80.835 698.0 
80.473 699.0 
80.706 700.0 
80.753 701.0 
80.8 702.0 
80.8 703.0 
80.788 704.0 
80.846 705.0 
80.87 706.0 
80.706 707.0 
80.729 708.0 
80.718 709.0 
80.811 710.0 
80.835 711.0 
80.835 712.0 
80.858 713.0 
80.858 714.0 
80.905 715.0 
80.706 716.0 
80.729 717.0 
80.753 718.0 
80.753 719.0 
80.776 720.0 
80.788 721.0 
80.846 722.0 
80.846 723.0 
80.893 724.0 
80.893 725.0 
80.729 726.0 
80.706 727.0 
80.718 728.0 
80.741 729.0 
80.776 730.0 
80.788 731.0 
80.765 732.0 
80.811 733.0 
80.835 734.0 
80.835 735.0 
80.835 736.0 
80.87 737.0 
80.858 738.0 
80.905 739.0 
80.659 740.0 
80.671 741.0 
80.706 742.0 
80.694 743.0 
80.741 744.0 
80.729 745.0 
80.741 746.0 
80.776 747.0 
80.718 748.0 
80.765 749.0 
80.718 750.0 
80.765 751.0 
80.765 752.0 
80.776 753.0 
80.753 754.0 
80.753 755.0 
80.765 756.0 
80.765 757.0 
80.8 758.0 
80.8 759.0 
80.811 760.0 
80.8 761.0 
80.811 762.0 
80.811 763.0 
80.8 764.0 
80.8 765.0 
80.835 766.0 
80.823 767.0 
80.846 768.0 
80.823 769.0 
80.811 770.0 
80.811 771.0 
80.835 772.0 
80.846 773.0 
80.846 774.0 
80.788 775.0 
80.811 776.0 
80.788 777.0 
80.811 778.0 
80.776 779.0 
80.835 780.0 
80.788 781.0 
80.788 782.0 
80.8 783.0 
80.823 784.0 
80.823 785.0 
80.811 786.0 
80.788 787.0 
80.811 788.0 
80.8 789.0 
80.835 790.0 
80.823 791.0 
80.846 792.0 
80.788 793.0 
80.811 794.0 
80.8 795.0 
80.8 796.0 
80.8 797.0 
80.8 798.0 
80.835 799.0 
80.823 800.0 
80.8 801.0 
80.788 802.0 
80.811 803.0 
80.823 804.0 
0.004 805.0 
0.014 806.0 
0.0 807.0 
0.007 808.0 
-0.001 809.0 
0.005 810.0 
0.004 811.0 
0.008 812.0 
0.002 813.0 
-0.011 814.0 
-0.008 815.0 
-0.008 816.0 
-0.002 817.0 
-0.012 818.0 
-0.018 819.0 
-0.018 820.0 
-0.011 821.0 
-0.013 822.0 
-0.013 823.0 
-0.013 824.0 
-0.014 825.0 
-0.008 826.0 
-0.018 827.0 
-0.012 828.0 
-0.014 829.0 
