-0.037 257.0 
-0.04 258.0 
-0.049 259.0 
-0.038 260.0 
-0.084 261.0 
-0.038 262.0 
-0.038 263.0 
-0.02 264.0 
-0.029 265.0 
-0.04 266.0 
-0.052 267.0 
-0.044 268.0 
-0.024 269.0 
-0.042 270.0 
-0.052 271.0 
-0.052 272.0 
-0.044 273.0 
-0.029 274.0 
146.089 275.0 
143.157 276.0 
142.199 277.0 
141.043 278.0 
139.793 279.0 
138.076 280.0 
136.488 281.0 
134.584 282.0 
131.139 283.0 
129.796 284.0 
129.375 285.0 
129.048 286.0 
128.744 287.0 
128.441 288.0 
128.137 289.0 
128.067 290.0 
127.261 291.0 
126.981 292.0 
126.735 293.0 
126.42 294.0 
126.081 295.0 
125.918 296.0 
125.789 297.0 
125.217 298.0 
125.03 299.0 
124.937 300.0 
124.329 301.0 
124.213 302.0 
123.652 303.0 
123.524 304.0 
123.442 305.0 
122.706 306.0 
121.456 307.0 
119.074 308.0 
116.352 309.0 
112.58 310.0 
108.644 311.0 
104.229 312.0 
100.199 313.0 
96.053 314.0 
92.222 315.0 
88.356 316.0 
84.771 317.0 
82.026 318.0 
81.897 319.0 
81.664 320.0 
81.512 321.0 
81.535 322.0 
81.407 323.0 
81.442 324.0 
81.419 325.0 
81.325 326.0 
81.454 327.0 
81.348 328.0 
81.524 329.0 
81.419 330.0 
81.36 331.0 
81.652 332.0 
81.43 333.0 
81.407 334.0 
81.337 335.0 
81.442 336.0 
81.454 337.0 
81.337 338.0 
81.5 339.0 
81.407 340.0 
81.384 341.0 
81.348 342.0 
81.43 343.0 
81.395 344.0 
81.36 345.0 
81.348 346.0 
81.313 347.0 
81.395 348.0 
81.43 349.0 
81.419 350.0 
81.384 351.0 
81.407 352.0 
81.337 353.0 
81.313 354.0 
81.465 355.0 
81.407 356.0 
81.442 357.0 
81.372 358.0 
81.419 359.0 
81.407 360.0 
81.407 361.0 
81.36 362.0 
81.395 363.0 
81.348 364.0 
81.348 365.0 
81.395 366.0 
81.43 367.0 
81.372 368.0 
81.384 369.0 
81.395 370.0 
81.384 371.0 
81.372 372.0 
81.454 373.0 
81.465 374.0 
81.465 375.0 
81.676 376.0 
81.313 377.0 
81.36 378.0 
81.372 379.0 
81.337 380.0 
81.372 381.0 
81.325 382.0 
81.384 383.0 
81.36 384.0 
81.36 385.0 
81.477 386.0 
81.348 387.0 
81.337 388.0 
81.407 389.0 
81.407 390.0 
81.36 391.0 
81.36 392.0 
81.43 393.0 
81.325 394.0 
81.407 395.0 
81.5 396.0 
81.348 397.0 
81.36 398.0 
81.407 399.0 
81.337 400.0 
81.454 401.0 
81.395 402.0 
81.465 403.0 
81.407 404.0 
81.36 405.0 
81.302 406.0 
81.395 407.0 
81.348 408.0 
81.395 409.0 
81.325 410.0 
81.372 411.0 
81.442 412.0 
81.617 413.0 
81.477 414.0 
81.36 415.0 
81.407 416.0 
81.337 417.0 
81.43 418.0 
81.384 419.0 
81.337 420.0 
81.384 421.0 
81.395 422.0 
81.407 423.0 
81.337 424.0 
81.36 425.0 
81.372 426.0 
81.442 427.0 
81.384 428.0 
81.395 429.0 
81.348 430.0 
81.407 431.0 
81.419 432.0 
81.407 433.0 
81.302 434.0 
81.36 435.0 
81.372 436.0 
81.372 437.0 
81.337 438.0 
81.29 439.0 
81.36 440.0 
81.313 441.0 
81.348 442.0 
81.36 443.0 
81.348 444.0 
81.313 445.0 
81.337 446.0 
81.489 447.0 
81.43 448.0 
81.384 449.0 
81.512 450.0 
81.372 451.0 
81.36 452.0 
81.348 453.0 
81.29 454.0 
81.419 455.0 
81.395 456.0 
81.348 457.0 
81.313 458.0 
81.395 459.0 
81.407 460.0 
81.325 461.0 
81.337 462.0 
81.43 463.0 
81.348 464.0 
81.337 465.0 
81.419 466.0 
81.395 467.0 
81.325 468.0 
81.43 469.0 
81.348 470.0 
81.325 471.0 
81.372 472.0 
81.197 473.0 
81.372 474.0 
81.442 475.0 
81.395 476.0 
81.302 477.0 
81.36 478.0 
81.255 479.0 
81.372 480.0 
81.442 481.0 
81.337 482.0 
81.454 483.0 
81.337 484.0 
81.395 485.0 
81.302 486.0 
81.36 487.0 
81.419 488.0 
81.337 489.0 
81.325 490.0 
81.384 491.0 
81.372 492.0 
81.36 493.0 
81.43 494.0 
81.313 495.0 
81.313 496.0 
81.384 497.0 
81.384 498.0 
81.267 499.0 
81.302 500.0 
81.372 501.0 
81.419 502.0 
81.267 503.0 
81.325 504.0 
81.348 505.0 
81.313 506.0 
81.255 507.0 
81.337 508.0 
81.173 509.0 
81.302 510.0 
81.302 511.0 
81.337 512.0 
81.36 513.0 
81.395 514.0 
81.407 515.0 
81.419 516.0 
81.699 517.0 
81.115 518.0 
81.243 519.0 
81.232 520.0 
81.232 521.0 
81.232 522.0 
81.243 523.0 
81.22 524.0 
81.232 525.0 
81.243 526.0 
81.232 527.0 
81.185 528.0 
81.173 529.0 
81.173 530.0 
81.173 531.0 
81.29 532.0 
81.243 533.0 
81.22 534.0 
81.197 535.0 
81.15 536.0 
81.08 537.0 
80.986 538.0 
80.975 539.0 
80.916 540.0 
81.045 541.0 
80.998 542.0 
80.916 543.0 
80.87 544.0 
80.8 545.0 
80.741 546.0 
80.893 547.0 
80.823 548.0 
80.765 549.0 
80.718 550.0 
80.706 551.0 
80.8 552.0 
80.753 553.0 
80.694 554.0 
80.671 555.0 
80.788 556.0 
80.718 557.0 
80.671 558.0 
80.297 559.0 
80.741 560.0 
80.694 561.0 
80.613 562.0 
80.753 563.0 
80.648 564.0 
80.613 565.0 
80.741 566.0 
80.765 567.0 
80.648 568.0 
80.718 569.0 
80.671 570.0 
80.788 571.0 
80.718 572.0 
80.613 573.0 
80.765 574.0 
80.683 575.0 
81.162 576.0 
80.659 577.0 
80.694 578.0 
80.753 579.0 
80.718 580.0 
80.811 581.0 
80.741 582.0 
80.823 583.0 
80.765 584.0 
80.484 585.0 
80.776 586.0 
80.694 587.0 
80.811 588.0 
80.729 589.0 
80.788 590.0 
80.706 591.0 
80.788 592.0 
80.706 593.0 
80.788 594.0 
80.694 595.0 
80.718 596.0 
80.683 597.0 
80.718 598.0 
80.683 599.0 
80.718 600.0 
80.835 601.0 
80.706 602.0 
80.811 603.0 
80.706 604.0 
80.765 605.0 
80.683 606.0 
80.835 607.0 
80.648 608.0 
80.765 609.0 
80.846 610.0 
80.741 611.0 
80.823 612.0 
80.683 613.0 
80.765 614.0 
80.671 615.0 
80.683 616.0 
80.8 617.0 
80.659 618.0 
80.776 619.0 
80.566 620.0 
80.706 621.0 
80.776 622.0 
80.671 623.0 
80.729 624.0 
80.823 625.0 
80.694 626.0 
80.753 627.0 
80.811 628.0 
80.694 629.0 
80.753 630.0 
80.8 631.0 
80.694 632.0 
80.8 633.0 
81.057 634.0 
80.729 635.0 
80.765 636.0 
80.823 637.0 
80.694 638.0 
80.741 639.0 
80.811 640.0 
80.671 641.0 
80.659 642.0 
80.788 643.0 
80.648 644.0 
80.613 645.0 
80.729 646.0 
80.846 647.0 
80.694 648.0 
80.753 649.0 
80.823 650.0 
80.613 651.0 
80.706 652.0 
80.776 653.0 
80.846 654.0 
80.683 655.0 
80.613 656.0 
80.741 657.0 
80.8 658.0 
80.718 659.0 
80.718 660.0 
80.765 661.0 
80.776 662.0 
80.683 663.0 
80.729 664.0 
80.776 665.0 
80.835 666.0 
80.636 667.0 
80.718 668.0 
80.765 669.0 
80.835 670.0 
80.648 671.0 
80.683 672.0 
80.753 673.0 
80.776 674.0 
80.823 675.0 
80.613 676.0 
80.671 677.0 
80.741 678.0 
80.753 679.0 
80.811 680.0 
80.659 681.0 
80.659 682.0 
80.765 683.0 
80.765 684.0 
80.706 685.0 
80.811 686.0 
80.671 687.0 
80.694 688.0 
80.741 689.0 
80.765 690.0 
80.776 691.0 
80.753 692.0 
80.636 693.0 
80.694 694.0 
80.729 695.0 
80.718 696.0 
80.729 697.0 
80.8 698.0 
80.601 699.0 
80.683 700.0 
80.671 701.0 
80.718 702.0 
80.741 703.0 
80.765 704.0 
80.776 705.0 
80.788 706.0 
80.659 707.0 
80.683 708.0 
80.718 709.0 
80.671 710.0 
80.729 711.0 
80.776 712.0 
80.823 713.0 
80.8 714.0 
80.601 715.0 
80.659 716.0 
80.648 717.0 
80.683 718.0 
80.706 719.0 
80.706 720.0 
80.741 721.0 
80.753 722.0 
80.765 723.0 
80.823 724.0 
80.811 725.0 
80.613 726.0 
80.648 727.0 
80.694 728.0 
80.671 729.0 
80.659 730.0 
80.718 731.0 
80.765 732.0 
80.788 733.0 
80.765 734.0 
80.8 735.0 
80.8 736.0 
80.811 737.0 
80.823 738.0 
80.624 739.0 
80.636 740.0 
80.636 741.0 
80.636 742.0 
80.648 743.0 
80.624 744.0 
80.694 745.0 
80.659 746.0 
80.671 747.0 
80.706 748.0 
80.718 749.0 
80.706 750.0 
80.718 751.0 
80.718 752.0 
80.718 753.0 
80.706 754.0 
80.718 755.0 
80.753 756.0 
80.694 757.0 
80.753 758.0 
80.741 759.0 
80.729 760.0 
80.729 761.0 
80.753 762.0 
80.729 763.0 
80.729 764.0 
80.729 765.0 
80.765 766.0 
80.776 767.0 
80.765 768.0 
80.753 769.0 
80.753 770.0 
80.765 771.0 
80.776 772.0 
80.753 773.0 
80.788 774.0 
80.765 775.0 
80.753 776.0 
80.753 777.0 
80.729 778.0 
80.729 779.0 
80.765 780.0 
80.718 781.0 
80.718 782.0 
80.741 783.0 
80.706 784.0 
80.741 785.0 
80.729 786.0 
80.718 787.0 
80.776 788.0 
80.765 789.0 
80.753 790.0 
80.765 791.0 
80.718 792.0 
80.765 793.0 
80.729 794.0 
80.741 795.0 
80.718 796.0 
80.694 797.0 
80.706 798.0 
80.718 799.0 
80.706 800.0 
80.706 801.0 
80.729 802.0 
80.729 803.0 
80.718 804.0 
0.004 805.0 
-0.008 806.0 
-0.007 807.0 
-0.005 808.0 
-0.004 809.0 
-0.001 810.0 
-0.008 811.0 
-0.013 812.0 
-0.006 813.0 
-0.007 814.0 
-0.006 815.0 
-0.022 816.0 
-0.016 817.0 
-0.014 818.0 
-0.02 819.0 
-0.01 820.0 
-0.023 821.0 
-0.037 822.0 
-0.035 823.0 
-0.03 824.0 
-0.025 825.0 
-0.036 826.0 
-0.035 827.0 
-0.032 828.0 
-0.026 829.0 
