-0.016 257.0 
-0.02 258.0 
-0.042 259.0 
-0.032 260.0 
-0.036 261.0 
-0.022 262.0 
-0.02 263.0 
-0.029 264.0 
-0.046 265.0 
-0.035 266.0 
-0.029 267.0 
-0.034 268.0 
-0.029 269.0 
-0.014 270.0 
-0.031 271.0 
-0.032 272.0 
-0.029 273.0 
-0.047 274.0 
140.331 275.0 
137.819 276.0 
136.757 277.0 
135.437 278.0 
133.918 279.0 
132.096 280.0 
130.59 281.0 
128.476 282.0 
126.011 283.0 
124.458 284.0 
124.073 285.0 
123.757 286.0 
123.605 287.0 
123.383 288.0 
123.138 289.0 
122.963 290.0 
122.414 291.0 
122.286 292.0 
122.075 293.0 
121.994 294.0 
121.421 295.0 
121.328 296.0 
121.269 297.0 
120.802 298.0 
120.557 299.0 
120.534 300.0 
120.02 301.0 
119.961 302.0 
119.471 303.0 
119.342 304.0 
119.249 305.0 
118.583 306.0 
117.368 307.0 
115.138 308.0 
112.299 309.0 
108.679 310.0 
104.988 311.0 
100.947 312.0 
97.011 313.0 
92.748 314.0 
88.835 315.0 
84.911 316.0 
81.337 317.0 
78.475 318.0 
78.312 319.0 
78.102 320.0 
77.996 321.0 
77.985 322.0 
77.88 323.0 
77.926 324.0 
77.868 325.0 
77.775 326.0 
77.88 327.0 
77.775 328.0 
77.95 329.0 
77.845 330.0 
77.81 331.0 
77.891 332.0 
77.915 333.0 
77.751 334.0 
77.95 335.0 
77.868 336.0 
77.868 337.0 
77.786 338.0 
77.915 339.0 
77.821 340.0 
77.81 341.0 
77.751 342.0 
77.915 343.0 
77.81 344.0 
77.81 345.0 
77.775 346.0 
77.751 347.0 
77.891 348.0 
77.833 349.0 
77.868 350.0 
77.81 351.0 
77.856 352.0 
77.81 353.0 
77.716 354.0 
77.845 355.0 
77.833 356.0 
77.856 357.0 
77.833 358.0 
77.88 359.0 
77.821 360.0 
77.856 361.0 
77.798 362.0 
77.81 363.0 
77.786 364.0 
77.786 365.0 
77.81 366.0 
77.81 367.0 
77.775 368.0 
77.786 369.0 
77.786 370.0 
77.833 371.0 
77.856 372.0 
77.821 373.0 
77.845 374.0 
77.88 375.0 
77.845 376.0 
77.634 377.0 
77.798 378.0 
77.775 379.0 
77.786 380.0 
77.763 381.0 
77.903 382.0 
77.786 383.0 
77.786 384.0 
77.751 385.0 
77.88 386.0 
77.763 387.0 
77.763 388.0 
77.868 389.0 
77.833 390.0 
77.833 391.0 
77.786 392.0 
77.915 393.0 
77.704 394.0 
77.775 395.0 
77.868 396.0 
77.728 397.0 
77.833 398.0 
77.681 399.0 
77.739 400.0 
77.856 401.0 
77.798 402.0 
77.891 403.0 
77.833 404.0 
77.81 405.0 
77.728 406.0 
77.786 407.0 
77.798 408.0 
77.833 409.0 
77.739 410.0 
77.798 411.0 
77.868 412.0 
77.938 413.0 
77.821 414.0 
77.775 415.0 
77.845 416.0 
77.728 417.0 
77.891 418.0 
77.845 419.0 
77.739 420.0 
77.786 421.0 
77.81 422.0 
77.81 423.0 
77.798 424.0 
77.775 425.0 
77.821 426.0 
77.833 427.0 
77.775 428.0 
77.775 429.0 
77.786 430.0 
77.821 431.0 
77.798 432.0 
77.845 433.0 
77.728 434.0 
77.751 435.0 
77.821 436.0 
78.02 437.0 
77.763 438.0 
77.763 439.0 
77.751 440.0 
77.786 441.0 
77.751 442.0 
77.775 443.0 
77.775 444.0 
77.763 445.0 
77.716 446.0 
77.868 447.0 
77.856 448.0 
77.81 449.0 
77.868 450.0 
77.763 451.0 
77.798 452.0 
77.751 453.0 
77.704 454.0 
77.81 455.0 
77.763 456.0 
77.739 457.0 
77.739 458.0 
77.821 459.0 
77.833 460.0 
77.763 461.0 
77.763 462.0 
77.856 463.0 
77.81 464.0 
77.81 465.0 
77.845 466.0 
77.798 467.0 
77.751 468.0 
77.821 469.0 
77.775 470.0 
77.763 471.0 
77.798 472.0 
77.856 473.0 
77.786 474.0 
77.856 475.0 
77.798 476.0 
77.728 477.0 
77.798 478.0 
77.716 479.0 
77.798 480.0 
77.856 481.0 
77.786 482.0 
77.81 483.0 
77.739 484.0 
77.81 485.0 
77.775 486.0 
77.716 487.0 
77.856 488.0 
77.751 489.0 
77.775 490.0 
77.833 491.0 
77.856 492.0 
77.786 493.0 
77.81 494.0 
77.739 495.0 
77.681 496.0 
77.786 497.0 
77.833 498.0 
77.716 499.0 
77.739 500.0 
77.798 501.0 
77.798 502.0 
77.704 503.0 
77.704 504.0 
77.751 505.0 
77.739 506.0 
77.786 507.0 
78.09 508.0 
77.681 509.0 
77.716 510.0 
77.739 511.0 
77.751 512.0 
77.775 513.0 
77.763 514.0 
77.775 515.0 
77.798 516.0 
77.845 517.0 
77.611 518.0 
77.588 519.0 
77.669 520.0 
77.646 521.0 
77.634 522.0 
77.658 523.0 
77.669 524.0 
77.681 525.0 
77.658 526.0 
77.669 527.0 
77.588 528.0 
77.611 529.0 
77.576 530.0 
77.623 531.0 
77.739 532.0 
77.704 533.0 
77.634 534.0 
77.669 535.0 
77.599 536.0 
77.611 537.0 
77.494 538.0 
77.506 539.0 
77.448 540.0 
77.541 541.0 
77.541 542.0 
77.459 543.0 
77.448 544.0 
77.366 545.0 
77.366 546.0 
77.471 547.0 
77.424 548.0 
77.331 549.0 
77.319 550.0 
77.319 551.0 
77.366 552.0 
77.366 553.0 
77.307 554.0 
77.261 555.0 
77.377 556.0 
77.319 557.0 
77.272 558.0 
76.969 559.0 
77.331 560.0 
77.272 561.0 
77.226 562.0 
77.366 563.0 
77.296 564.0 
77.202 565.0 
77.354 566.0 
77.354 567.0 
77.249 568.0 
77.354 569.0 
77.296 570.0 
77.377 571.0 
77.307 572.0 
77.226 573.0 
77.261 574.0 
77.261 575.0 
77.354 576.0 
77.319 577.0 
77.272 578.0 
77.377 579.0 
77.272 580.0 
77.412 581.0 
77.354 582.0 
77.342 583.0 
77.342 584.0 
77.436 585.0 
77.389 586.0 
77.272 587.0 
77.389 588.0 
77.319 589.0 
77.377 590.0 
77.307 591.0 
77.366 592.0 
77.307 593.0 
77.331 594.0 
77.284 595.0 
77.284 596.0 
77.284 597.0 
77.342 598.0 
77.261 599.0 
77.377 600.0 
77.412 601.0 
77.331 602.0 
77.401 603.0 
77.307 604.0 
77.401 605.0 
77.272 606.0 
77.389 607.0 
77.296 608.0 
77.342 609.0 
77.412 610.0 
77.307 611.0 
77.389 612.0 
77.284 613.0 
77.342 614.0 
77.237 615.0 
77.296 616.0 
77.389 617.0 
77.261 618.0 
77.389 619.0 
77.039 620.0 
77.319 621.0 
77.342 622.0 
77.214 623.0 
77.331 624.0 
77.424 625.0 
77.307 626.0 
77.389 627.0 
77.401 628.0 
77.307 629.0 
77.342 630.0 
77.424 631.0 
77.272 632.0 
77.377 633.0 
77.412 634.0 
77.296 635.0 
77.366 636.0 
77.377 637.0 
77.307 638.0 
77.342 639.0 
77.412 640.0 
77.249 641.0 
77.307 642.0 
77.366 643.0 
77.249 644.0 
77.307 645.0 
77.319 646.0 
77.436 647.0 
77.307 648.0 
77.307 649.0 
77.377 650.0 
77.249 651.0 
77.319 652.0 
77.366 653.0 
77.401 654.0 
77.237 655.0 
77.284 656.0 
77.319 657.0 
77.412 658.0 
77.284 659.0 
77.307 660.0 
77.354 661.0 
77.401 662.0 
77.272 663.0 
77.319 664.0 
77.389 665.0 
77.424 666.0 
77.272 667.0 
77.319 668.0 
77.354 669.0 
77.401 670.0 
77.261 671.0 
77.319 672.0 
77.366 673.0 
77.354 674.0 
77.366 675.0 
77.261 676.0 
77.284 677.0 
77.307 678.0 
77.354 679.0 
77.377 680.0 
77.284 681.0 
77.272 682.0 
77.307 683.0 
77.354 684.0 
77.366 685.0 
77.436 686.0 
77.261 687.0 
77.284 688.0 
77.307 689.0 
77.366 690.0 
77.401 691.0 
77.436 692.0 
77.272 693.0 
77.272 694.0 
77.307 695.0 
77.342 696.0 
77.366 697.0 
77.377 698.0 
77.132 699.0 
77.249 700.0 
77.307 701.0 
77.296 702.0 
77.342 703.0 
77.354 704.0 
77.296 705.0 
77.412 706.0 
77.261 707.0 
77.261 708.0 
77.307 709.0 
77.307 710.0 
77.296 711.0 
77.377 712.0 
77.401 713.0 
77.377 714.0 
77.179 715.0 
77.226 716.0 
77.261 717.0 
77.284 718.0 
77.342 719.0 
77.307 720.0 
77.342 721.0 
77.342 722.0 
77.377 723.0 
77.377 724.0 
77.401 725.0 
77.249 726.0 
77.272 727.0 
77.296 728.0 
77.272 729.0 
77.319 730.0 
77.331 731.0 
77.319 732.0 
77.342 733.0 
77.377 734.0 
77.354 735.0 
77.354 736.0 
77.389 737.0 
77.401 738.0 
77.015 739.0 
77.237 740.0 
77.249 741.0 
77.249 742.0 
77.261 743.0 
77.237 744.0 
77.261 745.0 
77.296 746.0 
77.272 747.0 
77.296 748.0 
77.284 749.0 
77.296 750.0 
77.296 751.0 
77.296 752.0 
77.307 753.0 
77.307 754.0 
77.366 755.0 
77.307 756.0 
77.331 757.0 
77.331 758.0 
77.319 759.0 
77.331 760.0 
77.342 761.0 
77.331 762.0 
77.296 763.0 
77.307 764.0 
77.354 765.0 
77.366 766.0 
77.354 767.0 
77.354 768.0 
77.354 769.0 
77.342 770.0 
77.342 771.0 
77.342 772.0 
77.366 773.0 
77.366 774.0 
77.342 775.0 
77.331 776.0 
77.354 777.0 
77.319 778.0 
77.342 779.0 
77.342 780.0 
77.342 781.0 
77.342 782.0 
77.354 783.0 
77.331 784.0 
77.354 785.0 
77.307 786.0 
77.342 787.0 
77.354 788.0 
77.366 789.0 
77.342 790.0 
77.354 791.0 
77.366 792.0 
77.331 793.0 
77.342 794.0 
77.296 795.0 
77.319 796.0 
77.307 797.0 
77.331 798.0 
77.319 799.0 
77.307 800.0 
77.307 801.0 
77.307 802.0 
77.296 803.0 
77.342 804.0 
0.001 805.0 
0.005 806.0 
0.004 807.0 
0.008 808.0 
-0.001 809.0 
-0.016 810.0 
-0.017 811.0 
-0.02 812.0 
-0.028 813.0 
-0.032 814.0 
-0.046 815.0 
-0.046 816.0 
-0.049 817.0 
-0.053 818.0 
-0.062 819.0 
-0.065 820.0 
-0.064 821.0 
-0.061 822.0 
-0.056 823.0 
-0.05 824.0 
-0.053 825.0 
-0.053 826.0 
-0.049 827.0 
-0.037 828.0 
-0.037 829.0 
