-0.037 257.0 
-0.064 258.0 
-0.042 259.0 
-0.032 260.0 
-0.023 261.0 
-0.047 262.0 
-0.041 263.0 
-0.024 264.0 
-0.036 265.0 
-0.031 266.0 
-0.044 267.0 
-0.047 268.0 
-0.05 269.0 
-0.046 270.0 
-0.037 271.0 
-0.035 272.0 
-0.031 273.0 
-0.03 274.0 
145.411 275.0 
142.304 276.0 
141.101 277.0 
139.583 278.0 
137.878 279.0 
135.554 280.0 
133.661 281.0 
131.127 282.0 
127.401 283.0 
126.046 284.0 
125.603 285.0 
125.217 286.0 
124.925 287.0 
124.61 288.0 
124.248 289.0 
124.026 290.0 
123.407 291.0 
123.126 292.0 
122.881 293.0 
122.799 294.0 
122.215 295.0 
122.099 296.0 
121.994 297.0 
121.445 298.0 
121.223 299.0 
121.176 300.0 
120.627 301.0 
120.557 302.0 
120.031 303.0 
119.926 304.0 
119.868 305.0 
119.202 306.0 
117.836 307.0 
115.348 308.0 
112.591 309.0 
108.959 310.0 
105.42 311.0 
101.461 312.0 
97.7 313.0 
93.542 314.0 
89.863 315.0 
85.892 316.0 
82.376 317.0 
79.375 318.0 
79.153 319.0 
78.942 320.0 
78.802 321.0 
78.744 322.0 
78.639 323.0 
78.662 324.0 
78.592 325.0 
78.51 326.0 
78.604 327.0 
78.522 328.0 
78.721 329.0 
78.639 330.0 
78.499 331.0 
78.639 332.0 
78.639 333.0 
78.545 334.0 
78.639 335.0 
78.639 336.0 
78.65 337.0 
78.51 338.0 
78.662 339.0 
78.545 340.0 
78.545 341.0 
78.522 342.0 
78.3 343.0 
78.592 344.0 
78.557 345.0 
78.499 346.0 
78.475 347.0 
78.545 348.0 
78.604 349.0 
78.557 350.0 
78.545 351.0 
78.58 352.0 
78.534 353.0 
78.487 354.0 
78.44 355.0 
78.604 356.0 
78.604 357.0 
78.557 358.0 
78.615 359.0 
78.557 360.0 
78.592 361.0 
78.545 362.0 
78.557 363.0 
78.464 364.0 
78.51 365.0 
78.522 366.0 
78.545 367.0 
78.522 368.0 
78.557 369.0 
78.557 370.0 
78.604 371.0 
78.615 372.0 
78.58 373.0 
78.627 374.0 
78.615 375.0 
78.919 376.0 
78.452 377.0 
78.534 378.0 
78.545 379.0 
78.522 380.0 
78.534 381.0 
78.674 382.0 
78.51 383.0 
78.522 384.0 
78.534 385.0 
78.604 386.0 
78.51 387.0 
78.475 388.0 
78.569 389.0 
78.557 390.0 
78.545 391.0 
78.522 392.0 
78.615 393.0 
78.487 394.0 
78.534 395.0 
78.627 396.0 
78.522 397.0 
78.545 398.0 
78.417 399.0 
78.475 400.0 
78.592 401.0 
78.545 402.0 
78.615 403.0 
78.592 404.0 
78.534 405.0 
78.417 406.0 
78.51 407.0 
78.499 408.0 
78.569 409.0 
78.487 410.0 
78.557 411.0 
78.557 412.0 
78.989 413.0 
78.592 414.0 
78.487 415.0 
78.557 416.0 
78.464 417.0 
78.627 418.0 
78.545 419.0 
78.452 420.0 
78.522 421.0 
78.557 422.0 
78.545 423.0 
78.487 424.0 
78.475 425.0 
78.557 426.0 
78.569 427.0 
78.475 428.0 
78.487 429.0 
78.452 430.0 
78.557 431.0 
78.58 432.0 
78.58 433.0 
78.464 434.0 
78.522 435.0 
78.545 436.0 
78.627 437.0 
78.44 438.0 
78.475 439.0 
78.487 440.0 
78.499 441.0 
78.475 442.0 
78.51 443.0 
78.499 444.0 
78.464 445.0 
78.44 446.0 
78.592 447.0 
78.557 448.0 
78.569 449.0 
78.791 450.0 
78.51 451.0 
78.464 452.0 
78.452 453.0 
78.464 454.0 
78.522 455.0 
78.545 456.0 
78.499 457.0 
78.452 458.0 
78.534 459.0 
78.557 460.0 
78.51 461.0 
78.452 462.0 
78.569 463.0 
78.522 464.0 
78.499 465.0 
78.569 466.0 
78.499 467.0 
78.464 468.0 
78.569 469.0 
78.475 470.0 
78.499 471.0 
78.522 472.0 
78.429 473.0 
78.499 474.0 
78.592 475.0 
78.557 476.0 
78.452 477.0 
78.499 478.0 
78.429 479.0 
78.51 480.0 
78.58 481.0 
78.51 482.0 
78.58 483.0 
78.475 484.0 
78.522 485.0 
78.475 486.0 
78.452 487.0 
78.534 488.0 
78.51 489.0 
78.499 490.0 
78.557 491.0 
78.522 492.0 
78.499 493.0 
78.557 494.0 
78.464 495.0 
78.417 496.0 
78.534 497.0 
78.569 498.0 
78.44 499.0 
78.429 500.0 
78.499 501.0 
78.522 502.0 
78.394 503.0 
78.405 504.0 
78.429 505.0 
78.51 506.0 
78.429 507.0 
78.569 508.0 
78.44 509.0 
78.44 510.0 
78.475 511.0 
78.487 512.0 
78.499 513.0 
78.499 514.0 
78.499 515.0 
78.534 516.0 
78.545 517.0 
78.323 518.0 
78.37 519.0 
78.394 520.0 
78.405 521.0 
78.394 522.0 
78.405 523.0 
78.382 524.0 
78.382 525.0 
78.37 526.0 
78.37 527.0 
78.265 528.0 
78.347 529.0 
78.3 530.0 
78.312 531.0 
78.452 532.0 
78.429 533.0 
78.359 534.0 
78.37 535.0 
78.37 536.0 
78.277 537.0 
78.172 538.0 
78.195 539.0 
78.16 540.0 
78.253 541.0 
78.102 542.0 
78.16 543.0 
78.09 544.0 
78.078 545.0 
78.02 546.0 
78.148 547.0 
78.078 548.0 
78.02 549.0 
78.008 550.0 
77.938 551.0 
78.031 552.0 
78.008 553.0 
77.973 554.0 
77.938 555.0 
78.043 556.0 
77.996 557.0 
77.961 558.0 
77.576 559.0 
77.985 560.0 
77.961 561.0 
77.926 562.0 
78.008 563.0 
77.95 564.0 
77.88 565.0 
77.985 566.0 
78.008 567.0 
77.915 568.0 
77.985 569.0 
77.926 570.0 
78.031 571.0 
77.961 572.0 
77.903 573.0 
77.996 574.0 
77.903 575.0 
78.031 576.0 
77.973 577.0 
77.95 578.0 
78.055 579.0 
77.961 580.0 
78.078 581.0 
78.008 582.0 
78.031 583.0 
78.008 584.0 
77.576 585.0 
78.02 586.0 
77.938 587.0 
78.043 588.0 
77.961 589.0 
78.031 590.0 
77.961 591.0 
78.02 592.0 
77.961 593.0 
78.031 594.0 
77.926 595.0 
77.961 596.0 
77.95 597.0 
78.055 598.0 
77.961 599.0 
78.031 600.0 
78.09 601.0 
77.996 602.0 
78.055 603.0 
77.973 604.0 
78.055 605.0 
77.95 606.0 
78.02 607.0 
77.891 608.0 
78.02 609.0 
78.067 610.0 
77.996 611.0 
78.055 612.0 
77.961 613.0 
77.996 614.0 
77.926 615.0 
78.008 616.0 
78.043 617.0 
77.926 618.0 
77.996 619.0 
77.763 620.0 
77.973 621.0 
78.055 622.0 
77.95 623.0 
77.973 624.0 
78.067 625.0 
77.915 626.0 
78.02 627.0 
78.078 628.0 
77.938 629.0 
78.008 630.0 
78.078 631.0 
77.961 632.0 
78.031 633.0 
78.3 634.0 
77.973 635.0 
78.008 636.0 
78.043 637.0 
77.973 638.0 
78.008 639.0 
78.055 640.0 
77.915 641.0 
77.985 642.0 
78.067 643.0 
77.891 644.0 
77.973 645.0 
78.043 646.0 
78.055 647.0 
77.938 648.0 
77.996 649.0 
78.043 650.0 
77.926 651.0 
77.915 652.0 
78.02 653.0 
78.043 654.0 
77.926 655.0 
77.95 656.0 
78.02 657.0 
78.055 658.0 
77.95 659.0 
77.973 660.0 
78.02 661.0 
78.067 662.0 
77.891 663.0 
77.985 664.0 
78.067 665.0 
78.078 666.0 
77.961 667.0 
77.985 668.0 
78.008 669.0 
78.067 670.0 
77.95 671.0 
77.973 672.0 
77.985 673.0 
78.02 674.0 
78.008 675.0 
77.95 676.0 
77.973 677.0 
77.985 678.0 
77.985 679.0 
78.09 680.0 
77.88 681.0 
77.915 682.0 
77.973 683.0 
78.02 684.0 
78.031 685.0 
78.102 686.0 
77.868 687.0 
77.985 688.0 
77.985 689.0 
78.043 690.0 
78.043 691.0 
78.067 692.0 
77.926 693.0 
77.95 694.0 
77.938 695.0 
78.02 696.0 
78.055 697.0 
78.031 698.0 
77.81 699.0 
77.926 700.0 
77.95 701.0 
77.961 702.0 
78.02 703.0 
78.008 704.0 
77.973 705.0 
78.067 706.0 
77.891 707.0 
77.915 708.0 
77.938 709.0 
77.961 710.0 
78.008 711.0 
78.031 712.0 
78.043 713.0 
78.078 714.0 
78.09 715.0 
77.903 716.0 
77.926 717.0 
77.938 718.0 
77.961 719.0 
77.961 720.0 
78.008 721.0 
78.043 722.0 
78.02 723.0 
78.02 724.0 
78.067 725.0 
77.88 726.0 
77.915 727.0 
77.926 728.0 
77.95 729.0 
77.961 730.0 
77.985 731.0 
77.961 732.0 
78.02 733.0 
78.008 734.0 
78.02 735.0 
78.09 736.0 
78.043 737.0 
78.067 738.0 
77.833 739.0 
77.856 740.0 
77.903 741.0 
77.891 742.0 
77.903 743.0 
77.903 744.0 
77.903 745.0 
77.926 746.0 
77.95 747.0 
77.938 748.0 
77.95 749.0 
77.95 750.0 
77.973 751.0 
77.961 752.0 
77.95 753.0 
77.973 754.0 
77.95 755.0 
77.973 756.0 
77.985 757.0 
77.961 758.0 
77.973 759.0 
77.973 760.0 
77.996 761.0 
78.008 762.0 
78.008 763.0 
78.008 764.0 
77.996 765.0 
78.008 766.0 
77.973 767.0 
78.02 768.0 
77.996 769.0 
78.031 770.0 
78.02 771.0 
78.031 772.0 
78.031 773.0 
77.996 774.0 
77.996 775.0 
78.031 776.0 
78.008 777.0 
78.008 778.0 
77.996 779.0 
78.008 780.0 
77.985 781.0 
78.008 782.0 
78.008 783.0 
77.973 784.0 
77.973 785.0 
77.973 786.0 
77.985 787.0 
77.996 788.0 
77.996 789.0 
78.02 790.0 
78.008 791.0 
77.996 792.0 
78.008 793.0 
77.985 794.0 
77.996 795.0 
77.961 796.0 
77.985 797.0 
77.95 798.0 
77.985 799.0 
77.961 800.0 
77.961 801.0 
77.973 802.0 
77.95 803.0 
77.961 804.0 
0.001 805.0 
0.016 806.0 
0.013 807.0 
0.006 808.0 
0.002 809.0 
0.01 810.0 
0.007 811.0 
0.004 812.0 
0.002 813.0 
0.008 814.0 
0.01 815.0 
0.008 816.0 
0.004 817.0 
0.0 818.0 
-0.008 819.0 
-0.013 820.0 
-0.004 821.0 
-0.008 822.0 
-0.01 823.0 
-0.004 824.0 
-0.017 825.0 
-0.016 826.0 
-0.016 827.0 
-0.018 828.0 
-0.018 829.0 
