-0.034 257.0 
-0.037 258.0 
-0.116 259.0 
-0.068 260.0 
-0.046 261.0 
-0.032 262.0 
-0.043 263.0 
-0.028 264.0 
-0.028 265.0 
-0.035 266.0 
-0.031 267.0 
-0.043 268.0 
-0.036 269.0 
-0.035 270.0 
-0.04 271.0 
-0.026 272.0 
-0.011 273.0 
-0.002 274.0 
249.387 275.0 
246.37 276.0 
245.557 277.0 
243.701 278.0 
242.076 279.0 
239.987 280.0 
238.246 281.0 
236.97 282.0 
234.533 283.0 
234.997 284.0 
234.649 285.0 
234.069 286.0 
234.185 287.0 
234.185 288.0 
234.069 289.0 
235.925 290.0 
232.444 291.0 
232.444 292.0 
232.676 293.0 
232.444 294.0 
231.748 295.0 
231.516 296.0 
231.632 297.0 
231.284 298.0 
231.168 299.0 
231.168 300.0 
230.819 301.0 
230.819 302.0 
229.427 303.0 
230.471 304.0 
230.587 305.0 
230.355 306.0 
230.587 307.0 
230.239 308.0 
230.239 309.0 
229.891 310.0 
229.891 311.0 
229.775 312.0 
229.891 313.0 
229.775 314.0 
229.659 315.0 
229.427 316.0 
230.007 317.0 
229.195 318.0 
229.427 319.0 
229.311 320.0 
226.874 321.0 
229.543 322.0 
229.195 323.0 
229.659 324.0 
229.543 325.0 
230.819 326.0 
229.659 327.0 
229.543 328.0 
229.775 329.0 
229.543 330.0 
229.311 331.0 
229.775 332.0 
229.775 333.0 
229.543 334.0 
232.56 335.0 
229.195 336.0 
229.195 337.0 
228.963 338.0 
229.311 339.0 
229.195 340.0 
229.427 341.0 
229.195 342.0 
228.266 343.0 
229.079 344.0 
229.311 345.0 
229.195 346.0 
229.311 347.0 
228.15 348.0 
229.543 349.0 
229.775 350.0 
229.427 351.0 
229.543 352.0 
229.543 353.0 
224.437 354.0 
229.311 355.0 
229.195 356.0 
229.195 357.0 
229.543 358.0 
229.543 359.0 
229.079 360.0 
229.543 361.0 
229.427 362.0 
229.195 363.0 
229.311 364.0 
229.195 365.0 
229.427 366.0 
229.543 367.0 
229.195 368.0 
229.427 369.0 
229.543 370.0 
229.659 371.0 
229.543 372.0 
229.659 373.0 
229.427 374.0 
229.195 375.0 
231.168 376.0 
228.847 377.0 
229.079 378.0 
229.427 379.0 
229.079 380.0 
229.543 381.0 
229.543 382.0 
229.195 383.0 
229.079 384.0 
229.427 385.0 
229.427 386.0 
228.963 387.0 
228.963 388.0 
229.543 389.0 
229.427 390.0 
229.775 391.0 
229.543 392.0 
229.543 393.0 
229.195 394.0 
229.311 395.0 
229.427 396.0 
229.079 397.0 
229.195 398.0 
228.034 399.0 
229.543 400.0 
229.311 401.0 
229.427 402.0 
229.427 403.0 
229.427 404.0 
229.543 405.0 
228.963 406.0 
229.195 407.0 
229.427 408.0 
229.427 409.0 
228.963 410.0 
229.427 411.0 
229.659 412.0 
230.819 413.0 
229.775 414.0 
228.963 415.0 
229.543 416.0 
229.427 417.0 
230.007 418.0 
229.427 419.0 
229.311 420.0 
229.195 421.0 
229.543 422.0 
229.543 423.0 
229.195 424.0 
229.195 425.0 
229.659 426.0 
229.659 427.0 
229.427 428.0 
229.311 429.0 
229.079 430.0 
229.427 431.0 
229.659 432.0 
230.239 433.0 
229.543 434.0 
229.195 435.0 
229.543 436.0 
230.239 437.0 
228.73 438.0 
229.427 439.0 
229.311 440.0 
229.543 441.0 
229.427 442.0 
229.311 443.0 
229.543 444.0 
229.543 445.0 
229.195 446.0 
229.891 447.0 
229.659 448.0 
229.775 449.0 
231.284 450.0 
229.543 451.0 
229.659 452.0 
229.891 453.0 
229.311 454.0 
229.427 455.0 
229.543 456.0 
229.427 457.0 
229.543 458.0 
229.659 459.0 
229.659 460.0 
229.427 461.0 
229.427 462.0 
229.543 463.0 
229.427 464.0 
230.007 465.0 
230.123 466.0 
229.775 467.0 
229.195 468.0 
229.775 469.0 
230.123 470.0 
229.891 471.0 
229.891 472.0 
229.543 473.0 
229.659 474.0 
229.891 475.0 
229.311 476.0 
229.195 477.0 
229.195 478.0 
229.195 479.0 
229.659 480.0 
229.891 481.0 
229.543 482.0 
229.427 483.0 
229.659 484.0 
229.775 485.0 
229.659 486.0 
229.427 487.0 
230.007 488.0 
229.775 489.0 
229.891 490.0 
229.775 491.0 
230.123 492.0 
229.891 493.0 
230.007 494.0 
229.079 495.0 
228.498 496.0 
229.659 497.0 
229.775 498.0 
229.311 499.0 
229.311 500.0 
229.311 501.0 
229.543 502.0 
229.311 503.0 
229.311 504.0 
229.659 505.0 
229.543 506.0 
225.945 507.0 
232.56 508.0 
229.195 509.0 
229.311 510.0 
229.427 511.0 
229.659 512.0 
229.659 513.0 
229.659 514.0 
229.659 515.0 
229.775 516.0 
229.659 517.0 
229.195 518.0 
228.963 519.0 
229.195 520.0 
229.427 521.0 
229.311 522.0 
229.427 523.0 
229.311 524.0 
229.659 525.0 
229.427 526.0 
229.427 527.0 
228.847 528.0 
229.195 529.0 
229.311 530.0 
229.079 531.0 
229.891 532.0 
230.007 533.0 
228.963 534.0 
229.311 535.0 
229.427 536.0 
229.195 537.0 
229.311 538.0 
229.195 539.0 
229.195 540.0 
229.659 541.0 
228.963 542.0 
229.543 543.0 
229.427 544.0 
229.427 545.0 
229.427 546.0 
229.775 547.0 
229.427 548.0 
229.543 549.0 
229.427 550.0 
228.15 551.0 
229.543 552.0 
229.659 553.0 
229.311 554.0 
229.311 555.0 
229.427 556.0 
229.311 557.0 
228.847 558.0 
224.669 559.0 
229.427 560.0 
229.311 561.0 
228.382 562.0 
229.427 563.0 
229.427 564.0 
228.73 565.0 
229.427 566.0 
229.079 567.0 
229.311 568.0 
230.007 569.0 
229.543 570.0 
229.427 571.0 
229.427 572.0 
229.311 573.0 
229.311 574.0 
229.427 575.0 
229.311 576.0 
229.195 577.0 
229.311 578.0 
229.311 579.0 
229.543 580.0 
229.543 581.0 
229.195 582.0 
229.543 583.0 
229.659 584.0 
230.007 585.0 
229.543 586.0 
229.543 587.0 
229.775 588.0 
229.543 589.0 
229.427 590.0 
229.311 591.0 
229.311 592.0 
229.427 593.0 
229.543 594.0 
229.311 595.0 
229.195 596.0 
229.427 597.0 
229.775 598.0 
229.311 599.0 
229.659 600.0 
229.659 601.0 
229.195 602.0 
229.659 603.0 
229.775 604.0 
229.659 605.0 
229.427 606.0 
229.659 607.0 
229.543 608.0 
229.427 609.0 
229.775 610.0 
229.311 611.0 
229.775 612.0 
229.311 613.0 
229.659 614.0 
229.079 615.0 
229.427 616.0 
229.427 617.0 
229.195 618.0 
229.543 619.0 
224.205 620.0 
229.543 621.0 
229.427 622.0 
229.311 623.0 
229.195 624.0 
229.659 625.0 
229.079 626.0 
229.427 627.0 
229.775 628.0 
229.543 629.0 
229.195 630.0 
229.659 631.0 
229.311 632.0 
229.775 633.0 
229.659 634.0 
229.311 635.0 
229.311 636.0 
229.659 637.0 
229.311 638.0 
229.543 639.0 
229.659 640.0 
229.079 641.0 
229.427 642.0 
229.891 643.0 
229.311 644.0 
229.543 645.0 
229.311 646.0 
229.659 647.0 
229.427 648.0 
229.775 649.0 
229.891 650.0 
229.311 651.0 
229.079 652.0 
229.427 653.0 
229.775 654.0 
229.079 655.0 
229.311 656.0 
229.427 657.0 
229.543 658.0 
229.427 659.0 
229.659 660.0 
229.659 661.0 
229.775 662.0 
228.963 663.0 
229.427 664.0 
229.775 665.0 
230.007 666.0 
229.427 667.0 
229.543 668.0 
229.891 669.0 
229.891 670.0 
229.195 671.0 
229.659 672.0 
229.543 673.0 
229.427 674.0 
229.427 675.0 
229.311 676.0 
229.311 677.0 
229.659 678.0 
229.079 679.0 
229.775 680.0 
229.195 681.0 
229.195 682.0 
229.659 683.0 
229.659 684.0 
229.659 685.0 
230.007 686.0 
229.311 687.0 
229.195 688.0 
229.543 689.0 
229.543 690.0 
229.659 691.0 
229.659 692.0 
229.311 693.0 
229.427 694.0 
229.195 695.0 
229.427 696.0 
229.427 697.0 
229.427 698.0 
228.034 699.0 
229.079 700.0 
229.195 701.0 
229.195 702.0 
229.311 703.0 
229.427 704.0 
229.427 705.0 
230.007 706.0 
229.311 707.0 
229.195 708.0 
229.543 709.0 
229.427 710.0 
229.427 711.0 
229.427 712.0 
230.123 713.0 
229.891 714.0 
228.73 715.0 
229.079 716.0 
229.311 717.0 
229.427 718.0 
229.543 719.0 
229.543 720.0 
229.775 721.0 
229.775 722.0 
229.543 723.0 
229.659 724.0 
229.891 725.0 
229.195 726.0 
229.311 727.0 
229.427 728.0 
229.427 729.0 
229.543 730.0 
229.659 731.0 
229.427 732.0 
229.775 733.0 
229.775 734.0 
229.427 735.0 
229.427 736.0 
229.775 737.0 
229.427 738.0 
228.382 739.0 
229.195 740.0 
229.195 741.0 
229.079 742.0 
228.73 743.0 
229.311 744.0 
229.543 745.0 
229.775 746.0 
229.195 747.0 
229.427 748.0 
229.543 749.0 
229.543 750.0 
229.427 751.0 
229.427 752.0 
229.543 753.0 
229.659 754.0 
229.427 755.0 
229.311 756.0 
229.543 757.0 
229.659 758.0 
229.311 759.0 
229.311 760.0 
229.659 761.0 
229.775 762.0 
229.427 763.0 
229.891 764.0 
229.775 765.0 
229.659 766.0 
229.659 767.0 
229.659 768.0 
229.659 769.0 
229.543 770.0 
229.427 771.0 
229.543 772.0 
229.659 773.0 
229.659 774.0 
229.311 775.0 
229.543 776.0 
229.427 777.0 
229.427 778.0 
229.427 779.0 
229.427 780.0 
229.427 781.0 
229.427 782.0 
229.543 783.0 
229.427 784.0 
230.007 785.0 
229.427 786.0 
229.311 787.0 
229.543 788.0 
229.775 789.0 
229.659 790.0 
229.659 791.0 
229.543 792.0 
229.659 793.0 
229.775 794.0 
229.195 795.0 
229.195 796.0 
229.427 797.0 
229.195 798.0 
229.543 799.0 
229.311 800.0 
229.195 801.0 
229.427 802.0 
229.311 803.0 
229.311 804.0 
0.034 805.0 
0.018 806.0 
0.028 807.0 
0.018 808.0 
0.006 809.0 
-0.02 810.0 
-0.038 811.0 
-0.058 812.0 
-0.077 813.0 
-0.093 814.0 
-0.12 815.0 
-0.14 816.0 
-0.138 817.0 
-0.138 818.0 
-0.149 819.0 
-0.157 820.0 
-0.158 821.0 
-0.146 822.0 
-0.144 823.0 
-0.141 824.0 
-0.133 825.0 
-0.116 826.0 
-0.101 827.0 
-0.091 828.0 
-0.08 829.0 
