-0.04 257.0 
-0.034 258.0 
-0.043 259.0 
-0.032 260.0 
-0.043 261.0 
-0.061 262.0 
-0.046 263.0 
-0.026 264.0 
-0.019 265.0 
-0.047 266.0 
-0.066 267.0 
-0.04 268.0 
-0.013 269.0 
-0.024 270.0 
-0.055 271.0 
-0.034 272.0 
-0.022 273.0 
-0.02 274.0 
149.651 275.0 
146.556 276.0 
145.47 277.0 
143.951 278.0 
142.153 279.0 
139.863 280.0 
137.819 281.0 
135.18 282.0 
131.115 283.0 
129.305 284.0 
128.99 285.0 
128.721 286.0 
128.441 287.0 
128.16 288.0 
127.88 289.0 
127.495 290.0 
127.144 291.0 
126.899 292.0 
126.677 293.0 
126.619 294.0 
126.093 295.0 
125.93 296.0 
125.789 297.0 
125.217 298.0 
125.054 299.0 
124.984 300.0 
124.47 301.0 
124.4 302.0 
123.909 303.0 
123.792 304.0 
123.781 305.0 
123.197 306.0 
122.052 307.0 
119.809 308.0 
117.298 309.0 
113.724 310.0 
110.326 311.0 
106.121 312.0 
102.208 313.0 
97.945 314.0 
93.986 315.0 
89.921 316.0 
86.137 317.0 
83.159 318.0 
82.984 319.0 
82.703 320.0 
82.598 321.0 
82.551 322.0 
82.423 323.0 
82.446 324.0 
82.4 325.0 
82.271 326.0 
82.4 327.0 
82.318 328.0 
82.493 329.0 
82.435 330.0 
82.306 331.0 
82.423 332.0 
82.411 333.0 
82.353 334.0 
82.505 335.0 
82.411 336.0 
82.4 337.0 
82.283 338.0 
82.458 339.0 
82.341 340.0 
82.341 341.0 
82.33 342.0 
82.446 343.0 
82.353 344.0 
82.341 345.0 
82.283 346.0 
82.295 347.0 
82.423 348.0 
82.388 349.0 
82.365 350.0 
82.353 351.0 
82.353 352.0 
82.353 353.0 
82.248 354.0 
82.458 355.0 
82.388 356.0 
82.411 357.0 
82.341 358.0 
82.435 359.0 
82.353 360.0 
82.376 361.0 
82.353 362.0 
82.365 363.0 
82.318 364.0 
82.295 365.0 
82.341 366.0 
82.388 367.0 
82.306 368.0 
82.33 369.0 
82.353 370.0 
82.353 371.0 
82.411 372.0 
82.435 373.0 
82.423 374.0 
82.458 375.0 
82.458 376.0 
82.189 377.0 
82.341 378.0 
82.341 379.0 
82.318 380.0 
82.353 381.0 
82.47 382.0 
82.353 383.0 
82.33 384.0 
82.295 385.0 
82.4 386.0 
82.318 387.0 
82.271 388.0 
82.376 389.0 
82.365 390.0 
82.365 391.0 
82.318 392.0 
82.4 393.0 
82.306 394.0 
82.376 395.0 
82.446 396.0 
82.271 397.0 
82.388 398.0 
82.341 399.0 
82.271 400.0 
82.435 401.0 
82.4 402.0 
82.446 403.0 
82.388 404.0 
82.318 405.0 
82.26 406.0 
82.353 407.0 
82.318 408.0 
82.341 409.0 
82.283 410.0 
82.365 411.0 
82.411 412.0 
82.692 413.0 
82.4 414.0 
82.318 415.0 
82.388 416.0 
82.295 417.0 
82.446 418.0 
82.4 419.0 
82.283 420.0 
82.341 421.0 
82.365 422.0 
82.388 423.0 
82.33 424.0 
82.236 425.0 
82.33 426.0 
82.388 427.0 
82.306 428.0 
82.341 429.0 
82.318 430.0 
82.388 431.0 
82.388 432.0 
82.388 433.0 
82.283 434.0 
82.318 435.0 
82.353 436.0 
82.435 437.0 
82.224 438.0 
82.318 439.0 
82.306 440.0 
82.341 441.0 
82.295 442.0 
82.318 443.0 
82.318 444.0 
82.283 445.0 
82.26 446.0 
82.435 447.0 
82.376 448.0 
82.365 449.0 
82.622 450.0 
82.33 451.0 
82.318 452.0 
82.295 453.0 
82.271 454.0 
82.4 455.0 
82.353 456.0 
82.295 457.0 
82.26 458.0 
82.341 459.0 
82.388 460.0 
82.33 461.0 
82.283 462.0 
82.411 463.0 
82.341 464.0 
82.353 465.0 
82.365 466.0 
82.33 467.0 
82.295 468.0 
82.365 469.0 
82.318 470.0 
82.318 471.0 
82.33 472.0 
82.435 473.0 
82.365 474.0 
82.446 475.0 
82.365 476.0 
82.236 477.0 
82.295 478.0 
82.236 479.0 
82.318 480.0 
82.423 481.0 
82.295 482.0 
82.376 483.0 
82.295 484.0 
82.318 485.0 
82.271 486.0 
82.248 487.0 
82.388 488.0 
82.353 489.0 
82.33 490.0 
82.353 491.0 
82.365 492.0 
82.353 493.0 
82.4 494.0 
82.295 495.0 
82.26 496.0 
82.341 497.0 
82.341 498.0 
82.248 499.0 
82.26 500.0 
82.318 501.0 
82.353 502.0 
82.189 503.0 
82.248 504.0 
82.26 505.0 
82.295 506.0 
82.365 507.0 
82.516 508.0 
82.213 509.0 
82.26 510.0 
82.306 511.0 
82.283 512.0 
82.271 513.0 
82.341 514.0 
82.33 515.0 
82.365 516.0 
82.353 517.0 
82.178 518.0 
82.108 519.0 
82.178 520.0 
82.189 521.0 
82.224 522.0 
82.213 523.0 
82.224 524.0 
82.178 525.0 
82.201 526.0 
82.224 527.0 
82.143 528.0 
82.154 529.0 
82.154 530.0 
82.096 531.0 
82.271 532.0 
82.236 533.0 
82.201 534.0 
82.224 535.0 
82.189 536.0 
82.084 537.0 
81.968 538.0 
81.991 539.0 
81.932 540.0 
82.073 541.0 
82.003 542.0 
81.932 543.0 
81.886 544.0 
81.827 545.0 
81.781 546.0 
81.897 547.0 
81.851 548.0 
81.804 549.0 
81.746 550.0 
81.874 551.0 
81.804 552.0 
81.792 553.0 
81.699 554.0 
81.699 555.0 
81.804 556.0 
81.746 557.0 
81.711 558.0 
81.419 559.0 
81.746 560.0 
81.722 561.0 
81.676 562.0 
81.792 563.0 
81.687 564.0 
81.64 565.0 
81.781 566.0 
81.769 567.0 
81.676 568.0 
81.781 569.0 
81.699 570.0 
81.827 571.0 
81.746 572.0 
81.664 573.0 
81.746 574.0 
81.734 575.0 
81.804 576.0 
81.711 577.0 
81.687 578.0 
81.827 579.0 
81.757 580.0 
81.816 581.0 
81.734 582.0 
81.827 583.0 
81.781 584.0 
81.862 585.0 
81.792 586.0 
81.687 587.0 
81.804 588.0 
81.699 589.0 
81.792 590.0 
81.711 591.0 
81.781 592.0 
81.722 593.0 
81.781 594.0 
81.734 595.0 
81.734 596.0 
81.722 597.0 
81.781 598.0 
81.676 599.0 
81.769 600.0 
81.874 601.0 
81.734 602.0 
81.839 603.0 
81.722 604.0 
81.804 605.0 
81.734 606.0 
81.816 607.0 
81.687 608.0 
81.781 609.0 
81.839 610.0 
81.757 611.0 
81.816 612.0 
81.687 613.0 
81.792 614.0 
81.711 615.0 
81.757 616.0 
81.839 617.0 
81.687 618.0 
81.769 619.0 
81.442 620.0 
81.757 621.0 
81.792 622.0 
81.711 623.0 
81.734 624.0 
81.839 625.0 
81.687 626.0 
81.769 627.0 
81.827 628.0 
81.734 629.0 
81.781 630.0 
81.816 631.0 
81.687 632.0 
81.781 633.0 
81.862 634.0 
81.722 635.0 
81.816 636.0 
81.839 637.0 
81.687 638.0 
81.781 639.0 
81.827 640.0 
81.687 641.0 
81.757 642.0 
81.792 643.0 
81.664 644.0 
81.757 645.0 
81.792 646.0 
81.874 647.0 
81.699 648.0 
81.781 649.0 
81.792 650.0 
81.664 651.0 
81.734 652.0 
81.757 653.0 
81.827 654.0 
81.699 655.0 
81.734 656.0 
81.769 657.0 
81.827 658.0 
81.699 659.0 
81.781 660.0 
81.827 661.0 
81.874 662.0 
81.676 663.0 
81.746 664.0 
81.781 665.0 
81.839 666.0 
81.676 667.0 
81.781 668.0 
81.816 669.0 
81.839 670.0 
81.676 671.0 
81.699 672.0 
81.792 673.0 
81.769 674.0 
81.781 675.0 
81.687 676.0 
81.711 677.0 
81.757 678.0 
81.804 679.0 
81.862 680.0 
81.687 681.0 
81.722 682.0 
81.734 683.0 
81.769 684.0 
81.816 685.0 
81.851 686.0 
81.711 687.0 
81.722 688.0 
81.769 689.0 
81.781 690.0 
81.827 691.0 
81.851 692.0 
81.676 693.0 
81.711 694.0 
81.757 695.0 
81.804 696.0 
81.792 697.0 
81.804 698.0 
81.512 699.0 
81.664 700.0 
81.722 701.0 
81.746 702.0 
81.757 703.0 
81.781 704.0 
81.722 705.0 
81.839 706.0 
81.699 707.0 
81.699 708.0 
81.746 709.0 
81.781 710.0 
81.769 711.0 
81.804 712.0 
81.827 713.0 
81.839 714.0 
81.874 715.0 
81.687 716.0 
81.734 717.0 
81.722 718.0 
81.699 719.0 
81.781 720.0 
81.781 721.0 
81.804 722.0 
81.792 723.0 
81.839 724.0 
81.816 725.0 
81.676 726.0 
81.699 727.0 
81.676 728.0 
81.734 729.0 
81.769 730.0 
81.746 731.0 
81.757 732.0 
81.792 733.0 
81.804 734.0 
81.827 735.0 
81.804 736.0 
81.839 737.0 
81.804 738.0 
81.594 739.0 
81.676 740.0 
81.664 741.0 
81.629 742.0 
81.687 743.0 
81.676 744.0 
81.664 745.0 
81.676 746.0 
81.711 747.0 
81.687 748.0 
81.722 749.0 
81.746 750.0 
81.734 751.0 
81.746 752.0 
81.746 753.0 
81.734 754.0 
81.781 755.0 
81.746 756.0 
81.746 757.0 
81.746 758.0 
81.769 759.0 
81.757 760.0 
81.757 761.0 
81.746 762.0 
81.781 763.0 
81.746 764.0 
81.781 765.0 
81.792 766.0 
81.769 767.0 
81.804 768.0 
81.781 769.0 
81.781 770.0 
81.769 771.0 
81.781 772.0 
81.769 773.0 
81.781 774.0 
81.792 775.0 
81.769 776.0 
81.757 777.0 
81.746 778.0 
81.769 779.0 
81.781 780.0 
81.769 781.0 
81.746 782.0 
81.781 783.0 
81.769 784.0 
81.781 785.0 
81.781 786.0 
81.757 787.0 
81.792 788.0 
81.781 789.0 
81.781 790.0 
81.757 791.0 
81.769 792.0 
81.781 793.0 
81.757 794.0 
81.769 795.0 
81.746 796.0 
81.722 797.0 
81.699 798.0 
81.699 799.0 
81.722 800.0 
81.734 801.0 
81.711 802.0 
81.722 803.0 
81.722 804.0 
0.004 805.0 
0.002 806.0 
0.001 807.0 
0.0 808.0 
-0.004 809.0 
-0.011 810.0 
-0.017 811.0 
-0.029 812.0 
-0.032 813.0 
-0.031 814.0 
-0.04 815.0 
-0.043 816.0 
-0.054 817.0 
-0.059 818.0 
-0.056 819.0 
-0.055 820.0 
-0.052 821.0 
-0.055 822.0 
-0.052 823.0 
-0.054 824.0 
-0.055 825.0 
-0.043 826.0 
-0.043 827.0 
-0.038 828.0 
-0.028 829.0 
