-0.047 257.0 
-0.018 258.0 
-0.049 259.0 
-0.018 260.0 
-0.02 261.0 
-0.036 262.0 
-0.017 263.0 
-0.006 264.0 
0.0 265.0 
-0.038 266.0 
-0.042 267.0 
-0.023 268.0 
-0.022 269.0 
0.0 270.0 
-0.01 271.0 
-0.038 272.0 
-0.012 273.0 
-0.006 274.0 
147.642 275.0 
144.512 276.0 
143.379 277.0 
141.861 278.0 
140.26 279.0 
138.322 280.0 
136.698 281.0 
134.409 282.0 
130.963 283.0 
129.562 284.0 
129.27 285.0 
128.955 286.0 
128.721 287.0 
128.406 288.0 
128.149 289.0 
127.927 290.0 
127.331 291.0 
127.074 292.0 
126.876 293.0 
126.735 294.0 
126.187 295.0 
126.011 296.0 
125.93 297.0 
125.369 298.0 
125.135 299.0 
125.077 300.0 
124.563 301.0 
124.446 302.0 
123.967 303.0 
123.839 304.0 
123.769 305.0 
123.138 306.0 
121.97 307.0 
119.658 308.0 
116.948 309.0 
113.094 310.0 
109.251 311.0 
104.579 312.0 
100.445 313.0 
96.03 314.0 
92.105 315.0 
87.796 316.0 
84.011 317.0 
80.998 318.0 
80.881 319.0 
80.659 320.0 
79.807 321.0 
80.519 322.0 
80.414 323.0 
80.449 324.0 
80.414 325.0 
80.227 326.0 
80.391 327.0 
80.297 328.0 
80.484 329.0 
80.414 330.0 
80.309 331.0 
80.414 332.0 
80.426 333.0 
80.356 334.0 
80.321 335.0 
80.402 336.0 
80.402 337.0 
80.321 338.0 
80.484 339.0 
80.356 340.0 
80.344 341.0 
80.286 342.0 
80.508 343.0 
80.391 344.0 
80.332 345.0 
80.309 346.0 
80.274 347.0 
80.426 348.0 
80.367 349.0 
80.367 350.0 
80.309 351.0 
80.344 352.0 
80.332 353.0 
80.216 354.0 
80.426 355.0 
80.356 356.0 
80.402 357.0 
80.344 358.0 
80.426 359.0 
80.367 360.0 
80.426 361.0 
80.332 362.0 
80.344 363.0 
80.274 364.0 
80.321 365.0 
80.367 366.0 
80.356 367.0 
80.332 368.0 
80.309 369.0 
80.344 370.0 
80.367 371.0 
80.391 372.0 
80.379 373.0 
80.391 374.0 
80.414 375.0 
80.659 376.0 
80.274 377.0 
80.356 378.0 
80.367 379.0 
80.332 380.0 
80.356 381.0 
80.461 382.0 
80.356 383.0 
80.344 384.0 
80.332 385.0 
80.402 386.0 
80.297 387.0 
80.297 388.0 
80.344 389.0 
80.332 390.0 
80.367 391.0 
80.332 392.0 
80.461 393.0 
80.239 394.0 
80.332 395.0 
80.426 396.0 
80.297 397.0 
80.344 398.0 
80.274 399.0 
80.262 400.0 
80.391 401.0 
80.367 402.0 
80.414 403.0 
80.356 404.0 
80.321 405.0 
80.286 406.0 
80.332 407.0 
80.309 408.0 
80.321 409.0 
80.274 410.0 
80.321 411.0 
80.367 412.0 
80.437 413.0 
80.402 414.0 
80.286 415.0 
80.344 416.0 
80.274 417.0 
80.473 418.0 
80.391 419.0 
80.297 420.0 
80.356 421.0 
80.367 422.0 
80.402 423.0 
80.309 424.0 
80.321 425.0 
80.367 426.0 
80.379 427.0 
80.286 428.0 
80.309 429.0 
80.356 430.0 
80.356 431.0 
80.367 432.0 
80.391 433.0 
80.286 434.0 
80.297 435.0 
80.321 436.0 
80.554 437.0 
80.332 438.0 
80.332 439.0 
80.297 440.0 
80.297 441.0 
80.286 442.0 
80.344 443.0 
80.321 444.0 
80.286 445.0 
80.286 446.0 
80.402 447.0 
80.402 448.0 
80.356 449.0 
80.659 450.0 
80.274 451.0 
80.286 452.0 
80.262 453.0 
80.251 454.0 
80.367 455.0 
80.367 456.0 
80.309 457.0 
80.262 458.0 
80.391 459.0 
80.402 460.0 
80.344 461.0 
80.297 462.0 
80.414 463.0 
80.344 464.0 
80.402 465.0 
80.402 466.0 
80.321 467.0 
80.227 468.0 
80.379 469.0 
80.321 470.0 
80.402 471.0 
80.321 472.0 
80.391 473.0 
80.344 474.0 
80.414 475.0 
80.321 476.0 
80.251 477.0 
80.297 478.0 
80.262 479.0 
80.332 480.0 
80.426 481.0 
80.297 482.0 
80.379 483.0 
80.321 484.0 
80.379 485.0 
80.274 486.0 
80.262 487.0 
80.344 488.0 
80.367 489.0 
80.297 490.0 
80.321 491.0 
80.391 492.0 
80.309 493.0 
80.367 494.0 
80.297 495.0 
80.286 496.0 
80.332 497.0 
80.379 498.0 
80.251 499.0 
80.227 500.0 
80.321 501.0 
80.356 502.0 
80.251 503.0 
80.251 504.0 
80.297 505.0 
80.274 506.0 
80.297 507.0 
80.367 508.0 
80.216 509.0 
80.251 510.0 
80.286 511.0 
80.297 512.0 
80.309 513.0 
80.309 514.0 
80.332 515.0 
80.344 516.0 
80.367 517.0 
80.192 518.0 
80.181 519.0 
80.169 520.0 
80.216 521.0 
80.181 522.0 
80.216 523.0 
80.227 524.0 
80.204 525.0 
80.169 526.0 
80.181 527.0 
80.157 528.0 
80.122 529.0 
80.11 530.0 
80.122 531.0 
80.262 532.0 
80.239 533.0 
80.169 534.0 
80.192 535.0 
80.145 536.0 
80.11 537.0 
80.064 538.0 
80.005 539.0 
79.982 540.0 
80.122 541.0 
80.04 542.0 
80.005 543.0 
79.959 544.0 
79.912 545.0 
79.865 546.0 
79.982 547.0 
79.935 548.0 
79.912 549.0 
79.818 550.0 
79.97 551.0 
79.877 552.0 
79.865 553.0 
79.76 554.0 
79.748 555.0 
79.877 556.0 
79.842 557.0 
79.818 558.0 
79.912 559.0 
79.865 560.0 
79.83 561.0 
79.737 562.0 
79.877 563.0 
79.807 564.0 
79.667 565.0 
79.865 566.0 
79.982 567.0 
79.748 568.0 
79.854 569.0 
79.748 570.0 
79.877 571.0 
79.795 572.0 
79.725 573.0 
79.842 574.0 
79.795 575.0 
79.889 576.0 
79.854 577.0 
79.807 578.0 
79.912 579.0 
79.842 580.0 
79.9 581.0 
79.842 582.0 
79.947 583.0 
79.889 584.0 
80.005 585.0 
79.865 586.0 
79.795 587.0 
79.865 588.0 
79.783 589.0 
79.865 590.0 
79.818 591.0 
79.83 592.0 
79.795 593.0 
79.807 594.0 
79.795 595.0 
79.9 596.0 
79.76 597.0 
79.912 598.0 
79.807 599.0 
79.889 600.0 
79.947 601.0 
79.83 602.0 
79.959 603.0 
79.818 604.0 
79.9 605.0 
79.807 606.0 
79.842 607.0 
79.783 608.0 
79.842 609.0 
79.959 610.0 
79.818 611.0 
79.912 612.0 
79.807 613.0 
79.877 614.0 
79.783 615.0 
79.842 616.0 
79.912 617.0 
79.795 618.0 
79.865 619.0 
79.55 620.0 
79.842 621.0 
79.83 622.0 
79.807 623.0 
79.83 624.0 
79.9 625.0 
79.748 626.0 
79.842 627.0 
79.912 628.0 
79.807 629.0 
79.83 630.0 
79.912 631.0 
79.748 632.0 
79.877 633.0 
79.959 634.0 
79.807 635.0 
79.854 636.0 
79.9 637.0 
79.842 638.0 
79.854 639.0 
79.924 640.0 
79.737 641.0 
79.842 642.0 
79.877 643.0 
79.795 644.0 
79.818 645.0 
79.842 646.0 
79.924 647.0 
79.795 648.0 
79.83 649.0 
79.9 650.0 
79.772 651.0 
79.807 652.0 
79.877 653.0 
79.9 654.0 
79.76 655.0 
79.795 656.0 
79.795 657.0 
79.924 658.0 
79.818 659.0 
79.865 660.0 
79.889 661.0 
79.959 662.0 
79.772 663.0 
79.83 664.0 
79.877 665.0 
79.924 666.0 
79.76 667.0 
79.818 668.0 
79.865 669.0 
79.924 670.0 
79.795 671.0 
79.783 672.0 
79.854 673.0 
79.818 674.0 
79.912 675.0 
79.748 676.0 
79.807 677.0 
79.889 678.0 
79.889 679.0 
79.912 680.0 
79.783 681.0 
79.76 682.0 
79.83 683.0 
79.9 684.0 
79.935 685.0 
79.947 686.0 
79.772 687.0 
79.783 688.0 
79.842 689.0 
79.877 690.0 
79.924 691.0 
79.935 692.0 
79.725 693.0 
79.795 694.0 
79.807 695.0 
79.854 696.0 
79.889 697.0 
79.9 698.0 
79.375 699.0 
79.76 700.0 
79.795 701.0 
79.783 702.0 
79.842 703.0 
79.83 704.0 
79.947 705.0 
79.97 706.0 
79.748 707.0 
79.783 708.0 
79.807 709.0 
79.83 710.0 
79.83 711.0 
79.854 712.0 
79.877 713.0 
79.889 714.0 
79.947 715.0 
79.748 716.0 
79.807 717.0 
79.818 718.0 
79.854 719.0 
79.854 720.0 
79.865 721.0 
79.9 722.0 
79.854 723.0 
79.912 724.0 
79.947 725.0 
79.737 726.0 
79.737 727.0 
79.783 728.0 
79.783 729.0 
79.795 730.0 
79.83 731.0 
79.865 732.0 
79.889 733.0 
79.854 734.0 
79.9 735.0 
79.924 736.0 
79.9 737.0 
79.924 738.0 
79.924 739.0 
79.748 740.0 
79.772 741.0 
79.748 742.0 
79.76 743.0 
79.772 744.0 
79.795 745.0 
79.783 746.0 
79.795 747.0 
79.795 748.0 
79.795 749.0 
79.818 750.0 
79.795 751.0 
79.807 752.0 
79.807 753.0 
79.842 754.0 
79.818 755.0 
79.807 756.0 
79.865 757.0 
79.854 758.0 
79.865 759.0 
79.842 760.0 
79.854 761.0 
79.865 762.0 
79.854 763.0 
79.854 764.0 
79.854 765.0 
79.877 766.0 
79.83 767.0 
79.865 768.0 
79.865 769.0 
79.854 770.0 
79.865 771.0 
79.865 772.0 
79.889 773.0 
79.865 774.0 
79.854 775.0 
79.842 776.0 
79.877 777.0 
79.842 778.0 
79.842 779.0 
79.865 780.0 
79.83 781.0 
79.854 782.0 
79.854 783.0 
79.854 784.0 
79.854 785.0 
79.842 786.0 
79.854 787.0 
79.865 788.0 
79.83 789.0 
79.83 790.0 
79.854 791.0 
79.83 792.0 
79.842 793.0 
79.865 794.0 
79.854 795.0 
79.854 796.0 
79.83 797.0 
79.865 798.0 
79.83 799.0 
79.854 800.0 
79.854 801.0 
79.854 802.0 
79.842 803.0 
79.854 804.0 
0.017 805.0 
0.013 806.0 
0.012 807.0 
0.008 808.0 
0.001 809.0 
0.002 810.0 
-0.004 811.0 
-0.01 812.0 
-0.016 813.0 
-0.013 814.0 
-0.019 815.0 
-0.018 816.0 
-0.024 817.0 
-0.034 818.0 
-0.029 819.0 
-0.025 820.0 
-0.029 821.0 
-0.041 822.0 
-0.038 823.0 
-0.03 824.0 
-0.025 825.0 
-0.038 826.0 
-0.037 827.0 
-0.034 828.0 
-0.024 829.0 
