-0.043 257.0 
-0.025 258.0 
-0.04 259.0 
-0.05 260.0 
-0.026 261.0 
-0.041 262.0 
-0.047 263.0 
-0.047 264.0 
-0.059 265.0 
-0.056 266.0 
-0.04 267.0 
-0.048 268.0 
-0.049 269.0 
-0.048 270.0 
-0.053 271.0 
-0.025 272.0 
-0.041 273.0 
-0.031 274.0 
154.556 275.0 
150.632 276.0 
149.557 277.0 
148.133 278.0 
146.486 279.0 
144.395 280.0 
142.865 281.0 
140.915 282.0 
138.111 283.0 
136.92 284.0 
136.535 285.0 
136.231 286.0 
135.997 287.0 
135.811 288.0 
135.542 289.0 
135.297 290.0 
134.643 291.0 
134.397 292.0 
134.175 293.0 
134.082 294.0 
133.498 295.0 
133.369 296.0 
133.288 297.0 
132.774 298.0 
132.564 299.0 
132.529 300.0 
132.003 301.0 
131.98 302.0 
131.512 303.0 
131.454 304.0 
131.407 305.0 
130.812 306.0 
129.702 307.0 
127.273 308.0 
124.236 309.0 
119.868 310.0 
115.43 311.0 
110.372 312.0 
105.817 313.0 
100.877 314.0 
96.45 315.0 
92.012 316.0 
88.053 317.0 
84.946 318.0 
84.747 319.0 
84.525 320.0 
84.374 321.0 
84.35 322.0 
84.233 323.0 
84.315 324.0 
84.21 325.0 
84.117 326.0 
84.257 327.0 
84.163 328.0 
84.362 329.0 
84.28 330.0 
84.187 331.0 
84.315 332.0 
84.28 333.0 
84.233 334.0 
84.315 335.0 
84.303 336.0 
84.303 337.0 
84.198 338.0 
84.35 339.0 
84.187 340.0 
84.198 341.0 
84.163 342.0 
84.35 343.0 
84.233 344.0 
84.152 345.0 
84.152 346.0 
84.117 347.0 
84.292 348.0 
84.268 349.0 
84.21 350.0 
84.198 351.0 
84.268 352.0 
84.21 353.0 
84.128 354.0 
84.303 355.0 
84.233 356.0 
84.292 357.0 
84.21 358.0 
84.327 359.0 
84.21 360.0 
84.245 361.0 
84.21 362.0 
84.257 363.0 
84.14 364.0 
84.187 365.0 
84.21 366.0 
84.222 367.0 
84.163 368.0 
84.198 369.0 
84.233 370.0 
84.268 371.0 
84.28 372.0 
84.257 373.0 
84.268 374.0 
84.268 375.0 
84.397 376.0 
84.187 377.0 
84.222 378.0 
84.21 379.0 
84.198 380.0 
84.21 381.0 
84.35 382.0 
84.198 383.0 
84.198 384.0 
84.175 385.0 
84.292 386.0 
84.187 387.0 
84.14 388.0 
84.233 389.0 
84.257 390.0 
84.28 391.0 
84.198 392.0 
84.28 393.0 
84.152 394.0 
84.21 395.0 
84.303 396.0 
84.152 397.0 
84.245 398.0 
84.128 399.0 
84.152 400.0 
84.245 401.0 
84.198 402.0 
84.292 403.0 
84.245 404.0 
84.152 405.0 
84.14 406.0 
84.198 407.0 
84.128 408.0 
84.222 409.0 
84.152 410.0 
84.175 411.0 
84.268 412.0 
84.677 413.0 
84.268 414.0 
84.152 415.0 
84.222 416.0 
84.163 417.0 
84.257 418.0 
84.257 419.0 
84.14 420.0 
84.187 421.0 
84.198 422.0 
84.257 423.0 
84.14 424.0 
84.152 425.0 
84.21 426.0 
84.233 427.0 
84.163 428.0 
84.152 429.0 
84.163 430.0 
84.222 431.0 
84.257 432.0 
84.268 433.0 
84.14 434.0 
84.163 435.0 
84.198 436.0 
84.245 437.0 
84.128 438.0 
84.128 439.0 
84.152 440.0 
84.14 441.0 
84.175 442.0 
84.187 443.0 
84.163 444.0 
84.14 445.0 
84.117 446.0 
84.28 447.0 
84.222 448.0 
84.222 449.0 
84.595 450.0 
84.21 451.0 
84.187 452.0 
84.128 453.0 
84.117 454.0 
84.222 455.0 
84.233 456.0 
84.175 457.0 
84.152 458.0 
84.257 459.0 
84.245 460.0 
84.187 461.0 
84.163 462.0 
84.257 463.0 
84.222 464.0 
84.21 465.0 
84.245 466.0 
84.222 467.0 
84.117 468.0 
84.233 469.0 
84.187 470.0 
84.152 471.0 
84.175 472.0 
84.187 473.0 
84.198 474.0 
84.268 475.0 
84.21 476.0 
84.117 477.0 
84.198 478.0 
84.105 479.0 
84.175 480.0 
84.292 481.0 
84.187 482.0 
84.245 483.0 
84.163 484.0 
84.163 485.0 
84.128 486.0 
84.14 487.0 
84.268 488.0 
84.14 489.0 
84.21 490.0 
84.245 491.0 
84.198 492.0 
84.187 493.0 
84.21 494.0 
84.187 495.0 
84.093 496.0 
84.222 497.0 
84.233 498.0 
84.128 499.0 
84.105 500.0 
84.187 501.0 
84.233 502.0 
84.07 503.0 
84.128 504.0 
84.152 505.0 
84.152 506.0 
84.128 507.0 
84.198 508.0 
84.046 509.0 
84.117 510.0 
84.152 511.0 
84.187 512.0 
84.152 513.0 
84.175 514.0 
84.198 515.0 
84.222 516.0 
84.233 517.0 
84.058 518.0 
84.0 519.0 
84.035 520.0 
84.035 521.0 
84.046 522.0 
84.046 523.0 
84.07 524.0 
84.035 525.0 
84.058 526.0 
84.011 527.0 
83.906 528.0 
84.0 529.0 
83.953 530.0 
84.0 531.0 
84.152 532.0 
84.07 533.0 
84.035 534.0 
84.023 535.0 
83.965 536.0 
83.895 537.0 
83.79 538.0 
83.801 539.0 
83.743 540.0 
83.848 541.0 
83.766 542.0 
83.754 543.0 
83.696 544.0 
83.649 545.0 
83.603 546.0 
83.743 547.0 
83.673 548.0 
83.614 549.0 
83.579 550.0 
83.544 551.0 
83.626 552.0 
83.638 553.0 
83.521 554.0 
83.509 555.0 
83.638 556.0 
83.626 557.0 
83.509 558.0 
83.229 559.0 
83.603 560.0 
83.544 561.0 
83.463 562.0 
83.603 563.0 
83.544 564.0 
83.439 565.0 
83.579 566.0 
83.591 567.0 
83.463 568.0 
83.533 569.0 
83.509 570.0 
83.626 571.0 
83.568 572.0 
83.486 573.0 
83.579 574.0 
83.498 575.0 
83.626 576.0 
83.521 577.0 
83.568 578.0 
83.649 579.0 
83.579 580.0 
83.661 581.0 
83.591 582.0 
83.603 583.0 
83.603 584.0 
83.708 585.0 
83.603 586.0 
83.544 587.0 
83.638 588.0 
83.544 589.0 
83.638 590.0 
83.533 591.0 
83.626 592.0 
83.533 593.0 
83.614 594.0 
83.533 595.0 
83.638 596.0 
83.544 597.0 
83.638 598.0 
83.533 599.0 
83.603 600.0 
83.661 601.0 
83.603 602.0 
83.696 603.0 
83.568 604.0 
83.673 605.0 
83.509 606.0 
83.591 607.0 
83.486 608.0 
83.579 609.0 
83.696 610.0 
83.556 611.0 
83.649 612.0 
83.521 613.0 
83.603 614.0 
83.486 615.0 
83.579 616.0 
83.684 617.0 
83.486 618.0 
83.603 619.0 
83.369 620.0 
83.568 621.0 
83.603 622.0 
83.521 623.0 
83.556 624.0 
83.649 625.0 
83.521 626.0 
83.603 627.0 
83.649 628.0 
83.498 629.0 
83.591 630.0 
83.708 631.0 
83.533 632.0 
83.603 633.0 
83.684 634.0 
83.533 635.0 
83.603 636.0 
83.661 637.0 
83.568 638.0 
83.591 639.0 
83.614 640.0 
83.486 641.0 
83.568 642.0 
83.638 643.0 
83.486 644.0 
83.544 645.0 
83.603 646.0 
83.673 647.0 
83.509 648.0 
83.556 649.0 
83.603 650.0 
83.498 651.0 
83.509 652.0 
83.568 653.0 
83.649 654.0 
83.498 655.0 
83.556 656.0 
83.603 657.0 
83.673 658.0 
83.533 659.0 
83.568 660.0 
83.626 661.0 
83.696 662.0 
83.498 663.0 
83.591 664.0 
83.603 665.0 
83.649 666.0 
83.533 667.0 
83.556 668.0 
83.614 669.0 
83.661 670.0 
83.474 671.0 
83.544 672.0 
83.579 673.0 
83.626 674.0 
83.626 675.0 
83.498 676.0 
83.568 677.0 
83.591 678.0 
83.591 679.0 
83.696 680.0 
83.486 681.0 
83.533 682.0 
83.544 683.0 
83.614 684.0 
83.649 685.0 
83.661 686.0 
83.474 687.0 
83.544 688.0 
83.591 689.0 
83.614 690.0 
83.649 691.0 
83.696 692.0 
83.486 693.0 
83.568 694.0 
83.568 695.0 
83.579 696.0 
83.638 697.0 
83.626 698.0 
83.416 699.0 
83.509 700.0 
83.521 701.0 
83.544 702.0 
83.556 703.0 
83.591 704.0 
83.591 705.0 
83.638 706.0 
83.474 707.0 
83.509 708.0 
83.556 709.0 
83.568 710.0 
83.591 711.0 
83.591 712.0 
83.591 713.0 
83.638 714.0 
83.696 715.0 
83.463 716.0 
83.498 717.0 
83.521 718.0 
83.521 719.0 
83.556 720.0 
83.568 721.0 
83.591 722.0 
83.638 723.0 
83.649 724.0 
83.673 725.0 
83.498 726.0 
83.486 727.0 
83.498 728.0 
83.486 729.0 
83.533 730.0 
83.579 731.0 
83.579 732.0 
83.638 733.0 
83.614 734.0 
83.626 735.0 
83.649 736.0 
83.661 737.0 
83.673 738.0 
83.474 739.0 
83.451 740.0 
83.474 741.0 
83.486 742.0 
83.486 743.0 
83.498 744.0 
83.486 745.0 
83.509 746.0 
83.544 747.0 
83.498 748.0 
83.533 749.0 
83.544 750.0 
83.521 751.0 
83.579 752.0 
83.556 753.0 
83.556 754.0 
83.579 755.0 
83.556 756.0 
83.568 757.0 
83.579 758.0 
83.556 759.0 
83.556 760.0 
83.568 761.0 
83.579 762.0 
83.591 763.0 
83.614 764.0 
83.579 765.0 
83.591 766.0 
83.626 767.0 
83.591 768.0 
83.579 769.0 
83.626 770.0 
83.591 771.0 
83.579 772.0 
83.591 773.0 
83.591 774.0 
83.626 775.0 
83.603 776.0 
83.591 777.0 
83.603 778.0 
83.638 779.0 
83.591 780.0 
83.556 781.0 
83.591 782.0 
83.591 783.0 
83.579 784.0 
83.568 785.0 
83.603 786.0 
83.568 787.0 
83.603 788.0 
83.591 789.0 
83.579 790.0 
83.614 791.0 
83.603 792.0 
83.591 793.0 
83.556 794.0 
83.568 795.0 
83.579 796.0 
83.568 797.0 
83.568 798.0 
83.533 799.0 
83.556 800.0 
83.556 801.0 
83.568 802.0 
83.568 803.0 
83.544 804.0 
-0.005 805.0 
0.0 806.0 
0.004 807.0 
-0.001 808.0 
-0.001 809.0 
-0.013 810.0 
-0.023 811.0 
-0.03 812.0 
-0.04 813.0 
-0.049 814.0 
-0.059 815.0 
-0.054 816.0 
-0.05 817.0 
-0.055 818.0 
-0.061 819.0 
-0.069 820.0 
-0.069 821.0 
-0.068 822.0 
-0.065 823.0 
-0.06 824.0 
-0.055 825.0 
-0.052 826.0 
-0.041 827.0 
-0.034 828.0 
-0.036 829.0 
