-0.059 257.0 
-0.035 258.0 
-0.037 259.0 
-0.037 260.0 
-0.034 261.0 
-0.008 262.0 
-0.031 263.0 
-0.013 264.0 
-0.026 265.0 
-0.044 266.0 
-0.05 267.0 
-0.032 268.0 
-0.042 269.0 
-0.043 270.0 
-0.035 271.0 
-0.041 272.0 
-0.043 273.0 
-0.029 274.0 
148.985 275.0 
145.458 276.0 
144.232 277.0 
142.772 278.0 
141.125 279.0 
138.917 280.0 
137.27 281.0 
135.32 282.0 
132.914 283.0 
131.314 284.0 
130.952 285.0 
130.578 286.0 
130.38 287.0 
130.111 288.0 
129.866 289.0 
129.644 290.0 
129.06 291.0 
128.826 292.0 
128.581 293.0 
128.522 294.0 
127.927 295.0 
127.775 296.0 
127.705 297.0 
127.156 298.0 
126.922 299.0 
126.841 300.0 
126.268 301.0 
126.198 302.0 
125.696 303.0 
125.603 304.0 
125.451 305.0 
124.82 306.0 
123.745 307.0 
121.468 308.0 
118.49 309.0 
114.413 310.0 
110.15 311.0 
105.654 312.0 
101.18 313.0 
96.614 314.0 
92.304 315.0 
88.31 316.0 
84.595 317.0 
81.734 318.0 
81.57 319.0 
81.348 320.0 
81.243 321.0 
81.185 322.0 
81.103 323.0 
81.162 324.0 
81.08 325.0 
81.057 326.0 
81.08 327.0 
80.986 328.0 
81.197 329.0 
81.127 330.0 
81.033 331.0 
81.127 332.0 
81.127 333.0 
80.998 334.0 
81.127 335.0 
81.138 336.0 
81.115 337.0 
81.033 338.0 
81.138 339.0 
81.068 340.0 
81.045 341.0 
81.033 342.0 
80.881 343.0 
81.068 344.0 
81.021 345.0 
81.021 346.0 
80.986 347.0 
81.127 348.0 
81.092 349.0 
81.045 350.0 
81.033 351.0 
81.08 352.0 
81.045 353.0 
80.928 354.0 
81.127 355.0 
81.068 356.0 
81.138 357.0 
81.103 358.0 
81.103 359.0 
81.045 360.0 
81.115 361.0 
81.057 362.0 
81.08 363.0 
81.01 364.0 
80.975 365.0 
81.045 366.0 
81.033 367.0 
81.01 368.0 
81.045 369.0 
81.045 370.0 
81.057 371.0 
81.08 372.0 
81.103 373.0 
81.103 374.0 
81.127 375.0 
81.395 376.0 
80.998 377.0 
81.045 378.0 
81.057 379.0 
81.068 380.0 
81.045 381.0 
81.103 382.0 
81.092 383.0 
81.01 384.0 
81.033 385.0 
81.068 386.0 
80.998 387.0 
80.951 388.0 
81.045 389.0 
81.045 390.0 
81.045 391.0 
81.01 392.0 
81.127 393.0 
81.01 394.0 
81.045 395.0 
81.15 396.0 
80.998 397.0 
81.103 398.0 
80.975 399.0 
80.986 400.0 
81.103 401.0 
81.045 402.0 
81.138 403.0 
81.115 404.0 
81.045 405.0 
80.963 406.0 
81.045 407.0 
81.045 408.0 
81.08 409.0 
80.998 410.0 
81.068 411.0 
81.092 412.0 
81.407 413.0 
81.092 414.0 
80.998 415.0 
81.057 416.0 
80.998 417.0 
81.127 418.0 
81.08 419.0 
80.986 420.0 
81.057 421.0 
81.057 422.0 
81.103 423.0 
81.045 424.0 
80.986 425.0 
81.068 426.0 
81.092 427.0 
81.01 428.0 
81.021 429.0 
80.975 430.0 
81.057 431.0 
81.08 432.0 
81.115 433.0 
80.998 434.0 
80.998 435.0 
81.057 436.0 
81.103 437.0 
80.986 438.0 
81.033 439.0 
81.01 440.0 
81.01 441.0 
80.998 442.0 
81.057 443.0 
81.033 444.0 
80.986 445.0 
80.998 446.0 
81.068 447.0 
81.115 448.0 
81.068 449.0 
81.325 450.0 
80.986 451.0 
80.998 452.0 
80.963 453.0 
80.951 454.0 
81.092 455.0 
81.021 456.0 
80.998 457.0 
80.986 458.0 
81.068 459.0 
81.068 460.0 
81.045 461.0 
80.986 462.0 
81.127 463.0 
81.068 464.0 
81.045 465.0 
81.092 466.0 
81.057 467.0 
80.963 468.0 
81.068 469.0 
81.01 470.0 
80.986 471.0 
81.01 472.0 
80.975 473.0 
81.045 474.0 
81.127 475.0 
81.033 476.0 
80.986 477.0 
81.045 478.0 
80.963 479.0 
81.045 480.0 
81.138 481.0 
81.021 482.0 
81.092 483.0 
80.986 484.0 
81.057 485.0 
80.975 486.0 
80.94 487.0 
81.068 488.0 
80.975 489.0 
81.033 490.0 
81.08 491.0 
81.01 492.0 
80.998 493.0 
81.033 494.0 
80.951 495.0 
80.963 496.0 
81.057 497.0 
81.092 498.0 
80.963 499.0 
80.951 500.0 
81.01 501.0 
81.068 502.0 
80.928 503.0 
80.963 504.0 
80.963 505.0 
80.975 506.0 
80.986 507.0 
81.22 508.0 
80.916 509.0 
80.951 510.0 
80.963 511.0 
81.01 512.0 
80.998 513.0 
81.01 514.0 
81.045 515.0 
81.033 516.0 
81.057 517.0 
80.905 518.0 
80.893 519.0 
80.881 520.0 
80.916 521.0 
80.916 522.0 
80.928 523.0 
80.94 524.0 
80.87 525.0 
80.858 526.0 
80.893 527.0 
80.811 528.0 
80.846 529.0 
80.8 530.0 
80.823 531.0 
80.963 532.0 
80.951 533.0 
80.881 534.0 
80.881 535.0 
80.858 536.0 
80.776 537.0 
80.683 538.0 
80.706 539.0 
80.683 540.0 
80.811 541.0 
80.659 542.0 
80.683 543.0 
80.636 544.0 
80.589 545.0 
80.554 546.0 
80.659 547.0 
80.578 548.0 
80.519 549.0 
80.508 550.0 
80.484 551.0 
80.543 552.0 
80.519 553.0 
80.437 554.0 
80.426 555.0 
80.543 556.0 
80.496 557.0 
80.461 558.0 
80.099 559.0 
80.554 560.0 
80.496 561.0 
80.391 562.0 
80.531 563.0 
80.461 564.0 
80.402 565.0 
80.531 566.0 
80.484 567.0 
80.379 568.0 
80.473 569.0 
80.426 570.0 
80.554 571.0 
80.461 572.0 
80.391 573.0 
80.449 574.0 
80.414 575.0 
80.543 576.0 
80.473 577.0 
80.449 578.0 
80.578 579.0 
80.484 580.0 
80.566 581.0 
80.554 582.0 
80.578 583.0 
80.543 584.0 
80.636 585.0 
80.508 586.0 
80.449 587.0 
80.531 588.0 
80.461 589.0 
80.531 590.0 
80.484 591.0 
80.519 592.0 
80.449 593.0 
80.519 594.0 
80.461 595.0 
80.543 596.0 
80.449 597.0 
80.543 598.0 
80.473 599.0 
80.484 600.0 
80.624 601.0 
80.496 602.0 
80.624 603.0 
80.496 604.0 
80.578 605.0 
80.484 606.0 
80.519 607.0 
80.402 608.0 
80.508 609.0 
80.589 610.0 
80.461 611.0 
80.543 612.0 
80.473 613.0 
80.531 614.0 
80.426 615.0 
80.519 616.0 
80.578 617.0 
80.402 618.0 
80.543 619.0 
80.204 620.0 
80.496 621.0 
80.519 622.0 
80.461 623.0 
80.531 624.0 
80.578 625.0 
80.449 626.0 
80.508 627.0 
80.578 628.0 
80.484 629.0 
80.496 630.0 
80.578 631.0 
80.461 632.0 
80.519 633.0 
80.811 634.0 
80.437 635.0 
80.543 636.0 
80.578 637.0 
80.449 638.0 
80.519 639.0 
80.566 640.0 
80.449 641.0 
80.496 642.0 
80.589 643.0 
80.414 644.0 
80.461 645.0 
80.508 646.0 
80.554 647.0 
80.449 648.0 
80.461 649.0 
80.543 650.0 
80.402 651.0 
80.426 652.0 
80.531 653.0 
80.566 654.0 
80.414 655.0 
80.508 656.0 
80.508 657.0 
80.589 658.0 
80.473 659.0 
80.554 660.0 
80.566 661.0 
80.636 662.0 
80.426 663.0 
80.531 664.0 
80.554 665.0 
80.589 666.0 
80.426 667.0 
80.473 668.0 
80.543 669.0 
80.601 670.0 
80.449 671.0 
80.437 672.0 
80.484 673.0 
80.519 674.0 
80.519 675.0 
80.437 676.0 
80.473 677.0 
80.484 678.0 
80.543 679.0 
80.589 680.0 
80.426 681.0 
80.449 682.0 
80.496 683.0 
80.554 684.0 
80.519 685.0 
80.613 686.0 
80.414 687.0 
80.437 688.0 
80.508 689.0 
80.519 690.0 
80.589 691.0 
80.601 692.0 
80.414 693.0 
80.449 694.0 
80.484 695.0 
80.519 696.0 
80.531 697.0 
80.543 698.0 
80.344 699.0 
80.449 700.0 
80.473 701.0 
80.496 702.0 
80.531 703.0 
80.531 704.0 
80.543 705.0 
80.578 706.0 
80.414 707.0 
80.461 708.0 
80.484 709.0 
80.496 710.0 
80.508 711.0 
80.543 712.0 
80.519 713.0 
80.554 714.0 
80.484 715.0 
80.414 716.0 
80.461 717.0 
80.473 718.0 
80.473 719.0 
80.473 720.0 
80.531 721.0 
80.519 722.0 
80.566 723.0 
80.578 724.0 
80.636 725.0 
80.391 726.0 
80.437 727.0 
80.437 728.0 
80.461 729.0 
80.496 730.0 
80.484 731.0 
80.484 732.0 
80.531 733.0 
80.531 734.0 
80.531 735.0 
80.531 736.0 
80.578 737.0 
80.578 738.0 
80.391 739.0 
80.414 740.0 
80.414 741.0 
80.402 742.0 
80.437 743.0 
80.461 744.0 
80.437 745.0 
80.461 746.0 
80.437 747.0 
80.473 748.0 
80.449 749.0 
80.449 750.0 
80.473 751.0 
80.496 752.0 
80.484 753.0 
80.496 754.0 
80.473 755.0 
80.484 756.0 
80.508 757.0 
80.508 758.0 
80.473 759.0 
80.496 760.0 
80.496 761.0 
80.508 762.0 
80.496 763.0 
80.519 764.0 
80.531 765.0 
80.531 766.0 
80.496 767.0 
80.508 768.0 
80.508 769.0 
80.519 770.0 
80.531 771.0 
80.543 772.0 
80.531 773.0 
80.496 774.0 
80.508 775.0 
80.554 776.0 
80.519 777.0 
80.543 778.0 
80.531 779.0 
80.508 780.0 
80.531 781.0 
80.508 782.0 
80.519 783.0 
80.508 784.0 
80.508 785.0 
80.508 786.0 
80.484 787.0 
80.543 788.0 
80.496 789.0 
80.496 790.0 
80.496 791.0 
80.508 792.0 
80.484 793.0 
80.484 794.0 
80.508 795.0 
80.519 796.0 
80.473 797.0 
80.484 798.0 
80.496 799.0 
80.461 800.0 
80.473 801.0 
80.484 802.0 
80.473 803.0 
80.496 804.0 
0.006 805.0 
0.001 806.0 
0.002 807.0 
0.004 808.0 
0.0 809.0 
-0.013 810.0 
-0.016 811.0 
-0.022 812.0 
-0.026 813.0 
-0.031 814.0 
-0.043 815.0 
-0.032 816.0 
-0.031 817.0 
-0.029 818.0 
-0.032 819.0 
-0.037 820.0 
-0.041 821.0 
-0.038 822.0 
-0.031 823.0 
-0.032 824.0 
-0.031 825.0 
-0.026 826.0 
-0.023 827.0 
-0.016 828.0 
-0.013 829.0 
