-0.035 257.0 
-0.036 258.0 
-0.025 259.0 
-0.028 260.0 
-0.029 261.0 
-0.041 262.0 
-0.04 263.0 
-0.017 264.0 
-0.047 265.0 
-0.041 266.0 
-0.023 267.0 
-0.023 268.0 
-0.05 269.0 
-0.037 270.0 
-0.05 271.0 
-0.032 272.0 
-0.02 273.0 
-0.02 274.0 
144.57 275.0 
140.693 276.0 
139.641 277.0 
138.322 278.0 
136.733 279.0 
134.701 280.0 
133.229 281.0 
131.244 282.0 
128.966 283.0 
127.366 284.0 
127.062 285.0 
126.782 286.0 
126.56 287.0 
126.292 288.0 
126.023 289.0 
126.058 290.0 
125.252 291.0 
125.042 292.0 
124.855 293.0 
124.808 294.0 
124.271 295.0 
124.119 296.0 
124.037 297.0 
123.5 298.0 
123.313 299.0 
123.208 300.0 
122.659 301.0 
122.589 302.0 
122.087 303.0 
121.97 304.0 
121.888 305.0 
121.234 306.0 
120.055 307.0 
117.824 308.0 
115.021 309.0 
111.225 310.0 
107.359 311.0 
103.119 312.0 
99.031 313.0 
94.71 314.0 
90.762 315.0 
86.803 316.0 
83.311 317.0 
80.473 318.0 
80.367 319.0 
80.11 320.0 
80.064 321.0 
79.994 322.0 
79.877 323.0 
79.924 324.0 
79.889 325.0 
79.76 326.0 
79.865 327.0 
79.783 328.0 
79.959 329.0 
79.947 330.0 
79.854 331.0 
79.912 332.0 
79.935 333.0 
79.842 334.0 
80.005 335.0 
79.912 336.0 
79.854 337.0 
79.795 338.0 
79.959 339.0 
79.842 340.0 
79.83 341.0 
79.818 342.0 
79.947 343.0 
79.842 344.0 
79.807 345.0 
79.807 346.0 
79.76 347.0 
79.912 348.0 
79.9 349.0 
79.842 350.0 
79.807 351.0 
79.865 352.0 
79.842 353.0 
79.62 354.0 
79.889 355.0 
79.865 356.0 
79.924 357.0 
79.83 358.0 
79.924 359.0 
79.877 360.0 
79.9 361.0 
79.807 362.0 
79.865 363.0 
79.772 364.0 
79.818 365.0 
79.83 366.0 
79.854 367.0 
79.783 368.0 
79.83 369.0 
79.795 370.0 
79.854 371.0 
79.889 372.0 
79.854 373.0 
79.889 374.0 
79.877 375.0 
79.935 376.0 
79.655 377.0 
79.889 378.0 
79.83 379.0 
79.818 380.0 
79.83 381.0 
79.935 382.0 
79.865 383.0 
79.818 384.0 
79.818 385.0 
79.889 386.0 
79.795 387.0 
79.76 388.0 
79.865 389.0 
79.854 390.0 
79.865 391.0 
79.854 392.0 
79.912 393.0 
79.737 394.0 
79.83 395.0 
79.924 396.0 
79.772 397.0 
79.9 398.0 
79.783 399.0 
79.76 400.0 
79.854 401.0 
79.854 402.0 
79.912 403.0 
79.842 404.0 
79.795 405.0 
79.783 406.0 
79.842 407.0 
79.783 408.0 
79.83 409.0 
79.76 410.0 
79.83 411.0 
79.889 412.0 
79.924 413.0 
79.865 414.0 
79.772 415.0 
79.83 416.0 
79.783 417.0 
80.064 418.0 
79.877 419.0 
79.783 420.0 
79.842 421.0 
79.818 422.0 
79.889 423.0 
79.783 424.0 
79.83 425.0 
79.877 426.0 
79.854 427.0 
79.807 428.0 
79.795 429.0 
79.818 430.0 
79.854 431.0 
79.877 432.0 
79.912 433.0 
79.772 434.0 
79.795 435.0 
79.83 436.0 
79.97 437.0 
79.737 438.0 
79.807 439.0 
79.807 440.0 
79.818 441.0 
79.76 442.0 
79.795 443.0 
79.772 444.0 
79.807 445.0 
79.737 446.0 
79.889 447.0 
79.865 448.0 
79.842 449.0 
79.842 450.0 
79.807 451.0 
79.795 452.0 
79.783 453.0 
79.725 454.0 
79.854 455.0 
79.83 456.0 
79.795 457.0 
79.772 458.0 
79.877 459.0 
79.842 460.0 
79.795 461.0 
79.76 462.0 
79.9 463.0 
79.842 464.0 
79.877 465.0 
79.854 466.0 
79.795 467.0 
79.737 468.0 
79.807 469.0 
79.783 470.0 
79.865 471.0 
79.807 472.0 
79.912 473.0 
79.83 474.0 
79.889 475.0 
79.842 476.0 
79.725 477.0 
79.818 478.0 
79.76 479.0 
79.748 480.0 
79.889 481.0 
79.772 482.0 
79.842 483.0 
79.76 484.0 
79.83 485.0 
79.783 486.0 
79.783 487.0 
79.818 488.0 
79.807 489.0 
79.807 490.0 
79.9 491.0 
79.877 492.0 
79.842 493.0 
79.854 494.0 
79.795 495.0 
79.783 496.0 
79.842 497.0 
79.877 498.0 
79.76 499.0 
79.713 500.0 
79.854 501.0 
79.83 502.0 
79.725 503.0 
79.737 504.0 
79.795 505.0 
79.795 506.0 
79.783 507.0 
79.842 508.0 
79.69 509.0 
79.713 510.0 
79.76 511.0 
79.807 512.0 
79.818 513.0 
79.807 514.0 
79.795 515.0 
79.842 516.0 
79.818 517.0 
79.725 518.0 
79.667 519.0 
79.632 520.0 
79.667 521.0 
79.702 522.0 
79.69 523.0 
79.655 524.0 
79.678 525.0 
79.678 526.0 
79.655 527.0 
79.667 528.0 
79.62 529.0 
79.597 530.0 
79.632 531.0 
79.748 532.0 
79.713 533.0 
79.643 534.0 
79.69 535.0 
79.667 536.0 
79.573 537.0 
79.597 538.0 
79.468 539.0 
79.48 540.0 
79.597 541.0 
79.515 542.0 
79.468 543.0 
79.445 544.0 
79.375 545.0 
79.363 546.0 
79.48 547.0 
79.386 548.0 
79.328 549.0 
79.293 550.0 
79.246 551.0 
79.386 552.0 
79.351 553.0 
79.27 554.0 
79.211 555.0 
79.351 556.0 
79.316 557.0 
79.246 558.0 
79.386 559.0 
79.316 560.0 
79.281 561.0 
79.199 562.0 
79.305 563.0 
79.27 564.0 
79.129 565.0 
79.305 566.0 
79.445 567.0 
79.188 568.0 
79.293 569.0 
79.223 570.0 
79.386 571.0 
79.258 572.0 
79.211 573.0 
79.293 574.0 
79.234 575.0 
79.363 576.0 
79.27 577.0 
79.305 578.0 
79.375 579.0 
79.305 580.0 
79.34 581.0 
79.293 582.0 
79.445 583.0 
79.305 584.0 
79.41 585.0 
79.34 586.0 
79.234 587.0 
79.363 588.0 
79.27 589.0 
79.351 590.0 
79.258 591.0 
79.293 592.0 
79.27 593.0 
79.27 594.0 
79.281 595.0 
79.351 596.0 
79.281 597.0 
79.363 598.0 
79.27 599.0 
79.328 600.0 
79.41 601.0 
79.293 602.0 
79.386 603.0 
79.293 604.0 
79.363 605.0 
79.281 606.0 
79.316 607.0 
79.234 608.0 
79.316 609.0 
79.375 610.0 
79.305 611.0 
79.363 612.0 
79.27 613.0 
79.363 614.0 
79.246 615.0 
79.328 616.0 
79.398 617.0 
79.27 618.0 
79.34 619.0 
78.954 620.0 
79.293 621.0 
79.27 622.0 
79.246 623.0 
79.27 624.0 
79.398 625.0 
79.246 626.0 
79.351 627.0 
79.375 628.0 
79.246 629.0 
79.305 630.0 
79.41 631.0 
79.211 632.0 
79.351 633.0 
79.41 634.0 
79.281 635.0 
79.316 636.0 
79.386 637.0 
79.27 638.0 
79.363 639.0 
79.398 640.0 
79.293 641.0 
79.305 642.0 
79.375 643.0 
79.246 644.0 
79.305 645.0 
79.34 646.0 
79.375 647.0 
79.246 648.0 
79.258 649.0 
79.375 650.0 
79.223 651.0 
79.281 652.0 
79.328 653.0 
79.386 654.0 
79.211 655.0 
79.27 656.0 
79.27 657.0 
79.398 658.0 
79.27 659.0 
79.328 660.0 
79.375 661.0 
79.398 662.0 
79.258 663.0 
79.258 664.0 
79.351 665.0 
79.375 666.0 
79.246 667.0 
79.293 668.0 
79.34 669.0 
79.375 670.0 
79.281 671.0 
79.305 672.0 
79.305 673.0 
79.305 674.0 
79.398 675.0 
79.246 676.0 
79.27 677.0 
79.34 678.0 
79.293 679.0 
79.386 680.0 
79.223 681.0 
79.223 682.0 
79.351 683.0 
79.305 684.0 
79.398 685.0 
79.41 686.0 
79.246 687.0 
79.246 688.0 
79.281 689.0 
79.316 690.0 
79.375 691.0 
79.433 692.0 
79.211 693.0 
79.258 694.0 
79.305 695.0 
79.316 696.0 
79.34 697.0 
79.375 698.0 
78.756 699.0 
79.223 700.0 
79.246 701.0 
79.27 702.0 
79.293 703.0 
79.316 704.0 
79.386 705.0 
79.375 706.0 
79.223 707.0 
79.234 708.0 
79.258 709.0 
79.281 710.0 
79.316 711.0 
79.34 712.0 
79.363 713.0 
79.363 714.0 
79.41 715.0 
79.223 716.0 
79.27 717.0 
79.281 718.0 
79.305 719.0 
79.305 720.0 
79.328 721.0 
79.363 722.0 
79.351 723.0 
79.41 724.0 
79.386 725.0 
79.199 726.0 
79.211 727.0 
79.234 728.0 
79.281 729.0 
79.293 730.0 
79.293 731.0 
79.305 732.0 
79.316 733.0 
79.34 734.0 
79.34 735.0 
79.386 736.0 
79.41 737.0 
79.363 738.0 
78.826 739.0 
79.176 740.0 
79.199 741.0 
79.223 742.0 
79.211 743.0 
79.246 744.0 
79.223 745.0 
79.223 746.0 
79.258 747.0 
79.281 748.0 
79.27 749.0 
79.258 750.0 
79.27 751.0 
79.305 752.0 
79.293 753.0 
79.293 754.0 
79.293 755.0 
79.293 756.0 
79.27 757.0 
79.328 758.0 
79.316 759.0 
79.281 760.0 
79.316 761.0 
79.281 762.0 
79.328 763.0 
79.316 764.0 
79.34 765.0 
79.328 766.0 
79.328 767.0 
79.316 768.0 
79.316 769.0 
79.316 770.0 
79.34 771.0 
79.328 772.0 
79.34 773.0 
79.305 774.0 
79.293 775.0 
79.34 776.0 
79.34 777.0 
79.351 778.0 
79.34 779.0 
79.316 780.0 
79.316 781.0 
79.305 782.0 
79.328 783.0 
79.305 784.0 
79.305 785.0 
79.328 786.0 
79.375 787.0 
79.293 788.0 
79.305 789.0 
79.34 790.0 
79.328 791.0 
79.34 792.0 
79.316 793.0 
79.305 794.0 
79.281 795.0 
79.27 796.0 
79.305 797.0 
79.281 798.0 
79.305 799.0 
79.246 800.0 
79.293 801.0 
79.293 802.0 
79.293 803.0 
79.27 804.0 
0.005 805.0 
0.004 806.0 
0.006 807.0 
0.006 808.0 
0.002 809.0 
-0.001 810.0 
-0.006 811.0 
-0.008 812.0 
-0.017 813.0 
-0.016 814.0 
-0.011 815.0 
-0.006 816.0 
-0.02 817.0 
-0.014 818.0 
-0.017 819.0 
-0.028 820.0 
-0.019 821.0 
-0.02 822.0 
-0.011 823.0 
-0.012 824.0 
-0.02 825.0 
-0.022 826.0 
-0.014 827.0 
-0.01 828.0 
-0.005 829.0 
