-0.037 257.0 
-0.022 258.0 
-0.055 259.0 
-0.023 260.0 
-0.032 261.0 
-0.017 262.0 
-0.028 263.0 
-0.03 264.0 
-0.032 265.0 
-0.032 266.0 
-0.034 267.0 
-0.036 268.0 
-0.026 269.0 
-0.017 270.0 
-0.016 271.0 
-0.042 272.0 
-0.036 273.0 
-0.017 274.0 
145.925 275.0 
143.134 276.0 
141.919 277.0 
140.401 278.0 
138.765 279.0 
136.757 280.0 
135.086 281.0 
132.786 282.0 
130.333 283.0 
128.768 284.0 
128.347 285.0 
128.032 286.0 
127.868 287.0 
127.611 288.0 
127.366 289.0 
127.168 290.0 
126.689 291.0 
126.455 292.0 
126.233 293.0 
126.151 294.0 
125.614 295.0 
125.497 296.0 
125.427 297.0 
124.902 298.0 
124.715 299.0 
124.656 300.0 
124.119 301.0 
124.026 302.0 
123.745 303.0 
123.43 304.0 
123.313 305.0 
122.694 306.0 
121.48 307.0 
119.109 308.0 
116.294 309.0 
112.463 310.0 
108.527 311.0 
103.832 312.0 
99.814 313.0 
95.399 314.0 
91.416 315.0 
87.328 316.0 
83.825 317.0 
80.951 318.0 
80.8 319.0 
80.589 320.0 
80.589 321.0 
80.449 322.0 
80.332 323.0 
80.402 324.0 
80.321 325.0 
80.461 326.0 
80.344 327.0 
80.262 328.0 
80.426 329.0 
80.356 330.0 
80.274 331.0 
80.356 332.0 
80.367 333.0 
80.274 334.0 
80.729 335.0 
80.367 336.0 
80.391 337.0 
80.286 338.0 
80.426 339.0 
80.332 340.0 
80.309 341.0 
80.297 342.0 
80.414 343.0 
80.344 344.0 
80.309 345.0 
80.262 346.0 
80.262 347.0 
80.379 348.0 
80.356 349.0 
80.332 350.0 
80.251 351.0 
80.332 352.0 
80.286 353.0 
79.959 354.0 
80.356 355.0 
80.332 356.0 
80.379 357.0 
80.321 358.0 
80.379 359.0 
80.344 360.0 
80.356 361.0 
80.286 362.0 
80.309 363.0 
80.274 364.0 
80.286 365.0 
80.274 366.0 
80.297 367.0 
80.251 368.0 
80.309 369.0 
80.297 370.0 
80.297 371.0 
80.332 372.0 
80.321 373.0 
80.379 374.0 
80.391 375.0 
80.391 376.0 
80.122 377.0 
80.321 378.0 
80.286 379.0 
80.321 380.0 
80.309 381.0 
80.402 382.0 
80.309 383.0 
80.297 384.0 
80.274 385.0 
80.367 386.0 
80.239 387.0 
80.251 388.0 
80.344 389.0 
80.321 390.0 
80.332 391.0 
80.297 392.0 
80.356 393.0 
80.216 394.0 
80.309 395.0 
80.414 396.0 
80.262 397.0 
80.367 398.0 
80.262 399.0 
80.262 400.0 
80.379 401.0 
80.297 402.0 
80.367 403.0 
80.344 404.0 
80.309 405.0 
80.204 406.0 
80.309 407.0 
80.274 408.0 
80.309 409.0 
80.239 410.0 
80.286 411.0 
80.356 412.0 
80.367 413.0 
80.356 414.0 
80.251 415.0 
80.321 416.0 
80.262 417.0 
80.659 418.0 
80.309 419.0 
80.251 420.0 
80.332 421.0 
80.356 422.0 
80.367 423.0 
80.297 424.0 
80.297 425.0 
80.321 426.0 
80.356 427.0 
80.297 428.0 
80.274 429.0 
80.321 430.0 
80.321 431.0 
80.344 432.0 
80.356 433.0 
80.239 434.0 
80.274 435.0 
80.379 436.0 
80.578 437.0 
80.274 438.0 
80.274 439.0 
80.309 440.0 
80.321 441.0 
80.274 442.0 
80.286 443.0 
80.262 444.0 
80.274 445.0 
80.216 446.0 
80.379 447.0 
80.344 448.0 
80.356 449.0 
80.309 450.0 
80.251 451.0 
80.274 452.0 
80.239 453.0 
80.251 454.0 
80.321 455.0 
80.321 456.0 
80.297 457.0 
80.274 458.0 
80.332 459.0 
80.344 460.0 
80.297 461.0 
80.262 462.0 
80.356 463.0 
80.332 464.0 
80.356 465.0 
80.356 466.0 
80.239 467.0 
80.192 468.0 
80.297 469.0 
80.239 470.0 
80.367 471.0 
80.309 472.0 
80.367 473.0 
80.321 474.0 
80.379 475.0 
80.297 476.0 
80.216 477.0 
80.274 478.0 
80.216 479.0 
80.239 480.0 
80.391 481.0 
80.274 482.0 
80.344 483.0 
80.262 484.0 
80.309 485.0 
80.227 486.0 
80.274 487.0 
80.321 488.0 
80.297 489.0 
80.286 490.0 
80.321 491.0 
80.379 492.0 
80.274 493.0 
80.332 494.0 
80.297 495.0 
80.274 496.0 
80.332 497.0 
80.332 498.0 
80.216 499.0 
80.227 500.0 
80.309 501.0 
80.356 502.0 
80.169 503.0 
80.216 504.0 
80.239 505.0 
80.251 506.0 
80.087 507.0 
80.332 508.0 
80.192 509.0 
80.204 510.0 
80.204 511.0 
80.227 512.0 
80.297 513.0 
80.286 514.0 
80.297 515.0 
80.309 516.0 
80.321 517.0 
80.145 518.0 
80.087 519.0 
80.157 520.0 
80.157 521.0 
80.169 522.0 
80.145 523.0 
80.122 524.0 
80.145 525.0 
80.145 526.0 
80.145 527.0 
80.11 528.0 
80.075 529.0 
80.029 530.0 
80.075 531.0 
80.216 532.0 
80.204 533.0 
80.075 534.0 
80.145 535.0 
80.122 536.0 
80.04 537.0 
79.994 538.0 
79.935 539.0 
79.924 540.0 
80.017 541.0 
79.959 542.0 
79.924 543.0 
79.889 544.0 
79.818 545.0 
79.795 546.0 
79.912 547.0 
79.9 548.0 
79.795 549.0 
79.76 550.0 
79.69 551.0 
79.818 552.0 
79.807 553.0 
79.725 554.0 
79.713 555.0 
79.795 556.0 
79.725 557.0 
79.713 558.0 
79.854 559.0 
79.783 560.0 
79.783 561.0 
79.667 562.0 
79.807 563.0 
79.737 564.0 
79.585 565.0 
79.807 566.0 
79.889 567.0 
79.655 568.0 
79.783 569.0 
79.702 570.0 
79.807 571.0 
79.737 572.0 
79.702 573.0 
79.795 574.0 
79.702 575.0 
79.795 576.0 
79.748 577.0 
79.725 578.0 
79.842 579.0 
79.76 580.0 
79.818 581.0 
79.76 582.0 
79.865 583.0 
79.783 584.0 
79.912 585.0 
79.807 586.0 
79.725 587.0 
79.795 588.0 
79.737 589.0 
79.807 590.0 
79.713 591.0 
79.772 592.0 
79.748 593.0 
79.83 594.0 
79.737 595.0 
79.842 596.0 
79.725 597.0 
79.795 598.0 
79.713 599.0 
79.818 600.0 
79.889 601.0 
79.772 602.0 
79.854 603.0 
79.737 604.0 
79.854 605.0 
79.713 606.0 
79.807 607.0 
79.69 608.0 
79.783 609.0 
79.889 610.0 
79.713 611.0 
79.842 612.0 
79.76 613.0 
79.818 614.0 
79.713 615.0 
79.772 616.0 
79.854 617.0 
79.725 618.0 
79.83 619.0 
79.877 620.0 
79.737 621.0 
79.807 622.0 
79.69 623.0 
79.702 624.0 
79.889 625.0 
79.655 626.0 
79.807 627.0 
79.83 628.0 
79.737 629.0 
79.737 630.0 
79.865 631.0 
79.737 632.0 
79.818 633.0 
79.854 634.0 
79.748 635.0 
79.83 636.0 
79.807 637.0 
79.748 638.0 
79.772 639.0 
79.83 640.0 
79.725 641.0 
79.76 642.0 
79.783 643.0 
79.667 644.0 
79.76 645.0 
79.783 646.0 
79.865 647.0 
79.713 648.0 
79.713 649.0 
79.795 650.0 
79.678 651.0 
79.748 652.0 
79.748 653.0 
79.877 654.0 
79.702 655.0 
79.748 656.0 
79.772 657.0 
79.83 658.0 
79.748 659.0 
79.795 660.0 
79.842 661.0 
79.877 662.0 
79.69 663.0 
79.748 664.0 
79.807 665.0 
79.877 666.0 
79.725 667.0 
79.748 668.0 
79.818 669.0 
79.842 670.0 
79.725 671.0 
79.725 672.0 
79.783 673.0 
79.795 674.0 
79.854 675.0 
79.702 676.0 
79.772 677.0 
79.795 678.0 
79.748 679.0 
79.865 680.0 
79.69 681.0 
79.69 682.0 
79.76 683.0 
79.795 684.0 
79.83 685.0 
79.854 686.0 
79.702 687.0 
79.737 688.0 
79.783 689.0 
79.807 690.0 
79.83 691.0 
79.877 692.0 
79.713 693.0 
79.737 694.0 
79.772 695.0 
79.807 696.0 
79.818 697.0 
79.842 698.0 
79.094 699.0 
79.713 700.0 
79.713 701.0 
79.748 702.0 
79.737 703.0 
79.795 704.0 
79.818 705.0 
79.877 706.0 
79.678 707.0 
79.702 708.0 
79.725 709.0 
79.737 710.0 
79.795 711.0 
79.783 712.0 
79.83 713.0 
79.854 714.0 
79.842 715.0 
79.69 716.0 
79.702 717.0 
79.725 718.0 
79.725 719.0 
79.76 720.0 
79.783 721.0 
79.807 722.0 
79.795 723.0 
79.842 724.0 
79.854 725.0 
79.678 726.0 
79.643 727.0 
79.76 728.0 
79.737 729.0 
79.737 730.0 
79.76 731.0 
79.795 732.0 
79.807 733.0 
79.772 734.0 
79.807 735.0 
79.842 736.0 
79.83 737.0 
79.854 738.0 
79.865 739.0 
79.678 740.0 
79.702 741.0 
79.713 742.0 
79.725 743.0 
79.678 744.0 
79.713 745.0 
79.69 746.0 
79.737 747.0 
79.713 748.0 
79.725 749.0 
79.748 750.0 
79.737 751.0 
79.783 752.0 
79.76 753.0 
79.772 754.0 
79.772 755.0 
79.76 756.0 
79.795 757.0 
79.795 758.0 
79.772 759.0 
79.807 760.0 
79.795 761.0 
79.807 762.0 
79.783 763.0 
79.783 764.0 
79.818 765.0 
79.783 766.0 
79.795 767.0 
79.807 768.0 
79.772 769.0 
79.772 770.0 
79.783 771.0 
79.818 772.0 
79.795 773.0 
79.795 774.0 
79.795 775.0 
79.807 776.0 
79.807 777.0 
79.795 778.0 
79.807 779.0 
79.783 780.0 
79.795 781.0 
79.783 782.0 
79.783 783.0 
79.76 784.0 
79.772 785.0 
79.76 786.0 
79.795 787.0 
79.807 788.0 
79.76 789.0 
79.772 790.0 
79.807 791.0 
79.795 792.0 
79.818 793.0 
79.772 794.0 
79.772 795.0 
79.783 796.0 
79.76 797.0 
79.748 798.0 
79.737 799.0 
79.772 800.0 
79.772 801.0 
79.748 802.0 
79.76 803.0 
79.748 804.0 
0.008 805.0 
0.002 806.0 
0.005 807.0 
0.002 808.0 
-0.006 809.0 
-0.011 810.0 
-0.02 811.0 
-0.025 812.0 
-0.034 813.0 
-0.038 814.0 
-0.041 815.0 
-0.046 816.0 
-0.055 817.0 
-0.053 818.0 
-0.064 819.0 
-0.049 820.0 
-0.056 821.0 
-0.052 822.0 
-0.053 823.0 
-0.061 824.0 
-0.046 825.0 
-0.043 826.0 
-0.042 827.0 
-0.034 828.0 
-0.028 829.0 
