-0.028 257.0 
-0.042 258.0 
-0.056 259.0 
-0.064 260.0 
-0.025 261.0 
-0.008 262.0 
-0.042 263.0 
-0.025 264.0 
-0.049 265.0 
-0.041 266.0 
-0.05 267.0 
-0.044 268.0 
-0.034 269.0 
-0.023 270.0 
-0.056 271.0 
-0.037 272.0 
-0.028 273.0 
-0.068 274.0 
145.248 275.0 
142.106 276.0 
140.786 277.0 
138.917 278.0 
137.014 279.0 
134.748 280.0 
132.774 281.0 
130.391 282.0 
126.992 283.0 
125.591 284.0 
125.252 285.0 
124.925 286.0 
124.762 287.0 
124.435 288.0 
124.143 289.0 
123.5 290.0 
123.395 291.0 
123.185 292.0 
123.01 293.0 
122.928 294.0 
122.437 295.0 
122.309 296.0 
122.239 297.0 
121.737 298.0 
121.491 299.0 
121.41 300.0 
120.884 301.0 
120.802 302.0 
120.323 303.0 
120.242 304.0 
120.172 305.0 
119.529 306.0 
118.396 307.0 
116.142 308.0 
113.619 309.0 
110.185 310.0 
106.74 311.0 
102.874 312.0 
98.891 313.0 
94.827 314.0 
91.043 315.0 
87.282 316.0 
83.743 317.0 
80.87 318.0 
80.753 319.0 
80.496 320.0 
80.391 321.0 
80.367 322.0 
80.251 323.0 
80.262 324.0 
80.204 325.0 
80.122 326.0 
80.262 327.0 
80.145 328.0 
80.578 329.0 
80.227 330.0 
80.192 331.0 
80.437 332.0 
80.204 333.0 
80.169 334.0 
80.11 335.0 
80.227 336.0 
80.274 337.0 
80.122 338.0 
80.309 339.0 
80.157 340.0 
80.181 341.0 
80.181 342.0 
80.11 343.0 
80.157 344.0 
80.169 345.0 
80.157 346.0 
80.122 347.0 
80.087 348.0 
80.169 349.0 
80.181 350.0 
80.192 351.0 
80.227 352.0 
80.145 353.0 
80.087 354.0 
80.204 355.0 
80.169 356.0 
80.251 357.0 
80.181 358.0 
80.216 359.0 
80.227 360.0 
80.239 361.0 
80.157 362.0 
80.204 363.0 
80.11 364.0 
80.145 365.0 
80.181 366.0 
80.169 367.0 
80.122 368.0 
80.169 369.0 
80.169 370.0 
80.192 371.0 
80.181 372.0 
80.169 373.0 
80.227 374.0 
80.239 375.0 
80.496 376.0 
80.099 377.0 
80.145 378.0 
80.169 379.0 
80.169 380.0 
80.192 381.0 
80.274 382.0 
80.181 383.0 
80.122 384.0 
80.157 385.0 
80.251 386.0 
80.145 387.0 
80.087 388.0 
80.204 389.0 
80.169 390.0 
80.181 391.0 
80.145 392.0 
80.251 393.0 
80.075 394.0 
80.192 395.0 
80.251 396.0 
80.099 397.0 
80.204 398.0 
80.04 399.0 
80.122 400.0 
80.227 401.0 
80.204 402.0 
80.251 403.0 
80.204 404.0 
80.145 405.0 
80.087 406.0 
80.181 407.0 
80.134 408.0 
80.145 409.0 
80.087 410.0 
80.134 411.0 
80.216 412.0 
80.297 413.0 
80.192 414.0 
80.145 415.0 
80.169 416.0 
80.099 417.0 
80.251 418.0 
80.169 419.0 
80.087 420.0 
80.157 421.0 
80.181 422.0 
80.239 423.0 
80.122 424.0 
80.145 425.0 
80.181 426.0 
80.192 427.0 
80.087 428.0 
80.134 429.0 
80.064 430.0 
80.192 431.0 
80.157 432.0 
80.204 433.0 
80.052 434.0 
80.122 435.0 
80.157 436.0 
80.251 437.0 
80.04 438.0 
80.134 439.0 
80.134 440.0 
80.134 441.0 
80.145 442.0 
80.134 443.0 
80.099 444.0 
80.122 445.0 
80.122 446.0 
80.239 447.0 
80.192 448.0 
80.192 449.0 
80.426 450.0 
80.169 451.0 
80.169 452.0 
80.122 453.0 
80.075 454.0 
80.181 455.0 
80.04 456.0 
80.087 457.0 
80.075 458.0 
80.181 459.0 
80.216 460.0 
80.134 461.0 
80.122 462.0 
80.227 463.0 
80.169 464.0 
80.145 465.0 
80.239 466.0 
80.169 467.0 
80.122 468.0 
80.181 469.0 
80.11 470.0 
80.11 471.0 
80.157 472.0 
80.204 473.0 
80.145 474.0 
80.227 475.0 
80.169 476.0 
80.052 477.0 
80.145 478.0 
80.075 479.0 
80.145 480.0 
80.262 481.0 
80.157 482.0 
80.204 483.0 
80.11 484.0 
80.192 485.0 
80.11 486.0 
80.064 487.0 
80.216 488.0 
80.11 489.0 
80.157 490.0 
80.192 491.0 
80.157 492.0 
80.145 493.0 
80.169 494.0 
80.122 495.0 
80.087 496.0 
80.134 497.0 
80.192 498.0 
80.052 499.0 
80.087 500.0 
80.134 501.0 
80.204 502.0 
80.052 503.0 
80.075 504.0 
80.134 505.0 
80.169 506.0 
80.157 507.0 
80.274 508.0 
80.029 509.0 
80.064 510.0 
80.099 511.0 
80.134 512.0 
80.11 513.0 
80.134 514.0 
80.157 515.0 
80.145 516.0 
80.508 517.0 
79.924 518.0 
80.017 519.0 
80.052 520.0 
80.075 521.0 
80.052 522.0 
80.064 523.0 
80.04 524.0 
80.04 525.0 
80.052 526.0 
80.04 527.0 
79.947 528.0 
79.947 529.0 
79.935 530.0 
79.97 531.0 
80.099 532.0 
80.099 533.0 
80.064 534.0 
80.04 535.0 
80.017 536.0 
79.924 537.0 
79.9 538.0 
79.842 539.0 
79.854 540.0 
79.947 541.0 
79.854 542.0 
79.83 543.0 
79.795 544.0 
79.76 545.0 
79.737 546.0 
79.83 547.0 
79.783 548.0 
79.702 549.0 
79.678 550.0 
79.597 551.0 
79.76 552.0 
79.678 553.0 
79.643 554.0 
79.608 555.0 
79.737 556.0 
79.655 557.0 
79.643 558.0 
79.328 559.0 
79.713 560.0 
79.643 561.0 
79.562 562.0 
79.713 563.0 
79.667 564.0 
79.515 565.0 
79.737 566.0 
79.772 567.0 
79.585 568.0 
79.678 569.0 
79.62 570.0 
79.702 571.0 
79.643 572.0 
79.573 573.0 
79.678 574.0 
79.643 575.0 
79.713 576.0 
79.655 577.0 
79.643 578.0 
79.76 579.0 
79.667 580.0 
79.737 581.0 
79.702 582.0 
79.772 583.0 
79.725 584.0 
79.83 585.0 
79.737 586.0 
79.608 587.0 
79.725 588.0 
79.643 589.0 
79.725 590.0 
79.643 591.0 
79.713 592.0 
79.632 593.0 
79.667 594.0 
79.643 595.0 
79.725 596.0 
79.597 597.0 
79.713 598.0 
79.655 599.0 
79.725 600.0 
79.795 601.0 
79.702 602.0 
79.737 603.0 
79.655 604.0 
79.748 605.0 
79.643 606.0 
79.702 607.0 
79.608 608.0 
79.702 609.0 
79.772 610.0 
79.667 611.0 
79.737 612.0 
79.632 613.0 
79.713 614.0 
79.573 615.0 
79.667 616.0 
79.748 617.0 
79.643 618.0 
79.713 619.0 
79.316 620.0 
79.655 621.0 
79.725 622.0 
79.632 623.0 
79.678 624.0 
79.772 625.0 
79.632 626.0 
79.702 627.0 
79.748 628.0 
79.643 629.0 
79.69 630.0 
79.76 631.0 
79.55 632.0 
79.702 633.0 
79.783 634.0 
79.643 635.0 
79.702 636.0 
79.783 637.0 
79.62 638.0 
79.713 639.0 
79.772 640.0 
79.632 641.0 
79.667 642.0 
79.737 643.0 
79.573 644.0 
79.678 645.0 
79.725 646.0 
79.795 647.0 
79.62 648.0 
79.643 649.0 
79.702 650.0 
79.62 651.0 
79.632 652.0 
79.702 653.0 
79.725 654.0 
79.585 655.0 
79.643 656.0 
79.667 657.0 
79.748 658.0 
79.655 659.0 
79.702 660.0 
79.748 661.0 
79.783 662.0 
79.573 663.0 
79.678 664.0 
79.725 665.0 
79.795 666.0 
79.643 667.0 
79.655 668.0 
79.713 669.0 
79.737 670.0 
79.608 671.0 
79.632 672.0 
79.678 673.0 
79.69 674.0 
79.737 675.0 
79.608 676.0 
79.632 677.0 
79.678 678.0 
79.702 679.0 
79.725 680.0 
79.632 681.0 
79.643 682.0 
79.667 683.0 
79.713 684.0 
79.737 685.0 
79.772 686.0 
79.608 687.0 
79.667 688.0 
79.632 689.0 
79.713 690.0 
79.737 691.0 
79.772 692.0 
79.585 693.0 
79.643 694.0 
79.655 695.0 
79.713 696.0 
79.725 697.0 
79.678 698.0 
79.386 699.0 
79.643 700.0 
79.632 701.0 
79.667 702.0 
79.667 703.0 
79.667 704.0 
79.748 705.0 
79.783 706.0 
79.597 707.0 
79.608 708.0 
79.608 709.0 
79.667 710.0 
79.702 711.0 
79.702 712.0 
79.748 713.0 
79.76 714.0 
79.772 715.0 
79.643 716.0 
79.643 717.0 
79.632 718.0 
79.667 719.0 
79.655 720.0 
79.725 721.0 
79.702 722.0 
79.76 723.0 
79.76 724.0 
79.76 725.0 
79.632 726.0 
79.62 727.0 
79.632 728.0 
79.62 729.0 
79.643 730.0 
79.655 731.0 
79.667 732.0 
79.69 733.0 
79.69 734.0 
79.725 735.0 
79.725 736.0 
79.76 737.0 
79.737 738.0 
79.129 739.0 
79.562 740.0 
79.585 741.0 
79.597 742.0 
79.585 743.0 
79.62 744.0 
79.667 745.0 
79.62 746.0 
79.632 747.0 
79.643 748.0 
79.632 749.0 
79.643 750.0 
79.667 751.0 
79.667 752.0 
79.667 753.0 
79.69 754.0 
79.667 755.0 
79.655 756.0 
79.632 757.0 
79.678 758.0 
79.702 759.0 
79.667 760.0 
79.69 761.0 
79.713 762.0 
79.69 763.0 
79.713 764.0 
79.702 765.0 
79.713 766.0 
79.69 767.0 
79.69 768.0 
79.69 769.0 
79.702 770.0 
79.702 771.0 
79.69 772.0 
79.713 773.0 
79.725 774.0 
79.713 775.0 
79.667 776.0 
79.702 777.0 
79.678 778.0 
79.702 779.0 
79.713 780.0 
79.69 781.0 
79.678 782.0 
79.678 783.0 
79.69 784.0 
79.702 785.0 
79.678 786.0 
79.69 787.0 
79.69 788.0 
79.702 789.0 
79.713 790.0 
79.702 791.0 
79.655 792.0 
79.702 793.0 
79.678 794.0 
79.667 795.0 
79.632 796.0 
79.643 797.0 
79.655 798.0 
79.643 799.0 
79.69 800.0 
79.678 801.0 
79.667 802.0 
79.655 803.0 
79.69 804.0 
0.005 805.0 
0.01 806.0 
0.016 807.0 
0.005 808.0 
0.006 809.0 
0.008 810.0 
0.004 811.0 
0.0 812.0 
0.001 813.0 
0.005 814.0 
-0.002 815.0 
-0.001 816.0 
-0.008 817.0 
-0.01 818.0 
-0.013 819.0 
-0.01 820.0 
-0.01 821.0 
-0.005 822.0 
-0.017 823.0 
-0.025 824.0 
-0.024 825.0 
-0.013 826.0 
-0.018 827.0 
-0.014 828.0 
-0.018 829.0 
