-0.023 257.0 
-0.049 258.0 
-0.019 259.0 
-0.047 260.0 
-0.023 261.0 
-0.034 262.0 
-0.03 263.0 
-0.013 264.0 
-0.03 265.0 
-0.017 266.0 
-0.036 267.0 
-0.047 268.0 
-0.042 269.0 
-0.038 270.0 
-0.038 271.0 
-0.034 272.0 
-0.03 273.0 
-0.023 274.0 
140.809 275.0 
138.217 276.0 
137.387 277.0 
136.021 278.0 
134.397 279.0 
132.388 280.0 
130.636 281.0 
127.798 282.0 
125.17 283.0 
123.781 284.0 
123.465 285.0 
123.15 286.0 
122.963 287.0 
122.636 288.0 
122.391 289.0 
121.807 290.0 
121.678 291.0 
121.445 292.0 
121.199 293.0 
120.779 294.0 
120.615 295.0 
120.464 296.0 
120.405 297.0 
119.844 298.0 
119.658 299.0 
119.401 300.0 
119.085 301.0 
118.98 302.0 
118.396 303.0 
118.279 304.0 
117.976 305.0 
117.509 306.0 
116.317 307.0 
114.063 308.0 
111.599 309.0 
108.48 310.0 
105.0 311.0 
100.959 312.0 
96.952 313.0 
92.923 314.0 
89.057 315.0 
84.934 316.0 
81.313 317.0 
78.148 318.0 
77.973 319.0 
77.868 320.0 
77.693 321.0 
77.693 322.0 
77.623 323.0 
77.611 324.0 
77.588 325.0 
77.483 326.0 
77.576 327.0 
77.506 328.0 
77.529 329.0 
77.588 330.0 
77.553 331.0 
77.564 332.0 
77.611 333.0 
77.564 334.0 
77.494 335.0 
77.611 336.0 
77.599 337.0 
77.506 338.0 
77.623 339.0 
77.564 340.0 
77.541 341.0 
77.541 342.0 
77.588 343.0 
77.611 344.0 
77.564 345.0 
77.541 346.0 
77.471 347.0 
77.494 348.0 
77.588 349.0 
77.553 350.0 
77.518 351.0 
77.623 352.0 
77.553 353.0 
77.518 354.0 
77.483 355.0 
77.599 356.0 
77.611 357.0 
77.576 358.0 
77.669 359.0 
77.588 360.0 
77.623 361.0 
77.553 362.0 
77.541 363.0 
77.529 364.0 
77.506 365.0 
77.564 366.0 
77.576 367.0 
77.483 368.0 
77.541 369.0 
77.541 370.0 
77.553 371.0 
77.599 372.0 
77.588 373.0 
77.611 374.0 
77.623 375.0 
77.658 376.0 
77.518 377.0 
77.553 378.0 
77.553 379.0 
77.518 380.0 
77.576 381.0 
77.646 382.0 
77.518 383.0 
77.541 384.0 
77.483 385.0 
77.599 386.0 
77.506 387.0 
77.471 388.0 
77.576 389.0 
77.564 390.0 
77.541 391.0 
77.529 392.0 
77.599 393.0 
77.471 394.0 
77.506 395.0 
77.646 396.0 
77.483 397.0 
77.576 398.0 
77.459 399.0 
77.529 400.0 
77.611 401.0 
77.564 402.0 
77.611 403.0 
77.576 404.0 
77.541 405.0 
77.471 406.0 
77.541 407.0 
77.459 408.0 
77.541 409.0 
77.494 410.0 
77.541 411.0 
77.588 412.0 
77.845 413.0 
77.588 414.0 
77.506 415.0 
77.541 416.0 
77.471 417.0 
77.588 418.0 
77.576 419.0 
77.518 420.0 
77.518 421.0 
77.576 422.0 
77.576 423.0 
77.483 424.0 
77.518 425.0 
77.564 426.0 
77.564 427.0 
77.483 428.0 
77.529 429.0 
77.518 430.0 
77.564 431.0 
77.588 432.0 
77.599 433.0 
77.506 434.0 
77.541 435.0 
77.506 436.0 
77.518 437.0 
77.506 438.0 
77.494 439.0 
77.483 440.0 
77.494 441.0 
77.518 442.0 
77.529 443.0 
77.518 444.0 
77.506 445.0 
77.436 446.0 
77.611 447.0 
77.599 448.0 
77.553 449.0 
77.739 450.0 
77.529 451.0 
77.506 452.0 
77.471 453.0 
77.483 454.0 
77.541 455.0 
77.389 456.0 
77.494 457.0 
77.483 458.0 
77.576 459.0 
77.588 460.0 
77.564 461.0 
77.506 462.0 
77.599 463.0 
77.541 464.0 
77.553 465.0 
77.588 466.0 
77.541 467.0 
77.471 468.0 
77.576 469.0 
77.506 470.0 
77.494 471.0 
77.518 472.0 
77.412 473.0 
77.576 474.0 
77.599 475.0 
77.529 476.0 
77.448 477.0 
77.518 478.0 
77.459 479.0 
77.553 480.0 
77.611 481.0 
77.529 482.0 
77.576 483.0 
77.541 484.0 
77.553 485.0 
77.483 486.0 
77.471 487.0 
77.576 488.0 
77.506 489.0 
77.506 490.0 
77.576 491.0 
77.518 492.0 
77.553 493.0 
77.576 494.0 
77.471 495.0 
77.471 496.0 
77.494 497.0 
77.576 498.0 
77.471 499.0 
77.518 500.0 
77.553 501.0 
77.553 502.0 
77.424 503.0 
77.424 504.0 
77.471 505.0 
77.518 506.0 
77.436 507.0 
77.529 508.0 
77.366 509.0 
77.424 510.0 
77.483 511.0 
77.494 512.0 
77.529 513.0 
77.529 514.0 
77.564 515.0 
77.553 516.0 
77.81 517.0 
77.354 518.0 
77.436 519.0 
77.424 520.0 
77.424 521.0 
77.424 522.0 
77.436 523.0 
77.436 524.0 
77.401 525.0 
77.377 526.0 
77.412 527.0 
77.342 528.0 
77.389 529.0 
77.342 530.0 
77.342 531.0 
77.506 532.0 
77.751 533.0 
77.424 534.0 
77.436 535.0 
77.401 536.0 
77.342 537.0 
77.284 538.0 
77.272 539.0 
77.249 540.0 
77.331 541.0 
77.237 542.0 
77.272 543.0 
77.202 544.0 
77.179 545.0 
77.109 546.0 
77.261 547.0 
77.214 548.0 
77.167 549.0 
77.097 550.0 
77.015 551.0 
77.167 552.0 
77.132 553.0 
77.109 554.0 
77.027 555.0 
77.202 556.0 
77.132 557.0 
77.085 558.0 
76.758 559.0 
77.144 560.0 
77.109 561.0 
77.039 562.0 
77.132 563.0 
77.085 564.0 
77.004 565.0 
77.144 566.0 
77.12 567.0 
77.039 568.0 
77.12 569.0 
77.05 570.0 
77.144 571.0 
77.085 572.0 
76.992 573.0 
77.12 574.0 
77.074 575.0 
77.518 576.0 
77.097 577.0 
77.097 578.0 
77.156 579.0 
77.144 580.0 
77.191 581.0 
77.109 582.0 
77.191 583.0 
77.132 584.0 
77.237 585.0 
77.167 586.0 
77.05 587.0 
77.167 588.0 
77.085 589.0 
77.156 590.0 
77.05 591.0 
77.167 592.0 
77.097 593.0 
77.144 594.0 
77.085 595.0 
77.074 596.0 
77.097 597.0 
77.156 598.0 
77.074 599.0 
77.179 600.0 
77.261 601.0 
77.132 602.0 
77.167 603.0 
77.109 604.0 
77.132 605.0 
77.085 606.0 
77.156 607.0 
77.062 608.0 
77.132 609.0 
77.202 610.0 
77.074 611.0 
77.179 612.0 
77.097 613.0 
77.191 614.0 
77.062 615.0 
77.132 616.0 
77.202 617.0 
77.027 618.0 
77.144 619.0 
76.934 620.0 
77.156 621.0 
77.144 622.0 
77.05 623.0 
77.109 624.0 
77.167 625.0 
77.074 626.0 
77.144 627.0 
77.214 628.0 
77.062 629.0 
77.132 630.0 
77.179 631.0 
77.085 632.0 
77.144 633.0 
77.471 634.0 
77.085 635.0 
77.167 636.0 
77.191 637.0 
77.097 638.0 
77.144 639.0 
77.202 640.0 
77.05 641.0 
77.074 642.0 
77.167 643.0 
77.062 644.0 
77.109 645.0 
77.167 646.0 
77.214 647.0 
77.027 648.0 
77.109 649.0 
77.156 650.0 
77.039 651.0 
76.992 652.0 
77.167 653.0 
77.202 654.0 
77.085 655.0 
77.109 656.0 
77.132 657.0 
77.191 658.0 
77.074 659.0 
77.132 660.0 
77.191 661.0 
77.214 662.0 
77.062 663.0 
77.12 664.0 
77.156 665.0 
77.156 666.0 
77.074 667.0 
77.132 668.0 
77.156 669.0 
77.179 670.0 
77.027 671.0 
77.074 672.0 
77.109 673.0 
77.144 674.0 
77.12 675.0 
77.027 676.0 
77.074 677.0 
77.144 678.0 
77.12 679.0 
77.191 680.0 
77.062 681.0 
77.039 682.0 
77.097 683.0 
77.167 684.0 
77.144 685.0 
77.214 686.0 
76.969 687.0 
77.074 688.0 
77.109 689.0 
77.144 690.0 
77.202 691.0 
77.214 692.0 
77.039 693.0 
77.109 694.0 
77.097 695.0 
77.144 696.0 
77.109 697.0 
77.179 698.0 
76.992 699.0 
77.097 700.0 
77.085 701.0 
77.074 702.0 
77.144 703.0 
77.156 704.0 
77.085 705.0 
77.202 706.0 
77.039 707.0 
77.074 708.0 
77.097 709.0 
77.085 710.0 
77.12 711.0 
77.179 712.0 
77.167 713.0 
77.179 714.0 
77.004 715.0 
77.062 716.0 
77.004 717.0 
77.12 718.0 
77.085 719.0 
77.109 720.0 
77.156 721.0 
77.167 722.0 
77.144 723.0 
77.202 724.0 
77.214 725.0 
76.992 726.0 
77.05 727.0 
77.062 728.0 
77.074 729.0 
77.097 730.0 
77.12 731.0 
77.132 732.0 
77.144 733.0 
77.167 734.0 
77.156 735.0 
77.144 736.0 
77.191 737.0 
77.214 738.0 
77.004 739.0 
77.015 740.0 
77.039 741.0 
77.05 742.0 
77.027 743.0 
77.039 744.0 
77.05 745.0 
77.05 746.0 
77.062 747.0 
77.074 748.0 
77.05 749.0 
77.062 750.0 
77.074 751.0 
77.097 752.0 
77.074 753.0 
77.097 754.0 
77.12 755.0 
77.109 756.0 
77.109 757.0 
77.144 758.0 
77.156 759.0 
77.144 760.0 
77.12 761.0 
77.085 762.0 
77.109 763.0 
77.109 764.0 
77.109 765.0 
77.167 766.0 
77.109 767.0 
77.12 768.0 
77.144 769.0 
77.132 770.0 
77.167 771.0 
77.144 772.0 
77.132 773.0 
77.144 774.0 
77.132 775.0 
77.144 776.0 
77.12 777.0 
77.109 778.0 
77.144 779.0 
77.167 780.0 
77.12 781.0 
77.132 782.0 
77.109 783.0 
77.109 784.0 
77.12 785.0 
77.085 786.0 
77.12 787.0 
77.109 788.0 
77.132 789.0 
77.12 790.0 
77.156 791.0 
77.132 792.0 
77.132 793.0 
77.132 794.0 
77.12 795.0 
77.132 796.0 
77.132 797.0 
77.12 798.0 
77.12 799.0 
77.167 800.0 
77.132 801.0 
77.12 802.0 
77.156 803.0 
77.144 804.0 
0.006 805.0 
0.007 806.0 
0.002 807.0 
0.004 808.0 
0.0 809.0 
-0.004 810.0 
-0.006 811.0 
-0.006 812.0 
-0.018 813.0 
-0.02 814.0 
-0.023 815.0 
-0.026 816.0 
-0.028 817.0 
-0.023 818.0 
-0.03 819.0 
-0.036 820.0 
-0.037 821.0 
-0.047 822.0 
-0.042 823.0 
-0.03 824.0 
-0.032 825.0 
-0.032 826.0 
-0.038 827.0 
-0.04 828.0 
-0.04 829.0 
