-0.037 257.0 
-0.044 258.0 
-0.053 259.0 
-0.041 260.0 
-0.03 261.0 
-0.048 262.0 
-0.034 263.0 
-0.012 264.0 
-0.036 265.0 
-0.014 266.0 
-0.026 267.0 
-0.026 268.0 
-0.026 269.0 
-0.053 270.0 
-0.036 271.0 
-0.023 272.0 
-0.043 273.0 
-0.047 274.0 
145.633 275.0 
142.503 276.0 
141.604 277.0 
140.003 278.0 
138.228 279.0 
136.044 280.0 
134.222 281.0 
131.793 282.0 
128.651 283.0 
127.168 284.0 
126.782 285.0 
126.514 286.0 
126.245 287.0 
125.953 288.0 
125.626 289.0 
124.867 290.0 
124.738 291.0 
124.54 292.0 
124.248 293.0 
123.769 294.0 
123.675 295.0 
123.547 296.0 
123.489 297.0 
122.951 298.0 
122.741 299.0 
122.414 300.0 
122.099 301.0 
122.005 302.0 
121.48 303.0 
121.386 304.0 
121.024 305.0 
120.604 306.0 
119.401 307.0 
117.018 308.0 
114.203 309.0 
110.583 310.0 
106.985 311.0 
102.886 312.0 
98.786 313.0 
94.36 314.0 
90.202 315.0 
86.114 316.0 
82.411 317.0 
79.655 318.0 
79.48 319.0 
79.258 320.0 
79.141 321.0 
79.153 322.0 
79.024 323.0 
79.071 324.0 
79.048 325.0 
78.954 326.0 
79.013 327.0 
78.919 328.0 
78.919 329.0 
78.989 330.0 
78.942 331.0 
79.024 332.0 
79.013 333.0 
78.954 334.0 
78.896 335.0 
78.989 336.0 
78.978 337.0 
78.907 338.0 
79.164 339.0 
78.942 340.0 
78.954 341.0 
78.966 342.0 
79.071 343.0 
78.989 344.0 
78.966 345.0 
78.954 346.0 
78.907 347.0 
78.907 348.0 
79.001 349.0 
78.978 350.0 
78.978 351.0 
78.989 352.0 
78.942 353.0 
78.884 354.0 
78.896 355.0 
78.989 356.0 
79.013 357.0 
78.978 358.0 
79.083 359.0 
78.989 360.0 
79.048 361.0 
78.954 362.0 
78.966 363.0 
78.954 364.0 
78.931 365.0 
79.013 366.0 
79.013 367.0 
78.896 368.0 
78.919 369.0 
78.942 370.0 
78.966 371.0 
79.013 372.0 
78.966 373.0 
79.024 374.0 
79.001 375.0 
79.048 376.0 
78.907 377.0 
78.931 378.0 
78.942 379.0 
78.966 380.0 
78.954 381.0 
78.896 382.0 
78.931 383.0 
78.954 384.0 
78.907 385.0 
79.036 386.0 
78.919 387.0 
78.896 388.0 
78.954 389.0 
78.954 390.0 
78.954 391.0 
78.942 392.0 
79.001 393.0 
78.896 394.0 
78.978 395.0 
79.071 396.0 
78.907 397.0 
78.989 398.0 
78.849 399.0 
78.884 400.0 
79.024 401.0 
78.978 402.0 
79.059 403.0 
78.989 404.0 
78.931 405.0 
78.942 406.0 
78.966 407.0 
78.861 408.0 
78.954 409.0 
78.896 410.0 
78.978 411.0 
79.024 412.0 
79.445 413.0 
78.989 414.0 
78.931 415.0 
78.966 416.0 
78.907 417.0 
78.966 418.0 
79.048 419.0 
78.896 420.0 
78.954 421.0 
78.978 422.0 
79.013 423.0 
78.919 424.0 
78.966 425.0 
78.978 426.0 
79.001 427.0 
78.896 428.0 
78.919 429.0 
78.919 430.0 
78.978 431.0 
79.024 432.0 
79.013 433.0 
78.907 434.0 
78.907 435.0 
78.907 436.0 
78.954 437.0 
78.919 438.0 
78.872 439.0 
78.931 440.0 
78.919 441.0 
78.942 442.0 
78.942 443.0 
78.896 444.0 
78.919 445.0 
78.907 446.0 
79.036 447.0 
79.001 448.0 
78.978 449.0 
79.106 450.0 
78.954 451.0 
78.942 452.0 
78.884 453.0 
78.907 454.0 
78.942 455.0 
78.732 456.0 
78.907 457.0 
78.884 458.0 
79.001 459.0 
79.001 460.0 
78.978 461.0 
78.931 462.0 
79.013 463.0 
78.954 464.0 
78.966 465.0 
79.001 466.0 
78.954 467.0 
78.896 468.0 
78.966 469.0 
78.884 470.0 
78.884 471.0 
78.931 472.0 
78.814 473.0 
78.942 474.0 
79.001 475.0 
78.942 476.0 
78.884 477.0 
78.966 478.0 
78.872 479.0 
78.954 480.0 
79.048 481.0 
78.931 482.0 
79.013 483.0 
78.954 484.0 
79.001 485.0 
78.872 486.0 
78.919 487.0 
79.013 488.0 
78.907 489.0 
78.931 490.0 
78.989 491.0 
78.954 492.0 
78.919 493.0 
78.954 494.0 
78.872 495.0 
78.884 496.0 
78.954 497.0 
78.966 498.0 
78.884 499.0 
78.907 500.0 
78.931 501.0 
78.989 502.0 
78.837 503.0 
78.907 504.0 
78.942 505.0 
78.919 506.0 
78.907 507.0 
78.966 508.0 
78.802 509.0 
78.837 510.0 
78.872 511.0 
78.884 512.0 
78.896 513.0 
78.919 514.0 
78.942 515.0 
78.767 516.0 
79.375 517.0 
78.767 518.0 
78.837 519.0 
78.802 520.0 
78.826 521.0 
78.814 522.0 
78.837 523.0 
78.826 524.0 
78.802 525.0 
78.814 526.0 
78.814 527.0 
78.756 528.0 
78.779 529.0 
78.744 530.0 
78.721 531.0 
78.849 532.0 
78.826 533.0 
78.767 534.0 
78.779 535.0 
78.709 536.0 
78.709 537.0 
78.615 538.0 
78.615 539.0 
78.569 540.0 
78.709 541.0 
78.592 542.0 
78.615 543.0 
78.545 544.0 
78.487 545.0 
78.487 546.0 
78.639 547.0 
78.522 548.0 
78.464 549.0 
78.475 550.0 
78.382 551.0 
78.522 552.0 
78.475 553.0 
78.44 554.0 
78.417 555.0 
78.487 556.0 
78.452 557.0 
78.394 558.0 
78.055 559.0 
78.499 560.0 
78.417 561.0 
78.394 562.0 
78.499 563.0 
78.429 564.0 
78.359 565.0 
78.51 566.0 
78.522 567.0 
78.382 568.0 
78.475 569.0 
78.417 570.0 
78.499 571.0 
78.452 572.0 
78.37 573.0 
78.452 574.0 
78.417 575.0 
78.896 576.0 
78.405 577.0 
78.452 578.0 
78.569 579.0 
78.44 580.0 
78.545 581.0 
78.487 582.0 
78.522 583.0 
78.51 584.0 
78.055 585.0 
78.51 586.0 
78.429 587.0 
78.51 588.0 
78.452 589.0 
78.499 590.0 
78.417 591.0 
78.499 592.0 
78.417 593.0 
78.475 594.0 
78.405 595.0 
78.452 596.0 
78.417 597.0 
78.487 598.0 
78.417 599.0 
78.499 600.0 
78.569 601.0 
78.452 602.0 
78.557 603.0 
78.452 604.0 
78.545 605.0 
78.429 606.0 
78.499 607.0 
78.44 608.0 
78.452 609.0 
78.557 610.0 
78.475 611.0 
78.534 612.0 
78.429 613.0 
78.499 614.0 
78.37 615.0 
78.464 616.0 
78.499 617.0 
78.347 618.0 
78.51 619.0 
78.207 620.0 
78.464 621.0 
78.534 622.0 
78.394 623.0 
78.51 624.0 
78.557 625.0 
78.417 626.0 
78.51 627.0 
78.522 628.0 
78.417 629.0 
78.499 630.0 
78.569 631.0 
78.417 632.0 
78.499 633.0 
78.779 634.0 
78.44 635.0 
78.51 636.0 
78.534 637.0 
78.44 638.0 
78.475 639.0 
78.557 640.0 
78.429 641.0 
78.417 642.0 
78.522 643.0 
78.405 644.0 
78.429 645.0 
78.51 646.0 
78.545 647.0 
78.394 648.0 
78.44 649.0 
78.534 650.0 
78.359 651.0 
78.382 652.0 
78.464 653.0 
78.534 654.0 
78.382 655.0 
78.405 656.0 
78.464 657.0 
78.522 658.0 
78.417 659.0 
78.487 660.0 
78.522 661.0 
78.557 662.0 
78.429 663.0 
78.487 664.0 
78.499 665.0 
78.592 666.0 
78.44 667.0 
78.429 668.0 
78.487 669.0 
78.545 670.0 
78.405 671.0 
78.429 672.0 
78.475 673.0 
78.499 674.0 
78.487 675.0 
78.382 676.0 
78.44 677.0 
78.44 678.0 
78.499 679.0 
78.557 680.0 
78.394 681.0 
78.417 682.0 
78.452 683.0 
78.475 684.0 
78.534 685.0 
78.534 686.0 
78.44 687.0 
78.452 688.0 
78.464 689.0 
78.487 690.0 
78.51 691.0 
78.545 692.0 
78.382 693.0 
78.417 694.0 
78.44 695.0 
78.464 696.0 
78.475 697.0 
78.522 698.0 
78.347 699.0 
78.417 700.0 
78.429 701.0 
78.452 702.0 
78.475 703.0 
78.51 704.0 
78.452 705.0 
78.569 706.0 
78.405 707.0 
78.405 708.0 
78.417 709.0 
78.452 710.0 
78.464 711.0 
78.522 712.0 
78.545 713.0 
78.534 714.0 
78.265 715.0 
78.37 716.0 
78.347 717.0 
78.405 718.0 
78.452 719.0 
78.429 720.0 
78.499 721.0 
78.51 722.0 
78.545 723.0 
78.545 724.0 
78.58 725.0 
78.405 726.0 
78.394 727.0 
78.405 728.0 
78.429 729.0 
78.464 730.0 
78.44 731.0 
78.44 732.0 
78.51 733.0 
78.464 734.0 
78.487 735.0 
78.499 736.0 
78.51 737.0 
78.557 738.0 
78.323 739.0 
78.37 740.0 
78.417 741.0 
78.37 742.0 
78.417 743.0 
78.394 744.0 
78.417 745.0 
78.464 746.0 
78.429 747.0 
78.417 748.0 
78.417 749.0 
78.429 750.0 
78.44 751.0 
78.44 752.0 
78.417 753.0 
78.475 754.0 
78.429 755.0 
78.44 756.0 
78.487 757.0 
78.429 758.0 
78.464 759.0 
78.475 760.0 
78.487 761.0 
78.464 762.0 
78.487 763.0 
78.499 764.0 
78.51 765.0 
78.487 766.0 
78.487 767.0 
78.499 768.0 
78.475 769.0 
78.487 770.0 
78.499 771.0 
78.487 772.0 
78.475 773.0 
78.475 774.0 
78.475 775.0 
78.487 776.0 
78.464 777.0 
78.475 778.0 
78.487 779.0 
78.487 780.0 
78.499 781.0 
78.464 782.0 
78.464 783.0 
78.487 784.0 
78.475 785.0 
78.475 786.0 
78.452 787.0 
78.499 788.0 
78.475 789.0 
78.487 790.0 
78.452 791.0 
78.475 792.0 
78.487 793.0 
78.464 794.0 
78.475 795.0 
78.464 796.0 
78.475 797.0 
78.452 798.0 
78.499 799.0 
78.51 800.0 
78.452 801.0 
78.487 802.0 
78.499 803.0 
78.51 804.0 
0.006 805.0 
0.006 806.0 
0.004 807.0 
0.002 808.0 
0.005 809.0 
0.01 810.0 
0.008 811.0 
0.002 812.0 
0.001 813.0 
-0.006 814.0 
-0.006 815.0 
-0.006 816.0 
-0.001 817.0 
-0.008 818.0 
-0.011 819.0 
-0.02 820.0 
-0.014 821.0 
-0.016 822.0 
-0.017 823.0 
-0.011 824.0 
-0.018 825.0 
-0.013 826.0 
-0.011 827.0 
-0.017 828.0 
-0.02 829.0 
