-0.036 257.0 
-0.03 258.0 
-0.093 259.0 
-0.023 260.0 
-0.03 261.0 
-0.031 262.0 
-0.032 263.0 
-0.024 264.0 
-0.006 265.0 
-0.041 266.0 
-0.035 267.0 
-0.03 268.0 
-0.018 269.0 
-0.024 270.0 
-0.035 271.0 
-0.04 272.0 
-0.046 273.0 
-0.013 274.0 
142.304 275.0 
139.653 276.0 
138.707 277.0 
137.457 278.0 
136.079 279.0 
134.502 280.0 
132.926 281.0 
130.8 282.0 
127.6 283.0 
126.011 284.0 
125.731 285.0 
125.369 286.0 
125.322 287.0 
125.077 288.0 
124.867 289.0 
124.668 290.0 
124.154 291.0 
123.956 292.0 
123.804 293.0 
123.594 294.0 
123.267 295.0 
123.103 296.0 
123.103 297.0 
122.648 298.0 
122.461 299.0 
122.461 300.0 
121.912 301.0 
121.807 302.0 
121.258 303.0 
121.129 304.0 
120.896 305.0 
119.973 306.0 
118.174 307.0 
115.348 308.0 
112.58 309.0 
108.924 310.0 
105.549 311.0 
101.648 312.0 
98.132 313.0 
94.5 314.0 
90.762 315.0 
86.873 316.0 
83.568 317.0 
80.659 318.0 
80.449 319.0 
80.204 320.0 
79.994 321.0 
79.959 322.0 
79.865 323.0 
79.83 324.0 
79.807 325.0 
79.655 326.0 
79.76 327.0 
79.69 328.0 
79.865 329.0 
79.772 330.0 
79.702 331.0 
79.807 332.0 
79.807 333.0 
79.702 334.0 
79.643 335.0 
79.76 336.0 
79.795 337.0 
79.678 338.0 
79.842 339.0 
79.737 340.0 
79.725 341.0 
79.713 342.0 
79.912 343.0 
79.737 344.0 
79.713 345.0 
79.667 346.0 
79.655 347.0 
79.807 348.0 
79.737 349.0 
79.725 350.0 
79.69 351.0 
79.76 352.0 
79.702 353.0 
79.655 354.0 
79.632 355.0 
79.795 356.0 
79.772 357.0 
79.748 358.0 
79.807 359.0 
79.737 360.0 
79.748 361.0 
79.702 362.0 
79.725 363.0 
79.667 364.0 
79.713 365.0 
79.69 366.0 
79.772 367.0 
79.678 368.0 
79.678 369.0 
79.69 370.0 
79.737 371.0 
79.76 372.0 
79.748 373.0 
79.772 374.0 
79.795 375.0 
80.04 376.0 
79.643 377.0 
79.725 378.0 
79.737 379.0 
79.713 380.0 
79.725 381.0 
79.83 382.0 
79.725 383.0 
79.725 384.0 
79.678 385.0 
79.772 386.0 
79.667 387.0 
79.632 388.0 
79.748 389.0 
79.713 390.0 
79.702 391.0 
79.655 392.0 
79.725 393.0 
79.585 394.0 
79.737 395.0 
79.783 396.0 
79.643 397.0 
79.737 398.0 
79.62 399.0 
79.655 400.0 
79.783 401.0 
79.713 402.0 
79.807 403.0 
79.748 404.0 
79.69 405.0 
79.632 406.0 
79.713 407.0 
79.667 408.0 
79.713 409.0 
79.608 410.0 
79.713 411.0 
79.737 412.0 
80.134 413.0 
79.772 414.0 
79.69 415.0 
79.748 416.0 
79.667 417.0 
79.748 418.0 
79.737 419.0 
79.643 420.0 
79.725 421.0 
79.737 422.0 
79.783 423.0 
79.713 424.0 
79.69 425.0 
79.725 426.0 
79.737 427.0 
79.655 428.0 
79.667 429.0 
79.655 430.0 
79.748 431.0 
79.748 432.0 
79.737 433.0 
79.62 434.0 
79.643 435.0 
79.69 436.0 
79.807 437.0 
79.597 438.0 
79.667 439.0 
79.678 440.0 
79.667 441.0 
79.678 442.0 
79.69 443.0 
79.713 444.0 
79.678 445.0 
79.597 446.0 
79.76 447.0 
79.737 448.0 
79.737 449.0 
80.11 450.0 
79.702 451.0 
79.667 452.0 
79.643 453.0 
79.62 454.0 
79.713 455.0 
79.585 456.0 
79.713 457.0 
79.608 458.0 
79.76 459.0 
79.76 460.0 
79.69 461.0 
79.667 462.0 
79.772 463.0 
79.725 464.0 
79.678 465.0 
79.748 466.0 
79.69 467.0 
79.655 468.0 
79.702 469.0 
79.667 470.0 
79.632 471.0 
79.69 472.0 
79.538 473.0 
79.713 474.0 
79.783 475.0 
79.69 476.0 
79.655 477.0 
79.678 478.0 
79.632 479.0 
79.69 480.0 
79.748 481.0 
79.69 482.0 
79.725 483.0 
79.643 484.0 
79.713 485.0 
79.632 486.0 
79.632 487.0 
79.737 488.0 
79.632 489.0 
79.69 490.0 
79.748 491.0 
79.702 492.0 
79.678 493.0 
79.713 494.0 
79.62 495.0 
79.632 496.0 
79.69 497.0 
79.748 498.0 
79.632 499.0 
79.632 500.0 
79.678 501.0 
79.702 502.0 
79.608 503.0 
79.643 504.0 
79.655 505.0 
79.667 506.0 
79.632 507.0 
79.842 508.0 
79.573 509.0 
79.62 510.0 
79.632 511.0 
79.655 512.0 
79.678 513.0 
79.702 514.0 
79.69 515.0 
79.69 516.0 
79.702 517.0 
79.491 518.0 
79.562 519.0 
79.585 520.0 
79.573 521.0 
79.597 522.0 
79.573 523.0 
79.585 524.0 
79.597 525.0 
79.55 526.0 
79.573 527.0 
79.445 528.0 
79.48 529.0 
79.503 530.0 
79.468 531.0 
79.597 532.0 
79.783 533.0 
79.503 534.0 
79.55 535.0 
79.48 536.0 
79.445 537.0 
79.375 538.0 
79.363 539.0 
79.328 540.0 
79.456 541.0 
79.316 542.0 
79.363 543.0 
79.328 544.0 
79.281 545.0 
79.211 546.0 
79.34 547.0 
79.305 548.0 
79.211 549.0 
79.176 550.0 
79.141 551.0 
79.246 552.0 
79.176 553.0 
79.164 554.0 
79.118 555.0 
79.27 556.0 
79.234 557.0 
79.164 558.0 
78.791 559.0 
79.188 560.0 
79.141 561.0 
79.118 562.0 
79.27 563.0 
79.118 564.0 
79.071 565.0 
79.223 566.0 
79.234 567.0 
79.106 568.0 
79.176 569.0 
79.153 570.0 
79.223 571.0 
79.164 572.0 
79.118 573.0 
79.211 574.0 
79.129 575.0 
79.526 576.0 
79.153 577.0 
79.164 578.0 
79.27 579.0 
79.188 580.0 
79.27 581.0 
79.211 582.0 
79.293 583.0 
79.258 584.0 
78.849 585.0 
79.234 586.0 
79.164 587.0 
79.246 588.0 
79.153 589.0 
79.211 590.0 
79.164 591.0 
79.258 592.0 
79.141 593.0 
79.199 594.0 
79.141 595.0 
79.188 596.0 
79.164 597.0 
79.164 598.0 
79.141 599.0 
79.234 600.0 
79.316 601.0 
79.199 602.0 
79.305 603.0 
79.188 604.0 
79.281 605.0 
79.153 606.0 
79.246 607.0 
79.141 608.0 
79.199 609.0 
79.27 610.0 
79.176 611.0 
79.258 612.0 
79.141 613.0 
79.234 614.0 
79.164 615.0 
79.153 616.0 
79.27 617.0 
79.106 618.0 
79.223 619.0 
78.954 620.0 
79.199 621.0 
79.234 622.0 
79.129 623.0 
79.211 624.0 
79.281 625.0 
79.141 626.0 
79.211 627.0 
79.293 628.0 
79.164 629.0 
79.211 630.0 
79.293 631.0 
79.129 632.0 
79.234 633.0 
79.526 634.0 
79.164 635.0 
79.234 636.0 
79.27 637.0 
79.153 638.0 
79.164 639.0 
79.305 640.0 
79.164 641.0 
79.141 642.0 
79.258 643.0 
79.106 644.0 
79.176 645.0 
79.188 646.0 
79.293 647.0 
79.164 648.0 
79.176 649.0 
79.27 650.0 
79.094 651.0 
79.106 652.0 
79.223 653.0 
79.246 654.0 
79.106 655.0 
79.141 656.0 
79.199 657.0 
79.258 658.0 
79.141 659.0 
79.211 660.0 
79.293 661.0 
79.246 662.0 
79.153 663.0 
79.199 664.0 
79.258 665.0 
79.27 666.0 
79.129 667.0 
79.199 668.0 
79.211 669.0 
79.234 670.0 
79.141 671.0 
79.164 672.0 
79.164 673.0 
79.211 674.0 
79.258 675.0 
79.153 676.0 
79.176 677.0 
79.234 678.0 
79.246 679.0 
79.27 680.0 
79.129 681.0 
79.188 682.0 
79.188 683.0 
79.234 684.0 
79.281 685.0 
79.293 686.0 
79.118 687.0 
79.153 688.0 
79.234 689.0 
79.211 690.0 
79.234 691.0 
79.316 692.0 
79.106 693.0 
79.141 694.0 
79.211 695.0 
79.223 696.0 
79.211 697.0 
79.258 698.0 
79.001 699.0 
79.129 700.0 
79.141 701.0 
79.223 702.0 
79.234 703.0 
79.246 704.0 
79.234 705.0 
79.293 706.0 
79.094 707.0 
79.141 708.0 
79.176 709.0 
79.164 710.0 
79.211 711.0 
79.211 712.0 
79.258 713.0 
79.293 714.0 
79.048 715.0 
79.129 716.0 
79.083 717.0 
79.164 718.0 
79.199 719.0 
79.246 720.0 
79.234 721.0 
79.246 722.0 
79.258 723.0 
79.281 724.0 
79.258 725.0 
79.106 726.0 
79.118 727.0 
79.153 728.0 
79.176 729.0 
79.176 730.0 
79.223 731.0 
79.211 732.0 
79.199 733.0 
79.234 734.0 
79.258 735.0 
79.199 736.0 
79.27 737.0 
79.293 738.0 
79.106 739.0 
79.071 740.0 
79.094 741.0 
79.106 742.0 
79.118 743.0 
79.141 744.0 
79.129 745.0 
79.118 746.0 
79.141 747.0 
79.141 748.0 
79.164 749.0 
79.164 750.0 
79.176 751.0 
79.199 752.0 
79.164 753.0 
79.164 754.0 
79.188 755.0 
79.188 756.0 
79.176 757.0 
79.153 758.0 
79.223 759.0 
79.211 760.0 
79.211 761.0 
79.258 762.0 
79.223 763.0 
79.27 764.0 
79.234 765.0 
79.223 766.0 
79.199 767.0 
79.199 768.0 
79.246 769.0 
79.211 770.0 
79.211 771.0 
79.223 772.0 
79.223 773.0 
79.234 774.0 
79.211 775.0 
79.234 776.0 
79.223 777.0 
79.211 778.0 
79.234 779.0 
79.223 780.0 
79.211 781.0 
79.223 782.0 
79.211 783.0 
79.234 784.0 
79.199 785.0 
79.188 786.0 
79.176 787.0 
79.199 788.0 
79.188 789.0 
79.176 790.0 
79.199 791.0 
79.246 792.0 
79.199 793.0 
79.223 794.0 
79.199 795.0 
79.234 796.0 
79.223 797.0 
79.223 798.0 
79.223 799.0 
79.211 800.0 
79.211 801.0 
79.188 802.0 
79.223 803.0 
79.211 804.0 
0.002 805.0 
0.001 806.0 
-0.002 807.0 
-0.004 808.0 
0.005 809.0 
0.001 810.0 
-0.004 811.0 
-0.006 812.0 
-0.001 813.0 
-0.007 814.0 
-0.007 815.0 
-0.012 816.0 
-0.023 817.0 
-0.019 818.0 
-0.016 819.0 
-0.02 820.0 
-0.023 821.0 
-0.023 822.0 
-0.029 823.0 
-0.024 824.0 
-0.03 825.0 
-0.035 826.0 
-0.029 827.0 
-0.028 828.0 
-0.034 829.0 
