-0.047 257.0 
-0.03 258.0 
-0.068 259.0 
-0.043 260.0 
-0.065 261.0 
-0.038 262.0 
-0.03 263.0 
-0.032 264.0 
-0.037 265.0 
-0.032 266.0 
-0.041 267.0 
-0.03 268.0 
-0.042 269.0 
-0.024 270.0 
-0.03 271.0 
-0.037 272.0 
-0.041 273.0 
-0.018 274.0 
140.576 275.0 
136.231 276.0 
135.285 277.0 
134.28 278.0 
133.136 279.0 
131.734 280.0 
130.45 281.0 
128.382 282.0 
125.824 283.0 
125.019 284.0 
124.773 285.0 
124.516 286.0 
124.4 287.0 
124.248 288.0 
124.037 289.0 
123.465 290.0 
123.372 291.0 
123.162 292.0 
123.045 293.0 
122.741 294.0 
122.519 295.0 
122.402 296.0 
122.391 297.0 
121.877 298.0 
121.76 299.0 
121.515 300.0 
121.164 301.0 
121.083 302.0 
120.499 303.0 
120.405 304.0 
119.973 305.0 
119.284 306.0 
117.415 307.0 
114.659 308.0 
111.891 309.0 
108.282 310.0 
104.895 311.0 
101.029 312.0 
97.513 313.0 
93.343 314.0 
89.442 315.0 
85.46 316.0 
82.003 317.0 
79.223 318.0 
79.048 319.0 
78.779 320.0 
78.639 321.0 
78.615 322.0 
78.417 323.0 
78.51 324.0 
78.382 325.0 
78.3 326.0 
78.382 327.0 
78.359 328.0 
78.557 329.0 
78.405 330.0 
78.359 331.0 
78.639 332.0 
78.44 333.0 
78.323 334.0 
78.265 335.0 
78.382 336.0 
78.382 337.0 
78.3 338.0 
78.65 339.0 
78.347 340.0 
78.3 341.0 
78.335 342.0 
78.382 343.0 
78.359 344.0 
78.359 345.0 
78.3 346.0 
78.265 347.0 
78.3 348.0 
78.394 349.0 
78.359 350.0 
78.323 351.0 
78.382 352.0 
78.323 353.0 
78.253 354.0 
78.265 355.0 
78.323 356.0 
78.405 357.0 
78.335 358.0 
78.405 359.0 
78.382 360.0 
78.394 361.0 
78.335 362.0 
78.359 363.0 
78.323 364.0 
78.335 365.0 
78.3 366.0 
78.323 367.0 
78.3 368.0 
78.335 369.0 
78.347 370.0 
78.382 371.0 
78.394 372.0 
78.382 373.0 
78.417 374.0 
78.405 375.0 
78.627 376.0 
78.277 377.0 
78.347 378.0 
78.312 379.0 
78.347 380.0 
78.323 381.0 
78.312 382.0 
78.347 383.0 
78.347 384.0 
78.3 385.0 
78.394 386.0 
78.277 387.0 
78.265 388.0 
78.359 389.0 
78.487 390.0 
78.359 391.0 
78.335 392.0 
78.405 393.0 
78.277 394.0 
78.347 395.0 
78.417 396.0 
78.288 397.0 
78.359 398.0 
78.207 399.0 
78.253 400.0 
78.405 401.0 
78.359 402.0 
78.429 403.0 
78.37 404.0 
78.359 405.0 
78.242 406.0 
78.382 407.0 
78.312 408.0 
78.335 409.0 
78.277 410.0 
78.37 411.0 
78.37 412.0 
78.557 413.0 
78.417 414.0 
78.3 415.0 
78.359 416.0 
78.265 417.0 
78.37 418.0 
78.347 419.0 
78.277 420.0 
78.335 421.0 
78.394 422.0 
78.394 423.0 
78.323 424.0 
78.323 425.0 
78.347 426.0 
78.382 427.0 
78.323 428.0 
78.335 429.0 
78.323 430.0 
78.382 431.0 
78.37 432.0 
78.382 433.0 
78.3 434.0 
78.288 435.0 
78.312 436.0 
78.347 437.0 
78.277 438.0 
78.277 439.0 
78.288 440.0 
78.288 441.0 
78.253 442.0 
78.3 443.0 
78.277 444.0 
78.312 445.0 
78.288 446.0 
78.417 447.0 
78.394 448.0 
78.347 449.0 
78.44 450.0 
78.323 451.0 
78.347 452.0 
78.3 453.0 
78.288 454.0 
78.347 455.0 
78.09 456.0 
78.312 457.0 
78.265 458.0 
78.394 459.0 
78.394 460.0 
78.323 461.0 
78.288 462.0 
78.394 463.0 
78.323 464.0 
78.347 465.0 
78.417 466.0 
78.37 467.0 
78.288 468.0 
78.37 469.0 
78.347 470.0 
78.277 471.0 
78.347 472.0 
78.242 473.0 
78.335 474.0 
78.417 475.0 
78.323 476.0 
78.218 477.0 
78.335 478.0 
78.242 479.0 
78.288 480.0 
78.394 481.0 
78.323 482.0 
78.37 483.0 
78.323 484.0 
78.335 485.0 
78.253 486.0 
78.335 487.0 
78.37 488.0 
78.323 489.0 
78.253 490.0 
78.394 491.0 
78.288 492.0 
78.335 493.0 
78.382 494.0 
78.277 495.0 
78.253 496.0 
78.347 497.0 
78.37 498.0 
78.253 499.0 
78.253 500.0 
78.3 501.0 
78.347 502.0 
78.218 503.0 
78.265 504.0 
78.288 505.0 
78.323 506.0 
78.23 507.0 
78.347 508.0 
78.172 509.0 
78.253 510.0 
78.277 511.0 
78.288 512.0 
78.3 513.0 
78.323 514.0 
78.335 515.0 
78.218 516.0 
78.721 517.0 
78.16 518.0 
78.207 519.0 
78.207 520.0 
78.195 521.0 
78.207 522.0 
78.23 523.0 
78.242 524.0 
78.23 525.0 
78.195 526.0 
78.183 527.0 
78.16 528.0 
78.16 529.0 
78.113 530.0 
78.102 531.0 
78.265 532.0 
78.487 533.0 
78.183 534.0 
78.148 535.0 
78.09 536.0 
78.043 537.0 
77.938 538.0 
77.938 539.0 
77.915 540.0 
78.043 541.0 
77.926 542.0 
77.891 543.0 
77.915 544.0 
77.798 545.0 
77.833 546.0 
77.891 547.0 
77.845 548.0 
77.786 549.0 
77.751 550.0 
77.693 551.0 
77.833 552.0 
77.786 553.0 
77.739 554.0 
77.693 555.0 
77.821 556.0 
77.728 557.0 
77.704 558.0 
77.459 559.0 
77.775 560.0 
77.739 561.0 
77.658 562.0 
77.775 563.0 
77.658 564.0 
77.646 565.0 
77.786 566.0 
77.786 567.0 
77.681 568.0 
77.739 569.0 
77.728 570.0 
77.845 571.0 
77.739 572.0 
77.681 573.0 
77.763 574.0 
77.716 575.0 
78.148 576.0 
77.728 577.0 
77.728 578.0 
77.775 579.0 
77.728 580.0 
77.845 581.0 
77.763 582.0 
77.845 583.0 
77.798 584.0 
77.518 585.0 
77.81 586.0 
77.716 587.0 
77.821 588.0 
77.739 589.0 
77.821 590.0 
77.728 591.0 
77.845 592.0 
77.716 593.0 
77.786 594.0 
77.728 595.0 
77.739 596.0 
77.704 597.0 
77.739 598.0 
77.704 599.0 
77.763 600.0 
77.856 601.0 
77.716 602.0 
77.856 603.0 
77.775 604.0 
77.833 605.0 
77.739 606.0 
77.81 607.0 
77.716 608.0 
77.763 609.0 
77.856 610.0 
77.751 611.0 
77.845 612.0 
77.739 613.0 
77.81 614.0 
77.704 615.0 
77.775 616.0 
77.845 617.0 
77.681 618.0 
77.786 619.0 
77.611 620.0 
77.751 621.0 
77.798 622.0 
77.704 623.0 
77.775 624.0 
77.845 625.0 
77.693 626.0 
77.81 627.0 
77.856 628.0 
77.704 629.0 
77.81 630.0 
77.868 631.0 
77.728 632.0 
77.81 633.0 
78.102 634.0 
77.728 635.0 
77.775 636.0 
77.821 637.0 
77.704 638.0 
77.739 639.0 
77.833 640.0 
77.704 641.0 
77.739 642.0 
77.798 643.0 
77.681 644.0 
77.681 645.0 
77.798 646.0 
77.88 647.0 
77.739 648.0 
77.751 649.0 
77.821 650.0 
77.704 651.0 
77.716 652.0 
77.81 653.0 
77.845 654.0 
77.693 655.0 
77.716 656.0 
77.763 657.0 
77.821 658.0 
77.716 659.0 
77.763 660.0 
77.786 661.0 
77.81 662.0 
77.728 663.0 
77.751 664.0 
77.81 665.0 
77.856 666.0 
77.716 667.0 
77.739 668.0 
77.798 669.0 
77.833 670.0 
77.693 671.0 
77.728 672.0 
77.763 673.0 
77.786 674.0 
77.833 675.0 
77.704 676.0 
77.693 677.0 
77.786 678.0 
77.786 679.0 
77.821 680.0 
77.669 681.0 
77.704 682.0 
77.739 683.0 
77.775 684.0 
77.763 685.0 
77.856 686.0 
77.681 687.0 
77.751 688.0 
77.739 689.0 
77.798 690.0 
77.821 691.0 
77.775 692.0 
77.693 693.0 
77.728 694.0 
77.751 695.0 
77.739 696.0 
77.751 697.0 
77.821 698.0 
77.669 699.0 
77.704 700.0 
77.693 701.0 
77.739 702.0 
77.728 703.0 
77.775 704.0 
77.81 705.0 
77.856 706.0 
77.693 707.0 
77.693 708.0 
77.739 709.0 
77.728 710.0 
77.786 711.0 
77.798 712.0 
77.798 713.0 
77.833 714.0 
77.634 715.0 
77.634 716.0 
77.704 717.0 
77.716 718.0 
77.704 719.0 
77.775 720.0 
77.763 721.0 
77.763 722.0 
77.775 723.0 
77.821 724.0 
77.891 725.0 
77.658 726.0 
77.716 727.0 
77.681 728.0 
77.693 729.0 
77.739 730.0 
77.739 731.0 
77.751 732.0 
77.786 733.0 
77.81 734.0 
77.775 735.0 
77.81 736.0 
77.81 737.0 
77.821 738.0 
77.669 739.0 
77.634 740.0 
77.693 741.0 
77.681 742.0 
77.681 743.0 
77.693 744.0 
77.693 745.0 
77.728 746.0 
77.728 747.0 
77.739 748.0 
77.704 749.0 
77.728 750.0 
77.728 751.0 
77.693 752.0 
77.763 753.0 
77.728 754.0 
77.739 755.0 
77.739 756.0 
77.751 757.0 
77.739 758.0 
77.739 759.0 
77.739 760.0 
77.763 761.0 
77.786 762.0 
77.786 763.0 
77.763 764.0 
77.763 765.0 
77.775 766.0 
77.775 767.0 
77.763 768.0 
77.775 769.0 
77.763 770.0 
77.798 771.0 
77.775 772.0 
77.786 773.0 
77.798 774.0 
77.763 775.0 
77.763 776.0 
77.786 777.0 
77.775 778.0 
77.786 779.0 
77.775 780.0 
77.775 781.0 
77.751 782.0 
77.786 783.0 
77.751 784.0 
77.775 785.0 
77.798 786.0 
77.751 787.0 
77.775 788.0 
77.763 789.0 
77.775 790.0 
77.775 791.0 
77.81 792.0 
77.763 793.0 
77.763 794.0 
77.739 795.0 
77.751 796.0 
77.775 797.0 
77.786 798.0 
77.798 799.0 
77.775 800.0 
77.775 801.0 
77.751 802.0 
77.739 803.0 
77.775 804.0 
0.01 805.0 
0.01 806.0 
0.006 807.0 
0.005 808.0 
0.001 809.0 
0.0 810.0 
0.0 811.0 
0.0 812.0 
-0.004 813.0 
-0.007 814.0 
-0.012 815.0 
-0.011 816.0 
-0.013 817.0 
-0.017 818.0 
-0.013 819.0 
-0.02 820.0 
-0.018 821.0 
-0.011 822.0 
-0.016 823.0 
-0.014 824.0 
-0.014 825.0 
-0.018 826.0 
-0.013 827.0 
-0.014 828.0 
-0.018 829.0 
