-0.018 257.0 
-0.029 258.0 
-0.022 259.0 
-0.026 260.0 
-0.004 261.0 
-0.032 262.0 
-0.034 263.0 
-0.038 264.0 
-0.016 265.0 
-0.028 266.0 
-0.064 267.0 
-0.031 268.0 
-0.037 269.0 
-0.005 270.0 
-0.03 271.0 
-0.059 272.0 
-0.043 273.0 
-0.042 274.0 
136.196 275.0 
133.918 276.0 
132.984 277.0 
131.781 278.0 
130.555 279.0 
128.966 280.0 
127.611 281.0 
125.661 282.0 
122.928 283.0 
121.62 284.0 
121.351 285.0 
121.129 286.0 
121.036 287.0 
120.861 288.0 
120.732 289.0 
120.183 290.0 
120.148 291.0 
119.996 292.0 
119.88 293.0 
119.634 294.0 
119.377 295.0 
119.319 296.0 
119.307 297.0 
118.817 298.0 
118.688 299.0 
118.7 300.0 
118.221 301.0 
118.174 302.0 
117.707 303.0 
117.614 304.0 
117.544 305.0 
117.018 306.0 
116.06 307.0 
114.262 308.0 
112.101 309.0 
109.216 310.0 
106.284 311.0 
102.442 312.0 
98.669 313.0 
94.395 314.0 
90.353 315.0 
86.149 316.0 
82.166 317.0 
79.27 318.0 
79.211 319.0 
78.978 320.0 
78.872 321.0 
78.861 322.0 
78.756 323.0 
78.779 324.0 
78.802 325.0 
78.674 326.0 
78.791 327.0 
78.709 328.0 
78.802 329.0 
78.791 330.0 
78.744 331.0 
78.861 332.0 
78.791 333.0 
78.767 334.0 
78.709 335.0 
78.791 336.0 
78.791 337.0 
78.686 338.0 
78.919 339.0 
78.791 340.0 
78.779 341.0 
78.721 342.0 
78.907 343.0 
78.767 344.0 
78.721 345.0 
78.721 346.0 
78.662 347.0 
78.744 348.0 
78.791 349.0 
78.756 350.0 
78.721 351.0 
78.756 352.0 
78.721 353.0 
78.697 354.0 
78.709 355.0 
78.744 356.0 
78.791 357.0 
78.767 358.0 
78.802 359.0 
78.767 360.0 
78.802 361.0 
78.744 362.0 
78.767 363.0 
78.697 364.0 
78.744 365.0 
78.744 366.0 
78.767 367.0 
78.674 368.0 
78.721 369.0 
78.709 370.0 
78.767 371.0 
78.779 372.0 
78.814 373.0 
78.791 374.0 
78.814 375.0 
78.861 376.0 
78.662 377.0 
78.732 378.0 
78.721 379.0 
78.744 380.0 
78.732 381.0 
78.837 382.0 
78.744 383.0 
78.744 384.0 
78.674 385.0 
78.767 386.0 
78.639 387.0 
78.686 388.0 
78.732 389.0 
78.744 390.0 
78.732 391.0 
78.756 392.0 
78.791 393.0 
78.674 394.0 
78.732 395.0 
78.837 396.0 
78.674 397.0 
78.779 398.0 
78.615 399.0 
78.697 400.0 
78.802 401.0 
78.756 402.0 
78.837 403.0 
78.756 404.0 
78.744 405.0 
78.662 406.0 
78.709 407.0 
78.639 408.0 
78.732 409.0 
78.662 410.0 
78.709 411.0 
78.802 412.0 
79.199 413.0 
78.779 414.0 
78.709 415.0 
78.756 416.0 
78.674 417.0 
78.756 418.0 
78.744 419.0 
78.709 420.0 
78.732 421.0 
78.732 422.0 
78.744 423.0 
78.721 424.0 
78.709 425.0 
78.756 426.0 
78.767 427.0 
78.709 428.0 
78.697 429.0 
78.721 430.0 
78.767 431.0 
78.744 432.0 
78.779 433.0 
78.674 434.0 
78.686 435.0 
78.697 436.0 
78.767 437.0 
78.697 438.0 
78.627 439.0 
78.721 440.0 
78.744 441.0 
78.674 442.0 
78.697 443.0 
78.686 444.0 
78.697 445.0 
78.65 446.0 
78.791 447.0 
78.767 448.0 
78.732 449.0 
79.106 450.0 
78.709 451.0 
78.686 452.0 
78.686 453.0 
78.639 454.0 
78.744 455.0 
78.545 456.0 
78.697 457.0 
78.674 458.0 
78.756 459.0 
78.814 460.0 
78.756 461.0 
78.709 462.0 
78.779 463.0 
78.721 464.0 
78.721 465.0 
78.791 466.0 
78.732 467.0 
78.662 468.0 
78.744 469.0 
78.686 470.0 
78.674 471.0 
78.709 472.0 
78.639 473.0 
78.721 474.0 
78.826 475.0 
78.721 476.0 
78.639 477.0 
78.686 478.0 
78.639 479.0 
78.744 480.0 
78.779 481.0 
78.686 482.0 
78.779 483.0 
78.697 484.0 
78.756 485.0 
78.674 486.0 
78.639 487.0 
78.721 488.0 
78.674 489.0 
78.709 490.0 
78.732 491.0 
78.697 492.0 
78.709 493.0 
78.732 494.0 
78.674 495.0 
78.662 496.0 
78.721 497.0 
78.744 498.0 
78.65 499.0 
78.65 500.0 
78.732 501.0 
78.756 502.0 
78.615 503.0 
78.65 504.0 
78.65 505.0 
78.709 506.0 
78.709 507.0 
78.767 508.0 
78.592 509.0 
78.627 510.0 
78.627 511.0 
78.686 512.0 
78.697 513.0 
78.709 514.0 
78.709 515.0 
78.744 516.0 
78.989 517.0 
78.545 518.0 
78.58 519.0 
78.592 520.0 
78.604 521.0 
78.615 522.0 
78.58 523.0 
78.58 524.0 
78.592 525.0 
78.592 526.0 
78.545 527.0 
78.51 528.0 
78.522 529.0 
78.51 530.0 
78.475 531.0 
78.65 532.0 
78.615 533.0 
78.569 534.0 
78.592 535.0 
78.534 536.0 
78.499 537.0 
78.405 538.0 
78.405 539.0 
78.382 540.0 
78.499 541.0 
78.417 542.0 
78.405 543.0 
78.359 544.0 
78.288 545.0 
78.242 546.0 
78.37 547.0 
78.347 548.0 
78.288 549.0 
78.218 550.0 
78.172 551.0 
78.3 552.0 
78.288 553.0 
78.23 554.0 
78.172 555.0 
78.335 556.0 
78.277 557.0 
78.242 558.0 
77.856 559.0 
78.288 560.0 
78.23 561.0 
78.172 562.0 
78.253 563.0 
78.218 564.0 
78.148 565.0 
78.288 566.0 
78.288 567.0 
78.148 568.0 
78.253 569.0 
78.172 570.0 
78.3 571.0 
78.218 572.0 
78.207 573.0 
78.253 574.0 
78.23 575.0 
78.686 576.0 
78.218 577.0 
78.242 578.0 
78.3 579.0 
78.288 580.0 
78.347 581.0 
78.3 582.0 
78.312 583.0 
78.3 584.0 
78.382 585.0 
78.3 586.0 
78.195 587.0 
78.312 588.0 
78.207 589.0 
78.312 590.0 
78.195 591.0 
78.265 592.0 
78.23 593.0 
78.277 594.0 
78.23 595.0 
78.253 596.0 
78.23 597.0 
78.3 598.0 
78.218 599.0 
78.312 600.0 
78.347 601.0 
78.265 602.0 
78.347 603.0 
78.265 604.0 
78.312 605.0 
78.207 606.0 
78.3 607.0 
78.183 608.0 
78.288 609.0 
78.347 610.0 
78.253 611.0 
78.312 612.0 
78.23 613.0 
78.3 614.0 
78.195 615.0 
78.23 616.0 
78.323 617.0 
78.172 618.0 
78.288 619.0 
78.043 620.0 
78.265 621.0 
78.3 622.0 
78.183 623.0 
78.277 624.0 
78.312 625.0 
78.172 626.0 
78.288 627.0 
78.335 628.0 
78.183 629.0 
78.277 630.0 
78.335 631.0 
78.218 632.0 
78.3 633.0 
78.58 634.0 
78.253 635.0 
78.312 636.0 
78.37 637.0 
78.195 638.0 
78.265 639.0 
78.359 640.0 
78.195 641.0 
78.277 642.0 
78.277 643.0 
78.183 644.0 
78.207 645.0 
78.288 646.0 
78.335 647.0 
78.207 648.0 
78.23 649.0 
78.3 650.0 
78.172 651.0 
78.16 652.0 
78.277 653.0 
78.312 654.0 
78.172 655.0 
78.207 656.0 
78.3 657.0 
78.335 658.0 
78.218 659.0 
78.277 660.0 
78.312 661.0 
78.312 662.0 
78.16 663.0 
78.253 664.0 
78.277 665.0 
78.323 666.0 
78.183 667.0 
78.265 668.0 
78.288 669.0 
78.323 670.0 
78.172 671.0 
78.23 672.0 
78.253 673.0 
78.312 674.0 
78.265 675.0 
78.183 676.0 
78.218 677.0 
78.253 678.0 
78.253 679.0 
78.335 680.0 
78.195 681.0 
78.207 682.0 
78.23 683.0 
78.3 684.0 
78.335 685.0 
78.37 686.0 
78.172 687.0 
78.183 688.0 
78.253 689.0 
78.277 690.0 
78.288 691.0 
78.347 692.0 
78.183 693.0 
78.207 694.0 
78.23 695.0 
78.277 696.0 
78.277 697.0 
78.312 698.0 
78.113 699.0 
78.207 700.0 
78.23 701.0 
78.23 702.0 
78.265 703.0 
78.265 704.0 
78.23 705.0 
78.347 706.0 
78.183 707.0 
78.195 708.0 
78.242 709.0 
78.218 710.0 
78.265 711.0 
78.323 712.0 
78.323 713.0 
78.323 714.0 
78.207 715.0 
78.16 716.0 
78.207 717.0 
78.23 718.0 
78.253 719.0 
78.288 720.0 
78.3 721.0 
78.312 722.0 
78.277 723.0 
78.323 724.0 
78.323 725.0 
78.172 726.0 
78.172 727.0 
78.195 728.0 
78.207 729.0 
78.207 730.0 
78.23 731.0 
78.265 732.0 
78.277 733.0 
78.335 734.0 
78.312 735.0 
78.347 736.0 
78.323 737.0 
78.335 738.0 
78.125 739.0 
78.16 740.0 
78.148 741.0 
78.16 742.0 
78.16 743.0 
78.195 744.0 
78.172 745.0 
78.183 746.0 
78.195 747.0 
78.23 748.0 
78.183 749.0 
78.207 750.0 
78.207 751.0 
78.265 752.0 
78.253 753.0 
78.242 754.0 
78.253 755.0 
78.253 756.0 
78.277 757.0 
78.288 758.0 
78.253 759.0 
78.253 760.0 
78.277 761.0 
78.265 762.0 
78.3 763.0 
78.265 764.0 
78.288 765.0 
78.3 766.0 
78.242 767.0 
78.242 768.0 
78.288 769.0 
78.265 770.0 
78.242 771.0 
78.3 772.0 
78.265 773.0 
78.277 774.0 
78.277 775.0 
78.253 776.0 
78.253 777.0 
78.288 778.0 
78.253 779.0 
78.265 780.0 
78.253 781.0 
78.277 782.0 
78.242 783.0 
78.288 784.0 
78.265 785.0 
78.277 786.0 
78.265 787.0 
78.242 788.0 
78.265 789.0 
78.253 790.0 
78.242 791.0 
78.288 792.0 
78.277 793.0 
78.277 794.0 
78.242 795.0 
78.253 796.0 
78.242 797.0 
78.288 798.0 
78.242 799.0 
78.288 800.0 
78.3 801.0 
78.253 802.0 
78.23 803.0 
78.265 804.0 
0.012 805.0 
0.011 806.0 
0.0 807.0 
0.001 808.0 
-0.004 809.0 
-0.012 810.0 
-0.02 811.0 
-0.017 812.0 
-0.026 813.0 
-0.036 814.0 
-0.038 815.0 
-0.047 816.0 
-0.049 817.0 
-0.05 818.0 
-0.05 819.0 
-0.054 820.0 
-0.059 821.0 
-0.056 822.0 
-0.056 823.0 
-0.058 824.0 
-0.052 825.0 
-0.047 826.0 
-0.047 827.0 
-0.047 828.0 
-0.034 829.0 
