-0.035 257.0 
-0.054 258.0 
-0.026 259.0 
-0.032 260.0 
-0.042 261.0 
-0.04 262.0 
-0.03 263.0 
-0.031 264.0 
-0.035 265.0 
-0.023 266.0 
-0.022 267.0 
-0.028 268.0 
-0.016 269.0 
-0.025 270.0 
-0.042 271.0 
-0.03 272.0 
-0.024 273.0 
-0.052 274.0 
154.72 275.0 
150.2 276.0 
149.172 277.0 
147.817 278.0 
146.357 279.0 
144.372 280.0 
142.421 281.0 
140.237 282.0 
137.504 283.0 
135.717 284.0 
135.332 285.0 
134.993 286.0 
134.724 287.0 
134.444 288.0 
134.129 289.0 
133.86 290.0 
133.253 291.0 
133.054 292.0 
132.891 293.0 
132.786 294.0 
132.213 295.0 
132.038 296.0 
131.921 297.0 
131.302 298.0 
131.104 299.0 
130.999 300.0 
130.426 301.0 
130.239 302.0 
129.644 303.0 
129.41 304.0 
129.235 305.0 
128.289 306.0 
126.455 307.0 
123.675 308.0 
120.627 309.0 
116.527 310.0 
112.79 311.0 
108.48 312.0 
104.369 313.0 
100.013 314.0 
95.784 315.0 
91.194 316.0 
87.223 317.0 
83.988 318.0 
83.813 319.0 
83.556 320.0 
82.715 321.0 
83.311 322.0 
83.182 323.0 
83.206 324.0 
83.135 325.0 
83.019 326.0 
83.171 327.0 
83.065 328.0 
83.474 329.0 
83.159 330.0 
83.077 331.0 
83.346 332.0 
83.147 333.0 
83.054 334.0 
83.1 335.0 
83.112 336.0 
83.147 337.0 
83.03 338.0 
83.182 339.0 
83.077 340.0 
83.077 341.0 
83.077 342.0 
82.879 343.0 
83.089 344.0 
83.089 345.0 
83.03 346.0 
82.984 347.0 
83.182 348.0 
83.124 349.0 
83.1 350.0 
83.054 351.0 
83.089 352.0 
83.1 353.0 
83.007 354.0 
83.159 355.0 
83.1 356.0 
83.147 357.0 
83.089 358.0 
83.182 359.0 
83.1 360.0 
83.147 361.0 
83.03 362.0 
83.1 363.0 
83.007 364.0 
83.077 365.0 
83.089 366.0 
83.112 367.0 
83.065 368.0 
83.065 369.0 
83.054 370.0 
83.112 371.0 
83.135 372.0 
83.135 373.0 
83.171 374.0 
83.147 375.0 
83.463 376.0 
82.984 377.0 
83.065 378.0 
83.054 379.0 
83.054 380.0 
83.03 381.0 
83.171 382.0 
83.065 383.0 
83.019 384.0 
83.054 385.0 
83.147 386.0 
83.054 387.0 
83.019 388.0 
83.124 389.0 
83.1 390.0 
83.077 391.0 
83.065 392.0 
83.147 393.0 
82.995 394.0 
83.1 395.0 
83.171 396.0 
82.995 397.0 
83.1 398.0 
82.949 399.0 
82.984 400.0 
83.135 401.0 
83.089 402.0 
83.159 403.0 
83.077 404.0 
83.042 405.0 
83.019 406.0 
83.089 407.0 
83.054 408.0 
83.1 409.0 
82.972 410.0 
83.089 411.0 
83.112 412.0 
83.451 413.0 
83.135 414.0 
83.042 415.0 
83.112 416.0 
82.984 417.0 
83.182 418.0 
83.135 419.0 
82.995 420.0 
83.077 421.0 
83.1 422.0 
83.135 423.0 
83.042 424.0 
83.042 425.0 
83.1 426.0 
83.135 427.0 
83.042 428.0 
83.077 429.0 
82.972 430.0 
83.112 431.0 
83.135 432.0 
83.1 433.0 
83.007 434.0 
83.042 435.0 
83.1 436.0 
83.135 437.0 
82.984 438.0 
83.054 439.0 
83.054 440.0 
83.03 441.0 
83.03 442.0 
83.054 443.0 
83.019 444.0 
82.995 445.0 
83.03 446.0 
83.124 447.0 
83.124 448.0 
83.1 449.0 
83.369 450.0 
83.065 451.0 
83.065 452.0 
83.007 453.0 
83.007 454.0 
83.147 455.0 
82.914 456.0 
83.03 457.0 
83.007 458.0 
83.112 459.0 
83.112 460.0 
83.042 461.0 
83.042 462.0 
83.159 463.0 
83.042 464.0 
83.089 465.0 
83.1 466.0 
83.089 467.0 
82.995 468.0 
83.1 469.0 
83.054 470.0 
83.065 471.0 
83.042 472.0 
83.135 473.0 
83.089 474.0 
83.159 475.0 
83.054 476.0 
82.995 477.0 
83.03 478.0 
82.949 479.0 
83.054 480.0 
83.159 481.0 
83.03 482.0 
83.112 483.0 
83.007 484.0 
83.054 485.0 
82.995 486.0 
83.03 487.0 
83.112 488.0 
83.077 489.0 
83.065 490.0 
83.1 491.0 
83.112 492.0 
83.065 493.0 
83.135 494.0 
83.007 495.0 
82.984 496.0 
83.065 497.0 
83.124 498.0 
82.96 499.0 
82.96 500.0 
83.054 501.0 
83.065 502.0 
82.949 503.0 
82.96 504.0 
83.042 505.0 
83.019 506.0 
83.135 507.0 
83.089 508.0 
82.937 509.0 
82.972 510.0 
83.019 511.0 
83.03 512.0 
83.065 513.0 
83.065 514.0 
83.089 515.0 
83.054 516.0 
83.089 517.0 
82.89 518.0 
82.902 519.0 
82.925 520.0 
82.902 521.0 
82.914 522.0 
82.937 523.0 
82.925 524.0 
82.914 525.0 
82.949 526.0 
82.902 527.0 
82.82 528.0 
82.867 529.0 
82.82 530.0 
82.785 531.0 
82.937 532.0 
82.937 533.0 
82.82 534.0 
82.867 535.0 
82.867 536.0 
82.785 537.0 
82.762 538.0 
82.668 539.0 
82.68 540.0 
82.808 541.0 
82.762 542.0 
82.715 543.0 
82.68 544.0 
82.61 545.0 
82.645 546.0 
82.727 547.0 
82.68 548.0 
82.61 549.0 
82.563 550.0 
82.54 551.0 
82.645 552.0 
82.587 553.0 
82.54 554.0 
82.528 555.0 
82.645 556.0 
82.575 557.0 
82.54 558.0 
82.668 559.0 
82.587 560.0 
82.563 561.0 
82.481 562.0 
82.657 563.0 
82.54 564.0 
82.411 565.0 
82.622 566.0 
82.703 567.0 
82.481 568.0 
82.575 569.0 
82.516 570.0 
82.645 571.0 
82.551 572.0 
82.481 573.0 
82.563 574.0 
82.551 575.0 
82.633 576.0 
82.551 577.0 
82.563 578.0 
82.657 579.0 
82.598 580.0 
82.668 581.0 
82.61 582.0 
82.633 583.0 
82.61 584.0 
82.703 585.0 
82.61 586.0 
82.551 587.0 
82.668 588.0 
82.575 589.0 
82.657 590.0 
82.551 591.0 
82.61 592.0 
82.551 593.0 
82.575 594.0 
82.54 595.0 
82.657 596.0 
82.528 597.0 
82.598 598.0 
82.575 599.0 
82.622 600.0 
82.692 601.0 
82.563 602.0 
82.668 603.0 
82.575 604.0 
82.668 605.0 
82.54 606.0 
82.633 607.0 
82.516 608.0 
82.61 609.0 
82.715 610.0 
82.563 611.0 
82.68 612.0 
82.563 613.0 
82.633 614.0 
82.505 615.0 
82.575 616.0 
82.68 617.0 
82.563 618.0 
82.61 619.0 
82.318 620.0 
82.54 621.0 
82.622 622.0 
82.493 623.0 
82.563 624.0 
82.68 625.0 
82.528 626.0 
82.61 627.0 
82.668 628.0 
82.563 629.0 
82.598 630.0 
82.692 631.0 
82.458 632.0 
82.622 633.0 
82.715 634.0 
82.563 635.0 
82.622 636.0 
82.645 637.0 
82.551 638.0 
82.622 639.0 
82.645 640.0 
82.54 641.0 
82.598 642.0 
82.633 643.0 
82.481 644.0 
82.587 645.0 
82.622 646.0 
82.692 647.0 
82.528 648.0 
82.551 649.0 
82.657 650.0 
82.516 651.0 
82.54 652.0 
82.575 653.0 
82.633 654.0 
82.516 655.0 
82.575 656.0 
82.563 657.0 
82.633 658.0 
82.551 659.0 
82.587 660.0 
82.668 661.0 
82.703 662.0 
82.47 663.0 
82.61 664.0 
82.622 665.0 
82.703 666.0 
82.551 667.0 
82.598 668.0 
82.61 669.0 
82.68 670.0 
82.516 671.0 
82.575 672.0 
82.587 673.0 
82.633 674.0 
82.715 675.0 
82.505 676.0 
82.528 677.0 
82.563 678.0 
82.551 679.0 
82.68 680.0 
82.516 681.0 
82.528 682.0 
82.575 683.0 
82.598 684.0 
82.645 685.0 
82.727 686.0 
82.516 687.0 
82.54 688.0 
82.598 689.0 
82.622 690.0 
82.668 691.0 
82.68 692.0 
82.516 693.0 
82.551 694.0 
82.563 695.0 
82.61 696.0 
82.61 697.0 
82.575 698.0 
82.353 699.0 
82.505 700.0 
82.516 701.0 
82.587 702.0 
82.598 703.0 
82.587 704.0 
82.645 705.0 
82.727 706.0 
82.505 707.0 
82.516 708.0 
82.575 709.0 
82.587 710.0 
82.587 711.0 
82.645 712.0 
82.645 713.0 
82.692 714.0 
82.68 715.0 
82.505 716.0 
82.54 717.0 
82.528 718.0 
82.575 719.0 
82.598 720.0 
82.61 721.0 
82.633 722.0 
82.645 723.0 
82.668 724.0 
82.692 725.0 
82.493 726.0 
82.481 727.0 
82.551 728.0 
82.563 729.0 
82.551 730.0 
82.587 731.0 
82.622 732.0 
82.622 733.0 
82.633 734.0 
82.657 735.0 
82.61 736.0 
82.657 737.0 
82.657 738.0 
82.318 739.0 
82.458 740.0 
82.493 741.0 
82.528 742.0 
82.493 743.0 
82.516 744.0 
82.516 745.0 
82.528 746.0 
82.528 747.0 
82.505 748.0 
82.551 749.0 
82.563 750.0 
82.575 751.0 
82.587 752.0 
82.575 753.0 
82.598 754.0 
82.575 755.0 
82.575 756.0 
82.563 757.0 
82.575 758.0 
82.598 759.0 
82.598 760.0 
82.587 761.0 
82.61 762.0 
82.61 763.0 
82.528 764.0 
82.587 765.0 
82.598 766.0 
82.61 767.0 
82.598 768.0 
82.622 769.0 
82.598 770.0 
82.633 771.0 
82.622 772.0 
82.61 773.0 
82.633 774.0 
82.61 775.0 
82.61 776.0 
82.633 777.0 
82.598 778.0 
82.61 779.0 
82.587 780.0 
82.575 781.0 
82.598 782.0 
82.575 783.0 
82.563 784.0 
82.587 785.0 
82.598 786.0 
82.61 787.0 
82.598 788.0 
82.575 789.0 
82.645 790.0 
82.633 791.0 
82.622 792.0 
82.61 793.0 
82.598 794.0 
82.633 795.0 
82.61 796.0 
82.598 797.0 
82.587 798.0 
82.587 799.0 
82.61 800.0 
82.598 801.0 
82.598 802.0 
82.587 803.0 
82.61 804.0 
0.006 805.0 
0.005 806.0 
0.004 807.0 
0.0 808.0 
0.005 809.0 
0.007 810.0 
0.0 811.0 
-0.006 812.0 
-0.008 813.0 
-0.008 814.0 
-0.024 815.0 
-0.03 816.0 
-0.032 817.0 
-0.04 818.0 
-0.037 819.0 
-0.037 820.0 
-0.04 821.0 
-0.034 822.0 
-0.034 823.0 
-0.037 824.0 
-0.041 825.0 
-0.036 826.0 
-0.044 827.0 
-0.04 828.0 
-0.037 829.0 
