-0.042 257.0 
-0.028 258.0 
-0.113 259.0 
-0.037 260.0 
-0.026 261.0 
-0.024 262.0 
-0.019 263.0 
-0.038 264.0 
-0.019 265.0 
-0.001 266.0 
-0.038 267.0 
-0.026 268.0 
-0.038 269.0 
-0.042 270.0 
-0.018 271.0 
-0.017 272.0 
-0.037 273.0 
-0.044 274.0 
155.467 275.0 
152.209 276.0 
151.111 277.0 
149.254 278.0 
147.163 279.0 
144.664 280.0 
142.41 281.0 
139.571 282.0 
135.367 283.0 
133.72 284.0 
133.183 285.0 
132.704 286.0 
132.435 287.0 
132.12 288.0 
131.804 289.0 
131.547 290.0 
130.882 291.0 
130.648 292.0 
130.403 293.0 
130.298 294.0 
129.772 295.0 
129.574 296.0 
129.515 297.0 
128.931 298.0 
128.733 299.0 
128.604 300.0 
128.067 301.0 
127.985 302.0 
127.425 303.0 
127.331 304.0 
127.133 305.0 
126.292 306.0 
124.633 307.0 
122.099 308.0 
119.319 309.0 
115.605 310.0 
112.241 311.0 
108.2 312.0 
104.381 313.0 
100.153 314.0 
95.691 315.0 
91.241 316.0 
87.107 317.0 
83.533 318.0 
83.264 319.0 
82.902 320.0 
82.657 321.0 
82.622 322.0 
82.435 323.0 
82.481 324.0 
82.411 325.0 
82.201 326.0 
82.365 327.0 
82.248 328.0 
82.435 329.0 
82.341 330.0 
82.283 331.0 
82.481 332.0 
82.376 333.0 
82.306 334.0 
82.283 335.0 
82.376 336.0 
82.33 337.0 
82.236 338.0 
82.423 339.0 
82.295 340.0 
82.295 341.0 
82.26 342.0 
82.411 343.0 
82.318 344.0 
82.318 345.0 
82.224 346.0 
82.224 347.0 
82.353 348.0 
82.33 349.0 
82.26 350.0 
82.248 351.0 
82.33 352.0 
82.306 353.0 
82.224 354.0 
82.248 355.0 
82.341 356.0 
82.365 357.0 
82.318 358.0 
82.388 359.0 
82.295 360.0 
82.318 361.0 
82.271 362.0 
82.295 363.0 
82.26 364.0 
82.271 365.0 
82.306 366.0 
82.33 367.0 
82.271 368.0 
82.271 369.0 
82.318 370.0 
82.283 371.0 
82.341 372.0 
82.365 373.0 
82.365 374.0 
82.411 375.0 
82.645 376.0 
82.224 377.0 
82.283 378.0 
82.318 379.0 
82.295 380.0 
82.306 381.0 
82.4 382.0 
82.295 383.0 
82.283 384.0 
82.26 385.0 
82.365 386.0 
82.26 387.0 
82.224 388.0 
82.341 389.0 
82.295 390.0 
82.306 391.0 
82.271 392.0 
82.365 393.0 
82.224 394.0 
82.341 395.0 
82.411 396.0 
82.248 397.0 
82.33 398.0 
82.213 399.0 
82.236 400.0 
82.376 401.0 
82.318 402.0 
82.411 403.0 
82.353 404.0 
82.306 405.0 
82.236 406.0 
82.271 407.0 
82.271 408.0 
82.295 409.0 
82.236 410.0 
82.283 411.0 
82.353 412.0 
82.645 413.0 
82.341 414.0 
82.236 415.0 
82.318 416.0 
82.236 417.0 
82.341 418.0 
82.341 419.0 
82.236 420.0 
82.318 421.0 
82.283 422.0 
82.376 423.0 
82.295 424.0 
82.26 425.0 
82.295 426.0 
82.318 427.0 
82.248 428.0 
82.283 429.0 
82.283 430.0 
82.318 431.0 
82.33 432.0 
82.341 433.0 
82.224 434.0 
82.248 435.0 
82.295 436.0 
82.435 437.0 
82.201 438.0 
82.295 439.0 
82.236 440.0 
82.248 441.0 
82.248 442.0 
82.283 443.0 
82.295 444.0 
82.26 445.0 
82.224 446.0 
82.33 447.0 
82.33 448.0 
82.318 449.0 
82.563 450.0 
82.248 451.0 
82.248 452.0 
82.26 453.0 
82.213 454.0 
82.341 455.0 
82.178 456.0 
82.26 457.0 
82.271 458.0 
82.341 459.0 
82.33 460.0 
82.271 461.0 
82.236 462.0 
82.341 463.0 
82.318 464.0 
82.318 465.0 
82.341 466.0 
82.306 467.0 
82.166 468.0 
82.318 469.0 
82.236 470.0 
82.248 471.0 
82.271 472.0 
82.213 473.0 
82.295 474.0 
82.365 475.0 
82.295 476.0 
82.213 477.0 
82.283 478.0 
82.224 479.0 
82.295 480.0 
82.341 481.0 
82.271 482.0 
82.341 483.0 
82.248 484.0 
82.283 485.0 
82.224 486.0 
82.201 487.0 
82.33 488.0 
82.248 489.0 
82.283 490.0 
82.318 491.0 
82.306 492.0 
82.295 493.0 
82.318 494.0 
82.224 495.0 
82.201 496.0 
82.318 497.0 
82.306 498.0 
82.189 499.0 
82.236 500.0 
82.295 501.0 
82.306 502.0 
82.178 503.0 
82.236 504.0 
82.224 505.0 
82.236 506.0 
82.248 507.0 
82.47 508.0 
82.166 509.0 
82.201 510.0 
82.201 511.0 
82.248 512.0 
82.26 513.0 
82.283 514.0 
82.295 515.0 
82.306 516.0 
82.283 517.0 
82.061 518.0 
82.131 519.0 
82.108 520.0 
82.154 521.0 
82.154 522.0 
82.178 523.0 
82.178 524.0 
82.154 525.0 
82.108 526.0 
82.131 527.0 
82.061 528.0 
82.049 529.0 
82.049 530.0 
82.003 531.0 
82.143 532.0 
82.119 533.0 
82.061 534.0 
82.096 535.0 
82.014 536.0 
81.968 537.0 
81.921 538.0 
81.886 539.0 
81.816 540.0 
81.968 541.0 
81.932 542.0 
81.886 543.0 
81.851 544.0 
81.816 545.0 
81.734 546.0 
81.886 547.0 
81.827 548.0 
81.722 549.0 
81.711 550.0 
81.605 551.0 
81.792 552.0 
81.722 553.0 
81.664 554.0 
81.64 555.0 
81.792 556.0 
81.722 557.0 
81.676 558.0 
81.395 559.0 
81.769 560.0 
81.711 561.0 
81.629 562.0 
81.757 563.0 
81.699 564.0 
81.594 565.0 
81.734 566.0 
81.804 567.0 
81.64 568.0 
81.757 569.0 
81.676 570.0 
81.781 571.0 
81.687 572.0 
81.64 573.0 
81.687 574.0 
81.687 575.0 
81.746 576.0 
81.711 577.0 
81.699 578.0 
81.792 579.0 
81.711 580.0 
81.781 581.0 
81.734 582.0 
81.757 583.0 
81.757 584.0 
81.897 585.0 
81.757 586.0 
81.699 587.0 
81.769 588.0 
81.722 589.0 
81.804 590.0 
81.687 591.0 
81.746 592.0 
81.676 593.0 
81.722 594.0 
81.676 595.0 
81.722 596.0 
81.664 597.0 
81.769 598.0 
81.664 599.0 
81.757 600.0 
81.839 601.0 
81.746 602.0 
81.827 603.0 
81.722 604.0 
81.804 605.0 
81.699 606.0 
81.722 607.0 
81.652 608.0 
81.734 609.0 
81.781 610.0 
81.711 611.0 
81.781 612.0 
81.664 613.0 
81.746 614.0 
81.676 615.0 
81.757 616.0 
81.827 617.0 
81.64 618.0 
81.781 619.0 
81.407 620.0 
81.734 621.0 
81.781 622.0 
81.699 623.0 
81.711 624.0 
81.827 625.0 
81.664 626.0 
81.734 627.0 
81.792 628.0 
81.699 629.0 
81.734 630.0 
81.827 631.0 
81.64 632.0 
81.769 633.0 
81.827 634.0 
81.699 635.0 
81.792 636.0 
81.816 637.0 
81.676 638.0 
81.734 639.0 
81.792 640.0 
81.664 641.0 
81.699 642.0 
81.746 643.0 
81.652 644.0 
81.687 645.0 
81.746 646.0 
81.804 647.0 
81.687 648.0 
81.711 649.0 
81.757 650.0 
81.652 651.0 
81.699 652.0 
81.711 653.0 
81.816 654.0 
81.64 655.0 
81.711 656.0 
81.687 657.0 
81.792 658.0 
81.699 659.0 
81.757 660.0 
81.792 661.0 
81.816 662.0 
81.605 663.0 
81.699 664.0 
81.792 665.0 
81.804 666.0 
81.664 667.0 
81.699 668.0 
81.769 669.0 
81.781 670.0 
81.664 671.0 
81.687 672.0 
81.746 673.0 
81.734 674.0 
81.804 675.0 
81.64 676.0 
81.711 677.0 
81.722 678.0 
81.746 679.0 
81.816 680.0 
81.652 681.0 
81.687 682.0 
81.722 683.0 
81.757 684.0 
81.827 685.0 
81.816 686.0 
81.676 687.0 
81.699 688.0 
81.722 689.0 
81.757 690.0 
81.746 691.0 
81.827 692.0 
81.617 693.0 
81.664 694.0 
81.687 695.0 
81.734 696.0 
81.781 697.0 
81.769 698.0 
81.442 699.0 
81.664 700.0 
81.699 701.0 
81.676 702.0 
81.734 703.0 
81.711 704.0 
81.757 705.0 
81.804 706.0 
81.605 707.0 
81.676 708.0 
81.687 709.0 
81.711 710.0 
81.734 711.0 
81.769 712.0 
81.781 713.0 
81.792 714.0 
81.827 715.0 
81.64 716.0 
81.687 717.0 
81.687 718.0 
81.699 719.0 
81.711 720.0 
81.769 721.0 
81.757 722.0 
81.757 723.0 
81.792 724.0 
81.839 725.0 
81.629 726.0 
81.617 727.0 
81.652 728.0 
81.687 729.0 
81.711 730.0 
81.699 731.0 
81.734 732.0 
81.757 733.0 
81.746 734.0 
81.757 735.0 
81.804 736.0 
81.804 737.0 
81.792 738.0 
81.372 739.0 
81.617 740.0 
81.652 741.0 
81.652 742.0 
81.676 743.0 
81.664 744.0 
81.652 745.0 
81.676 746.0 
81.664 747.0 
81.687 748.0 
81.664 749.0 
81.687 750.0 
81.676 751.0 
81.676 752.0 
81.711 753.0 
81.722 754.0 
81.711 755.0 
81.711 756.0 
81.722 757.0 
81.746 758.0 
81.711 759.0 
81.722 760.0 
81.746 761.0 
81.734 762.0 
81.734 763.0 
81.757 764.0 
81.722 765.0 
81.769 766.0 
81.757 767.0 
81.757 768.0 
81.769 769.0 
81.722 770.0 
81.746 771.0 
81.711 772.0 
81.746 773.0 
81.757 774.0 
81.734 775.0 
81.711 776.0 
81.734 777.0 
81.769 778.0 
81.757 779.0 
81.746 780.0 
81.699 781.0 
81.746 782.0 
81.746 783.0 
81.734 784.0 
81.746 785.0 
81.734 786.0 
81.722 787.0 
81.734 788.0 
81.746 789.0 
81.722 790.0 
81.734 791.0 
81.711 792.0 
81.699 793.0 
81.722 794.0 
81.711 795.0 
81.722 796.0 
81.746 797.0 
81.722 798.0 
81.746 799.0 
81.746 800.0 
81.781 801.0 
81.757 802.0 
81.757 803.0 
81.757 804.0 
0.008 805.0 
0.0 806.0 
0.008 807.0 
0.005 808.0 
0.011 809.0 
0.01 810.0 
0.004 811.0 
0.002 812.0 
-0.004 813.0 
0.0 814.0 
0.001 815.0 
-0.008 816.0 
-0.004 817.0 
-0.01 818.0 
-0.001 819.0 
-0.004 820.0 
-0.012 821.0 
-0.008 822.0 
-0.013 823.0 
-0.013 824.0 
-0.016 825.0 
-0.028 826.0 
-0.031 827.0 
-0.024 828.0 
-0.03 829.0 
