-0.016 257.0 
-0.024 258.0 
-0.031 259.0 
-0.059 260.0 
-0.053 261.0 
-0.034 262.0 
-0.037 263.0 
-0.012 264.0 
-0.054 265.0 
-0.024 266.0 
-0.049 267.0 
-0.024 268.0 
-0.042 269.0 
-0.017 270.0 
-0.025 271.0 
-0.025 272.0 
-0.036 273.0 
-0.043 274.0 
156.005 275.0 
151.777 276.0 
150.562 277.0 
149.09 278.0 
147.443 279.0 
145.621 280.0 
143.904 281.0 
141.79 282.0 
139.256 283.0 
137.691 284.0 
137.235 285.0 
136.885 286.0 
136.651 287.0 
136.313 288.0 
136.044 289.0 
135.764 290.0 
135.121 291.0 
134.841 292.0 
134.584 293.0 
134.444 294.0 
133.825 295.0 
133.673 296.0 
133.58 297.0 
132.926 298.0 
132.657 299.0 
132.517 300.0 
131.874 301.0 
131.711 302.0 
131.15 303.0 
130.917 304.0 
130.66 305.0 
129.644 306.0 
127.705 307.0 
124.808 308.0 
121.503 309.0 
117.298 310.0 
113.409 311.0 
108.866 312.0 
104.638 313.0 
100.013 314.0 
95.936 315.0 
91.767 316.0 
87.983 317.0 
84.56 318.0 
84.327 319.0 
84.07 320.0 
84.07 321.0 
83.93 322.0 
83.79 323.0 
83.801 324.0 
83.719 325.0 
83.474 326.0 
83.754 327.0 
83.638 328.0 
83.813 329.0 
83.743 330.0 
83.649 331.0 
83.708 332.0 
83.743 333.0 
83.649 334.0 
83.719 335.0 
83.719 336.0 
83.719 337.0 
83.603 338.0 
83.778 339.0 
83.684 340.0 
83.673 341.0 
83.661 342.0 
83.754 343.0 
83.661 344.0 
83.649 345.0 
83.673 346.0 
83.614 347.0 
83.743 348.0 
83.719 349.0 
83.731 350.0 
83.661 351.0 
83.731 352.0 
83.649 353.0 
83.544 354.0 
83.754 355.0 
83.708 356.0 
83.731 357.0 
83.684 358.0 
83.719 359.0 
83.696 360.0 
83.731 361.0 
83.649 362.0 
83.708 363.0 
83.614 364.0 
83.626 365.0 
83.684 366.0 
83.708 367.0 
83.638 368.0 
83.661 369.0 
83.673 370.0 
83.708 371.0 
83.743 372.0 
83.731 373.0 
83.719 374.0 
83.743 375.0 
83.719 376.0 
83.603 377.0 
83.684 378.0 
83.626 379.0 
83.661 380.0 
83.661 381.0 
83.778 382.0 
83.696 383.0 
83.661 384.0 
83.638 385.0 
83.754 386.0 
83.661 387.0 
83.614 388.0 
83.719 389.0 
83.708 390.0 
83.708 391.0 
83.626 392.0 
83.708 393.0 
83.579 394.0 
83.719 395.0 
83.754 396.0 
83.603 397.0 
83.684 398.0 
83.591 399.0 
83.626 400.0 
83.731 401.0 
83.696 402.0 
83.79 403.0 
83.708 404.0 
83.638 405.0 
83.626 406.0 
83.684 407.0 
83.614 408.0 
83.673 409.0 
83.614 410.0 
83.661 411.0 
83.708 412.0 
83.743 413.0 
83.719 414.0 
83.614 415.0 
83.696 416.0 
83.603 417.0 
83.871 418.0 
83.696 419.0 
83.591 420.0 
83.684 421.0 
83.673 422.0 
83.731 423.0 
83.626 424.0 
83.661 425.0 
83.684 426.0 
83.719 427.0 
83.614 428.0 
83.638 429.0 
83.614 430.0 
83.719 431.0 
83.719 432.0 
83.696 433.0 
83.591 434.0 
83.649 435.0 
83.673 436.0 
83.801 437.0 
83.556 438.0 
83.649 439.0 
83.626 440.0 
83.649 441.0 
83.649 442.0 
83.638 443.0 
83.638 444.0 
83.638 445.0 
83.603 446.0 
83.719 447.0 
83.696 448.0 
83.684 449.0 
83.673 450.0 
83.579 451.0 
83.673 452.0 
83.614 453.0 
83.544 454.0 
83.708 455.0 
83.661 456.0 
83.614 457.0 
83.614 458.0 
83.696 459.0 
83.708 460.0 
83.661 461.0 
83.638 462.0 
83.743 463.0 
83.708 464.0 
83.684 465.0 
83.731 466.0 
83.661 467.0 
83.614 468.0 
83.696 469.0 
83.661 470.0 
83.673 471.0 
83.673 472.0 
83.731 473.0 
83.661 474.0 
83.731 475.0 
83.649 476.0 
83.591 477.0 
83.638 478.0 
83.579 479.0 
83.649 480.0 
83.743 481.0 
83.649 482.0 
83.696 483.0 
83.591 484.0 
83.696 485.0 
83.614 486.0 
83.603 487.0 
83.708 488.0 
83.638 489.0 
83.661 490.0 
83.719 491.0 
83.708 492.0 
83.614 493.0 
83.696 494.0 
83.626 495.0 
83.614 496.0 
83.649 497.0 
83.719 498.0 
83.591 499.0 
83.603 500.0 
83.649 501.0 
83.661 502.0 
83.533 503.0 
83.603 504.0 
83.579 505.0 
83.638 506.0 
83.731 507.0 
83.719 508.0 
83.568 509.0 
83.591 510.0 
83.626 511.0 
83.638 512.0 
83.649 513.0 
83.638 514.0 
83.661 515.0 
83.649 516.0 
83.673 517.0 
83.463 518.0 
83.498 519.0 
83.533 520.0 
83.544 521.0 
83.533 522.0 
83.556 523.0 
83.579 524.0 
83.556 525.0 
83.498 526.0 
83.498 527.0 
83.404 528.0 
83.427 529.0 
83.392 530.0 
83.439 531.0 
83.544 532.0 
83.486 533.0 
83.416 534.0 
83.439 535.0 
83.369 536.0 
83.357 537.0 
83.311 538.0 
83.217 539.0 
83.241 540.0 
83.346 541.0 
83.299 542.0 
83.217 543.0 
83.194 544.0 
83.171 545.0 
83.112 546.0 
83.217 547.0 
83.171 548.0 
83.1 549.0 
83.065 550.0 
83.03 551.0 
83.124 552.0 
83.077 553.0 
82.984 554.0 
82.984 555.0 
83.124 556.0 
83.077 557.0 
83.007 558.0 
83.147 559.0 
83.112 560.0 
83.042 561.0 
82.949 562.0 
83.065 563.0 
83.03 564.0 
82.879 565.0 
83.077 566.0 
83.159 567.0 
82.96 568.0 
83.065 569.0 
82.984 570.0 
83.112 571.0 
83.03 572.0 
82.949 573.0 
83.03 574.0 
82.972 575.0 
83.089 576.0 
83.03 577.0 
83.019 578.0 
83.135 579.0 
83.03 580.0 
83.042 581.0 
83.077 582.0 
83.182 583.0 
83.1 584.0 
83.194 585.0 
83.077 586.0 
83.019 587.0 
83.124 588.0 
82.995 589.0 
83.159 590.0 
83.03 591.0 
83.065 592.0 
83.007 593.0 
83.1 594.0 
83.007 595.0 
83.089 596.0 
82.995 597.0 
83.089 598.0 
83.03 599.0 
83.065 600.0 
83.159 601.0 
83.042 602.0 
83.159 603.0 
83.042 604.0 
83.147 605.0 
83.042 606.0 
83.1 607.0 
82.995 608.0 
83.042 609.0 
83.171 610.0 
83.054 611.0 
83.159 612.0 
83.007 613.0 
83.1 614.0 
82.984 615.0 
83.065 616.0 
83.147 617.0 
83.019 618.0 
83.112 619.0 
82.703 620.0 
83.019 621.0 
83.007 622.0 
83.007 623.0 
83.054 624.0 
83.182 625.0 
82.984 626.0 
83.077 627.0 
83.147 628.0 
83.054 629.0 
83.089 630.0 
83.182 631.0 
83.042 632.0 
83.1 633.0 
83.135 634.0 
83.019 635.0 
83.077 636.0 
83.112 637.0 
82.995 638.0 
83.065 639.0 
83.135 640.0 
83.007 641.0 
83.065 642.0 
83.1 643.0 
82.972 644.0 
83.019 645.0 
83.089 646.0 
83.135 647.0 
83.007 648.0 
83.007 649.0 
83.135 650.0 
82.995 651.0 
83.03 652.0 
83.077 653.0 
83.124 654.0 
82.972 655.0 
83.03 656.0 
83.007 657.0 
83.159 658.0 
83.019 659.0 
83.03 660.0 
83.112 661.0 
83.147 662.0 
82.949 663.0 
83.054 664.0 
83.112 665.0 
83.147 666.0 
83.03 667.0 
83.065 668.0 
83.077 669.0 
83.147 670.0 
83.007 671.0 
83.03 672.0 
83.065 673.0 
83.065 674.0 
83.135 675.0 
82.984 676.0 
83.03 677.0 
83.065 678.0 
83.042 679.0 
83.135 680.0 
83.007 681.0 
82.984 682.0 
83.065 683.0 
83.089 684.0 
83.112 685.0 
83.159 686.0 
83.007 687.0 
83.042 688.0 
83.054 689.0 
83.089 690.0 
83.147 691.0 
83.159 692.0 
82.984 693.0 
83.007 694.0 
83.054 695.0 
83.112 696.0 
83.112 697.0 
83.1 698.0 
82.692 699.0 
82.984 700.0 
82.995 701.0 
83.03 702.0 
83.089 703.0 
83.077 704.0 
83.147 705.0 
83.124 706.0 
82.984 707.0 
83.007 708.0 
83.03 709.0 
83.089 710.0 
83.065 711.0 
83.1 712.0 
83.135 713.0 
83.124 714.0 
83.182 715.0 
82.949 716.0 
83.019 717.0 
83.042 718.0 
83.007 719.0 
83.065 720.0 
83.089 721.0 
83.112 722.0 
83.135 723.0 
83.159 724.0 
83.159 725.0 
82.96 726.0 
82.96 727.0 
82.984 728.0 
82.995 729.0 
83.03 730.0 
83.077 731.0 
83.065 732.0 
83.089 733.0 
83.077 734.0 
83.112 735.0 
83.112 736.0 
83.1 737.0 
83.135 738.0 
82.797 739.0 
82.949 740.0 
82.949 741.0 
82.949 742.0 
82.984 743.0 
83.007 744.0 
82.984 745.0 
82.984 746.0 
83.007 747.0 
83.007 748.0 
83.007 749.0 
83.03 750.0 
83.065 751.0 
83.065 752.0 
83.019 753.0 
83.042 754.0 
83.077 755.0 
83.042 756.0 
83.065 757.0 
83.054 758.0 
83.03 759.0 
83.054 760.0 
83.077 761.0 
83.077 762.0 
83.124 763.0 
83.089 764.0 
83.089 765.0 
83.077 766.0 
83.065 767.0 
83.089 768.0 
83.077 769.0 
83.112 770.0 
83.065 771.0 
83.077 772.0 
83.042 773.0 
83.077 774.0 
83.089 775.0 
83.1 776.0 
83.065 777.0 
83.1 778.0 
83.089 779.0 
83.077 780.0 
83.042 781.0 
83.089 782.0 
83.089 783.0 
83.1 784.0 
83.089 785.0 
83.065 786.0 
83.065 787.0 
83.077 788.0 
83.065 789.0 
83.089 790.0 
83.112 791.0 
83.077 792.0 
83.077 793.0 
83.065 794.0 
83.065 795.0 
83.077 796.0 
83.077 797.0 
83.1 798.0 
83.077 799.0 
83.077 800.0 
83.054 801.0 
83.077 802.0 
83.1 803.0 
83.077 804.0 
0.004 805.0 
0.008 806.0 
0.01 807.0 
0.006 808.0 
0.012 809.0 
0.01 810.0 
0.011 811.0 
0.013 812.0 
0.011 813.0 
0.001 814.0 
0.002 815.0 
0.001 816.0 
0.0 817.0 
-0.002 818.0 
-0.006 819.0 
-0.01 820.0 
-0.005 821.0 
-0.005 822.0 
-0.005 823.0 
-0.008 824.0 
-0.01 825.0 
-0.01 826.0 
-0.01 827.0 
-0.013 828.0 
-0.022 829.0 
