-0.011 257.0 
-0.031 258.0 
-0.048 259.0 
-0.041 260.0 
-0.017 261.0 
-0.002 262.0 
0.0 263.0 
-0.008 264.0 
-0.017 265.0 
-0.028 266.0 
0.0 267.0 
-0.016 268.0 
-0.004 269.0 
-0.024 270.0 
-0.018 271.0 
-0.032 272.0 
-0.04 273.0 
-0.04 274.0 
146.567 275.0 
143.893 276.0 
142.842 277.0 
141.522 278.0 
140.039 279.0 
138.135 280.0 
136.535 281.0 
134.164 282.0 
131.174 283.0 
129.772 284.0 
129.41 285.0 
129.095 286.0 
128.943 287.0 
128.663 288.0 
128.394 289.0 
128.195 290.0 
127.623 291.0 
127.46 292.0 
127.284 293.0 
127.226 294.0 
126.7 295.0 
126.584 296.0 
126.56 297.0 
126.058 298.0 
125.883 299.0 
125.836 300.0 
125.357 301.0 
125.287 302.0 
124.808 303.0 
124.762 304.0 
124.692 305.0 
124.096 306.0 
122.986 307.0 
120.627 308.0 
117.789 309.0 
113.993 310.0 
110.326 311.0 
106.086 312.0 
102.056 313.0 
97.957 314.0 
94.254 315.0 
90.505 316.0 
86.908 317.0 
83.965 318.0 
83.86 319.0 
83.614 320.0 
83.521 321.0 
83.486 322.0 
83.381 323.0 
83.463 324.0 
83.357 325.0 
83.287 326.0 
83.381 327.0 
83.276 328.0 
83.486 329.0 
83.392 330.0 
83.311 331.0 
83.416 332.0 
83.392 333.0 
83.264 334.0 
83.416 335.0 
83.392 336.0 
83.392 337.0 
83.276 338.0 
83.463 339.0 
83.392 340.0 
83.322 341.0 
83.357 342.0 
83.451 343.0 
83.322 344.0 
83.322 345.0 
83.357 346.0 
83.287 347.0 
83.404 348.0 
83.369 349.0 
83.346 350.0 
83.311 351.0 
83.346 352.0 
83.287 353.0 
83.194 354.0 
83.427 355.0 
83.369 356.0 
83.404 357.0 
83.346 358.0 
83.427 359.0 
83.381 360.0 
83.392 361.0 
83.299 362.0 
83.357 363.0 
83.287 364.0 
83.346 365.0 
83.381 366.0 
83.346 367.0 
83.276 368.0 
83.322 369.0 
83.311 370.0 
83.357 371.0 
83.357 372.0 
83.404 373.0 
83.392 374.0 
83.404 375.0 
83.416 376.0 
83.217 377.0 
83.311 378.0 
83.322 379.0 
83.334 380.0 
83.299 381.0 
83.427 382.0 
83.357 383.0 
83.346 384.0 
83.311 385.0 
83.451 386.0 
83.311 387.0 
83.252 388.0 
83.322 389.0 
83.322 390.0 
83.322 391.0 
83.299 392.0 
83.392 393.0 
83.276 394.0 
83.357 395.0 
83.427 396.0 
83.276 397.0 
83.369 398.0 
83.416 399.0 
83.287 400.0 
83.392 401.0 
83.357 402.0 
83.427 403.0 
83.369 404.0 
83.287 405.0 
83.264 406.0 
83.322 407.0 
83.276 408.0 
83.311 409.0 
83.276 410.0 
83.334 411.0 
83.369 412.0 
83.451 413.0 
83.404 414.0 
83.287 415.0 
83.334 416.0 
83.287 417.0 
83.451 418.0 
83.392 419.0 
83.287 420.0 
83.334 421.0 
83.381 422.0 
83.392 423.0 
83.287 424.0 
83.322 425.0 
83.334 426.0 
83.404 427.0 
83.276 428.0 
83.264 429.0 
83.264 430.0 
83.357 431.0 
83.369 432.0 
83.392 433.0 
83.241 434.0 
83.264 435.0 
83.322 436.0 
83.392 437.0 
83.287 438.0 
83.299 439.0 
83.322 440.0 
83.276 441.0 
83.311 442.0 
83.322 443.0 
83.311 444.0 
83.287 445.0 
83.299 446.0 
83.392 447.0 
83.369 448.0 
83.346 449.0 
83.579 450.0 
83.276 451.0 
83.264 452.0 
83.241 453.0 
83.229 454.0 
83.357 455.0 
83.322 456.0 
83.264 457.0 
83.241 458.0 
83.392 459.0 
83.381 460.0 
83.311 461.0 
83.299 462.0 
83.381 463.0 
83.369 464.0 
83.334 465.0 
83.381 466.0 
83.346 467.0 
83.264 468.0 
83.334 469.0 
83.287 470.0 
83.299 471.0 
83.287 472.0 
83.404 473.0 
83.322 474.0 
83.416 475.0 
83.334 476.0 
83.217 477.0 
83.276 478.0 
83.252 479.0 
83.311 480.0 
83.416 481.0 
83.322 482.0 
83.369 483.0 
83.299 484.0 
83.369 485.0 
83.264 486.0 
83.264 487.0 
83.381 488.0 
83.299 489.0 
83.299 490.0 
83.369 491.0 
83.311 492.0 
83.299 493.0 
83.346 494.0 
83.287 495.0 
83.206 496.0 
83.322 497.0 
83.357 498.0 
83.252 499.0 
83.287 500.0 
83.311 501.0 
83.381 502.0 
83.217 503.0 
83.241 504.0 
83.311 505.0 
83.311 506.0 
83.252 507.0 
83.474 508.0 
83.217 509.0 
83.252 510.0 
83.276 511.0 
83.276 512.0 
83.299 513.0 
83.322 514.0 
83.322 515.0 
83.322 516.0 
83.322 517.0 
83.147 518.0 
83.147 519.0 
83.194 520.0 
83.182 521.0 
83.182 522.0 
83.171 523.0 
83.182 524.0 
83.182 525.0 
83.171 526.0 
83.147 527.0 
83.077 528.0 
83.124 529.0 
83.077 530.0 
83.065 531.0 
83.194 532.0 
83.194 533.0 
83.124 534.0 
83.171 535.0 
83.077 536.0 
83.03 537.0 
82.949 538.0 
82.914 539.0 
82.89 540.0 
83.007 541.0 
82.89 542.0 
82.914 543.0 
82.808 544.0 
82.797 545.0 
82.738 546.0 
82.89 547.0 
82.82 548.0 
82.738 549.0 
82.715 550.0 
82.843 551.0 
82.762 552.0 
82.727 553.0 
82.633 554.0 
82.598 555.0 
82.75 556.0 
82.68 557.0 
82.633 558.0 
82.376 559.0 
82.727 560.0 
82.668 561.0 
82.61 562.0 
82.75 563.0 
82.657 564.0 
82.563 565.0 
82.727 566.0 
82.715 567.0 
82.645 568.0 
82.692 569.0 
82.61 570.0 
82.762 571.0 
82.68 572.0 
82.633 573.0 
82.692 574.0 
82.622 575.0 
82.762 576.0 
82.692 577.0 
82.668 578.0 
82.738 579.0 
82.727 580.0 
82.797 581.0 
82.727 582.0 
82.762 583.0 
82.738 584.0 
82.843 585.0 
82.773 586.0 
82.692 587.0 
82.75 588.0 
82.633 589.0 
82.727 590.0 
82.645 591.0 
82.75 592.0 
82.668 593.0 
82.727 594.0 
82.657 595.0 
82.727 596.0 
82.657 597.0 
82.727 598.0 
82.657 599.0 
82.738 600.0 
82.832 601.0 
82.715 602.0 
82.82 603.0 
82.703 604.0 
82.773 605.0 
82.657 606.0 
82.762 607.0 
82.61 608.0 
82.692 609.0 
82.797 610.0 
82.692 611.0 
82.797 612.0 
82.668 613.0 
82.762 614.0 
82.61 615.0 
82.692 616.0 
82.773 617.0 
82.645 618.0 
82.738 619.0 
82.47 620.0 
82.692 621.0 
82.773 622.0 
82.668 623.0 
82.727 624.0 
82.785 625.0 
82.657 626.0 
82.762 627.0 
82.773 628.0 
82.657 629.0 
82.68 630.0 
82.808 631.0 
82.633 632.0 
82.75 633.0 
82.808 634.0 
82.657 635.0 
82.727 636.0 
82.797 637.0 
82.657 638.0 
82.715 639.0 
82.808 640.0 
82.645 641.0 
82.68 642.0 
82.785 643.0 
82.622 644.0 
82.68 645.0 
82.738 646.0 
82.773 647.0 
82.622 648.0 
82.692 649.0 
82.75 650.0 
82.61 651.0 
82.622 652.0 
82.703 653.0 
82.785 654.0 
82.61 655.0 
82.692 656.0 
82.715 657.0 
82.773 658.0 
82.645 659.0 
82.715 660.0 
82.762 661.0 
82.797 662.0 
82.645 663.0 
82.703 664.0 
82.762 665.0 
82.82 666.0 
82.645 667.0 
82.68 668.0 
82.727 669.0 
82.773 670.0 
82.61 671.0 
82.68 672.0 
82.727 673.0 
82.762 674.0 
82.715 675.0 
82.61 676.0 
82.645 677.0 
82.715 678.0 
82.738 679.0 
82.762 680.0 
82.622 681.0 
82.668 682.0 
82.703 683.0 
82.727 684.0 
82.785 685.0 
82.808 686.0 
82.622 687.0 
82.668 688.0 
82.692 689.0 
82.727 690.0 
82.773 691.0 
82.808 692.0 
82.633 693.0 
82.622 694.0 
82.68 695.0 
82.727 696.0 
82.715 697.0 
82.727 698.0 
82.505 699.0 
82.645 700.0 
82.668 701.0 
82.668 702.0 
82.703 703.0 
82.75 704.0 
82.692 705.0 
82.808 706.0 
82.633 707.0 
82.633 708.0 
82.645 709.0 
82.703 710.0 
82.715 711.0 
82.703 712.0 
82.75 713.0 
82.773 714.0 
82.808 715.0 
82.61 716.0 
82.633 717.0 
82.668 718.0 
82.692 719.0 
82.703 720.0 
82.738 721.0 
82.75 722.0 
82.762 723.0 
82.785 724.0 
82.808 725.0 
82.587 726.0 
82.668 727.0 
82.668 728.0 
82.657 729.0 
82.692 730.0 
82.703 731.0 
82.727 732.0 
82.727 733.0 
82.727 734.0 
82.738 735.0 
82.738 736.0 
82.785 737.0 
82.773 738.0 
82.587 739.0 
82.61 740.0 
82.61 741.0 
82.668 742.0 
82.645 743.0 
82.633 744.0 
82.633 745.0 
82.657 746.0 
82.657 747.0 
82.633 748.0 
82.668 749.0 
82.692 750.0 
82.668 751.0 
82.657 752.0 
82.692 753.0 
82.692 754.0 
82.692 755.0 
82.715 756.0 
82.715 757.0 
82.703 758.0 
82.715 759.0 
82.703 760.0 
82.715 761.0 
82.715 762.0 
82.68 763.0 
82.692 764.0 
82.715 765.0 
82.738 766.0 
82.727 767.0 
82.715 768.0 
82.727 769.0 
82.715 770.0 
82.715 771.0 
82.727 772.0 
82.727 773.0 
82.727 774.0 
82.727 775.0 
82.75 776.0 
82.715 777.0 
82.715 778.0 
82.738 779.0 
82.727 780.0 
82.727 781.0 
82.762 782.0 
82.703 783.0 
82.715 784.0 
82.75 785.0 
82.715 786.0 
82.785 787.0 
82.738 788.0 
82.692 789.0 
82.727 790.0 
82.727 791.0 
82.727 792.0 
82.703 793.0 
82.738 794.0 
82.657 795.0 
82.668 796.0 
82.738 797.0 
82.692 798.0 
82.692 799.0 
82.715 800.0 
82.703 801.0 
82.703 802.0 
82.703 803.0 
82.692 804.0 
0.012 805.0 
0.012 806.0 
0.016 807.0 
0.012 808.0 
0.016 809.0 
0.008 810.0 
0.013 811.0 
0.013 812.0 
0.006 813.0 
0.0 814.0 
0.0 815.0 
0.001 816.0 
0.007 817.0 
0.004 818.0 
0.004 819.0 
-0.001 820.0 
0.001 821.0 
0.013 822.0 
-0.006 823.0 
-0.004 824.0 
-0.011 825.0 
-0.004 826.0 
0.004 827.0 
-0.017 828.0 
-0.01 829.0 
