-0.014 257.0 
-0.024 258.0 
-0.044 259.0 
-0.043 260.0 
-0.03 261.0 
-0.005 262.0 
-0.01 263.0 
-0.04 264.0 
-0.038 265.0 
-0.044 266.0 
-0.02 267.0 
-0.028 268.0 
-0.025 269.0 
-0.034 270.0 
-0.026 271.0 
-0.023 272.0 
-0.047 273.0 
-0.014 274.0 
147.876 275.0 
144.909 276.0 
143.846 277.0 
142.281 278.0 
140.774 279.0 
138.625 280.0 
136.733 281.0 
134.327 282.0 
130.578 283.0 
128.744 284.0 
128.347 285.0 
127.962 286.0 
127.752 287.0 
127.495 288.0 
127.296 289.0 
127.016 290.0 
126.42 291.0 
126.175 292.0 
126.0 293.0 
125.941 294.0 
125.381 295.0 
125.264 296.0 
125.147 297.0 
124.656 298.0 
124.505 299.0 
124.423 300.0 
123.839 301.0 
123.757 302.0 
123.278 303.0 
123.185 304.0 
123.01 305.0 
122.356 306.0 
121.024 307.0 
118.525 308.0 
115.64 309.0 
111.61 310.0 
107.464 311.0 
102.991 312.0 
98.833 313.0 
94.406 314.0 
90.47 315.0 
86.604 316.0 
83.206 317.0 
80.461 318.0 
80.402 319.0 
80.169 320.0 
80.04 321.0 
80.099 322.0 
79.959 323.0 
80.017 324.0 
79.924 325.0 
80.181 326.0 
79.935 327.0 
79.865 328.0 
80.04 329.0 
79.97 330.0 
79.854 331.0 
79.97 332.0 
79.947 333.0 
79.865 334.0 
80.344 335.0 
79.924 336.0 
79.924 337.0 
79.854 338.0 
80.005 339.0 
79.9 340.0 
79.865 341.0 
79.9 342.0 
80.04 343.0 
79.912 344.0 
79.9 345.0 
79.865 346.0 
79.865 347.0 
79.97 348.0 
79.924 349.0 
79.912 350.0 
79.83 351.0 
79.912 352.0 
79.877 353.0 
79.748 354.0 
79.935 355.0 
79.912 356.0 
79.97 357.0 
79.912 358.0 
79.97 359.0 
79.924 360.0 
79.935 361.0 
79.854 362.0 
79.9 363.0 
79.842 364.0 
79.842 365.0 
79.889 366.0 
79.935 367.0 
79.854 368.0 
79.9 369.0 
79.877 370.0 
79.9 371.0 
79.912 372.0 
79.959 373.0 
79.947 374.0 
79.947 375.0 
80.262 376.0 
79.737 377.0 
79.854 378.0 
79.877 379.0 
79.889 380.0 
79.854 381.0 
79.959 382.0 
79.9 383.0 
79.9 384.0 
79.865 385.0 
79.959 386.0 
79.877 387.0 
79.889 388.0 
79.935 389.0 
79.912 390.0 
79.9 391.0 
79.83 392.0 
79.947 393.0 
79.83 394.0 
79.9 395.0 
79.97 396.0 
79.854 397.0 
79.9 398.0 
79.807 399.0 
79.83 400.0 
79.935 401.0 
79.9 402.0 
79.982 403.0 
79.9 404.0 
79.877 405.0 
79.807 406.0 
79.912 407.0 
79.865 408.0 
79.912 409.0 
79.818 410.0 
79.854 411.0 
79.947 412.0 
79.97 413.0 
79.935 414.0 
79.83 415.0 
79.877 416.0 
79.83 417.0 
79.982 418.0 
79.9 419.0 
79.818 420.0 
79.912 421.0 
79.935 422.0 
79.947 423.0 
79.877 424.0 
79.865 425.0 
79.889 426.0 
79.959 427.0 
79.889 428.0 
79.889 429.0 
79.807 430.0 
79.889 431.0 
79.912 432.0 
79.924 433.0 
79.807 434.0 
79.842 435.0 
79.865 436.0 
79.97 437.0 
79.83 438.0 
79.865 439.0 
79.854 440.0 
79.889 441.0 
79.83 442.0 
79.854 443.0 
79.83 444.0 
79.83 445.0 
79.854 446.0 
79.924 447.0 
79.982 448.0 
79.924 449.0 
79.924 450.0 
79.807 451.0 
79.865 452.0 
79.818 453.0 
79.795 454.0 
79.924 455.0 
79.865 456.0 
79.818 457.0 
79.807 458.0 
79.9 459.0 
79.912 460.0 
79.842 461.0 
79.842 462.0 
79.924 463.0 
79.889 464.0 
79.924 465.0 
79.935 466.0 
79.889 467.0 
79.83 468.0 
79.912 469.0 
79.865 470.0 
79.818 471.0 
79.83 472.0 
79.935 473.0 
79.854 474.0 
79.959 475.0 
79.877 476.0 
79.807 477.0 
79.9 478.0 
79.76 479.0 
79.889 480.0 
79.912 481.0 
79.854 482.0 
79.935 483.0 
79.842 484.0 
79.9 485.0 
79.795 486.0 
79.818 487.0 
79.935 488.0 
79.865 489.0 
79.842 490.0 
79.912 491.0 
79.924 492.0 
79.83 493.0 
79.9 494.0 
79.83 495.0 
79.737 496.0 
79.865 497.0 
79.947 498.0 
79.795 499.0 
79.83 500.0 
79.854 501.0 
79.912 502.0 
79.76 503.0 
79.783 504.0 
79.842 505.0 
79.877 506.0 
79.818 507.0 
79.982 508.0 
79.783 509.0 
79.76 510.0 
79.807 511.0 
79.83 512.0 
79.83 513.0 
79.889 514.0 
79.877 515.0 
79.9 516.0 
79.912 517.0 
79.737 518.0 
79.678 519.0 
79.725 520.0 
79.737 521.0 
79.795 522.0 
79.772 523.0 
79.76 524.0 
79.748 525.0 
79.737 526.0 
79.737 527.0 
79.667 528.0 
79.702 529.0 
79.69 530.0 
79.667 531.0 
79.818 532.0 
79.795 533.0 
79.713 534.0 
79.748 535.0 
79.702 536.0 
79.667 537.0 
79.585 538.0 
79.562 539.0 
79.538 540.0 
79.62 541.0 
79.608 542.0 
79.526 543.0 
79.515 544.0 
79.433 545.0 
79.433 546.0 
79.538 547.0 
79.491 548.0 
79.433 549.0 
79.375 550.0 
79.526 551.0 
79.421 552.0 
79.433 553.0 
79.328 554.0 
79.351 555.0 
79.445 556.0 
79.386 557.0 
79.34 558.0 
79.024 559.0 
79.398 560.0 
79.34 561.0 
79.328 562.0 
79.421 563.0 
79.34 564.0 
79.293 565.0 
79.421 566.0 
79.421 567.0 
79.27 568.0 
79.386 569.0 
79.305 570.0 
79.421 571.0 
79.363 572.0 
79.305 573.0 
79.316 574.0 
79.328 575.0 
79.41 576.0 
79.351 577.0 
79.351 578.0 
79.445 579.0 
79.375 580.0 
79.445 581.0 
79.398 582.0 
79.421 583.0 
79.421 584.0 
79.538 585.0 
79.41 586.0 
79.34 587.0 
79.456 588.0 
79.386 589.0 
79.456 590.0 
79.34 591.0 
79.398 592.0 
79.328 593.0 
79.375 594.0 
79.328 595.0 
79.375 596.0 
79.328 597.0 
79.421 598.0 
79.328 599.0 
79.433 600.0 
79.491 601.0 
79.398 602.0 
79.503 603.0 
79.398 604.0 
79.48 605.0 
79.34 606.0 
79.421 607.0 
79.34 608.0 
79.421 609.0 
79.468 610.0 
79.363 611.0 
79.48 612.0 
79.363 613.0 
79.433 614.0 
79.34 615.0 
79.41 616.0 
79.456 617.0 
79.281 618.0 
79.41 619.0 
79.059 620.0 
79.375 621.0 
79.433 622.0 
79.363 623.0 
79.375 624.0 
79.445 625.0 
79.328 626.0 
79.421 627.0 
79.48 628.0 
79.398 629.0 
79.386 630.0 
79.456 631.0 
79.305 632.0 
79.398 633.0 
79.491 634.0 
79.351 635.0 
79.398 636.0 
79.456 637.0 
79.328 638.0 
79.398 639.0 
79.456 640.0 
79.351 641.0 
79.386 642.0 
79.456 643.0 
79.328 644.0 
79.363 645.0 
79.433 646.0 
79.491 647.0 
79.363 648.0 
79.398 649.0 
79.445 650.0 
79.328 651.0 
79.281 652.0 
79.386 653.0 
79.433 654.0 
79.305 655.0 
79.363 656.0 
79.386 657.0 
79.445 658.0 
79.351 659.0 
79.398 660.0 
79.445 661.0 
79.491 662.0 
79.328 663.0 
79.398 664.0 
79.456 665.0 
79.515 666.0 
79.328 667.0 
79.41 668.0 
79.421 669.0 
79.468 670.0 
79.316 671.0 
79.351 672.0 
79.386 673.0 
79.421 674.0 
79.433 675.0 
79.305 676.0 
79.363 677.0 
79.351 678.0 
79.398 679.0 
79.456 680.0 
79.316 681.0 
79.351 682.0 
79.421 683.0 
79.421 684.0 
79.445 685.0 
79.526 686.0 
79.34 687.0 
79.363 688.0 
79.41 689.0 
79.41 690.0 
79.445 691.0 
79.503 692.0 
79.328 693.0 
79.351 694.0 
79.351 695.0 
79.398 696.0 
79.398 697.0 
79.445 698.0 
79.211 699.0 
79.316 700.0 
79.34 701.0 
79.386 702.0 
79.398 703.0 
79.445 704.0 
79.375 705.0 
79.48 706.0 
79.27 707.0 
79.328 708.0 
79.363 709.0 
79.363 710.0 
79.375 711.0 
79.433 712.0 
79.456 713.0 
79.456 714.0 
79.27 715.0 
79.281 716.0 
79.34 717.0 
79.305 718.0 
79.363 719.0 
79.363 720.0 
79.421 721.0 
79.433 722.0 
79.468 723.0 
79.445 724.0 
79.503 725.0 
79.293 726.0 
79.328 727.0 
79.351 728.0 
79.375 729.0 
79.386 730.0 
79.351 731.0 
79.398 732.0 
79.421 733.0 
79.421 734.0 
79.41 735.0 
79.421 736.0 
79.468 737.0 
79.468 738.0 
79.234 739.0 
79.27 740.0 
79.316 741.0 
79.281 742.0 
79.328 743.0 
79.328 744.0 
79.351 745.0 
79.351 746.0 
79.351 747.0 
79.328 748.0 
79.375 749.0 
79.363 750.0 
79.351 751.0 
79.34 752.0 
79.375 753.0 
79.351 754.0 
79.375 755.0 
79.34 756.0 
79.41 757.0 
79.375 758.0 
79.34 759.0 
79.41 760.0 
79.398 761.0 
79.41 762.0 
79.398 763.0 
79.41 764.0 
79.363 765.0 
79.363 766.0 
79.41 767.0 
79.421 768.0 
79.41 769.0 
79.433 770.0 
79.41 771.0 
79.398 772.0 
79.421 773.0 
79.398 774.0 
79.41 775.0 
79.421 776.0 
79.386 777.0 
79.421 778.0 
79.41 779.0 
79.386 780.0 
79.41 781.0 
79.41 782.0 
79.41 783.0 
79.433 784.0 
79.386 785.0 
79.386 786.0 
79.421 787.0 
79.433 788.0 
79.433 789.0 
79.398 790.0 
79.398 791.0 
79.398 792.0 
79.386 793.0 
79.398 794.0 
79.398 795.0 
79.375 796.0 
79.398 797.0 
79.398 798.0 
79.386 799.0 
79.375 800.0 
79.363 801.0 
79.421 802.0 
79.398 803.0 
79.351 804.0 
0.002 805.0 
0.002 806.0 
0.002 807.0 
0.0 808.0 
0.0 809.0 
0.005 810.0 
-0.001 811.0 
-0.004 812.0 
0.002 813.0 
-0.002 814.0 
-0.006 815.0 
-0.012 816.0 
-0.012 817.0 
0.0 818.0 
-0.008 819.0 
-0.011 820.0 
-0.002 821.0 
-0.006 822.0 
-0.006 823.0 
-0.004 824.0 
-0.006 825.0 
-0.006 826.0 
-0.007 827.0 
-0.014 828.0 
-0.01 829.0 
