-0.035 257.0 
0.002 258.0 
-0.022 259.0 
-0.013 260.0 
-0.02 261.0 
-0.024 262.0 
-0.017 263.0 
-0.023 264.0 
-0.01 265.0 
-0.016 266.0 
-0.023 267.0 
-0.032 268.0 
-0.026 269.0 
-0.052 270.0 
-0.038 271.0 
-0.035 272.0 
-0.002 273.0 
-0.018 274.0 
144.734 275.0 
141.639 276.0 
140.342 277.0 
138.649 278.0 
136.628 279.0 
134.175 280.0 
132.26 281.0 
129.749 282.0 
126.35 283.0 
124.948 284.0 
124.493 285.0 
124.189 286.0 
123.979 287.0 
123.687 288.0 
123.442 289.0 
122.986 290.0 
122.589 291.0 
122.321 292.0 
122.122 293.0 
122.052 294.0 
121.526 295.0 
121.375 296.0 
121.304 297.0 
120.756 298.0 
120.534 299.0 
120.405 300.0 
119.868 301.0 
119.716 302.0 
119.261 303.0 
119.155 304.0 
119.015 305.0 
118.349 306.0 
116.995 307.0 
114.717 308.0 
112.113 309.0 
108.41 310.0 
104.953 311.0 
100.888 312.0 
96.987 313.0 
93.087 314.0 
89.349 315.0 
85.39 316.0 
81.862 317.0 
79.164 318.0 
78.989 319.0 
78.779 320.0 
78.686 321.0 
78.604 322.0 
78.51 323.0 
78.522 324.0 
78.487 325.0 
78.405 326.0 
78.51 327.0 
78.44 328.0 
78.592 329.0 
78.499 330.0 
78.464 331.0 
78.545 332.0 
78.557 333.0 
78.464 334.0 
78.499 335.0 
78.557 336.0 
78.557 337.0 
78.464 338.0 
78.569 339.0 
78.464 340.0 
78.464 341.0 
78.429 342.0 
78.569 343.0 
78.452 344.0 
78.464 345.0 
78.417 346.0 
78.429 347.0 
78.312 348.0 
78.487 349.0 
78.464 350.0 
78.417 351.0 
78.487 352.0 
78.452 353.0 
78.347 354.0 
78.499 355.0 
78.487 356.0 
78.522 357.0 
78.452 358.0 
78.534 359.0 
78.487 360.0 
78.475 361.0 
78.429 362.0 
78.499 363.0 
78.394 364.0 
78.417 365.0 
78.499 366.0 
78.475 367.0 
78.44 368.0 
78.405 369.0 
78.452 370.0 
78.487 371.0 
78.51 372.0 
78.51 373.0 
78.534 374.0 
78.51 375.0 
78.826 376.0 
78.37 377.0 
78.44 378.0 
78.464 379.0 
78.475 380.0 
78.44 381.0 
78.545 382.0 
78.452 383.0 
78.452 384.0 
78.405 385.0 
78.522 386.0 
78.382 387.0 
78.394 388.0 
78.464 389.0 
78.475 390.0 
78.487 391.0 
78.464 392.0 
78.534 393.0 
78.417 394.0 
78.487 395.0 
78.569 396.0 
78.44 397.0 
78.51 398.0 
78.359 399.0 
78.44 400.0 
78.499 401.0 
78.487 402.0 
78.522 403.0 
78.464 404.0 
78.44 405.0 
78.394 406.0 
78.464 407.0 
78.405 408.0 
78.464 409.0 
78.405 410.0 
78.487 411.0 
78.522 412.0 
78.954 413.0 
78.534 414.0 
78.44 415.0 
78.487 416.0 
78.405 417.0 
78.545 418.0 
78.499 419.0 
78.417 420.0 
78.44 421.0 
78.475 422.0 
78.522 423.0 
78.417 424.0 
78.405 425.0 
78.475 426.0 
78.487 427.0 
78.394 428.0 
78.429 429.0 
78.359 430.0 
78.487 431.0 
78.499 432.0 
78.545 433.0 
78.405 434.0 
78.429 435.0 
78.487 436.0 
78.534 437.0 
78.359 438.0 
78.44 439.0 
78.44 440.0 
78.405 441.0 
78.417 442.0 
78.429 443.0 
78.417 444.0 
78.37 445.0 
78.394 446.0 
78.51 447.0 
78.499 448.0 
78.487 449.0 
78.721 450.0 
78.417 451.0 
78.44 452.0 
78.417 453.0 
78.394 454.0 
78.475 455.0 
78.464 456.0 
78.417 457.0 
78.417 458.0 
78.475 459.0 
78.534 460.0 
78.44 461.0 
78.429 462.0 
78.51 463.0 
78.44 464.0 
78.475 465.0 
78.51 466.0 
78.429 467.0 
78.359 468.0 
78.475 469.0 
78.429 470.0 
78.417 471.0 
78.464 472.0 
78.51 473.0 
78.44 474.0 
78.534 475.0 
78.464 476.0 
78.37 477.0 
78.417 478.0 
78.37 479.0 
78.429 480.0 
78.534 481.0 
78.429 482.0 
78.487 483.0 
78.382 484.0 
78.452 485.0 
78.347 486.0 
78.394 487.0 
78.475 488.0 
78.417 489.0 
78.429 490.0 
78.487 491.0 
78.452 492.0 
78.44 493.0 
78.487 494.0 
78.405 495.0 
78.323 496.0 
78.417 497.0 
78.487 498.0 
78.394 499.0 
78.417 500.0 
78.452 501.0 
78.464 502.0 
78.335 503.0 
78.37 504.0 
78.417 505.0 
78.429 506.0 
78.394 507.0 
78.499 508.0 
78.347 509.0 
78.347 510.0 
78.394 511.0 
78.382 512.0 
78.44 513.0 
78.417 514.0 
78.429 515.0 
78.452 516.0 
78.721 517.0 
78.3 518.0 
78.277 519.0 
78.347 520.0 
78.323 521.0 
78.359 522.0 
78.323 523.0 
78.335 524.0 
78.335 525.0 
78.335 526.0 
78.3 527.0 
78.23 528.0 
78.265 529.0 
78.253 530.0 
78.242 531.0 
78.417 532.0 
78.382 533.0 
78.323 534.0 
78.335 535.0 
78.323 536.0 
78.265 537.0 
78.16 538.0 
78.16 539.0 
78.16 540.0 
78.242 541.0 
78.137 542.0 
78.16 543.0 
78.113 544.0 
78.078 545.0 
78.043 546.0 
78.148 547.0 
78.102 548.0 
78.031 549.0 
78.008 550.0 
77.985 551.0 
78.055 552.0 
78.043 553.0 
77.961 554.0 
77.973 555.0 
78.067 556.0 
78.031 557.0 
77.926 558.0 
77.634 559.0 
78.067 560.0 
77.996 561.0 
77.938 562.0 
78.043 563.0 
77.973 564.0 
77.926 565.0 
78.031 566.0 
78.043 567.0 
77.926 568.0 
78.008 569.0 
77.961 570.0 
78.09 571.0 
78.02 572.0 
77.961 573.0 
78.008 574.0 
77.961 575.0 
78.078 576.0 
77.985 577.0 
78.02 578.0 
78.078 579.0 
78.02 580.0 
78.067 581.0 
78.02 582.0 
78.055 583.0 
78.055 584.0 
78.16 585.0 
78.078 586.0 
77.95 587.0 
78.067 588.0 
77.996 589.0 
78.078 590.0 
77.996 591.0 
78.055 592.0 
78.008 593.0 
78.008 594.0 
77.996 595.0 
78.008 596.0 
77.985 597.0 
78.055 598.0 
77.973 599.0 
78.043 600.0 
78.125 601.0 
78.031 602.0 
78.137 603.0 
78.02 604.0 
78.078 605.0 
77.985 606.0 
78.078 607.0 
77.95 608.0 
78.031 609.0 
78.102 610.0 
78.008 611.0 
78.102 612.0 
77.961 613.0 
78.078 614.0 
77.973 615.0 
78.008 616.0 
78.102 617.0 
77.973 618.0 
78.09 619.0 
77.833 620.0 
77.996 621.0 
78.02 622.0 
77.985 623.0 
78.043 624.0 
78.102 625.0 
77.961 626.0 
78.055 627.0 
78.102 628.0 
77.985 629.0 
78.055 630.0 
78.137 631.0 
78.008 632.0 
78.067 633.0 
78.347 634.0 
77.996 635.0 
78.078 636.0 
78.09 637.0 
77.996 638.0 
78.055 639.0 
78.102 640.0 
77.973 641.0 
77.973 642.0 
78.078 643.0 
77.961 644.0 
77.996 645.0 
78.043 646.0 
78.113 647.0 
77.938 648.0 
77.996 649.0 
78.067 650.0 
77.961 651.0 
77.926 652.0 
78.055 653.0 
78.102 654.0 
77.996 655.0 
77.996 656.0 
78.043 657.0 
78.078 658.0 
78.02 659.0 
78.067 660.0 
78.067 661.0 
78.125 662.0 
77.961 663.0 
78.02 664.0 
78.078 665.0 
78.148 666.0 
77.973 667.0 
78.02 668.0 
78.055 669.0 
78.102 670.0 
77.985 671.0 
77.985 672.0 
77.996 673.0 
78.067 674.0 
78.031 675.0 
77.985 676.0 
78.02 677.0 
78.031 678.0 
78.055 679.0 
78.078 680.0 
77.938 681.0 
77.973 682.0 
78.043 683.0 
78.031 684.0 
78.067 685.0 
78.137 686.0 
77.95 687.0 
77.973 688.0 
77.996 689.0 
78.055 690.0 
78.09 691.0 
78.148 692.0 
77.95 693.0 
77.985 694.0 
78.02 695.0 
78.055 696.0 
78.078 697.0 
78.09 698.0 
77.868 699.0 
77.95 700.0 
77.985 701.0 
77.973 702.0 
78.008 703.0 
78.031 704.0 
78.055 705.0 
78.137 706.0 
77.926 707.0 
77.961 708.0 
77.985 709.0 
77.985 710.0 
78.008 711.0 
78.09 712.0 
78.067 713.0 
78.125 714.0 
78.16 715.0 
77.926 716.0 
77.973 717.0 
78.008 718.0 
77.985 719.0 
78.02 720.0 
77.996 721.0 
78.055 722.0 
78.09 723.0 
78.09 724.0 
78.125 725.0 
77.938 726.0 
77.985 727.0 
77.985 728.0 
77.985 729.0 
78.008 730.0 
78.055 731.0 
78.043 732.0 
78.078 733.0 
78.067 734.0 
78.09 735.0 
78.102 736.0 
78.09 737.0 
78.113 738.0 
77.856 739.0 
77.903 740.0 
77.915 741.0 
77.961 742.0 
77.938 743.0 
77.961 744.0 
77.961 745.0 
77.961 746.0 
77.973 747.0 
77.973 748.0 
77.973 749.0 
78.008 750.0 
78.008 751.0 
78.008 752.0 
77.996 753.0 
78.008 754.0 
78.043 755.0 
77.985 756.0 
78.043 757.0 
78.043 758.0 
78.043 759.0 
78.031 760.0 
78.055 761.0 
77.996 762.0 
78.031 763.0 
78.043 764.0 
78.031 765.0 
78.043 766.0 
78.031 767.0 
78.043 768.0 
78.031 769.0 
78.067 770.0 
78.078 771.0 
78.055 772.0 
78.043 773.0 
78.067 774.0 
78.02 775.0 
78.031 776.0 
78.067 777.0 
78.043 778.0 
78.043 779.0 
78.031 780.0 
78.008 781.0 
78.02 782.0 
78.043 783.0 
78.031 784.0 
78.043 785.0 
78.031 786.0 
78.031 787.0 
78.031 788.0 
78.031 789.0 
78.02 790.0 
78.067 791.0 
78.055 792.0 
78.031 793.0 
78.078 794.0 
78.02 795.0 
78.02 796.0 
78.031 797.0 
78.043 798.0 
78.043 799.0 
78.02 800.0 
78.031 801.0 
78.008 802.0 
78.043 803.0 
78.008 804.0 
0.001 805.0 
0.001 806.0 
0.004 807.0 
0.005 808.0 
0.006 809.0 
-0.005 810.0 
-0.018 811.0 
-0.024 812.0 
-0.022 813.0 
-0.03 814.0 
-0.03 815.0 
-0.037 816.0 
-0.037 817.0 
-0.036 818.0 
-0.041 819.0 
-0.047 820.0 
-0.044 821.0 
-0.044 822.0 
-0.036 823.0 
-0.037 824.0 
-0.038 825.0 
-0.028 826.0 
-0.031 827.0 
-0.026 828.0 
-0.022 829.0 
