-0.047 257.0 
-0.03 258.0 
-0.031 259.0 
-0.02 260.0 
-0.035 261.0 
-0.022 262.0 
-0.029 263.0 
-0.04 264.0 
-0.047 265.0 
-0.2 266.0 
-0.044 267.0 
-0.038 268.0 
-0.035 269.0 
-0.011 270.0 
-0.028 271.0 
-0.055 272.0 
-0.022 273.0 
-0.026 274.0 
100.351 275.0 
98.588 276.0 
98.342 277.0 
98.261 278.0 
98.144 279.0 
97.431 280.0 
96.03 281.0 
94.079 282.0 
92.456 283.0 
92.0 284.0 
92.0 285.0 
92.012 286.0 
92.129 287.0 
92.129 288.0 
92.164 289.0 
91.965 290.0 
92.012 291.0 
92.024 292.0 
92.094 293.0 
91.954 294.0 
91.942 295.0 
92.059 296.0 
92.199 297.0 
91.965 298.0 
92.0 299.0 
92.129 300.0 
91.907 301.0 
92.0 302.0 
91.86 303.0 
91.93 304.0 
92.584 305.0 
91.942 306.0 
91.93 307.0 
91.498 308.0 
90.902 309.0 
89.571 310.0 
87.714 311.0 
85.039 312.0 
82.189 313.0 
79.024 314.0 
76.233 315.0 
73.523 316.0 
71.339 317.0 
69.447 318.0 
69.213 319.0 
68.886 320.0 
68.664 321.0 
68.641 322.0 
68.571 323.0 
68.559 324.0 
68.443 325.0 
68.349 326.0 
68.431 327.0 
68.372 328.0 
68.443 329.0 
68.454 330.0 
68.244 331.0 
68.174 332.0 
68.372 333.0 
68.279 334.0 
68.197 335.0 
68.244 336.0 
68.349 337.0 
68.244 338.0 
68.209 339.0 
68.443 340.0 
68.244 341.0 
68.267 342.0 
68.197 343.0 
68.221 344.0 
68.186 345.0 
68.162 346.0 
68.279 347.0 
68.232 348.0 
68.221 349.0 
68.197 350.0 
68.232 351.0 
68.221 352.0 
68.337 353.0 
68.279 354.0 
68.279 355.0 
68.232 356.0 
68.256 357.0 
68.186 358.0 
68.291 359.0 
68.244 360.0 
68.291 361.0 
68.197 362.0 
68.232 363.0 
68.197 364.0 
68.221 365.0 
68.256 366.0 
68.291 367.0 
68.221 368.0 
68.244 369.0 
68.291 370.0 
68.256 371.0 
68.279 372.0 
68.256 373.0 
68.302 374.0 
68.489 375.0 
68.267 376.0 
68.197 377.0 
68.244 378.0 
68.232 379.0 
68.232 380.0 
68.221 381.0 
68.244 382.0 
68.197 383.0 
68.209 384.0 
68.221 385.0 
68.291 386.0 
68.221 387.0 
68.174 388.0 
68.232 389.0 
68.267 390.0 
68.209 391.0 
68.232 392.0 
68.291 393.0 
68.174 394.0 
68.256 395.0 
68.337 396.0 
68.186 397.0 
68.244 398.0 
68.139 399.0 
68.162 400.0 
68.279 401.0 
68.256 402.0 
68.314 403.0 
68.267 404.0 
68.209 405.0 
68.151 406.0 
68.232 407.0 
68.186 408.0 
68.209 409.0 
68.186 410.0 
68.209 411.0 
68.279 412.0 
68.501 413.0 
68.314 414.0 
68.221 415.0 
68.256 416.0 
68.174 417.0 
68.256 418.0 
68.244 419.0 
68.186 420.0 
68.221 421.0 
68.221 422.0 
68.256 423.0 
68.197 424.0 
68.221 425.0 
68.221 426.0 
68.244 427.0 
68.162 428.0 
68.279 429.0 
68.221 430.0 
68.186 431.0 
68.221 432.0 
68.244 433.0 
68.256 434.0 
68.267 435.0 
68.267 436.0 
68.267 437.0 
68.139 438.0 
68.127 439.0 
68.151 440.0 
68.209 441.0 
68.197 442.0 
68.209 443.0 
68.186 444.0 
67.859 445.0 
67.356 446.0 
67.438 447.0 
67.461 448.0 
67.38 449.0 
67.321 450.0 
67.403 451.0 
67.45 452.0 
67.438 453.0 
67.403 454.0 
67.391 455.0 
67.356 456.0 
67.426 457.0 
67.298 458.0 
67.403 459.0 
67.356 460.0 
67.426 461.0 
67.403 462.0 
67.345 463.0 
67.461 464.0 
67.403 465.0 
67.461 466.0 
67.403 467.0 
67.38 468.0 
67.426 469.0 
67.356 470.0 
67.368 471.0 
67.426 472.0 
67.321 473.0 
67.426 474.0 
67.508 475.0 
67.415 476.0 
67.356 477.0 
67.403 478.0 
67.333 479.0 
67.415 480.0 
67.461 481.0 
67.415 482.0 
67.45 483.0 
67.368 484.0 
67.415 485.0 
67.368 486.0 
67.38 487.0 
67.485 488.0 
67.391 489.0 
67.426 490.0 
67.45 491.0 
67.415 492.0 
67.403 493.0 
67.426 494.0 
67.368 495.0 
67.38 496.0 
67.415 497.0 
67.461 498.0 
67.345 499.0 
67.38 500.0 
67.391 501.0 
67.415 502.0 
67.333 503.0 
67.333 504.0 
67.38 505.0 
67.438 506.0 
67.275 507.0 
67.438 508.0 
67.263 509.0 
67.356 510.0 
67.356 511.0 
67.368 512.0 
67.403 513.0 
66.959 514.0 
67.683 515.0 
67.298 516.0 
67.847 517.0 
67.298 518.0 
67.286 519.0 
67.321 520.0 
67.286 521.0 
67.333 522.0 
67.356 523.0 
67.333 524.0 
67.31 525.0 
67.286 526.0 
67.31 527.0 
67.31 528.0 
67.286 529.0 
67.24 530.0 
67.251 531.0 
67.38 532.0 
67.765 533.0 
67.368 534.0 
67.333 535.0 
67.321 536.0 
67.298 537.0 
67.204 538.0 
67.216 539.0 
67.216 540.0 
67.321 541.0 
67.204 542.0 
67.251 543.0 
67.228 544.0 
67.158 545.0 
67.158 546.0 
67.298 547.0 
67.193 548.0 
67.204 549.0 
67.169 550.0 
67.123 551.0 
67.251 552.0 
67.193 553.0 
67.134 554.0 
67.146 555.0 
67.251 556.0 
67.181 557.0 
67.134 558.0 
66.842 559.0 
67.228 560.0 
67.134 561.0 
67.111 562.0 
67.193 563.0 
67.123 564.0 
67.076 565.0 
67.204 566.0 
67.204 567.0 
67.099 568.0 
67.169 569.0 
67.146 570.0 
67.216 571.0 
67.181 572.0 
67.134 573.0 
67.169 574.0 
67.158 575.0 
67.508 576.0 
67.193 577.0 
67.146 578.0 
67.228 579.0 
67.216 580.0 
67.251 581.0 
67.181 582.0 
67.228 583.0 
67.204 584.0 
66.854 585.0 
67.24 586.0 
67.134 587.0 
67.251 588.0 
67.158 589.0 
67.24 590.0 
67.158 591.0 
67.24 592.0 
67.169 593.0 
67.24 594.0 
67.181 595.0 
67.193 596.0 
67.146 597.0 
67.146 598.0 
67.123 599.0 
67.193 600.0 
67.275 601.0 
67.146 602.0 
67.251 603.0 
67.181 604.0 
67.216 605.0 
67.146 606.0 
67.228 607.0 
67.111 608.0 
67.181 609.0 
67.251 610.0 
67.193 611.0 
67.228 612.0 
67.099 613.0 
67.228 614.0 
67.088 615.0 
67.181 616.0 
67.24 617.0 
67.146 618.0 
67.204 619.0 
66.714 620.0 
67.146 621.0 
67.204 622.0 
67.111 623.0 
67.169 624.0 
67.24 625.0 
67.146 626.0 
67.193 627.0 
67.228 628.0 
67.123 629.0 
67.204 630.0 
67.286 631.0 
67.123 632.0 
67.204 633.0 
67.52 634.0 
67.158 635.0 
67.216 636.0 
67.275 637.0 
67.146 638.0 
67.181 639.0 
67.24 640.0 
67.134 641.0 
67.111 642.0 
67.204 643.0 
67.099 644.0 
67.169 645.0 
67.169 646.0 
67.263 647.0 
67.146 648.0 
67.204 649.0 
67.228 650.0 
67.123 651.0 
67.099 652.0 
67.193 653.0 
67.24 654.0 
67.146 655.0 
67.158 656.0 
67.204 657.0 
67.228 658.0 
67.134 659.0 
67.193 660.0 
67.228 661.0 
67.216 662.0 
67.134 663.0 
67.193 664.0 
67.228 665.0 
67.286 666.0 
67.099 667.0 
67.216 668.0 
67.228 669.0 
67.251 670.0 
67.123 671.0 
67.123 672.0 
67.204 673.0 
67.228 674.0 
67.24 675.0 
67.123 676.0 
67.158 677.0 
67.204 678.0 
67.158 679.0 
67.228 680.0 
67.099 681.0 
67.134 682.0 
67.158 683.0 
67.193 684.0 
67.193 685.0 
67.275 686.0 
67.123 687.0 
67.134 688.0 
67.193 689.0 
67.216 690.0 
67.251 691.0 
67.24 692.0 
67.134 693.0 
67.134 694.0 
67.181 695.0 
67.169 696.0 
67.204 697.0 
67.216 698.0 
66.994 699.0 
67.123 700.0 
67.134 701.0 
67.158 702.0 
67.193 703.0 
67.228 704.0 
67.193 705.0 
67.228 706.0 
67.088 707.0 
67.158 708.0 
67.146 709.0 
67.169 710.0 
67.169 711.0 
67.216 712.0 
67.24 713.0 
67.251 714.0 
67.018 715.0 
67.111 716.0 
67.099 717.0 
67.146 718.0 
67.146 719.0 
67.181 720.0 
67.216 721.0 
67.216 722.0 
67.216 723.0 
67.263 724.0 
67.24 725.0 
67.076 726.0 
67.099 727.0 
67.134 728.0 
67.181 729.0 
67.134 730.0 
67.169 731.0 
67.193 732.0 
67.216 733.0 
67.216 734.0 
67.251 735.0 
67.216 736.0 
67.216 737.0 
67.24 738.0 
67.088 739.0 
67.099 740.0 
67.076 741.0 
67.088 742.0 
67.099 743.0 
67.123 744.0 
67.123 745.0 
67.123 746.0 
67.169 747.0 
67.146 748.0 
67.146 749.0 
67.134 750.0 
67.146 751.0 
67.181 752.0 
67.181 753.0 
67.134 754.0 
67.158 755.0 
67.158 756.0 
67.169 757.0 
67.158 758.0 
67.158 759.0 
67.181 760.0 
67.169 761.0 
67.204 762.0 
67.228 763.0 
67.204 764.0 
67.181 765.0 
67.181 766.0 
67.158 767.0 
67.204 768.0 
67.204 769.0 
67.24 770.0 
67.204 771.0 
67.181 772.0 
67.216 773.0 
67.216 774.0 
67.193 775.0 
67.228 776.0 
67.204 777.0 
67.181 778.0 
67.169 779.0 
67.181 780.0 
67.181 781.0 
67.216 782.0 
67.181 783.0 
67.181 784.0 
67.181 785.0 
67.169 786.0 
67.204 787.0 
67.193 788.0 
67.204 789.0 
67.193 790.0 
67.181 791.0 
67.204 792.0 
67.181 793.0 
67.169 794.0 
67.193 795.0 
67.169 796.0 
67.146 797.0 
67.158 798.0 
67.181 799.0 
67.169 800.0 
67.158 801.0 
67.146 802.0 
67.158 803.0 
67.158 804.0 
0.012 805.0 
0.006 806.0 
0.001 807.0 
0.007 808.0 
-0.004 809.0 
-0.008 810.0 
-0.017 811.0 
-0.018 812.0 
-0.03 813.0 
-0.035 814.0 
-0.028 815.0 
-0.032 816.0 
-0.042 817.0 
-0.047 818.0 
-0.042 819.0 
-0.052 820.0 
-0.046 821.0 
-0.05 822.0 
-0.04 823.0 
-0.037 824.0 
-0.04 825.0 
-0.032 826.0 
-0.03 827.0 
-0.035 828.0 
-0.03 829.0 
