-0.04 257.0 
-0.042 258.0 
-0.061 259.0 
-0.02 260.0 
-0.011 261.0 
-0.018 262.0 
-0.031 263.0 
-0.036 264.0 
-0.02 265.0 
-0.028 266.0 
-0.031 267.0 
-0.035 268.0 
-0.019 269.0 
-0.017 270.0 
-0.03 271.0 
-0.054 272.0 
-0.03 273.0 
-0.032 274.0 
266.098 275.0 
262.849 276.0 
260.992 277.0 
259.019 278.0 
256.698 279.0 
254.029 280.0 
252.172 281.0 
250.199 282.0 
247.53 283.0 
247.53 284.0 
246.834 285.0 
246.718 286.0 
246.602 287.0 
246.37 288.0 
246.254 289.0 
248.343 290.0 
245.209 291.0 
244.977 292.0 
244.513 293.0 
244.977 294.0 
244.165 295.0 
244.049 296.0 
244.281 297.0 
243.469 298.0 
243.817 299.0 
243.933 300.0 
243.353 301.0 
243.585 302.0 
242.54 303.0 
243.236 304.0 
243.585 305.0 
243.12 306.0 
243.12 307.0 
242.656 308.0 
243.236 309.0 
242.772 310.0 
242.888 311.0 
242.192 312.0 
242.308 313.0 
241.844 314.0 
242.192 315.0 
241.844 316.0 
242.192 317.0 
241.96 318.0 
242.308 319.0 
241.844 320.0 
240.335 321.0 
242.192 322.0 
242.192 323.0 
242.54 324.0 
242.308 325.0 
242.54 326.0 
242.308 327.0 
241.96 328.0 
247.298 329.0 
242.424 330.0 
241.96 331.0 
244.513 332.0 
242.192 333.0 
241.96 334.0 
242.192 335.0 
242.424 336.0 
242.308 337.0 
242.192 338.0 
242.308 339.0 
241.496 340.0 
241.96 341.0 
242.192 342.0 
242.656 343.0 
242.308 344.0 
242.192 345.0 
242.192 346.0 
241.612 347.0 
239.987 348.0 
242.308 349.0 
242.308 350.0 
242.192 351.0 
242.076 352.0 
241.844 353.0 
240.451 354.0 
242.192 355.0 
242.308 356.0 
242.192 357.0 
242.076 358.0 
241.96 359.0 
242.192 360.0 
242.308 361.0 
242.308 362.0 
242.076 363.0 
241.844 364.0 
242.192 365.0 
242.076 366.0 
242.192 367.0 
242.076 368.0 
242.424 369.0 
242.308 370.0 
242.424 371.0 
241.844 372.0 
242.192 373.0 
242.424 374.0 
242.076 375.0 
244.165 376.0 
241.496 377.0 
242.192 378.0 
241.96 379.0 
242.076 380.0 
241.96 381.0 
242.656 382.0 
242.192 383.0 
242.192 384.0 
242.076 385.0 
242.192 386.0 
241.728 387.0 
242.076 388.0 
242.54 389.0 
242.308 390.0 
242.076 391.0 
241.844 392.0 
242.424 393.0 
241.96 394.0 
242.308 395.0 
242.54 396.0 
241.844 397.0 
241.96 398.0 
240.916 399.0 
242.308 400.0 
242.076 401.0 
242.308 402.0 
242.192 403.0 
242.076 404.0 
242.076 405.0 
242.424 406.0 
242.308 407.0 
242.424 408.0 
242.308 409.0 
242.192 410.0 
242.308 411.0 
242.308 412.0 
243.12 413.0 
242.192 414.0 
241.96 415.0 
242.076 416.0 
241.844 417.0 
242.308 418.0 
242.076 419.0 
242.308 420.0 
241.96 421.0 
242.308 422.0 
242.308 423.0 
242.192 424.0 
242.192 425.0 
242.308 426.0 
242.424 427.0 
242.192 428.0 
242.192 429.0 
241.728 430.0 
242.424 431.0 
242.54 432.0 
242.424 433.0 
242.076 434.0 
242.424 435.0 
242.54 436.0 
242.888 437.0 
241.96 438.0 
242.192 439.0 
241.96 440.0 
241.96 441.0 
242.308 442.0 
242.54 443.0 
242.424 444.0 
242.424 445.0 
241.96 446.0 
242.424 447.0 
242.424 448.0 
242.308 449.0 
243.004 450.0 
242.308 451.0 
242.076 452.0 
242.192 453.0 
241.844 454.0 
242.424 455.0 
242.308 456.0 
242.192 457.0 
242.192 458.0 
242.308 459.0 
242.424 460.0 
242.192 461.0 
242.076 462.0 
242.656 463.0 
242.54 464.0 
242.772 465.0 
242.772 466.0 
242.424 467.0 
241.728 468.0 
242.424 469.0 
242.424 470.0 
242.192 471.0 
242.308 472.0 
242.424 473.0 
242.308 474.0 
242.656 475.0 
242.54 476.0 
242.192 477.0 
242.308 478.0 
242.076 479.0 
242.076 480.0 
242.54 481.0 
242.308 482.0 
242.656 483.0 
242.656 484.0 
243.12 485.0 
242.424 486.0 
242.192 487.0 
242.772 488.0 
242.54 489.0 
242.656 490.0 
242.656 491.0 
242.424 492.0 
242.192 493.0 
242.656 494.0 
242.076 495.0 
241.728 496.0 
242.656 497.0 
242.772 498.0 
242.076 499.0 
241.844 500.0 
242.308 501.0 
242.54 502.0 
241.728 503.0 
242.308 504.0 
242.076 505.0 
242.308 506.0 
239.175 507.0 
245.441 508.0 
242.192 509.0 
242.192 510.0 
242.192 511.0 
242.192 512.0 
242.192 513.0 
242.308 514.0 
242.308 515.0 
242.424 516.0 
242.54 517.0 
241.728 518.0 
241.844 519.0 
241.96 520.0 
242.076 521.0 
242.192 522.0 
242.076 523.0 
242.424 524.0 
242.656 525.0 
241.96 526.0 
242.076 527.0 
241.844 528.0 
242.076 529.0 
241.96 530.0 
241.96 531.0 
242.54 532.0 
242.308 533.0 
242.076 534.0 
242.424 535.0 
242.308 536.0 
242.308 537.0 
242.308 538.0 
241.96 539.0 
241.96 540.0 
242.772 541.0 
242.076 542.0 
242.424 543.0 
242.192 544.0 
242.192 545.0 
242.192 546.0 
242.54 547.0 
242.308 548.0 
242.424 549.0 
242.424 550.0 
240.683 551.0 
242.308 552.0 
242.308 553.0 
241.96 554.0 
242.076 555.0 
242.192 556.0 
242.076 557.0 
241.844 558.0 
237.782 559.0 
241.96 560.0 
241.728 561.0 
241.496 562.0 
242.076 563.0 
242.308 564.0 
241.496 565.0 
242.192 566.0 
241.728 567.0 
242.076 568.0 
242.424 569.0 
242.308 570.0 
242.656 571.0 
241.728 572.0 
241.728 573.0 
242.076 574.0 
241.96 575.0 
242.192 576.0 
241.728 577.0 
242.076 578.0 
242.424 579.0 
241.96 580.0 
242.424 581.0 
242.308 582.0 
241.96 583.0 
242.656 584.0 
242.54 585.0 
242.656 586.0 
241.96 587.0 
242.308 588.0 
242.192 589.0 
242.424 590.0 
242.076 591.0 
242.308 592.0 
241.96 593.0 
241.96 594.0 
242.076 595.0 
241.728 596.0 
241.96 597.0 
242.308 598.0 
241.728 599.0 
242.308 600.0 
242.424 601.0 
242.308 602.0 
242.308 603.0 
242.308 604.0 
242.424 605.0 
242.308 606.0 
242.424 607.0 
242.308 608.0 
242.192 609.0 
242.54 610.0 
242.54 611.0 
242.424 612.0 
242.076 613.0 
242.308 614.0 
242.076 615.0 
242.308 616.0 
242.54 617.0 
241.728 618.0 
242.076 619.0 
238.13 620.0 
242.076 621.0 
242.308 622.0 
242.076 623.0 
242.424 624.0 
242.424 625.0 
242.192 626.0 
242.424 627.0 
242.772 628.0 
242.424 629.0 
242.192 630.0 
242.888 631.0 
241.728 632.0 
242.076 633.0 
246.138 634.0 
242.076 635.0 
242.424 636.0 
242.308 637.0 
242.308 638.0 
242.308 639.0 
242.656 640.0 
242.076 641.0 
242.308 642.0 
242.772 643.0 
242.308 644.0 
241.96 645.0 
242.308 646.0 
242.308 647.0 
242.192 648.0 
242.076 649.0 
242.424 650.0 
242.192 651.0 
241.264 652.0 
241.844 653.0 
242.308 654.0 
242.076 655.0 
242.308 656.0 
241.96 657.0 
242.54 658.0 
242.192 659.0 
242.076 660.0 
242.308 661.0 
242.888 662.0 
241.844 663.0 
242.424 664.0 
242.308 665.0 
242.424 666.0 
242.308 667.0 
242.192 668.0 
242.772 669.0 
242.772 670.0 
242.076 671.0 
241.96 672.0 
242.076 673.0 
241.96 674.0 
242.076 675.0 
242.192 676.0 
242.076 677.0 
241.96 678.0 
242.308 679.0 
242.424 680.0 
242.076 681.0 
242.192 682.0 
242.424 683.0 
242.308 684.0 
242.656 685.0 
242.656 686.0 
242.308 687.0 
242.192 688.0 
242.424 689.0 
242.192 690.0 
242.656 691.0 
242.54 692.0 
241.612 693.0 
241.96 694.0 
242.192 695.0 
242.424 696.0 
242.192 697.0 
242.192 698.0 
241.032 699.0 
241.96 700.0 
242.076 701.0 
242.424 702.0 
242.308 703.0 
242.424 704.0 
242.656 705.0 
242.076 706.0 
241.844 707.0 
242.076 708.0 
242.076 709.0 
242.424 710.0 
242.192 711.0 
242.192 712.0 
242.308 713.0 
242.308 714.0 
242.54 715.0 
241.728 716.0 
242.076 717.0 
242.308 718.0 
242.308 719.0 
242.076 720.0 
242.308 721.0 
242.424 722.0 
242.656 723.0 
242.308 724.0 
242.192 725.0 
242.192 726.0 
241.96 727.0 
242.192 728.0 
242.308 729.0 
242.424 730.0 
242.54 731.0 
242.076 732.0 
242.076 733.0 
242.308 734.0 
242.54 735.0 
242.308 736.0 
242.076 737.0 
242.656 738.0 
241.264 739.0 
241.844 740.0 
241.728 741.0 
242.192 742.0 
242.192 743.0 
241.96 744.0 
242.192 745.0 
241.844 746.0 
242.192 747.0 
242.076 748.0 
242.192 749.0 
242.424 750.0 
242.308 751.0 
242.308 752.0 
242.076 753.0 
242.192 754.0 
242.308 755.0 
242.192 756.0 
242.192 757.0 
242.308 758.0 
241.844 759.0 
242.076 760.0 
242.192 761.0 
242.192 762.0 
242.308 763.0 
242.424 764.0 
242.424 765.0 
242.54 766.0 
242.54 767.0 
242.192 768.0 
242.54 769.0 
242.424 770.0 
242.54 771.0 
242.308 772.0 
242.192 773.0 
242.308 774.0 
242.308 775.0 
242.54 776.0 
242.308 777.0 
242.424 778.0 
242.076 779.0 
242.308 780.0 
242.656 781.0 
242.656 782.0 
242.656 783.0 
242.54 784.0 
242.308 785.0 
242.192 786.0 
242.424 787.0 
242.192 788.0 
242.192 789.0 
242.424 790.0 
242.424 791.0 
242.076 792.0 
242.192 793.0 
242.192 794.0 
242.076 795.0 
242.192 796.0 
241.96 797.0 
242.076 798.0 
242.192 799.0 
242.54 800.0 
242.192 801.0 
241.96 802.0 
242.54 803.0 
242.308 804.0 
0.04 805.0 
0.032 806.0 
0.037 807.0 
0.025 808.0 
0.034 809.0 
0.01 810.0 
-0.012 811.0 
-0.028 812.0 
-0.058 813.0 
-0.064 814.0 
-0.08 815.0 
-0.096 816.0 
-0.108 817.0 
-0.126 818.0 
-0.117 819.0 
-0.134 820.0 
-0.126 821.0 
-0.135 822.0 
-0.131 823.0 
-0.135 824.0 
-0.126 825.0 
-0.113 826.0 
-0.114 827.0 
-0.109 828.0 
-0.085 829.0 
