-0.03 257.0 
-0.042 258.0 
-0.042 259.0 
-0.037 260.0 
-0.028 261.0 
-0.034 262.0 
-0.035 263.0 
-0.026 264.0 
-0.005 265.0 
-0.025 266.0 
-0.041 267.0 
-0.036 268.0 
-0.02 269.0 
-0.032 270.0 
-0.032 271.0 
-0.002 272.0 
-0.016 273.0 
-0.03 274.0 
269.579 275.0 
265.402 276.0 
263.545 277.0 
261.456 278.0 
259.715 279.0 
257.51 280.0 
255.538 281.0 
253.565 282.0 
251.592 283.0 
251.244 284.0 
251.244 285.0 
250.664 286.0 
250.664 287.0 
250.199 288.0 
250.199 289.0 
249.967 290.0 
249.503 291.0 
248.923 292.0 
248.691 293.0 
246.486 294.0 
247.994 295.0 
248.227 296.0 
248.459 297.0 
247.646 298.0 
247.53 299.0 
247.878 300.0 
247.182 301.0 
247.53 302.0 
246.834 303.0 
247.182 304.0 
247.53 305.0 
247.066 306.0 
247.066 307.0 
246.718 308.0 
246.718 309.0 
246.486 310.0 
246.95 311.0 
246.138 312.0 
246.37 313.0 
245.674 314.0 
246.254 315.0 
246.254 316.0 
246.486 317.0 
245.906 318.0 
246.254 319.0 
246.138 320.0 
244.745 321.0 
246.138 322.0 
245.906 323.0 
246.486 324.0 
246.138 325.0 
246.138 326.0 
246.254 327.0 
245.79 328.0 
252.056 329.0 
246.486 330.0 
245.906 331.0 
247.066 332.0 
246.138 333.0 
246.138 334.0 
246.602 335.0 
246.022 336.0 
245.674 337.0 
245.674 338.0 
248.575 339.0 
245.441 340.0 
245.674 341.0 
245.79 342.0 
240.103 343.0 
246.254 344.0 
245.79 345.0 
245.906 346.0 
245.674 347.0 
245.093 348.0 
246.022 349.0 
246.254 350.0 
246.022 351.0 
246.022 352.0 
245.79 353.0 
244.281 354.0 
244.513 355.0 
246.254 356.0 
246.022 357.0 
245.906 358.0 
246.138 359.0 
245.79 360.0 
246.138 361.0 
246.138 362.0 
246.254 363.0 
246.138 364.0 
245.906 365.0 
246.022 366.0 
246.254 367.0 
246.138 368.0 
245.906 369.0 
246.37 370.0 
246.486 371.0 
246.138 372.0 
246.138 373.0 
246.138 374.0 
246.602 375.0 
246.834 376.0 
245.79 377.0 
245.674 378.0 
246.138 379.0 
246.022 380.0 
245.674 381.0 
244.977 382.0 
245.906 383.0 
246.254 384.0 
246.022 385.0 
246.254 386.0 
245.441 387.0 
245.79 388.0 
246.022 389.0 
246.254 390.0 
246.254 391.0 
245.557 392.0 
246.022 393.0 
245.557 394.0 
246.254 395.0 
245.906 396.0 
245.79 397.0 
245.79 398.0 
245.209 399.0 
245.674 400.0 
245.906 401.0 
246.254 402.0 
246.718 403.0 
246.138 404.0 
246.022 405.0 
245.906 406.0 
245.79 407.0 
246.022 408.0 
246.254 409.0 
246.022 410.0 
246.022 411.0 
246.022 412.0 
246.486 413.0 
245.79 414.0 
245.906 415.0 
246.37 416.0 
245.79 417.0 
246.022 418.0 
245.906 419.0 
245.557 420.0 
245.906 421.0 
246.022 422.0 
246.37 423.0 
245.79 424.0 
246.022 425.0 
246.138 426.0 
246.254 427.0 
246.254 428.0 
245.674 429.0 
246.138 430.0 
246.486 431.0 
246.138 432.0 
245.906 433.0 
245.79 434.0 
245.674 435.0 
246.022 436.0 
246.138 437.0 
245.79 438.0 
245.209 439.0 
245.79 440.0 
246.022 441.0 
246.022 442.0 
245.906 443.0 
245.79 444.0 
246.138 445.0 
246.138 446.0 
246.37 447.0 
246.486 448.0 
248.923 449.0 
246.37 450.0 
245.906 451.0 
246.022 452.0 
245.674 453.0 
245.79 454.0 
246.022 455.0 
244.513 456.0 
245.79 457.0 
245.79 458.0 
246.022 459.0 
246.37 460.0 
246.022 461.0 
246.022 462.0 
246.486 463.0 
246.254 464.0 
246.254 465.0 
246.486 466.0 
245.906 467.0 
245.906 468.0 
246.138 469.0 
246.37 470.0 
246.022 471.0 
245.79 472.0 
244.397 473.0 
246.138 474.0 
246.602 475.0 
246.022 476.0 
245.906 477.0 
245.674 478.0 
246.022 479.0 
245.79 480.0 
246.022 481.0 
246.254 482.0 
246.486 483.0 
245.906 484.0 
246.138 485.0 
246.022 486.0 
246.138 487.0 
246.37 488.0 
246.37 489.0 
246.37 490.0 
246.37 491.0 
246.022 492.0 
246.37 493.0 
246.022 494.0 
246.022 495.0 
245.79 496.0 
246.138 497.0 
246.37 498.0 
245.906 499.0 
245.79 500.0 
246.022 501.0 
245.906 502.0 
246.138 503.0 
245.557 504.0 
246.254 505.0 
246.022 506.0 
243.933 507.0 
248.807 508.0 
245.79 509.0 
245.906 510.0 
245.906 511.0 
245.79 512.0 
245.674 513.0 
245.79 514.0 
245.79 515.0 
245.557 516.0 
247.878 517.0 
245.674 518.0 
245.557 519.0 
245.441 520.0 
245.557 521.0 
245.674 522.0 
245.906 523.0 
245.906 524.0 
245.79 525.0 
245.557 526.0 
245.79 527.0 
245.674 528.0 
245.79 529.0 
245.557 530.0 
245.906 531.0 
246.022 532.0 
246.138 533.0 
246.022 534.0 
246.022 535.0 
246.022 536.0 
245.674 537.0 
245.209 538.0 
245.674 539.0 
245.674 540.0 
246.254 541.0 
245.325 542.0 
245.906 543.0 
245.906 544.0 
245.79 545.0 
245.325 546.0 
246.022 547.0 
245.79 548.0 
245.79 549.0 
245.674 550.0 
244.861 551.0 
245.906 552.0 
245.906 553.0 
245.441 554.0 
245.674 555.0 
245.674 556.0 
245.557 557.0 
245.674 558.0 
239.871 559.0 
245.906 560.0 
245.906 561.0 
244.977 562.0 
245.674 563.0 
246.022 564.0 
245.209 565.0 
246.022 566.0 
245.674 567.0 
245.441 568.0 
245.906 569.0 
246.022 570.0 
246.022 571.0 
245.325 572.0 
245.557 573.0 
245.325 574.0 
245.79 575.0 
248.227 576.0 
245.674 577.0 
245.557 578.0 
245.906 579.0 
245.906 580.0 
246.022 581.0 
245.906 582.0 
246.022 583.0 
246.022 584.0 
241.844 585.0 
246.022 586.0 
245.79 587.0 
245.79 588.0 
245.79 589.0 
246.254 590.0 
245.906 591.0 
245.674 592.0 
245.557 593.0 
245.906 594.0 
245.674 595.0 
245.79 596.0 
245.674 597.0 
245.674 598.0 
245.674 599.0 
245.906 600.0 
245.906 601.0 
246.022 602.0 
246.022 603.0 
245.906 604.0 
246.254 605.0 
245.79 606.0 
246.138 607.0 
245.79 608.0 
245.674 609.0 
246.138 610.0 
245.906 611.0 
245.557 612.0 
245.674 613.0 
246.022 614.0 
245.557 615.0 
245.674 616.0 
245.79 617.0 
244.861 618.0 
245.674 619.0 
243.12 620.0 
245.557 621.0 
246.022 622.0 
245.79 623.0 
246.022 624.0 
246.254 625.0 
245.557 626.0 
246.022 627.0 
246.138 628.0 
245.79 629.0 
245.674 630.0 
246.254 631.0 
245.557 632.0 
245.906 633.0 
248.691 634.0 
245.325 635.0 
245.906 636.0 
245.906 637.0 
245.674 638.0 
245.79 639.0 
246.138 640.0 
245.79 641.0 
245.674 642.0 
245.906 643.0 
245.674 644.0 
245.79 645.0 
246.254 646.0 
246.254 647.0 
245.674 648.0 
245.79 649.0 
246.138 650.0 
245.79 651.0 
245.093 652.0 
245.674 653.0 
245.79 654.0 
245.674 655.0 
245.79 656.0 
245.79 657.0 
246.138 658.0 
245.79 659.0 
245.674 660.0 
245.906 661.0 
245.79 662.0 
246.022 663.0 
245.79 664.0 
245.906 665.0 
246.254 666.0 
245.441 667.0 
245.906 668.0 
246.138 669.0 
246.602 670.0 
245.79 671.0 
245.79 672.0 
245.557 673.0 
246.022 674.0 
245.325 675.0 
245.557 676.0 
245.79 677.0 
246.022 678.0 
245.906 679.0 
246.022 680.0 
245.557 681.0 
245.906 682.0 
246.022 683.0 
246.022 684.0 
245.906 685.0 
246.486 686.0 
245.441 687.0 
246.022 688.0 
245.906 689.0 
245.906 690.0 
246.138 691.0 
246.37 692.0 
245.441 693.0 
245.674 694.0 
245.674 695.0 
246.022 696.0 
245.441 697.0 
245.906 698.0 
244.861 699.0 
245.441 700.0 
245.79 701.0 
245.79 702.0 
246.138 703.0 
246.138 704.0 
246.022 705.0 
246.254 706.0 
245.674 707.0 
245.79 708.0 
245.674 709.0 
246.138 710.0 
246.138 711.0 
246.254 712.0 
246.254 713.0 
246.138 714.0 
244.281 715.0 
245.325 716.0 
245.209 717.0 
245.441 718.0 
245.79 719.0 
245.79 720.0 
246.254 721.0 
246.254 722.0 
246.138 723.0 
246.022 724.0 
246.37 725.0 
245.557 726.0 
245.441 727.0 
245.674 728.0 
245.79 729.0 
246.022 730.0 
246.37 731.0 
245.906 732.0 
245.79 733.0 
245.906 734.0 
246.022 735.0 
245.79 736.0 
246.022 737.0 
246.254 738.0 
245.557 739.0 
245.325 740.0 
245.557 741.0 
245.674 742.0 
246.022 743.0 
245.906 744.0 
245.441 745.0 
245.79 746.0 
245.557 747.0 
245.906 748.0 
245.674 749.0 
246.254 750.0 
245.906 751.0 
245.906 752.0 
245.674 753.0 
245.79 754.0 
245.557 755.0 
245.674 756.0 
245.557 757.0 
245.674 758.0 
245.79 759.0 
245.674 760.0 
246.022 761.0 
246.138 762.0 
245.79 763.0 
245.79 764.0 
246.138 765.0 
246.254 766.0 
245.674 767.0 
246.022 768.0 
246.022 769.0 
246.254 770.0 
245.906 771.0 
246.138 772.0 
245.906 773.0 
245.79 774.0 
245.906 775.0 
246.254 776.0 
245.79 777.0 
246.022 778.0 
246.138 779.0 
245.674 780.0 
245.79 781.0 
245.906 782.0 
246.138 783.0 
245.906 784.0 
245.906 785.0 
245.674 786.0 
246.022 787.0 
245.906 788.0 
246.022 789.0 
246.37 790.0 
245.906 791.0 
246.022 792.0 
245.906 793.0 
246.022 794.0 
245.79 795.0 
245.674 796.0 
245.557 797.0 
245.79 798.0 
245.674 799.0 
245.674 800.0 
245.79 801.0 
245.79 802.0 
245.674 803.0 
246.022 804.0 
0.038 805.0 
0.04 806.0 
0.032 807.0 
0.024 808.0 
0.013 809.0 
-0.006 810.0 
-0.04 811.0 
-0.067 812.0 
-0.074 813.0 
-0.097 814.0 
-0.121 815.0 
-0.134 816.0 
-0.145 817.0 
-0.152 818.0 
-0.164 819.0 
-0.167 820.0 
-0.162 821.0 
-0.156 822.0 
-0.151 823.0 
-0.152 824.0 
-0.131 825.0 
-0.117 826.0 
-0.109 827.0 
-0.096 828.0 
-0.084 829.0 
