-0.031 257.0 
-0.049 258.0 
-0.111 259.0 
-0.037 260.0 
-0.054 261.0 
-0.036 262.0 
-0.035 263.0 
-0.04 264.0 
-0.023 265.0 
-0.03 266.0 
-0.044 267.0 
-0.048 268.0 
-0.013 269.0 
-0.028 270.0 
-0.026 271.0 
-0.035 272.0 
-0.05 273.0 
-0.041 274.0 
145.248 275.0 
140.354 276.0 
139.455 277.0 
138.181 278.0 
136.768 279.0 
134.853 280.0 
133.311 281.0 
131.396 282.0 
128.663 283.0 
127.518 284.0 
127.203 285.0 
126.992 286.0 
126.911 287.0 
126.735 288.0 
126.584 289.0 
125.965 290.0 
125.93 291.0 
125.801 292.0 
125.673 293.0 
125.638 294.0 
125.112 295.0 
125.03 296.0 
125.03 297.0 
124.575 298.0 
124.435 299.0 
124.388 300.0 
123.909 301.0 
123.874 302.0 
123.395 303.0 
123.407 304.0 
123.325 305.0 
122.799 306.0 
121.958 307.0 
120.195 308.0 
118.116 309.0 
115.009 310.0 
111.867 311.0 
107.955 312.0 
103.949 313.0 
99.043 314.0 
94.371 315.0 
89.746 316.0 
85.577 317.0 
82.598 318.0 
82.388 319.0 
82.166 320.0 
82.119 321.0 
82.038 322.0 
81.932 323.0 
82.003 324.0 
81.944 325.0 
81.816 326.0 
81.944 327.0 
81.851 328.0 
82.049 329.0 
81.979 330.0 
81.909 331.0 
82.26 332.0 
81.968 333.0 
81.862 334.0 
81.886 335.0 
81.956 336.0 
81.944 337.0 
81.827 338.0 
82.003 339.0 
81.886 340.0 
81.921 341.0 
81.874 342.0 
82.049 343.0 
81.921 344.0 
81.897 345.0 
81.862 346.0 
81.839 347.0 
81.792 348.0 
81.956 349.0 
81.921 350.0 
81.886 351.0 
81.932 352.0 
81.862 353.0 
81.816 354.0 
81.944 355.0 
81.897 356.0 
81.921 357.0 
81.874 358.0 
81.956 359.0 
81.932 360.0 
81.956 361.0 
81.921 362.0 
81.921 363.0 
81.862 364.0 
81.851 365.0 
81.909 366.0 
81.897 367.0 
81.862 368.0 
81.897 369.0 
81.897 370.0 
81.909 371.0 
81.956 372.0 
81.944 373.0 
81.979 374.0 
81.991 375.0 
82.178 376.0 
81.792 377.0 
81.886 378.0 
81.921 379.0 
81.886 380.0 
81.897 381.0 
81.968 382.0 
81.897 383.0 
81.897 384.0 
81.909 385.0 
81.968 386.0 
81.874 387.0 
81.816 388.0 
81.874 389.0 
81.921 390.0 
81.897 391.0 
81.921 392.0 
81.968 393.0 
81.769 394.0 
81.897 395.0 
81.979 396.0 
81.862 397.0 
81.932 398.0 
81.804 399.0 
81.851 400.0 
81.932 401.0 
81.921 402.0 
81.968 403.0 
81.932 404.0 
81.874 405.0 
81.839 406.0 
81.897 407.0 
81.851 408.0 
81.897 409.0 
81.827 410.0 
81.897 411.0 
81.968 412.0 
82.306 413.0 
81.968 414.0 
81.839 415.0 
81.897 416.0 
81.839 417.0 
81.944 418.0 
81.921 419.0 
81.827 420.0 
81.839 421.0 
81.921 422.0 
81.944 423.0 
81.874 424.0 
81.839 425.0 
81.886 426.0 
81.921 427.0 
81.851 428.0 
81.862 429.0 
81.804 430.0 
81.897 431.0 
81.944 432.0 
81.956 433.0 
81.839 434.0 
81.816 435.0 
81.874 436.0 
81.991 437.0 
81.827 438.0 
81.851 439.0 
81.897 440.0 
81.839 441.0 
81.839 442.0 
81.886 443.0 
81.839 444.0 
81.827 445.0 
81.804 446.0 
81.944 447.0 
81.932 448.0 
81.886 449.0 
82.119 450.0 
81.874 451.0 
81.874 452.0 
81.804 453.0 
81.816 454.0 
81.874 455.0 
81.874 456.0 
81.827 457.0 
81.827 458.0 
81.886 459.0 
81.909 460.0 
81.886 461.0 
81.851 462.0 
81.956 463.0 
81.909 464.0 
81.886 465.0 
81.944 466.0 
81.862 467.0 
81.804 468.0 
81.909 469.0 
81.839 470.0 
81.886 471.0 
81.897 472.0 
81.827 473.0 
81.839 474.0 
81.944 475.0 
81.886 476.0 
81.792 477.0 
81.862 478.0 
81.781 479.0 
81.874 480.0 
81.956 481.0 
81.862 482.0 
81.956 483.0 
81.851 484.0 
81.897 485.0 
81.816 486.0 
81.827 487.0 
81.897 488.0 
81.862 489.0 
81.874 490.0 
81.932 491.0 
81.862 492.0 
81.909 493.0 
81.921 494.0 
81.816 495.0 
81.757 496.0 
81.862 497.0 
81.897 498.0 
81.769 499.0 
81.781 500.0 
81.862 501.0 
81.874 502.0 
81.769 503.0 
81.816 504.0 
81.827 505.0 
81.827 506.0 
81.886 507.0 
82.026 508.0 
81.769 509.0 
81.781 510.0 
81.839 511.0 
81.862 512.0 
81.839 513.0 
81.827 514.0 
81.874 515.0 
81.886 516.0 
81.862 517.0 
81.676 518.0 
81.699 519.0 
81.746 520.0 
81.757 521.0 
81.734 522.0 
81.757 523.0 
81.722 524.0 
81.734 525.0 
81.699 526.0 
81.746 527.0 
81.652 528.0 
81.711 529.0 
81.687 530.0 
81.652 531.0 
81.827 532.0 
81.769 533.0 
81.734 534.0 
81.734 535.0 
81.64 536.0 
81.64 537.0 
81.605 538.0 
81.547 539.0 
81.512 540.0 
81.629 541.0 
81.57 542.0 
81.535 543.0 
81.489 544.0 
81.477 545.0 
81.407 546.0 
81.535 547.0 
81.465 548.0 
81.442 549.0 
81.395 550.0 
81.29 551.0 
81.465 552.0 
81.407 553.0 
81.337 554.0 
81.337 555.0 
81.395 556.0 
81.372 557.0 
81.313 558.0 
81.068 559.0 
81.407 560.0 
81.325 561.0 
81.278 562.0 
81.407 563.0 
81.325 564.0 
81.267 565.0 
81.419 566.0 
81.407 567.0 
81.29 568.0 
81.395 569.0 
81.325 570.0 
81.407 571.0 
81.348 572.0 
81.29 573.0 
81.337 574.0 
81.302 575.0 
81.395 576.0 
81.36 577.0 
81.348 578.0 
81.442 579.0 
81.36 580.0 
81.43 581.0 
81.384 582.0 
81.442 583.0 
81.419 584.0 
81.5 585.0 
81.419 586.0 
81.36 587.0 
81.442 588.0 
81.348 589.0 
81.419 590.0 
81.372 591.0 
81.419 592.0 
81.348 593.0 
81.372 594.0 
81.337 595.0 
81.36 596.0 
81.313 597.0 
81.384 598.0 
81.348 599.0 
81.419 600.0 
81.489 601.0 
81.36 602.0 
81.477 603.0 
81.372 604.0 
81.465 605.0 
81.36 606.0 
81.43 607.0 
81.337 608.0 
81.407 609.0 
81.489 610.0 
81.372 611.0 
81.454 612.0 
81.36 613.0 
81.419 614.0 
81.29 615.0 
81.372 616.0 
81.442 617.0 
81.325 618.0 
81.395 619.0 
81.021 620.0 
81.395 621.0 
81.419 622.0 
81.302 623.0 
81.372 624.0 
81.477 625.0 
81.325 626.0 
81.407 627.0 
81.465 628.0 
81.348 629.0 
81.372 630.0 
81.5 631.0 
81.302 632.0 
81.407 633.0 
81.477 634.0 
81.348 635.0 
81.419 636.0 
81.465 637.0 
81.313 638.0 
81.407 639.0 
81.465 640.0 
81.325 641.0 
81.325 642.0 
81.442 643.0 
81.313 644.0 
81.36 645.0 
81.384 646.0 
81.465 647.0 
81.325 648.0 
81.36 649.0 
81.465 650.0 
81.325 651.0 
81.325 652.0 
81.395 653.0 
81.43 654.0 
81.29 655.0 
81.337 656.0 
81.407 657.0 
81.442 658.0 
81.337 659.0 
81.384 660.0 
81.43 661.0 
81.465 662.0 
81.337 663.0 
81.384 664.0 
81.454 665.0 
81.454 666.0 
81.302 667.0 
81.372 668.0 
81.419 669.0 
81.454 670.0 
81.302 671.0 
81.348 672.0 
81.372 673.0 
81.395 674.0 
81.442 675.0 
81.278 676.0 
81.325 677.0 
81.384 678.0 
81.407 679.0 
81.43 680.0 
81.267 681.0 
81.313 682.0 
81.384 683.0 
81.419 684.0 
81.465 685.0 
81.489 686.0 
81.313 687.0 
81.384 688.0 
81.348 689.0 
81.43 690.0 
81.454 691.0 
81.465 692.0 
81.302 693.0 
81.337 694.0 
81.348 695.0 
81.384 696.0 
81.407 697.0 
81.442 698.0 
81.173 699.0 
81.313 700.0 
81.302 701.0 
81.36 702.0 
81.395 703.0 
81.43 704.0 
81.36 705.0 
81.465 706.0 
81.29 707.0 
81.302 708.0 
81.313 709.0 
81.384 710.0 
81.395 711.0 
81.43 712.0 
81.442 713.0 
81.465 714.0 
81.465 715.0 
81.278 716.0 
81.313 717.0 
81.36 718.0 
81.325 719.0 
81.384 720.0 
81.384 721.0 
81.43 722.0 
81.419 723.0 
81.465 724.0 
81.5 725.0 
81.29 726.0 
81.29 727.0 
81.337 728.0 
81.29 729.0 
81.36 730.0 
81.395 731.0 
81.407 732.0 
81.419 733.0 
81.419 734.0 
81.384 735.0 
81.477 736.0 
81.454 737.0 
81.454 738.0 
81.232 739.0 
81.267 740.0 
81.267 741.0 
81.255 742.0 
81.313 743.0 
81.302 744.0 
81.29 745.0 
81.337 746.0 
81.348 747.0 
81.337 748.0 
81.337 749.0 
81.348 750.0 
81.384 751.0 
81.36 752.0 
81.372 753.0 
81.325 754.0 
81.337 755.0 
81.372 756.0 
81.407 757.0 
81.36 758.0 
81.395 759.0 
81.372 760.0 
81.407 761.0 
81.372 762.0 
81.372 763.0 
81.419 764.0 
81.407 765.0 
81.407 766.0 
81.407 767.0 
81.395 768.0 
81.395 769.0 
81.407 770.0 
81.442 771.0 
81.419 772.0 
81.395 773.0 
81.407 774.0 
81.384 775.0 
81.407 776.0 
81.395 777.0 
81.407 778.0 
81.407 779.0 
81.36 780.0 
81.419 781.0 
81.372 782.0 
81.384 783.0 
81.395 784.0 
81.384 785.0 
81.36 786.0 
81.407 787.0 
81.384 788.0 
81.384 789.0 
81.395 790.0 
81.419 791.0 
81.407 792.0 
81.395 793.0 
81.384 794.0 
81.372 795.0 
81.384 796.0 
81.384 797.0 
81.407 798.0 
81.395 799.0 
81.395 800.0 
81.407 801.0 
81.384 802.0 
81.395 803.0 
81.395 804.0 
0.005 805.0 
0.01 806.0 
0.008 807.0 
0.01 808.0 
0.002 809.0 
0.006 810.0 
0.004 811.0 
0.008 812.0 
0.005 813.0 
-0.002 814.0 
-0.004 815.0 
0.005 816.0 
-0.006 817.0 
-0.006 818.0 
-0.006 819.0 
-0.022 820.0 
-0.011 821.0 
-0.014 822.0 
-0.008 823.0 
-0.014 824.0 
-0.022 825.0 
-0.011 826.0 
-0.013 827.0 
-0.018 828.0 
-0.017 829.0 
