-0.035 257.0 
-0.025 258.0 
-0.032 259.0 
-0.028 260.0 
-0.036 261.0 
-0.034 262.0 
-0.037 263.0 
-0.042 264.0 
-0.043 265.0 
-0.037 266.0 
-0.036 267.0 
-0.016 268.0 
-0.032 269.0 
-0.026 270.0 
-0.031 271.0 
-0.03 272.0 
-0.006 273.0 
-0.041 274.0 
140.658 275.0 
138.088 276.0 
137.049 277.0 
135.752 278.0 
134.187 279.0 
132.447 280.0 
130.812 281.0 
128.861 282.0 
125.801 283.0 
124.364 284.0 
124.037 285.0 
123.792 286.0 
123.687 287.0 
123.5 288.0 
123.325 289.0 
122.718 290.0 
122.671 291.0 
122.531 292.0 
122.391 293.0 
122.134 294.0 
121.877 295.0 
121.783 296.0 
121.76 297.0 
121.316 298.0 
121.153 299.0 
120.977 300.0 
120.65 301.0 
120.58 302.0 
120.078 303.0 
120.055 304.0 
119.798 305.0 
119.389 306.0 
118.385 307.0 
116.376 308.0 
113.981 309.0 
110.641 310.0 
107.534 311.0 
103.832 312.0 
99.861 313.0 
95.866 314.0 
91.813 315.0 
87.796 316.0 
84.105 317.0 
81.5 318.0 
81.36 319.0 
81.115 320.0 
80.986 321.0 
80.963 322.0 
80.905 323.0 
80.916 324.0 
80.846 325.0 
80.765 326.0 
80.87 327.0 
80.776 328.0 
80.811 329.0 
80.916 330.0 
80.835 331.0 
81.068 332.0 
80.87 333.0 
80.8 334.0 
80.753 335.0 
80.916 336.0 
80.893 337.0 
80.765 338.0 
80.963 339.0 
80.846 340.0 
80.846 341.0 
80.846 342.0 
80.928 343.0 
80.835 344.0 
80.811 345.0 
80.788 346.0 
80.765 347.0 
80.8 348.0 
80.881 349.0 
80.823 350.0 
80.835 351.0 
80.846 352.0 
80.788 353.0 
80.753 354.0 
80.823 355.0 
80.87 356.0 
80.916 357.0 
80.823 358.0 
80.916 359.0 
80.858 360.0 
80.846 361.0 
80.811 362.0 
80.846 363.0 
80.776 364.0 
80.765 365.0 
80.811 366.0 
80.835 367.0 
80.753 368.0 
80.823 369.0 
80.846 370.0 
80.823 371.0 
80.846 372.0 
80.858 373.0 
80.893 374.0 
80.905 375.0 
80.881 376.0 
80.8 377.0 
80.835 378.0 
80.788 379.0 
80.8 380.0 
80.823 381.0 
80.706 382.0 
80.788 383.0 
80.8 384.0 
80.8 385.0 
80.881 386.0 
80.718 387.0 
80.753 388.0 
80.811 389.0 
80.846 390.0 
80.835 391.0 
80.765 392.0 
80.881 393.0 
80.729 394.0 
80.811 395.0 
80.928 396.0 
80.765 397.0 
80.858 398.0 
80.683 399.0 
80.753 400.0 
80.87 401.0 
80.811 402.0 
80.905 403.0 
80.823 404.0 
80.788 405.0 
80.729 406.0 
80.811 407.0 
80.788 408.0 
80.8 409.0 
80.753 410.0 
80.823 411.0 
80.881 412.0 
81.29 413.0 
80.846 414.0 
80.753 415.0 
80.835 416.0 
80.741 417.0 
80.835 418.0 
80.835 419.0 
80.753 420.0 
80.776 421.0 
80.788 422.0 
80.835 423.0 
80.741 424.0 
80.788 425.0 
80.811 426.0 
80.87 427.0 
80.729 428.0 
80.788 429.0 
80.788 430.0 
80.835 431.0 
80.846 432.0 
80.835 433.0 
80.718 434.0 
80.694 435.0 
80.765 436.0 
80.8 437.0 
80.765 438.0 
80.694 439.0 
80.753 440.0 
80.729 441.0 
80.753 442.0 
80.776 443.0 
80.765 444.0 
80.741 445.0 
80.741 446.0 
80.823 447.0 
80.846 448.0 
81.092 449.0 
80.951 450.0 
80.8 451.0 
80.788 452.0 
80.741 453.0 
80.718 454.0 
80.823 455.0 
80.566 456.0 
80.776 457.0 
80.741 458.0 
80.811 459.0 
80.835 460.0 
80.8 461.0 
80.741 462.0 
80.858 463.0 
80.776 464.0 
80.765 465.0 
80.823 466.0 
80.788 467.0 
80.706 468.0 
80.823 469.0 
80.753 470.0 
80.729 471.0 
80.753 472.0 
80.718 473.0 
80.8 474.0 
80.87 475.0 
80.788 476.0 
80.718 477.0 
80.8 478.0 
80.683 479.0 
80.8 480.0 
80.835 481.0 
80.718 482.0 
80.811 483.0 
80.729 484.0 
80.765 485.0 
80.729 486.0 
80.753 487.0 
80.8 488.0 
80.729 489.0 
80.753 490.0 
80.811 491.0 
80.765 492.0 
80.788 493.0 
80.823 494.0 
80.729 495.0 
80.718 496.0 
80.776 497.0 
80.811 498.0 
80.706 499.0 
80.706 500.0 
80.765 501.0 
80.788 502.0 
80.683 503.0 
80.694 504.0 
80.765 505.0 
80.741 506.0 
80.648 507.0 
80.729 508.0 
80.578 509.0 
80.694 510.0 
80.718 511.0 
80.753 512.0 
80.753 513.0 
80.776 514.0 
80.776 515.0 
80.788 516.0 
81.068 517.0 
80.589 518.0 
80.636 519.0 
80.613 520.0 
80.648 521.0 
80.636 522.0 
80.636 523.0 
80.624 524.0 
80.659 525.0 
80.659 526.0 
80.636 527.0 
80.554 528.0 
80.613 529.0 
80.601 530.0 
80.519 531.0 
80.729 532.0 
80.706 533.0 
80.694 534.0 
80.683 535.0 
80.648 536.0 
80.613 537.0 
80.484 538.0 
80.473 539.0 
80.437 540.0 
80.566 541.0 
80.449 542.0 
80.461 543.0 
80.426 544.0 
80.414 545.0 
80.332 546.0 
80.473 547.0 
80.426 548.0 
80.391 549.0 
80.379 550.0 
80.262 551.0 
80.414 552.0 
80.356 553.0 
80.286 554.0 
80.251 555.0 
80.426 556.0 
80.332 557.0 
80.297 558.0 
80.017 559.0 
80.356 560.0 
80.286 561.0 
80.239 562.0 
80.379 563.0 
80.251 564.0 
80.192 565.0 
80.367 566.0 
80.344 567.0 
80.216 568.0 
80.344 569.0 
80.286 570.0 
80.391 571.0 
80.309 572.0 
80.262 573.0 
80.344 574.0 
80.262 575.0 
80.683 576.0 
80.297 577.0 
80.309 578.0 
80.414 579.0 
80.332 580.0 
80.402 581.0 
80.332 582.0 
80.402 583.0 
80.379 584.0 
80.402 585.0 
80.356 586.0 
80.274 587.0 
80.391 588.0 
80.286 589.0 
80.367 590.0 
80.274 591.0 
80.391 592.0 
80.309 593.0 
80.379 594.0 
80.321 595.0 
80.332 596.0 
80.321 597.0 
80.367 598.0 
80.286 599.0 
80.356 600.0 
80.449 601.0 
80.356 602.0 
80.402 603.0 
80.321 604.0 
80.402 605.0 
80.297 606.0 
80.356 607.0 
80.262 608.0 
80.356 609.0 
80.379 610.0 
80.356 611.0 
80.414 612.0 
80.297 613.0 
80.356 614.0 
80.262 615.0 
80.367 616.0 
80.426 617.0 
80.181 618.0 
80.367 619.0 
80.087 620.0 
80.321 621.0 
80.379 622.0 
80.274 623.0 
80.309 624.0 
80.426 625.0 
80.297 626.0 
80.344 627.0 
80.391 628.0 
80.309 629.0 
80.356 630.0 
80.426 631.0 
80.274 632.0 
80.391 633.0 
80.648 634.0 
80.332 635.0 
80.356 636.0 
80.437 637.0 
80.274 638.0 
80.356 639.0 
80.391 640.0 
80.286 641.0 
80.332 642.0 
80.391 643.0 
80.227 644.0 
80.309 645.0 
80.379 646.0 
80.391 647.0 
80.274 648.0 
80.356 649.0 
80.367 650.0 
80.262 651.0 
80.274 652.0 
80.356 653.0 
80.402 654.0 
80.274 655.0 
80.309 656.0 
80.379 657.0 
80.367 658.0 
80.274 659.0 
80.321 660.0 
80.402 661.0 
80.402 662.0 
80.274 663.0 
80.321 664.0 
80.379 665.0 
80.414 666.0 
80.262 667.0 
80.297 668.0 
80.391 669.0 
80.391 670.0 
80.262 671.0 
80.297 672.0 
80.344 673.0 
80.391 674.0 
80.367 675.0 
80.297 676.0 
80.309 677.0 
80.332 678.0 
80.356 679.0 
80.437 680.0 
80.262 681.0 
80.274 682.0 
80.344 683.0 
80.367 684.0 
80.391 685.0 
80.449 686.0 
80.227 687.0 
80.321 688.0 
80.321 689.0 
80.367 690.0 
80.391 691.0 
80.426 692.0 
80.274 693.0 
80.297 694.0 
80.356 695.0 
80.321 696.0 
80.391 697.0 
80.391 698.0 
80.157 699.0 
80.251 700.0 
80.297 701.0 
80.321 702.0 
80.332 703.0 
80.379 704.0 
80.356 705.0 
80.426 706.0 
80.227 707.0 
80.274 708.0 
80.297 709.0 
80.332 710.0 
80.332 711.0 
80.391 712.0 
80.379 713.0 
80.391 714.0 
80.192 715.0 
80.251 716.0 
80.216 717.0 
80.332 718.0 
80.274 719.0 
80.321 720.0 
80.332 721.0 
80.379 722.0 
80.391 723.0 
80.402 724.0 
80.426 725.0 
80.239 726.0 
80.239 727.0 
80.239 728.0 
80.297 729.0 
80.332 730.0 
80.356 731.0 
80.367 732.0 
80.367 733.0 
80.367 734.0 
80.391 735.0 
80.321 736.0 
80.402 737.0 
80.379 738.0 
80.227 739.0 
80.192 740.0 
80.239 741.0 
80.251 742.0 
80.239 743.0 
80.251 744.0 
80.274 745.0 
80.262 746.0 
80.286 747.0 
80.286 748.0 
80.297 749.0 
80.309 750.0 
80.321 751.0 
80.321 752.0 
80.321 753.0 
80.332 754.0 
80.321 755.0 
80.344 756.0 
80.344 757.0 
80.321 758.0 
80.344 759.0 
80.332 760.0 
80.356 761.0 
80.332 762.0 
80.344 763.0 
80.344 764.0 
80.309 765.0 
80.356 766.0 
80.356 767.0 
80.356 768.0 
80.367 769.0 
80.367 770.0 
80.332 771.0 
80.332 772.0 
80.309 773.0 
80.344 774.0 
80.367 775.0 
80.332 776.0 
80.391 777.0 
80.321 778.0 
80.367 779.0 
80.344 780.0 
80.321 781.0 
80.344 782.0 
80.321 783.0 
80.344 784.0 
80.321 785.0 
80.321 786.0 
80.356 787.0 
80.356 788.0 
80.344 789.0 
80.309 790.0 
80.356 791.0 
80.344 792.0 
80.356 793.0 
80.356 794.0 
80.321 795.0 
80.321 796.0 
80.367 797.0 
80.367 798.0 
80.344 799.0 
80.332 800.0 
80.356 801.0 
80.332 802.0 
80.332 803.0 
80.344 804.0 
0.005 805.0 
0.006 806.0 
0.0 807.0 
0.0 808.0 
0.008 809.0 
0.007 810.0 
-0.001 811.0 
0.011 812.0 
0.002 813.0 
-0.001 814.0 
0.002 815.0 
0.013 816.0 
0.0 817.0 
-0.004 818.0 
-0.002 819.0 
-0.005 820.0 
-0.01 821.0 
0.0 822.0 
-0.006 823.0 
-0.014 824.0 
-0.01 825.0 
-0.007 826.0 
-0.018 827.0 
-0.013 828.0 
-0.013 829.0 
