-0.054 257.0 
-0.048 258.0 
-0.032 259.0 
-0.059 260.0 
-0.053 261.0 
-0.026 262.0 
-0.052 263.0 
-0.065 264.0 
-0.062 265.0 
-0.06 266.0 
-0.034 267.0 
-0.046 268.0 
-0.036 269.0 
-0.035 270.0 
-0.028 271.0 
-0.031 272.0 
-0.029 273.0 
-0.041 274.0 
147.058 275.0 
143.601 276.0 
142.223 277.0 
140.576 278.0 
138.765 279.0 
136.348 280.0 
134.257 281.0 
131.816 282.0 
128.826 283.0 
127.214 284.0 
126.759 285.0 
126.455 286.0 
126.198 287.0 
125.93 288.0 
125.649 289.0 
125.439 290.0 
124.902 291.0 
124.727 292.0 
124.54 293.0 
124.505 294.0 
123.932 295.0 
123.816 296.0 
123.734 297.0 
123.208 298.0 
122.963 299.0 
122.905 300.0 
122.367 301.0 
122.286 302.0 
121.877 303.0 
121.76 304.0 
121.702 305.0 
121.071 306.0 
119.961 307.0 
117.929 308.0 
115.523 309.0 
112.288 310.0 
109.006 311.0 
105.28 312.0 
101.706 313.0 
97.56 314.0 
93.659 315.0 
89.501 316.0 
85.787 317.0 
83.007 318.0 
82.879 319.0 
82.61 320.0 
82.668 321.0 
82.47 322.0 
82.411 323.0 
82.446 324.0 
82.411 325.0 
82.26 326.0 
82.423 327.0 
82.318 328.0 
82.47 329.0 
82.411 330.0 
82.341 331.0 
82.423 332.0 
82.458 333.0 
82.341 334.0 
82.365 335.0 
82.376 336.0 
82.376 337.0 
82.295 338.0 
82.481 339.0 
82.353 340.0 
82.33 341.0 
82.33 342.0 
82.295 343.0 
82.341 344.0 
82.33 345.0 
82.318 346.0 
82.26 347.0 
82.295 348.0 
82.411 349.0 
82.365 350.0 
82.283 351.0 
82.365 352.0 
82.33 353.0 
82.224 354.0 
82.4 355.0 
82.318 356.0 
82.388 357.0 
82.341 358.0 
82.376 359.0 
82.353 360.0 
82.4 361.0 
82.318 362.0 
82.33 363.0 
82.283 364.0 
82.33 365.0 
82.341 366.0 
82.411 367.0 
82.318 368.0 
82.295 369.0 
82.33 370.0 
82.353 371.0 
82.423 372.0 
82.388 373.0 
82.435 374.0 
82.388 375.0 
82.657 376.0 
82.26 377.0 
82.33 378.0 
82.341 379.0 
82.33 380.0 
82.295 381.0 
82.446 382.0 
82.341 383.0 
82.33 384.0 
82.295 385.0 
82.376 386.0 
82.306 387.0 
82.318 388.0 
82.353 389.0 
82.353 390.0 
82.33 391.0 
82.33 392.0 
82.4 393.0 
82.283 394.0 
82.353 395.0 
82.446 396.0 
82.283 397.0 
82.353 398.0 
82.236 399.0 
82.26 400.0 
82.388 401.0 
82.353 402.0 
82.435 403.0 
82.388 404.0 
82.33 405.0 
82.283 406.0 
82.341 407.0 
82.283 408.0 
82.341 409.0 
82.26 410.0 
82.33 411.0 
82.388 412.0 
82.785 413.0 
82.411 414.0 
82.306 415.0 
82.341 416.0 
82.271 417.0 
82.458 418.0 
82.376 419.0 
82.295 420.0 
82.318 421.0 
82.33 422.0 
82.365 423.0 
82.306 424.0 
82.341 425.0 
82.365 426.0 
82.365 427.0 
82.306 428.0 
82.306 429.0 
82.295 430.0 
82.353 431.0 
82.388 432.0 
82.435 433.0 
82.26 434.0 
82.271 435.0 
82.318 436.0 
82.435 437.0 
82.248 438.0 
82.295 439.0 
82.306 440.0 
82.306 441.0 
82.271 442.0 
82.306 443.0 
82.295 444.0 
82.283 445.0 
82.26 446.0 
82.423 447.0 
82.388 448.0 
82.388 449.0 
82.738 450.0 
82.318 451.0 
82.283 452.0 
82.26 453.0 
82.236 454.0 
82.353 455.0 
82.353 456.0 
82.283 457.0 
82.248 458.0 
82.341 459.0 
82.376 460.0 
82.318 461.0 
82.271 462.0 
82.388 463.0 
82.318 464.0 
82.341 465.0 
82.365 466.0 
82.353 467.0 
82.26 468.0 
82.33 469.0 
82.283 470.0 
82.33 471.0 
82.341 472.0 
82.411 473.0 
82.295 474.0 
82.4 475.0 
82.283 476.0 
82.224 477.0 
82.295 478.0 
82.224 479.0 
82.306 480.0 
82.388 481.0 
82.295 482.0 
82.376 483.0 
82.26 484.0 
82.365 485.0 
82.295 486.0 
82.318 487.0 
82.388 488.0 
82.353 489.0 
82.306 490.0 
82.353 491.0 
82.341 492.0 
82.318 493.0 
82.353 494.0 
82.26 495.0 
82.213 496.0 
82.33 497.0 
82.33 498.0 
82.213 499.0 
82.224 500.0 
82.306 501.0 
82.365 502.0 
82.189 503.0 
82.224 504.0 
82.271 505.0 
82.26 506.0 
82.365 507.0 
82.68 508.0 
82.213 509.0 
82.236 510.0 
82.224 511.0 
82.283 512.0 
82.318 513.0 
82.341 514.0 
82.33 515.0 
82.33 516.0 
82.33 517.0 
82.178 518.0 
82.119 519.0 
82.189 520.0 
82.189 521.0 
82.236 522.0 
82.189 523.0 
82.154 524.0 
82.224 525.0 
82.201 526.0 
82.189 527.0 
82.154 528.0 
82.154 529.0 
82.131 530.0 
82.108 531.0 
82.26 532.0 
82.295 533.0 
82.189 534.0 
82.224 535.0 
82.166 536.0 
82.131 537.0 
82.084 538.0 
82.014 539.0 
81.991 540.0 
82.131 541.0 
82.096 542.0 
82.014 543.0 
81.968 544.0 
81.932 545.0 
81.897 546.0 
82.026 547.0 
81.979 548.0 
81.909 549.0 
81.851 550.0 
81.827 551.0 
81.944 552.0 
81.909 553.0 
81.781 554.0 
81.792 555.0 
81.921 556.0 
81.862 557.0 
81.874 558.0 
81.535 559.0 
81.862 560.0 
81.816 561.0 
81.781 562.0 
81.897 563.0 
81.792 564.0 
81.746 565.0 
81.886 566.0 
81.921 567.0 
81.757 568.0 
81.886 569.0 
81.804 570.0 
81.944 571.0 
81.851 572.0 
81.816 573.0 
81.816 574.0 
81.781 575.0 
81.874 576.0 
81.839 577.0 
81.839 578.0 
81.921 579.0 
81.827 580.0 
81.944 581.0 
81.874 582.0 
81.921 583.0 
81.909 584.0 
82.014 585.0 
81.944 586.0 
81.804 587.0 
81.909 588.0 
81.851 589.0 
81.932 590.0 
81.792 591.0 
81.921 592.0 
81.827 593.0 
81.839 594.0 
81.839 595.0 
81.932 596.0 
81.792 597.0 
81.909 598.0 
81.792 599.0 
81.851 600.0 
81.968 601.0 
81.851 602.0 
81.968 603.0 
81.851 604.0 
81.932 605.0 
81.851 606.0 
81.909 607.0 
81.781 608.0 
81.886 609.0 
81.956 610.0 
81.816 611.0 
81.944 612.0 
81.792 613.0 
81.897 614.0 
81.816 615.0 
81.874 616.0 
81.932 617.0 
81.792 618.0 
81.874 619.0 
81.535 620.0 
81.851 621.0 
81.897 622.0 
81.792 623.0 
81.839 624.0 
81.944 625.0 
81.804 626.0 
81.886 627.0 
81.944 628.0 
81.827 629.0 
81.862 630.0 
81.968 631.0 
81.769 632.0 
81.909 633.0 
81.979 634.0 
81.804 635.0 
81.886 636.0 
81.932 637.0 
81.816 638.0 
81.862 639.0 
81.932 640.0 
81.792 641.0 
81.839 642.0 
81.909 643.0 
81.757 644.0 
81.816 645.0 
81.886 646.0 
81.944 647.0 
81.816 648.0 
81.862 649.0 
81.921 650.0 
81.769 651.0 
81.816 652.0 
81.886 653.0 
81.932 654.0 
81.769 655.0 
81.839 656.0 
81.874 657.0 
81.944 658.0 
81.839 659.0 
81.886 660.0 
81.886 661.0 
81.968 662.0 
81.804 663.0 
81.886 664.0 
81.909 665.0 
81.968 666.0 
81.781 667.0 
81.874 668.0 
81.897 669.0 
81.944 670.0 
81.792 671.0 
81.816 672.0 
81.862 673.0 
81.897 674.0 
81.956 675.0 
81.769 676.0 
81.827 677.0 
81.851 678.0 
81.804 679.0 
81.921 680.0 
81.757 681.0 
81.804 682.0 
81.862 683.0 
81.897 684.0 
81.909 685.0 
81.956 686.0 
81.792 687.0 
81.851 688.0 
81.886 689.0 
81.886 690.0 
81.909 691.0 
81.991 692.0 
81.781 693.0 
81.804 694.0 
81.827 695.0 
81.862 696.0 
81.932 697.0 
81.886 698.0 
81.687 699.0 
81.769 700.0 
81.804 701.0 
81.862 702.0 
81.886 703.0 
81.886 704.0 
81.932 705.0 
81.956 706.0 
81.792 707.0 
81.792 708.0 
81.839 709.0 
81.851 710.0 
81.862 711.0 
81.909 712.0 
81.921 713.0 
81.921 714.0 
81.804 715.0 
81.781 716.0 
81.792 717.0 
81.816 718.0 
81.851 719.0 
81.886 720.0 
81.862 721.0 
81.897 722.0 
81.897 723.0 
81.921 724.0 
81.956 725.0 
81.769 726.0 
81.792 727.0 
81.816 728.0 
81.851 729.0 
81.851 730.0 
81.886 731.0 
81.886 732.0 
81.909 733.0 
81.886 734.0 
81.886 735.0 
81.897 736.0 
81.932 737.0 
81.944 738.0 
81.944 739.0 
81.757 740.0 
81.781 741.0 
81.746 742.0 
81.757 743.0 
81.804 744.0 
81.804 745.0 
81.816 746.0 
81.827 747.0 
81.804 748.0 
81.816 749.0 
81.839 750.0 
81.827 751.0 
81.827 752.0 
81.851 753.0 
81.839 754.0 
81.827 755.0 
81.874 756.0 
81.851 757.0 
81.874 758.0 
81.851 759.0 
81.862 760.0 
81.909 761.0 
81.874 762.0 
81.874 763.0 
81.897 764.0 
81.874 765.0 
81.874 766.0 
81.897 767.0 
81.886 768.0 
81.897 769.0 
81.886 770.0 
81.874 771.0 
81.874 772.0 
81.909 773.0 
81.851 774.0 
81.874 775.0 
81.874 776.0 
81.886 777.0 
81.839 778.0 
81.862 779.0 
81.886 780.0 
81.862 781.0 
81.886 782.0 
81.851 783.0 
81.874 784.0 
81.862 785.0 
81.886 786.0 
81.862 787.0 
81.851 788.0 
81.862 789.0 
81.839 790.0 
81.851 791.0 
81.839 792.0 
81.874 793.0 
81.897 794.0 
81.874 795.0 
81.897 796.0 
81.862 797.0 
81.839 798.0 
81.897 799.0 
81.886 800.0 
81.862 801.0 
81.874 802.0 
81.897 803.0 
81.874 804.0 
0.005 805.0 
0.008 806.0 
-0.001 807.0 
-0.001 808.0 
-0.005 809.0 
-0.013 810.0 
-0.013 811.0 
-0.014 812.0 
-0.017 813.0 
-0.034 814.0 
-0.046 815.0 
-0.038 816.0 
-0.047 817.0 
-0.053 818.0 
-0.06 819.0 
-0.059 820.0 
-0.061 821.0 
-0.062 822.0 
-0.05 823.0 
-0.056 824.0 
-0.06 825.0 
-0.044 826.0 
-0.042 827.0 
-0.042 828.0 
-0.04 829.0 
