-0.014 257.0 
-0.03 258.0 
-0.078 259.0 
-0.024 260.0 
-0.008 261.0 
-0.012 262.0 
-0.018 263.0 
-0.029 264.0 
-0.006 265.0 
0.002 266.0 
-0.019 267.0 
-0.035 268.0 
-0.014 269.0 
-0.035 270.0 
-0.026 271.0 
-0.025 272.0 
-0.017 273.0 
-0.023 274.0 
141.744 275.0 
138.847 276.0 
137.983 277.0 
136.792 278.0 
135.378 279.0 
133.428 280.0 
131.816 281.0 
129.574 282.0 
126.479 283.0 
125.182 284.0 
124.867 285.0 
124.61 286.0 
124.411 287.0 
124.154 288.0 
123.921 289.0 
123.197 290.0 
123.185 291.0 
122.998 292.0 
122.834 293.0 
122.764 294.0 
122.227 295.0 
122.075 296.0 
122.04 297.0 
121.538 298.0 
121.339 299.0 
121.269 300.0 
120.732 301.0 
120.639 302.0 
120.113 303.0 
120.008 304.0 
119.891 305.0 
119.261 306.0 
118.221 307.0 
116.154 308.0 
113.783 309.0 
110.454 310.0 
107.289 311.0 
103.33 312.0 
99.429 313.0 
95.247 314.0 
91.229 315.0 
87.153 316.0 
83.427 317.0 
80.624 318.0 
80.508 319.0 
80.297 320.0 
80.192 321.0 
80.157 322.0 
80.04 323.0 
80.099 324.0 
80.017 325.0 
79.959 326.0 
80.052 327.0 
79.959 328.0 
80.356 329.0 
80.052 330.0 
80.029 331.0 
80.204 332.0 
80.099 333.0 
80.017 334.0 
79.982 335.0 
80.04 336.0 
80.04 337.0 
79.947 338.0 
80.157 339.0 
80.005 340.0 
80.04 341.0 
79.994 342.0 
80.192 343.0 
80.029 344.0 
79.982 345.0 
79.959 346.0 
79.959 347.0 
80.005 348.0 
80.04 349.0 
80.017 350.0 
79.97 351.0 
80.029 352.0 
79.994 353.0 
79.947 354.0 
79.912 355.0 
80.04 356.0 
80.099 357.0 
80.029 358.0 
80.11 359.0 
80.04 360.0 
80.11 361.0 
79.994 362.0 
80.017 363.0 
79.924 364.0 
79.959 365.0 
80.04 366.0 
80.029 367.0 
79.935 368.0 
79.97 369.0 
80.029 370.0 
80.029 371.0 
80.029 372.0 
80.064 373.0 
80.075 374.0 
80.075 375.0 
80.309 376.0 
79.935 377.0 
79.982 378.0 
80.017 379.0 
80.005 380.0 
80.005 381.0 
80.11 382.0 
79.982 383.0 
79.982 384.0 
79.959 385.0 
80.052 386.0 
79.97 387.0 
79.947 388.0 
80.017 389.0 
80.017 390.0 
80.017 391.0 
79.994 392.0 
80.099 393.0 
79.935 394.0 
80.04 395.0 
80.11 396.0 
79.935 397.0 
80.017 398.0 
79.935 399.0 
79.947 400.0 
80.075 401.0 
80.052 402.0 
80.075 403.0 
80.052 404.0 
80.005 405.0 
79.924 406.0 
79.982 407.0 
79.912 408.0 
80.04 409.0 
79.935 410.0 
79.994 411.0 
80.052 412.0 
80.461 413.0 
80.052 414.0 
79.97 415.0 
80.04 416.0 
79.924 417.0 
80.099 418.0 
80.017 419.0 
79.959 420.0 
80.017 421.0 
80.029 422.0 
80.064 423.0 
79.982 424.0 
79.994 425.0 
80.04 426.0 
80.064 427.0 
79.982 428.0 
80.005 429.0 
79.97 430.0 
80.017 431.0 
80.04 432.0 
80.075 433.0 
79.935 434.0 
79.959 435.0 
79.994 436.0 
80.087 437.0 
79.924 438.0 
79.935 439.0 
79.994 440.0 
80.017 441.0 
79.994 442.0 
79.982 443.0 
79.947 444.0 
79.947 445.0 
79.935 446.0 
80.029 447.0 
80.04 448.0 
80.029 449.0 
80.379 450.0 
79.97 451.0 
79.97 452.0 
79.924 453.0 
79.924 454.0 
80.04 455.0 
80.005 456.0 
79.959 457.0 
79.935 458.0 
80.017 459.0 
80.064 460.0 
80.005 461.0 
79.982 462.0 
80.064 463.0 
79.994 464.0 
80.005 465.0 
80.04 466.0 
79.982 467.0 
79.9 468.0 
80.005 469.0 
79.947 470.0 
79.982 471.0 
79.982 472.0 
80.052 473.0 
79.994 474.0 
80.064 475.0 
80.04 476.0 
79.889 477.0 
79.982 478.0 
79.935 479.0 
79.982 480.0 
80.087 481.0 
79.947 482.0 
80.017 483.0 
79.947 484.0 
79.994 485.0 
79.935 486.0 
79.889 487.0 
80.052 488.0 
79.97 489.0 
80.005 490.0 
80.017 491.0 
79.959 492.0 
80.029 493.0 
80.04 494.0 
79.935 495.0 
79.9 496.0 
79.994 497.0 
80.052 498.0 
79.935 499.0 
79.97 500.0 
80.005 501.0 
80.029 502.0 
79.865 503.0 
79.935 504.0 
79.947 505.0 
79.959 506.0 
80.029 507.0 
80.274 508.0 
79.865 509.0 
79.9 510.0 
79.947 511.0 
79.959 512.0 
79.982 513.0 
79.982 514.0 
80.005 515.0 
80.017 516.0 
80.017 517.0 
79.818 518.0 
79.842 519.0 
79.854 520.0 
79.889 521.0 
79.865 522.0 
79.854 523.0 
79.877 524.0 
79.83 525.0 
79.842 526.0 
79.83 527.0 
79.772 528.0 
79.795 529.0 
79.783 530.0 
79.737 531.0 
79.912 532.0 
79.912 533.0 
79.854 534.0 
79.854 535.0 
79.807 536.0 
79.725 537.0 
79.713 538.0 
79.632 539.0 
79.643 540.0 
79.737 541.0 
79.69 542.0 
79.655 543.0 
79.608 544.0 
79.573 545.0 
79.55 546.0 
79.655 547.0 
79.597 548.0 
79.526 549.0 
79.515 550.0 
79.456 551.0 
79.526 552.0 
79.468 553.0 
79.468 554.0 
79.433 555.0 
79.562 556.0 
79.503 557.0 
79.468 558.0 
79.176 559.0 
79.55 560.0 
79.468 561.0 
79.41 562.0 
79.526 563.0 
79.491 564.0 
79.386 565.0 
79.515 566.0 
79.515 567.0 
79.386 568.0 
79.503 569.0 
79.433 570.0 
79.55 571.0 
79.433 572.0 
79.421 573.0 
79.503 574.0 
79.433 575.0 
79.585 576.0 
79.445 577.0 
79.468 578.0 
79.55 579.0 
79.491 580.0 
79.597 581.0 
79.538 582.0 
79.515 583.0 
79.503 584.0 
79.643 585.0 
79.515 586.0 
79.456 587.0 
79.515 588.0 
79.48 589.0 
79.526 590.0 
79.468 591.0 
79.515 592.0 
79.456 593.0 
79.55 594.0 
79.433 595.0 
79.515 596.0 
79.445 597.0 
79.55 598.0 
79.491 599.0 
79.503 600.0 
79.608 601.0 
79.515 602.0 
79.573 603.0 
79.515 604.0 
79.573 605.0 
79.48 606.0 
79.526 607.0 
79.445 608.0 
79.48 609.0 
79.562 610.0 
79.491 611.0 
79.55 612.0 
79.456 613.0 
79.55 614.0 
79.445 615.0 
79.491 616.0 
79.573 617.0 
79.445 618.0 
79.55 619.0 
79.258 620.0 
79.491 621.0 
79.562 622.0 
79.433 623.0 
79.491 624.0 
79.562 625.0 
79.433 626.0 
79.526 627.0 
79.55 628.0 
79.468 629.0 
79.48 630.0 
79.562 631.0 
79.421 632.0 
79.538 633.0 
79.585 634.0 
79.468 635.0 
79.573 636.0 
79.573 637.0 
79.468 638.0 
79.515 639.0 
79.562 640.0 
79.433 641.0 
79.48 642.0 
79.55 643.0 
79.41 644.0 
79.468 645.0 
79.503 646.0 
79.585 647.0 
79.41 648.0 
79.48 649.0 
79.538 650.0 
79.41 651.0 
79.468 652.0 
79.515 653.0 
79.573 654.0 
79.468 655.0 
79.48 656.0 
79.503 657.0 
79.562 658.0 
79.468 659.0 
79.48 660.0 
79.573 661.0 
79.597 662.0 
79.41 663.0 
79.468 664.0 
79.526 665.0 
79.597 666.0 
79.421 667.0 
79.48 668.0 
79.526 669.0 
79.573 670.0 
79.445 671.0 
79.456 672.0 
79.503 673.0 
79.538 674.0 
79.526 675.0 
79.445 676.0 
79.468 677.0 
79.526 678.0 
79.55 679.0 
79.585 680.0 
79.468 681.0 
79.421 682.0 
79.48 683.0 
79.515 684.0 
79.562 685.0 
79.597 686.0 
79.41 687.0 
79.491 688.0 
79.491 689.0 
79.515 690.0 
79.55 691.0 
79.597 692.0 
79.41 693.0 
79.433 694.0 
79.491 695.0 
79.526 696.0 
79.562 697.0 
79.573 698.0 
79.305 699.0 
79.456 700.0 
79.48 701.0 
79.468 702.0 
79.503 703.0 
79.515 704.0 
79.538 705.0 
79.585 706.0 
79.421 707.0 
79.421 708.0 
79.445 709.0 
79.491 710.0 
79.48 711.0 
79.503 712.0 
79.55 713.0 
79.585 714.0 
79.632 715.0 
79.421 716.0 
79.456 717.0 
79.48 718.0 
79.48 719.0 
79.491 720.0 
79.538 721.0 
79.538 722.0 
79.55 723.0 
79.538 724.0 
79.55 725.0 
79.421 726.0 
79.386 727.0 
79.445 728.0 
79.456 729.0 
79.456 730.0 
79.491 731.0 
79.503 732.0 
79.538 733.0 
79.55 734.0 
79.538 735.0 
79.538 736.0 
79.526 737.0 
79.573 738.0 
79.234 739.0 
79.398 740.0 
79.421 741.0 
79.421 742.0 
79.421 743.0 
79.445 744.0 
79.421 745.0 
79.433 746.0 
79.456 747.0 
79.433 748.0 
79.456 749.0 
79.491 750.0 
79.468 751.0 
79.456 752.0 
79.468 753.0 
79.48 754.0 
79.503 755.0 
79.503 756.0 
79.48 757.0 
79.48 758.0 
79.491 759.0 
79.503 760.0 
79.538 761.0 
79.515 762.0 
79.526 763.0 
79.526 764.0 
79.515 765.0 
79.503 766.0 
79.55 767.0 
79.491 768.0 
79.526 769.0 
79.526 770.0 
79.538 771.0 
79.491 772.0 
79.503 773.0 
79.55 774.0 
79.491 775.0 
79.515 776.0 
79.503 777.0 
79.526 778.0 
79.526 779.0 
79.526 780.0 
79.491 781.0 
79.503 782.0 
79.503 783.0 
79.491 784.0 
79.48 785.0 
79.503 786.0 
79.526 787.0 
79.456 788.0 
79.503 789.0 
79.515 790.0 
79.515 791.0 
79.515 792.0 
79.503 793.0 
79.538 794.0 
79.538 795.0 
79.538 796.0 
79.515 797.0 
79.526 798.0 
79.503 799.0 
79.515 800.0 
79.503 801.0 
79.503 802.0 
79.538 803.0 
79.515 804.0 
0.0 805.0 
0.007 806.0 
0.004 807.0 
-0.002 808.0 
0.0 809.0 
-0.002 810.0 
-0.016 811.0 
0.0 812.0 
-0.007 813.0 
-0.012 814.0 
-0.01 815.0 
-0.006 816.0 
-0.001 817.0 
-0.014 818.0 
-0.008 819.0 
-0.014 820.0 
-0.006 821.0 
-0.018 822.0 
-0.008 823.0 
-0.011 824.0 
-0.013 825.0 
-0.013 826.0 
-0.011 827.0 
-0.024 828.0 
-0.02 829.0 
