-0.018 257.0 
-0.035 258.0 
-0.069 259.0 
-0.04 260.0 
-0.025 261.0 
-0.014 262.0 
-0.042 263.0 
-0.042 264.0 
-0.04 265.0 
-0.031 266.0 
-0.028 267.0 
-0.038 268.0 
-0.048 269.0 
-0.053 270.0 
-0.019 271.0 
-0.036 272.0 
-0.028 273.0 
-0.046 274.0 
133.031 275.0 
130.496 276.0 
129.282 277.0 
127.903 278.0 
126.187 279.0 
124.388 280.0 
122.753 281.0 
120.405 282.0 
118.011 283.0 
116.738 284.0 
116.306 285.0 
115.99 286.0 
115.803 287.0 
115.558 288.0 
115.301 289.0 
114.74 290.0 
114.647 291.0 
114.542 292.0 
114.39 293.0 
113.97 294.0 
113.806 295.0 
113.701 296.0 
113.701 297.0 
113.199 298.0 
113.059 299.0 
112.848 300.0 
112.533 301.0 
112.463 302.0 
111.972 303.0 
111.844 304.0 
111.575 305.0 
111.026 306.0 
109.882 307.0 
107.814 308.0 
105.607 309.0 
102.675 310.0 
99.919 311.0 
96.707 312.0 
93.542 313.0 
89.793 314.0 
86.511 315.0 
83.042 316.0 
79.959 317.0 
77.576 318.0 
77.471 319.0 
77.261 320.0 
77.12 321.0 
77.097 322.0 
77.062 323.0 
77.097 324.0 
77.062 325.0 
76.945 326.0 
77.074 327.0 
76.98 328.0 
77.05 329.0 
77.074 330.0 
77.004 331.0 
77.085 332.0 
77.097 333.0 
77.004 334.0 
76.934 335.0 
77.039 336.0 
77.05 337.0 
76.934 338.0 
77.144 339.0 
77.027 340.0 
77.015 341.0 
77.004 342.0 
77.039 343.0 
77.039 344.0 
77.015 345.0 
76.969 346.0 
76.98 347.0 
77.015 348.0 
77.027 349.0 
77.027 350.0 
76.992 351.0 
76.992 352.0 
76.98 353.0 
76.91 354.0 
76.969 355.0 
77.004 356.0 
77.074 357.0 
77.015 358.0 
77.074 359.0 
77.039 360.0 
77.015 361.0 
76.98 362.0 
76.992 363.0 
76.969 364.0 
76.98 365.0 
77.004 366.0 
77.015 367.0 
76.969 368.0 
77.015 369.0 
76.992 370.0 
77.062 371.0 
77.05 372.0 
77.039 373.0 
77.039 374.0 
77.05 375.0 
77.191 376.0 
76.957 377.0 
76.992 378.0 
77.015 379.0 
77.015 380.0 
77.015 381.0 
77.074 382.0 
77.015 383.0 
76.98 384.0 
76.992 385.0 
77.039 386.0 
76.98 387.0 
76.91 388.0 
77.027 389.0 
77.027 390.0 
77.05 391.0 
77.004 392.0 
77.062 393.0 
76.945 394.0 
77.027 395.0 
77.085 396.0 
76.957 397.0 
77.027 398.0 
76.864 399.0 
76.945 400.0 
77.062 401.0 
77.004 402.0 
77.109 403.0 
77.027 404.0 
76.969 405.0 
76.934 406.0 
77.015 407.0 
76.969 408.0 
77.015 409.0 
76.945 410.0 
77.004 411.0 
77.05 412.0 
77.529 413.0 
77.05 414.0 
76.969 415.0 
76.992 416.0 
76.945 417.0 
77.085 418.0 
77.015 419.0 
76.957 420.0 
76.969 421.0 
77.004 422.0 
77.062 423.0 
76.969 424.0 
76.992 425.0 
77.015 426.0 
77.074 427.0 
76.957 428.0 
76.934 429.0 
76.98 430.0 
77.039 431.0 
77.062 432.0 
77.05 433.0 
76.934 434.0 
76.945 435.0 
76.969 436.0 
77.004 437.0 
76.98 438.0 
76.969 439.0 
76.98 440.0 
77.004 441.0 
76.98 442.0 
77.015 443.0 
76.98 444.0 
76.934 445.0 
76.899 446.0 
77.062 447.0 
77.05 448.0 
77.039 449.0 
77.389 450.0 
77.004 451.0 
76.969 452.0 
76.922 453.0 
76.922 454.0 
77.015 455.0 
76.899 456.0 
76.957 457.0 
76.957 458.0 
77.015 459.0 
77.074 460.0 
76.98 461.0 
76.957 462.0 
77.062 463.0 
76.98 464.0 
77.004 465.0 
77.062 466.0 
77.015 467.0 
76.91 468.0 
76.992 469.0 
76.934 470.0 
76.945 471.0 
77.004 472.0 
76.887 473.0 
76.945 474.0 
77.05 475.0 
76.969 476.0 
76.899 477.0 
76.969 478.0 
76.91 479.0 
76.992 480.0 
77.039 481.0 
76.957 482.0 
77.05 483.0 
76.969 484.0 
77.027 485.0 
76.945 486.0 
76.957 487.0 
77.027 488.0 
76.957 489.0 
77.004 490.0 
77.05 491.0 
76.98 492.0 
76.969 493.0 
77.015 494.0 
76.969 495.0 
76.91 496.0 
76.969 497.0 
77.004 498.0 
76.899 499.0 
76.934 500.0 
77.004 501.0 
77.004 502.0 
76.899 503.0 
76.945 504.0 
76.969 505.0 
76.98 506.0 
76.934 507.0 
77.05 508.0 
76.864 509.0 
76.957 510.0 
76.945 511.0 
77.004 512.0 
76.969 513.0 
76.992 514.0 
76.957 515.0 
76.957 516.0 
77.366 517.0 
76.77 518.0 
76.828 519.0 
76.875 520.0 
76.84 521.0 
76.875 522.0 
76.864 523.0 
76.899 524.0 
76.875 525.0 
76.864 526.0 
76.887 527.0 
76.817 528.0 
76.828 529.0 
76.817 530.0 
76.84 531.0 
76.969 532.0 
76.922 533.0 
76.84 534.0 
76.875 535.0 
76.875 536.0 
76.828 537.0 
76.77 538.0 
76.758 539.0 
76.723 540.0 
76.84 541.0 
76.723 542.0 
76.747 543.0 
76.723 544.0 
76.7 545.0 
76.642 546.0 
76.747 547.0 
76.712 548.0 
76.653 549.0 
76.595 550.0 
76.548 551.0 
76.688 552.0 
76.63 553.0 
76.63 554.0 
76.572 555.0 
76.7 556.0 
76.63 557.0 
76.583 558.0 
76.221 559.0 
76.642 560.0 
76.607 561.0 
76.536 562.0 
76.653 563.0 
76.583 564.0 
76.501 565.0 
76.642 566.0 
76.642 567.0 
76.548 568.0 
76.618 569.0 
76.56 570.0 
76.7 571.0 
76.607 572.0 
76.548 573.0 
76.607 574.0 
76.595 575.0 
76.934 576.0 
76.583 577.0 
76.618 578.0 
76.712 579.0 
76.63 580.0 
76.712 581.0 
76.642 582.0 
76.712 583.0 
76.677 584.0 
76.747 585.0 
76.688 586.0 
76.607 587.0 
76.653 588.0 
76.618 589.0 
76.677 590.0 
76.607 591.0 
76.688 592.0 
76.583 593.0 
76.642 594.0 
76.583 595.0 
76.607 596.0 
76.548 597.0 
76.665 598.0 
76.583 599.0 
76.653 600.0 
76.735 601.0 
76.642 602.0 
76.688 603.0 
76.618 604.0 
76.712 605.0 
76.595 606.0 
76.712 607.0 
76.595 608.0 
76.618 609.0 
76.735 610.0 
76.618 611.0 
76.7 612.0 
76.595 613.0 
76.665 614.0 
76.548 615.0 
76.618 616.0 
76.688 617.0 
76.525 618.0 
76.677 619.0 
76.455 620.0 
76.607 621.0 
76.677 622.0 
76.56 623.0 
76.642 624.0 
76.712 625.0 
76.607 626.0 
76.688 627.0 
76.723 628.0 
76.583 629.0 
76.653 630.0 
76.723 631.0 
76.63 632.0 
76.665 633.0 
76.957 634.0 
76.607 635.0 
76.653 636.0 
76.677 637.0 
76.572 638.0 
76.63 639.0 
76.712 640.0 
76.595 641.0 
76.583 642.0 
76.665 643.0 
76.572 644.0 
76.595 645.0 
76.642 646.0 
76.7 647.0 
76.572 648.0 
76.595 649.0 
76.677 650.0 
76.548 651.0 
76.56 652.0 
76.63 653.0 
76.665 654.0 
76.56 655.0 
76.595 656.0 
76.63 657.0 
76.665 658.0 
76.595 659.0 
76.653 660.0 
76.665 661.0 
76.677 662.0 
76.583 663.0 
76.618 664.0 
76.677 665.0 
76.7 666.0 
76.583 667.0 
76.618 668.0 
76.688 669.0 
76.7 670.0 
76.548 671.0 
76.595 672.0 
76.642 673.0 
76.653 674.0 
76.665 675.0 
76.548 676.0 
76.63 677.0 
76.642 678.0 
76.653 679.0 
76.712 680.0 
76.536 681.0 
76.572 682.0 
76.63 683.0 
76.677 684.0 
76.723 685.0 
76.758 686.0 
76.572 687.0 
76.595 688.0 
76.63 689.0 
76.665 690.0 
76.723 691.0 
76.723 692.0 
76.548 693.0 
76.56 694.0 
76.618 695.0 
76.642 696.0 
76.677 697.0 
76.7 698.0 
76.49 699.0 
76.56 700.0 
76.595 701.0 
76.583 702.0 
76.63 703.0 
76.653 704.0 
76.63 705.0 
76.7 706.0 
76.56 707.0 
76.572 708.0 
76.595 709.0 
76.618 710.0 
76.677 711.0 
76.653 712.0 
76.688 713.0 
76.712 714.0 
76.572 715.0 
76.548 716.0 
76.572 717.0 
76.642 718.0 
76.607 719.0 
76.607 720.0 
76.63 721.0 
76.688 722.0 
76.677 723.0 
76.735 724.0 
76.735 725.0 
76.548 726.0 
76.56 727.0 
76.595 728.0 
76.607 729.0 
76.618 730.0 
76.642 731.0 
76.63 732.0 
76.665 733.0 
76.63 734.0 
76.677 735.0 
76.677 736.0 
76.712 737.0 
76.7 738.0 
76.478 739.0 
76.525 740.0 
76.536 741.0 
76.56 742.0 
76.595 743.0 
76.56 744.0 
76.595 745.0 
76.583 746.0 
76.607 747.0 
76.583 748.0 
76.595 749.0 
76.583 750.0 
76.607 751.0 
76.618 752.0 
76.607 753.0 
76.63 754.0 
76.607 755.0 
76.63 756.0 
76.63 757.0 
76.63 758.0 
76.63 759.0 
76.63 760.0 
76.653 761.0 
76.653 762.0 
76.653 763.0 
76.642 764.0 
76.665 765.0 
76.653 766.0 
76.653 767.0 
76.688 768.0 
76.653 769.0 
76.653 770.0 
76.653 771.0 
76.665 772.0 
76.63 773.0 
76.63 774.0 
76.653 775.0 
76.677 776.0 
76.653 777.0 
76.665 778.0 
76.665 779.0 
76.665 780.0 
76.63 781.0 
76.63 782.0 
76.653 783.0 
76.618 784.0 
76.653 785.0 
76.665 786.0 
76.63 787.0 
76.642 788.0 
76.653 789.0 
76.665 790.0 
76.653 791.0 
76.665 792.0 
76.642 793.0 
76.653 794.0 
76.618 795.0 
76.583 796.0 
76.63 797.0 
76.618 798.0 
76.618 799.0 
76.642 800.0 
76.653 801.0 
76.642 802.0 
76.618 803.0 
76.607 804.0 
0.008 805.0 
0.004 806.0 
0.004 807.0 
0.0 808.0 
0.005 809.0 
0.004 810.0 
0.006 811.0 
0.007 812.0 
0.004 813.0 
-0.004 814.0 
-0.001 815.0 
0.006 816.0 
-0.002 817.0 
-0.004 818.0 
0.0 819.0 
-0.002 820.0 
-0.008 821.0 
-0.001 822.0 
-0.004 823.0 
-0.016 824.0 
-0.018 825.0 
-0.007 826.0 
-0.018 827.0 
-0.02 828.0 
-0.011 829.0 
