-0.031 257.0 
-0.023 258.0 
-0.031 259.0 
-0.043 260.0 
-0.052 261.0 
-0.026 262.0 
-0.053 263.0 
-0.04 264.0 
-0.036 265.0 
-0.041 266.0 
-0.036 267.0 
-0.036 268.0 
-0.044 269.0 
-0.04 270.0 
-0.032 271.0 
-0.019 272.0 
-0.026 273.0 
-0.032 274.0 
148.121 275.0 
144.734 276.0 
143.577 277.0 
142.153 278.0 
140.599 279.0 
138.38 280.0 
136.558 281.0 
134.269 282.0 
131.407 283.0 
129.901 284.0 
129.539 285.0 
129.13 286.0 
128.885 287.0 
128.639 288.0 
128.324 289.0 
128.09 290.0 
127.495 291.0 
127.273 292.0 
127.074 293.0 
126.992 294.0 
126.432 295.0 
126.268 296.0 
126.198 297.0 
125.649 298.0 
125.474 299.0 
125.381 300.0 
124.808 301.0 
124.727 302.0 
124.236 303.0 
124.108 304.0 
124.049 305.0 
123.337 306.0 
122.157 307.0 
119.938 308.0 
117.24 309.0 
113.479 310.0 
109.695 311.0 
105.338 312.0 
101.379 313.0 
96.941 314.0 
92.783 315.0 
88.345 316.0 
84.665 317.0 
81.932 318.0 
81.816 319.0 
81.582 320.0 
81.372 321.0 
81.477 322.0 
81.384 323.0 
81.395 324.0 
81.36 325.0 
81.57 326.0 
81.384 327.0 
81.325 328.0 
81.477 329.0 
81.407 330.0 
81.325 331.0 
81.419 332.0 
81.43 333.0 
81.372 334.0 
81.465 335.0 
81.395 336.0 
81.384 337.0 
81.278 338.0 
81.454 339.0 
81.348 340.0 
81.348 341.0 
81.313 342.0 
81.5 343.0 
81.337 344.0 
81.36 345.0 
81.325 346.0 
81.278 347.0 
81.442 348.0 
81.384 349.0 
81.348 350.0 
81.325 351.0 
81.384 352.0 
81.348 353.0 
81.255 354.0 
81.454 355.0 
81.325 356.0 
81.395 357.0 
81.337 358.0 
81.419 359.0 
81.348 360.0 
81.395 361.0 
81.313 362.0 
81.372 363.0 
81.278 364.0 
81.325 365.0 
81.36 366.0 
81.372 367.0 
81.313 368.0 
81.325 369.0 
81.348 370.0 
81.36 371.0 
81.395 372.0 
81.43 373.0 
81.384 374.0 
81.43 375.0 
81.419 376.0 
81.115 377.0 
81.348 378.0 
81.348 379.0 
81.313 380.0 
81.36 381.0 
81.407 382.0 
81.372 383.0 
81.325 384.0 
81.29 385.0 
81.419 386.0 
81.313 387.0 
81.255 388.0 
81.348 389.0 
81.372 390.0 
81.372 391.0 
81.325 392.0 
81.384 393.0 
81.255 394.0 
81.36 395.0 
81.419 396.0 
81.29 397.0 
81.384 398.0 
81.419 399.0 
81.267 400.0 
81.419 401.0 
81.372 402.0 
81.43 403.0 
81.372 404.0 
81.302 405.0 
81.29 406.0 
81.36 407.0 
81.325 408.0 
81.372 409.0 
81.243 410.0 
81.384 411.0 
81.419 412.0 
81.454 413.0 
81.407 414.0 
81.302 415.0 
81.337 416.0 
81.313 417.0 
81.5 418.0 
81.372 419.0 
81.255 420.0 
81.348 421.0 
81.325 422.0 
81.407 423.0 
81.313 424.0 
81.267 425.0 
81.384 426.0 
81.407 427.0 
81.313 428.0 
81.313 429.0 
81.348 430.0 
81.36 431.0 
81.372 432.0 
81.407 433.0 
81.29 434.0 
81.29 435.0 
81.337 436.0 
81.535 437.0 
81.313 438.0 
81.313 439.0 
81.325 440.0 
81.313 441.0 
81.302 442.0 
81.302 443.0 
81.267 444.0 
81.313 445.0 
81.267 446.0 
81.372 447.0 
81.395 448.0 
81.372 449.0 
81.337 450.0 
81.29 451.0 
81.313 452.0 
81.267 453.0 
81.243 454.0 
81.348 455.0 
81.337 456.0 
81.302 457.0 
81.29 458.0 
81.337 459.0 
81.348 460.0 
81.302 461.0 
81.255 462.0 
81.372 463.0 
81.325 464.0 
81.348 465.0 
81.419 466.0 
81.325 467.0 
81.267 468.0 
81.36 469.0 
81.302 470.0 
81.313 471.0 
81.325 472.0 
81.395 473.0 
81.337 474.0 
81.407 475.0 
81.313 476.0 
81.255 477.0 
81.302 478.0 
81.243 479.0 
81.325 480.0 
81.384 481.0 
81.302 482.0 
81.384 483.0 
81.255 484.0 
81.348 485.0 
81.255 486.0 
81.267 487.0 
81.384 488.0 
81.337 489.0 
81.325 490.0 
81.348 491.0 
81.348 492.0 
81.313 493.0 
81.395 494.0 
81.278 495.0 
81.302 496.0 
81.325 497.0 
81.384 498.0 
81.255 499.0 
81.243 500.0 
81.325 501.0 
81.337 502.0 
81.232 503.0 
81.22 504.0 
81.29 505.0 
81.29 506.0 
81.407 507.0 
81.372 508.0 
81.22 509.0 
81.267 510.0 
81.232 511.0 
81.29 512.0 
81.313 513.0 
81.337 514.0 
81.36 515.0 
81.325 516.0 
81.325 517.0 
81.197 518.0 
81.115 519.0 
81.138 520.0 
81.185 521.0 
81.197 522.0 
81.185 523.0 
81.185 524.0 
81.197 525.0 
81.185 526.0 
81.185 527.0 
81.127 528.0 
81.138 529.0 
81.127 530.0 
81.115 531.0 
81.278 532.0 
81.243 533.0 
81.185 534.0 
81.173 535.0 
81.127 536.0 
81.068 537.0 
81.045 538.0 
80.963 539.0 
80.916 540.0 
81.01 541.0 
80.986 542.0 
80.94 543.0 
80.928 544.0 
80.881 545.0 
80.823 546.0 
80.986 547.0 
80.916 548.0 
80.846 549.0 
80.8 550.0 
80.776 551.0 
80.893 552.0 
80.811 553.0 
80.765 554.0 
80.753 555.0 
80.858 556.0 
80.811 557.0 
80.729 558.0 
80.905 559.0 
80.811 560.0 
80.765 561.0 
80.694 562.0 
80.846 563.0 
80.776 564.0 
80.648 565.0 
80.858 566.0 
80.905 567.0 
80.694 568.0 
80.8 569.0 
80.753 570.0 
80.846 571.0 
80.788 572.0 
80.729 573.0 
80.753 574.0 
80.753 575.0 
80.835 576.0 
80.765 577.0 
80.788 578.0 
80.87 579.0 
80.788 580.0 
80.905 581.0 
80.811 582.0 
80.881 583.0 
80.835 584.0 
80.951 585.0 
80.846 586.0 
80.765 587.0 
80.835 588.0 
80.776 589.0 
80.846 590.0 
80.823 591.0 
80.811 592.0 
80.788 593.0 
80.788 594.0 
80.776 595.0 
80.858 596.0 
80.765 597.0 
80.835 598.0 
80.788 599.0 
80.823 600.0 
80.893 601.0 
80.835 602.0 
80.905 603.0 
80.776 604.0 
80.881 605.0 
80.788 606.0 
80.846 607.0 
80.741 608.0 
80.8 609.0 
80.893 610.0 
80.823 611.0 
80.881 612.0 
80.8 613.0 
80.846 614.0 
80.729 615.0 
80.8 616.0 
80.87 617.0 
80.776 618.0 
80.835 619.0 
80.473 620.0 
80.788 621.0 
80.858 622.0 
80.753 623.0 
80.765 624.0 
80.858 625.0 
80.753 626.0 
80.87 627.0 
80.928 628.0 
80.788 629.0 
80.823 630.0 
80.916 631.0 
80.729 632.0 
80.87 633.0 
80.893 634.0 
80.8 635.0 
80.811 636.0 
80.87 637.0 
80.776 638.0 
80.8 639.0 
80.905 640.0 
80.741 641.0 
80.823 642.0 
80.87 643.0 
80.753 644.0 
80.776 645.0 
80.846 646.0 
80.87 647.0 
80.765 648.0 
80.811 649.0 
80.858 650.0 
80.706 651.0 
80.788 652.0 
80.835 653.0 
80.893 654.0 
80.729 655.0 
80.765 656.0 
80.765 657.0 
80.881 658.0 
80.741 659.0 
80.8 660.0 
80.893 661.0 
80.963 662.0 
80.683 663.0 
80.823 664.0 
80.893 665.0 
80.893 666.0 
80.753 667.0 
80.811 668.0 
80.846 669.0 
80.858 670.0 
80.753 671.0 
80.788 672.0 
80.811 673.0 
80.846 674.0 
80.881 675.0 
80.718 676.0 
80.741 677.0 
80.8 678.0 
80.776 679.0 
80.893 680.0 
80.729 681.0 
80.706 682.0 
80.8 683.0 
80.811 684.0 
80.846 685.0 
80.916 686.0 
80.729 687.0 
80.765 688.0 
80.8 689.0 
80.835 690.0 
80.881 691.0 
80.916 692.0 
80.729 693.0 
80.776 694.0 
80.776 695.0 
80.788 696.0 
80.87 697.0 
80.858 698.0 
80.344 699.0 
80.753 700.0 
80.753 701.0 
80.776 702.0 
80.811 703.0 
80.765 704.0 
80.881 705.0 
80.928 706.0 
80.729 707.0 
80.741 708.0 
80.788 709.0 
80.8 710.0 
80.8 711.0 
80.846 712.0 
80.881 713.0 
80.916 714.0 
80.928 715.0 
80.729 716.0 
80.718 717.0 
80.788 718.0 
80.788 719.0 
80.788 720.0 
80.835 721.0 
80.835 722.0 
80.893 723.0 
80.905 724.0 
80.881 725.0 
80.753 726.0 
80.729 727.0 
80.729 728.0 
80.776 729.0 
80.765 730.0 
80.823 731.0 
80.8 732.0 
80.846 733.0 
80.858 734.0 
80.846 735.0 
80.893 736.0 
80.893 737.0 
80.858 738.0 
80.426 739.0 
80.694 740.0 
80.729 741.0 
80.729 742.0 
80.729 743.0 
80.729 744.0 
80.753 745.0 
80.753 746.0 
80.765 747.0 
80.765 748.0 
80.8 749.0 
80.788 750.0 
80.741 751.0 
80.788 752.0 
80.776 753.0 
80.8 754.0 
80.8 755.0 
80.823 756.0 
80.811 757.0 
80.788 758.0 
80.823 759.0 
80.811 760.0 
80.811 761.0 
80.811 762.0 
80.835 763.0 
80.811 764.0 
80.811 765.0 
80.8 766.0 
80.846 767.0 
80.835 768.0 
80.835 769.0 
80.811 770.0 
80.835 771.0 
80.823 772.0 
80.811 773.0 
80.858 774.0 
80.823 775.0 
80.8 776.0 
80.823 777.0 
80.835 778.0 
80.858 779.0 
80.811 780.0 
80.846 781.0 
80.823 782.0 
80.8 783.0 
80.8 784.0 
80.823 785.0 
80.835 786.0 
80.823 787.0 
80.811 788.0 
80.858 789.0 
80.823 790.0 
80.823 791.0 
80.846 792.0 
80.811 793.0 
80.846 794.0 
80.835 795.0 
80.823 796.0 
80.811 797.0 
80.823 798.0 
80.811 799.0 
80.835 800.0 
80.8 801.0 
80.8 802.0 
80.811 803.0 
80.8 804.0 
0.001 805.0 
0.0 806.0 
-0.004 807.0 
0.002 808.0 
0.005 809.0 
-0.01 810.0 
-0.017 811.0 
-0.014 812.0 
-0.02 813.0 
-0.025 814.0 
-0.036 815.0 
-0.038 816.0 
-0.034 817.0 
-0.036 818.0 
-0.04 819.0 
-0.036 820.0 
-0.044 821.0 
-0.04 822.0 
-0.026 823.0 
-0.038 824.0 
-0.03 825.0 
-0.037 826.0 
-0.028 827.0 
-0.026 828.0 
-0.025 829.0 
