-0.004 257.0 
0.0 258.0 
-0.091 259.0 
-0.032 260.0 
-0.018 261.0 
-0.022 262.0 
-0.023 263.0 
-0.038 264.0 
-0.024 265.0 
-0.037 266.0 
-0.034 267.0 
-0.025 268.0 
-0.034 269.0 
-0.05 270.0 
-0.036 271.0 
-0.022 272.0 
-0.022 273.0 
-0.038 274.0 
137.107 275.0 
134.0 276.0 
132.984 277.0 
131.477 278.0 
129.714 279.0 
127.763 280.0 
126.0 281.0 
123.862 282.0 
120.72 283.0 
119.015 284.0 
118.525 285.0 
118.186 286.0 
117.999 287.0 
117.789 288.0 
117.567 289.0 
117.345 290.0 
116.831 291.0 
116.598 292.0 
116.399 293.0 
116.352 294.0 
115.897 295.0 
115.78 296.0 
115.733 297.0 
115.278 298.0 
115.079 299.0 
115.044 300.0 
114.507 301.0 
114.46 302.0 
113.993 303.0 
113.935 304.0 
113.829 305.0 
113.199 306.0 
112.089 307.0 
110.115 308.0 
107.885 309.0 
104.941 310.0 
101.94 311.0 
98.401 312.0 
95.025 313.0 
91.183 314.0 
87.41 315.0 
83.521 316.0 
80.04 317.0 
77.564 318.0 
77.331 319.0 
77.039 320.0 
76.957 321.0 
76.84 322.0 
76.665 323.0 
76.735 324.0 
76.665 325.0 
76.548 326.0 
76.677 327.0 
76.595 328.0 
77.156 329.0 
76.7 330.0 
76.595 331.0 
76.899 332.0 
76.7 333.0 
76.595 334.0 
76.642 335.0 
76.688 336.0 
76.723 337.0 
76.583 338.0 
76.735 339.0 
76.618 340.0 
76.642 341.0 
76.642 342.0 
76.747 343.0 
76.688 344.0 
76.63 345.0 
76.607 346.0 
76.548 347.0 
76.688 348.0 
76.712 349.0 
76.653 350.0 
76.607 351.0 
76.642 352.0 
76.642 353.0 
76.548 354.0 
76.712 355.0 
76.653 356.0 
76.735 357.0 
76.642 358.0 
76.677 359.0 
76.63 360.0 
76.665 361.0 
76.63 362.0 
76.642 363.0 
76.583 364.0 
76.618 365.0 
76.653 366.0 
76.618 367.0 
76.595 368.0 
76.595 369.0 
76.618 370.0 
76.665 371.0 
76.665 372.0 
76.7 373.0 
76.688 374.0 
76.712 375.0 
76.98 376.0 
76.618 377.0 
76.653 378.0 
76.607 379.0 
76.653 380.0 
76.63 381.0 
76.723 382.0 
76.63 383.0 
76.595 384.0 
76.607 385.0 
76.7 386.0 
76.572 387.0 
76.583 388.0 
76.642 389.0 
76.653 390.0 
76.642 391.0 
76.607 392.0 
76.712 393.0 
76.536 394.0 
76.653 395.0 
76.723 396.0 
76.583 397.0 
76.665 398.0 
76.536 399.0 
76.572 400.0 
76.7 401.0 
76.642 402.0 
76.712 403.0 
76.677 404.0 
76.583 405.0 
76.548 406.0 
76.607 407.0 
76.572 408.0 
76.653 409.0 
76.56 410.0 
76.665 411.0 
76.7 412.0 
76.723 413.0 
76.7 414.0 
76.63 415.0 
76.653 416.0 
76.572 417.0 
76.723 418.0 
76.653 419.0 
76.583 420.0 
76.63 421.0 
76.618 422.0 
76.677 423.0 
76.572 424.0 
76.607 425.0 
76.618 426.0 
76.642 427.0 
76.583 428.0 
76.618 429.0 
76.56 430.0 
76.665 431.0 
76.665 432.0 
76.677 433.0 
76.536 434.0 
76.595 435.0 
76.665 436.0 
76.735 437.0 
76.525 438.0 
76.607 439.0 
76.583 440.0 
76.618 441.0 
76.607 442.0 
76.595 443.0 
76.583 444.0 
76.595 445.0 
76.548 446.0 
76.653 447.0 
76.677 448.0 
76.642 449.0 
76.957 450.0 
76.63 451.0 
76.618 452.0 
76.583 453.0 
76.536 454.0 
76.653 455.0 
76.63 456.0 
76.63 457.0 
76.572 458.0 
76.677 459.0 
76.677 460.0 
76.618 461.0 
76.583 462.0 
76.7 463.0 
76.642 464.0 
76.618 465.0 
76.688 466.0 
76.595 467.0 
76.56 468.0 
76.677 469.0 
76.618 470.0 
76.607 471.0 
76.63 472.0 
76.688 473.0 
76.63 474.0 
76.688 475.0 
76.583 476.0 
76.572 477.0 
76.607 478.0 
76.536 479.0 
76.618 480.0 
76.677 481.0 
76.583 482.0 
76.688 483.0 
76.56 484.0 
76.642 485.0 
76.548 486.0 
76.513 487.0 
76.665 488.0 
76.572 489.0 
76.618 490.0 
76.665 491.0 
76.63 492.0 
76.607 493.0 
76.642 494.0 
76.56 495.0 
76.536 496.0 
76.63 497.0 
76.653 498.0 
76.56 499.0 
76.513 500.0 
76.642 501.0 
76.653 502.0 
76.501 503.0 
76.56 504.0 
76.572 505.0 
76.595 506.0 
76.595 507.0 
76.723 508.0 
76.513 509.0 
76.548 510.0 
76.572 511.0 
76.595 512.0 
76.595 513.0 
76.607 514.0 
76.665 515.0 
76.642 516.0 
76.653 517.0 
76.408 518.0 
76.455 519.0 
76.501 520.0 
76.501 521.0 
76.49 522.0 
76.466 523.0 
76.478 524.0 
76.501 525.0 
76.513 526.0 
76.478 527.0 
76.431 528.0 
76.478 529.0 
76.455 530.0 
76.443 531.0 
76.583 532.0 
76.536 533.0 
76.501 534.0 
76.513 535.0 
76.478 536.0 
76.431 537.0 
76.373 538.0 
76.291 539.0 
76.303 540.0 
76.431 541.0 
76.35 542.0 
76.315 543.0 
76.303 544.0 
76.209 545.0 
76.151 546.0 
76.291 547.0 
76.268 548.0 
76.163 549.0 
76.209 550.0 
76.058 551.0 
76.198 552.0 
76.163 553.0 
76.104 554.0 
76.081 555.0 
76.221 556.0 
76.186 557.0 
76.116 558.0 
75.754 559.0 
76.139 560.0 
76.116 561.0 
76.081 562.0 
76.186 563.0 
76.128 564.0 
76.011 565.0 
76.186 566.0 
76.245 567.0 
76.069 568.0 
76.151 569.0 
76.104 570.0 
76.209 571.0 
76.151 572.0 
76.093 573.0 
76.116 574.0 
76.128 575.0 
76.198 576.0 
76.163 577.0 
76.163 578.0 
76.221 579.0 
76.151 580.0 
76.209 581.0 
76.186 582.0 
76.198 583.0 
76.186 584.0 
76.291 585.0 
76.221 586.0 
76.128 587.0 
76.174 588.0 
76.093 589.0 
76.209 590.0 
76.128 591.0 
76.186 592.0 
76.139 593.0 
76.104 594.0 
76.139 595.0 
76.209 596.0 
76.139 597.0 
76.198 598.0 
76.139 599.0 
76.198 600.0 
76.245 601.0 
76.186 602.0 
76.233 603.0 
76.128 604.0 
76.233 605.0 
76.163 606.0 
76.174 607.0 
76.104 608.0 
76.174 609.0 
76.268 610.0 
76.163 611.0 
76.245 612.0 
76.116 613.0 
76.221 614.0 
76.116 615.0 
76.174 616.0 
76.268 617.0 
76.093 618.0 
76.186 619.0 
75.847 620.0 
76.151 621.0 
76.209 622.0 
76.128 623.0 
76.163 624.0 
76.256 625.0 
76.116 626.0 
76.174 627.0 
76.209 628.0 
76.128 629.0 
76.186 630.0 
76.233 631.0 
76.104 632.0 
76.198 633.0 
76.291 634.0 
76.151 635.0 
76.209 636.0 
76.245 637.0 
76.139 638.0 
76.163 639.0 
76.233 640.0 
76.093 641.0 
76.163 642.0 
76.186 643.0 
76.058 644.0 
76.128 645.0 
76.174 646.0 
76.233 647.0 
76.116 648.0 
76.151 649.0 
76.221 650.0 
76.093 651.0 
76.116 652.0 
76.209 653.0 
76.209 654.0 
76.081 655.0 
76.163 656.0 
76.174 657.0 
76.28 658.0 
76.151 659.0 
76.186 660.0 
76.209 661.0 
76.233 662.0 
76.093 663.0 
76.174 664.0 
76.186 665.0 
76.268 666.0 
76.128 667.0 
76.163 668.0 
76.209 669.0 
76.233 670.0 
76.081 671.0 
76.139 672.0 
76.163 673.0 
76.198 674.0 
76.245 675.0 
76.104 676.0 
76.139 677.0 
76.151 678.0 
76.174 679.0 
76.245 680.0 
76.104 681.0 
76.104 682.0 
76.163 683.0 
76.186 684.0 
76.198 685.0 
76.268 686.0 
76.081 687.0 
76.139 688.0 
76.163 689.0 
76.209 690.0 
76.198 691.0 
76.245 692.0 
76.116 693.0 
76.128 694.0 
76.163 695.0 
76.163 696.0 
76.221 697.0 
76.221 698.0 
75.859 699.0 
76.046 700.0 
76.116 701.0 
76.128 702.0 
76.163 703.0 
76.186 704.0 
76.186 705.0 
76.245 706.0 
76.069 707.0 
76.069 708.0 
76.128 709.0 
76.163 710.0 
76.151 711.0 
76.209 712.0 
76.233 713.0 
76.221 714.0 
76.256 715.0 
76.081 716.0 
76.104 717.0 
76.116 718.0 
76.151 719.0 
76.128 720.0 
76.174 721.0 
76.186 722.0 
76.198 723.0 
76.174 724.0 
76.245 725.0 
76.069 726.0 
76.093 727.0 
76.139 728.0 
76.116 729.0 
76.116 730.0 
76.163 731.0 
76.139 732.0 
76.163 733.0 
76.209 734.0 
76.221 735.0 
76.209 736.0 
76.245 737.0 
76.268 738.0 
75.941 739.0 
76.058 740.0 
76.069 741.0 
76.104 742.0 
76.116 743.0 
76.093 744.0 
76.093 745.0 
76.116 746.0 
76.139 747.0 
76.093 748.0 
76.128 749.0 
76.163 750.0 
76.139 751.0 
76.139 752.0 
76.174 753.0 
76.163 754.0 
76.151 755.0 
76.163 756.0 
76.139 757.0 
76.151 758.0 
76.151 759.0 
76.151 760.0 
76.151 761.0 
76.163 762.0 
76.174 763.0 
76.116 764.0 
76.174 765.0 
76.163 766.0 
76.163 767.0 
76.163 768.0 
76.186 769.0 
76.186 770.0 
76.186 771.0 
76.186 772.0 
76.198 773.0 
76.198 774.0 
76.186 775.0 
76.198 776.0 
76.174 777.0 
76.209 778.0 
76.139 779.0 
76.163 780.0 
76.151 781.0 
76.151 782.0 
76.174 783.0 
76.174 784.0 
76.186 785.0 
76.139 786.0 
76.151 787.0 
76.163 788.0 
76.139 789.0 
76.174 790.0 
76.186 791.0 
76.163 792.0 
76.186 793.0 
76.151 794.0 
76.198 795.0 
76.163 796.0 
76.198 797.0 
76.174 798.0 
76.174 799.0 
76.186 800.0 
76.163 801.0 
76.174 802.0 
76.174 803.0 
76.174 804.0 
0.006 805.0 
0.008 806.0 
0.002 807.0 
0.006 808.0 
0.005 809.0 
0.004 810.0 
-0.01 811.0 
-0.012 812.0 
-0.016 813.0 
-0.014 814.0 
-0.026 815.0 
-0.034 816.0 
-0.029 817.0 
-0.029 818.0 
-0.041 819.0 
-0.038 820.0 
-0.046 821.0 
-0.046 822.0 
-0.046 823.0 
-0.042 824.0 
-0.043 825.0 
-0.041 826.0 
-0.037 827.0 
-0.029 828.0 
-0.03 829.0 
