-0.032 257.0 
-0.029 258.0 
-0.071 259.0 
-0.03 260.0 
-0.038 261.0 
-0.026 262.0 
-0.046 263.0 
-0.058 264.0 
-0.044 265.0 
-0.066 266.0 
-0.036 267.0 
-0.042 268.0 
-0.043 269.0 
-0.058 270.0 
-0.047 271.0 
-0.052 272.0 
-0.028 273.0 
-0.031 274.0 
148.214 275.0 
145.47 276.0 
144.582 277.0 
143.122 278.0 
141.569 279.0 
139.735 280.0 
138.275 281.0 
136.161 282.0 
132.891 283.0 
131.512 284.0 
131.127 285.0 
130.812 286.0 
130.578 287.0 
130.286 288.0 
130.006 289.0 
129.305 290.0 
129.2 291.0 
128.966 292.0 
128.698 293.0 
128.511 294.0 
128.032 295.0 
127.845 296.0 
127.833 297.0 
127.296 298.0 
127.086 299.0 
127.004 300.0 
126.467 301.0 
126.385 302.0 
125.918 303.0 
125.836 304.0 
125.766 305.0 
125.147 306.0 
123.979 307.0 
121.725 308.0 
118.84 309.0 
114.846 310.0 
110.804 311.0 
106.355 312.0 
102.127 313.0 
97.688 314.0 
93.577 315.0 
89.431 316.0 
85.833 317.0 
82.984 318.0 
82.855 319.0 
82.61 320.0 
82.47 321.0 
82.446 322.0 
82.388 323.0 
82.423 324.0 
82.33 325.0 
82.213 326.0 
82.376 327.0 
82.295 328.0 
82.446 329.0 
82.388 330.0 
82.295 331.0 
82.4 332.0 
82.4 333.0 
82.306 334.0 
82.365 335.0 
82.376 336.0 
82.388 337.0 
82.283 338.0 
82.458 339.0 
82.295 340.0 
82.318 341.0 
82.26 342.0 
82.26 343.0 
82.341 344.0 
82.306 345.0 
82.283 346.0 
82.283 347.0 
82.318 348.0 
82.353 349.0 
82.365 350.0 
82.283 351.0 
82.376 352.0 
82.306 353.0 
82.236 354.0 
82.376 355.0 
82.341 356.0 
82.4 357.0 
82.353 358.0 
82.435 359.0 
82.341 360.0 
82.365 361.0 
82.318 362.0 
82.318 363.0 
82.271 364.0 
82.26 365.0 
82.318 366.0 
82.295 367.0 
82.295 368.0 
82.26 369.0 
82.283 370.0 
82.365 371.0 
82.353 372.0 
82.365 373.0 
82.388 374.0 
82.365 375.0 
82.68 376.0 
82.224 377.0 
82.306 378.0 
82.306 379.0 
82.318 380.0 
82.318 381.0 
82.423 382.0 
82.318 383.0 
82.306 384.0 
82.306 385.0 
82.341 386.0 
82.248 387.0 
82.283 388.0 
82.33 389.0 
82.33 390.0 
82.341 391.0 
82.271 392.0 
82.4 393.0 
82.213 394.0 
82.33 395.0 
82.458 396.0 
82.271 397.0 
82.353 398.0 
82.318 399.0 
82.271 400.0 
82.365 401.0 
82.353 402.0 
82.423 403.0 
82.353 404.0 
82.283 405.0 
82.248 406.0 
82.341 407.0 
82.271 408.0 
82.33 409.0 
82.295 410.0 
82.318 411.0 
82.388 412.0 
82.75 413.0 
82.376 414.0 
82.283 415.0 
82.365 416.0 
82.26 417.0 
82.423 418.0 
82.376 419.0 
82.271 420.0 
82.306 421.0 
82.33 422.0 
82.353 423.0 
82.271 424.0 
82.271 425.0 
82.341 426.0 
82.353 427.0 
82.271 428.0 
82.271 429.0 
82.26 430.0 
82.33 431.0 
82.376 432.0 
82.353 433.0 
82.271 434.0 
82.283 435.0 
82.318 436.0 
82.365 437.0 
82.26 438.0 
82.283 439.0 
82.283 440.0 
82.306 441.0 
82.295 442.0 
82.295 443.0 
82.306 444.0 
82.283 445.0 
82.271 446.0 
82.376 447.0 
82.353 448.0 
82.306 449.0 
82.657 450.0 
82.283 451.0 
82.295 452.0 
82.271 453.0 
82.213 454.0 
82.353 455.0 
82.306 456.0 
82.271 457.0 
82.26 458.0 
82.388 459.0 
82.353 460.0 
82.306 461.0 
82.236 462.0 
82.388 463.0 
82.318 464.0 
82.295 465.0 
82.376 466.0 
82.341 467.0 
82.224 468.0 
82.341 469.0 
82.306 470.0 
82.248 471.0 
82.341 472.0 
82.224 473.0 
82.306 474.0 
82.388 475.0 
82.283 476.0 
82.236 477.0 
82.295 478.0 
82.236 479.0 
82.26 480.0 
82.376 481.0 
82.295 482.0 
82.388 483.0 
82.271 484.0 
82.306 485.0 
82.248 486.0 
82.26 487.0 
82.33 488.0 
82.295 489.0 
82.283 490.0 
82.353 491.0 
82.283 492.0 
82.318 493.0 
82.376 494.0 
82.271 495.0 
82.201 496.0 
82.33 497.0 
82.376 498.0 
82.26 499.0 
82.236 500.0 
82.295 501.0 
82.33 502.0 
82.213 503.0 
82.248 504.0 
82.248 505.0 
82.306 506.0 
82.213 507.0 
82.33 508.0 
82.154 509.0 
82.236 510.0 
82.213 511.0 
82.295 512.0 
82.283 513.0 
82.306 514.0 
82.283 515.0 
82.341 516.0 
82.575 517.0 
82.096 518.0 
82.178 519.0 
82.166 520.0 
82.189 521.0 
82.166 522.0 
82.201 523.0 
82.166 524.0 
82.154 525.0 
82.143 526.0 
82.119 527.0 
82.084 528.0 
82.131 529.0 
82.108 530.0 
82.096 531.0 
82.213 532.0 
82.493 533.0 
82.143 534.0 
82.119 535.0 
82.073 536.0 
82.026 537.0 
81.956 538.0 
81.932 539.0 
81.851 540.0 
81.956 541.0 
81.874 542.0 
81.851 543.0 
81.781 544.0 
81.757 545.0 
81.687 546.0 
81.804 547.0 
81.757 548.0 
81.711 549.0 
81.652 550.0 
81.57 551.0 
81.722 552.0 
81.652 553.0 
81.605 554.0 
81.582 555.0 
81.722 556.0 
81.64 557.0 
81.617 558.0 
81.395 559.0 
81.687 560.0 
81.629 561.0 
81.559 562.0 
81.687 563.0 
81.547 564.0 
81.547 565.0 
81.711 566.0 
81.676 567.0 
81.57 568.0 
81.64 569.0 
81.594 570.0 
81.734 571.0 
81.652 572.0 
81.559 573.0 
81.676 574.0 
81.582 575.0 
82.003 576.0 
81.664 577.0 
81.594 578.0 
81.699 579.0 
81.664 580.0 
81.734 581.0 
81.664 582.0 
81.699 583.0 
81.664 584.0 
81.746 585.0 
81.687 586.0 
81.617 587.0 
81.711 588.0 
81.617 589.0 
81.722 590.0 
81.617 591.0 
81.711 592.0 
81.605 593.0 
81.687 594.0 
81.629 595.0 
81.652 596.0 
81.605 597.0 
81.711 598.0 
81.582 599.0 
81.687 600.0 
81.769 601.0 
81.664 602.0 
81.757 603.0 
81.629 604.0 
81.722 605.0 
81.64 606.0 
81.699 607.0 
81.594 608.0 
81.652 609.0 
81.746 610.0 
81.664 611.0 
81.734 612.0 
81.605 613.0 
81.711 614.0 
81.617 615.0 
81.629 616.0 
81.722 617.0 
81.57 618.0 
81.699 619.0 
81.419 620.0 
81.629 621.0 
81.687 622.0 
81.559 623.0 
81.64 624.0 
81.734 625.0 
81.594 626.0 
81.676 627.0 
81.734 628.0 
81.617 629.0 
81.687 630.0 
81.781 631.0 
81.594 632.0 
81.699 633.0 
81.979 634.0 
81.617 635.0 
81.687 636.0 
81.734 637.0 
81.629 638.0 
81.699 639.0 
81.722 640.0 
81.594 641.0 
81.594 642.0 
81.687 643.0 
81.57 644.0 
81.582 645.0 
81.664 646.0 
81.722 647.0 
81.605 648.0 
81.64 649.0 
81.734 650.0 
81.57 651.0 
81.605 652.0 
81.687 653.0 
81.722 654.0 
81.605 655.0 
81.582 656.0 
81.664 657.0 
81.757 658.0 
81.594 659.0 
81.64 660.0 
81.711 661.0 
81.664 662.0 
81.559 663.0 
81.64 664.0 
81.687 665.0 
81.746 666.0 
81.605 667.0 
81.64 668.0 
81.699 669.0 
81.722 670.0 
81.57 671.0 
81.617 672.0 
81.687 673.0 
81.722 674.0 
81.699 675.0 
81.582 676.0 
81.629 677.0 
81.664 678.0 
81.722 679.0 
81.757 680.0 
81.547 681.0 
81.605 682.0 
81.676 683.0 
81.699 684.0 
81.734 685.0 
81.769 686.0 
81.559 687.0 
81.605 688.0 
81.64 689.0 
81.699 690.0 
81.734 691.0 
81.757 692.0 
81.582 693.0 
81.64 694.0 
81.664 695.0 
81.664 696.0 
81.652 697.0 
81.734 698.0 
81.5 699.0 
81.559 700.0 
81.617 701.0 
81.629 702.0 
81.664 703.0 
81.687 704.0 
81.687 705.0 
81.757 706.0 
81.605 707.0 
81.547 708.0 
81.594 709.0 
81.594 710.0 
81.676 711.0 
81.722 712.0 
81.699 713.0 
81.734 714.0 
81.535 715.0 
81.605 716.0 
81.547 717.0 
81.629 718.0 
81.629 719.0 
81.664 720.0 
81.64 721.0 
81.687 722.0 
81.664 723.0 
81.746 724.0 
81.746 725.0 
81.512 726.0 
81.582 727.0 
81.605 728.0 
81.605 729.0 
81.629 730.0 
81.652 731.0 
81.652 732.0 
81.687 733.0 
81.711 734.0 
81.664 735.0 
81.711 736.0 
81.734 737.0 
81.781 738.0 
81.535 739.0 
81.547 740.0 
81.57 741.0 
81.57 742.0 
81.582 743.0 
81.582 744.0 
81.594 745.0 
81.594 746.0 
81.605 747.0 
81.617 748.0 
81.629 749.0 
81.652 750.0 
81.629 751.0 
81.605 752.0 
81.652 753.0 
81.629 754.0 
81.664 755.0 
81.64 756.0 
81.676 757.0 
81.629 758.0 
81.664 759.0 
81.64 760.0 
81.64 761.0 
81.664 762.0 
81.652 763.0 
81.687 764.0 
81.676 765.0 
81.652 766.0 
81.629 767.0 
81.676 768.0 
81.664 769.0 
81.676 770.0 
81.687 771.0 
81.687 772.0 
81.652 773.0 
81.676 774.0 
81.664 775.0 
81.687 776.0 
81.687 777.0 
81.699 778.0 
81.687 779.0 
81.652 780.0 
81.652 781.0 
81.652 782.0 
81.687 783.0 
81.664 784.0 
81.676 785.0 
81.652 786.0 
81.652 787.0 
81.664 788.0 
81.687 789.0 
81.652 790.0 
81.687 791.0 
81.699 792.0 
81.676 793.0 
81.652 794.0 
81.652 795.0 
81.664 796.0 
81.652 797.0 
81.664 798.0 
81.687 799.0 
81.629 800.0 
81.617 801.0 
81.629 802.0 
81.652 803.0 
81.629 804.0 
-0.007 805.0 
-0.001 806.0 
-0.005 807.0 
0.002 808.0 
-0.011 809.0 
-0.014 810.0 
-0.013 811.0 
-0.029 812.0 
-0.026 813.0 
-0.023 814.0 
-0.031 815.0 
-0.035 816.0 
-0.032 817.0 
-0.032 818.0 
-0.032 819.0 
-0.04 820.0 
-0.036 821.0 
-0.032 822.0 
-0.035 823.0 
-0.03 824.0 
-0.032 825.0 
-0.035 826.0 
-0.032 827.0 
-0.013 828.0 
-0.024 829.0 
