-0.04 257.0 
-0.058 258.0 
-0.147 259.0 
-0.06 260.0 
-0.062 261.0 
-0.056 262.0 
-0.046 263.0 
-0.038 264.0 
-0.018 265.0 
-0.041 266.0 
-0.036 267.0 
-0.047 268.0 
-0.032 269.0 
-0.03 270.0 
-0.037 271.0 
-0.036 272.0 
-0.04 273.0 
-0.041 274.0 
146.509 275.0 
143.169 276.0 
141.837 277.0 
140.074 278.0 
138.275 279.0 
135.997 280.0 
134.012 281.0 
131.571 282.0 
127.822 283.0 
125.754 284.0 
125.229 285.0 
124.762 286.0 
124.586 287.0 
124.294 288.0 
123.991 289.0 
123.395 290.0 
123.091 291.0 
122.823 292.0 
122.613 293.0 
122.484 294.0 
121.923 295.0 
121.748 296.0 
121.667 297.0 
121.059 298.0 
120.872 299.0 
120.767 300.0 
120.183 301.0 
120.078 302.0 
119.552 303.0 
119.424 304.0 
119.284 305.0 
118.595 306.0 
117.31 307.0 
114.974 308.0 
112.416 309.0 
108.924 310.0 
105.303 311.0 
101.169 312.0 
97.49 313.0 
93.449 314.0 
89.548 315.0 
85.798 316.0 
82.4 317.0 
79.632 318.0 
79.445 319.0 
79.176 320.0 
78.942 321.0 
78.978 322.0 
78.861 323.0 
78.861 324.0 
78.814 325.0 
78.791 326.0 
78.791 327.0 
78.697 328.0 
78.884 329.0 
78.837 330.0 
78.756 331.0 
78.861 332.0 
78.837 333.0 
78.709 334.0 
79.048 335.0 
78.802 336.0 
78.814 337.0 
78.697 338.0 
78.896 339.0 
78.826 340.0 
78.721 341.0 
78.709 342.0 
78.931 343.0 
78.791 344.0 
78.744 345.0 
78.732 346.0 
78.709 347.0 
78.802 348.0 
78.779 349.0 
78.756 350.0 
78.721 351.0 
78.802 352.0 
78.744 353.0 
78.65 354.0 
78.837 355.0 
78.756 356.0 
78.849 357.0 
78.767 358.0 
78.861 359.0 
78.814 360.0 
78.826 361.0 
78.756 362.0 
78.756 363.0 
78.732 364.0 
78.744 365.0 
78.732 366.0 
78.767 367.0 
78.721 368.0 
78.709 369.0 
78.779 370.0 
78.756 371.0 
78.802 372.0 
78.814 373.0 
78.849 374.0 
78.849 375.0 
78.837 376.0 
78.592 377.0 
78.791 378.0 
78.756 379.0 
78.756 380.0 
78.756 381.0 
78.872 382.0 
78.802 383.0 
78.709 384.0 
78.756 385.0 
78.826 386.0 
78.732 387.0 
78.709 388.0 
78.767 389.0 
78.779 390.0 
78.779 391.0 
78.767 392.0 
78.837 393.0 
78.686 394.0 
78.767 395.0 
78.849 396.0 
78.744 397.0 
78.802 398.0 
78.756 399.0 
78.697 400.0 
78.779 401.0 
78.767 402.0 
78.861 403.0 
78.756 404.0 
78.767 405.0 
78.686 406.0 
78.744 407.0 
78.721 408.0 
78.732 409.0 
78.697 410.0 
78.767 411.0 
78.814 412.0 
78.872 413.0 
78.802 414.0 
78.732 415.0 
78.791 416.0 
78.732 417.0 
78.931 418.0 
78.802 419.0 
78.721 420.0 
78.744 421.0 
78.756 422.0 
78.779 423.0 
78.697 424.0 
78.662 425.0 
78.756 426.0 
78.791 427.0 
78.732 428.0 
78.697 429.0 
78.732 430.0 
78.756 431.0 
78.826 432.0 
78.814 433.0 
78.709 434.0 
78.732 435.0 
78.767 436.0 
78.826 437.0 
78.709 438.0 
78.721 439.0 
78.721 440.0 
78.732 441.0 
78.721 442.0 
78.721 443.0 
78.697 444.0 
78.709 445.0 
78.674 446.0 
78.814 447.0 
78.814 448.0 
78.779 449.0 
79.024 450.0 
78.732 451.0 
78.744 452.0 
78.744 453.0 
78.674 454.0 
78.814 455.0 
78.756 456.0 
78.721 457.0 
78.709 458.0 
78.814 459.0 
78.826 460.0 
78.744 461.0 
78.721 462.0 
78.802 463.0 
78.756 464.0 
78.767 465.0 
78.814 466.0 
78.756 467.0 
78.686 468.0 
78.756 469.0 
78.756 470.0 
78.744 471.0 
78.756 472.0 
78.826 473.0 
78.767 474.0 
78.849 475.0 
78.756 476.0 
78.686 477.0 
78.756 478.0 
78.674 479.0 
78.721 480.0 
78.814 481.0 
78.732 482.0 
78.826 483.0 
78.662 484.0 
78.744 485.0 
78.686 486.0 
78.65 487.0 
78.791 488.0 
78.721 489.0 
78.744 490.0 
78.802 491.0 
78.779 492.0 
78.767 493.0 
78.779 494.0 
78.732 495.0 
78.65 496.0 
78.756 497.0 
78.814 498.0 
78.697 499.0 
78.732 500.0 
78.756 501.0 
78.756 502.0 
78.662 503.0 
78.686 504.0 
78.732 505.0 
78.697 506.0 
78.686 507.0 
78.849 508.0 
78.615 509.0 
78.674 510.0 
78.721 511.0 
78.756 512.0 
78.756 513.0 
78.744 514.0 
78.767 515.0 
78.779 516.0 
78.791 517.0 
78.534 518.0 
78.639 519.0 
78.604 520.0 
78.662 521.0 
78.627 522.0 
78.639 523.0 
78.627 524.0 
78.627 525.0 
78.615 526.0 
78.639 527.0 
78.557 528.0 
78.569 529.0 
78.545 530.0 
78.569 531.0 
78.709 532.0 
78.662 533.0 
78.627 534.0 
78.592 535.0 
78.592 536.0 
78.534 537.0 
78.475 538.0 
78.429 539.0 
78.417 540.0 
78.464 541.0 
78.382 542.0 
78.37 543.0 
78.323 544.0 
78.277 545.0 
78.242 546.0 
78.37 547.0 
78.3 548.0 
78.253 549.0 
78.23 550.0 
78.148 551.0 
78.288 552.0 
78.253 553.0 
78.183 554.0 
78.172 555.0 
78.277 556.0 
78.242 557.0 
78.207 558.0 
77.786 559.0 
78.265 560.0 
78.218 561.0 
78.172 562.0 
78.265 563.0 
78.172 564.0 
78.102 565.0 
78.253 566.0 
78.417 567.0 
78.113 568.0 
78.172 569.0 
78.183 570.0 
78.288 571.0 
78.207 572.0 
78.148 573.0 
78.242 574.0 
78.183 575.0 
78.265 576.0 
78.218 577.0 
78.183 578.0 
78.312 579.0 
78.218 580.0 
78.312 581.0 
78.218 582.0 
78.3 583.0 
78.253 584.0 
77.845 585.0 
78.277 586.0 
78.218 587.0 
78.3 588.0 
78.207 589.0 
78.277 590.0 
78.207 591.0 
78.253 592.0 
78.218 593.0 
78.242 594.0 
78.195 595.0 
78.23 596.0 
78.207 597.0 
78.265 598.0 
78.183 599.0 
78.253 600.0 
78.312 601.0 
78.253 602.0 
78.323 603.0 
78.195 604.0 
78.288 605.0 
78.148 606.0 
78.242 607.0 
78.183 608.0 
78.253 609.0 
78.323 610.0 
78.23 611.0 
78.323 612.0 
78.183 613.0 
78.288 614.0 
78.16 615.0 
78.207 616.0 
78.323 617.0 
78.148 618.0 
78.265 619.0 
77.961 620.0 
78.207 621.0 
78.288 622.0 
78.195 623.0 
78.218 624.0 
78.288 625.0 
78.172 626.0 
78.242 627.0 
78.3 628.0 
78.172 629.0 
78.242 630.0 
78.347 631.0 
78.207 632.0 
78.253 633.0 
78.545 634.0 
78.207 635.0 
78.277 636.0 
78.3 637.0 
78.207 638.0 
78.3 639.0 
78.3 640.0 
78.148 641.0 
78.23 642.0 
78.323 643.0 
78.137 644.0 
78.207 645.0 
78.265 646.0 
78.312 647.0 
78.195 648.0 
78.207 649.0 
78.277 650.0 
78.137 651.0 
78.137 652.0 
78.242 653.0 
78.3 654.0 
78.16 655.0 
78.207 656.0 
78.253 657.0 
78.323 658.0 
78.207 659.0 
78.23 660.0 
78.253 661.0 
78.288 662.0 
78.148 663.0 
78.218 664.0 
78.277 665.0 
78.323 666.0 
78.148 667.0 
78.195 668.0 
78.277 669.0 
78.335 670.0 
78.148 671.0 
78.23 672.0 
78.23 673.0 
78.277 674.0 
78.277 675.0 
78.172 676.0 
78.195 677.0 
78.253 678.0 
78.265 679.0 
78.323 680.0 
78.125 681.0 
78.16 682.0 
78.23 683.0 
78.242 684.0 
78.312 685.0 
78.335 686.0 
78.148 687.0 
78.195 688.0 
78.242 689.0 
78.288 690.0 
78.288 691.0 
78.323 692.0 
78.183 693.0 
78.207 694.0 
78.218 695.0 
78.242 696.0 
78.265 697.0 
78.288 698.0 
78.113 699.0 
78.148 700.0 
78.183 701.0 
78.207 702.0 
78.218 703.0 
78.277 704.0 
78.242 705.0 
78.3 706.0 
78.137 707.0 
78.172 708.0 
78.195 709.0 
78.242 710.0 
78.253 711.0 
78.265 712.0 
78.3 713.0 
78.3 714.0 
78.207 715.0 
78.172 716.0 
78.172 717.0 
78.207 718.0 
78.218 719.0 
78.218 720.0 
78.242 721.0 
78.277 722.0 
78.277 723.0 
78.277 724.0 
78.335 725.0 
78.148 726.0 
78.172 727.0 
78.183 728.0 
78.207 729.0 
78.172 730.0 
78.207 731.0 
78.242 732.0 
78.277 733.0 
78.242 734.0 
78.23 735.0 
78.323 736.0 
78.3 737.0 
78.335 738.0 
78.078 739.0 
78.125 740.0 
78.125 741.0 
78.125 742.0 
78.172 743.0 
78.172 744.0 
78.125 745.0 
78.183 746.0 
78.195 747.0 
78.23 748.0 
78.195 749.0 
78.195 750.0 
78.218 751.0 
78.207 752.0 
78.242 753.0 
78.242 754.0 
78.218 755.0 
78.195 756.0 
78.218 757.0 
78.183 758.0 
78.253 759.0 
78.242 760.0 
78.23 761.0 
78.253 762.0 
78.242 763.0 
78.218 764.0 
78.253 765.0 
78.23 766.0 
78.23 767.0 
78.242 768.0 
78.253 769.0 
78.242 770.0 
78.3 771.0 
78.23 772.0 
78.253 773.0 
78.277 774.0 
78.253 775.0 
78.242 776.0 
78.277 777.0 
78.253 778.0 
78.265 779.0 
78.265 780.0 
78.242 781.0 
78.218 782.0 
78.242 783.0 
78.242 784.0 
78.242 785.0 
78.218 786.0 
78.207 787.0 
78.242 788.0 
78.218 789.0 
78.23 790.0 
78.265 791.0 
78.253 792.0 
78.218 793.0 
78.218 794.0 
78.218 795.0 
78.265 796.0 
78.242 797.0 
78.195 798.0 
78.218 799.0 
78.207 800.0 
78.207 801.0 
78.195 802.0 
78.218 803.0 
78.218 804.0 
0.0 805.0 
0.001 806.0 
-0.004 807.0 
-0.01 808.0 
-0.005 809.0 
-0.008 810.0 
-0.008 811.0 
-0.008 812.0 
-0.008 813.0 
-0.012 814.0 
-0.019 815.0 
-0.022 816.0 
-0.02 817.0 
-0.019 818.0 
-0.023 819.0 
-0.019 820.0 
-0.025 821.0 
-0.03 822.0 
-0.023 823.0 
-0.02 824.0 
-0.016 825.0 
-0.025 826.0 
-0.02 827.0 
-0.016 828.0 
-0.024 829.0 
