-0.056 257.0 
-0.071 258.0 
-0.119 259.0 
-0.05 260.0 
-0.067 261.0 
-0.075 262.0 
-0.049 263.0 
-0.052 264.0 
-0.055 265.0 
-0.035 266.0 
-0.053 267.0 
-0.044 268.0 
-0.016 269.0 
-0.058 270.0 
-0.044 271.0 
-0.026 272.0 
-0.041 273.0 
-0.031 274.0 
279.908 275.0 
276.194 276.0 
274.802 277.0 
272.481 278.0 
270.392 279.0 
268.187 280.0 
265.866 281.0 
267.607 282.0 
262.849 283.0 
261.92 284.0 
261.34 285.0 
261.456 286.0 
261.224 287.0 
260.992 288.0 
260.876 289.0 
260.296 290.0 
259.483 291.0 
259.599 292.0 
259.599 293.0 
256.814 294.0 
259.019 295.0 
258.671 296.0 
258.787 297.0 
258.207 298.0 
258.091 299.0 
258.671 300.0 
258.207 301.0 
258.207 302.0 
257.046 303.0 
258.207 304.0 
258.091 305.0 
257.859 306.0 
258.091 307.0 
257.626 308.0 
257.742 309.0 
257.278 310.0 
257.394 311.0 
257.162 312.0 
257.394 313.0 
256.814 314.0 
257.046 315.0 
257.162 316.0 
257.162 317.0 
256.93 318.0 
252.056 319.0 
256.814 320.0 
256.118 321.0 
257.394 322.0 
256.466 323.0 
256.93 324.0 
256.93 325.0 
257.51 326.0 
256.814 327.0 
256.814 328.0 
263.081 329.0 
257.278 330.0 
256.466 331.0 
257.162 332.0 
256.814 333.0 
256.582 334.0 
259.831 335.0 
256.93 336.0 
256.814 337.0 
256.466 338.0 
256.93 339.0 
256.814 340.0 
256.814 341.0 
256.698 342.0 
252.404 343.0 
257.162 344.0 
256.93 345.0 
256.814 346.0 
256.698 347.0 
255.886 348.0 
257.394 349.0 
256.93 350.0 
256.698 351.0 
256.814 352.0 
256.698 353.0 
256.118 354.0 
254.957 355.0 
256.93 356.0 
256.814 357.0 
256.814 358.0 
257.046 359.0 
256.93 360.0 
257.278 361.0 
256.814 362.0 
257.162 363.0 
257.046 364.0 
256.93 365.0 
256.698 366.0 
257.046 367.0 
256.466 368.0 
256.93 369.0 
257.162 370.0 
256.814 371.0 
256.698 372.0 
256.93 373.0 
257.162 374.0 
257.162 375.0 
258.787 376.0 
256.814 377.0 
256.93 378.0 
256.466 379.0 
256.93 380.0 
256.814 381.0 
255.77 382.0 
256.582 383.0 
257.046 384.0 
257.046 385.0 
257.394 386.0 
256.698 387.0 
256.814 388.0 
257.162 389.0 
256.93 390.0 
256.814 391.0 
256.466 392.0 
257.162 393.0 
256.466 394.0 
257.046 395.0 
257.394 396.0 
256.814 397.0 
257.162 398.0 
254.725 399.0 
256.35 400.0 
256.93 401.0 
257.162 402.0 
257.394 403.0 
256.93 404.0 
256.93 405.0 
256.698 406.0 
257.162 407.0 
256.93 408.0 
257.278 409.0 
256.814 410.0 
256.814 411.0 
256.814 412.0 
257.742 413.0 
257.162 414.0 
256.814 415.0 
256.814 416.0 
256.698 417.0 
257.162 418.0 
256.814 419.0 
256.814 420.0 
256.698 421.0 
257.278 422.0 
257.046 423.0 
256.814 424.0 
257.162 425.0 
257.046 426.0 
257.278 427.0 
256.93 428.0 
257.162 429.0 
256.814 430.0 
256.93 431.0 
257.046 432.0 
257.278 433.0 
256.814 434.0 
256.814 435.0 
256.814 436.0 
257.162 437.0 
256.698 438.0 
256.35 439.0 
257.162 440.0 
257.046 441.0 
256.93 442.0 
257.046 443.0 
256.814 444.0 
257.162 445.0 
256.93 446.0 
257.162 447.0 
257.278 448.0 
257.046 449.0 
257.162 450.0 
256.814 451.0 
256.93 452.0 
256.814 453.0 
256.582 454.0 
257.51 455.0 
256.466 456.0 
256.93 457.0 
256.466 458.0 
257.046 459.0 
256.814 460.0 
256.814 461.0 
257.046 462.0 
257.51 463.0 
257.278 464.0 
257.162 465.0 
257.046 466.0 
257.046 467.0 
256.814 468.0 
257.51 469.0 
257.51 470.0 
256.814 471.0 
256.814 472.0 
256.118 473.0 
257.162 474.0 
257.046 475.0 
256.814 476.0 
256.698 477.0 
256.93 478.0 
256.698 479.0 
256.93 480.0 
257.51 481.0 
257.046 482.0 
257.394 483.0 
257.046 484.0 
257.278 485.0 
256.93 486.0 
257.278 487.0 
257.394 488.0 
256.93 489.0 
257.162 490.0 
257.046 491.0 
256.93 492.0 
257.162 493.0 
257.046 494.0 
256.814 495.0 
256.582 496.0 
257.162 497.0 
257.278 498.0 
256.93 499.0 
256.93 500.0 
256.93 501.0 
257.394 502.0 
256.582 503.0 
256.814 504.0 
257.046 505.0 
256.93 506.0 
254.493 507.0 
260.528 508.0 
256.93 509.0 
256.698 510.0 
256.698 511.0 
256.814 512.0 
256.698 513.0 
256.93 514.0 
256.814 515.0 
257.278 516.0 
258.091 517.0 
256.582 518.0 
256.466 519.0 
256.814 520.0 
256.814 521.0 
256.93 522.0 
256.698 523.0 
256.814 524.0 
256.466 525.0 
256.93 526.0 
256.582 527.0 
256.814 528.0 
256.698 529.0 
256.814 530.0 
256.582 531.0 
256.93 532.0 
256.93 533.0 
256.466 534.0 
256.582 535.0 
256.814 536.0 
256.698 537.0 
256.466 538.0 
256.698 539.0 
256.698 540.0 
257.278 541.0 
256.814 542.0 
256.814 543.0 
256.582 544.0 
256.582 545.0 
256.234 546.0 
257.046 547.0 
257.046 548.0 
257.162 549.0 
257.046 550.0 
255.073 551.0 
256.582 552.0 
256.814 553.0 
256.234 554.0 
256.466 555.0 
256.698 556.0 
256.582 557.0 
256.582 558.0 
252.404 559.0 
256.582 560.0 
256.698 561.0 
256.35 562.0 
257.162 563.0 
255.886 564.0 
256.466 565.0 
257.162 566.0 
256.582 567.0 
256.35 568.0 
256.466 569.0 
256.814 570.0 
257.046 571.0 
256.698 572.0 
256.582 573.0 
256.582 574.0 
256.698 575.0 
257.394 576.0 
256.698 577.0 
256.814 578.0 
256.814 579.0 
256.814 580.0 
257.278 581.0 
257.162 582.0 
256.814 583.0 
257.046 584.0 
252.172 585.0 
256.814 586.0 
257.162 587.0 
257.046 588.0 
257.162 589.0 
257.162 590.0 
257.046 591.0 
256.582 592.0 
256.466 593.0 
256.698 594.0 
256.93 595.0 
256.35 596.0 
256.582 597.0 
256.118 598.0 
256.698 599.0 
256.582 600.0 
257.278 601.0 
256.814 602.0 
257.278 603.0 
256.814 604.0 
257.278 605.0 
256.814 606.0 
257.162 607.0 
256.582 608.0 
257.162 609.0 
257.626 610.0 
256.698 611.0 
256.814 612.0 
256.93 613.0 
257.046 614.0 
256.698 615.0 
256.814 616.0 
257.162 617.0 
256.35 618.0 
257.046 619.0 
254.841 620.0 
256.93 621.0 
256.814 622.0 
256.814 623.0 
256.814 624.0 
257.394 625.0 
256.582 626.0 
257.162 627.0 
257.394 628.0 
256.582 629.0 
257.162 630.0 
257.046 631.0 
256.466 632.0 
257.046 633.0 
260.063 634.0 
256.93 635.0 
257.162 636.0 
257.162 637.0 
256.582 638.0 
256.814 639.0 
256.93 640.0 
256.814 641.0 
256.582 642.0 
257.046 643.0 
256.582 644.0 
256.35 645.0 
256.93 646.0 
257.394 647.0 
256.698 648.0 
256.698 649.0 
256.93 650.0 
256.582 651.0 
256.35 652.0 
256.93 653.0 
257.046 654.0 
256.35 655.0 
256.118 656.0 
256.93 657.0 
257.046 658.0 
256.93 659.0 
257.046 660.0 
257.046 661.0 
256.466 662.0 
256.698 663.0 
256.814 664.0 
257.162 665.0 
257.394 666.0 
256.93 667.0 
257.162 668.0 
257.162 669.0 
257.278 670.0 
256.698 671.0 
256.698 672.0 
256.93 673.0 
256.582 674.0 
256.814 675.0 
256.582 676.0 
256.582 677.0 
256.814 678.0 
256.814 679.0 
257.394 680.0 
256.582 681.0 
256.698 682.0 
257.046 683.0 
257.394 684.0 
257.162 685.0 
257.51 686.0 
256.582 687.0 
256.698 688.0 
257.162 689.0 
257.162 690.0 
257.162 691.0 
257.278 692.0 
256.35 693.0 
256.814 694.0 
256.698 695.0 
256.814 696.0 
256.35 697.0 
257.278 698.0 
255.886 699.0 
256.698 700.0 
256.814 701.0 
257.046 702.0 
256.93 703.0 
257.162 704.0 
257.046 705.0 
257.046 706.0 
256.698 707.0 
256.814 708.0 
257.046 709.0 
256.93 710.0 
256.698 711.0 
257.162 712.0 
257.046 713.0 
257.278 714.0 
255.073 715.0 
256.582 716.0 
256.35 717.0 
256.814 718.0 
256.814 719.0 
257.046 720.0 
256.814 721.0 
257.046 722.0 
257.278 723.0 
257.046 724.0 
257.162 725.0 
256.35 726.0 
256.814 727.0 
256.93 728.0 
256.93 729.0 
257.046 730.0 
256.93 731.0 
256.698 732.0 
257.046 733.0 
256.93 734.0 
256.93 735.0 
257.278 736.0 
257.162 737.0 
257.278 738.0 
256.234 739.0 
256.466 740.0 
256.814 741.0 
256.93 742.0 
256.466 743.0 
256.698 744.0 
256.582 745.0 
256.93 746.0 
257.046 747.0 
256.93 748.0 
256.93 749.0 
257.046 750.0 
256.93 751.0 
256.93 752.0 
256.698 753.0 
257.046 754.0 
256.582 755.0 
256.118 756.0 
257.162 757.0 
256.698 758.0 
256.698 759.0 
256.93 760.0 
257.162 761.0 
257.162 762.0 
257.046 763.0 
256.814 764.0 
257.046 765.0 
257.046 766.0 
257.046 767.0 
257.278 768.0 
257.162 769.0 
257.162 770.0 
256.814 771.0 
257.162 772.0 
256.582 773.0 
256.93 774.0 
256.93 775.0 
256.93 776.0 
256.582 777.0 
256.93 778.0 
256.93 779.0 
256.814 780.0 
256.93 781.0 
256.814 782.0 
257.162 783.0 
257.162 784.0 
256.93 785.0 
256.698 786.0 
256.582 787.0 
257.046 788.0 
257.046 789.0 
256.93 790.0 
256.93 791.0 
256.93 792.0 
257.046 793.0 
256.814 794.0 
256.698 795.0 
256.93 796.0 
256.466 797.0 
256.814 798.0 
256.582 799.0 
256.698 800.0 
256.814 801.0 
256.814 802.0 
256.582 803.0 
256.93 804.0 
0.032 805.0 
0.029 806.0 
0.036 807.0 
0.04 808.0 
0.042 809.0 
0.029 810.0 
0.025 811.0 
0.032 812.0 
0.006 813.0 
0.006 814.0 
0.005 815.0 
-0.002 816.0 
-0.014 817.0 
-0.03 818.0 
-0.031 819.0 
-0.034 820.0 
-0.05 821.0 
-0.048 822.0 
-0.054 823.0 
-0.06 824.0 
-0.058 825.0 
-0.065 826.0 
-0.071 827.0 
-0.071 828.0 
-0.064 829.0 
