-0.049 257.0 
-0.047 258.0 
-0.064 259.0 
-0.053 260.0 
-0.061 261.0 
-0.052 262.0 
-0.042 263.0 
-0.032 264.0 
-0.041 265.0 
-0.064 266.0 
-0.048 267.0 
-0.032 268.0 
-0.061 269.0 
-0.055 270.0 
-0.061 271.0 
-0.075 272.0 
-0.04 273.0 
-0.055 274.0 
273.177 275.0 
269.463 276.0 
268.303 277.0 
266.678 278.0 
265.053 279.0 
263.429 280.0 
261.456 281.0 
262.849 282.0 
258.323 283.0 
258.439 284.0 
257.859 285.0 
257.51 286.0 
257.394 287.0 
257.278 288.0 
256.814 289.0 
256.582 290.0 
256.118 291.0 
256.234 292.0 
256.118 293.0 
254.609 294.0 
255.422 295.0 
255.538 296.0 
255.654 297.0 
254.957 298.0 
255.189 299.0 
255.189 300.0 
254.377 301.0 
254.841 302.0 
254.261 303.0 
254.609 304.0 
254.725 305.0 
254.029 306.0 
254.145 307.0 
254.145 308.0 
254.261 309.0 
253.681 310.0 
254.029 311.0 
253.565 312.0 
253.913 313.0 
253.217 314.0 
253.681 315.0 
253.681 316.0 
253.913 317.0 
253.565 318.0 
247.994 319.0 
253.565 320.0 
252.752 321.0 
253.449 322.0 
253.681 323.0 
253.913 324.0 
253.333 325.0 
253.681 326.0 
253.333 327.0 
253.101 328.0 
259.367 329.0 
253.333 330.0 
253.217 331.0 
255.77 332.0 
253.449 333.0 
252.985 334.0 
253.449 335.0 
253.681 336.0 
253.565 337.0 
252.985 338.0 
256.118 339.0 
253.565 340.0 
253.333 341.0 
253.333 342.0 
251.476 343.0 
253.449 344.0 
253.449 345.0 
253.101 346.0 
252.636 347.0 
251.244 348.0 
253.449 349.0 
253.449 350.0 
253.565 351.0 
253.333 352.0 
252.868 353.0 
252.404 354.0 
251.012 355.0 
253.449 356.0 
254.029 357.0 
253.565 358.0 
253.681 359.0 
253.449 360.0 
253.797 361.0 
253.681 362.0 
253.565 363.0 
253.333 364.0 
253.681 365.0 
253.217 366.0 
253.333 367.0 
252.868 368.0 
252.985 369.0 
253.217 370.0 
253.333 371.0 
253.565 372.0 
253.217 373.0 
253.681 374.0 
253.449 375.0 
254.609 376.0 
253.217 377.0 
253.565 378.0 
253.565 379.0 
253.449 380.0 
253.797 381.0 
253.797 382.0 
253.681 383.0 
253.797 384.0 
253.565 385.0 
253.565 386.0 
252.868 387.0 
253.333 388.0 
253.449 389.0 
253.449 390.0 
253.217 391.0 
253.333 392.0 
253.449 393.0 
253.217 394.0 
253.333 395.0 
253.797 396.0 
253.101 397.0 
253.797 398.0 
252.752 399.0 
253.217 400.0 
253.681 401.0 
253.449 402.0 
253.797 403.0 
253.681 404.0 
253.565 405.0 
253.217 406.0 
253.217 407.0 
253.449 408.0 
253.333 409.0 
253.101 410.0 
253.333 411.0 
253.449 412.0 
254.145 413.0 
253.449 414.0 
252.985 415.0 
253.913 416.0 
253.681 417.0 
253.797 418.0 
253.449 419.0 
253.449 420.0 
253.449 421.0 
253.449 422.0 
253.681 423.0 
253.681 424.0 
253.565 425.0 
253.217 426.0 
253.449 427.0 
253.217 428.0 
253.217 429.0 
253.449 430.0 
253.565 431.0 
253.449 432.0 
253.797 433.0 
253.101 434.0 
253.333 435.0 
253.565 436.0 
253.449 437.0 
253.333 438.0 
253.101 439.0 
253.101 440.0 
253.449 441.0 
253.565 442.0 
253.797 443.0 
253.913 444.0 
253.681 445.0 
253.217 446.0 
253.797 447.0 
253.681 448.0 
253.797 449.0 
253.565 450.0 
253.217 451.0 
253.333 452.0 
253.449 453.0 
252.985 454.0 
253.797 455.0 
252.056 456.0 
253.681 457.0 
253.681 458.0 
254.029 459.0 
254.029 460.0 
253.565 461.0 
253.797 462.0 
254.145 463.0 
253.913 464.0 
253.681 465.0 
253.681 466.0 
253.681 467.0 
253.101 468.0 
253.681 469.0 
253.333 470.0 
253.449 471.0 
253.797 472.0 
251.824 473.0 
253.333 474.0 
253.913 475.0 
253.913 476.0 
253.797 477.0 
253.913 478.0 
253.449 479.0 
253.913 480.0 
253.913 481.0 
253.681 482.0 
254.029 483.0 
253.681 484.0 
253.681 485.0 
253.449 486.0 
253.333 487.0 
253.797 488.0 
253.565 489.0 
253.449 490.0 
253.681 491.0 
253.565 492.0 
253.333 493.0 
253.797 494.0 
253.565 495.0 
253.681 496.0 
253.565 497.0 
253.681 498.0 
253.449 499.0 
253.681 500.0 
253.333 501.0 
253.565 502.0 
253.449 503.0 
253.449 504.0 
253.449 505.0 
253.449 506.0 
251.244 507.0 
255.886 508.0 
253.101 509.0 
253.449 510.0 
253.217 511.0 
253.449 512.0 
253.565 513.0 
253.217 514.0 
253.449 515.0 
252.288 516.0 
255.305 517.0 
253.217 518.0 
253.101 519.0 
253.333 520.0 
253.449 521.0 
253.565 522.0 
253.449 523.0 
253.217 524.0 
253.565 525.0 
253.333 526.0 
252.985 527.0 
253.333 528.0 
253.101 529.0 
252.868 530.0 
253.333 531.0 
253.449 532.0 
254.609 533.0 
253.449 534.0 
253.565 535.0 
253.565 536.0 
253.797 537.0 
253.333 538.0 
253.101 539.0 
253.217 540.0 
253.681 541.0 
253.681 542.0 
253.681 543.0 
253.217 544.0 
253.449 545.0 
253.101 546.0 
253.449 547.0 
253.681 548.0 
253.333 549.0 
253.333 550.0 
251.824 551.0 
253.681 552.0 
253.449 553.0 
252.868 554.0 
253.101 555.0 
253.449 556.0 
253.449 557.0 
253.217 558.0 
250.78 559.0 
253.913 560.0 
253.333 561.0 
253.101 562.0 
253.449 563.0 
253.333 564.0 
253.101 565.0 
253.449 566.0 
253.217 567.0 
253.101 568.0 
252.868 569.0 
253.101 570.0 
253.449 571.0 
253.333 572.0 
253.101 573.0 
253.101 574.0 
253.101 575.0 
253.565 576.0 
253.681 577.0 
253.333 578.0 
253.565 579.0 
253.333 580.0 
253.565 581.0 
253.333 582.0 
254.029 583.0 
253.797 584.0 
247.762 585.0 
253.449 586.0 
253.449 587.0 
253.565 588.0 
253.217 589.0 
253.565 590.0 
253.217 591.0 
253.217 592.0 
253.333 593.0 
253.565 594.0 
253.333 595.0 
253.449 596.0 
253.333 597.0 
252.985 598.0 
253.565 599.0 
253.333 600.0 
254.029 601.0 
253.449 602.0 
253.913 603.0 
253.681 604.0 
253.797 605.0 
253.449 606.0 
253.449 607.0 
253.333 608.0 
253.681 609.0 
253.913 610.0 
253.449 611.0 
253.797 612.0 
253.449 613.0 
253.449 614.0 
253.333 615.0 
252.985 616.0 
253.681 617.0 
253.101 618.0 
253.565 619.0 
251.94 620.0 
253.449 621.0 
253.797 622.0 
253.333 623.0 
253.565 624.0 
253.913 625.0 
253.101 626.0 
253.333 627.0 
253.797 628.0 
253.449 629.0 
253.449 630.0 
253.681 631.0 
253.333 632.0 
253.449 633.0 
255.422 634.0 
253.217 635.0 
253.565 636.0 
253.913 637.0 
253.565 638.0 
253.565 639.0 
253.913 640.0 
253.449 641.0 
253.333 642.0 
253.681 643.0 
253.333 644.0 
253.565 645.0 
253.449 646.0 
254.029 647.0 
253.217 648.0 
253.449 649.0 
253.449 650.0 
253.101 651.0 
252.752 652.0 
253.565 653.0 
253.449 654.0 
253.449 655.0 
252.868 656.0 
253.565 657.0 
253.681 658.0 
253.565 659.0 
253.797 660.0 
253.797 661.0 
253.333 662.0 
253.217 663.0 
253.565 664.0 
253.565 665.0 
253.449 666.0 
253.217 667.0 
253.449 668.0 
253.449 669.0 
253.681 670.0 
253.217 671.0 
253.333 672.0 
253.681 673.0 
253.565 674.0 
253.565 675.0 
253.333 676.0 
253.333 677.0 
253.681 678.0 
253.565 679.0 
254.029 680.0 
253.101 681.0 
253.681 682.0 
253.797 683.0 
253.681 684.0 
253.217 685.0 
253.913 686.0 
252.52 687.0 
253.217 688.0 
253.565 689.0 
253.565 690.0 
253.565 691.0 
253.797 692.0 
253.101 693.0 
253.217 694.0 
253.797 695.0 
253.449 696.0 
253.565 697.0 
253.333 698.0 
253.101 699.0 
253.565 700.0 
253.565 701.0 
253.333 702.0 
253.565 703.0 
253.913 704.0 
253.333 705.0 
253.681 706.0 
253.333 707.0 
253.217 708.0 
253.217 709.0 
252.868 710.0 
253.565 711.0 
253.449 712.0 
253.681 713.0 
253.333 714.0 
251.476 715.0 
253.217 716.0 
253.101 717.0 
253.449 718.0 
253.797 719.0 
253.333 720.0 
253.449 721.0 
253.565 722.0 
253.681 723.0 
253.913 724.0 
253.565 725.0 
252.636 726.0 
253.217 727.0 
253.449 728.0 
253.217 729.0 
253.449 730.0 
253.565 731.0 
253.449 732.0 
253.333 733.0 
253.449 734.0 
253.449 735.0 
253.217 736.0 
253.681 737.0 
253.681 738.0 
253.333 739.0 
253.217 740.0 
253.449 741.0 
253.217 742.0 
253.565 743.0 
253.681 744.0 
253.449 745.0 
253.449 746.0 
253.101 747.0 
253.217 748.0 
253.333 749.0 
252.868 750.0 
253.565 751.0 
253.565 752.0 
253.101 753.0 
253.217 754.0 
253.565 755.0 
253.797 756.0 
253.565 757.0 
253.565 758.0 
253.681 759.0 
253.797 760.0 
253.681 761.0 
253.449 762.0 
254.029 763.0 
253.681 764.0 
253.913 765.0 
253.449 766.0 
253.333 767.0 
253.449 768.0 
253.333 769.0 
253.449 770.0 
253.449 771.0 
253.565 772.0 
253.565 773.0 
253.681 774.0 
253.449 775.0 
253.681 776.0 
253.681 777.0 
253.565 778.0 
253.449 779.0 
253.449 780.0 
253.681 781.0 
253.565 782.0 
253.565 783.0 
253.681 784.0 
253.333 785.0 
253.681 786.0 
253.565 787.0 
253.449 788.0 
253.217 789.0 
253.797 790.0 
253.449 791.0 
253.333 792.0 
253.449 793.0 
253.333 794.0 
253.565 795.0 
253.797 796.0 
253.449 797.0 
253.797 798.0 
253.449 799.0 
253.333 800.0 
253.565 801.0 
253.449 802.0 
253.681 803.0 
253.565 804.0 
0.022 805.0 
0.025 806.0 
0.03 807.0 
0.038 808.0 
0.025 809.0 
0.029 810.0 
0.037 811.0 
0.028 812.0 
0.019 813.0 
0.019 814.0 
0.03 815.0 
0.018 816.0 
0.006 817.0 
0.013 818.0 
0.012 819.0 
0.004 820.0 
-0.007 821.0 
-0.001 822.0 
-0.007 823.0 
-0.011 824.0 
-0.016 825.0 
-0.023 826.0 
-0.029 827.0 
-0.025 828.0 
-0.031 829.0 
