-0.046 257.0 
-0.044 258.0 
-0.053 259.0 
-0.042 260.0 
-0.053 261.0 
-0.066 262.0 
-0.053 263.0 
-0.054 264.0 
-0.042 265.0 
-0.043 266.0 
-0.053 267.0 
-0.064 268.0 
-0.058 269.0 
-0.052 270.0 
-0.042 271.0 
-0.043 272.0 
-0.043 273.0 
-0.041 274.0 
136.908 275.0 
134.28 276.0 
133.556 277.0 
132.33 278.0 
130.94 279.0 
128.885 280.0 
127.144 281.0 
124.715 282.0 
120.931 283.0 
119.482 284.0 
119.237 285.0 
118.969 286.0 
118.875 287.0 
118.641 288.0 
118.431 289.0 
117.812 290.0 
117.66 291.0 
117.485 292.0 
117.252 293.0 
117.182 294.0 
116.749 295.0 
116.644 296.0 
116.598 297.0 
116.154 298.0 
115.943 299.0 
115.92 300.0 
115.43 301.0 
115.348 302.0 
114.799 303.0 
114.682 304.0 
114.507 305.0 
113.841 306.0 
112.591 307.0 
110.337 308.0 
107.85 309.0 
104.544 310.0 
101.239 311.0 
97.361 312.0 
93.635 313.0 
89.536 314.0 
85.67 315.0 
81.792 316.0 
78.055 317.0 
75.228 318.0 
75.1 319.0 
74.89 320.0 
74.75 321.0 
74.785 322.0 
74.691 323.0 
74.714 324.0 
74.668 325.0 
74.621 326.0 
74.668 327.0 
74.609 328.0 
74.773 329.0 
74.691 330.0 
74.621 331.0 
74.936 332.0 
74.691 333.0 
74.598 334.0 
74.621 335.0 
74.738 336.0 
74.726 337.0 
74.586 338.0 
74.738 339.0 
74.621 340.0 
74.656 341.0 
74.586 342.0 
74.714 343.0 
74.679 344.0 
74.633 345.0 
74.586 346.0 
74.574 347.0 
74.633 348.0 
74.679 349.0 
74.656 350.0 
74.598 351.0 
74.644 352.0 
74.598 353.0 
74.539 354.0 
74.703 355.0 
74.691 356.0 
74.691 357.0 
74.633 358.0 
74.691 359.0 
74.679 360.0 
74.691 361.0 
74.621 362.0 
74.621 363.0 
74.586 364.0 
74.633 365.0 
74.656 366.0 
74.679 367.0 
74.586 368.0 
74.668 369.0 
74.668 370.0 
74.691 371.0 
74.668 372.0 
74.691 373.0 
74.738 374.0 
74.726 375.0 
75.006 376.0 
74.609 377.0 
74.621 378.0 
74.633 379.0 
74.621 380.0 
74.598 381.0 
74.691 382.0 
74.598 383.0 
74.609 384.0 
74.621 385.0 
74.679 386.0 
74.586 387.0 
74.563 388.0 
74.633 389.0 
74.644 390.0 
74.633 391.0 
74.633 392.0 
74.714 393.0 
74.574 394.0 
74.644 395.0 
74.75 396.0 
74.609 397.0 
74.656 398.0 
74.621 399.0 
74.563 400.0 
74.668 401.0 
74.656 402.0 
74.714 403.0 
74.691 404.0 
74.644 405.0 
74.574 406.0 
74.621 407.0 
74.609 408.0 
74.656 409.0 
74.598 410.0 
74.644 411.0 
74.679 412.0 
75.1 413.0 
74.679 414.0 
74.633 415.0 
74.656 416.0 
74.621 417.0 
74.668 418.0 
74.656 419.0 
74.586 420.0 
74.621 421.0 
74.668 422.0 
74.668 423.0 
74.633 424.0 
74.598 425.0 
74.644 426.0 
74.668 427.0 
74.621 428.0 
74.609 429.0 
74.609 430.0 
74.668 431.0 
74.668 432.0 
74.691 433.0 
74.586 434.0 
74.609 435.0 
74.598 436.0 
74.668 437.0 
74.598 438.0 
74.516 439.0 
74.586 440.0 
74.633 441.0 
74.586 442.0 
74.621 443.0 
74.586 444.0 
74.598 445.0 
74.598 446.0 
74.703 447.0 
74.703 448.0 
74.679 449.0 
74.983 450.0 
74.644 451.0 
74.586 452.0 
74.598 453.0 
74.539 454.0 
74.668 455.0 
74.621 456.0 
74.574 457.0 
74.539 458.0 
74.644 459.0 
74.644 460.0 
74.621 461.0 
74.598 462.0 
74.691 463.0 
74.644 464.0 
74.621 465.0 
74.691 466.0 
74.679 467.0 
74.609 468.0 
74.691 469.0 
74.609 470.0 
74.609 471.0 
74.621 472.0 
74.551 473.0 
74.633 474.0 
74.691 475.0 
74.633 476.0 
74.574 477.0 
74.609 478.0 
74.528 479.0 
74.609 480.0 
74.703 481.0 
74.609 482.0 
74.668 483.0 
74.598 484.0 
74.621 485.0 
74.563 486.0 
74.574 487.0 
74.668 488.0 
74.586 489.0 
74.621 490.0 
74.644 491.0 
74.621 492.0 
74.633 493.0 
74.656 494.0 
74.563 495.0 
74.528 496.0 
74.656 497.0 
74.633 498.0 
74.563 499.0 
74.574 500.0 
74.633 501.0 
74.668 502.0 
74.504 503.0 
74.563 504.0 
74.563 505.0 
74.598 506.0 
74.528 507.0 
74.785 508.0 
74.574 509.0 
74.586 510.0 
74.598 511.0 
74.609 512.0 
74.621 513.0 
74.609 514.0 
74.633 515.0 
74.633 516.0 
75.03 517.0 
74.446 518.0 
74.469 519.0 
74.516 520.0 
74.516 521.0 
74.516 522.0 
74.481 523.0 
74.563 524.0 
74.504 525.0 
74.516 526.0 
74.493 527.0 
74.469 528.0 
74.469 529.0 
74.446 530.0 
74.458 531.0 
74.574 532.0 
74.89 533.0 
74.516 534.0 
74.493 535.0 
74.528 536.0 
74.434 537.0 
74.341 538.0 
74.306 539.0 
74.294 540.0 
74.411 541.0 
74.259 542.0 
74.282 543.0 
74.236 544.0 
74.212 545.0 
74.154 546.0 
74.259 547.0 
74.236 548.0 
74.177 549.0 
74.119 550.0 
74.014 551.0 
74.177 552.0 
74.119 553.0 
74.107 554.0 
74.084 555.0 
74.201 556.0 
74.107 557.0 
74.072 558.0 
73.652 559.0 
74.142 560.0 
74.095 561.0 
74.037 562.0 
74.166 563.0 
74.072 564.0 
73.99 565.0 
74.166 566.0 
74.154 567.0 
74.014 568.0 
74.095 569.0 
74.072 570.0 
74.189 571.0 
74.107 572.0 
74.049 573.0 
74.13 574.0 
74.072 575.0 
74.434 576.0 
74.13 577.0 
74.107 578.0 
74.201 579.0 
74.107 580.0 
74.224 581.0 
74.142 582.0 
74.166 583.0 
74.154 584.0 
74.236 585.0 
74.154 586.0 
74.095 587.0 
74.166 588.0 
74.13 589.0 
74.189 590.0 
74.119 591.0 
74.177 592.0 
74.095 593.0 
74.142 594.0 
74.084 595.0 
74.142 596.0 
74.095 597.0 
74.166 598.0 
74.095 599.0 
74.13 600.0 
74.259 601.0 
74.142 602.0 
74.224 603.0 
74.107 604.0 
74.201 605.0 
74.072 606.0 
74.154 607.0 
74.06 608.0 
74.154 609.0 
74.212 610.0 
74.142 611.0 
74.201 612.0 
74.119 613.0 
74.166 614.0 
74.06 615.0 
74.142 616.0 
74.189 617.0 
74.014 618.0 
74.13 619.0 
73.874 620.0 
74.095 621.0 
74.142 622.0 
74.072 623.0 
74.119 624.0 
74.212 625.0 
74.095 626.0 
74.13 627.0 
74.212 628.0 
74.095 629.0 
74.154 630.0 
74.201 631.0 
74.084 632.0 
74.177 633.0 
74.551 634.0 
74.107 635.0 
74.177 636.0 
74.224 637.0 
74.095 638.0 
74.13 639.0 
74.189 640.0 
74.084 641.0 
74.084 642.0 
74.201 643.0 
74.049 644.0 
74.084 645.0 
74.154 646.0 
74.201 647.0 
74.095 648.0 
74.13 649.0 
74.189 650.0 
74.037 651.0 
74.014 652.0 
74.107 653.0 
74.201 654.0 
74.049 655.0 
74.119 656.0 
74.166 657.0 
74.154 658.0 
74.084 659.0 
74.154 660.0 
74.177 661.0 
74.166 662.0 
74.049 663.0 
74.13 664.0 
74.166 665.0 
74.201 666.0 
74.06 667.0 
74.142 668.0 
74.177 669.0 
74.189 670.0 
74.06 671.0 
74.095 672.0 
74.154 673.0 
74.189 674.0 
74.142 675.0 
74.084 676.0 
74.084 677.0 
74.119 678.0 
74.13 679.0 
74.189 680.0 
74.049 681.0 
74.119 682.0 
74.142 683.0 
74.166 684.0 
74.189 685.0 
74.212 686.0 
74.014 687.0 
74.095 688.0 
74.13 689.0 
74.154 690.0 
74.201 691.0 
74.224 692.0 
74.049 693.0 
74.107 694.0 
74.119 695.0 
74.13 696.0 
74.095 697.0 
74.177 698.0 
73.99 699.0 
74.037 700.0 
74.084 701.0 
74.119 702.0 
74.142 703.0 
74.166 704.0 
74.107 705.0 
74.212 706.0 
74.072 707.0 
74.072 708.0 
74.107 709.0 
74.072 710.0 
74.142 711.0 
74.189 712.0 
74.177 713.0 
74.212 714.0 
74.002 715.0 
74.06 716.0 
74.037 717.0 
74.084 718.0 
74.072 719.0 
74.107 720.0 
74.13 721.0 
74.166 722.0 
74.166 723.0 
74.201 724.0 
74.201 725.0 
74.025 726.0 
74.06 727.0 
74.072 728.0 
74.084 729.0 
74.107 730.0 
74.119 731.0 
74.119 732.0 
74.119 733.0 
74.154 734.0 
74.189 735.0 
74.166 736.0 
74.201 737.0 
74.212 738.0 
74.014 739.0 
74.037 740.0 
74.037 741.0 
74.072 742.0 
74.072 743.0 
74.084 744.0 
74.072 745.0 
74.06 746.0 
74.06 747.0 
74.084 748.0 
74.119 749.0 
74.119 750.0 
74.119 751.0 
74.095 752.0 
74.119 753.0 
74.107 754.0 
74.13 755.0 
74.154 756.0 
74.119 757.0 
74.13 758.0 
74.13 759.0 
74.095 760.0 
74.107 761.0 
74.13 762.0 
74.13 763.0 
74.13 764.0 
74.119 765.0 
74.13 766.0 
74.142 767.0 
74.154 768.0 
74.166 769.0 
74.177 770.0 
74.119 771.0 
74.142 772.0 
74.13 773.0 
74.154 774.0 
74.154 775.0 
74.154 776.0 
74.154 777.0 
74.13 778.0 
74.142 779.0 
74.119 780.0 
74.107 781.0 
74.13 782.0 
74.119 783.0 
74.13 784.0 
74.119 785.0 
74.119 786.0 
74.119 787.0 
74.119 788.0 
74.142 789.0 
74.154 790.0 
74.154 791.0 
74.13 792.0 
74.142 793.0 
74.142 794.0 
74.142 795.0 
74.154 796.0 
74.177 797.0 
74.13 798.0 
74.142 799.0 
74.13 800.0 
74.119 801.0 
74.154 802.0 
74.13 803.0 
74.13 804.0 
0.0 805.0 
0.0 806.0 
0.006 807.0 
-0.007 808.0 
-0.006 809.0 
-0.005 810.0 
-0.004 811.0 
-0.002 812.0 
-0.001 813.0 
-0.005 814.0 
-0.004 815.0 
-0.007 816.0 
-0.014 817.0 
-0.025 818.0 
-0.013 819.0 
-0.01 820.0 
-0.007 821.0 
-0.012 822.0 
-0.024 823.0 
-0.012 824.0 
-0.022 825.0 
-0.016 826.0 
-0.012 827.0 
-0.019 828.0 
-0.02 829.0 
