-0.029 257.0 
-0.03 258.0 
-0.071 259.0 
-0.036 260.0 
-0.056 261.0 
-0.052 262.0 
-0.053 263.0 
-0.061 264.0 
-0.038 265.0 
-0.056 266.0 
-0.059 267.0 
-0.04 268.0 
-0.049 269.0 
-0.046 270.0 
-0.048 271.0 
-0.032 272.0 
-0.037 273.0 
-0.052 274.0 
140.926 275.0 
137.831 276.0 
136.803 277.0 
135.273 278.0 
133.813 279.0 
132.015 280.0 
130.578 281.0 
128.429 282.0 
125.1 283.0 
123.956 284.0 
123.64 285.0 
123.337 286.0 
123.185 287.0 
122.916 288.0 
122.671 289.0 
122.029 290.0 
121.818 291.0 
121.643 292.0 
121.468 293.0 
121.375 294.0 
120.837 295.0 
120.732 296.0 
120.674 297.0 
120.195 298.0 
120.02 299.0 
119.926 300.0 
119.412 301.0 
119.342 302.0 
118.77 303.0 
118.712 304.0 
118.618 305.0 
117.917 306.0 
116.784 307.0 
114.6 308.0 
112.054 309.0 
108.445 310.0 
105.058 311.0 
101.005 312.0 
97.023 313.0 
92.9 314.0 
88.788 315.0 
84.689 316.0 
80.998 317.0 
78.102 318.0 
77.973 319.0 
77.739 320.0 
77.623 321.0 
77.623 322.0 
77.529 323.0 
77.599 324.0 
77.564 325.0 
77.448 326.0 
77.553 327.0 
77.471 328.0 
77.669 329.0 
77.588 330.0 
77.494 331.0 
77.798 332.0 
77.588 333.0 
77.459 334.0 
77.506 335.0 
77.564 336.0 
77.576 337.0 
77.448 338.0 
77.611 339.0 
77.518 340.0 
77.494 341.0 
77.471 342.0 
77.541 343.0 
77.518 344.0 
77.494 345.0 
77.436 346.0 
77.412 347.0 
77.506 348.0 
77.529 349.0 
77.506 350.0 
77.459 351.0 
77.494 352.0 
77.506 353.0 
77.319 354.0 
77.564 355.0 
77.518 356.0 
77.553 357.0 
77.518 358.0 
77.576 359.0 
77.483 360.0 
77.541 361.0 
77.506 362.0 
77.541 363.0 
77.424 364.0 
77.483 365.0 
77.518 366.0 
77.541 367.0 
77.494 368.0 
77.471 369.0 
77.494 370.0 
77.541 371.0 
77.541 372.0 
77.553 373.0 
77.576 374.0 
77.588 375.0 
77.763 376.0 
77.459 377.0 
77.471 378.0 
77.506 379.0 
77.494 380.0 
77.518 381.0 
77.599 382.0 
77.494 383.0 
77.471 384.0 
77.448 385.0 
77.576 386.0 
77.494 387.0 
77.412 388.0 
77.518 389.0 
77.494 390.0 
77.518 391.0 
77.483 392.0 
77.564 393.0 
77.377 394.0 
77.494 395.0 
77.576 396.0 
77.436 397.0 
77.518 398.0 
77.412 399.0 
77.448 400.0 
77.553 401.0 
77.506 402.0 
77.588 403.0 
77.529 404.0 
77.483 405.0 
77.412 406.0 
77.529 407.0 
77.448 408.0 
77.506 409.0 
77.424 410.0 
77.494 411.0 
77.529 412.0 
77.868 413.0 
77.541 414.0 
77.471 415.0 
77.529 416.0 
77.424 417.0 
77.588 418.0 
77.471 419.0 
77.448 420.0 
77.494 421.0 
77.529 422.0 
77.553 423.0 
77.471 424.0 
77.471 425.0 
77.529 426.0 
77.541 427.0 
77.483 428.0 
77.471 429.0 
77.436 430.0 
77.529 431.0 
77.518 432.0 
77.553 433.0 
77.436 434.0 
77.436 435.0 
77.483 436.0 
77.529 437.0 
77.459 438.0 
77.401 439.0 
77.483 440.0 
77.459 441.0 
77.459 442.0 
77.518 443.0 
77.459 444.0 
77.436 445.0 
77.448 446.0 
77.529 447.0 
77.553 448.0 
77.529 449.0 
77.856 450.0 
77.471 451.0 
77.471 452.0 
77.459 453.0 
77.436 454.0 
77.494 455.0 
77.389 456.0 
77.448 457.0 
77.412 458.0 
77.541 459.0 
77.553 460.0 
77.506 461.0 
77.483 462.0 
77.553 463.0 
77.494 464.0 
77.483 465.0 
77.553 466.0 
77.529 467.0 
77.459 468.0 
77.483 469.0 
77.448 470.0 
77.412 471.0 
77.483 472.0 
77.377 473.0 
77.471 474.0 
77.576 475.0 
77.483 476.0 
77.401 477.0 
77.471 478.0 
77.389 479.0 
77.494 480.0 
77.576 481.0 
77.483 482.0 
77.529 483.0 
77.459 484.0 
77.506 485.0 
77.424 486.0 
77.436 487.0 
77.576 488.0 
77.459 489.0 
77.448 490.0 
77.506 491.0 
77.459 492.0 
77.494 493.0 
77.518 494.0 
77.448 495.0 
77.377 496.0 
77.494 497.0 
77.529 498.0 
77.412 499.0 
77.424 500.0 
77.483 501.0 
77.518 502.0 
77.389 503.0 
77.401 504.0 
77.459 505.0 
77.471 506.0 
77.401 507.0 
77.634 508.0 
77.401 509.0 
77.401 510.0 
77.436 511.0 
77.448 512.0 
77.471 513.0 
77.494 514.0 
77.471 515.0 
77.529 516.0 
77.786 517.0 
77.331 518.0 
77.366 519.0 
77.366 520.0 
77.401 521.0 
77.377 522.0 
77.354 523.0 
77.389 524.0 
77.342 525.0 
77.366 526.0 
77.354 527.0 
77.307 528.0 
77.331 529.0 
77.284 530.0 
77.331 531.0 
77.424 532.0 
77.401 533.0 
77.354 534.0 
77.342 535.0 
77.342 536.0 
77.307 537.0 
77.214 538.0 
77.179 539.0 
77.12 540.0 
77.249 541.0 
77.156 542.0 
77.144 543.0 
77.132 544.0 
77.074 545.0 
77.05 546.0 
77.144 547.0 
77.132 548.0 
77.085 549.0 
76.992 550.0 
76.887 551.0 
77.027 552.0 
77.004 553.0 
76.969 554.0 
76.922 555.0 
77.039 556.0 
77.004 557.0 
76.945 558.0 
76.63 559.0 
77.015 560.0 
76.945 561.0 
76.945 562.0 
77.027 563.0 
76.957 564.0 
76.91 565.0 
76.992 566.0 
77.027 567.0 
76.922 568.0 
76.98 569.0 
76.934 570.0 
77.062 571.0 
76.992 572.0 
76.899 573.0 
77.004 574.0 
76.922 575.0 
77.296 576.0 
76.992 577.0 
76.992 578.0 
77.062 579.0 
77.004 580.0 
77.085 581.0 
77.05 582.0 
77.097 583.0 
77.027 584.0 
76.7 585.0 
77.027 586.0 
76.934 587.0 
77.085 588.0 
76.98 589.0 
77.027 590.0 
76.934 591.0 
77.039 592.0 
76.934 593.0 
77.004 594.0 
76.934 595.0 
76.992 596.0 
76.957 597.0 
77.05 598.0 
76.945 599.0 
77.015 600.0 
77.085 601.0 
77.015 602.0 
77.109 603.0 
76.98 604.0 
77.085 605.0 
76.945 606.0 
77.085 607.0 
76.934 608.0 
77.027 609.0 
77.085 610.0 
76.98 611.0 
77.074 612.0 
76.969 613.0 
77.039 614.0 
76.922 615.0 
76.992 616.0 
77.085 617.0 
76.934 618.0 
77.05 619.0 
76.817 620.0 
77.004 621.0 
77.015 622.0 
76.957 623.0 
77.027 624.0 
77.109 625.0 
76.98 626.0 
77.039 627.0 
77.097 628.0 
76.992 629.0 
77.015 630.0 
77.097 631.0 
76.992 632.0 
77.039 633.0 
77.296 634.0 
76.957 635.0 
77.039 636.0 
77.074 637.0 
76.957 638.0 
77.004 639.0 
77.062 640.0 
76.945 641.0 
76.969 642.0 
77.039 643.0 
76.91 644.0 
76.922 645.0 
77.062 646.0 
77.074 647.0 
76.945 648.0 
76.992 649.0 
77.05 650.0 
76.922 651.0 
76.922 652.0 
77.027 653.0 
77.05 654.0 
76.934 655.0 
76.957 656.0 
76.992 657.0 
77.062 658.0 
76.957 659.0 
76.992 660.0 
77.062 661.0 
77.027 662.0 
76.934 663.0 
76.992 664.0 
77.062 665.0 
77.097 666.0 
76.969 667.0 
77.015 668.0 
77.039 669.0 
77.039 670.0 
76.922 671.0 
76.957 672.0 
77.015 673.0 
77.027 674.0 
77.05 675.0 
76.922 676.0 
76.98 677.0 
77.015 678.0 
77.062 679.0 
77.097 680.0 
76.945 681.0 
76.957 682.0 
77.004 683.0 
77.05 684.0 
77.004 685.0 
77.097 686.0 
76.852 687.0 
76.969 688.0 
76.992 689.0 
76.98 690.0 
77.05 691.0 
77.097 692.0 
76.945 693.0 
76.957 694.0 
76.992 695.0 
77.015 696.0 
77.004 697.0 
77.062 698.0 
76.864 699.0 
76.91 700.0 
76.945 701.0 
76.992 702.0 
76.98 703.0 
77.05 704.0 
77.027 705.0 
77.085 706.0 
76.922 707.0 
76.945 708.0 
76.969 709.0 
76.934 710.0 
77.015 711.0 
77.039 712.0 
77.039 713.0 
77.085 714.0 
76.817 715.0 
76.899 716.0 
76.864 717.0 
76.957 718.0 
76.98 719.0 
77.015 720.0 
77.027 721.0 
77.039 722.0 
77.039 723.0 
77.062 724.0 
77.074 725.0 
76.922 726.0 
76.922 727.0 
76.957 728.0 
76.98 729.0 
76.98 730.0 
76.992 731.0 
76.969 732.0 
76.992 733.0 
77.015 734.0 
77.039 735.0 
77.015 736.0 
77.05 737.0 
77.085 738.0 
76.887 739.0 
76.922 740.0 
76.91 741.0 
76.934 742.0 
76.934 743.0 
76.899 744.0 
76.934 745.0 
76.957 746.0 
76.934 747.0 
76.957 748.0 
76.957 749.0 
76.934 750.0 
76.98 751.0 
76.957 752.0 
76.992 753.0 
76.957 754.0 
76.992 755.0 
77.015 756.0 
77.004 757.0 
76.992 758.0 
76.98 759.0 
77.015 760.0 
77.015 761.0 
77.015 762.0 
77.039 763.0 
77.027 764.0 
77.004 765.0 
77.015 766.0 
77.027 767.0 
77.062 768.0 
77.015 769.0 
77.027 770.0 
77.027 771.0 
77.004 772.0 
76.992 773.0 
77.015 774.0 
77.004 775.0 
77.039 776.0 
77.004 777.0 
77.004 778.0 
77.027 779.0 
77.015 780.0 
76.992 781.0 
77.004 782.0 
77.027 783.0 
77.027 784.0 
77.039 785.0 
77.004 786.0 
77.027 787.0 
77.015 788.0 
76.992 789.0 
77.027 790.0 
77.015 791.0 
76.992 792.0 
77.015 793.0 
77.004 794.0 
77.015 795.0 
77.015 796.0 
77.004 797.0 
77.004 798.0 
77.015 799.0 
77.039 800.0 
76.992 801.0 
77.015 802.0 
76.992 803.0 
77.027 804.0 
-0.006 805.0 
-0.004 806.0 
0.0 807.0 
-0.007 808.0 
-0.014 809.0 
-0.024 810.0 
-0.034 811.0 
-0.034 812.0 
-0.04 813.0 
-0.042 814.0 
-0.052 815.0 
-0.054 816.0 
-0.062 817.0 
-0.068 818.0 
-0.058 819.0 
-0.064 820.0 
-0.061 821.0 
-0.058 822.0 
-0.061 823.0 
-0.061 824.0 
-0.054 825.0 
-0.06 826.0 
-0.054 827.0 
-0.035 828.0 
-0.029 829.0 
