-0.055 257.0 
-0.04 258.0 
-0.104 259.0 
-0.031 260.0 
-0.048 261.0 
-0.056 262.0 
-0.054 263.0 
-0.025 264.0 
-0.002 265.0 
-0.026 266.0 
-0.04 267.0 
-0.043 268.0 
-0.02 269.0 
-0.038 270.0 
-0.048 271.0 
-0.037 272.0 
-0.052 273.0 
-0.035 274.0 
140.471 275.0 
137.586 276.0 
136.768 277.0 
135.413 278.0 
133.907 279.0 
131.828 280.0 
130.029 281.0 
127.565 282.0 
123.71 283.0 
122.402 284.0 
122.075 285.0 
121.702 286.0 
121.515 287.0 
121.258 288.0 
121.012 289.0 
120.428 290.0 
120.183 291.0 
119.938 292.0 
119.786 293.0 
119.704 294.0 
119.237 295.0 
119.074 296.0 
118.945 297.0 
118.478 298.0 
118.291 299.0 
118.221 300.0 
117.66 301.0 
117.555 302.0 
117.018 303.0 
116.866 304.0 
116.749 305.0 
116.049 306.0 
114.612 307.0 
112.229 308.0 
109.555 309.0 
105.899 310.0 
102.173 311.0 
98.214 312.0 
94.488 313.0 
90.412 314.0 
86.698 315.0 
82.89 316.0 
79.41 317.0 
76.7 318.0 
76.618 319.0 
76.408 320.0 
76.245 321.0 
76.268 322.0 
76.174 323.0 
76.221 324.0 
76.104 325.0 
76.058 326.0 
76.186 327.0 
76.116 328.0 
76.256 329.0 
76.198 330.0 
76.128 331.0 
76.186 332.0 
76.209 333.0 
76.128 334.0 
76.28 335.0 
76.186 336.0 
76.186 337.0 
76.081 338.0 
76.268 339.0 
76.104 340.0 
76.093 341.0 
76.128 342.0 
76.116 343.0 
76.139 344.0 
76.151 345.0 
76.104 346.0 
76.081 347.0 
76.139 348.0 
76.163 349.0 
76.151 350.0 
76.139 351.0 
76.186 352.0 
76.128 353.0 
76.046 354.0 
76.011 355.0 
76.139 356.0 
76.174 357.0 
76.151 358.0 
76.245 359.0 
76.128 360.0 
76.151 361.0 
76.104 362.0 
76.128 363.0 
76.093 364.0 
76.104 365.0 
76.151 366.0 
76.151 367.0 
76.116 368.0 
76.116 369.0 
76.104 370.0 
76.174 371.0 
76.163 372.0 
76.186 373.0 
76.198 374.0 
76.233 375.0 
76.443 376.0 
76.046 377.0 
76.139 378.0 
76.128 379.0 
76.093 380.0 
76.128 381.0 
76.221 382.0 
76.139 383.0 
76.116 384.0 
76.093 385.0 
76.163 386.0 
76.093 387.0 
76.069 388.0 
76.186 389.0 
76.139 390.0 
76.151 391.0 
76.116 392.0 
76.221 393.0 
76.069 394.0 
76.151 395.0 
76.233 396.0 
76.093 397.0 
76.151 398.0 
76.081 399.0 
76.058 400.0 
76.198 401.0 
76.151 402.0 
76.209 403.0 
76.151 404.0 
76.069 405.0 
76.081 406.0 
76.128 407.0 
76.093 408.0 
76.151 409.0 
76.081 410.0 
76.128 411.0 
76.186 412.0 
76.642 413.0 
76.186 414.0 
76.093 415.0 
76.151 416.0 
76.081 417.0 
76.186 418.0 
76.139 419.0 
76.069 420.0 
76.104 421.0 
76.174 422.0 
76.151 423.0 
76.069 424.0 
76.081 425.0 
76.151 426.0 
76.174 427.0 
76.104 428.0 
76.116 429.0 
76.046 430.0 
76.128 431.0 
76.174 432.0 
76.151 433.0 
76.046 434.0 
76.116 435.0 
76.139 436.0 
76.221 437.0 
76.011 438.0 
76.093 439.0 
76.104 440.0 
76.116 441.0 
76.104 442.0 
76.093 443.0 
76.116 444.0 
76.093 445.0 
76.058 446.0 
76.186 447.0 
76.198 448.0 
76.163 449.0 
76.466 450.0 
76.104 451.0 
76.139 452.0 
76.081 453.0 
76.046 454.0 
76.163 455.0 
76.139 456.0 
76.058 457.0 
76.069 458.0 
76.163 459.0 
76.174 460.0 
76.151 461.0 
76.069 462.0 
76.186 463.0 
76.151 464.0 
76.116 465.0 
76.174 466.0 
76.093 467.0 
76.104 468.0 
76.151 469.0 
76.081 470.0 
76.093 471.0 
76.104 472.0 
76.186 473.0 
76.128 474.0 
76.209 475.0 
76.128 476.0 
76.034 477.0 
76.116 478.0 
76.034 479.0 
76.116 480.0 
76.186 481.0 
76.104 482.0 
76.174 483.0 
76.104 484.0 
76.139 485.0 
76.081 486.0 
76.081 487.0 
76.163 488.0 
76.116 489.0 
76.104 490.0 
76.174 491.0 
76.104 492.0 
76.116 493.0 
76.163 494.0 
76.058 495.0 
76.069 496.0 
76.116 497.0 
76.163 498.0 
76.023 499.0 
76.046 500.0 
76.104 501.0 
76.116 502.0 
76.023 503.0 
76.058 504.0 
76.046 505.0 
76.093 506.0 
76.011 507.0 
76.256 508.0 
76.046 509.0 
76.046 510.0 
76.058 511.0 
76.093 512.0 
76.128 513.0 
76.116 514.0 
76.139 515.0 
76.116 516.0 
76.385 517.0 
75.917 518.0 
75.953 519.0 
75.988 520.0 
76.011 521.0 
75.929 522.0 
75.953 523.0 
75.988 524.0 
75.999 525.0 
75.964 526.0 
75.999 527.0 
75.964 528.0 
75.964 529.0 
75.917 530.0 
75.917 531.0 
76.058 532.0 
76.034 533.0 
76.011 534.0 
75.976 535.0 
75.953 536.0 
75.871 537.0 
75.801 538.0 
75.836 539.0 
75.754 540.0 
75.871 541.0 
75.742 542.0 
75.742 543.0 
75.707 544.0 
75.684 545.0 
75.661 546.0 
75.766 547.0 
75.696 548.0 
75.614 549.0 
75.567 550.0 
75.474 551.0 
75.672 552.0 
75.579 553.0 
75.555 554.0 
75.544 555.0 
75.661 556.0 
75.555 557.0 
75.555 558.0 
75.147 559.0 
75.59 560.0 
75.555 561.0 
75.485 562.0 
75.614 563.0 
75.532 564.0 
75.462 565.0 
75.614 566.0 
75.602 567.0 
75.474 568.0 
75.544 569.0 
75.509 570.0 
75.637 571.0 
75.532 572.0 
75.497 573.0 
75.579 574.0 
75.52 575.0 
75.614 576.0 
75.509 577.0 
75.567 578.0 
75.625 579.0 
75.555 580.0 
75.661 581.0 
75.59 582.0 
75.625 583.0 
75.59 584.0 
75.672 585.0 
75.614 586.0 
75.544 587.0 
75.614 588.0 
75.544 589.0 
75.625 590.0 
75.579 591.0 
75.637 592.0 
75.544 593.0 
75.614 594.0 
75.567 595.0 
75.59 596.0 
75.555 597.0 
75.614 598.0 
75.555 599.0 
75.59 600.0 
75.707 601.0 
75.579 602.0 
75.649 603.0 
75.602 604.0 
75.649 605.0 
75.544 606.0 
75.614 607.0 
75.52 608.0 
75.59 609.0 
75.719 610.0 
75.602 611.0 
75.661 612.0 
75.544 613.0 
75.625 614.0 
75.52 615.0 
75.567 616.0 
75.625 617.0 
75.485 618.0 
75.59 619.0 
75.322 620.0 
75.567 621.0 
75.614 622.0 
75.532 623.0 
75.59 624.0 
75.661 625.0 
75.544 626.0 
75.59 627.0 
75.661 628.0 
75.567 629.0 
75.614 630.0 
75.661 631.0 
75.555 632.0 
75.637 633.0 
75.894 634.0 
75.579 635.0 
75.649 636.0 
75.649 637.0 
75.509 638.0 
75.602 639.0 
75.661 640.0 
75.509 641.0 
75.567 642.0 
75.637 643.0 
75.544 644.0 
75.555 645.0 
75.602 646.0 
75.696 647.0 
75.555 648.0 
75.567 649.0 
75.625 650.0 
75.52 651.0 
75.52 652.0 
75.614 653.0 
75.649 654.0 
75.52 655.0 
75.567 656.0 
75.59 657.0 
75.637 658.0 
75.532 659.0 
75.59 660.0 
75.625 661.0 
75.625 662.0 
75.497 663.0 
75.579 664.0 
75.625 665.0 
75.649 666.0 
75.509 667.0 
75.567 668.0 
75.614 669.0 
75.614 670.0 
75.52 671.0 
75.544 672.0 
75.614 673.0 
75.637 674.0 
75.59 675.0 
75.52 676.0 
75.579 677.0 
75.567 678.0 
75.637 679.0 
75.625 680.0 
75.509 681.0 
75.555 682.0 
75.579 683.0 
75.602 684.0 
75.614 685.0 
75.707 686.0 
75.462 687.0 
75.567 688.0 
75.59 689.0 
75.637 690.0 
75.649 691.0 
75.684 692.0 
75.509 693.0 
75.532 694.0 
75.579 695.0 
75.602 696.0 
75.614 697.0 
75.602 698.0 
75.427 699.0 
75.509 700.0 
75.544 701.0 
75.602 702.0 
75.602 703.0 
75.602 704.0 
75.579 705.0 
75.672 706.0 
75.509 707.0 
75.52 708.0 
75.59 709.0 
75.555 710.0 
75.579 711.0 
75.614 712.0 
75.637 713.0 
75.672 714.0 
75.404 715.0 
75.509 716.0 
75.52 717.0 
75.532 718.0 
75.567 719.0 
75.555 720.0 
75.59 721.0 
75.614 722.0 
75.614 723.0 
75.661 724.0 
75.661 725.0 
75.509 726.0 
75.509 727.0 
75.544 728.0 
75.555 729.0 
75.567 730.0 
75.567 731.0 
75.637 732.0 
75.625 733.0 
75.637 734.0 
75.637 735.0 
75.649 736.0 
75.649 737.0 
75.649 738.0 
75.474 739.0 
75.462 740.0 
75.497 741.0 
75.485 742.0 
75.474 743.0 
75.52 744.0 
75.532 745.0 
75.567 746.0 
75.52 747.0 
75.544 748.0 
75.567 749.0 
75.555 750.0 
75.555 751.0 
75.579 752.0 
75.579 753.0 
75.59 754.0 
75.579 755.0 
75.52 756.0 
75.59 757.0 
75.485 758.0 
75.579 759.0 
75.579 760.0 
75.59 761.0 
75.59 762.0 
75.579 763.0 
75.555 764.0 
75.59 765.0 
75.602 766.0 
75.614 767.0 
75.602 768.0 
75.625 769.0 
75.625 770.0 
75.614 771.0 
75.614 772.0 
75.602 773.0 
75.579 774.0 
75.602 775.0 
75.637 776.0 
75.614 777.0 
75.567 778.0 
75.602 779.0 
75.567 780.0 
75.614 781.0 
75.579 782.0 
75.59 783.0 
75.579 784.0 
75.637 785.0 
75.579 786.0 
75.59 787.0 
75.579 788.0 
75.59 789.0 
75.637 790.0 
75.59 791.0 
75.602 792.0 
75.614 793.0 
75.59 794.0 
75.579 795.0 
75.567 796.0 
75.579 797.0 
75.567 798.0 
75.567 799.0 
75.59 800.0 
75.579 801.0 
75.567 802.0 
75.544 803.0 
75.567 804.0 
0.001 805.0 
0.001 806.0 
-0.01 807.0 
-0.016 808.0 
0.0 809.0 
-0.007 810.0 
-0.018 811.0 
-0.025 812.0 
-0.037 813.0 
-0.029 814.0 
-0.037 815.0 
-0.044 816.0 
-0.042 817.0 
-0.053 818.0 
-0.058 819.0 
-0.059 820.0 
-0.062 821.0 
-0.058 822.0 
-0.054 823.0 
-0.055 824.0 
-0.061 825.0 
-0.052 826.0 
-0.058 827.0 
-0.054 828.0 
-0.043 829.0 
