-0.024 257.0 
-0.035 258.0 
-0.047 259.0 
-0.025 260.0 
-0.035 261.0 
-0.025 262.0 
-0.02 263.0 
-0.032 264.0 
-0.016 265.0 
-0.023 266.0 
-0.013 267.0 
-0.036 268.0 
-0.016 269.0 
-0.024 270.0 
-0.014 271.0 
-0.025 272.0 
-0.029 273.0 
-0.022 274.0 
151.601 275.0 
149.242 276.0 
148.319 277.0 
147.035 278.0 
145.54 279.0 
143.741 280.0 
141.837 281.0 
138.882 282.0 
135.764 283.0 
134.374 284.0 
133.988 285.0 
133.708 286.0 
133.51 287.0 
133.229 288.0 
132.914 289.0 
132.248 290.0 
132.108 291.0 
131.898 292.0 
131.758 293.0 
131.349 294.0 
131.115 295.0 
130.987 296.0 
130.882 297.0 
130.309 298.0 
130.029 299.0 
129.959 300.0 
129.398 301.0 
129.258 302.0 
128.686 303.0 
128.522 304.0 
128.604 305.0 
127.448 306.0 
125.719 307.0 
122.998 308.0 
120.055 309.0 
116.06 310.0 
112.253 311.0 
107.966 312.0 
103.843 313.0 
99.347 314.0 
94.955 315.0 
90.47 316.0 
86.417 317.0 
83.206 318.0 
82.984 319.0 
82.703 320.0 
82.505 321.0 
82.493 322.0 
82.341 323.0 
82.365 324.0 
82.306 325.0 
82.236 326.0 
82.341 327.0 
82.236 328.0 
82.236 329.0 
82.341 330.0 
82.26 331.0 
82.306 332.0 
82.365 333.0 
82.283 334.0 
82.201 335.0 
82.341 336.0 
82.295 337.0 
82.189 338.0 
82.423 339.0 
82.236 340.0 
82.26 341.0 
82.201 342.0 
82.33 343.0 
82.213 344.0 
82.236 345.0 
82.201 346.0 
82.201 347.0 
82.26 348.0 
82.271 349.0 
82.295 350.0 
82.213 351.0 
82.283 352.0 
82.236 353.0 
82.178 354.0 
82.224 355.0 
82.318 356.0 
82.33 357.0 
82.248 358.0 
82.295 359.0 
82.271 360.0 
82.306 361.0 
82.248 362.0 
82.248 363.0 
82.189 364.0 
82.236 365.0 
82.236 366.0 
82.295 367.0 
82.201 368.0 
82.224 369.0 
82.236 370.0 
82.271 371.0 
82.26 372.0 
82.283 373.0 
82.306 374.0 
82.318 375.0 
82.388 376.0 
82.201 377.0 
82.224 378.0 
82.224 379.0 
82.236 380.0 
82.248 381.0 
82.365 382.0 
82.248 383.0 
82.224 384.0 
82.213 385.0 
82.283 386.0 
82.201 387.0 
82.154 388.0 
82.283 389.0 
82.295 390.0 
82.236 391.0 
82.213 392.0 
82.33 393.0 
82.189 394.0 
82.271 395.0 
82.341 396.0 
82.189 397.0 
82.248 398.0 
82.143 399.0 
82.178 400.0 
82.295 401.0 
82.26 402.0 
82.318 403.0 
82.306 404.0 
82.224 405.0 
82.178 406.0 
82.271 407.0 
82.178 408.0 
82.26 409.0 
82.189 410.0 
82.213 411.0 
82.283 412.0 
82.657 413.0 
82.295 414.0 
82.248 415.0 
82.306 416.0 
82.189 417.0 
82.271 418.0 
82.26 419.0 
82.166 420.0 
82.201 421.0 
82.248 422.0 
82.271 423.0 
82.213 424.0 
82.236 425.0 
82.236 426.0 
82.295 427.0 
82.213 428.0 
82.224 429.0 
82.213 430.0 
82.236 431.0 
82.295 432.0 
82.26 433.0 
82.154 434.0 
82.213 435.0 
82.213 436.0 
82.248 437.0 
82.154 438.0 
82.189 439.0 
82.213 440.0 
82.178 441.0 
82.189 442.0 
82.189 443.0 
82.189 444.0 
82.189 445.0 
82.131 446.0 
82.295 447.0 
82.271 448.0 
82.493 449.0 
82.423 450.0 
82.213 451.0 
82.224 452.0 
82.189 453.0 
82.119 454.0 
82.26 455.0 
82.049 456.0 
82.213 457.0 
82.154 458.0 
82.26 459.0 
82.318 460.0 
82.224 461.0 
82.189 462.0 
82.283 463.0 
82.213 464.0 
82.224 465.0 
82.271 466.0 
82.213 467.0 
82.178 468.0 
82.26 469.0 
82.178 470.0 
82.154 471.0 
82.224 472.0 
82.084 473.0 
82.224 474.0 
82.306 475.0 
82.224 476.0 
82.154 477.0 
82.189 478.0 
82.119 479.0 
82.213 480.0 
82.295 481.0 
82.189 482.0 
82.306 483.0 
82.166 484.0 
82.236 485.0 
82.131 486.0 
82.154 487.0 
82.283 488.0 
82.166 489.0 
82.213 490.0 
82.236 491.0 
82.224 492.0 
82.213 493.0 
82.271 494.0 
82.178 495.0 
82.154 496.0 
82.224 497.0 
82.248 498.0 
82.119 499.0 
82.154 500.0 
82.213 501.0 
82.224 502.0 
82.108 503.0 
82.143 504.0 
82.143 505.0 
82.178 506.0 
82.131 507.0 
82.236 508.0 
82.108 509.0 
82.143 510.0 
82.178 511.0 
82.154 512.0 
82.201 513.0 
82.201 514.0 
82.224 515.0 
82.154 516.0 
82.54 517.0 
82.049 518.0 
82.073 519.0 
82.061 520.0 
82.108 521.0 
82.084 522.0 
82.073 523.0 
82.073 524.0 
82.061 525.0 
82.038 526.0 
82.049 527.0 
81.956 528.0 
82.014 529.0 
81.968 530.0 
81.968 531.0 
82.096 532.0 
82.038 533.0 
81.932 534.0 
81.968 535.0 
81.909 536.0 
81.851 537.0 
81.769 538.0 
81.746 539.0 
81.769 540.0 
81.874 541.0 
81.781 542.0 
81.757 543.0 
81.746 544.0 
81.664 545.0 
81.629 546.0 
81.769 547.0 
81.652 548.0 
81.652 549.0 
81.582 550.0 
81.535 551.0 
81.664 552.0 
81.617 553.0 
81.57 554.0 
81.547 555.0 
81.664 556.0 
81.582 557.0 
81.547 558.0 
81.313 559.0 
81.629 560.0 
81.547 561.0 
81.489 562.0 
81.605 563.0 
81.559 564.0 
81.477 565.0 
81.64 566.0 
81.629 567.0 
81.5 568.0 
81.617 569.0 
81.57 570.0 
81.652 571.0 
81.582 572.0 
81.524 573.0 
81.605 574.0 
81.535 575.0 
81.909 576.0 
81.57 577.0 
81.547 578.0 
81.64 579.0 
81.629 580.0 
81.652 581.0 
81.617 582.0 
81.629 583.0 
81.629 584.0 
81.734 585.0 
81.64 586.0 
81.582 587.0 
81.64 588.0 
81.57 589.0 
81.617 590.0 
81.535 591.0 
81.605 592.0 
81.582 593.0 
81.605 594.0 
81.547 595.0 
81.582 596.0 
81.535 597.0 
81.629 598.0 
81.559 599.0 
81.582 600.0 
81.699 601.0 
81.617 602.0 
81.699 603.0 
81.57 604.0 
81.64 605.0 
81.535 606.0 
81.64 607.0 
81.512 608.0 
81.594 609.0 
81.664 610.0 
81.582 611.0 
81.664 612.0 
81.535 613.0 
81.652 614.0 
81.512 615.0 
81.582 616.0 
81.687 617.0 
81.57 618.0 
81.629 619.0 
81.325 620.0 
81.582 621.0 
81.605 622.0 
81.57 623.0 
81.594 624.0 
81.64 625.0 
81.524 626.0 
81.629 627.0 
81.699 628.0 
81.535 629.0 
81.605 630.0 
81.687 631.0 
81.547 632.0 
81.652 633.0 
81.968 634.0 
81.57 635.0 
81.652 636.0 
81.687 637.0 
81.524 638.0 
81.594 639.0 
81.687 640.0 
81.512 641.0 
81.594 642.0 
81.652 643.0 
81.489 644.0 
81.57 645.0 
81.629 646.0 
81.687 647.0 
81.605 648.0 
81.547 649.0 
81.629 650.0 
81.465 651.0 
81.547 652.0 
81.594 653.0 
81.664 654.0 
81.512 655.0 
81.559 656.0 
81.57 657.0 
81.64 658.0 
81.524 659.0 
81.594 660.0 
81.617 661.0 
81.711 662.0 
81.524 663.0 
81.582 664.0 
81.64 665.0 
81.687 666.0 
81.547 667.0 
81.605 668.0 
81.652 669.0 
81.664 670.0 
81.535 671.0 
81.582 672.0 
81.594 673.0 
81.617 674.0 
81.699 675.0 
81.559 676.0 
81.535 677.0 
81.582 678.0 
81.617 679.0 
81.676 680.0 
81.489 681.0 
81.524 682.0 
81.582 683.0 
81.64 684.0 
81.664 685.0 
81.676 686.0 
81.547 687.0 
81.57 688.0 
81.57 689.0 
81.617 690.0 
81.664 691.0 
81.64 692.0 
81.512 693.0 
81.559 694.0 
81.57 695.0 
81.664 696.0 
81.64 697.0 
81.687 698.0 
81.197 699.0 
81.489 700.0 
81.547 701.0 
81.559 702.0 
81.594 703.0 
81.582 704.0 
81.605 705.0 
81.664 706.0 
81.489 707.0 
81.535 708.0 
81.559 709.0 
81.57 710.0 
81.605 711.0 
81.629 712.0 
81.652 713.0 
81.652 714.0 
81.687 715.0 
81.535 716.0 
81.512 717.0 
81.547 718.0 
81.57 719.0 
81.582 720.0 
81.617 721.0 
81.605 722.0 
81.64 723.0 
81.664 724.0 
81.699 725.0 
81.512 726.0 
81.477 727.0 
81.547 728.0 
81.57 729.0 
81.582 730.0 
81.594 731.0 
81.594 732.0 
81.594 733.0 
81.629 734.0 
81.652 735.0 
81.687 736.0 
81.699 737.0 
81.664 738.0 
81.162 739.0 
81.5 740.0 
81.5 741.0 
81.489 742.0 
81.524 743.0 
81.524 744.0 
81.524 745.0 
81.547 746.0 
81.535 747.0 
81.559 748.0 
81.582 749.0 
81.535 750.0 
81.605 751.0 
81.582 752.0 
81.582 753.0 
81.594 754.0 
81.629 755.0 
81.605 756.0 
81.582 757.0 
81.582 758.0 
81.582 759.0 
81.605 760.0 
81.594 761.0 
81.629 762.0 
81.64 763.0 
81.605 764.0 
81.57 765.0 
81.594 766.0 
81.629 767.0 
81.605 768.0 
81.605 769.0 
81.629 770.0 
81.629 771.0 
81.629 772.0 
81.605 773.0 
81.594 774.0 
81.617 775.0 
81.617 776.0 
81.605 777.0 
81.582 778.0 
81.605 779.0 
81.617 780.0 
81.594 781.0 
81.594 782.0 
81.605 783.0 
81.617 784.0 
81.582 785.0 
81.617 786.0 
81.594 787.0 
81.605 788.0 
81.605 789.0 
81.582 790.0 
81.617 791.0 
81.652 792.0 
81.605 793.0 
81.617 794.0 
81.617 795.0 
81.617 796.0 
81.605 797.0 
81.582 798.0 
81.594 799.0 
81.594 800.0 
81.605 801.0 
81.605 802.0 
81.594 803.0 
81.605 804.0 
0.01 805.0 
0.01 806.0 
0.007 807.0 
0.0 808.0 
0.008 809.0 
0.011 810.0 
0.002 811.0 
0.006 812.0 
-0.006 813.0 
-0.002 814.0 
-0.007 815.0 
-0.011 816.0 
-0.013 817.0 
-0.014 818.0 
-0.014 819.0 
-0.013 820.0 
-0.008 821.0 
-0.006 822.0 
-0.011 823.0 
-0.018 824.0 
-0.02 825.0 
-0.013 826.0 
-0.012 827.0 
-0.016 828.0 
-0.007 829.0 
