-0.023 257.0 
-0.037 258.0 
-0.026 259.0 
-0.012 260.0 
-0.005 261.0 
-0.006 262.0 
-0.016 263.0 
-0.002 264.0 
-0.014 265.0 
-0.011 266.0 
-0.032 267.0 
-0.035 268.0 
-0.041 269.0 
-0.008 270.0 
-0.016 271.0 
-0.01 272.0 
-0.016 273.0 
-0.013 274.0 
155.502 275.0 
151.473 276.0 
150.433 277.0 
149.114 278.0 
147.455 279.0 
145.47 280.0 
143.484 281.0 
141.218 282.0 
138.135 283.0 
137.072 284.0 
136.733 285.0 
136.348 286.0 
136.149 287.0 
135.787 288.0 
135.483 289.0 
135.262 290.0 
134.608 291.0 
134.362 292.0 
134.14 293.0 
134.059 294.0 
133.486 295.0 
133.253 296.0 
133.124 297.0 
132.564 298.0 
132.295 299.0 
132.213 300.0 
131.571 301.0 
131.396 302.0 
130.812 303.0 
130.566 304.0 
130.391 305.0 
129.422 306.0 
127.658 307.0 
124.89 308.0 
121.877 309.0 
118.034 310.0 
114.262 311.0 
109.999 312.0 
105.864 313.0 
101.449 314.0 
97.139 315.0 
92.689 316.0 
88.637 317.0 
85.448 318.0 
85.179 319.0 
84.911 320.0 
84.887 321.0 
84.689 322.0 
84.502 323.0 
84.595 324.0 
84.525 325.0 
84.374 326.0 
84.514 327.0 
84.432 328.0 
84.595 329.0 
84.537 330.0 
84.432 331.0 
84.49 332.0 
84.549 333.0 
84.409 334.0 
84.49 335.0 
84.49 336.0 
84.514 337.0 
84.397 338.0 
84.56 339.0 
84.455 340.0 
84.444 341.0 
84.42 342.0 
84.56 343.0 
84.444 344.0 
84.42 345.0 
84.385 346.0 
84.397 347.0 
84.549 348.0 
84.479 349.0 
84.49 350.0 
84.432 351.0 
84.455 352.0 
84.385 353.0 
84.362 354.0 
84.537 355.0 
84.49 356.0 
84.49 357.0 
84.432 358.0 
84.525 359.0 
84.467 360.0 
84.479 361.0 
84.409 362.0 
84.432 363.0 
84.374 364.0 
84.385 365.0 
84.42 366.0 
84.455 367.0 
84.409 368.0 
84.409 369.0 
84.432 370.0 
84.467 371.0 
84.467 372.0 
84.502 373.0 
84.514 374.0 
84.56 375.0 
84.49 376.0 
84.338 377.0 
84.42 378.0 
84.409 379.0 
84.409 380.0 
84.444 381.0 
84.525 382.0 
84.42 383.0 
84.374 384.0 
84.397 385.0 
84.49 386.0 
84.397 387.0 
84.362 388.0 
84.444 389.0 
84.432 390.0 
84.455 391.0 
84.409 392.0 
84.49 393.0 
84.338 394.0 
84.444 395.0 
84.502 396.0 
84.362 397.0 
84.467 398.0 
84.292 399.0 
84.362 400.0 
84.479 401.0 
84.455 402.0 
84.514 403.0 
84.455 404.0 
84.42 405.0 
84.338 406.0 
84.42 407.0 
84.385 408.0 
84.432 409.0 
84.362 410.0 
84.42 411.0 
84.479 412.0 
84.537 413.0 
84.502 414.0 
84.42 415.0 
84.455 416.0 
84.338 417.0 
84.63 418.0 
84.432 419.0 
84.385 420.0 
84.444 421.0 
84.444 422.0 
84.49 423.0 
84.362 424.0 
84.338 425.0 
84.455 426.0 
84.479 427.0 
84.385 428.0 
84.42 429.0 
84.374 430.0 
84.455 431.0 
84.502 432.0 
84.467 433.0 
84.374 434.0 
84.397 435.0 
84.455 436.0 
84.642 437.0 
84.385 438.0 
84.42 439.0 
84.397 440.0 
84.374 441.0 
84.374 442.0 
84.397 443.0 
84.362 444.0 
84.362 445.0 
84.374 446.0 
84.467 447.0 
84.455 448.0 
84.444 449.0 
84.584 450.0 
84.362 451.0 
84.385 452.0 
84.362 453.0 
84.362 454.0 
84.455 455.0 
84.42 456.0 
84.374 457.0 
84.362 458.0 
84.42 459.0 
84.479 460.0 
84.385 461.0 
84.385 462.0 
84.432 463.0 
84.409 464.0 
84.42 465.0 
84.467 466.0 
84.397 467.0 
84.35 468.0 
84.432 469.0 
84.385 470.0 
84.444 471.0 
84.432 472.0 
84.467 473.0 
84.409 474.0 
84.502 475.0 
84.409 476.0 
84.303 477.0 
84.374 478.0 
84.303 479.0 
84.409 480.0 
84.467 481.0 
84.362 482.0 
84.455 483.0 
84.397 484.0 
84.42 485.0 
84.338 486.0 
84.315 487.0 
84.467 488.0 
84.397 489.0 
84.385 490.0 
84.409 491.0 
84.444 492.0 
84.409 493.0 
84.49 494.0 
84.35 495.0 
84.374 496.0 
84.42 497.0 
84.467 498.0 
84.315 499.0 
84.292 500.0 
84.409 501.0 
84.409 502.0 
84.303 503.0 
84.35 504.0 
84.385 505.0 
84.362 506.0 
84.467 507.0 
84.432 508.0 
84.292 509.0 
84.327 510.0 
84.35 511.0 
84.362 512.0 
84.397 513.0 
84.397 514.0 
84.409 515.0 
84.409 516.0 
84.409 517.0 
84.257 518.0 
84.198 519.0 
84.245 520.0 
84.245 521.0 
84.268 522.0 
84.268 523.0 
84.245 524.0 
84.268 525.0 
84.268 526.0 
84.268 527.0 
84.233 528.0 
84.187 529.0 
84.152 530.0 
84.175 531.0 
84.268 532.0 
84.222 533.0 
84.152 534.0 
84.187 535.0 
84.14 536.0 
84.082 537.0 
84.035 538.0 
83.918 539.0 
83.918 540.0 
84.046 541.0 
84.011 542.0 
83.965 543.0 
83.906 544.0 
83.86 545.0 
83.813 546.0 
83.953 547.0 
83.93 548.0 
83.79 549.0 
83.79 550.0 
83.766 551.0 
83.871 552.0 
83.79 553.0 
83.719 554.0 
83.754 555.0 
83.848 556.0 
83.743 557.0 
83.708 558.0 
83.86 559.0 
83.801 560.0 
83.719 561.0 
83.684 562.0 
83.813 563.0 
83.743 564.0 
83.603 565.0 
83.825 566.0 
83.941 567.0 
83.696 568.0 
83.79 569.0 
83.719 570.0 
83.836 571.0 
83.743 572.0 
83.731 573.0 
83.719 574.0 
83.731 575.0 
83.801 576.0 
83.731 577.0 
83.708 578.0 
83.813 579.0 
83.79 580.0 
83.79 581.0 
83.79 582.0 
83.895 583.0 
83.813 584.0 
83.918 585.0 
83.825 586.0 
83.719 587.0 
83.813 588.0 
83.731 589.0 
83.801 590.0 
83.754 591.0 
83.801 592.0 
83.754 593.0 
83.836 594.0 
83.766 595.0 
83.86 596.0 
83.731 597.0 
83.813 598.0 
83.754 599.0 
83.813 600.0 
83.883 601.0 
83.778 602.0 
83.883 603.0 
83.731 604.0 
83.825 605.0 
83.731 606.0 
83.836 607.0 
83.719 608.0 
83.813 609.0 
83.86 610.0 
83.743 611.0 
83.848 612.0 
83.754 613.0 
83.836 614.0 
83.719 615.0 
83.743 616.0 
83.848 617.0 
83.754 618.0 
83.79 619.0 
83.521 620.0 
83.79 621.0 
83.79 622.0 
83.696 623.0 
83.79 624.0 
83.836 625.0 
83.708 626.0 
83.813 627.0 
83.801 628.0 
83.743 629.0 
83.778 630.0 
83.871 631.0 
83.696 632.0 
83.836 633.0 
83.895 634.0 
83.766 635.0 
83.801 636.0 
83.836 637.0 
83.731 638.0 
83.778 639.0 
83.825 640.0 
83.708 641.0 
83.778 642.0 
83.813 643.0 
83.673 644.0 
83.754 645.0 
83.778 646.0 
83.86 647.0 
83.743 648.0 
83.731 649.0 
83.825 650.0 
83.673 651.0 
83.754 652.0 
83.801 653.0 
83.836 654.0 
83.696 655.0 
83.743 656.0 
83.79 657.0 
83.848 658.0 
83.719 659.0 
83.754 660.0 
83.848 661.0 
83.883 662.0 
83.684 663.0 
83.754 664.0 
83.825 665.0 
83.86 666.0 
83.743 667.0 
83.743 668.0 
83.813 669.0 
83.848 670.0 
83.708 671.0 
83.754 672.0 
83.754 673.0 
83.801 674.0 
83.883 675.0 
83.719 676.0 
83.754 677.0 
83.754 678.0 
83.813 679.0 
83.836 680.0 
83.673 681.0 
83.696 682.0 
83.754 683.0 
83.801 684.0 
83.825 685.0 
83.895 686.0 
83.696 687.0 
83.766 688.0 
83.754 689.0 
83.801 690.0 
83.836 691.0 
83.895 692.0 
83.696 693.0 
83.719 694.0 
83.778 695.0 
83.813 696.0 
83.79 697.0 
83.836 698.0 
83.264 699.0 
83.696 700.0 
83.708 701.0 
83.754 702.0 
83.79 703.0 
83.766 704.0 
83.813 705.0 
83.86 706.0 
83.696 707.0 
83.719 708.0 
83.731 709.0 
83.743 710.0 
83.79 711.0 
83.813 712.0 
83.86 713.0 
83.848 714.0 
83.883 715.0 
83.696 716.0 
83.696 717.0 
83.731 718.0 
83.731 719.0 
83.766 720.0 
83.79 721.0 
83.813 722.0 
83.801 723.0 
83.836 724.0 
83.86 725.0 
83.696 726.0 
83.696 727.0 
83.719 728.0 
83.743 729.0 
83.778 730.0 
83.766 731.0 
83.801 732.0 
83.813 733.0 
83.766 734.0 
83.825 735.0 
83.836 736.0 
83.836 737.0 
83.848 738.0 
83.871 739.0 
83.673 740.0 
83.684 741.0 
83.696 742.0 
83.708 743.0 
83.708 744.0 
83.719 745.0 
83.719 746.0 
83.719 747.0 
83.731 748.0 
83.743 749.0 
83.766 750.0 
83.731 751.0 
83.766 752.0 
83.778 753.0 
83.754 754.0 
83.766 755.0 
83.778 756.0 
83.754 757.0 
83.766 758.0 
83.754 759.0 
83.801 760.0 
83.801 761.0 
83.778 762.0 
83.801 763.0 
83.731 764.0 
83.825 765.0 
83.79 766.0 
83.79 767.0 
83.778 768.0 
83.801 769.0 
83.801 770.0 
83.778 771.0 
83.801 772.0 
83.79 773.0 
83.825 774.0 
83.801 775.0 
83.825 776.0 
83.778 777.0 
83.743 778.0 
83.79 779.0 
83.778 780.0 
83.79 781.0 
83.801 782.0 
83.743 783.0 
83.79 784.0 
83.79 785.0 
83.754 786.0 
83.778 787.0 
83.801 788.0 
83.801 789.0 
83.79 790.0 
83.825 791.0 
83.801 792.0 
83.79 793.0 
83.825 794.0 
83.79 795.0 
83.801 796.0 
83.778 797.0 
83.801 798.0 
83.754 799.0 
83.801 800.0 
83.79 801.0 
83.778 802.0 
83.778 803.0 
83.754 804.0 
0.014 805.0 
0.01 806.0 
0.002 807.0 
0.004 808.0 
0.005 809.0 
0.0 810.0 
-0.005 811.0 
-0.023 812.0 
-0.032 813.0 
-0.041 814.0 
-0.043 815.0 
-0.046 816.0 
-0.052 817.0 
-0.048 818.0 
-0.06 819.0 
-0.056 820.0 
-0.054 821.0 
-0.056 822.0 
-0.049 823.0 
-0.06 824.0 
-0.05 825.0 
-0.044 826.0 
-0.041 827.0 
-0.032 828.0 
-0.03 829.0 
