-0.056 257.0 
-0.043 258.0 
-0.052 259.0 
-0.038 260.0 
-0.056 261.0 
-0.047 262.0 
-0.05 263.0 
-0.023 264.0 
-0.017 265.0 
-0.035 266.0 
-0.028 267.0 
-0.043 268.0 
-0.044 269.0 
-0.026 270.0 
-0.02 271.0 
-0.049 272.0 
-0.03 273.0 
-0.054 274.0 
150.095 275.0 
146.427 276.0 
145.096 277.0 
143.484 278.0 
141.65 279.0 
139.314 280.0 
137.492 281.0 
135.495 282.0 
133.031 283.0 
131.314 284.0 
130.975 285.0 
130.66 286.0 
130.496 287.0 
130.251 288.0 
129.924 289.0 
129.749 290.0 
129.176 291.0 
128.908 292.0 
128.686 293.0 
128.557 294.0 
127.985 295.0 
127.845 296.0 
127.752 297.0 
127.191 298.0 
126.957 299.0 
126.899 300.0 
126.338 301.0 
126.233 302.0 
125.813 303.0 
125.614 304.0 
125.544 305.0 
124.937 306.0 
123.699 307.0 
121.293 308.0 
118.361 309.0 
114.39 310.0 
110.302 311.0 
105.619 312.0 
101.309 313.0 
96.824 314.0 
92.783 315.0 
88.683 316.0 
84.957 317.0 
81.944 318.0 
81.839 319.0 
81.535 320.0 
81.465 321.0 
81.454 322.0 
81.372 323.0 
81.395 324.0 
81.372 325.0 
81.255 326.0 
81.372 327.0 
81.302 328.0 
81.5 329.0 
81.395 330.0 
81.325 331.0 
81.384 332.0 
81.407 333.0 
81.325 334.0 
81.792 335.0 
81.36 336.0 
81.36 337.0 
81.267 338.0 
81.419 339.0 
81.278 340.0 
81.313 341.0 
81.313 342.0 
81.442 343.0 
81.313 344.0 
81.29 345.0 
81.278 346.0 
81.255 347.0 
81.384 348.0 
81.384 349.0 
81.384 350.0 
81.302 351.0 
81.313 352.0 
81.243 353.0 
81.197 354.0 
81.43 355.0 
81.407 356.0 
81.407 357.0 
81.302 358.0 
81.407 359.0 
81.337 360.0 
81.372 361.0 
81.337 362.0 
81.325 363.0 
81.278 364.0 
81.302 365.0 
81.325 366.0 
81.325 367.0 
81.302 368.0 
81.325 369.0 
81.36 370.0 
81.348 371.0 
81.36 372.0 
81.36 373.0 
81.395 374.0 
81.407 375.0 
81.676 376.0 
81.232 377.0 
81.302 378.0 
81.267 379.0 
81.302 380.0 
81.29 381.0 
81.419 382.0 
81.313 383.0 
81.29 384.0 
81.29 385.0 
81.384 386.0 
81.255 387.0 
81.267 388.0 
81.325 389.0 
81.313 390.0 
81.348 391.0 
81.29 392.0 
81.36 393.0 
81.22 394.0 
81.302 395.0 
81.36 396.0 
81.243 397.0 
81.313 398.0 
81.278 399.0 
81.267 400.0 
81.36 401.0 
81.337 402.0 
81.395 403.0 
81.348 404.0 
81.267 405.0 
81.278 406.0 
81.313 407.0 
81.243 408.0 
81.313 409.0 
81.278 410.0 
81.302 411.0 
81.407 412.0 
81.816 413.0 
81.372 414.0 
81.267 415.0 
81.348 416.0 
81.232 417.0 
81.337 418.0 
81.325 419.0 
81.243 420.0 
81.29 421.0 
81.325 422.0 
81.348 423.0 
81.267 424.0 
81.29 425.0 
81.302 426.0 
81.36 427.0 
81.267 428.0 
81.278 429.0 
81.325 430.0 
81.325 431.0 
81.337 432.0 
81.348 433.0 
81.22 434.0 
81.267 435.0 
81.325 436.0 
81.477 437.0 
81.22 438.0 
81.267 439.0 
81.267 440.0 
81.255 441.0 
81.267 442.0 
81.302 443.0 
81.29 444.0 
81.267 445.0 
81.22 446.0 
81.348 447.0 
81.348 448.0 
81.337 449.0 
81.313 450.0 
81.243 451.0 
81.267 452.0 
81.255 453.0 
81.22 454.0 
81.313 455.0 
81.302 456.0 
81.267 457.0 
81.232 458.0 
81.348 459.0 
81.348 460.0 
81.313 461.0 
81.278 462.0 
81.384 463.0 
81.337 464.0 
81.302 465.0 
81.384 466.0 
81.302 467.0 
81.232 468.0 
81.36 469.0 
81.302 470.0 
81.267 471.0 
81.29 472.0 
81.384 473.0 
81.29 474.0 
81.384 475.0 
81.278 476.0 
81.22 477.0 
81.255 478.0 
81.208 479.0 
81.313 480.0 
81.384 481.0 
81.29 482.0 
81.325 483.0 
81.232 484.0 
81.313 485.0 
81.22 486.0 
81.232 487.0 
81.337 488.0 
81.278 489.0 
81.29 490.0 
81.337 491.0 
81.325 492.0 
81.267 493.0 
81.313 494.0 
81.255 495.0 
81.22 496.0 
81.267 497.0 
81.36 498.0 
81.197 499.0 
81.22 500.0 
81.29 501.0 
81.302 502.0 
81.185 503.0 
81.22 504.0 
81.255 505.0 
81.278 506.0 
81.29 507.0 
81.395 508.0 
81.197 509.0 
81.232 510.0 
81.267 511.0 
81.278 512.0 
81.278 513.0 
81.267 514.0 
81.267 515.0 
81.313 516.0 
81.325 517.0 
81.068 518.0 
81.138 519.0 
81.162 520.0 
81.162 521.0 
81.197 522.0 
81.173 523.0 
81.197 524.0 
81.15 525.0 
81.162 526.0 
81.173 527.0 
81.092 528.0 
81.127 529.0 
81.103 530.0 
81.08 531.0 
81.22 532.0 
81.185 533.0 
81.103 534.0 
81.162 535.0 
81.103 536.0 
81.045 537.0 
80.986 538.0 
80.951 539.0 
80.916 540.0 
81.033 541.0 
80.975 542.0 
80.916 543.0 
80.893 544.0 
80.835 545.0 
80.765 546.0 
80.905 547.0 
80.858 548.0 
80.811 549.0 
80.776 550.0 
80.741 551.0 
80.811 552.0 
80.765 553.0 
80.718 554.0 
80.683 555.0 
80.823 556.0 
80.729 557.0 
80.729 558.0 
80.367 559.0 
80.788 560.0 
80.741 561.0 
80.706 562.0 
80.811 563.0 
80.694 564.0 
80.671 565.0 
80.788 566.0 
80.8 567.0 
80.671 568.0 
80.765 569.0 
80.706 570.0 
80.846 571.0 
80.741 572.0 
80.683 573.0 
80.694 574.0 
80.683 575.0 
80.8 576.0 
80.718 577.0 
80.729 578.0 
80.823 579.0 
80.753 580.0 
80.835 581.0 
80.776 582.0 
80.811 583.0 
80.765 584.0 
80.916 585.0 
80.823 586.0 
80.706 587.0 
80.8 588.0 
80.741 589.0 
80.846 590.0 
80.753 591.0 
80.776 592.0 
80.706 593.0 
80.765 594.0 
80.729 595.0 
80.788 596.0 
80.683 597.0 
80.835 598.0 
80.729 599.0 
80.788 600.0 
80.858 601.0 
80.741 602.0 
80.858 603.0 
80.753 604.0 
80.835 605.0 
80.694 606.0 
80.8 607.0 
80.671 608.0 
80.8 609.0 
80.881 610.0 
80.765 611.0 
80.835 612.0 
80.729 613.0 
80.811 614.0 
80.718 615.0 
80.753 616.0 
80.835 617.0 
80.683 618.0 
80.788 619.0 
80.449 620.0 
80.729 621.0 
80.835 622.0 
80.718 623.0 
80.753 624.0 
80.881 625.0 
80.706 626.0 
80.776 627.0 
80.858 628.0 
80.729 629.0 
80.776 630.0 
80.87 631.0 
80.683 632.0 
80.8 633.0 
81.185 634.0 
80.729 635.0 
80.776 636.0 
80.87 637.0 
80.694 638.0 
80.788 639.0 
80.835 640.0 
80.671 641.0 
80.753 642.0 
80.846 643.0 
80.694 644.0 
80.776 645.0 
80.811 646.0 
80.835 647.0 
80.718 648.0 
80.741 649.0 
80.835 650.0 
80.671 651.0 
80.683 652.0 
80.8 653.0 
80.823 654.0 
80.694 655.0 
80.718 656.0 
80.741 657.0 
80.835 658.0 
80.741 659.0 
80.811 660.0 
80.835 661.0 
80.846 662.0 
80.694 663.0 
80.753 664.0 
80.823 665.0 
80.87 666.0 
80.729 667.0 
80.765 668.0 
80.8 669.0 
80.87 670.0 
80.718 671.0 
80.741 672.0 
80.776 673.0 
80.811 674.0 
80.87 675.0 
80.718 676.0 
80.718 677.0 
80.753 678.0 
80.765 679.0 
80.846 680.0 
80.706 681.0 
80.683 682.0 
80.741 683.0 
80.788 684.0 
80.835 685.0 
80.893 686.0 
80.729 687.0 
80.741 688.0 
80.776 689.0 
80.811 690.0 
80.823 691.0 
80.87 692.0 
80.683 693.0 
80.694 694.0 
80.729 695.0 
80.8 696.0 
80.823 697.0 
80.823 698.0 
80.543 699.0 
80.694 700.0 
80.729 701.0 
80.706 702.0 
80.776 703.0 
80.788 704.0 
80.811 705.0 
80.823 706.0 
80.694 707.0 
80.729 708.0 
80.729 709.0 
80.788 710.0 
80.776 711.0 
80.788 712.0 
80.8 713.0 
80.811 714.0 
80.881 715.0 
80.659 716.0 
80.706 717.0 
80.694 718.0 
80.729 719.0 
80.753 720.0 
80.776 721.0 
80.788 722.0 
80.835 723.0 
80.835 724.0 
80.858 725.0 
80.671 726.0 
80.694 727.0 
80.718 728.0 
80.718 729.0 
80.765 730.0 
80.8 731.0 
80.753 732.0 
80.8 733.0 
80.846 734.0 
80.8 735.0 
80.8 736.0 
80.811 737.0 
80.835 738.0 
80.601 739.0 
80.671 740.0 
80.648 741.0 
80.706 742.0 
80.671 743.0 
80.671 744.0 
80.671 745.0 
80.718 746.0 
80.706 747.0 
80.706 748.0 
80.729 749.0 
80.753 750.0 
80.753 751.0 
80.741 752.0 
80.776 753.0 
80.729 754.0 
80.765 755.0 
80.8 756.0 
80.741 757.0 
80.765 758.0 
80.753 759.0 
80.753 760.0 
80.776 761.0 
80.765 762.0 
80.776 763.0 
80.776 764.0 
80.8 765.0 
80.788 766.0 
80.765 767.0 
80.8 768.0 
80.8 769.0 
80.788 770.0 
80.776 771.0 
80.765 772.0 
80.765 773.0 
80.8 774.0 
80.788 775.0 
80.8 776.0 
80.8 777.0 
80.741 778.0 
80.776 779.0 
80.8 780.0 
80.776 781.0 
80.776 782.0 
80.788 783.0 
80.8 784.0 
80.776 785.0 
80.788 786.0 
80.765 787.0 
80.788 788.0 
80.776 789.0 
80.788 790.0 
80.788 791.0 
80.765 792.0 
80.776 793.0 
80.765 794.0 
80.776 795.0 
80.753 796.0 
80.776 797.0 
80.776 798.0 
80.765 799.0 
80.776 800.0 
80.753 801.0 
80.741 802.0 
80.788 803.0 
80.765 804.0 
0.0 805.0 
0.0 806.0 
-0.006 807.0 
0.0 808.0 
-0.004 809.0 
-0.008 810.0 
-0.014 811.0 
-0.03 812.0 
-0.038 813.0 
-0.037 814.0 
-0.054 815.0 
-0.054 816.0 
-0.06 817.0 
-0.049 818.0 
-0.047 819.0 
-0.056 820.0 
-0.058 821.0 
-0.062 822.0 
-0.058 823.0 
-0.06 824.0 
-0.053 825.0 
-0.052 826.0 
-0.044 827.0 
-0.029 828.0 
-0.035 829.0 
