-0.035 257.0 
-0.028 258.0 
-0.026 259.0 
-0.041 260.0 
-0.006 261.0 
-0.017 262.0 
-0.036 263.0 
-0.032 264.0 
-0.006 265.0 
-0.017 266.0 
-0.041 267.0 
-0.014 268.0 
-0.008 269.0 
-0.007 270.0 
-0.023 271.0 
-0.013 272.0 
-0.01 273.0 
-0.017 274.0 
133.697 275.0 
128.406 276.0 
127.203 277.0 
126.63 278.0 
126.268 279.0 
126.011 280.0 
125.708 281.0 
125.474 282.0 
124.878 283.0 
124.797 284.0 
124.773 285.0 
124.808 286.0 
124.867 287.0 
124.89 288.0 
124.832 289.0 
124.551 290.0 
124.551 291.0 
124.551 292.0 
124.481 293.0 
124.586 294.0 
124.306 295.0 
124.294 296.0 
124.435 297.0 
124.049 298.0 
124.049 299.0 
124.213 300.0 
123.839 301.0 
123.909 302.0 
123.594 303.0 
123.664 304.0 
123.675 305.0 
122.858 306.0 
120.557 307.0 
116.96 308.0 
113.304 309.0 
108.761 310.0 
103.633 311.0 
96.649 312.0 
88.181 313.0 
78.16 314.0 
68.069 315.0 
58.258 316.0 
49.837 317.0 
42.993 318.0 
42.502 319.0 
42.35 320.0 
41.79 321.0 
42.28 322.0 
42.21 323.0 
42.327 324.0 
42.304 325.0 
42.339 326.0 
42.315 327.0 
42.257 328.0 
42.817 329.0 
42.304 330.0 
42.292 331.0 
42.701 332.0 
42.339 333.0 
42.28 334.0 
42.42 335.0 
42.339 336.0 
42.315 337.0 
42.28 338.0 
42.362 339.0 
42.292 340.0 
42.292 341.0 
42.28 342.0 
42.374 343.0 
42.28 344.0 
42.269 345.0 
42.28 346.0 
42.257 347.0 
42.304 348.0 
42.315 349.0 
42.315 350.0 
42.269 351.0 
42.339 352.0 
42.269 353.0 
41.836 354.0 
42.374 355.0 
42.315 356.0 
42.315 357.0 
42.292 358.0 
42.315 359.0 
42.315 360.0 
42.304 361.0 
42.245 362.0 
42.28 363.0 
42.269 364.0 
42.28 365.0 
42.292 366.0 
42.28 367.0 
42.28 368.0 
42.315 369.0 
42.28 370.0 
42.327 371.0 
42.315 372.0 
42.327 373.0 
42.339 374.0 
42.327 375.0 
42.327 376.0 
42.117 377.0 
42.28 378.0 
42.28 379.0 
42.269 380.0 
42.28 381.0 
42.339 382.0 
42.292 383.0 
42.257 384.0 
42.245 385.0 
42.339 386.0 
42.233 387.0 
42.269 388.0 
42.304 389.0 
42.315 390.0 
42.339 391.0 
42.304 392.0 
42.339 393.0 
42.257 394.0 
42.304 395.0 
42.35 396.0 
42.257 397.0 
42.28 398.0 
42.152 399.0 
42.269 400.0 
42.304 401.0 
42.315 402.0 
42.327 403.0 
42.292 404.0 
42.292 405.0 
42.233 406.0 
42.304 407.0 
42.304 408.0 
42.292 409.0 
42.257 410.0 
42.327 411.0 
42.327 412.0 
42.607 413.0 
42.362 414.0 
42.28 415.0 
42.292 416.0 
42.245 417.0 
42.444 418.0 
42.269 419.0 
42.257 420.0 
42.245 421.0 
42.292 422.0 
42.315 423.0 
42.292 424.0 
42.257 425.0 
42.28 426.0 
42.315 427.0 
42.292 428.0 
42.233 429.0 
42.269 430.0 
42.292 431.0 
42.339 432.0 
42.339 433.0 
42.28 434.0 
42.327 435.0 
42.339 436.0 
42.455 437.0 
42.187 438.0 
42.304 439.0 
42.28 440.0 
42.292 441.0 
42.269 442.0 
42.28 443.0 
42.28 444.0 
42.257 445.0 
42.28 446.0 
42.362 447.0 
42.327 448.0 
42.315 449.0 
42.549 450.0 
42.28 451.0 
42.269 452.0 
42.292 453.0 
42.269 454.0 
42.304 455.0 
42.304 456.0 
42.233 457.0 
42.257 458.0 
42.304 459.0 
42.339 460.0 
42.269 461.0 
42.233 462.0 
42.315 463.0 
42.269 464.0 
42.315 465.0 
42.327 466.0 
42.327 467.0 
42.21 468.0 
42.327 469.0 
42.327 470.0 
42.327 471.0 
42.269 472.0 
42.327 473.0 
42.304 474.0 
42.35 475.0 
42.292 476.0 
42.233 477.0 
42.28 478.0 
42.233 479.0 
42.28 480.0 
42.374 481.0 
42.245 482.0 
42.304 483.0 
42.245 484.0 
42.28 485.0 
42.245 486.0 
42.292 487.0 
42.315 488.0 
42.292 489.0 
42.28 490.0 
42.35 491.0 
42.327 492.0 
42.292 493.0 
42.327 494.0 
42.257 495.0 
42.28 496.0 
42.304 497.0 
42.292 498.0 
42.233 499.0 
42.245 500.0 
42.304 501.0 
42.35 502.0 
42.222 503.0 
42.233 504.0 
42.245 505.0 
42.269 506.0 
41.871 507.0 
42.514 508.0 
42.269 509.0 
42.269 510.0 
42.245 511.0 
42.304 512.0 
42.315 513.0 
42.304 514.0 
42.315 515.0 
42.292 516.0 
42.339 517.0 
42.21 518.0 
42.198 519.0 
42.233 520.0 
42.269 521.0 
42.269 522.0 
42.233 523.0 
42.257 524.0 
42.233 525.0 
42.233 526.0 
42.269 527.0 
42.21 528.0 
42.21 529.0 
42.175 530.0 
42.245 531.0 
42.315 532.0 
42.28 533.0 
42.269 534.0 
42.28 535.0 
42.304 536.0 
42.269 537.0 
42.245 538.0 
42.222 539.0 
42.233 540.0 
42.315 541.0 
42.28 542.0 
42.269 543.0 
42.257 544.0 
42.222 545.0 
42.21 546.0 
42.304 547.0 
42.257 548.0 
42.292 549.0 
42.245 550.0 
42.198 551.0 
42.28 552.0 
42.269 553.0 
42.245 554.0 
42.28 555.0 
42.292 556.0 
42.257 557.0 
42.257 558.0 
42.304 559.0 
42.28 560.0 
42.233 561.0 
42.14 562.0 
42.28 563.0 
42.245 564.0 
42.117 565.0 
42.292 566.0 
42.362 567.0 
42.187 568.0 
42.269 569.0 
42.21 570.0 
42.292 571.0 
42.245 572.0 
42.257 573.0 
42.233 574.0 
42.233 575.0 
42.269 576.0 
42.233 577.0 
42.233 578.0 
42.292 579.0 
42.28 580.0 
42.28 581.0 
42.222 582.0 
42.292 583.0 
42.269 584.0 
42.315 585.0 
42.292 586.0 
42.233 587.0 
42.257 588.0 
42.233 589.0 
42.269 590.0 
42.233 591.0 
42.28 592.0 
42.257 593.0 
42.21 594.0 
42.245 595.0 
42.28 596.0 
42.257 597.0 
42.269 598.0 
42.222 599.0 
42.269 600.0 
42.304 601.0 
42.245 602.0 
42.304 603.0 
42.269 604.0 
42.292 605.0 
42.21 606.0 
42.292 607.0 
42.222 608.0 
42.269 609.0 
42.327 610.0 
42.269 611.0 
42.292 612.0 
42.292 613.0 
42.315 614.0 
42.198 615.0 
42.28 616.0 
42.292 617.0 
42.222 618.0 
42.269 619.0 
41.743 620.0 
42.222 621.0 
42.257 622.0 
42.198 623.0 
42.269 624.0 
42.269 625.0 
42.222 626.0 
42.269 627.0 
42.315 628.0 
42.233 629.0 
42.28 630.0 
42.304 631.0 
42.21 632.0 
42.257 633.0 
42.327 634.0 
42.269 635.0 
42.327 636.0 
42.304 637.0 
42.222 638.0 
42.233 639.0 
42.304 640.0 
42.233 641.0 
42.233 642.0 
42.28 643.0 
42.245 644.0 
42.21 645.0 
42.257 646.0 
42.315 647.0 
42.245 648.0 
42.21 649.0 
42.327 650.0 
42.21 651.0 
42.233 652.0 
42.233 653.0 
42.315 654.0 
42.245 655.0 
42.269 656.0 
42.222 657.0 
42.292 658.0 
42.21 659.0 
42.257 660.0 
42.269 661.0 
42.304 662.0 
42.152 663.0 
42.233 664.0 
42.28 665.0 
42.304 666.0 
42.21 667.0 
42.269 668.0 
42.28 669.0 
42.304 670.0 
42.222 671.0 
42.233 672.0 
42.233 673.0 
42.269 674.0 
42.315 675.0 
42.245 676.0 
42.21 677.0 
42.257 678.0 
42.245 679.0 
42.315 680.0 
42.222 681.0 
42.245 682.0 
42.257 683.0 
42.257 684.0 
42.292 685.0 
42.269 686.0 
42.245 687.0 
42.269 688.0 
42.257 689.0 
42.269 690.0 
42.315 691.0 
42.315 692.0 
42.222 693.0 
42.222 694.0 
42.269 695.0 
42.269 696.0 
42.257 697.0 
42.245 698.0 
41.883 699.0 
42.21 700.0 
42.21 701.0 
42.257 702.0 
42.233 703.0 
42.245 704.0 
42.269 705.0 
42.315 706.0 
42.257 707.0 
42.222 708.0 
42.245 709.0 
42.233 710.0 
42.269 711.0 
42.257 712.0 
42.315 713.0 
42.315 714.0 
42.35 715.0 
42.21 716.0 
42.21 717.0 
42.245 718.0 
42.245 719.0 
42.245 720.0 
42.245 721.0 
42.292 722.0 
42.304 723.0 
42.315 724.0 
42.304 725.0 
42.222 726.0 
42.198 727.0 
42.233 728.0 
42.222 729.0 
42.269 730.0 
42.245 731.0 
42.257 732.0 
42.28 733.0 
42.292 734.0 
42.304 735.0 
42.304 736.0 
42.339 737.0 
42.315 738.0 
42.304 739.0 
42.175 740.0 
42.175 741.0 
42.222 742.0 
42.198 743.0 
42.222 744.0 
42.222 745.0 
42.222 746.0 
42.233 747.0 
42.222 748.0 
42.269 749.0 
42.198 750.0 
42.269 751.0 
42.257 752.0 
42.269 753.0 
42.245 754.0 
42.28 755.0 
42.257 756.0 
42.269 757.0 
42.269 758.0 
42.269 759.0 
42.269 760.0 
42.269 761.0 
42.28 762.0 
42.269 763.0 
42.269 764.0 
42.269 765.0 
42.257 766.0 
42.257 767.0 
42.304 768.0 
42.269 769.0 
42.28 770.0 
42.257 771.0 
42.28 772.0 
42.257 773.0 
42.292 774.0 
42.28 775.0 
42.245 776.0 
42.304 777.0 
42.257 778.0 
42.269 779.0 
42.269 780.0 
42.269 781.0 
42.257 782.0 
42.257 783.0 
42.257 784.0 
42.269 785.0 
42.28 786.0 
42.28 787.0 
42.257 788.0 
42.28 789.0 
42.304 790.0 
42.257 791.0 
42.292 792.0 
42.269 793.0 
42.28 794.0 
42.269 795.0 
42.269 796.0 
42.257 797.0 
42.28 798.0 
42.257 799.0 
42.269 800.0 
42.257 801.0 
42.245 802.0 
42.269 803.0 
42.257 804.0 
0.013 805.0 
0.011 806.0 
0.01 807.0 
0.002 808.0 
0.005 809.0 
0.0 810.0 
0.001 811.0 
-0.005 812.0 
-0.013 813.0 
-0.013 814.0 
-0.012 815.0 
-0.02 816.0 
-0.025 817.0 
-0.026 818.0 
-0.026 819.0 
-0.023 820.0 
-0.025 821.0 
-0.03 822.0 
-0.023 823.0 
-0.025 824.0 
-0.025 825.0 
-0.02 826.0 
-0.018 827.0 
-0.012 828.0 
-0.008 829.0 
