-0.043 257.0 
-0.011 258.0 
-0.023 259.0 
-0.029 260.0 
-0.034 261.0 
-0.05 262.0 
-0.055 263.0 
-0.044 264.0 
-0.037 265.0 
-0.047 266.0 
-0.026 267.0 
-0.029 268.0 
-0.025 269.0 
-0.016 270.0 
-0.029 271.0 
-0.031 272.0 
-0.02 273.0 
-0.023 274.0 
144.442 275.0 
140.354 276.0 
139.209 277.0 
137.714 278.0 
136.184 279.0 
134.339 280.0 
132.75 281.0 
130.251 282.0 
128.172 283.0 
126.957 284.0 
126.607 285.0 
126.257 286.0 
126.093 287.0 
125.836 288.0 
125.532 289.0 
124.902 290.0 
124.832 291.0 
124.586 292.0 
124.376 293.0 
124.084 294.0 
123.816 295.0 
123.675 296.0 
123.605 297.0 
123.115 298.0 
122.893 299.0 
122.659 300.0 
122.262 301.0 
122.192 302.0 
121.667 303.0 
121.596 304.0 
121.503 305.0 
120.826 306.0 
119.552 307.0 
117.263 308.0 
114.449 309.0 
110.84 310.0 
107.137 311.0 
102.944 312.0 
98.704 313.0 
94.722 314.0 
90.914 315.0 
87.013 316.0 
83.451 317.0 
81.08 318.0 
80.893 319.0 
80.729 320.0 
80.601 321.0 
80.648 322.0 
80.531 323.0 
80.589 324.0 
80.531 325.0 
80.449 326.0 
80.543 327.0 
80.484 328.0 
80.519 329.0 
80.543 330.0 
80.484 331.0 
80.601 332.0 
80.531 333.0 
80.473 334.0 
80.437 335.0 
80.554 336.0 
80.531 337.0 
80.426 338.0 
80.671 339.0 
80.508 340.0 
80.484 341.0 
80.508 342.0 
80.683 343.0 
80.508 344.0 
80.484 345.0 
80.461 346.0 
80.426 347.0 
80.484 348.0 
80.554 349.0 
80.519 350.0 
80.508 351.0 
80.519 352.0 
80.461 353.0 
80.426 354.0 
80.473 355.0 
80.519 356.0 
80.543 357.0 
80.484 358.0 
80.566 359.0 
80.484 360.0 
80.496 361.0 
80.484 362.0 
80.508 363.0 
80.461 364.0 
80.484 365.0 
80.484 366.0 
80.484 367.0 
80.473 368.0 
80.461 369.0 
80.519 370.0 
80.473 371.0 
80.531 372.0 
80.508 373.0 
80.589 374.0 
80.566 375.0 
80.683 376.0 
80.414 377.0 
80.461 378.0 
80.519 379.0 
80.473 380.0 
80.484 381.0 
80.449 382.0 
80.461 383.0 
80.473 384.0 
80.449 385.0 
80.554 386.0 
80.461 387.0 
80.426 388.0 
80.531 389.0 
80.543 390.0 
80.508 391.0 
80.437 392.0 
80.531 393.0 
80.414 394.0 
80.484 395.0 
80.578 396.0 
80.414 397.0 
80.496 398.0 
80.391 399.0 
80.426 400.0 
80.531 401.0 
80.519 402.0 
80.589 403.0 
80.554 404.0 
80.496 405.0 
80.414 406.0 
80.496 407.0 
80.461 408.0 
80.531 409.0 
80.449 410.0 
80.484 411.0 
80.531 412.0 
80.905 413.0 
80.531 414.0 
80.484 415.0 
80.473 416.0 
80.461 417.0 
80.496 418.0 
80.496 419.0 
80.461 420.0 
80.484 421.0 
80.519 422.0 
80.554 423.0 
80.437 424.0 
80.473 425.0 
80.519 426.0 
80.543 427.0 
80.449 428.0 
80.473 429.0 
80.496 430.0 
80.543 431.0 
80.508 432.0 
80.543 433.0 
80.414 434.0 
80.449 435.0 
80.461 436.0 
80.484 437.0 
80.426 438.0 
80.426 439.0 
80.367 440.0 
80.426 441.0 
80.449 442.0 
80.461 443.0 
80.461 444.0 
80.437 445.0 
80.414 446.0 
80.531 447.0 
80.531 448.0 
80.531 449.0 
80.893 450.0 
80.496 451.0 
80.437 452.0 
80.426 453.0 
80.402 454.0 
80.496 455.0 
80.321 456.0 
80.449 457.0 
80.426 458.0 
80.508 459.0 
80.531 460.0 
80.496 461.0 
80.449 462.0 
80.554 463.0 
80.531 464.0 
80.473 465.0 
80.566 466.0 
80.496 467.0 
80.414 468.0 
80.508 469.0 
80.484 470.0 
80.402 471.0 
80.449 472.0 
80.332 473.0 
80.496 474.0 
80.566 475.0 
80.473 476.0 
80.379 477.0 
80.484 478.0 
80.367 479.0 
80.484 480.0 
80.543 481.0 
80.473 482.0 
80.531 483.0 
80.461 484.0 
80.508 485.0 
80.461 486.0 
80.402 487.0 
80.508 488.0 
80.449 489.0 
80.473 490.0 
80.508 491.0 
80.449 492.0 
80.426 493.0 
80.496 494.0 
80.379 495.0 
80.402 496.0 
80.461 497.0 
80.508 498.0 
80.391 499.0 
80.449 500.0 
80.461 501.0 
80.508 502.0 
80.356 503.0 
80.414 504.0 
80.437 505.0 
80.437 506.0 
80.391 507.0 
80.473 508.0 
80.356 509.0 
80.402 510.0 
80.449 511.0 
80.414 512.0 
80.473 513.0 
80.461 514.0 
80.484 515.0 
80.321 516.0 
80.765 517.0 
80.274 518.0 
80.309 519.0 
80.321 520.0 
80.356 521.0 
80.321 522.0 
80.332 523.0 
80.344 524.0 
80.344 525.0 
80.332 526.0 
80.344 527.0 
80.274 528.0 
80.274 529.0 
80.321 530.0 
80.297 531.0 
80.367 532.0 
80.683 533.0 
80.297 534.0 
80.321 535.0 
80.309 536.0 
80.262 537.0 
80.134 538.0 
80.134 539.0 
80.099 540.0 
80.251 541.0 
80.122 542.0 
80.145 543.0 
80.122 544.0 
80.075 545.0 
80.005 546.0 
80.122 547.0 
80.052 548.0 
80.075 549.0 
79.982 550.0 
79.947 551.0 
80.052 552.0 
80.005 553.0 
79.982 554.0 
79.947 555.0 
80.04 556.0 
80.005 557.0 
79.959 558.0 
79.725 559.0 
80.029 560.0 
79.97 561.0 
79.912 562.0 
80.005 563.0 
79.959 564.0 
79.912 565.0 
80.052 566.0 
80.157 567.0 
79.912 568.0 
79.97 569.0 
79.982 570.0 
80.04 571.0 
79.982 572.0 
79.912 573.0 
80.017 574.0 
79.947 575.0 
80.344 576.0 
79.982 577.0 
79.947 578.0 
80.099 579.0 
80.005 580.0 
80.087 581.0 
80.017 582.0 
80.099 583.0 
80.052 584.0 
80.157 585.0 
80.017 586.0 
79.97 587.0 
80.064 588.0 
79.947 589.0 
80.075 590.0 
79.97 591.0 
80.064 592.0 
79.959 593.0 
80.017 594.0 
79.982 595.0 
79.982 596.0 
79.97 597.0 
80.017 598.0 
79.959 599.0 
80.052 600.0 
80.075 601.0 
80.005 602.0 
80.099 603.0 
79.994 604.0 
80.099 605.0 
79.982 606.0 
80.075 607.0 
79.959 608.0 
80.04 609.0 
80.099 610.0 
80.017 611.0 
80.075 612.0 
79.959 613.0 
80.052 614.0 
79.924 615.0 
79.982 616.0 
80.075 617.0 
79.9 618.0 
80.064 619.0 
79.818 620.0 
79.994 621.0 
80.04 622.0 
79.947 623.0 
80.029 624.0 
80.075 625.0 
79.947 626.0 
80.017 627.0 
80.11 628.0 
79.935 629.0 
80.064 630.0 
80.145 631.0 
79.97 632.0 
80.029 633.0 
80.309 634.0 
79.982 635.0 
80.005 636.0 
80.087 637.0 
79.947 638.0 
80.017 639.0 
80.087 640.0 
79.959 641.0 
79.982 642.0 
80.075 643.0 
79.924 644.0 
79.982 645.0 
80.029 646.0 
80.052 647.0 
79.959 648.0 
79.994 649.0 
80.075 650.0 
79.924 651.0 
79.935 652.0 
80.005 653.0 
80.087 654.0 
79.924 655.0 
79.97 656.0 
80.005 657.0 
80.064 658.0 
79.982 659.0 
80.005 660.0 
80.052 661.0 
80.04 662.0 
79.97 663.0 
80.029 664.0 
80.087 665.0 
80.087 666.0 
79.982 667.0 
79.994 668.0 
80.052 669.0 
80.11 670.0 
79.924 671.0 
79.947 672.0 
79.994 673.0 
80.029 674.0 
80.075 675.0 
79.959 676.0 
79.982 677.0 
79.982 678.0 
80.04 679.0 
80.087 680.0 
79.935 681.0 
79.97 682.0 
80.005 683.0 
80.04 684.0 
80.064 685.0 
80.11 686.0 
79.947 687.0 
79.982 688.0 
80.017 689.0 
80.064 690.0 
80.064 691.0 
80.122 692.0 
79.912 693.0 
79.935 694.0 
80.005 695.0 
80.017 696.0 
80.052 697.0 
80.087 698.0 
79.818 699.0 
79.959 700.0 
79.994 701.0 
79.97 702.0 
80.017 703.0 
80.052 704.0 
79.982 705.0 
80.122 706.0 
79.947 707.0 
79.959 708.0 
79.97 709.0 
80.005 710.0 
80.052 711.0 
80.029 712.0 
80.052 713.0 
80.075 714.0 
79.889 715.0 
79.924 716.0 
79.877 717.0 
79.97 718.0 
80.017 719.0 
80.005 720.0 
80.005 721.0 
80.064 722.0 
80.064 723.0 
80.075 724.0 
80.11 725.0 
79.935 726.0 
79.9 727.0 
79.959 728.0 
79.994 729.0 
79.982 730.0 
80.005 731.0 
80.017 732.0 
80.017 733.0 
80.005 734.0 
80.052 735.0 
80.005 736.0 
80.087 737.0 
80.087 738.0 
79.9 739.0 
79.912 740.0 
79.924 741.0 
79.9 742.0 
79.924 743.0 
79.947 744.0 
79.982 745.0 
79.947 746.0 
79.959 747.0 
79.97 748.0 
79.97 749.0 
79.97 750.0 
79.982 751.0 
79.994 752.0 
79.994 753.0 
79.982 754.0 
80.005 755.0 
80.017 756.0 
80.017 757.0 
79.97 758.0 
80.029 759.0 
80.005 760.0 
80.017 761.0 
80.017 762.0 
80.029 763.0 
80.017 764.0 
80.017 765.0 
80.04 766.0 
80.052 767.0 
80.017 768.0 
80.04 769.0 
80.017 770.0 
80.029 771.0 
80.017 772.0 
80.017 773.0 
80.017 774.0 
80.04 775.0 
80.005 776.0 
80.052 777.0 
79.994 778.0 
80.017 779.0 
80.017 780.0 
80.052 781.0 
80.029 782.0 
80.017 783.0 
79.994 784.0 
80.04 785.0 
80.029 786.0 
80.005 787.0 
80.017 788.0 
79.994 789.0 
80.017 790.0 
80.029 791.0 
80.04 792.0 
80.005 793.0 
80.029 794.0 
80.04 795.0 
80.017 796.0 
80.04 797.0 
80.005 798.0 
80.017 799.0 
80.017 800.0 
80.029 801.0 
80.029 802.0 
80.017 803.0 
80.04 804.0 
0.002 805.0 
0.006 806.0 
-0.001 807.0 
-0.012 808.0 
-0.005 809.0 
-0.019 810.0 
-0.019 811.0 
-0.03 812.0 
-0.032 813.0 
-0.043 814.0 
-0.05 815.0 
-0.058 816.0 
-0.052 817.0 
-0.062 818.0 
-0.069 819.0 
-0.064 820.0 
-0.06 821.0 
-0.071 822.0 
-0.067 823.0 
-0.061 824.0 
-0.056 825.0 
-0.052 826.0 
-0.043 827.0 
-0.038 828.0 
-0.04 829.0 
