-0.032 257.0 
-0.04 258.0 
-0.06 259.0 
-0.042 260.0 
-0.048 261.0 
-0.053 262.0 
-0.041 263.0 
-0.054 264.0 
-0.018 265.0 
-0.052 266.0 
-0.046 267.0 
-0.038 268.0 
-0.036 269.0 
-0.036 270.0 
-0.023 271.0 
-0.034 272.0 
-0.025 273.0 
-0.049 274.0 
143.554 275.0 
140.517 276.0 
139.092 277.0 
137.165 278.0 
134.981 279.0 
132.564 280.0 
130.601 281.0 
128.207 282.0 
124.937 283.0 
123.629 284.0 
123.162 285.0 
122.823 286.0 
122.601 287.0 
122.367 288.0 
122.087 289.0 
121.456 290.0 
121.339 291.0 
121.141 292.0 
120.942 293.0 
120.732 294.0 
120.347 295.0 
120.23 296.0 
120.183 297.0 
119.728 298.0 
119.541 299.0 
119.471 300.0 
118.957 301.0 
118.817 302.0 
118.338 303.0 
118.303 304.0 
118.735 305.0 
117.485 306.0 
116.306 307.0 
114.192 308.0 
111.727 309.0 
108.574 310.0 
105.303 311.0 
101.624 312.0 
98.109 313.0 
94.103 314.0 
90.33 315.0 
86.709 316.0 
83.264 317.0 
80.274 318.0 
80.192 319.0 
79.924 320.0 
79.83 321.0 
79.783 322.0 
79.713 323.0 
79.76 324.0 
79.713 325.0 
79.667 326.0 
79.713 327.0 
79.643 328.0 
79.807 329.0 
79.725 330.0 
79.667 331.0 
79.865 332.0 
79.783 333.0 
79.643 334.0 
79.62 335.0 
79.76 336.0 
79.737 337.0 
79.632 338.0 
80.122 339.0 
79.69 340.0 
79.678 341.0 
79.643 342.0 
79.737 343.0 
79.69 344.0 
79.69 345.0 
79.655 346.0 
79.608 347.0 
79.643 348.0 
79.702 349.0 
79.702 350.0 
79.678 351.0 
79.725 352.0 
79.702 353.0 
79.585 354.0 
79.597 355.0 
79.702 356.0 
79.737 357.0 
79.655 358.0 
79.737 359.0 
79.667 360.0 
79.702 361.0 
79.655 362.0 
79.667 363.0 
79.643 364.0 
79.62 365.0 
79.667 366.0 
79.702 367.0 
79.643 368.0 
79.678 369.0 
79.69 370.0 
79.713 371.0 
79.702 372.0 
79.702 373.0 
79.713 374.0 
79.76 375.0 
79.959 376.0 
79.608 377.0 
79.643 378.0 
79.643 379.0 
79.69 380.0 
79.655 381.0 
79.783 382.0 
79.678 383.0 
79.678 384.0 
79.632 385.0 
79.748 386.0 
79.643 387.0 
79.632 388.0 
79.667 389.0 
79.702 390.0 
79.667 391.0 
79.667 392.0 
79.783 393.0 
79.597 394.0 
79.725 395.0 
79.748 396.0 
79.632 397.0 
79.713 398.0 
79.562 399.0 
79.597 400.0 
79.713 401.0 
79.667 402.0 
79.713 403.0 
79.702 404.0 
79.678 405.0 
79.597 406.0 
79.678 407.0 
79.62 408.0 
79.678 409.0 
79.608 410.0 
79.678 411.0 
79.737 412.0 
79.97 413.0 
79.713 414.0 
79.632 415.0 
79.69 416.0 
79.62 417.0 
79.713 418.0 
79.713 419.0 
79.62 420.0 
79.667 421.0 
79.667 422.0 
79.713 423.0 
79.643 424.0 
79.678 425.0 
79.737 426.0 
79.702 427.0 
79.632 428.0 
79.632 429.0 
79.667 430.0 
79.69 431.0 
79.725 432.0 
79.725 433.0 
79.62 434.0 
79.62 435.0 
79.655 436.0 
79.678 437.0 
79.632 438.0 
79.608 439.0 
79.538 440.0 
79.643 441.0 
79.643 442.0 
79.643 443.0 
79.643 444.0 
79.655 445.0 
79.655 446.0 
79.737 447.0 
79.725 448.0 
79.69 449.0 
79.924 450.0 
79.632 451.0 
79.655 452.0 
79.62 453.0 
79.585 454.0 
79.678 455.0 
79.526 456.0 
79.62 457.0 
79.597 458.0 
79.69 459.0 
79.713 460.0 
79.655 461.0 
79.62 462.0 
79.748 463.0 
79.667 464.0 
79.643 465.0 
79.748 466.0 
79.667 467.0 
79.62 468.0 
79.667 469.0 
79.632 470.0 
79.608 471.0 
79.667 472.0 
79.55 473.0 
79.667 474.0 
79.725 475.0 
79.655 476.0 
79.597 477.0 
79.643 478.0 
79.55 479.0 
79.643 480.0 
79.737 481.0 
79.678 482.0 
79.713 483.0 
79.573 484.0 
79.69 485.0 
79.608 486.0 
79.632 487.0 
79.713 488.0 
79.608 489.0 
79.655 490.0 
79.702 491.0 
79.62 492.0 
79.655 493.0 
79.702 494.0 
79.62 495.0 
79.597 496.0 
79.667 497.0 
79.737 498.0 
79.608 499.0 
79.62 500.0 
79.643 501.0 
79.69 502.0 
79.55 503.0 
79.573 504.0 
79.608 505.0 
79.655 506.0 
79.573 507.0 
79.713 508.0 
79.562 509.0 
79.585 510.0 
79.608 511.0 
79.608 512.0 
79.643 513.0 
79.667 514.0 
79.667 515.0 
79.69 516.0 
80.064 517.0 
79.456 518.0 
79.526 519.0 
79.526 520.0 
79.538 521.0 
79.538 522.0 
79.526 523.0 
79.55 524.0 
79.562 525.0 
79.562 526.0 
79.55 527.0 
79.468 528.0 
79.515 529.0 
79.48 530.0 
79.468 531.0 
79.632 532.0 
79.865 533.0 
79.573 534.0 
79.573 535.0 
79.515 536.0 
79.491 537.0 
79.41 538.0 
79.386 539.0 
79.363 540.0 
79.456 541.0 
79.375 542.0 
79.351 543.0 
79.34 544.0 
79.293 545.0 
79.281 546.0 
79.375 547.0 
79.34 548.0 
79.246 549.0 
79.223 550.0 
79.141 551.0 
79.305 552.0 
79.246 553.0 
79.188 554.0 
79.153 555.0 
79.293 556.0 
79.234 557.0 
79.188 558.0 
78.791 559.0 
79.27 560.0 
79.188 561.0 
79.106 562.0 
79.27 563.0 
79.176 564.0 
79.141 565.0 
79.293 566.0 
79.258 567.0 
79.153 568.0 
79.211 569.0 
79.188 570.0 
79.305 571.0 
79.199 572.0 
79.164 573.0 
79.234 574.0 
79.153 575.0 
79.27 576.0 
79.211 577.0 
79.199 578.0 
79.328 579.0 
79.223 580.0 
79.328 581.0 
79.258 582.0 
79.293 583.0 
79.293 584.0 
78.989 585.0 
79.305 586.0 
79.234 587.0 
79.27 588.0 
79.176 589.0 
79.293 590.0 
79.176 591.0 
79.293 592.0 
79.199 593.0 
79.258 594.0 
79.188 595.0 
79.211 596.0 
79.223 597.0 
79.234 598.0 
79.199 599.0 
79.223 600.0 
79.328 601.0 
79.258 602.0 
79.316 603.0 
79.188 604.0 
79.305 605.0 
79.211 606.0 
79.281 607.0 
79.153 608.0 
79.258 609.0 
79.316 610.0 
79.211 611.0 
79.316 612.0 
79.176 613.0 
79.27 614.0 
79.164 615.0 
79.188 616.0 
79.305 617.0 
79.176 618.0 
79.258 619.0 
79.048 620.0 
79.223 621.0 
79.305 622.0 
79.176 623.0 
79.223 624.0 
79.34 625.0 
79.211 626.0 
79.305 627.0 
79.363 628.0 
79.199 629.0 
79.234 630.0 
79.316 631.0 
79.188 632.0 
79.305 633.0 
79.328 634.0 
79.211 635.0 
79.27 636.0 
79.328 637.0 
79.199 638.0 
79.246 639.0 
79.305 640.0 
79.164 641.0 
79.188 642.0 
79.281 643.0 
79.141 644.0 
79.199 645.0 
79.234 646.0 
79.316 647.0 
79.176 648.0 
79.211 649.0 
79.305 650.0 
79.141 651.0 
79.188 652.0 
79.27 653.0 
79.305 654.0 
79.153 655.0 
79.188 656.0 
79.246 657.0 
79.34 658.0 
79.199 659.0 
79.246 660.0 
79.293 661.0 
79.281 662.0 
79.176 663.0 
79.223 664.0 
79.305 665.0 
79.34 666.0 
79.188 667.0 
79.234 668.0 
79.293 669.0 
79.316 670.0 
79.188 671.0 
79.188 672.0 
79.223 673.0 
79.293 674.0 
79.258 675.0 
79.164 676.0 
79.188 677.0 
79.246 678.0 
79.234 679.0 
79.293 680.0 
79.141 681.0 
79.199 682.0 
79.211 683.0 
79.281 684.0 
79.246 685.0 
79.351 686.0 
79.118 687.0 
79.223 688.0 
79.258 689.0 
79.246 690.0 
79.293 691.0 
79.316 692.0 
79.199 693.0 
79.188 694.0 
79.223 695.0 
79.246 696.0 
79.281 697.0 
79.281 698.0 
79.071 699.0 
79.164 700.0 
79.188 701.0 
79.211 702.0 
79.223 703.0 
79.27 704.0 
79.234 705.0 
79.305 706.0 
79.164 707.0 
79.188 708.0 
79.199 709.0 
79.234 710.0 
79.258 711.0 
79.27 712.0 
79.316 713.0 
79.316 714.0 
79.059 715.0 
79.153 716.0 
79.188 717.0 
79.199 718.0 
79.234 719.0 
79.246 720.0 
79.258 721.0 
79.305 722.0 
79.305 723.0 
79.328 724.0 
79.34 725.0 
79.153 726.0 
79.211 727.0 
79.188 728.0 
79.223 729.0 
79.211 730.0 
79.258 731.0 
79.246 732.0 
79.27 733.0 
79.27 734.0 
79.27 735.0 
79.281 736.0 
79.316 737.0 
79.34 738.0 
79.094 739.0 
79.118 740.0 
79.141 741.0 
79.176 742.0 
79.176 743.0 
79.164 744.0 
79.188 745.0 
79.176 746.0 
79.188 747.0 
79.199 748.0 
79.211 749.0 
79.223 750.0 
79.223 751.0 
79.234 752.0 
79.234 753.0 
79.211 754.0 
79.234 755.0 
79.211 756.0 
79.246 757.0 
79.211 758.0 
79.246 759.0 
79.246 760.0 
79.234 761.0 
79.234 762.0 
79.258 763.0 
79.258 764.0 
79.246 765.0 
79.27 766.0 
79.258 767.0 
79.258 768.0 
79.281 769.0 
79.246 770.0 
79.27 771.0 
79.258 772.0 
79.281 773.0 
79.258 774.0 
79.234 775.0 
79.234 776.0 
79.246 777.0 
79.234 778.0 
79.234 779.0 
79.246 780.0 
79.234 781.0 
79.246 782.0 
79.258 783.0 
79.27 784.0 
79.258 785.0 
79.258 786.0 
79.246 787.0 
79.246 788.0 
79.246 789.0 
79.234 790.0 
79.258 791.0 
79.27 792.0 
79.27 793.0 
79.234 794.0 
79.223 795.0 
79.234 796.0 
79.188 797.0 
79.211 798.0 
79.234 799.0 
79.211 800.0 
79.211 801.0 
79.199 802.0 
79.199 803.0 
79.234 804.0 
0.006 805.0 
0.006 806.0 
0.005 807.0 
0.004 808.0 
0.001 809.0 
0.0 810.0 
-0.008 811.0 
-0.018 812.0 
-0.023 813.0 
-0.023 814.0 
-0.035 815.0 
-0.044 816.0 
-0.049 817.0 
-0.055 818.0 
-0.049 819.0 
-0.052 820.0 
-0.055 821.0 
-0.054 822.0 
-0.055 823.0 
-0.05 824.0 
-0.049 825.0 
-0.044 826.0 
-0.04 827.0 
-0.036 828.0 
-0.037 829.0 
