-0.037 257.0 
-0.026 258.0 
-0.019 259.0 
-0.035 260.0 
-0.016 261.0 
-0.037 262.0 
-0.037 263.0 
-0.025 264.0 
-0.029 265.0 
-0.052 266.0 
-0.052 267.0 
-0.035 268.0 
-0.043 269.0 
-0.032 270.0 
-0.041 271.0 
-0.025 272.0 
-0.025 273.0 
-0.016 274.0 
140.12 275.0 
137.469 276.0 
136.196 277.0 
134.713 278.0 
133.113 279.0 
131.092 280.0 
129.422 281.0 
127.121 282.0 
123.921 283.0 
122.776 284.0 
122.321 285.0 
122.029 286.0 
121.842 287.0 
121.561 288.0 
121.316 289.0 
121.153 290.0 
120.604 291.0 
120.417 292.0 
120.195 293.0 
120.148 294.0 
119.634 295.0 
119.529 296.0 
119.506 297.0 
118.933 298.0 
118.77 299.0 
118.758 300.0 
118.198 301.0 
118.151 302.0 
117.625 303.0 
117.544 304.0 
117.403 305.0 
116.738 306.0 
115.488 307.0 
113.199 308.0 
110.548 309.0 
107.102 310.0 
103.575 311.0 
99.557 312.0 
95.726 313.0 
91.825 314.0 
88.111 315.0 
84.257 316.0 
80.835 317.0 
78.008 318.0 
77.88 319.0 
77.658 320.0 
77.506 321.0 
77.506 322.0 
77.389 323.0 
77.471 324.0 
77.377 325.0 
77.296 326.0 
77.354 327.0 
77.272 328.0 
77.646 329.0 
77.389 330.0 
77.307 331.0 
77.576 332.0 
77.389 333.0 
77.296 334.0 
77.377 335.0 
77.389 336.0 
77.366 337.0 
77.272 338.0 
77.436 339.0 
77.342 340.0 
77.331 341.0 
77.319 342.0 
77.377 343.0 
77.342 344.0 
77.342 345.0 
77.272 346.0 
77.296 347.0 
77.331 348.0 
77.389 349.0 
77.354 350.0 
77.296 351.0 
77.331 352.0 
77.319 353.0 
77.214 354.0 
77.401 355.0 
77.319 356.0 
77.342 357.0 
77.331 358.0 
77.401 359.0 
77.307 360.0 
77.389 361.0 
77.319 362.0 
77.354 363.0 
77.284 364.0 
77.284 365.0 
77.307 366.0 
77.366 367.0 
77.307 368.0 
77.319 369.0 
77.331 370.0 
77.354 371.0 
77.354 372.0 
77.377 373.0 
77.401 374.0 
77.377 375.0 
77.634 376.0 
77.226 377.0 
77.319 378.0 
77.296 379.0 
77.307 380.0 
77.319 381.0 
77.401 382.0 
77.296 383.0 
77.331 384.0 
77.296 385.0 
77.389 386.0 
77.284 387.0 
77.261 388.0 
77.354 389.0 
77.354 390.0 
77.319 391.0 
77.261 392.0 
77.366 393.0 
77.249 394.0 
77.331 395.0 
77.412 396.0 
77.284 397.0 
77.342 398.0 
77.284 399.0 
77.284 400.0 
77.366 401.0 
77.354 402.0 
77.401 403.0 
77.354 404.0 
77.319 405.0 
77.296 406.0 
77.354 407.0 
77.296 408.0 
77.366 409.0 
77.272 410.0 
77.342 411.0 
77.342 412.0 
77.751 413.0 
77.366 414.0 
77.272 415.0 
77.377 416.0 
77.284 417.0 
77.412 418.0 
77.319 419.0 
77.272 420.0 
77.319 421.0 
77.401 422.0 
77.377 423.0 
77.296 424.0 
77.272 425.0 
77.342 426.0 
77.366 427.0 
77.296 428.0 
77.319 429.0 
77.296 430.0 
77.331 431.0 
77.331 432.0 
77.319 433.0 
77.237 434.0 
77.296 435.0 
77.342 436.0 
77.366 437.0 
77.226 438.0 
77.249 439.0 
77.296 440.0 
77.319 441.0 
77.272 442.0 
77.296 443.0 
77.296 444.0 
77.284 445.0 
77.261 446.0 
77.389 447.0 
77.377 448.0 
77.377 449.0 
77.681 450.0 
77.296 451.0 
77.284 452.0 
77.226 453.0 
77.237 454.0 
77.331 455.0 
77.307 456.0 
77.284 457.0 
77.249 458.0 
77.354 459.0 
77.377 460.0 
77.284 461.0 
77.296 462.0 
77.377 463.0 
77.331 464.0 
77.354 465.0 
77.377 466.0 
77.296 467.0 
77.284 468.0 
77.377 469.0 
77.319 470.0 
77.296 471.0 
77.319 472.0 
77.366 473.0 
77.307 474.0 
77.389 475.0 
77.272 476.0 
77.214 477.0 
77.261 478.0 
77.237 479.0 
77.342 480.0 
77.377 481.0 
77.272 482.0 
77.366 483.0 
77.272 484.0 
77.342 485.0 
77.261 486.0 
77.249 487.0 
77.354 488.0 
77.296 489.0 
77.319 490.0 
77.342 491.0 
77.319 492.0 
77.342 493.0 
77.342 494.0 
77.249 495.0 
77.167 496.0 
77.296 497.0 
77.377 498.0 
77.214 499.0 
77.249 500.0 
77.261 501.0 
77.331 502.0 
77.237 503.0 
77.214 504.0 
77.296 505.0 
77.272 506.0 
77.261 507.0 
77.424 508.0 
77.237 509.0 
77.249 510.0 
77.237 511.0 
77.261 512.0 
77.272 513.0 
77.296 514.0 
77.296 515.0 
77.296 516.0 
77.611 517.0 
77.085 518.0 
77.179 519.0 
77.179 520.0 
77.214 521.0 
77.226 522.0 
77.202 523.0 
77.214 524.0 
77.214 525.0 
77.214 526.0 
77.191 527.0 
77.156 528.0 
77.179 529.0 
77.156 530.0 
77.144 531.0 
77.307 532.0 
77.261 533.0 
77.214 534.0 
77.226 535.0 
77.202 536.0 
77.167 537.0 
77.05 538.0 
77.05 539.0 
77.015 540.0 
77.144 541.0 
77.004 542.0 
77.062 543.0 
77.004 544.0 
76.992 545.0 
76.945 546.0 
77.039 547.0 
77.004 548.0 
76.945 549.0 
76.91 550.0 
76.864 551.0 
76.934 552.0 
76.899 553.0 
76.817 554.0 
76.817 555.0 
76.957 556.0 
76.91 557.0 
76.852 558.0 
76.548 559.0 
76.922 560.0 
76.864 561.0 
76.817 562.0 
76.934 563.0 
76.887 564.0 
76.793 565.0 
76.922 566.0 
76.934 567.0 
76.817 568.0 
76.91 569.0 
76.84 570.0 
76.957 571.0 
76.864 572.0 
76.805 573.0 
76.84 574.0 
76.828 575.0 
76.91 576.0 
76.899 577.0 
76.852 578.0 
76.969 579.0 
76.91 580.0 
76.957 581.0 
76.899 582.0 
76.934 583.0 
76.934 584.0 
76.63 585.0 
76.957 586.0 
76.875 587.0 
76.934 588.0 
76.852 589.0 
76.934 590.0 
76.864 591.0 
76.934 592.0 
76.864 593.0 
76.864 594.0 
76.852 595.0 
76.934 596.0 
76.864 597.0 
76.934 598.0 
76.864 599.0 
76.91 600.0 
76.98 601.0 
76.91 602.0 
76.98 603.0 
76.887 604.0 
76.98 605.0 
76.875 606.0 
76.934 607.0 
76.828 608.0 
76.945 609.0 
76.992 610.0 
76.875 611.0 
76.957 612.0 
76.887 613.0 
76.922 614.0 
76.828 615.0 
76.91 616.0 
77.004 617.0 
76.828 618.0 
76.922 619.0 
76.665 620.0 
76.899 621.0 
76.957 622.0 
76.828 623.0 
76.91 624.0 
77.015 625.0 
76.84 626.0 
76.922 627.0 
76.98 628.0 
76.864 629.0 
76.934 630.0 
76.992 631.0 
76.793 632.0 
76.91 633.0 
77.015 634.0 
76.864 635.0 
76.91 636.0 
76.969 637.0 
76.864 638.0 
76.899 639.0 
76.969 640.0 
76.864 641.0 
76.934 642.0 
76.957 643.0 
76.84 644.0 
76.899 645.0 
76.934 646.0 
76.992 647.0 
76.864 648.0 
76.84 649.0 
76.934 650.0 
76.828 651.0 
76.817 652.0 
76.922 653.0 
76.945 654.0 
76.782 655.0 
76.875 656.0 
76.887 657.0 
76.98 658.0 
76.875 659.0 
76.91 660.0 
76.945 661.0 
77.027 662.0 
76.828 663.0 
76.91 664.0 
76.957 665.0 
77.004 666.0 
76.852 667.0 
76.875 668.0 
76.922 669.0 
76.98 670.0 
76.828 671.0 
76.84 672.0 
76.899 673.0 
76.91 674.0 
76.945 675.0 
76.84 676.0 
76.899 677.0 
76.91 678.0 
76.91 679.0 
76.969 680.0 
76.817 681.0 
76.828 682.0 
76.899 683.0 
76.922 684.0 
76.969 685.0 
76.992 686.0 
76.793 687.0 
76.864 688.0 
76.91 689.0 
76.957 690.0 
76.969 691.0 
76.992 692.0 
76.805 693.0 
76.852 694.0 
76.875 695.0 
76.899 696.0 
76.922 697.0 
76.957 698.0 
76.712 699.0 
76.805 700.0 
76.887 701.0 
76.887 702.0 
76.887 703.0 
76.922 704.0 
76.922 705.0 
77.004 706.0 
76.817 707.0 
76.852 708.0 
76.887 709.0 
76.922 710.0 
76.922 711.0 
76.934 712.0 
76.969 713.0 
76.945 714.0 
77.004 715.0 
76.817 716.0 
76.805 717.0 
76.852 718.0 
76.828 719.0 
76.887 720.0 
76.91 721.0 
76.934 722.0 
76.945 723.0 
76.969 724.0 
77.004 725.0 
76.817 726.0 
76.817 727.0 
76.84 728.0 
76.84 729.0 
76.899 730.0 
76.887 731.0 
76.91 732.0 
76.922 733.0 
76.899 734.0 
76.969 735.0 
76.969 736.0 
76.969 737.0 
76.98 738.0 
76.688 739.0 
76.805 740.0 
76.782 741.0 
76.793 742.0 
76.852 743.0 
76.864 744.0 
76.84 745.0 
76.852 746.0 
76.852 747.0 
76.805 748.0 
76.875 749.0 
76.91 750.0 
76.875 751.0 
76.864 752.0 
76.875 753.0 
76.899 754.0 
76.887 755.0 
76.887 756.0 
76.899 757.0 
76.864 758.0 
76.899 759.0 
76.91 760.0 
76.91 761.0 
76.899 762.0 
76.922 763.0 
76.899 764.0 
76.91 765.0 
76.934 766.0 
76.922 767.0 
76.945 768.0 
76.945 769.0 
76.957 770.0 
76.91 771.0 
76.899 772.0 
76.922 773.0 
76.934 774.0 
76.91 775.0 
76.887 776.0 
76.887 777.0 
76.945 778.0 
76.922 779.0 
76.934 780.0 
76.91 781.0 
76.887 782.0 
76.91 783.0 
76.934 784.0 
76.899 785.0 
76.91 786.0 
76.899 787.0 
76.922 788.0 
76.922 789.0 
76.91 790.0 
76.887 791.0 
76.934 792.0 
76.91 793.0 
76.91 794.0 
76.887 795.0 
76.887 796.0 
76.91 797.0 
76.899 798.0 
76.864 799.0 
76.875 800.0 
76.887 801.0 
76.875 802.0 
76.922 803.0 
76.887 804.0 
0.004 805.0 
0.0 806.0 
-0.004 807.0 
-0.002 808.0 
0.002 809.0 
0.005 810.0 
0.0 811.0 
0.002 812.0 
0.0 813.0 
0.002 814.0 
-0.004 815.0 
-0.005 816.0 
-0.025 817.0 
-0.018 818.0 
-0.022 819.0 
-0.026 820.0 
-0.026 821.0 
-0.028 822.0 
-0.026 823.0 
-0.02 824.0 
-0.019 825.0 
-0.023 826.0 
-0.025 827.0 
-0.029 828.0 
-0.025 829.0 
