-0.028 257.0 
-0.03 258.0 
-0.048 259.0 
-0.038 260.0 
-0.029 261.0 
-0.03 262.0 
-0.034 263.0 
-0.035 264.0 
-0.03 265.0 
-0.02 266.0 
-0.02 267.0 
-0.02 268.0 
-0.022 269.0 
-0.035 270.0 
-0.013 271.0 
-0.042 272.0 
-0.007 273.0 
-0.031 274.0 
136.827 275.0 
133.895 276.0 
133.031 277.0 
131.653 278.0 
130.251 279.0 
128.499 280.0 
126.946 281.0 
124.843 282.0 
121.526 283.0 
120.101 284.0 
119.716 285.0 
119.331 286.0 
119.237 287.0 
119.039 288.0 
118.758 289.0 
118.139 290.0 
117.999 291.0 
117.777 292.0 
117.66 293.0 
117.555 294.0 
117.076 295.0 
116.936 296.0 
116.925 297.0 
116.457 298.0 
116.306 299.0 
116.247 300.0 
115.722 301.0 
115.652 302.0 
115.126 303.0 
115.044 304.0 
114.869 305.0 
114.25 306.0 
113.012 307.0 
110.921 308.0 
108.41 309.0 
105.14 310.0 
101.998 311.0 
98.401 312.0 
94.85 313.0 
91.113 314.0 
87.644 315.0 
83.918 316.0 
80.765 317.0 
78.242 318.0 
78.113 319.0 
77.95 320.0 
77.845 321.0 
77.751 322.0 
77.728 323.0 
77.763 324.0 
77.693 325.0 
77.599 326.0 
77.681 327.0 
77.623 328.0 
77.739 329.0 
77.658 330.0 
77.564 331.0 
77.693 332.0 
77.716 333.0 
77.599 334.0 
77.634 335.0 
77.658 336.0 
77.634 337.0 
77.564 338.0 
77.833 339.0 
77.634 340.0 
77.599 341.0 
77.623 342.0 
77.751 343.0 
77.611 344.0 
77.646 345.0 
77.599 346.0 
77.588 347.0 
77.646 348.0 
77.646 349.0 
77.634 350.0 
77.611 351.0 
77.658 352.0 
77.611 353.0 
77.553 354.0 
77.576 355.0 
77.669 356.0 
77.658 357.0 
77.611 358.0 
77.704 359.0 
77.646 360.0 
77.681 361.0 
77.611 362.0 
77.646 363.0 
77.564 364.0 
77.599 365.0 
77.634 366.0 
77.658 367.0 
77.564 368.0 
77.564 369.0 
77.599 370.0 
77.658 371.0 
77.646 372.0 
77.669 373.0 
77.658 374.0 
77.669 375.0 
77.926 376.0 
77.529 377.0 
77.599 378.0 
77.599 379.0 
77.599 380.0 
77.611 381.0 
77.704 382.0 
77.599 383.0 
77.588 384.0 
77.564 385.0 
77.693 386.0 
77.553 387.0 
77.518 388.0 
77.576 389.0 
77.623 390.0 
77.588 391.0 
77.588 392.0 
77.646 393.0 
77.529 394.0 
77.588 395.0 
77.681 396.0 
77.541 397.0 
77.611 398.0 
77.471 399.0 
77.553 400.0 
77.716 401.0 
77.658 402.0 
77.716 403.0 
77.693 404.0 
77.588 405.0 
77.553 406.0 
77.634 407.0 
77.529 408.0 
77.588 409.0 
77.541 410.0 
77.576 411.0 
77.693 412.0 
77.669 413.0 
77.669 414.0 
77.529 415.0 
77.611 416.0 
77.518 417.0 
77.681 418.0 
77.634 419.0 
77.529 420.0 
77.634 421.0 
77.611 422.0 
77.658 423.0 
77.611 424.0 
77.588 425.0 
77.634 426.0 
77.646 427.0 
77.553 428.0 
77.553 429.0 
77.529 430.0 
77.623 431.0 
77.588 432.0 
77.634 433.0 
77.506 434.0 
77.564 435.0 
77.599 436.0 
77.704 437.0 
77.506 438.0 
77.588 439.0 
77.588 440.0 
77.588 441.0 
77.553 442.0 
77.541 443.0 
77.541 444.0 
77.588 445.0 
77.541 446.0 
77.658 447.0 
77.623 448.0 
77.611 449.0 
77.926 450.0 
77.576 451.0 
77.541 452.0 
77.564 453.0 
77.529 454.0 
77.599 455.0 
77.424 456.0 
77.588 457.0 
77.529 458.0 
77.623 459.0 
77.634 460.0 
77.564 461.0 
77.541 462.0 
77.658 463.0 
77.599 464.0 
77.623 465.0 
77.646 466.0 
77.576 467.0 
77.553 468.0 
77.588 469.0 
77.553 470.0 
77.576 471.0 
77.576 472.0 
77.634 473.0 
77.564 474.0 
77.634 475.0 
77.564 476.0 
77.483 477.0 
77.564 478.0 
77.483 479.0 
77.588 480.0 
77.669 481.0 
77.599 482.0 
77.669 483.0 
77.529 484.0 
77.599 485.0 
77.529 486.0 
77.541 487.0 
77.646 488.0 
77.529 489.0 
77.553 490.0 
77.623 491.0 
77.588 492.0 
77.564 493.0 
77.623 494.0 
77.529 495.0 
77.459 496.0 
77.576 497.0 
77.623 498.0 
77.483 499.0 
77.541 500.0 
77.564 501.0 
77.588 502.0 
77.483 503.0 
77.506 504.0 
77.541 505.0 
77.564 506.0 
77.541 507.0 
77.634 508.0 
77.448 509.0 
77.483 510.0 
77.506 511.0 
77.529 512.0 
77.553 513.0 
77.541 514.0 
77.588 515.0 
77.599 516.0 
77.576 517.0 
77.389 518.0 
77.401 519.0 
77.436 520.0 
77.483 521.0 
77.459 522.0 
77.459 523.0 
77.471 524.0 
77.471 525.0 
77.448 526.0 
77.436 527.0 
77.354 528.0 
77.377 529.0 
77.377 530.0 
77.377 531.0 
77.518 532.0 
77.459 533.0 
77.412 534.0 
77.459 535.0 
77.424 536.0 
77.354 537.0 
77.272 538.0 
77.272 539.0 
77.249 540.0 
77.389 541.0 
77.284 542.0 
77.261 543.0 
77.214 544.0 
77.191 545.0 
77.144 546.0 
77.226 547.0 
77.191 548.0 
77.144 549.0 
77.097 550.0 
77.015 551.0 
77.191 552.0 
77.109 553.0 
77.062 554.0 
77.039 555.0 
77.156 556.0 
77.097 557.0 
77.05 558.0 
76.712 559.0 
77.132 560.0 
77.05 561.0 
77.015 562.0 
77.156 563.0 
77.097 564.0 
77.004 565.0 
77.132 566.0 
77.097 567.0 
77.027 568.0 
77.085 569.0 
77.05 570.0 
77.156 571.0 
77.05 572.0 
77.015 573.0 
77.085 574.0 
77.015 575.0 
77.389 576.0 
77.05 577.0 
77.074 578.0 
77.156 579.0 
77.097 580.0 
77.191 581.0 
77.132 582.0 
77.144 583.0 
77.109 584.0 
77.214 585.0 
77.156 586.0 
77.085 587.0 
77.12 588.0 
77.039 589.0 
77.156 590.0 
77.05 591.0 
77.144 592.0 
77.085 593.0 
77.132 594.0 
77.085 595.0 
77.062 596.0 
77.027 597.0 
77.132 598.0 
77.05 599.0 
77.179 600.0 
77.202 601.0 
77.12 602.0 
77.179 603.0 
77.074 604.0 
77.179 605.0 
77.062 606.0 
77.144 607.0 
77.062 608.0 
77.097 609.0 
77.191 610.0 
77.097 611.0 
77.179 612.0 
77.062 613.0 
77.156 614.0 
77.027 615.0 
77.132 616.0 
77.179 617.0 
77.027 618.0 
77.12 619.0 
76.852 620.0 
77.097 621.0 
77.132 622.0 
77.062 623.0 
77.109 624.0 
77.191 625.0 
77.05 626.0 
77.109 627.0 
77.179 628.0 
77.05 629.0 
77.085 630.0 
77.191 631.0 
77.05 632.0 
77.12 633.0 
77.506 634.0 
77.074 635.0 
77.12 636.0 
77.156 637.0 
77.05 638.0 
77.109 639.0 
77.156 640.0 
77.05 641.0 
77.062 642.0 
77.144 643.0 
77.039 644.0 
77.097 645.0 
77.12 646.0 
77.167 647.0 
77.062 648.0 
77.097 649.0 
77.156 650.0 
77.015 651.0 
77.027 652.0 
77.109 653.0 
77.144 654.0 
77.027 655.0 
77.097 656.0 
77.097 657.0 
77.12 658.0 
77.05 659.0 
77.097 660.0 
77.191 661.0 
77.132 662.0 
77.039 663.0 
77.109 664.0 
77.179 665.0 
77.191 666.0 
77.039 667.0 
77.12 668.0 
77.109 669.0 
77.167 670.0 
77.062 671.0 
77.074 672.0 
77.12 673.0 
77.156 674.0 
77.097 675.0 
77.027 676.0 
77.085 677.0 
77.109 678.0 
77.109 679.0 
77.202 680.0 
77.027 681.0 
77.05 682.0 
77.109 683.0 
77.12 684.0 
77.179 685.0 
77.202 686.0 
76.992 687.0 
77.062 688.0 
77.085 689.0 
77.12 690.0 
77.179 691.0 
77.179 692.0 
77.027 693.0 
77.05 694.0 
77.074 695.0 
77.097 696.0 
77.097 697.0 
77.132 698.0 
76.91 699.0 
77.039 700.0 
77.05 701.0 
77.085 702.0 
77.132 703.0 
77.132 704.0 
77.132 705.0 
77.214 706.0 
77.05 707.0 
77.05 708.0 
77.039 709.0 
77.074 710.0 
77.097 711.0 
77.144 712.0 
77.156 713.0 
77.156 714.0 
77.12 715.0 
76.992 716.0 
77.039 717.0 
77.062 718.0 
77.097 719.0 
77.12 720.0 
77.109 721.0 
77.132 722.0 
77.132 723.0 
77.202 724.0 
77.214 725.0 
77.015 726.0 
77.039 727.0 
77.039 728.0 
77.074 729.0 
77.062 730.0 
77.097 731.0 
77.12 732.0 
77.12 733.0 
77.132 734.0 
77.109 735.0 
77.12 736.0 
77.109 737.0 
77.202 738.0 
76.98 739.0 
77.027 740.0 
77.004 741.0 
76.992 742.0 
77.004 743.0 
77.015 744.0 
77.039 745.0 
77.027 746.0 
77.062 747.0 
77.039 748.0 
77.05 749.0 
77.074 750.0 
77.027 751.0 
77.085 752.0 
77.074 753.0 
77.085 754.0 
77.109 755.0 
77.144 756.0 
77.097 757.0 
77.085 758.0 
77.109 759.0 
77.097 760.0 
77.12 761.0 
77.109 762.0 
77.12 763.0 
77.144 764.0 
77.12 765.0 
77.132 766.0 
77.132 767.0 
77.109 768.0 
77.109 769.0 
77.109 770.0 
77.12 771.0 
77.132 772.0 
77.085 773.0 
77.097 774.0 
77.109 775.0 
77.097 776.0 
77.156 777.0 
77.097 778.0 
77.12 779.0 
77.109 780.0 
77.097 781.0 
77.132 782.0 
77.132 783.0 
77.12 784.0 
77.12 785.0 
77.12 786.0 
77.132 787.0 
77.109 788.0 
77.085 789.0 
77.109 790.0 
77.085 791.0 
77.109 792.0 
77.109 793.0 
77.109 794.0 
77.12 795.0 
77.074 796.0 
77.074 797.0 
77.085 798.0 
77.132 799.0 
77.132 800.0 
77.085 801.0 
77.085 802.0 
77.085 803.0 
77.062 804.0 
0.012 805.0 
0.004 806.0 
0.0 807.0 
0.0 808.0 
0.001 809.0 
0.005 810.0 
0.0 811.0 
0.007 812.0 
0.0 813.0 
-0.005 814.0 
-0.004 815.0 
0.0 816.0 
-0.005 817.0 
-0.012 818.0 
-0.011 819.0 
-0.012 820.0 
-0.007 821.0 
-0.014 822.0 
-0.006 823.0 
-0.016 824.0 
-0.016 825.0 
-0.014 826.0 
-0.017 827.0 
-0.02 828.0 
-0.02 829.0 
