-0.026 257.0 
-0.049 258.0 
-0.049 259.0 
-0.042 260.0 
-0.023 261.0 
-0.025 262.0 
-0.037 263.0 
-0.007 264.0 
-0.018 265.0 
-0.03 266.0 
-0.025 267.0 
-0.034 268.0 
-0.049 269.0 
-0.026 270.0 
-0.024 271.0 
-0.022 272.0 
-0.028 273.0 
-0.032 274.0 
142.468 275.0 
138.45 276.0 
137.387 277.0 
135.951 278.0 
134.444 279.0 
132.599 280.0 
131.104 281.0 
129.176 282.0 
126.841 283.0 
125.404 284.0 
125.065 285.0 
124.82 286.0 
124.668 287.0 
124.458 288.0 
124.178 289.0 
123.745 290.0 
123.453 291.0 
123.22 292.0 
123.045 293.0 
122.799 294.0 
122.507 295.0 
122.402 296.0 
122.356 297.0 
121.83 298.0 
121.678 299.0 
121.62 300.0 
121.094 301.0 
121.024 302.0 
120.51 303.0 
120.405 304.0 
120.335 305.0 
119.693 306.0 
118.583 307.0 
116.387 308.0 
113.818 309.0 
110.337 310.0 
106.798 311.0 
102.629 312.0 
98.447 313.0 
94.208 314.0 
90.015 315.0 
86.044 316.0 
82.014 317.0 
78.814 318.0 
78.709 319.0 
78.487 320.0 
78.37 321.0 
78.405 322.0 
78.253 323.0 
78.3 324.0 
78.242 325.0 
78.207 326.0 
78.265 327.0 
78.183 328.0 
78.323 329.0 
78.265 330.0 
78.172 331.0 
78.534 332.0 
78.265 333.0 
78.183 334.0 
78.218 335.0 
78.277 336.0 
78.265 337.0 
78.137 338.0 
78.3 339.0 
78.218 340.0 
78.195 341.0 
78.183 342.0 
78.3 343.0 
78.207 344.0 
78.218 345.0 
78.16 346.0 
78.16 347.0 
78.078 348.0 
78.195 349.0 
78.172 350.0 
78.172 351.0 
78.23 352.0 
78.195 353.0 
78.078 354.0 
78.288 355.0 
78.218 356.0 
78.253 357.0 
78.207 358.0 
78.312 359.0 
78.253 360.0 
78.253 361.0 
78.183 362.0 
78.207 363.0 
78.183 364.0 
78.183 365.0 
78.207 366.0 
78.207 367.0 
78.207 368.0 
78.195 369.0 
78.195 370.0 
78.207 371.0 
78.23 372.0 
78.23 373.0 
78.288 374.0 
78.312 375.0 
78.545 376.0 
78.125 377.0 
78.195 378.0 
78.242 379.0 
78.207 380.0 
78.207 381.0 
78.3 382.0 
78.207 383.0 
78.16 384.0 
78.183 385.0 
78.265 386.0 
78.16 387.0 
78.137 388.0 
78.218 389.0 
78.195 390.0 
78.207 391.0 
78.172 392.0 
78.265 393.0 
78.137 394.0 
78.218 395.0 
78.253 396.0 
78.16 397.0 
78.242 398.0 
78.218 399.0 
78.16 400.0 
78.265 401.0 
78.218 402.0 
78.265 403.0 
78.265 404.0 
78.183 405.0 
78.16 406.0 
78.195 407.0 
78.148 408.0 
78.183 409.0 
78.148 410.0 
78.207 411.0 
78.242 412.0 
78.3 413.0 
78.242 414.0 
78.172 415.0 
78.23 416.0 
78.16 417.0 
78.323 418.0 
78.242 419.0 
78.148 420.0 
78.207 421.0 
78.218 422.0 
78.242 423.0 
78.16 424.0 
78.16 425.0 
78.23 426.0 
78.242 427.0 
78.172 428.0 
78.172 429.0 
78.137 430.0 
78.195 431.0 
78.218 432.0 
78.253 433.0 
78.113 434.0 
78.172 435.0 
78.207 436.0 
78.288 437.0 
78.102 438.0 
78.195 439.0 
78.183 440.0 
78.183 441.0 
78.183 442.0 
78.195 443.0 
78.183 444.0 
78.183 445.0 
78.183 446.0 
78.3 447.0 
78.253 448.0 
78.242 449.0 
78.464 450.0 
78.172 451.0 
78.172 452.0 
78.113 453.0 
78.137 454.0 
78.253 455.0 
78.253 456.0 
78.16 457.0 
78.16 458.0 
78.195 459.0 
78.253 460.0 
78.16 461.0 
78.16 462.0 
78.265 463.0 
78.23 464.0 
78.253 465.0 
78.288 466.0 
78.195 467.0 
78.102 468.0 
78.23 469.0 
78.16 470.0 
78.253 471.0 
78.148 472.0 
78.265 473.0 
78.195 474.0 
78.242 475.0 
78.148 476.0 
78.137 477.0 
78.172 478.0 
78.09 479.0 
78.183 480.0 
78.265 481.0 
78.172 482.0 
78.242 483.0 
78.137 484.0 
78.207 485.0 
78.148 486.0 
78.172 487.0 
78.207 488.0 
78.207 489.0 
78.195 490.0 
78.242 491.0 
78.23 492.0 
78.16 493.0 
78.207 494.0 
78.172 495.0 
78.102 496.0 
78.183 497.0 
78.218 498.0 
78.102 499.0 
78.09 500.0 
78.172 501.0 
78.23 502.0 
78.102 503.0 
78.125 504.0 
78.148 505.0 
78.148 506.0 
78.183 507.0 
78.242 508.0 
78.09 509.0 
78.137 510.0 
78.148 511.0 
78.172 512.0 
78.207 513.0 
78.183 514.0 
78.207 515.0 
78.195 516.0 
78.23 517.0 
78.008 518.0 
78.008 519.0 
78.067 520.0 
78.055 521.0 
78.078 522.0 
78.067 523.0 
78.067 524.0 
78.055 525.0 
78.078 526.0 
78.067 527.0 
77.996 528.0 
77.961 529.0 
77.973 530.0 
77.95 531.0 
78.102 532.0 
78.067 533.0 
78.008 534.0 
78.008 535.0 
77.961 536.0 
77.903 537.0 
77.845 538.0 
77.786 539.0 
77.786 540.0 
77.903 541.0 
77.821 542.0 
77.775 543.0 
77.739 544.0 
77.704 545.0 
77.669 546.0 
77.786 547.0 
77.716 548.0 
77.658 549.0 
77.623 550.0 
77.646 551.0 
77.669 552.0 
77.646 553.0 
77.599 554.0 
77.576 555.0 
77.693 556.0 
77.623 557.0 
77.576 558.0 
77.704 559.0 
77.658 560.0 
77.588 561.0 
77.529 562.0 
77.658 563.0 
77.599 564.0 
77.483 565.0 
77.669 566.0 
77.693 567.0 
77.541 568.0 
77.611 569.0 
77.553 570.0 
77.693 571.0 
77.599 572.0 
77.529 573.0 
77.576 574.0 
77.576 575.0 
77.646 576.0 
77.611 577.0 
77.611 578.0 
77.669 579.0 
77.611 580.0 
77.704 581.0 
77.658 582.0 
77.739 583.0 
77.669 584.0 
77.739 585.0 
77.669 586.0 
77.599 587.0 
77.693 588.0 
77.576 589.0 
77.669 590.0 
77.611 591.0 
77.646 592.0 
77.576 593.0 
77.716 594.0 
77.646 595.0 
77.669 596.0 
77.623 597.0 
77.669 598.0 
77.611 599.0 
77.669 600.0 
77.739 601.0 
77.634 602.0 
77.739 603.0 
77.623 604.0 
77.693 605.0 
77.634 606.0 
77.669 607.0 
77.599 608.0 
77.646 609.0 
77.716 610.0 
77.623 611.0 
77.704 612.0 
77.588 613.0 
77.669 614.0 
77.564 615.0 
77.599 616.0 
77.728 617.0 
77.588 618.0 
77.658 619.0 
77.237 620.0 
77.634 621.0 
77.658 622.0 
77.623 623.0 
77.588 624.0 
77.716 625.0 
77.576 626.0 
77.658 627.0 
77.704 628.0 
77.588 629.0 
77.611 630.0 
77.704 631.0 
77.529 632.0 
77.669 633.0 
77.716 634.0 
77.599 635.0 
77.646 636.0 
77.681 637.0 
77.599 638.0 
77.658 639.0 
77.751 640.0 
77.588 641.0 
77.634 642.0 
77.693 643.0 
77.553 644.0 
77.599 645.0 
77.658 646.0 
77.728 647.0 
77.564 648.0 
77.599 649.0 
77.704 650.0 
77.564 651.0 
77.599 652.0 
77.646 653.0 
77.693 654.0 
77.553 655.0 
77.588 656.0 
77.576 657.0 
77.693 658.0 
77.611 659.0 
77.634 660.0 
77.681 661.0 
77.728 662.0 
77.541 663.0 
77.611 664.0 
77.669 665.0 
77.728 666.0 
77.623 667.0 
77.634 668.0 
77.669 669.0 
77.693 670.0 
77.576 671.0 
77.588 672.0 
77.623 673.0 
77.611 674.0 
77.728 675.0 
77.588 676.0 
77.623 677.0 
77.623 678.0 
77.623 679.0 
77.716 680.0 
77.576 681.0 
77.564 682.0 
77.623 683.0 
77.634 684.0 
77.704 685.0 
77.739 686.0 
77.611 687.0 
77.611 688.0 
77.611 689.0 
77.669 690.0 
77.681 691.0 
77.728 692.0 
77.564 693.0 
77.576 694.0 
77.588 695.0 
77.623 696.0 
77.681 697.0 
77.716 698.0 
77.109 699.0 
77.541 700.0 
77.611 701.0 
77.646 702.0 
77.634 703.0 
77.646 704.0 
77.704 705.0 
77.728 706.0 
77.588 707.0 
77.576 708.0 
77.576 709.0 
77.623 710.0 
77.611 711.0 
77.646 712.0 
77.716 713.0 
77.693 714.0 
77.716 715.0 
77.506 716.0 
77.564 717.0 
77.599 718.0 
77.623 719.0 
77.658 720.0 
77.658 721.0 
77.669 722.0 
77.658 723.0 
77.693 724.0 
77.716 725.0 
77.564 726.0 
77.506 727.0 
77.576 728.0 
77.611 729.0 
77.599 730.0 
77.634 731.0 
77.623 732.0 
77.669 733.0 
77.669 734.0 
77.669 735.0 
77.716 736.0 
77.693 737.0 
77.716 738.0 
77.728 739.0 
77.553 740.0 
77.576 741.0 
77.564 742.0 
77.553 743.0 
77.541 744.0 
77.611 745.0 
77.576 746.0 
77.611 747.0 
77.599 748.0 
77.564 749.0 
77.623 750.0 
77.588 751.0 
77.623 752.0 
77.611 753.0 
77.634 754.0 
77.611 755.0 
77.599 756.0 
77.623 757.0 
77.634 758.0 
77.599 759.0 
77.681 760.0 
77.634 761.0 
77.623 762.0 
77.634 763.0 
77.634 764.0 
77.681 765.0 
77.693 766.0 
77.681 767.0 
77.646 768.0 
77.634 769.0 
77.646 770.0 
77.634 771.0 
77.669 772.0 
77.658 773.0 
77.634 774.0 
77.658 775.0 
77.646 776.0 
77.669 777.0 
77.646 778.0 
77.669 779.0 
77.669 780.0 
77.611 781.0 
77.658 782.0 
77.646 783.0 
77.634 784.0 
77.634 785.0 
77.634 786.0 
77.634 787.0 
77.623 788.0 
77.634 789.0 
77.634 790.0 
77.646 791.0 
77.588 792.0 
77.646 793.0 
77.669 794.0 
77.646 795.0 
77.634 796.0 
77.669 797.0 
77.658 798.0 
77.669 799.0 
77.646 800.0 
77.646 801.0 
77.658 802.0 
77.669 803.0 
77.669 804.0 
0.014 805.0 
-0.001 806.0 
0.002 807.0 
-0.002 808.0 
0.0 809.0 
-0.004 810.0 
-0.001 811.0 
-0.011 812.0 
-0.011 813.0 
-0.018 814.0 
-0.019 815.0 
-0.023 816.0 
-0.023 817.0 
-0.023 818.0 
-0.026 819.0 
-0.025 820.0 
-0.031 821.0 
-0.025 822.0 
-0.031 823.0 
-0.03 824.0 
-0.026 825.0 
-0.025 826.0 
-0.019 827.0 
-0.025 828.0 
-0.017 829.0 
