-0.012 257.0 
-0.032 258.0 
-0.012 259.0 
-0.053 260.0 
-0.025 261.0 
-0.018 262.0 
-0.046 263.0 
-0.054 264.0 
-0.018 265.0 
-0.047 266.0 
-0.007 267.0 
-0.037 268.0 
-0.034 269.0 
-0.031 270.0 
-0.041 271.0 
-0.02 272.0 
-0.03 273.0 
-0.032 274.0 
143.04 275.0 
140.26 276.0 
139.151 277.0 
137.504 278.0 
135.834 279.0 
133.802 280.0 
132.166 281.0 
129.982 282.0 
126.794 283.0 
125.404 284.0 
125.054 285.0 
124.75 286.0 
124.633 287.0 
124.411 288.0 
124.108 289.0 
123.524 290.0 
123.442 291.0 
123.255 292.0 
123.068 293.0 
122.683 294.0 
122.461 295.0 
122.332 296.0 
122.309 297.0 
121.795 298.0 
121.573 299.0 
121.363 300.0 
121.036 301.0 
121.001 302.0 
120.499 303.0 
120.37 304.0 
120.277 305.0 
119.716 306.0 
118.606 307.0 
116.516 308.0 
113.701 309.0 
110.15 310.0 
106.67 311.0 
102.454 312.0 
98.611 313.0 
94.348 314.0 
90.412 315.0 
86.406 316.0 
82.879 317.0 
79.772 318.0 
79.597 319.0 
79.375 320.0 
79.223 321.0 
79.223 322.0 
79.083 323.0 
79.129 324.0 
79.083 325.0 
78.989 326.0 
79.059 327.0 
78.989 328.0 
79.188 329.0 
79.141 330.0 
79.036 331.0 
79.328 332.0 
79.129 333.0 
79.071 334.0 
79.013 335.0 
79.106 336.0 
79.118 337.0 
79.013 338.0 
79.27 339.0 
79.071 340.0 
79.071 341.0 
79.048 342.0 
79.176 343.0 
79.048 344.0 
79.036 345.0 
79.036 346.0 
79.001 347.0 
79.024 348.0 
79.106 349.0 
79.071 350.0 
79.036 351.0 
79.118 352.0 
79.059 353.0 
78.954 354.0 
78.989 355.0 
79.083 356.0 
79.118 357.0 
79.059 358.0 
79.153 359.0 
79.048 360.0 
79.129 361.0 
79.036 362.0 
79.071 363.0 
79.001 364.0 
79.013 365.0 
79.059 366.0 
79.094 367.0 
79.036 368.0 
79.013 369.0 
79.071 370.0 
79.071 371.0 
79.129 372.0 
79.106 373.0 
79.129 374.0 
79.129 375.0 
79.375 376.0 
79.024 377.0 
79.048 378.0 
79.048 379.0 
79.059 380.0 
79.048 381.0 
79.153 382.0 
79.059 383.0 
79.036 384.0 
78.989 385.0 
79.118 386.0 
79.024 387.0 
79.024 388.0 
79.083 389.0 
79.094 390.0 
79.071 391.0 
79.001 392.0 
79.083 393.0 
78.954 394.0 
79.048 395.0 
79.141 396.0 
79.048 397.0 
79.106 398.0 
78.978 399.0 
79.024 400.0 
79.118 401.0 
79.106 402.0 
79.153 403.0 
79.106 404.0 
79.001 405.0 
79.001 406.0 
79.048 407.0 
78.989 408.0 
79.071 409.0 
78.966 410.0 
79.059 411.0 
79.118 412.0 
79.456 413.0 
79.118 414.0 
79.036 415.0 
79.094 416.0 
78.989 417.0 
79.153 418.0 
79.071 419.0 
79.024 420.0 
79.059 421.0 
79.083 422.0 
79.118 423.0 
79.001 424.0 
79.024 425.0 
79.071 426.0 
79.106 427.0 
79.001 428.0 
79.024 429.0 
79.036 430.0 
79.059 431.0 
79.083 432.0 
79.106 433.0 
78.966 434.0 
79.024 435.0 
79.059 436.0 
79.083 437.0 
79.001 438.0 
78.966 439.0 
79.013 440.0 
79.001 441.0 
79.048 442.0 
78.989 443.0 
78.978 444.0 
79.024 445.0 
78.966 446.0 
79.094 447.0 
79.071 448.0 
79.048 449.0 
79.316 450.0 
79.036 451.0 
79.013 452.0 
79.013 453.0 
78.954 454.0 
79.094 455.0 
78.837 456.0 
78.989 457.0 
79.001 458.0 
79.083 459.0 
79.094 460.0 
79.048 461.0 
79.048 462.0 
79.153 463.0 
79.059 464.0 
79.059 465.0 
79.071 466.0 
79.048 467.0 
78.954 468.0 
79.071 469.0 
79.048 470.0 
79.024 471.0 
79.048 472.0 
79.118 473.0 
79.059 474.0 
79.129 475.0 
79.048 476.0 
78.978 477.0 
79.048 478.0 
78.966 479.0 
79.036 480.0 
79.118 481.0 
79.024 482.0 
79.083 483.0 
78.978 484.0 
79.083 485.0 
78.954 486.0 
78.978 487.0 
79.083 488.0 
79.024 489.0 
79.024 490.0 
79.036 491.0 
79.048 492.0 
79.048 493.0 
79.083 494.0 
78.978 495.0 
79.001 496.0 
79.036 497.0 
79.083 498.0 
78.954 499.0 
79.001 500.0 
79.048 501.0 
79.071 502.0 
78.942 503.0 
78.978 504.0 
79.001 505.0 
79.024 506.0 
78.954 507.0 
79.351 508.0 
78.954 509.0 
78.966 510.0 
78.978 511.0 
78.989 512.0 
79.001 513.0 
79.013 514.0 
79.059 515.0 
79.048 516.0 
79.41 517.0 
78.814 518.0 
78.884 519.0 
78.907 520.0 
78.942 521.0 
78.919 522.0 
78.931 523.0 
78.907 524.0 
78.884 525.0 
78.861 526.0 
78.896 527.0 
78.779 528.0 
78.837 529.0 
78.814 530.0 
78.837 531.0 
78.942 532.0 
78.919 533.0 
78.872 534.0 
78.931 535.0 
78.884 536.0 
78.802 537.0 
78.744 538.0 
78.721 539.0 
78.709 540.0 
78.791 541.0 
78.802 542.0 
78.697 543.0 
78.662 544.0 
78.615 545.0 
78.569 546.0 
78.721 547.0 
78.639 548.0 
78.604 549.0 
78.522 550.0 
78.44 551.0 
78.615 552.0 
78.592 553.0 
78.545 554.0 
78.522 555.0 
78.639 556.0 
78.604 557.0 
78.569 558.0 
78.242 559.0 
78.639 560.0 
78.569 561.0 
78.487 562.0 
78.592 563.0 
78.522 564.0 
78.417 565.0 
78.58 566.0 
78.604 567.0 
78.487 568.0 
78.592 569.0 
78.51 570.0 
78.615 571.0 
78.534 572.0 
78.487 573.0 
78.522 574.0 
78.522 575.0 
78.627 576.0 
78.534 577.0 
78.534 578.0 
78.627 579.0 
78.569 580.0 
78.662 581.0 
78.58 582.0 
78.627 583.0 
78.627 584.0 
78.697 585.0 
78.592 586.0 
78.545 587.0 
78.615 588.0 
78.534 589.0 
78.569 590.0 
78.557 591.0 
78.592 592.0 
78.534 593.0 
78.569 594.0 
78.522 595.0 
78.592 596.0 
78.522 597.0 
78.615 598.0 
78.522 599.0 
78.58 600.0 
78.674 601.0 
78.58 602.0 
78.674 603.0 
78.58 604.0 
78.592 605.0 
78.51 606.0 
78.592 607.0 
78.51 608.0 
78.569 609.0 
78.639 610.0 
78.557 611.0 
78.615 612.0 
78.522 613.0 
78.58 614.0 
78.522 615.0 
78.569 616.0 
78.662 617.0 
78.545 618.0 
78.604 619.0 
78.277 620.0 
78.557 621.0 
78.592 622.0 
78.499 623.0 
78.569 624.0 
78.639 625.0 
78.51 626.0 
78.58 627.0 
78.674 628.0 
78.534 629.0 
78.58 630.0 
78.674 631.0 
78.499 632.0 
78.569 633.0 
78.686 634.0 
78.569 635.0 
78.627 636.0 
78.65 637.0 
78.545 638.0 
78.58 639.0 
78.639 640.0 
78.522 641.0 
78.604 642.0 
78.627 643.0 
78.51 644.0 
78.545 645.0 
78.627 646.0 
78.662 647.0 
78.534 648.0 
78.534 649.0 
78.615 650.0 
78.487 651.0 
78.545 652.0 
78.569 653.0 
78.627 654.0 
78.464 655.0 
78.499 656.0 
78.569 657.0 
78.627 658.0 
78.534 659.0 
78.569 660.0 
78.627 661.0 
78.697 662.0 
78.475 663.0 
78.569 664.0 
78.615 665.0 
78.65 666.0 
78.522 667.0 
78.569 668.0 
78.604 669.0 
78.627 670.0 
78.51 671.0 
78.557 672.0 
78.557 673.0 
78.592 674.0 
78.58 675.0 
78.51 676.0 
78.522 677.0 
78.58 678.0 
78.58 679.0 
78.65 680.0 
78.475 681.0 
78.522 682.0 
78.569 683.0 
78.592 684.0 
78.639 685.0 
78.65 686.0 
78.475 687.0 
78.534 688.0 
78.569 689.0 
78.592 690.0 
78.615 691.0 
78.662 692.0 
78.464 693.0 
78.534 694.0 
78.557 695.0 
78.58 696.0 
78.604 697.0 
78.58 698.0 
78.359 699.0 
78.522 700.0 
78.522 701.0 
78.557 702.0 
78.557 703.0 
78.58 704.0 
78.615 705.0 
78.65 706.0 
78.475 707.0 
78.51 708.0 
78.51 709.0 
78.557 710.0 
78.569 711.0 
78.592 712.0 
78.604 713.0 
78.627 714.0 
78.662 715.0 
78.499 716.0 
78.534 717.0 
78.522 718.0 
78.557 719.0 
78.569 720.0 
78.58 721.0 
78.58 722.0 
78.615 723.0 
78.639 724.0 
78.662 725.0 
78.51 726.0 
78.452 727.0 
78.534 728.0 
78.51 729.0 
78.534 730.0 
78.557 731.0 
78.557 732.0 
78.569 733.0 
78.58 734.0 
78.615 735.0 
78.627 736.0 
78.65 737.0 
78.662 738.0 
78.078 739.0 
78.475 740.0 
78.475 741.0 
78.534 742.0 
78.487 743.0 
78.499 744.0 
78.452 745.0 
78.51 746.0 
78.51 747.0 
78.522 748.0 
78.51 749.0 
78.545 750.0 
78.557 751.0 
78.534 752.0 
78.545 753.0 
78.557 754.0 
78.557 755.0 
78.569 756.0 
78.58 757.0 
78.58 758.0 
78.545 759.0 
78.58 760.0 
78.569 761.0 
78.58 762.0 
78.592 763.0 
78.592 764.0 
78.58 765.0 
78.592 766.0 
78.592 767.0 
78.592 768.0 
78.58 769.0 
78.58 770.0 
78.569 771.0 
78.592 772.0 
78.58 773.0 
78.58 774.0 
78.604 775.0 
78.604 776.0 
78.604 777.0 
78.604 778.0 
78.604 779.0 
78.604 780.0 
78.569 781.0 
78.58 782.0 
78.592 783.0 
78.58 784.0 
78.557 785.0 
78.557 786.0 
78.557 787.0 
78.534 788.0 
78.569 789.0 
78.569 790.0 
78.592 791.0 
78.545 792.0 
78.58 793.0 
78.592 794.0 
78.569 795.0 
78.592 796.0 
78.604 797.0 
78.58 798.0 
78.604 799.0 
78.569 800.0 
78.592 801.0 
78.569 802.0 
78.592 803.0 
78.592 804.0 
0.004 805.0 
-0.005 806.0 
0.001 807.0 
-0.001 808.0 
-0.006 809.0 
-0.011 810.0 
-0.017 811.0 
-0.022 812.0 
-0.038 813.0 
-0.042 814.0 
-0.044 815.0 
-0.048 816.0 
-0.055 817.0 
-0.056 818.0 
-0.054 819.0 
-0.055 820.0 
-0.061 821.0 
-0.058 822.0 
-0.062 823.0 
-0.053 824.0 
-0.055 825.0 
-0.05 826.0 
-0.042 827.0 
-0.04 828.0 
-0.036 829.0 
