-0.053 257.0 
-0.034 258.0 
-0.08 259.0 
-0.028 260.0 
-0.014 261.0 
-0.035 262.0 
-0.035 263.0 
-0.046 264.0 
-0.02 265.0 
-0.035 266.0 
-0.025 267.0 
-0.035 268.0 
-0.016 269.0 
-0.028 270.0 
-0.032 271.0 
-0.036 272.0 
-0.023 273.0 
-0.05 274.0 
139.665 275.0 
136.955 276.0 
135.939 277.0 
134.596 278.0 
133.311 279.0 
131.699 280.0 
130.333 281.0 
128.441 282.0 
125.754 283.0 
124.773 284.0 
124.505 285.0 
124.213 286.0 
124.084 287.0 
123.874 288.0 
123.652 289.0 
122.975 290.0 
122.905 291.0 
122.694 292.0 
122.519 293.0 
122.286 294.0 
121.888 295.0 
121.748 296.0 
121.76 297.0 
121.246 298.0 
121.071 299.0 
121.001 300.0 
120.499 301.0 
120.44 302.0 
119.95 303.0 
119.88 304.0 
119.809 305.0 
119.167 306.0 
118.069 307.0 
115.92 308.0 
113.339 309.0 
109.94 310.0 
106.343 311.0 
102.57 312.0 
98.716 313.0 
94.64 314.0 
90.821 315.0 
86.873 316.0 
83.451 317.0 
80.928 318.0 
80.788 319.0 
80.578 320.0 
80.508 321.0 
80.426 322.0 
80.309 323.0 
80.379 324.0 
80.286 325.0 
80.169 326.0 
80.297 327.0 
80.262 328.0 
80.414 329.0 
80.356 330.0 
80.251 331.0 
80.508 332.0 
80.332 333.0 
80.251 334.0 
80.262 335.0 
80.297 336.0 
80.332 337.0 
80.251 338.0 
80.367 339.0 
80.286 340.0 
80.274 341.0 
80.251 342.0 
80.402 343.0 
80.274 344.0 
80.239 345.0 
80.239 346.0 
80.216 347.0 
80.286 348.0 
80.309 349.0 
80.274 350.0 
80.262 351.0 
80.286 352.0 
80.239 353.0 
80.192 354.0 
80.367 355.0 
80.251 356.0 
80.321 357.0 
80.262 358.0 
80.344 359.0 
80.286 360.0 
80.309 361.0 
80.239 362.0 
80.251 363.0 
80.181 364.0 
80.216 365.0 
80.274 366.0 
80.262 367.0 
80.227 368.0 
80.251 369.0 
80.227 370.0 
80.274 371.0 
80.274 372.0 
80.332 373.0 
80.321 374.0 
80.332 375.0 
80.601 376.0 
80.192 377.0 
80.227 378.0 
80.216 379.0 
80.239 380.0 
80.239 381.0 
80.344 382.0 
80.227 383.0 
80.262 384.0 
80.216 385.0 
80.309 386.0 
80.216 387.0 
80.192 388.0 
80.309 389.0 
80.297 390.0 
80.239 391.0 
80.251 392.0 
80.274 393.0 
80.169 394.0 
80.262 395.0 
80.356 396.0 
80.181 397.0 
80.274 398.0 
80.145 399.0 
80.169 400.0 
80.297 401.0 
80.262 402.0 
80.321 403.0 
80.286 404.0 
80.192 405.0 
80.181 406.0 
80.216 407.0 
80.192 408.0 
80.239 409.0 
80.169 410.0 
80.239 411.0 
80.286 412.0 
80.648 413.0 
80.297 414.0 
80.192 415.0 
80.297 416.0 
80.181 417.0 
80.286 418.0 
80.262 419.0 
80.192 420.0 
80.204 421.0 
80.251 422.0 
80.286 423.0 
80.181 424.0 
80.181 425.0 
80.262 426.0 
80.297 427.0 
80.204 428.0 
80.227 429.0 
80.181 430.0 
80.274 431.0 
80.297 432.0 
80.309 433.0 
80.192 434.0 
80.181 435.0 
80.227 436.0 
80.274 437.0 
80.192 438.0 
80.192 439.0 
80.227 440.0 
80.169 441.0 
80.204 442.0 
80.204 443.0 
80.181 444.0 
80.157 445.0 
80.169 446.0 
80.297 447.0 
80.286 448.0 
80.239 449.0 
80.613 450.0 
80.204 451.0 
80.204 452.0 
80.169 453.0 
80.157 454.0 
80.309 455.0 
80.216 456.0 
80.192 457.0 
80.169 458.0 
80.239 459.0 
80.286 460.0 
80.204 461.0 
80.204 462.0 
80.274 463.0 
80.239 464.0 
80.239 465.0 
80.274 466.0 
80.204 467.0 
80.145 468.0 
80.262 469.0 
80.181 470.0 
80.192 471.0 
80.216 472.0 
80.274 473.0 
80.204 474.0 
80.274 475.0 
80.204 476.0 
80.145 477.0 
80.192 478.0 
80.145 479.0 
80.181 480.0 
80.286 481.0 
80.204 482.0 
80.262 483.0 
80.157 484.0 
80.251 485.0 
80.134 486.0 
80.134 487.0 
80.262 488.0 
80.216 489.0 
80.192 490.0 
80.227 491.0 
80.216 492.0 
80.204 493.0 
80.239 494.0 
80.181 495.0 
80.11 496.0 
80.239 497.0 
80.251 498.0 
80.11 499.0 
80.145 500.0 
80.204 501.0 
80.239 502.0 
80.134 503.0 
80.145 504.0 
80.192 505.0 
80.169 506.0 
80.181 507.0 
80.227 508.0 
80.134 509.0 
80.134 510.0 
80.145 511.0 
80.169 512.0 
80.157 513.0 
80.216 514.0 
80.227 515.0 
80.216 516.0 
80.274 517.0 
79.994 518.0 
80.029 519.0 
80.064 520.0 
80.04 521.0 
80.075 522.0 
80.052 523.0 
80.075 524.0 
80.064 525.0 
80.052 526.0 
80.064 527.0 
79.947 528.0 
80.005 529.0 
79.982 530.0 
80.005 531.0 
80.122 532.0 
80.075 533.0 
80.005 534.0 
80.04 535.0 
79.994 536.0 
79.97 537.0 
79.9 538.0 
79.842 539.0 
79.807 540.0 
79.924 541.0 
79.865 542.0 
79.818 543.0 
79.795 544.0 
79.737 545.0 
79.667 546.0 
79.795 547.0 
79.748 548.0 
79.69 549.0 
79.643 550.0 
79.55 551.0 
79.702 552.0 
79.632 553.0 
79.573 554.0 
79.573 555.0 
79.713 556.0 
79.667 557.0 
79.62 558.0 
79.27 559.0 
79.69 560.0 
79.608 561.0 
79.538 562.0 
79.702 563.0 
79.597 564.0 
79.515 565.0 
79.655 566.0 
79.702 567.0 
79.526 568.0 
79.667 569.0 
79.608 570.0 
79.702 571.0 
79.597 572.0 
79.55 573.0 
79.655 574.0 
79.585 575.0 
79.947 576.0 
79.597 577.0 
79.597 578.0 
79.69 579.0 
79.643 580.0 
79.713 581.0 
79.655 582.0 
79.702 583.0 
79.655 584.0 
79.783 585.0 
79.678 586.0 
79.585 587.0 
79.69 588.0 
79.597 589.0 
79.702 590.0 
79.62 591.0 
79.713 592.0 
79.608 593.0 
79.667 594.0 
79.585 595.0 
79.655 596.0 
79.608 597.0 
79.667 598.0 
79.608 599.0 
79.667 600.0 
79.737 601.0 
79.643 602.0 
79.737 603.0 
79.62 604.0 
79.69 605.0 
79.632 606.0 
79.678 607.0 
79.573 608.0 
79.655 609.0 
79.725 610.0 
79.632 611.0 
79.713 612.0 
79.608 613.0 
79.667 614.0 
79.585 615.0 
79.667 616.0 
79.725 617.0 
79.608 618.0 
79.678 619.0 
79.281 620.0 
79.632 621.0 
79.655 622.0 
79.573 623.0 
79.632 624.0 
79.725 625.0 
79.597 626.0 
79.678 627.0 
79.713 628.0 
79.62 629.0 
79.667 630.0 
79.748 631.0 
79.608 632.0 
79.69 633.0 
79.748 634.0 
79.597 635.0 
79.702 636.0 
79.725 637.0 
79.608 638.0 
79.667 639.0 
79.725 640.0 
79.562 641.0 
79.643 642.0 
79.702 643.0 
79.55 644.0 
79.643 645.0 
79.655 646.0 
79.713 647.0 
79.597 648.0 
79.632 649.0 
79.737 650.0 
79.55 651.0 
79.608 652.0 
79.643 653.0 
79.702 654.0 
79.562 655.0 
79.597 656.0 
79.678 657.0 
79.702 658.0 
79.573 659.0 
79.655 660.0 
79.702 661.0 
79.783 662.0 
79.562 663.0 
79.62 664.0 
79.678 665.0 
79.725 666.0 
79.597 667.0 
79.597 668.0 
79.667 669.0 
79.713 670.0 
79.562 671.0 
79.62 672.0 
79.632 673.0 
79.655 674.0 
79.678 675.0 
79.608 676.0 
79.632 677.0 
79.632 678.0 
79.655 679.0 
79.713 680.0 
79.573 681.0 
79.597 682.0 
79.632 683.0 
79.667 684.0 
79.713 685.0 
79.713 686.0 
79.515 687.0 
79.62 688.0 
79.655 689.0 
79.69 690.0 
79.702 691.0 
79.748 692.0 
79.55 693.0 
79.597 694.0 
79.62 695.0 
79.655 696.0 
79.667 697.0 
79.69 698.0 
79.445 699.0 
79.538 700.0 
79.538 701.0 
79.632 702.0 
79.632 703.0 
79.655 704.0 
79.678 705.0 
79.725 706.0 
79.55 707.0 
79.597 708.0 
79.608 709.0 
79.678 710.0 
79.643 711.0 
79.667 712.0 
79.702 713.0 
79.725 714.0 
79.725 715.0 
79.562 716.0 
79.585 717.0 
79.62 718.0 
79.597 719.0 
79.62 720.0 
79.69 721.0 
79.69 722.0 
79.713 723.0 
79.678 724.0 
79.713 725.0 
79.526 726.0 
79.55 727.0 
79.585 728.0 
79.608 729.0 
79.632 730.0 
79.643 731.0 
79.667 732.0 
79.667 733.0 
79.667 734.0 
79.678 735.0 
79.678 736.0 
79.748 737.0 
79.713 738.0 
79.456 739.0 
79.538 740.0 
79.562 741.0 
79.538 742.0 
79.585 743.0 
79.573 744.0 
79.562 745.0 
79.62 746.0 
79.573 747.0 
79.573 748.0 
79.608 749.0 
79.597 750.0 
79.597 751.0 
79.62 752.0 
79.608 753.0 
79.62 754.0 
79.643 755.0 
79.643 756.0 
79.643 757.0 
79.643 758.0 
79.655 759.0 
79.667 760.0 
79.643 761.0 
79.643 762.0 
79.643 763.0 
79.667 764.0 
79.667 765.0 
79.655 766.0 
79.632 767.0 
79.667 768.0 
79.678 769.0 
79.678 770.0 
79.643 771.0 
79.643 772.0 
79.655 773.0 
79.655 774.0 
79.655 775.0 
79.69 776.0 
79.678 777.0 
79.667 778.0 
79.632 779.0 
79.632 780.0 
79.655 781.0 
79.643 782.0 
79.643 783.0 
79.608 784.0 
79.62 785.0 
79.667 786.0 
79.643 787.0 
79.608 788.0 
79.678 789.0 
79.678 790.0 
79.655 791.0 
79.678 792.0 
79.632 793.0 
79.655 794.0 
79.643 795.0 
79.667 796.0 
79.667 797.0 
79.678 798.0 
79.655 799.0 
79.632 800.0 
79.632 801.0 
79.632 802.0 
79.667 803.0 
79.643 804.0 
0.002 805.0 
0.0 806.0 
0.005 807.0 
-0.001 808.0 
0.005 809.0 
0.007 810.0 
0.001 811.0 
0.012 812.0 
0.005 813.0 
-0.005 814.0 
0.001 815.0 
0.002 816.0 
0.001 817.0 
-0.007 818.0 
0.001 819.0 
-0.001 820.0 
-0.006 821.0 
-0.002 822.0 
-0.008 823.0 
-0.014 824.0 
-0.017 825.0 
-0.005 826.0 
-0.013 827.0 
-0.018 828.0 
-0.013 829.0 
