-0.054 257.0 
-0.037 258.0 
-0.061 259.0 
-0.037 260.0 
-0.056 261.0 
-0.013 262.0 
-0.034 263.0 
-0.03 264.0 
-0.025 265.0 
-0.055 266.0 
-0.056 267.0 
-0.053 268.0 
-0.035 269.0 
-0.042 270.0 
-0.071 271.0 
-0.042 272.0 
-0.044 273.0 
-0.044 274.0 
141.288 275.0 
138.812 276.0 
137.843 277.0 
136.64 278.0 
135.343 279.0 
133.615 280.0 
132.155 281.0 
130.146 282.0 
127.378 283.0 
126.525 284.0 
126.222 285.0 
126.0 286.0 
125.895 287.0 
125.743 288.0 
125.567 289.0 
124.995 290.0 
124.937 291.0 
124.762 292.0 
124.598 293.0 
124.516 294.0 
124.061 295.0 
123.886 296.0 
123.909 297.0 
123.43 298.0 
123.313 299.0 
123.255 300.0 
122.764 301.0 
122.718 302.0 
122.25 303.0 
122.18 304.0 
122.134 305.0 
121.585 306.0 
120.627 307.0 
118.63 308.0 
116.434 309.0 
113.246 310.0 
109.753 311.0 
105.841 312.0 
101.905 313.0 
97.653 314.0 
93.53 315.0 
89.115 316.0 
85.063 317.0 
82.505 318.0 
82.33 319.0 
82.119 320.0 
81.991 321.0 
82.003 322.0 
81.862 323.0 
81.932 324.0 
81.827 325.0 
81.605 326.0 
81.851 327.0 
81.781 328.0 
81.956 329.0 
81.862 330.0 
81.781 331.0 
82.131 332.0 
81.909 333.0 
81.827 334.0 
81.781 335.0 
81.851 336.0 
81.897 337.0 
81.769 338.0 
81.956 339.0 
81.827 340.0 
81.804 341.0 
81.781 342.0 
81.886 343.0 
81.839 344.0 
81.804 345.0 
81.746 346.0 
81.746 347.0 
81.862 348.0 
81.851 349.0 
81.816 350.0 
81.781 351.0 
81.851 352.0 
81.769 353.0 
81.769 354.0 
81.897 355.0 
81.804 356.0 
81.862 357.0 
81.816 358.0 
81.921 359.0 
81.816 360.0 
81.862 361.0 
81.781 362.0 
81.816 363.0 
81.769 364.0 
81.757 365.0 
81.804 366.0 
81.839 367.0 
81.769 368.0 
81.804 369.0 
81.816 370.0 
81.839 371.0 
81.862 372.0 
81.839 373.0 
81.862 374.0 
81.886 375.0 
82.119 376.0 
81.781 377.0 
81.827 378.0 
81.792 379.0 
81.816 380.0 
81.792 381.0 
81.874 382.0 
81.792 383.0 
81.746 384.0 
81.769 385.0 
81.851 386.0 
81.804 387.0 
81.711 388.0 
81.839 389.0 
81.816 390.0 
81.827 391.0 
81.827 392.0 
81.874 393.0 
81.757 394.0 
81.827 395.0 
81.909 396.0 
81.769 397.0 
81.839 398.0 
81.687 399.0 
81.769 400.0 
81.851 401.0 
81.804 402.0 
81.909 403.0 
81.851 404.0 
81.792 405.0 
81.722 406.0 
81.804 407.0 
81.769 408.0 
81.816 409.0 
81.746 410.0 
81.792 411.0 
81.839 412.0 
82.33 413.0 
81.897 414.0 
81.792 415.0 
81.839 416.0 
81.757 417.0 
81.851 418.0 
81.874 419.0 
81.757 420.0 
81.781 421.0 
81.816 422.0 
81.827 423.0 
81.746 424.0 
81.734 425.0 
81.792 426.0 
81.839 427.0 
81.722 428.0 
81.769 429.0 
81.711 430.0 
81.827 431.0 
81.839 432.0 
81.839 433.0 
81.757 434.0 
81.757 435.0 
81.757 436.0 
81.886 437.0 
81.722 438.0 
81.757 439.0 
81.804 440.0 
81.769 441.0 
81.734 442.0 
81.781 443.0 
81.792 444.0 
81.722 445.0 
81.734 446.0 
81.862 447.0 
81.816 448.0 
81.816 449.0 
82.166 450.0 
81.804 451.0 
81.757 452.0 
81.734 453.0 
81.711 454.0 
81.816 455.0 
81.804 456.0 
81.757 457.0 
81.722 458.0 
81.862 459.0 
81.886 460.0 
81.851 461.0 
81.757 462.0 
81.874 463.0 
81.816 464.0 
81.781 465.0 
81.851 466.0 
81.816 467.0 
81.734 468.0 
81.827 469.0 
81.746 470.0 
81.769 471.0 
81.769 472.0 
81.862 473.0 
81.804 474.0 
81.851 475.0 
81.781 476.0 
81.699 477.0 
81.804 478.0 
81.722 479.0 
81.781 480.0 
81.874 481.0 
81.757 482.0 
81.862 483.0 
81.757 484.0 
81.804 485.0 
81.722 486.0 
81.734 487.0 
81.816 488.0 
81.734 489.0 
81.757 490.0 
81.839 491.0 
81.781 492.0 
81.769 493.0 
81.839 494.0 
81.746 495.0 
81.711 496.0 
81.804 497.0 
81.827 498.0 
81.687 499.0 
81.699 500.0 
81.781 501.0 
81.816 502.0 
81.652 503.0 
81.699 504.0 
81.734 505.0 
81.734 506.0 
81.757 507.0 
81.874 508.0 
81.699 509.0 
81.699 510.0 
81.734 511.0 
81.734 512.0 
81.769 513.0 
81.804 514.0 
81.804 515.0 
81.804 516.0 
82.166 517.0 
81.594 518.0 
81.64 519.0 
81.652 520.0 
81.652 521.0 
81.64 522.0 
81.629 523.0 
81.617 524.0 
81.687 525.0 
81.652 526.0 
81.617 527.0 
81.535 528.0 
81.617 529.0 
81.547 530.0 
81.57 531.0 
81.746 532.0 
81.664 533.0 
81.629 534.0 
81.64 535.0 
81.605 536.0 
81.57 537.0 
81.489 538.0 
81.454 539.0 
81.442 540.0 
81.5 541.0 
81.477 542.0 
81.419 543.0 
81.384 544.0 
81.337 545.0 
81.278 546.0 
81.372 547.0 
81.348 548.0 
81.278 549.0 
81.243 550.0 
81.208 551.0 
81.302 552.0 
81.255 553.0 
81.22 554.0 
81.185 555.0 
81.313 556.0 
81.243 557.0 
81.232 558.0 
80.916 559.0 
81.313 560.0 
81.232 561.0 
81.127 562.0 
81.22 563.0 
81.22 564.0 
81.092 565.0 
81.267 566.0 
81.302 567.0 
81.127 568.0 
81.267 569.0 
81.162 570.0 
81.302 571.0 
81.232 572.0 
81.173 573.0 
81.232 574.0 
81.162 575.0 
81.267 576.0 
81.232 577.0 
81.208 578.0 
81.337 579.0 
81.243 580.0 
81.313 581.0 
81.243 582.0 
81.243 583.0 
81.278 584.0 
81.384 585.0 
81.325 586.0 
81.208 587.0 
81.313 588.0 
81.22 589.0 
81.29 590.0 
81.22 591.0 
81.29 592.0 
81.22 593.0 
81.243 594.0 
81.185 595.0 
81.302 596.0 
81.232 597.0 
81.278 598.0 
81.255 599.0 
81.302 600.0 
81.36 601.0 
81.255 602.0 
81.313 603.0 
81.232 604.0 
81.337 605.0 
81.208 606.0 
81.29 607.0 
81.173 608.0 
81.267 609.0 
81.36 610.0 
81.232 611.0 
81.36 612.0 
81.22 613.0 
81.29 614.0 
81.208 615.0 
81.255 616.0 
81.302 617.0 
81.15 618.0 
81.29 619.0 
80.998 620.0 
81.22 621.0 
81.29 622.0 
81.197 623.0 
81.232 624.0 
81.313 625.0 
81.185 626.0 
81.267 627.0 
81.325 628.0 
81.22 629.0 
81.255 630.0 
81.372 631.0 
81.208 632.0 
81.267 633.0 
81.629 634.0 
81.208 635.0 
81.29 636.0 
81.313 637.0 
81.232 638.0 
81.278 639.0 
81.36 640.0 
81.185 641.0 
81.243 642.0 
81.302 643.0 
81.173 644.0 
81.22 645.0 
81.29 646.0 
81.348 647.0 
81.162 648.0 
81.255 649.0 
81.325 650.0 
81.15 651.0 
81.197 652.0 
81.29 653.0 
81.325 654.0 
81.185 655.0 
81.22 656.0 
81.255 657.0 
81.325 658.0 
81.232 659.0 
81.278 660.0 
81.313 661.0 
81.337 662.0 
81.173 663.0 
81.243 664.0 
81.302 665.0 
81.36 666.0 
81.185 667.0 
81.197 668.0 
81.302 669.0 
81.313 670.0 
81.197 671.0 
81.22 672.0 
81.255 673.0 
81.267 674.0 
81.302 675.0 
81.162 676.0 
81.255 677.0 
81.302 678.0 
81.302 679.0 
81.36 680.0 
81.173 681.0 
81.162 682.0 
81.22 683.0 
81.278 684.0 
81.313 685.0 
81.337 686.0 
81.185 687.0 
81.232 688.0 
81.243 689.0 
81.255 690.0 
81.313 691.0 
81.348 692.0 
81.185 693.0 
81.22 694.0 
81.255 695.0 
81.267 696.0 
81.302 697.0 
81.29 698.0 
81.08 699.0 
81.197 700.0 
81.208 701.0 
81.232 702.0 
81.255 703.0 
81.302 704.0 
81.255 705.0 
81.36 706.0 
81.185 707.0 
81.208 708.0 
81.197 709.0 
81.22 710.0 
81.267 711.0 
81.325 712.0 
81.313 713.0 
81.372 714.0 
81.372 715.0 
81.185 716.0 
81.185 717.0 
81.208 718.0 
81.267 719.0 
81.243 720.0 
81.278 721.0 
81.302 722.0 
81.313 723.0 
81.313 724.0 
81.348 725.0 
81.173 726.0 
81.162 727.0 
81.208 728.0 
81.197 729.0 
81.208 730.0 
81.278 731.0 
81.267 732.0 
81.278 733.0 
81.267 734.0 
81.302 735.0 
81.313 736.0 
81.325 737.0 
81.325 738.0 
80.963 739.0 
81.138 740.0 
81.15 741.0 
81.173 742.0 
81.162 743.0 
81.185 744.0 
81.208 745.0 
81.197 746.0 
81.22 747.0 
81.208 748.0 
81.197 749.0 
81.208 750.0 
81.197 751.0 
81.243 752.0 
81.255 753.0 
81.243 754.0 
81.267 755.0 
81.255 756.0 
81.243 757.0 
81.255 758.0 
81.29 759.0 
81.267 760.0 
81.267 761.0 
81.243 762.0 
81.255 763.0 
81.267 764.0 
81.267 765.0 
81.243 766.0 
81.243 767.0 
81.29 768.0 
81.278 769.0 
81.255 770.0 
81.267 771.0 
81.278 772.0 
81.278 773.0 
81.29 774.0 
81.278 775.0 
81.278 776.0 
81.267 777.0 
81.267 778.0 
81.255 779.0 
81.278 780.0 
81.278 781.0 
81.255 782.0 
81.255 783.0 
81.267 784.0 
81.243 785.0 
81.232 786.0 
81.255 787.0 
81.29 788.0 
81.255 789.0 
81.29 790.0 
81.267 791.0 
81.267 792.0 
81.29 793.0 
81.243 794.0 
81.278 795.0 
81.29 796.0 
81.267 797.0 
81.255 798.0 
81.267 799.0 
81.278 800.0 
81.278 801.0 
81.255 802.0 
81.255 803.0 
81.278 804.0 
0.006 805.0 
0.0 806.0 
0.001 807.0 
-0.001 808.0 
0.0 809.0 
0.001 810.0 
-0.001 811.0 
0.004 812.0 
0.006 813.0 
0.0 814.0 
0.002 815.0 
0.002 816.0 
-0.002 817.0 
-0.01 818.0 
0.002 819.0 
-0.01 820.0 
-0.012 821.0 
-0.005 822.0 
-0.016 823.0 
-0.017 824.0 
-0.016 825.0 
-0.028 826.0 
-0.017 827.0 
-0.018 828.0 
-0.023 829.0 
