-0.04 257.0 
-0.052 258.0 
-0.053 259.0 
-0.064 260.0 
-0.053 261.0 
-0.038 262.0 
-0.036 263.0 
-0.056 264.0 
-0.031 265.0 
-0.032 266.0 
-0.035 267.0 
-0.036 268.0 
-0.038 269.0 
-0.046 270.0 
-0.054 271.0 
-0.043 272.0 
-0.03 273.0 
-0.054 274.0 
149.557 275.0 
146.404 276.0 
144.979 277.0 
142.818 278.0 
140.658 279.0 
137.925 280.0 
135.74 281.0 
133.334 282.0 
129.527 283.0 
127.938 284.0 
127.46 285.0 
127.179 286.0 
127.051 287.0 
126.782 288.0 
126.584 289.0 
125.953 290.0 
125.789 291.0 
125.532 292.0 
125.369 293.0 
125.135 294.0 
124.738 295.0 
124.61 296.0 
124.54 297.0 
124.049 298.0 
123.909 299.0 
123.687 300.0 
123.29 301.0 
123.22 302.0 
122.683 303.0 
122.566 304.0 
122.437 305.0 
121.643 306.0 
120.218 307.0 
117.672 308.0 
114.916 309.0 
111.272 310.0 
107.301 311.0 
102.921 312.0 
98.786 313.0 
94.687 314.0 
90.949 315.0 
87.188 316.0 
83.801 317.0 
81.021 318.0 
80.905 319.0 
80.659 320.0 
80.519 321.0 
80.496 322.0 
80.414 323.0 
80.391 324.0 
80.379 325.0 
80.239 326.0 
80.332 327.0 
80.309 328.0 
80.554 329.0 
80.391 330.0 
80.262 331.0 
80.566 332.0 
80.402 333.0 
80.297 334.0 
80.274 335.0 
80.367 336.0 
80.356 337.0 
80.239 338.0 
80.508 339.0 
80.297 340.0 
80.309 341.0 
80.274 342.0 
80.437 343.0 
80.344 344.0 
80.321 345.0 
80.262 346.0 
80.262 347.0 
80.332 348.0 
80.391 349.0 
80.332 350.0 
80.274 351.0 
80.309 352.0 
80.286 353.0 
80.239 354.0 
80.356 355.0 
80.332 356.0 
80.379 357.0 
80.309 358.0 
80.379 359.0 
80.321 360.0 
80.356 361.0 
80.321 362.0 
80.344 363.0 
80.274 364.0 
80.309 365.0 
80.309 366.0 
80.356 367.0 
80.274 368.0 
80.309 369.0 
80.321 370.0 
80.321 371.0 
80.344 372.0 
80.332 373.0 
80.391 374.0 
80.379 375.0 
80.659 376.0 
80.262 377.0 
80.297 378.0 
80.274 379.0 
80.297 380.0 
80.344 381.0 
80.414 382.0 
80.286 383.0 
80.297 384.0 
80.274 385.0 
80.379 386.0 
80.286 387.0 
80.251 388.0 
80.367 389.0 
80.367 390.0 
80.309 391.0 
80.274 392.0 
80.379 393.0 
80.216 394.0 
80.344 395.0 
80.402 396.0 
80.274 397.0 
80.321 398.0 
80.204 399.0 
80.262 400.0 
80.391 401.0 
80.332 402.0 
80.391 403.0 
80.356 404.0 
80.309 405.0 
80.251 406.0 
80.344 407.0 
80.262 408.0 
80.332 409.0 
80.274 410.0 
80.297 411.0 
80.344 412.0 
80.718 413.0 
80.356 414.0 
80.274 415.0 
80.321 416.0 
80.239 417.0 
80.344 418.0 
80.309 419.0 
80.239 420.0 
80.297 421.0 
80.309 422.0 
80.414 423.0 
80.274 424.0 
80.262 425.0 
80.309 426.0 
80.356 427.0 
80.286 428.0 
80.309 429.0 
80.286 430.0 
80.297 431.0 
80.309 432.0 
80.344 433.0 
80.227 434.0 
80.239 435.0 
80.274 436.0 
80.344 437.0 
80.227 438.0 
80.227 439.0 
80.262 440.0 
80.274 441.0 
80.239 442.0 
80.309 443.0 
80.297 444.0 
80.251 445.0 
80.274 446.0 
80.367 447.0 
80.367 448.0 
80.356 449.0 
80.613 450.0 
80.274 451.0 
80.262 452.0 
80.251 453.0 
80.227 454.0 
80.344 455.0 
80.321 456.0 
80.262 457.0 
80.262 458.0 
80.321 459.0 
80.367 460.0 
80.309 461.0 
80.262 462.0 
80.414 463.0 
80.332 464.0 
80.297 465.0 
80.344 466.0 
80.332 467.0 
80.227 468.0 
80.367 469.0 
80.286 470.0 
80.239 471.0 
80.286 472.0 
80.157 473.0 
80.297 474.0 
80.344 475.0 
80.321 476.0 
80.227 477.0 
80.309 478.0 
80.204 479.0 
80.309 480.0 
80.367 481.0 
80.262 482.0 
80.367 483.0 
80.251 484.0 
80.356 485.0 
80.227 486.0 
80.262 487.0 
80.344 488.0 
80.286 489.0 
80.309 490.0 
80.297 491.0 
80.274 492.0 
80.274 493.0 
80.309 494.0 
80.227 495.0 
80.251 496.0 
80.321 497.0 
80.332 498.0 
80.227 499.0 
80.251 500.0 
80.321 501.0 
80.344 502.0 
80.216 503.0 
80.216 504.0 
80.251 505.0 
80.286 506.0 
80.239 507.0 
80.332 508.0 
80.169 509.0 
80.239 510.0 
80.251 511.0 
80.251 512.0 
80.286 513.0 
80.274 514.0 
80.286 515.0 
80.297 516.0 
80.531 517.0 
80.145 518.0 
80.145 519.0 
80.216 520.0 
80.192 521.0 
80.204 522.0 
80.204 523.0 
80.181 524.0 
80.216 525.0 
80.204 526.0 
80.192 527.0 
80.11 528.0 
80.169 529.0 
80.145 530.0 
80.11 531.0 
80.216 532.0 
80.227 533.0 
80.192 534.0 
80.216 535.0 
80.181 536.0 
80.134 537.0 
80.064 538.0 
80.04 539.0 
79.994 540.0 
80.145 541.0 
80.04 542.0 
80.017 543.0 
80.017 544.0 
79.982 545.0 
79.935 546.0 
80.04 547.0 
80.005 548.0 
79.924 549.0 
79.889 550.0 
79.83 551.0 
79.97 552.0 
79.877 553.0 
79.865 554.0 
79.83 555.0 
79.947 556.0 
79.889 557.0 
79.854 558.0 
79.526 559.0 
79.935 560.0 
79.9 561.0 
79.807 562.0 
79.935 563.0 
79.818 564.0 
79.807 565.0 
79.924 566.0 
79.889 567.0 
79.795 568.0 
79.842 569.0 
79.854 570.0 
79.97 571.0 
79.865 572.0 
79.83 573.0 
79.9 574.0 
79.83 575.0 
80.216 576.0 
79.854 577.0 
79.842 578.0 
79.947 579.0 
79.912 580.0 
79.994 581.0 
79.9 582.0 
80.005 583.0 
79.959 584.0 
79.667 585.0 
79.935 586.0 
79.854 587.0 
79.959 588.0 
79.842 589.0 
79.935 590.0 
79.877 591.0 
79.97 592.0 
79.877 593.0 
79.947 594.0 
79.865 595.0 
79.924 596.0 
79.83 597.0 
79.854 598.0 
79.865 599.0 
79.924 600.0 
80.029 601.0 
79.912 602.0 
80.017 603.0 
79.9 604.0 
79.97 605.0 
79.877 606.0 
79.959 607.0 
79.865 608.0 
79.947 609.0 
79.994 610.0 
79.865 611.0 
79.947 612.0 
79.854 613.0 
79.935 614.0 
79.818 615.0 
79.854 616.0 
79.994 617.0 
79.83 618.0 
79.935 619.0 
79.69 620.0 
79.889 621.0 
79.924 622.0 
79.854 623.0 
79.9 624.0 
79.97 625.0 
79.842 626.0 
79.924 627.0 
80.005 628.0 
79.877 629.0 
79.912 630.0 
79.982 631.0 
79.842 632.0 
79.947 633.0 
80.204 634.0 
79.865 635.0 
79.947 636.0 
79.982 637.0 
79.865 638.0 
79.924 639.0 
79.97 640.0 
79.842 641.0 
79.842 642.0 
79.97 643.0 
79.842 644.0 
79.83 645.0 
79.924 646.0 
79.994 647.0 
79.854 648.0 
79.9 649.0 
79.947 650.0 
79.807 651.0 
79.807 652.0 
79.912 653.0 
79.947 654.0 
79.83 655.0 
79.83 656.0 
79.9 657.0 
79.97 658.0 
79.83 659.0 
79.912 660.0 
79.959 661.0 
79.959 662.0 
79.877 663.0 
79.912 664.0 
79.947 665.0 
79.994 666.0 
79.877 667.0 
79.935 668.0 
79.935 669.0 
79.947 670.0 
79.854 671.0 
79.854 672.0 
79.924 673.0 
79.912 674.0 
79.9 675.0 
79.83 676.0 
79.889 677.0 
79.912 678.0 
79.9 679.0 
79.959 680.0 
79.83 681.0 
79.9 682.0 
79.924 683.0 
79.947 684.0 
79.959 685.0 
80.005 686.0 
79.83 687.0 
79.877 688.0 
79.935 689.0 
79.9 690.0 
79.959 691.0 
79.97 692.0 
79.83 693.0 
79.842 694.0 
79.877 695.0 
79.912 696.0 
79.9 697.0 
80.005 698.0 
79.76 699.0 
79.842 700.0 
79.865 701.0 
79.865 702.0 
79.9 703.0 
79.935 704.0 
79.935 705.0 
79.97 706.0 
79.842 707.0 
79.877 708.0 
79.865 709.0 
79.9 710.0 
79.912 711.0 
79.947 712.0 
79.935 713.0 
80.005 714.0 
79.737 715.0 
79.842 716.0 
79.713 717.0 
79.865 718.0 
79.842 719.0 
79.9 720.0 
79.924 721.0 
79.924 722.0 
79.97 723.0 
79.947 724.0 
79.994 725.0 
79.818 726.0 
79.865 727.0 
79.877 728.0 
79.889 729.0 
79.877 730.0 
79.9 731.0 
79.924 732.0 
79.935 733.0 
79.947 734.0 
79.947 735.0 
79.959 736.0 
79.982 737.0 
79.959 738.0 
79.76 739.0 
79.83 740.0 
79.807 741.0 
79.818 742.0 
79.842 743.0 
79.818 744.0 
79.83 745.0 
79.842 746.0 
79.865 747.0 
79.865 748.0 
79.865 749.0 
79.912 750.0 
79.865 751.0 
79.9 752.0 
79.889 753.0 
79.9 754.0 
79.877 755.0 
79.877 756.0 
79.9 757.0 
79.889 758.0 
79.9 759.0 
79.912 760.0 
79.9 761.0 
79.924 762.0 
79.912 763.0 
79.9 764.0 
79.9 765.0 
79.9 766.0 
79.935 767.0 
79.924 768.0 
79.924 769.0 
79.935 770.0 
79.924 771.0 
79.912 772.0 
79.889 773.0 
79.889 774.0 
79.935 775.0 
79.9 776.0 
79.924 777.0 
79.912 778.0 
79.9 779.0 
79.924 780.0 
79.912 781.0 
79.924 782.0 
79.935 783.0 
79.912 784.0 
79.889 785.0 
79.912 786.0 
79.935 787.0 
79.935 788.0 
79.912 789.0 
79.9 790.0 
79.924 791.0 
79.912 792.0 
79.9 793.0 
79.912 794.0 
79.854 795.0 
79.912 796.0 
79.924 797.0 
79.877 798.0 
79.854 799.0 
79.877 800.0 
79.912 801.0 
79.877 802.0 
79.9 803.0 
79.9 804.0 
0.002 805.0 
0.0 806.0 
0.0 807.0 
0.006 808.0 
0.008 809.0 
0.01 810.0 
0.005 811.0 
0.001 812.0 
0.002 813.0 
0.002 814.0 
-0.01 815.0 
-0.008 816.0 
-0.01 817.0 
-0.008 818.0 
-0.005 819.0 
0.002 820.0 
-0.004 821.0 
-0.012 822.0 
-0.014 823.0 
-0.018 824.0 
-0.018 825.0 
-0.016 826.0 
-0.01 827.0 
-0.006 828.0 
-0.012 829.0 
