-0.029 257.0 
-0.019 258.0 
-0.109 259.0 
-0.03 260.0 
-0.023 261.0 
-0.026 262.0 
-0.042 263.0 
-0.053 264.0 
-0.01 265.0 
-0.025 266.0 
-0.049 267.0 
-0.049 268.0 
-0.049 269.0 
-0.042 270.0 
-0.013 271.0 
-0.025 272.0 
-0.03 273.0 
-0.031 274.0 
152.045 275.0 
149.032 276.0 
147.817 277.0 
146.077 278.0 
144.021 279.0 
141.358 280.0 
139.314 281.0 
136.745 282.0 
132.891 283.0 
131.396 284.0 
130.893 285.0 
130.543 286.0 
130.321 287.0 
129.936 288.0 
129.69 289.0 
128.943 290.0 
128.885 291.0 
128.593 292.0 
128.324 293.0 
128.219 294.0 
127.67 295.0 
127.483 296.0 
127.39 297.0 
126.782 298.0 
126.537 299.0 
126.408 300.0 
125.871 301.0 
125.836 302.0 
125.229 303.0 
125.182 304.0 
125.544 305.0 
124.423 306.0 
123.033 307.0 
120.475 308.0 
117.59 309.0 
113.467 310.0 
109.531 311.0 
104.813 312.0 
100.632 313.0 
96.298 314.0 
92.316 315.0 
88.31 316.0 
84.689 317.0 
81.617 318.0 
81.489 319.0 
81.208 320.0 
81.092 321.0 
81.057 322.0 
80.963 323.0 
80.986 324.0 
80.94 325.0 
80.823 326.0 
80.951 327.0 
80.823 328.0 
81.021 329.0 
80.963 330.0 
80.893 331.0 
81.127 332.0 
80.963 333.0 
80.858 334.0 
80.87 335.0 
80.928 336.0 
80.928 337.0 
80.811 338.0 
80.986 339.0 
80.881 340.0 
80.881 341.0 
80.846 342.0 
80.893 343.0 
80.881 344.0 
80.881 345.0 
80.823 346.0 
80.811 347.0 
80.893 348.0 
80.94 349.0 
80.94 350.0 
80.858 351.0 
80.94 352.0 
80.846 353.0 
80.8 354.0 
80.823 355.0 
80.928 356.0 
80.94 357.0 
80.893 358.0 
80.975 359.0 
80.928 360.0 
80.963 361.0 
80.87 362.0 
80.916 363.0 
80.87 364.0 
80.858 365.0 
80.881 366.0 
80.881 367.0 
80.835 368.0 
80.846 369.0 
80.881 370.0 
80.928 371.0 
80.916 372.0 
80.905 373.0 
80.94 374.0 
80.951 375.0 
81.243 376.0 
80.8 377.0 
80.835 378.0 
80.893 379.0 
80.858 380.0 
80.905 381.0 
80.975 382.0 
80.858 383.0 
80.858 384.0 
80.858 385.0 
80.975 386.0 
80.87 387.0 
80.811 388.0 
80.881 389.0 
80.916 390.0 
80.893 391.0 
80.846 392.0 
80.916 393.0 
80.765 394.0 
80.881 395.0 
80.951 396.0 
80.8 397.0 
80.928 398.0 
80.741 399.0 
80.846 400.0 
80.928 401.0 
80.905 402.0 
80.986 403.0 
80.916 404.0 
80.87 405.0 
80.823 406.0 
80.893 407.0 
80.858 408.0 
80.881 409.0 
80.823 410.0 
80.893 411.0 
80.916 412.0 
81.372 413.0 
80.951 414.0 
80.87 415.0 
80.905 416.0 
80.835 417.0 
80.893 418.0 
80.893 419.0 
80.8 420.0 
80.858 421.0 
80.893 422.0 
80.963 423.0 
80.858 424.0 
80.881 425.0 
80.893 426.0 
80.94 427.0 
80.835 428.0 
80.858 429.0 
80.823 430.0 
80.916 431.0 
80.951 432.0 
80.94 433.0 
80.811 434.0 
80.823 435.0 
80.846 436.0 
80.928 437.0 
80.823 438.0 
80.788 439.0 
80.823 440.0 
80.846 441.0 
80.835 442.0 
80.858 443.0 
80.823 444.0 
80.858 445.0 
80.823 446.0 
80.94 447.0 
80.905 448.0 
80.916 449.0 
81.29 450.0 
80.835 451.0 
80.846 452.0 
80.811 453.0 
80.753 454.0 
80.893 455.0 
80.846 456.0 
80.823 457.0 
80.788 458.0 
80.905 459.0 
80.905 460.0 
80.87 461.0 
80.87 462.0 
80.928 463.0 
80.881 464.0 
80.87 465.0 
80.94 466.0 
80.881 467.0 
80.811 468.0 
80.881 469.0 
80.858 470.0 
80.846 471.0 
80.858 472.0 
80.776 473.0 
80.858 474.0 
80.975 475.0 
80.87 476.0 
80.811 477.0 
80.858 478.0 
80.788 479.0 
80.858 480.0 
80.94 481.0 
80.835 482.0 
80.916 483.0 
80.835 484.0 
80.87 485.0 
80.8 486.0 
80.823 487.0 
80.881 488.0 
80.87 489.0 
80.87 490.0 
80.905 491.0 
80.87 492.0 
80.87 493.0 
80.94 494.0 
80.811 495.0 
80.823 496.0 
80.87 497.0 
80.905 498.0 
80.811 499.0 
80.811 500.0 
80.893 501.0 
80.916 502.0 
80.788 503.0 
80.835 504.0 
80.811 505.0 
80.835 506.0 
80.811 507.0 
80.881 508.0 
80.741 509.0 
80.8 510.0 
80.8 511.0 
80.835 512.0 
80.811 513.0 
80.846 514.0 
80.87 515.0 
80.881 516.0 
80.893 517.0 
80.671 518.0 
80.683 519.0 
80.741 520.0 
80.718 521.0 
80.765 522.0 
80.776 523.0 
80.753 524.0 
80.776 525.0 
80.765 526.0 
80.753 527.0 
80.694 528.0 
80.741 529.0 
80.659 530.0 
80.706 531.0 
80.811 532.0 
80.788 533.0 
80.718 534.0 
80.718 535.0 
80.706 536.0 
80.648 537.0 
80.554 538.0 
80.554 539.0 
80.484 540.0 
80.624 541.0 
80.508 542.0 
80.496 543.0 
80.484 544.0 
80.426 545.0 
80.402 546.0 
80.508 547.0 
80.437 548.0 
80.367 549.0 
80.321 550.0 
80.309 551.0 
80.414 552.0 
80.367 553.0 
80.297 554.0 
80.297 555.0 
80.367 556.0 
80.332 557.0 
80.297 558.0 
79.947 559.0 
80.367 560.0 
80.297 561.0 
80.262 562.0 
80.391 563.0 
80.262 564.0 
80.239 565.0 
80.356 566.0 
80.356 567.0 
80.251 568.0 
80.332 569.0 
80.309 570.0 
80.379 571.0 
80.332 572.0 
80.239 573.0 
80.344 574.0 
80.286 575.0 
80.379 576.0 
80.321 577.0 
80.286 578.0 
80.367 579.0 
80.309 580.0 
80.426 581.0 
80.332 582.0 
80.426 583.0 
80.379 584.0 
80.134 585.0 
80.379 586.0 
80.321 587.0 
80.379 588.0 
80.332 589.0 
80.391 590.0 
80.332 591.0 
80.391 592.0 
80.309 593.0 
80.344 594.0 
80.321 595.0 
80.332 596.0 
80.309 597.0 
80.367 598.0 
80.309 599.0 
80.356 600.0 
80.461 601.0 
80.356 602.0 
80.426 603.0 
80.367 604.0 
80.437 605.0 
80.321 606.0 
80.402 607.0 
80.274 608.0 
80.344 609.0 
80.437 610.0 
80.356 611.0 
80.449 612.0 
80.286 613.0 
80.379 614.0 
80.239 615.0 
80.344 616.0 
80.402 617.0 
80.239 618.0 
80.391 619.0 
80.11 620.0 
80.356 621.0 
80.379 622.0 
80.309 623.0 
80.356 624.0 
80.437 625.0 
80.309 626.0 
80.379 627.0 
80.414 628.0 
80.309 629.0 
80.402 630.0 
80.461 631.0 
80.274 632.0 
80.367 633.0 
80.636 634.0 
80.309 635.0 
80.367 636.0 
80.414 637.0 
80.297 638.0 
80.367 639.0 
80.426 640.0 
80.297 641.0 
80.262 642.0 
80.426 643.0 
80.274 644.0 
80.344 645.0 
80.391 646.0 
80.437 647.0 
80.274 648.0 
80.321 649.0 
80.367 650.0 
80.251 651.0 
80.321 652.0 
80.367 653.0 
80.391 654.0 
80.286 655.0 
80.321 656.0 
80.367 657.0 
80.402 658.0 
80.297 659.0 
80.367 660.0 
80.379 661.0 
80.414 662.0 
80.262 663.0 
80.356 664.0 
80.402 665.0 
80.426 666.0 
80.274 667.0 
80.309 668.0 
80.414 669.0 
80.391 670.0 
80.274 671.0 
80.286 672.0 
80.344 673.0 
80.391 674.0 
80.367 675.0 
80.262 676.0 
80.286 677.0 
80.321 678.0 
80.367 679.0 
80.414 680.0 
80.274 681.0 
80.332 682.0 
80.344 683.0 
80.367 684.0 
80.344 685.0 
80.461 686.0 
80.227 687.0 
80.309 688.0 
80.344 689.0 
80.391 690.0 
80.437 691.0 
80.461 692.0 
80.262 693.0 
80.309 694.0 
80.344 695.0 
80.344 696.0 
80.332 697.0 
80.414 698.0 
80.181 699.0 
80.262 700.0 
80.297 701.0 
80.332 702.0 
80.391 703.0 
80.391 704.0 
80.379 705.0 
80.437 706.0 
80.262 707.0 
80.286 708.0 
80.309 709.0 
80.356 710.0 
80.344 711.0 
80.379 712.0 
80.402 713.0 
80.402 714.0 
80.227 715.0 
80.251 716.0 
80.274 717.0 
80.309 718.0 
80.309 719.0 
80.344 720.0 
80.367 721.0 
80.356 722.0 
80.414 723.0 
80.426 724.0 
80.473 725.0 
80.262 726.0 
80.286 727.0 
80.274 728.0 
80.332 729.0 
80.332 730.0 
80.356 731.0 
80.367 732.0 
80.344 733.0 
80.379 734.0 
80.402 735.0 
80.426 736.0 
80.414 737.0 
80.414 738.0 
80.134 739.0 
80.251 740.0 
80.227 741.0 
80.262 742.0 
80.286 743.0 
80.251 744.0 
80.274 745.0 
80.274 746.0 
80.297 747.0 
80.309 748.0 
80.321 749.0 
80.297 750.0 
80.344 751.0 
80.332 752.0 
80.286 753.0 
80.321 754.0 
80.321 755.0 
80.321 756.0 
80.356 757.0 
80.379 758.0 
80.356 759.0 
80.344 760.0 
80.344 761.0 
80.379 762.0 
80.379 763.0 
80.391 764.0 
80.391 765.0 
80.367 766.0 
80.367 767.0 
80.356 768.0 
80.367 769.0 
80.379 770.0 
80.367 771.0 
80.367 772.0 
80.344 773.0 
80.379 774.0 
80.332 775.0 
80.356 776.0 
80.391 777.0 
80.367 778.0 
80.379 779.0 
80.379 780.0 
80.344 781.0 
80.391 782.0 
80.367 783.0 
80.379 784.0 
80.402 785.0 
80.367 786.0 
80.344 787.0 
80.356 788.0 
80.379 789.0 
80.344 790.0 
80.367 791.0 
80.367 792.0 
80.367 793.0 
80.297 794.0 
80.356 795.0 
80.332 796.0 
80.379 797.0 
80.321 798.0 
80.321 799.0 
80.309 800.0 
80.344 801.0 
80.332 802.0 
80.356 803.0 
80.356 804.0 
0.004 805.0 
0.002 806.0 
0.008 807.0 
0.0 808.0 
-0.001 809.0 
0.002 810.0 
-0.006 811.0 
-0.012 812.0 
-0.023 813.0 
-0.03 814.0 
-0.034 815.0 
-0.032 816.0 
-0.028 817.0 
-0.04 818.0 
-0.037 819.0 
-0.036 820.0 
-0.031 821.0 
-0.036 822.0 
-0.025 823.0 
-0.032 824.0 
-0.031 825.0 
-0.029 826.0 
-0.022 827.0 
-0.019 828.0 
-0.023 829.0 
