-0.032 257.0 
-0.047 258.0 
-0.047 259.0 
-0.047 260.0 
-0.037 261.0 
-0.044 262.0 
-0.053 263.0 
-0.065 264.0 
-0.034 265.0 
-0.048 266.0 
-0.032 267.0 
-0.038 268.0 
-0.04 269.0 
-0.04 270.0 
-0.04 271.0 
-0.028 272.0 
-0.025 273.0 
-0.034 274.0 
261.688 275.0 
257.742 276.0 
257.046 277.0 
254.841 278.0 
252.868 279.0 
251.476 280.0 
249.735 281.0 
251.592 282.0 
246.022 283.0 
245.906 284.0 
245.79 285.0 
245.325 286.0 
244.861 287.0 
244.861 288.0 
244.629 289.0 
244.977 290.0 
243.933 291.0 
243.469 292.0 
243.236 293.0 
242.888 294.0 
242.888 295.0 
242.772 296.0 
243.469 297.0 
242.888 298.0 
242.192 299.0 
242.192 300.0 
241.844 301.0 
242.308 302.0 
241.496 303.0 
241.844 304.0 
244.629 305.0 
241.612 306.0 
241.612 307.0 
241.032 308.0 
241.728 309.0 
241.032 310.0 
241.148 311.0 
240.916 312.0 
241.148 313.0 
240.799 314.0 
241.148 315.0 
240.683 316.0 
241.148 317.0 
240.799 318.0 
240.451 319.0 
240.219 320.0 
238.014 321.0 
240.567 322.0 
240.335 323.0 
240.335 324.0 
240.219 325.0 
240.799 326.0 
240.683 327.0 
240.103 328.0 
245.557 329.0 
240.683 330.0 
240.451 331.0 
242.54 332.0 
240.683 333.0 
240.335 334.0 
240.567 335.0 
240.683 336.0 
240.916 337.0 
240.335 338.0 
243.817 339.0 
239.871 340.0 
240.335 341.0 
240.451 342.0 
234.881 343.0 
240.219 344.0 
240.219 345.0 
240.219 346.0 
239.987 347.0 
237.898 348.0 
240.683 349.0 
240.335 350.0 
240.335 351.0 
240.799 352.0 
240.335 353.0 
239.291 354.0 
238.943 355.0 
240.335 356.0 
240.916 357.0 
240.335 358.0 
240.219 359.0 
240.335 360.0 
240.335 361.0 
240.567 362.0 
240.219 363.0 
239.639 364.0 
240.335 365.0 
240.335 366.0 
240.335 367.0 
239.987 368.0 
240.335 369.0 
240.567 370.0 
240.567 371.0 
240.451 372.0 
240.683 373.0 
240.451 374.0 
240.567 375.0 
242.192 376.0 
239.987 377.0 
240.335 378.0 
240.219 379.0 
240.219 380.0 
240.219 381.0 
240.567 382.0 
240.219 383.0 
240.219 384.0 
240.219 385.0 
240.683 386.0 
239.523 387.0 
239.987 388.0 
240.683 389.0 
240.567 390.0 
240.335 391.0 
240.567 392.0 
240.799 393.0 
239.987 394.0 
240.335 395.0 
240.567 396.0 
240.103 397.0 
240.567 398.0 
239.059 399.0 
239.755 400.0 
240.451 401.0 
240.799 402.0 
240.451 403.0 
240.451 404.0 
240.335 405.0 
240.219 406.0 
240.219 407.0 
240.219 408.0 
240.103 409.0 
239.987 410.0 
240.219 411.0 
240.567 412.0 
241.148 413.0 
240.451 414.0 
240.335 415.0 
240.567 416.0 
240.567 417.0 
240.799 418.0 
240.103 419.0 
239.871 420.0 
240.103 421.0 
240.683 422.0 
240.567 423.0 
240.219 424.0 
240.219 425.0 
240.335 426.0 
240.103 427.0 
240.219 428.0 
239.871 429.0 
240.335 430.0 
240.451 431.0 
240.567 432.0 
240.683 433.0 
240.335 434.0 
240.683 435.0 
240.799 436.0 
241.148 437.0 
240.567 438.0 
239.523 439.0 
239.871 440.0 
240.219 441.0 
240.335 442.0 
240.219 443.0 
240.335 444.0 
240.219 445.0 
240.335 446.0 
240.567 447.0 
240.567 448.0 
240.451 449.0 
240.916 450.0 
240.451 451.0 
240.567 452.0 
240.335 453.0 
239.987 454.0 
240.451 455.0 
239.523 456.0 
240.451 457.0 
240.683 458.0 
240.451 459.0 
240.451 460.0 
240.335 461.0 
240.103 462.0 
240.451 463.0 
240.451 464.0 
240.567 465.0 
240.451 466.0 
240.451 467.0 
240.103 468.0 
240.567 469.0 
240.451 470.0 
240.335 471.0 
240.451 472.0 
238.943 473.0 
240.451 474.0 
240.683 475.0 
240.683 476.0 
240.451 477.0 
240.335 478.0 
240.451 479.0 
240.451 480.0 
240.567 481.0 
240.451 482.0 
240.567 483.0 
239.987 484.0 
240.451 485.0 
240.219 486.0 
240.103 487.0 
240.335 488.0 
240.335 489.0 
240.683 490.0 
240.799 491.0 
240.683 492.0 
240.683 493.0 
240.567 494.0 
240.335 495.0 
240.219 496.0 
240.799 497.0 
240.916 498.0 
239.871 499.0 
239.871 500.0 
240.103 501.0 
240.567 502.0 
240.219 503.0 
240.219 504.0 
240.103 505.0 
240.103 506.0 
237.318 507.0 
243.469 508.0 
239.987 509.0 
240.451 510.0 
240.219 511.0 
240.451 512.0 
240.683 513.0 
240.683 514.0 
240.683 515.0 
240.683 516.0 
241.032 517.0 
239.755 518.0 
239.871 519.0 
239.755 520.0 
239.871 521.0 
239.987 522.0 
239.987 523.0 
239.987 524.0 
239.987 525.0 
240.103 526.0 
240.103 527.0 
239.871 528.0 
239.871 529.0 
240.103 530.0 
240.219 531.0 
240.567 532.0 
240.219 533.0 
240.219 534.0 
240.219 535.0 
240.451 536.0 
240.335 537.0 
239.523 538.0 
239.987 539.0 
239.871 540.0 
240.451 541.0 
239.871 542.0 
240.219 543.0 
240.103 544.0 
239.987 545.0 
239.987 546.0 
240.451 547.0 
239.871 548.0 
239.987 549.0 
240.103 550.0 
239.059 551.0 
240.451 552.0 
239.987 553.0 
239.987 554.0 
239.987 555.0 
240.219 556.0 
240.335 557.0 
240.335 558.0 
234.649 559.0 
239.987 560.0 
239.755 561.0 
239.523 562.0 
240.335 563.0 
239.755 564.0 
239.639 565.0 
240.219 566.0 
239.871 567.0 
239.871 568.0 
240.335 569.0 
240.219 570.0 
240.451 571.0 
240.219 572.0 
239.755 573.0 
239.987 574.0 
240.103 575.0 
240.103 576.0 
240.451 577.0 
240.219 578.0 
239.987 579.0 
240.103 580.0 
240.335 581.0 
240.219 582.0 
239.871 583.0 
240.103 584.0 
235.809 585.0 
239.871 586.0 
239.871 587.0 
240.219 588.0 
240.451 589.0 
240.335 590.0 
240.103 591.0 
240.219 592.0 
240.103 593.0 
240.219 594.0 
239.987 595.0 
240.103 596.0 
240.335 597.0 
240.335 598.0 
240.219 599.0 
240.219 600.0 
240.567 601.0 
240.103 602.0 
240.335 603.0 
240.335 604.0 
240.567 605.0 
240.103 606.0 
240.335 607.0 
239.871 608.0 
240.219 609.0 
240.799 610.0 
240.103 611.0 
240.567 612.0 
240.219 613.0 
240.335 614.0 
239.871 615.0 
240.103 616.0 
240.567 617.0 
239.755 618.0 
240.335 619.0 
237.318 620.0 
239.987 621.0 
240.567 622.0 
239.755 623.0 
239.871 624.0 
240.219 625.0 
239.987 626.0 
240.103 627.0 
240.683 628.0 
240.219 629.0 
240.451 630.0 
240.451 631.0 
239.755 632.0 
240.451 633.0 
242.656 634.0 
240.103 635.0 
240.219 636.0 
240.683 637.0 
240.451 638.0 
240.103 639.0 
240.567 640.0 
239.987 641.0 
240.335 642.0 
240.451 643.0 
240.219 644.0 
240.103 645.0 
240.219 646.0 
240.219 647.0 
240.103 648.0 
239.987 649.0 
240.799 650.0 
239.871 651.0 
239.523 652.0 
240.451 653.0 
240.683 654.0 
240.103 655.0 
239.987 656.0 
240.335 657.0 
240.451 658.0 
239.871 659.0 
239.987 660.0 
240.335 661.0 
240.335 662.0 
239.871 663.0 
240.103 664.0 
240.451 665.0 
240.451 666.0 
239.755 667.0 
239.871 668.0 
240.335 669.0 
240.567 670.0 
240.103 671.0 
240.103 672.0 
240.335 673.0 
240.451 674.0 
239.871 675.0 
240.219 676.0 
240.103 677.0 
240.103 678.0 
240.103 679.0 
240.219 680.0 
239.871 681.0 
239.987 682.0 
240.219 683.0 
240.103 684.0 
240.219 685.0 
240.451 686.0 
239.755 687.0 
239.871 688.0 
240.103 689.0 
240.219 690.0 
240.335 691.0 
240.683 692.0 
239.987 693.0 
239.987 694.0 
240.103 695.0 
240.103 696.0 
240.219 697.0 
240.219 698.0 
238.711 699.0 
239.755 700.0 
239.871 701.0 
240.219 702.0 
240.219 703.0 
240.219 704.0 
239.639 705.0 
240.335 706.0 
239.871 707.0 
239.755 708.0 
239.987 709.0 
240.335 710.0 
240.451 711.0 
240.219 712.0 
240.451 713.0 
240.451 714.0 
239.175 715.0 
239.987 716.0 
239.871 717.0 
240.219 718.0 
239.987 719.0 
240.103 720.0 
240.103 721.0 
240.335 722.0 
240.103 723.0 
240.451 724.0 
240.335 725.0 
240.219 726.0 
240.103 727.0 
240.103 728.0 
239.639 729.0 
240.335 730.0 
240.219 731.0 
240.219 732.0 
240.683 733.0 
240.451 734.0 
240.567 735.0 
240.567 736.0 
240.683 737.0 
240.567 738.0 
239.059 739.0 
239.755 740.0 
239.755 741.0 
239.871 742.0 
239.639 743.0 
239.987 744.0 
239.755 745.0 
240.219 746.0 
240.219 747.0 
239.871 748.0 
240.219 749.0 
240.335 750.0 
240.103 751.0 
240.219 752.0 
240.219 753.0 
240.219 754.0 
240.103 755.0 
240.451 756.0 
240.567 757.0 
240.335 758.0 
240.219 759.0 
239.871 760.0 
240.219 761.0 
240.219 762.0 
239.987 763.0 
239.871 764.0 
240.219 765.0 
240.219 766.0 
240.103 767.0 
239.987 768.0 
240.219 769.0 
240.335 770.0 
240.335 771.0 
240.335 772.0 
240.335 773.0 
240.451 774.0 
240.567 775.0 
240.451 776.0 
240.335 777.0 
240.451 778.0 
240.219 779.0 
239.987 780.0 
240.103 781.0 
240.103 782.0 
240.103 783.0 
239.987 784.0 
240.219 785.0 
240.103 786.0 
239.987 787.0 
239.987 788.0 
240.335 789.0 
240.219 790.0 
240.451 791.0 
240.451 792.0 
240.219 793.0 
240.335 794.0 
240.219 795.0 
240.451 796.0 
240.103 797.0 
240.451 798.0 
240.219 799.0 
240.219 800.0 
240.103 801.0 
240.219 802.0 
240.335 803.0 
240.103 804.0 
0.03 805.0 
0.031 806.0 
0.031 807.0 
0.03 808.0 
0.022 809.0 
0.0 810.0 
-0.018 811.0 
-0.031 812.0 
-0.047 813.0 
-0.075 814.0 
-0.091 815.0 
-0.105 816.0 
-0.115 817.0 
-0.127 818.0 
-0.137 819.0 
-0.14 820.0 
-0.147 821.0 
-0.144 822.0 
-0.143 823.0 
-0.138 824.0 
-0.132 825.0 
-0.12 826.0 
-0.109 827.0 
-0.102 828.0 
-0.095 829.0 
