-0.036 257.0 
-0.048 258.0 
-0.043 259.0 
-0.035 260.0 
-0.03 261.0 
-0.037 262.0 
-0.035 263.0 
-0.034 264.0 
-0.028 265.0 
-0.044 266.0 
-0.047 267.0 
-0.043 268.0 
-0.04 269.0 
-0.026 270.0 
-0.03 271.0 
-0.054 272.0 
-0.04 273.0 
-0.042 274.0 
261.456 275.0 
257.51 276.0 
256.002 277.0 
254.145 278.0 
252.404 279.0 
250.315 280.0 
248.575 281.0 
247.066 282.0 
244.165 283.0 
244.861 284.0 
244.049 285.0 
243.701 286.0 
243.585 287.0 
243.353 288.0 
243.236 289.0 
243.236 290.0 
242.424 291.0 
242.192 292.0 
242.076 293.0 
240.451 294.0 
241.38 295.0 
241.264 296.0 
241.38 297.0 
240.916 298.0 
240.683 299.0 
241.38 300.0 
240.683 301.0 
240.683 302.0 
239.523 303.0 
240.335 304.0 
244.397 305.0 
239.639 306.0 
240.103 307.0 
239.407 308.0 
239.871 309.0 
239.059 310.0 
239.291 311.0 
239.175 312.0 
239.407 313.0 
239.059 314.0 
239.407 315.0 
239.059 316.0 
239.291 317.0 
238.943 318.0 
239.523 319.0 
238.827 320.0 
237.086 321.0 
238.827 322.0 
238.362 323.0 
239.175 324.0 
238.943 325.0 
239.291 326.0 
238.711 327.0 
238.595 328.0 
246.022 329.0 
239.175 330.0 
238.595 331.0 
241.148 332.0 
239.175 333.0 
238.827 334.0 
239.639 335.0 
238.943 336.0 
238.827 337.0 
238.711 338.0 
239.291 339.0 
238.827 340.0 
238.827 341.0 
238.827 342.0 
234.301 343.0 
238.711 344.0 
238.943 345.0 
238.711 346.0 
238.362 347.0 
236.042 348.0 
239.291 349.0 
238.827 350.0 
238.595 351.0 
238.827 352.0 
239.059 353.0 
238.014 354.0 
237.434 355.0 
238.827 356.0 
238.827 357.0 
238.827 358.0 
239.059 359.0 
238.943 360.0 
239.291 361.0 
238.479 362.0 
238.595 363.0 
238.711 364.0 
238.827 365.0 
238.943 366.0 
239.059 367.0 
238.479 368.0 
239.059 369.0 
239.059 370.0 
238.711 371.0 
238.827 372.0 
239.059 373.0 
239.175 374.0 
239.175 375.0 
239.407 376.0 
238.827 377.0 
238.827 378.0 
238.595 379.0 
238.943 380.0 
238.943 381.0 
239.059 382.0 
238.362 383.0 
238.479 384.0 
238.827 385.0 
239.175 386.0 
238.246 387.0 
238.711 388.0 
238.711 389.0 
238.827 390.0 
238.827 391.0 
238.479 392.0 
239.175 393.0 
238.711 394.0 
238.827 395.0 
239.059 396.0 
239.059 397.0 
239.175 398.0 
237.898 399.0 
238.711 400.0 
239.291 401.0 
238.479 402.0 
239.059 403.0 
238.827 404.0 
238.827 405.0 
238.711 406.0 
238.711 407.0 
238.595 408.0 
238.827 409.0 
238.479 410.0 
238.711 411.0 
239.059 412.0 
239.639 413.0 
238.827 414.0 
239.059 415.0 
238.827 416.0 
238.711 417.0 
238.943 418.0 
239.059 419.0 
238.711 420.0 
238.595 421.0 
238.943 422.0 
238.479 423.0 
238.827 424.0 
238.595 425.0 
238.711 426.0 
238.711 427.0 
238.479 428.0 
238.595 429.0 
238.479 430.0 
238.827 431.0 
239.059 432.0 
239.523 433.0 
238.827 434.0 
238.943 435.0 
238.943 436.0 
239.291 437.0 
238.595 438.0 
238.246 439.0 
238.711 440.0 
238.827 441.0 
238.827 442.0 
238.479 443.0 
238.827 444.0 
238.711 445.0 
238.711 446.0 
238.943 447.0 
238.827 448.0 
238.595 449.0 
238.827 450.0 
238.711 451.0 
238.479 452.0 
238.943 453.0 
238.943 454.0 
238.943 455.0 
237.318 456.0 
238.711 457.0 
239.059 458.0 
239.175 459.0 
239.523 460.0 
238.943 461.0 
238.711 462.0 
238.943 463.0 
238.943 464.0 
238.711 465.0 
239.059 466.0 
238.479 467.0 
238.479 468.0 
238.827 469.0 
238.595 470.0 
238.943 471.0 
238.943 472.0 
237.55 473.0 
239.059 474.0 
239.523 475.0 
238.595 476.0 
238.595 477.0 
238.827 478.0 
238.595 479.0 
239.059 480.0 
239.291 481.0 
238.943 482.0 
239.059 483.0 
238.711 484.0 
238.943 485.0 
238.595 486.0 
238.362 487.0 
238.595 488.0 
238.827 489.0 
238.595 490.0 
238.943 491.0 
238.943 492.0 
238.943 493.0 
238.943 494.0 
238.827 495.0 
238.479 496.0 
238.711 497.0 
238.827 498.0 
238.595 499.0 
238.827 500.0 
239.291 501.0 
238.711 502.0 
238.362 503.0 
238.246 504.0 
238.711 505.0 
238.479 506.0 
236.042 507.0 
240.219 508.0 
238.479 509.0 
238.595 510.0 
238.362 511.0 
238.479 512.0 
238.943 513.0 
238.827 514.0 
238.827 515.0 
238.943 516.0 
241.264 517.0 
238.362 518.0 
237.898 519.0 
238.595 520.0 
238.595 521.0 
238.595 522.0 
238.479 523.0 
238.595 524.0 
238.711 525.0 
238.711 526.0 
238.479 527.0 
238.13 528.0 
238.362 529.0 
238.014 530.0 
238.246 531.0 
238.711 532.0 
239.175 533.0 
238.595 534.0 
238.943 535.0 
238.479 536.0 
238.711 537.0 
238.246 538.0 
238.479 539.0 
238.479 540.0 
238.943 541.0 
238.827 542.0 
238.595 543.0 
238.595 544.0 
238.362 545.0 
237.898 546.0 
238.711 547.0 
238.479 548.0 
238.595 549.0 
238.479 550.0 
236.506 551.0 
238.827 552.0 
239.059 553.0 
238.362 554.0 
238.595 555.0 
238.711 556.0 
238.711 557.0 
238.595 558.0 
233.605 559.0 
238.479 560.0 
238.479 561.0 
238.014 562.0 
238.479 563.0 
238.362 564.0 
237.782 565.0 
238.479 566.0 
238.246 567.0 
238.246 568.0 
238.479 569.0 
238.479 570.0 
238.711 571.0 
238.595 572.0 
238.246 573.0 
238.595 574.0 
238.246 575.0 
238.711 576.0 
238.711 577.0 
238.711 578.0 
238.711 579.0 
238.595 580.0 
238.827 581.0 
238.827 582.0 
238.595 583.0 
238.711 584.0 
235.229 585.0 
238.479 586.0 
238.479 587.0 
238.595 588.0 
238.362 589.0 
238.827 590.0 
238.362 591.0 
238.362 592.0 
238.827 593.0 
238.711 594.0 
238.711 595.0 
238.362 596.0 
238.595 597.0 
238.246 598.0 
238.711 599.0 
238.711 600.0 
238.711 601.0 
238.711 602.0 
238.711 603.0 
238.479 604.0 
239.059 605.0 
238.362 606.0 
238.827 607.0 
238.362 608.0 
238.827 609.0 
238.943 610.0 
238.595 611.0 
238.711 612.0 
238.595 613.0 
238.827 614.0 
238.595 615.0 
238.362 616.0 
238.827 617.0 
238.362 618.0 
238.943 619.0 
235.925 620.0 
238.711 621.0 
238.711 622.0 
238.362 623.0 
238.362 624.0 
238.943 625.0 
238.479 626.0 
238.711 627.0 
238.827 628.0 
238.711 629.0 
238.595 630.0 
238.827 631.0 
238.13 632.0 
238.943 633.0 
240.103 634.0 
238.711 635.0 
238.943 636.0 
238.943 637.0 
238.479 638.0 
238.943 639.0 
239.059 640.0 
238.711 641.0 
238.595 642.0 
238.711 643.0 
238.13 644.0 
238.479 645.0 
238.246 646.0 
238.827 647.0 
238.595 648.0 
238.13 649.0 
238.711 650.0 
238.479 651.0 
238.13 652.0 
238.595 653.0 
238.827 654.0 
238.595 655.0 
238.595 656.0 
238.711 657.0 
238.711 658.0 
238.479 659.0 
238.711 660.0 
239.059 661.0 
238.943 662.0 
238.246 663.0 
238.362 664.0 
238.711 665.0 
238.711 666.0 
238.246 667.0 
238.362 668.0 
238.595 669.0 
238.711 670.0 
238.246 671.0 
238.595 672.0 
238.711 673.0 
238.827 674.0 
238.246 675.0 
238.711 676.0 
238.595 677.0 
238.595 678.0 
238.827 679.0 
238.943 680.0 
238.711 681.0 
238.595 682.0 
238.595 683.0 
238.479 684.0 
239.059 685.0 
238.943 686.0 
238.711 687.0 
238.362 688.0 
238.595 689.0 
238.711 690.0 
238.479 691.0 
238.827 692.0 
238.479 693.0 
238.827 694.0 
238.711 695.0 
238.711 696.0 
238.595 697.0 
238.246 698.0 
236.506 699.0 
238.362 700.0 
238.595 701.0 
238.827 702.0 
238.595 703.0 
238.479 704.0 
238.827 705.0 
239.059 706.0 
238.595 707.0 
238.13 708.0 
238.595 709.0 
238.479 710.0 
238.595 711.0 
238.827 712.0 
238.827 713.0 
238.943 714.0 
236.97 715.0 
238.479 716.0 
238.479 717.0 
238.827 718.0 
238.479 719.0 
238.943 720.0 
238.827 721.0 
238.827 722.0 
238.711 723.0 
238.711 724.0 
238.595 725.0 
238.246 726.0 
238.13 727.0 
238.479 728.0 
238.246 729.0 
238.595 730.0 
238.362 731.0 
238.595 732.0 
238.827 733.0 
238.827 734.0 
238.827 735.0 
238.711 736.0 
238.943 737.0 
238.943 738.0 
236.97 739.0 
238.362 740.0 
238.246 741.0 
238.014 742.0 
238.479 743.0 
238.13 744.0 
238.246 745.0 
238.595 746.0 
238.246 747.0 
238.479 748.0 
238.595 749.0 
238.711 750.0 
238.362 751.0 
238.246 752.0 
238.595 753.0 
238.827 754.0 
238.711 755.0 
238.595 756.0 
239.059 757.0 
238.13 758.0 
238.362 759.0 
238.827 760.0 
238.943 761.0 
238.827 762.0 
238.362 763.0 
238.595 764.0 
238.711 765.0 
238.595 766.0 
238.711 767.0 
238.827 768.0 
238.943 769.0 
238.595 770.0 
238.827 771.0 
238.595 772.0 
238.711 773.0 
239.059 774.0 
238.827 775.0 
238.479 776.0 
238.711 777.0 
238.827 778.0 
238.711 779.0 
238.827 780.0 
238.827 781.0 
238.479 782.0 
238.479 783.0 
238.711 784.0 
239.059 785.0 
238.595 786.0 
238.827 787.0 
238.362 788.0 
238.943 789.0 
238.711 790.0 
238.246 791.0 
238.479 792.0 
238.827 793.0 
238.827 794.0 
238.711 795.0 
238.827 796.0 
238.827 797.0 
238.595 798.0 
238.479 799.0 
238.827 800.0 
238.595 801.0 
238.711 802.0 
238.246 803.0 
238.479 804.0 
0.036 805.0 
0.023 806.0 
0.024 807.0 
0.019 808.0 
0.004 809.0 
-0.006 810.0 
-0.017 811.0 
-0.029 812.0 
-0.055 813.0 
-0.062 814.0 
-0.067 815.0 
-0.083 816.0 
-0.09 817.0 
-0.09 818.0 
-0.09 819.0 
-0.092 820.0 
-0.095 821.0 
-0.091 822.0 
-0.083 823.0 
-0.086 824.0 
-0.075 825.0 
-0.067 826.0 
-0.064 827.0 
-0.054 828.0 
-0.038 829.0 
