-0.05 257.0 
-0.054 258.0 
-0.05 259.0 
-0.047 260.0 
-0.052 261.0 
-0.044 262.0 
-0.065 263.0 
-0.023 264.0 
-0.055 265.0 
-0.133 266.0 
-0.069 267.0 
-0.048 268.0 
-0.022 269.0 
-0.046 270.0 
-0.052 271.0 
-0.053 272.0 
-0.04 273.0 
-0.018 274.0 
255.073 275.0 
251.244 276.0 
249.503 277.0 
247.414 278.0 
245.441 279.0 
243.701 280.0 
241.844 281.0 
243.353 282.0 
238.014 283.0 
237.318 284.0 
237.318 285.0 
236.506 286.0 
236.39 287.0 
236.506 288.0 
236.274 289.0 
235.461 290.0 
235.113 291.0 
234.997 292.0 
235.113 293.0 
233.14 294.0 
234.301 295.0 
234.301 296.0 
234.069 297.0 
233.605 298.0 
233.837 299.0 
232.444 300.0 
233.14 301.0 
233.256 302.0 
232.444 303.0 
232.908 304.0 
235.345 305.0 
232.676 306.0 
232.676 307.0 
232.444 308.0 
232.444 309.0 
232.096 310.0 
232.096 311.0 
231.864 312.0 
232.328 313.0 
231.748 314.0 
231.98 315.0 
231.864 316.0 
231.98 317.0 
231.864 318.0 
226.526 319.0 
232.096 320.0 
231.168 321.0 
231.748 322.0 
231.284 323.0 
231.632 324.0 
231.864 325.0 
231.748 326.0 
231.4 327.0 
231.284 328.0 
237.782 329.0 
231.516 330.0 
231.516 331.0 
232.792 332.0 
231.748 333.0 
231.632 334.0 
231.748 335.0 
232.096 336.0 
231.748 337.0 
231.516 338.0 
234.301 339.0 
231.864 340.0 
231.864 341.0 
231.168 342.0 
228.498 343.0 
231.516 344.0 
231.516 345.0 
231.4 346.0 
231.168 347.0 
230.355 348.0 
231.632 349.0 
231.516 350.0 
231.168 351.0 
231.748 352.0 
231.4 353.0 
231.051 354.0 
230.007 355.0 
231.748 356.0 
231.864 357.0 
231.748 358.0 
231.864 359.0 
231.864 360.0 
231.864 361.0 
231.516 362.0 
231.516 363.0 
231.4 364.0 
231.516 365.0 
231.4 366.0 
231.516 367.0 
231.632 368.0 
231.516 369.0 
231.516 370.0 
231.516 371.0 
231.632 372.0 
231.864 373.0 
231.864 374.0 
231.632 375.0 
232.328 376.0 
231.4 377.0 
231.748 378.0 
231.4 379.0 
231.864 380.0 
231.632 381.0 
230.355 382.0 
231.284 383.0 
231.516 384.0 
231.632 385.0 
231.748 386.0 
231.284 387.0 
231.632 388.0 
231.516 389.0 
231.516 390.0 
231.516 391.0 
231.632 392.0 
232.096 393.0 
231.516 394.0 
231.632 395.0 
231.98 396.0 
231.516 397.0 
231.516 398.0 
230.935 399.0 
231.748 400.0 
231.864 401.0 
231.516 402.0 
231.864 403.0 
231.748 404.0 
231.516 405.0 
231.516 406.0 
231.4 407.0 
231.4 408.0 
231.4 409.0 
231.284 410.0 
231.516 411.0 
231.864 412.0 
232.444 413.0 
231.748 414.0 
231.748 415.0 
231.632 416.0 
231.98 417.0 
231.748 418.0 
231.748 419.0 
231.516 420.0 
231.516 421.0 
231.516 422.0 
231.748 423.0 
231.516 424.0 
231.4 425.0 
231.864 426.0 
231.748 427.0 
231.516 428.0 
231.284 429.0 
231.4 430.0 
231.748 431.0 
231.864 432.0 
231.98 433.0 
231.632 434.0 
231.632 435.0 
231.864 436.0 
231.748 437.0 
231.284 438.0 
231.516 439.0 
231.632 440.0 
231.864 441.0 
231.516 442.0 
231.864 443.0 
231.4 444.0 
231.632 445.0 
231.4 446.0 
231.864 447.0 
231.632 448.0 
233.372 449.0 
231.748 450.0 
231.864 451.0 
231.748 452.0 
231.748 453.0 
231.632 454.0 
232.096 455.0 
230.007 456.0 
231.748 457.0 
231.4 458.0 
232.328 459.0 
232.328 460.0 
231.864 461.0 
231.4 462.0 
231.98 463.0 
231.864 464.0 
231.748 465.0 
231.748 466.0 
231.748 467.0 
231.4 468.0 
231.748 469.0 
231.748 470.0 
231.632 471.0 
231.864 472.0 
230.703 473.0 
232.096 474.0 
231.98 475.0 
231.516 476.0 
231.748 477.0 
231.748 478.0 
231.516 479.0 
231.98 480.0 
232.096 481.0 
232.096 482.0 
231.98 483.0 
231.864 484.0 
231.516 485.0 
231.632 486.0 
231.4 487.0 
231.98 488.0 
231.284 489.0 
231.748 490.0 
231.632 491.0 
231.748 492.0 
231.748 493.0 
232.212 494.0 
231.748 495.0 
231.632 496.0 
231.98 497.0 
232.444 498.0 
231.748 499.0 
231.632 500.0 
231.98 501.0 
231.864 502.0 
231.516 503.0 
231.4 504.0 
231.864 505.0 
231.516 506.0 
229.311 507.0 
234.185 508.0 
231.051 509.0 
231.051 510.0 
231.748 511.0 
231.632 512.0 
231.748 513.0 
232.096 514.0 
231.864 515.0 
231.98 516.0 
233.721 517.0 
230.935 518.0 
231.516 519.0 
232.096 520.0 
231.864 521.0 
231.748 522.0 
231.284 523.0 
231.748 524.0 
231.748 525.0 
231.4 526.0 
231.4 527.0 
231.168 528.0 
231.051 529.0 
231.168 530.0 
231.516 531.0 
232.096 532.0 
234.649 533.0 
231.632 534.0 
231.748 535.0 
231.632 536.0 
231.748 537.0 
231.516 538.0 
231.864 539.0 
231.748 540.0 
231.864 541.0 
231.748 542.0 
231.632 543.0 
231.516 544.0 
231.516 545.0 
231.284 546.0 
231.516 547.0 
231.632 548.0 
231.4 549.0 
231.284 550.0 
230.123 551.0 
231.748 552.0 
231.864 553.0 
231.516 554.0 
231.632 555.0 
231.864 556.0 
231.4 557.0 
231.632 558.0 
226.061 559.0 
231.864 560.0 
231.516 561.0 
231.051 562.0 
231.632 563.0 
231.168 564.0 
230.935 565.0 
231.864 566.0 
231.168 567.0 
231.168 568.0 
231.516 569.0 
231.4 570.0 
231.98 571.0 
231.748 572.0 
231.516 573.0 
231.4 574.0 
231.4 575.0 
231.516 576.0 
231.516 577.0 
231.748 578.0 
231.98 579.0 
231.748 580.0 
232.212 581.0 
231.632 582.0 
231.864 583.0 
231.632 584.0 
227.686 585.0 
231.864 586.0 
231.4 587.0 
231.98 588.0 
231.4 589.0 
231.632 590.0 
231.632 591.0 
231.748 592.0 
231.748 593.0 
231.632 594.0 
231.632 595.0 
231.516 596.0 
231.516 597.0 
231.516 598.0 
231.516 599.0 
231.864 600.0 
231.864 601.0 
231.748 602.0 
231.864 603.0 
231.4 604.0 
231.98 605.0 
231.4 606.0 
231.632 607.0 
231.4 608.0 
231.516 609.0 
231.864 610.0 
231.516 611.0 
231.98 612.0 
231.748 613.0 
231.864 614.0 
231.748 615.0 
231.864 616.0 
232.096 617.0 
231.4 618.0 
231.632 619.0 
229.311 620.0 
231.864 621.0 
231.864 622.0 
231.4 623.0 
231.632 624.0 
231.98 625.0 
231.516 626.0 
231.284 627.0 
231.864 628.0 
231.748 629.0 
231.516 630.0 
232.096 631.0 
231.748 632.0 
231.98 633.0 
233.721 634.0 
231.864 635.0 
231.632 636.0 
232.212 637.0 
231.748 638.0 
231.748 639.0 
232.212 640.0 
231.4 641.0 
231.051 642.0 
231.516 643.0 
231.4 644.0 
231.632 645.0 
231.632 646.0 
232.096 647.0 
231.516 648.0 
231.748 649.0 
231.632 650.0 
231.632 651.0 
231.284 652.0 
231.748 653.0 
231.864 654.0 
231.284 655.0 
231.284 656.0 
231.632 657.0 
231.748 658.0 
232.096 659.0 
231.864 660.0 
231.98 661.0 
231.4 662.0 
231.168 663.0 
231.4 664.0 
231.864 665.0 
231.632 666.0 
231.632 667.0 
231.632 668.0 
231.516 669.0 
231.864 670.0 
231.748 671.0 
231.632 672.0 
231.864 673.0 
231.748 674.0 
231.516 675.0 
231.4 676.0 
231.864 677.0 
231.864 678.0 
231.98 679.0 
232.096 680.0 
231.516 681.0 
231.051 682.0 
231.632 683.0 
231.864 684.0 
231.98 685.0 
231.864 686.0 
231.168 687.0 
231.516 688.0 
231.864 689.0 
231.864 690.0 
231.864 691.0 
231.98 692.0 
231.516 693.0 
231.864 694.0 
231.748 695.0 
231.748 696.0 
231.632 697.0 
231.864 698.0 
231.051 699.0 
231.98 700.0 
231.864 701.0 
231.516 702.0 
231.864 703.0 
231.864 704.0 
231.4 705.0 
231.864 706.0 
231.516 707.0 
231.516 708.0 
231.4 709.0 
231.748 710.0 
231.516 711.0 
232.096 712.0 
232.096 713.0 
232.212 714.0 
230.587 715.0 
231.516 716.0 
231.168 717.0 
231.864 718.0 
231.98 719.0 
231.98 720.0 
231.98 721.0 
231.748 722.0 
231.864 723.0 
231.864 724.0 
232.212 725.0 
231.284 726.0 
231.284 727.0 
231.4 728.0 
231.516 729.0 
231.748 730.0 
231.748 731.0 
231.864 732.0 
231.864 733.0 
231.632 734.0 
231.864 735.0 
231.516 736.0 
232.096 737.0 
231.864 738.0 
231.284 739.0 
231.864 740.0 
231.516 741.0 
231.284 742.0 
231.168 743.0 
231.284 744.0 
231.516 745.0 
231.4 746.0 
231.284 747.0 
231.516 748.0 
231.748 749.0 
231.632 750.0 
231.864 751.0 
231.516 752.0 
232.096 753.0 
231.864 754.0 
231.748 755.0 
231.98 756.0 
231.516 757.0 
231.632 758.0 
231.98 759.0 
231.864 760.0 
231.98 761.0 
231.864 762.0 
231.864 763.0 
231.98 764.0 
231.98 765.0 
231.864 766.0 
231.4 767.0 
231.864 768.0 
231.864 769.0 
231.632 770.0 
231.632 771.0 
231.98 772.0 
232.096 773.0 
231.748 774.0 
232.096 775.0 
231.632 776.0 
231.516 777.0 
231.4 778.0 
231.864 779.0 
231.864 780.0 
231.98 781.0 
231.632 782.0 
231.4 783.0 
231.748 784.0 
231.748 785.0 
231.632 786.0 
231.98 787.0 
232.096 788.0 
231.864 789.0 
231.748 790.0 
231.632 791.0 
231.864 792.0 
231.98 793.0 
231.748 794.0 
231.4 795.0 
231.864 796.0 
231.748 797.0 
231.98 798.0 
231.632 799.0 
231.864 800.0 
231.864 801.0 
231.632 802.0 
231.4 803.0 
231.632 804.0 
0.028 805.0 
0.028 806.0 
0.019 807.0 
0.017 808.0 
0.02 809.0 
-0.004 810.0 
-0.017 811.0 
-0.032 812.0 
-0.048 813.0 
-0.061 814.0 
-0.074 815.0 
-0.087 816.0 
-0.095 817.0 
-0.111 818.0 
-0.117 819.0 
-0.126 820.0 
-0.116 821.0 
-0.132 822.0 
-0.135 823.0 
-0.131 824.0 
-0.121 825.0 
-0.108 826.0 
-0.116 827.0 
-0.109 828.0 
-0.093 829.0 
