-0.037 257.0 
-0.044 258.0 
-0.046 259.0 
-0.042 260.0 
-0.056 261.0 
-0.059 262.0 
-0.041 263.0 
-0.06 264.0 
-0.069 265.0 
-0.046 266.0 
-0.034 267.0 
-0.035 268.0 
-0.043 269.0 
-0.049 270.0 
-0.061 271.0 
-0.054 272.0 
-0.044 273.0 
-0.061 274.0 
261.34 275.0 
257.859 276.0 
256.466 277.0 
254.493 278.0 
251.94 279.0 
249.851 280.0 
247.878 281.0 
246.022 282.0 
244.165 283.0 
243.236 284.0 
243.12 285.0 
242.888 286.0 
242.656 287.0 
242.54 288.0 
242.656 289.0 
242.308 290.0 
241.612 291.0 
241.496 292.0 
241.264 293.0 
239.291 294.0 
240.451 295.0 
241.148 296.0 
241.148 297.0 
240.103 298.0 
239.871 299.0 
240.335 300.0 
239.639 301.0 
240.103 302.0 
239.407 303.0 
239.523 304.0 
243.585 305.0 
239.523 306.0 
239.523 307.0 
239.175 308.0 
239.987 309.0 
239.175 310.0 
239.523 311.0 
238.711 312.0 
239.407 313.0 
238.827 314.0 
239.291 315.0 
239.175 316.0 
239.523 317.0 
238.595 318.0 
238.943 319.0 
238.827 320.0 
237.782 321.0 
238.711 322.0 
238.479 323.0 
239.059 324.0 
238.943 325.0 
238.943 326.0 
238.362 327.0 
238.827 328.0 
242.424 329.0 
239.059 330.0 
238.827 331.0 
239.755 332.0 
239.059 333.0 
238.943 334.0 
239.175 335.0 
238.943 336.0 
239.059 337.0 
238.711 338.0 
242.54 339.0 
238.595 340.0 
238.595 341.0 
238.595 342.0 
235.461 343.0 
238.827 344.0 
238.711 345.0 
238.479 346.0 
238.479 347.0 
237.55 348.0 
238.827 349.0 
239.175 350.0 
238.827 351.0 
238.943 352.0 
239.059 353.0 
238.13 354.0 
236.506 355.0 
239.059 356.0 
239.059 357.0 
238.827 358.0 
238.711 359.0 
238.595 360.0 
239.059 361.0 
238.711 362.0 
238.943 363.0 
238.827 364.0 
238.595 365.0 
238.595 366.0 
238.943 367.0 
238.827 368.0 
238.595 369.0 
239.175 370.0 
239.175 371.0 
239.291 372.0 
238.943 373.0 
239.059 374.0 
239.407 375.0 
239.871 376.0 
238.595 377.0 
238.711 378.0 
238.827 379.0 
238.711 380.0 
238.827 381.0 
237.782 382.0 
238.479 383.0 
238.827 384.0 
238.711 385.0 
238.711 386.0 
238.246 387.0 
238.479 388.0 
238.943 389.0 
239.175 390.0 
239.059 391.0 
239.175 392.0 
239.175 393.0 
238.711 394.0 
239.175 395.0 
239.291 396.0 
238.943 397.0 
238.827 398.0 
238.014 399.0 
238.595 400.0 
238.827 401.0 
239.059 402.0 
239.175 403.0 
238.943 404.0 
239.175 405.0 
238.479 406.0 
238.711 407.0 
238.827 408.0 
238.943 409.0 
238.711 410.0 
239.291 411.0 
239.059 412.0 
239.407 413.0 
239.059 414.0 
238.827 415.0 
238.943 416.0 
238.827 417.0 
239.523 418.0 
238.943 419.0 
238.595 420.0 
238.595 421.0 
238.827 422.0 
239.059 423.0 
238.479 424.0 
238.711 425.0 
239.059 426.0 
239.175 427.0 
239.175 428.0 
238.362 429.0 
238.479 430.0 
239.407 431.0 
239.291 432.0 
239.059 433.0 
238.943 434.0 
238.711 435.0 
239.059 436.0 
239.523 437.0 
238.827 438.0 
238.246 439.0 
238.711 440.0 
238.943 441.0 
238.943 442.0 
238.827 443.0 
238.827 444.0 
238.827 445.0 
238.595 446.0 
239.059 447.0 
239.175 448.0 
241.148 449.0 
239.407 450.0 
239.059 451.0 
239.059 452.0 
239.059 453.0 
238.827 454.0 
239.175 455.0 
237.666 456.0 
239.059 457.0 
238.943 458.0 
239.059 459.0 
239.755 460.0 
238.943 461.0 
239.175 462.0 
239.407 463.0 
239.175 464.0 
238.711 465.0 
239.175 466.0 
238.943 467.0 
238.943 468.0 
238.943 469.0 
239.059 470.0 
239.059 471.0 
239.175 472.0 
237.666 473.0 
238.943 474.0 
239.407 475.0 
239.059 476.0 
239.059 477.0 
238.827 478.0 
238.943 479.0 
238.943 480.0 
239.407 481.0 
238.827 482.0 
238.943 483.0 
239.175 484.0 
239.059 485.0 
238.943 486.0 
238.595 487.0 
238.943 488.0 
239.291 489.0 
239.291 490.0 
239.175 491.0 
239.059 492.0 
238.943 493.0 
239.291 494.0 
238.943 495.0 
239.059 496.0 
239.407 497.0 
239.175 498.0 
238.711 499.0 
238.943 500.0 
239.175 501.0 
239.175 502.0 
238.827 503.0 
238.711 504.0 
238.943 505.0 
238.827 506.0 
236.506 507.0 
241.148 508.0 
238.595 509.0 
239.059 510.0 
239.175 511.0 
238.943 512.0 
239.175 513.0 
239.059 514.0 
239.407 515.0 
239.059 516.0 
241.612 517.0 
238.246 518.0 
238.246 519.0 
238.711 520.0 
238.711 521.0 
238.479 522.0 
238.711 523.0 
238.479 524.0 
238.711 525.0 
238.246 526.0 
239.059 527.0 
238.479 528.0 
238.827 529.0 
238.479 530.0 
238.711 531.0 
239.291 532.0 
241.96 533.0 
238.479 534.0 
239.175 535.0 
239.291 536.0 
239.059 537.0 
238.595 538.0 
238.595 539.0 
238.595 540.0 
239.175 541.0 
238.13 542.0 
239.059 543.0 
238.595 544.0 
238.827 545.0 
238.711 546.0 
239.175 547.0 
238.827 548.0 
238.711 549.0 
238.827 550.0 
237.782 551.0 
239.291 552.0 
238.943 553.0 
238.827 554.0 
238.595 555.0 
239.407 556.0 
239.291 557.0 
238.827 558.0 
232.908 559.0 
238.711 560.0 
238.827 561.0 
238.246 562.0 
238.711 563.0 
238.362 564.0 
238.13 565.0 
239.059 566.0 
238.362 567.0 
238.711 568.0 
238.827 569.0 
238.943 570.0 
239.291 571.0 
238.595 572.0 
238.595 573.0 
238.943 574.0 
238.827 575.0 
242.772 576.0 
239.059 577.0 
238.479 578.0 
238.827 579.0 
238.711 580.0 
238.711 581.0 
239.059 582.0 
238.827 583.0 
239.059 584.0 
239.523 585.0 
239.059 586.0 
238.246 587.0 
238.711 588.0 
238.943 589.0 
239.407 590.0 
238.827 591.0 
238.711 592.0 
238.827 593.0 
238.943 594.0 
238.943 595.0 
238.479 596.0 
238.943 597.0 
239.059 598.0 
238.479 599.0 
239.059 600.0 
239.175 601.0 
239.059 602.0 
239.291 603.0 
238.827 604.0 
239.059 605.0 
238.827 606.0 
238.943 607.0 
238.711 608.0 
238.827 609.0 
239.291 610.0 
239.175 611.0 
239.059 612.0 
239.059 613.0 
239.175 614.0 
238.595 615.0 
238.827 616.0 
239.291 617.0 
238.479 618.0 
238.943 619.0 
236.39 620.0 
238.711 621.0 
238.595 622.0 
238.362 623.0 
238.711 624.0 
239.059 625.0 
238.595 626.0 
239.059 627.0 
239.407 628.0 
238.827 629.0 
239.175 630.0 
239.291 631.0 
238.827 632.0 
239.291 633.0 
240.683 634.0 
239.059 635.0 
239.407 636.0 
239.059 637.0 
239.059 638.0 
238.943 639.0 
238.943 640.0 
238.595 641.0 
238.479 642.0 
238.827 643.0 
238.827 644.0 
238.595 645.0 
238.943 646.0 
239.059 647.0 
238.711 648.0 
239.059 649.0 
239.291 650.0 
238.827 651.0 
238.943 652.0 
239.291 653.0 
239.175 654.0 
238.827 655.0 
239.175 656.0 
238.943 657.0 
239.059 658.0 
238.827 659.0 
238.711 660.0 
239.059 661.0 
238.595 662.0 
238.943 663.0 
238.595 664.0 
238.943 665.0 
239.407 666.0 
238.595 667.0 
238.943 668.0 
239.175 669.0 
239.291 670.0 
238.827 671.0 
238.827 672.0 
239.175 673.0 
239.059 674.0 
238.827 675.0 
238.711 676.0 
239.175 677.0 
239.059 678.0 
238.827 679.0 
239.059 680.0 
238.827 681.0 
238.827 682.0 
238.827 683.0 
239.175 684.0 
239.059 685.0 
238.943 686.0 
238.13 687.0 
238.943 688.0 
238.943 689.0 
239.291 690.0 
239.175 691.0 
239.407 692.0 
238.943 693.0 
238.827 694.0 
239.059 695.0 
239.291 696.0 
238.827 697.0 
238.943 698.0 
237.782 699.0 
238.711 700.0 
238.827 701.0 
238.711 702.0 
239.175 703.0 
238.943 704.0 
238.479 705.0 
239.291 706.0 
238.595 707.0 
238.711 708.0 
239.407 709.0 
239.175 710.0 
239.291 711.0 
238.943 712.0 
239.407 713.0 
239.291 714.0 
237.318 715.0 
239.059 716.0 
238.479 717.0 
238.943 718.0 
238.827 719.0 
238.943 720.0 
238.827 721.0 
238.943 722.0 
239.059 723.0 
239.291 724.0 
239.407 725.0 
238.479 726.0 
238.479 727.0 
238.827 728.0 
238.827 729.0 
239.175 730.0 
238.827 731.0 
238.943 732.0 
239.059 733.0 
239.407 734.0 
238.943 735.0 
238.595 736.0 
239.407 737.0 
239.291 738.0 
238.246 739.0 
238.595 740.0 
238.479 741.0 
238.943 742.0 
238.711 743.0 
238.479 744.0 
238.943 745.0 
238.711 746.0 
239.059 747.0 
238.827 748.0 
239.291 749.0 
239.059 750.0 
239.175 751.0 
238.943 752.0 
239.291 753.0 
239.059 754.0 
238.711 755.0 
239.059 756.0 
239.175 757.0 
238.943 758.0 
238.711 759.0 
239.059 760.0 
238.943 761.0 
238.827 762.0 
239.175 763.0 
239.175 764.0 
239.175 765.0 
238.943 766.0 
238.827 767.0 
238.943 768.0 
239.175 769.0 
239.175 770.0 
238.943 771.0 
238.827 772.0 
238.943 773.0 
239.059 774.0 
238.943 775.0 
239.175 776.0 
239.175 777.0 
239.059 778.0 
238.711 779.0 
238.943 780.0 
239.175 781.0 
239.059 782.0 
239.175 783.0 
239.059 784.0 
238.943 785.0 
238.827 786.0 
239.175 787.0 
238.827 788.0 
239.291 789.0 
238.943 790.0 
239.175 791.0 
239.175 792.0 
239.291 793.0 
238.827 794.0 
238.827 795.0 
239.059 796.0 
239.059 797.0 
238.711 798.0 
238.827 799.0 
238.827 800.0 
238.827 801.0 
238.595 802.0 
238.827 803.0 
238.943 804.0 
0.03 805.0 
0.028 806.0 
0.029 807.0 
0.034 808.0 
0.032 809.0 
0.046 810.0 
0.042 811.0 
0.035 812.0 
0.032 813.0 
0.04 814.0 
0.025 815.0 
0.032 816.0 
0.013 817.0 
0.014 818.0 
0.0 819.0 
0.001 820.0 
-0.006 821.0 
-0.008 822.0 
-0.011 823.0 
-0.018 824.0 
-0.031 825.0 
-0.03 826.0 
-0.034 827.0 
-0.03 828.0 
-0.041 829.0 
