-0.031 257.0 
-0.048 258.0 
-0.05 259.0 
-0.03 260.0 
-0.062 261.0 
-0.024 262.0 
-0.049 263.0 
-0.044 264.0 
-0.029 265.0 
-0.14 266.0 
-0.035 267.0 
-0.043 268.0 
-0.049 269.0 
-0.028 270.0 
-0.037 271.0 
-0.032 272.0 
-0.04 273.0 
-0.028 274.0 
258.903 275.0 
254.725 276.0 
253.449 277.0 
252.056 278.0 
250.083 279.0 
248.227 280.0 
246.138 281.0 
244.513 282.0 
242.656 283.0 
242.54 284.0 
242.192 285.0 
241.612 286.0 
241.728 287.0 
241.496 288.0 
241.148 289.0 
240.567 290.0 
240.103 291.0 
240.219 292.0 
239.987 293.0 
239.291 294.0 
239.523 295.0 
239.523 296.0 
239.523 297.0 
238.711 298.0 
239.059 299.0 
237.782 300.0 
238.362 301.0 
238.479 302.0 
238.014 303.0 
238.246 304.0 
241.728 305.0 
237.782 306.0 
238.014 307.0 
237.318 308.0 
237.898 309.0 
237.434 310.0 
237.666 311.0 
237.318 312.0 
237.898 313.0 
237.086 314.0 
237.55 315.0 
237.202 316.0 
237.666 317.0 
237.086 318.0 
233.14 319.0 
237.434 320.0 
235.577 321.0 
237.202 322.0 
236.622 323.0 
237.318 324.0 
236.97 325.0 
237.202 326.0 
236.97 327.0 
236.622 328.0 
240.799 329.0 
236.738 330.0 
236.854 331.0 
238.595 332.0 
237.318 333.0 
236.738 334.0 
236.97 335.0 
237.318 336.0 
237.55 337.0 
236.97 338.0 
238.362 339.0 
237.318 340.0 
236.738 341.0 
236.738 342.0 
235.461 343.0 
237.202 344.0 
236.97 345.0 
236.854 346.0 
236.506 347.0 
236.042 348.0 
236.97 349.0 
237.086 350.0 
236.97 351.0 
237.318 352.0 
236.622 353.0 
236.506 354.0 
235.461 355.0 
237.086 356.0 
237.434 357.0 
236.854 358.0 
237.666 359.0 
237.086 360.0 
237.086 361.0 
236.738 362.0 
236.738 363.0 
236.97 364.0 
237.318 365.0 
236.854 366.0 
236.854 367.0 
236.622 368.0 
236.622 369.0 
237.086 370.0 
236.854 371.0 
237.086 372.0 
237.086 373.0 
237.318 374.0 
237.434 375.0 
237.666 376.0 
236.97 377.0 
237.086 378.0 
237.086 379.0 
237.318 380.0 
236.97 381.0 
235.345 382.0 
236.622 383.0 
236.738 384.0 
236.854 385.0 
236.738 386.0 
236.39 387.0 
236.622 388.0 
236.738 389.0 
237.202 390.0 
237.086 391.0 
237.202 392.0 
237.202 393.0 
236.854 394.0 
236.738 395.0 
236.97 396.0 
236.738 397.0 
237.318 398.0 
236.39 399.0 
237.086 400.0 
237.086 401.0 
236.97 402.0 
237.086 403.0 
236.97 404.0 
236.854 405.0 
236.738 406.0 
236.97 407.0 
236.97 408.0 
236.738 409.0 
236.622 410.0 
236.854 411.0 
237.434 412.0 
237.55 413.0 
237.202 414.0 
236.738 415.0 
237.086 416.0 
237.086 417.0 
237.202 418.0 
237.202 419.0 
236.854 420.0 
236.506 421.0 
236.854 422.0 
237.086 423.0 
236.97 424.0 
236.738 425.0 
236.97 426.0 
237.202 427.0 
236.738 428.0 
236.506 429.0 
236.622 430.0 
237.086 431.0 
237.086 432.0 
237.318 433.0 
236.738 434.0 
236.854 435.0 
237.086 436.0 
237.086 437.0 
236.97 438.0 
236.854 439.0 
236.622 440.0 
236.622 441.0 
236.97 442.0 
236.97 443.0 
236.854 444.0 
236.97 445.0 
236.854 446.0 
236.854 447.0 
237.086 448.0 
238.827 449.0 
236.854 450.0 
237.086 451.0 
236.97 452.0 
236.97 453.0 
236.854 454.0 
237.086 455.0 
234.997 456.0 
237.202 457.0 
236.97 458.0 
237.318 459.0 
237.318 460.0 
237.086 461.0 
236.854 462.0 
236.97 463.0 
236.39 464.0 
237.086 465.0 
237.202 466.0 
236.854 467.0 
236.622 468.0 
236.97 469.0 
236.97 470.0 
236.738 471.0 
237.318 472.0 
235.577 473.0 
236.854 474.0 
237.434 475.0 
237.086 476.0 
236.97 477.0 
237.202 478.0 
236.854 479.0 
237.318 480.0 
237.202 481.0 
237.086 482.0 
237.086 483.0 
236.622 484.0 
237.202 485.0 
236.854 486.0 
236.738 487.0 
236.738 488.0 
236.97 489.0 
236.738 490.0 
237.086 491.0 
236.97 492.0 
236.97 493.0 
237.318 494.0 
236.854 495.0 
236.622 496.0 
237.086 497.0 
237.55 498.0 
236.97 499.0 
237.086 500.0 
237.086 501.0 
237.086 502.0 
236.506 503.0 
236.622 504.0 
236.738 505.0 
236.854 506.0 
234.765 507.0 
240.219 508.0 
236.506 509.0 
236.854 510.0 
236.854 511.0 
236.738 512.0 
236.97 513.0 
237.086 514.0 
237.202 515.0 
237.086 516.0 
238.479 517.0 
236.39 518.0 
236.97 519.0 
236.622 520.0 
236.738 521.0 
236.39 522.0 
236.622 523.0 
236.97 524.0 
236.506 525.0 
236.506 526.0 
236.854 527.0 
236.274 528.0 
236.506 529.0 
236.158 530.0 
236.97 531.0 
237.202 532.0 
237.898 533.0 
236.738 534.0 
236.854 535.0 
237.086 536.0 
236.738 537.0 
236.158 538.0 
236.738 539.0 
237.086 540.0 
236.97 541.0 
236.39 542.0 
236.97 543.0 
236.622 544.0 
236.042 545.0 
236.506 546.0 
236.97 547.0 
236.274 548.0 
237.086 549.0 
236.274 550.0 
235.925 551.0 
236.97 552.0 
236.738 553.0 
236.622 554.0 
236.622 555.0 
237.086 556.0 
236.97 557.0 
236.506 558.0 
232.908 559.0 
237.086 560.0 
236.39 561.0 
236.274 562.0 
236.854 563.0 
236.39 564.0 
236.39 565.0 
236.622 566.0 
236.39 567.0 
236.39 568.0 
235.925 569.0 
236.738 570.0 
236.97 571.0 
236.738 572.0 
236.39 573.0 
236.506 574.0 
236.738 575.0 
236.854 576.0 
236.738 577.0 
236.622 578.0 
237.086 579.0 
236.854 580.0 
237.086 581.0 
236.97 582.0 
236.622 583.0 
236.854 584.0 
231.98 585.0 
237.086 586.0 
236.622 587.0 
237.086 588.0 
236.39 589.0 
236.97 590.0 
236.854 591.0 
236.97 592.0 
236.854 593.0 
236.738 594.0 
236.622 595.0 
236.506 596.0 
236.854 597.0 
236.854 598.0 
237.086 599.0 
237.202 600.0 
237.318 601.0 
236.738 602.0 
236.97 603.0 
236.506 604.0 
237.318 605.0 
236.97 606.0 
236.97 607.0 
236.39 608.0 
236.506 609.0 
236.97 610.0 
236.854 611.0 
237.086 612.0 
236.854 613.0 
237.086 614.0 
236.738 615.0 
236.738 616.0 
237.202 617.0 
236.39 618.0 
236.97 619.0 
234.997 620.0 
236.738 621.0 
236.738 622.0 
236.506 623.0 
236.97 624.0 
237.202 625.0 
236.738 626.0 
236.854 627.0 
236.97 628.0 
236.39 629.0 
236.622 630.0 
237.086 631.0 
236.738 632.0 
236.97 633.0 
238.711 634.0 
237.086 635.0 
237.086 636.0 
237.318 637.0 
236.622 638.0 
236.854 639.0 
237.318 640.0 
236.738 641.0 
236.39 642.0 
237.086 643.0 
236.622 644.0 
236.622 645.0 
236.738 646.0 
237.202 647.0 
236.738 648.0 
236.854 649.0 
236.854 650.0 
236.738 651.0 
236.042 652.0 
236.854 653.0 
237.202 654.0 
236.622 655.0 
236.854 656.0 
236.854 657.0 
237.086 658.0 
236.854 659.0 
237.202 660.0 
236.622 661.0 
236.506 662.0 
236.39 663.0 
236.738 664.0 
236.854 665.0 
236.97 666.0 
236.622 667.0 
236.854 668.0 
236.738 669.0 
237.434 670.0 
236.97 671.0 
236.738 672.0 
236.622 673.0 
236.97 674.0 
237.086 675.0 
236.97 676.0 
237.086 677.0 
236.738 678.0 
236.97 679.0 
237.318 680.0 
236.39 681.0 
236.622 682.0 
236.854 683.0 
237.202 684.0 
236.738 685.0 
237.318 686.0 
236.274 687.0 
236.622 688.0 
236.738 689.0 
236.39 690.0 
237.086 691.0 
237.202 692.0 
236.738 693.0 
236.622 694.0 
236.97 695.0 
237.086 696.0 
236.622 697.0 
236.854 698.0 
235.925 699.0 
237.086 700.0 
236.39 701.0 
236.622 702.0 
236.506 703.0 
236.738 704.0 
236.506 705.0 
237.202 706.0 
236.506 707.0 
236.854 708.0 
236.622 709.0 
236.854 710.0 
236.97 711.0 
236.854 712.0 
237.202 713.0 
237.086 714.0 
235.925 715.0 
236.854 716.0 
236.158 717.0 
237.086 718.0 
237.202 719.0 
237.086 720.0 
236.738 721.0 
236.622 722.0 
236.738 723.0 
236.97 724.0 
237.202 725.0 
236.39 726.0 
236.506 727.0 
236.622 728.0 
236.738 729.0 
236.39 730.0 
236.622 731.0 
236.854 732.0 
237.202 733.0 
236.97 734.0 
237.318 735.0 
236.622 736.0 
237.086 737.0 
237.086 738.0 
236.39 739.0 
236.622 740.0 
236.738 741.0 
236.39 742.0 
236.622 743.0 
236.738 744.0 
236.39 745.0 
236.506 746.0 
236.506 747.0 
236.622 748.0 
236.738 749.0 
236.738 750.0 
236.854 751.0 
236.97 752.0 
237.086 753.0 
236.738 754.0 
236.97 755.0 
236.506 756.0 
236.854 757.0 
236.506 758.0 
236.854 759.0 
236.854 760.0 
236.854 761.0 
236.97 762.0 
236.506 763.0 
237.086 764.0 
236.97 765.0 
237.086 766.0 
236.622 767.0 
236.506 768.0 
236.738 769.0 
236.854 770.0 
236.97 771.0 
236.854 772.0 
236.854 773.0 
236.97 774.0 
236.97 775.0 
236.738 776.0 
236.854 777.0 
236.97 778.0 
237.086 779.0 
236.854 780.0 
236.854 781.0 
236.738 782.0 
236.622 783.0 
236.622 784.0 
236.854 785.0 
236.854 786.0 
236.97 787.0 
236.622 788.0 
236.854 789.0 
236.854 790.0 
236.97 791.0 
237.086 792.0 
236.622 793.0 
237.202 794.0 
236.738 795.0 
237.086 796.0 
236.854 797.0 
236.854 798.0 
237.086 799.0 
236.854 800.0 
236.854 801.0 
236.39 802.0 
236.97 803.0 
236.622 804.0 
0.032 805.0 
0.031 806.0 
0.023 807.0 
0.041 808.0 
0.043 809.0 
0.032 810.0 
0.031 811.0 
0.035 812.0 
0.043 813.0 
0.028 814.0 
0.019 815.0 
0.008 816.0 
0.02 817.0 
0.016 818.0 
0.004 819.0 
-0.007 820.0 
-0.007 821.0 
-0.017 822.0 
-0.023 823.0 
-0.031 824.0 
-0.022 825.0 
-0.031 826.0 
-0.035 827.0 
-0.038 828.0 
-0.037 829.0 
