-0.065 257.0 
-0.052 258.0 
-0.046 259.0 
-0.028 260.0 
-0.034 261.0 
-0.055 262.0 
-0.038 263.0 
-0.037 264.0 
-0.041 265.0 
-0.052 266.0 
-0.053 267.0 
-0.073 268.0 
-0.036 269.0 
-0.04 270.0 
-0.024 271.0 
-0.042 272.0 
-0.046 273.0 
-0.032 274.0 
145.119 275.0 
142.258 276.0 
141.218 277.0 
139.735 278.0 
138.158 279.0 
136.044 280.0 
134.234 281.0 
131.898 282.0 
128.861 283.0 
127.179 284.0 
126.852 285.0 
126.42 286.0 
126.198 287.0 
125.953 288.0 
125.626 289.0 
125.427 290.0 
124.867 291.0 
124.528 292.0 
124.271 293.0 
124.224 294.0 
123.617 295.0 
123.442 296.0 
123.36 297.0 
122.788 298.0 
122.589 299.0 
122.496 300.0 
121.923 301.0 
121.795 302.0 
121.316 303.0 
121.129 304.0 
120.989 305.0 
120.335 306.0 
118.957 307.0 
116.504 308.0 
113.502 309.0 
109.66 310.0 
105.619 311.0 
101.099 312.0 
96.999 313.0 
92.888 314.0 
88.975 315.0 
85.238 316.0 
81.757 317.0 
78.802 318.0 
78.662 319.0 
78.452 320.0 
78.323 321.0 
78.335 322.0 
78.218 323.0 
78.3 324.0 
78.23 325.0 
78.172 326.0 
78.253 327.0 
78.16 328.0 
78.359 329.0 
78.242 330.0 
78.16 331.0 
78.265 332.0 
78.277 333.0 
78.183 334.0 
78.499 335.0 
78.265 336.0 
78.218 337.0 
78.137 338.0 
78.323 339.0 
78.16 340.0 
78.23 341.0 
78.195 342.0 
78.335 343.0 
78.242 344.0 
78.195 345.0 
78.172 346.0 
78.137 347.0 
78.3 348.0 
78.242 349.0 
78.23 350.0 
78.16 351.0 
78.183 352.0 
78.148 353.0 
78.043 354.0 
78.277 355.0 
78.23 356.0 
78.23 357.0 
78.172 358.0 
78.253 359.0 
78.195 360.0 
78.242 361.0 
78.172 362.0 
78.207 363.0 
78.172 364.0 
78.137 365.0 
78.207 366.0 
78.242 367.0 
78.16 368.0 
78.172 369.0 
78.183 370.0 
78.253 371.0 
78.242 372.0 
78.242 373.0 
78.207 374.0 
78.265 375.0 
78.545 376.0 
78.043 377.0 
78.218 378.0 
78.195 379.0 
78.195 380.0 
78.207 381.0 
78.3 382.0 
78.183 383.0 
78.207 384.0 
78.148 385.0 
78.3 386.0 
78.172 387.0 
78.125 388.0 
78.242 389.0 
78.207 390.0 
78.242 391.0 
78.183 392.0 
78.312 393.0 
78.137 394.0 
78.183 395.0 
78.288 396.0 
78.148 397.0 
78.242 398.0 
78.102 399.0 
78.113 400.0 
78.265 401.0 
78.207 402.0 
78.288 403.0 
78.253 404.0 
78.207 405.0 
78.125 406.0 
78.195 407.0 
78.16 408.0 
78.218 409.0 
78.172 410.0 
78.195 411.0 
78.218 412.0 
78.58 413.0 
78.242 414.0 
78.172 415.0 
78.242 416.0 
78.16 417.0 
78.242 418.0 
78.218 419.0 
78.148 420.0 
78.137 421.0 
78.207 422.0 
78.265 423.0 
78.172 424.0 
78.148 425.0 
78.207 426.0 
78.265 427.0 
78.172 428.0 
78.195 429.0 
78.195 430.0 
78.23 431.0 
78.218 432.0 
78.253 433.0 
78.125 434.0 
78.148 435.0 
78.172 436.0 
78.312 437.0 
78.043 438.0 
78.172 439.0 
78.183 440.0 
78.16 441.0 
78.183 442.0 
78.183 443.0 
78.137 444.0 
78.16 445.0 
78.148 446.0 
78.253 447.0 
78.23 448.0 
78.207 449.0 
78.218 450.0 
78.16 451.0 
78.16 452.0 
78.102 453.0 
78.137 454.0 
78.195 455.0 
78.183 456.0 
78.183 457.0 
78.09 458.0 
78.218 459.0 
78.253 460.0 
78.172 461.0 
78.148 462.0 
78.277 463.0 
78.207 464.0 
78.23 465.0 
78.277 466.0 
78.183 467.0 
78.113 468.0 
78.218 469.0 
78.16 470.0 
78.172 471.0 
78.172 472.0 
78.09 473.0 
78.16 474.0 
78.277 475.0 
78.183 476.0 
78.125 477.0 
78.148 478.0 
78.09 479.0 
78.148 480.0 
78.277 481.0 
78.207 482.0 
78.23 483.0 
78.172 484.0 
78.253 485.0 
78.113 486.0 
78.09 487.0 
78.23 488.0 
78.172 489.0 
78.195 490.0 
78.23 491.0 
78.195 492.0 
78.195 493.0 
78.218 494.0 
78.148 495.0 
78.102 496.0 
78.172 497.0 
78.23 498.0 
78.102 499.0 
78.102 500.0 
78.16 501.0 
78.207 502.0 
78.113 503.0 
78.102 504.0 
78.137 505.0 
78.172 506.0 
78.125 507.0 
78.277 508.0 
78.078 509.0 
78.148 510.0 
78.172 511.0 
78.148 512.0 
78.172 513.0 
78.207 514.0 
78.195 515.0 
78.195 516.0 
78.218 517.0 
78.008 518.0 
78.031 519.0 
78.031 520.0 
78.067 521.0 
78.067 522.0 
78.067 523.0 
78.09 524.0 
78.102 525.0 
78.078 526.0 
78.067 527.0 
78.02 528.0 
78.043 529.0 
78.02 530.0 
78.02 531.0 
78.137 532.0 
78.125 533.0 
78.031 534.0 
78.078 535.0 
78.031 536.0 
77.996 537.0 
77.903 538.0 
77.915 539.0 
77.856 540.0 
77.996 541.0 
77.88 542.0 
77.903 543.0 
77.88 544.0 
77.845 545.0 
77.798 546.0 
77.891 547.0 
77.845 548.0 
77.786 549.0 
77.751 550.0 
77.88 551.0 
77.81 552.0 
77.786 553.0 
77.704 554.0 
77.728 555.0 
77.856 556.0 
77.798 557.0 
77.728 558.0 
77.424 559.0 
77.81 560.0 
77.763 561.0 
77.716 562.0 
77.81 563.0 
77.751 564.0 
77.681 565.0 
77.798 566.0 
77.81 567.0 
77.669 568.0 
77.786 569.0 
77.728 570.0 
77.856 571.0 
77.751 572.0 
77.693 573.0 
77.763 574.0 
77.716 575.0 
77.81 576.0 
77.751 577.0 
77.739 578.0 
77.833 579.0 
77.775 580.0 
77.856 581.0 
77.798 582.0 
77.798 583.0 
77.833 584.0 
77.926 585.0 
77.798 586.0 
77.763 587.0 
77.856 588.0 
77.739 589.0 
77.833 590.0 
77.763 591.0 
77.798 592.0 
77.739 593.0 
77.728 594.0 
77.751 595.0 
77.798 596.0 
77.728 597.0 
77.81 598.0 
77.751 599.0 
77.81 600.0 
77.88 601.0 
77.786 602.0 
77.868 603.0 
77.739 604.0 
77.833 605.0 
77.763 606.0 
77.821 607.0 
77.693 608.0 
77.775 609.0 
77.856 610.0 
77.798 611.0 
77.833 612.0 
77.704 613.0 
77.81 614.0 
77.716 615.0 
77.763 616.0 
77.856 617.0 
77.716 618.0 
77.821 619.0 
77.377 620.0 
77.751 621.0 
77.821 622.0 
77.716 623.0 
77.763 624.0 
77.856 625.0 
77.739 626.0 
77.833 627.0 
77.868 628.0 
77.751 629.0 
77.798 630.0 
77.868 631.0 
77.658 632.0 
77.81 633.0 
77.868 634.0 
77.775 635.0 
77.81 636.0 
77.845 637.0 
77.693 638.0 
77.786 639.0 
77.845 640.0 
77.704 641.0 
77.786 642.0 
77.81 643.0 
77.704 644.0 
77.763 645.0 
77.798 646.0 
77.868 647.0 
77.751 648.0 
77.775 649.0 
77.868 650.0 
77.693 651.0 
77.739 652.0 
77.786 653.0 
77.856 654.0 
77.693 655.0 
77.739 656.0 
77.798 657.0 
77.81 658.0 
77.716 659.0 
77.798 660.0 
77.81 661.0 
77.833 662.0 
77.739 663.0 
77.798 664.0 
77.821 665.0 
77.868 666.0 
77.751 667.0 
77.739 668.0 
77.786 669.0 
77.868 670.0 
77.716 671.0 
77.751 672.0 
77.775 673.0 
77.798 674.0 
77.845 675.0 
77.693 676.0 
77.716 677.0 
77.763 678.0 
77.786 679.0 
77.856 680.0 
77.681 681.0 
77.739 682.0 
77.81 683.0 
77.798 684.0 
77.845 685.0 
77.856 686.0 
77.728 687.0 
77.786 688.0 
77.763 689.0 
77.833 690.0 
77.821 691.0 
77.856 692.0 
77.704 693.0 
77.716 694.0 
77.751 695.0 
77.798 696.0 
77.81 697.0 
77.786 698.0 
77.541 699.0 
77.693 700.0 
77.728 701.0 
77.763 702.0 
77.786 703.0 
77.798 704.0 
77.821 705.0 
77.868 706.0 
77.693 707.0 
77.751 708.0 
77.763 709.0 
77.798 710.0 
77.81 711.0 
77.786 712.0 
77.856 713.0 
77.88 714.0 
77.845 715.0 
77.704 716.0 
77.704 717.0 
77.739 718.0 
77.763 719.0 
77.751 720.0 
77.798 721.0 
77.821 722.0 
77.833 723.0 
77.845 724.0 
77.88 725.0 
77.681 726.0 
77.716 727.0 
77.728 728.0 
77.739 729.0 
77.751 730.0 
77.775 731.0 
77.751 732.0 
77.798 733.0 
77.798 734.0 
77.81 735.0 
77.833 736.0 
77.833 737.0 
77.845 738.0 
77.623 739.0 
77.669 740.0 
77.693 741.0 
77.716 742.0 
77.693 743.0 
77.728 744.0 
77.716 745.0 
77.693 746.0 
77.716 747.0 
77.704 748.0 
77.751 749.0 
77.739 750.0 
77.775 751.0 
77.751 752.0 
77.728 753.0 
77.739 754.0 
77.81 755.0 
77.751 756.0 
77.751 757.0 
77.798 758.0 
77.775 759.0 
77.775 760.0 
77.786 761.0 
77.786 762.0 
77.821 763.0 
77.81 764.0 
77.798 765.0 
77.798 766.0 
77.798 767.0 
77.775 768.0 
77.786 769.0 
77.81 770.0 
77.798 771.0 
77.786 772.0 
77.775 773.0 
77.775 774.0 
77.775 775.0 
77.81 776.0 
77.786 777.0 
77.81 778.0 
77.786 779.0 
77.798 780.0 
77.81 781.0 
77.786 782.0 
77.81 783.0 
77.798 784.0 
77.798 785.0 
77.751 786.0 
77.751 787.0 
77.775 788.0 
77.786 789.0 
77.786 790.0 
77.786 791.0 
77.739 792.0 
77.751 793.0 
77.798 794.0 
77.786 795.0 
77.751 796.0 
77.786 797.0 
77.751 798.0 
77.798 799.0 
77.763 800.0 
77.775 801.0 
77.751 802.0 
77.739 803.0 
77.798 804.0 
0.0 805.0 
-0.001 806.0 
0.0 807.0 
-0.004 808.0 
-0.006 809.0 
-0.012 810.0 
-0.025 811.0 
-0.038 812.0 
-0.046 813.0 
-0.048 814.0 
-0.048 815.0 
-0.05 816.0 
-0.067 817.0 
-0.059 818.0 
-0.064 819.0 
-0.059 820.0 
-0.066 821.0 
-0.071 822.0 
-0.067 823.0 
-0.064 824.0 
-0.058 825.0 
-0.053 826.0 
-0.052 827.0 
-0.037 828.0 
-0.04 829.0 
