-0.064 257.0 
-0.064 258.0 
-0.107 259.0 
-0.03 260.0 
-0.064 261.0 
-0.052 262.0 
-0.044 263.0 
-0.049 264.0 
-0.035 265.0 
-0.04 266.0 
-0.048 267.0 
-0.055 268.0 
-0.031 269.0 
-0.047 270.0 
-0.055 271.0 
-0.036 272.0 
-0.058 273.0 
-0.043 274.0 
146.941 275.0 
143.94 276.0 
142.596 277.0 
140.786 278.0 
138.847 279.0 
136.418 280.0 
134.257 281.0 
131.641 282.0 
128.02 283.0 
126.443 284.0 
126.081 285.0 
125.766 286.0 
125.579 287.0 
125.287 288.0 
124.972 289.0 
124.376 290.0 
124.271 291.0 
124.049 292.0 
123.909 293.0 
123.781 294.0 
123.337 295.0 
123.173 296.0 
123.197 297.0 
122.671 298.0 
122.437 299.0 
122.367 300.0 
121.853 301.0 
121.795 302.0 
121.293 303.0 
121.234 304.0 
121.188 305.0 
120.615 306.0 
119.424 307.0 
117.252 308.0 
114.822 309.0 
111.517 310.0 
108.188 311.0 
104.135 312.0 
100.176 313.0 
95.82 314.0 
91.673 315.0 
87.527 316.0 
83.626 317.0 
80.297 318.0 
80.145 319.0 
79.9 320.0 
79.76 321.0 
79.772 322.0 
79.608 323.0 
79.678 324.0 
79.632 325.0 
79.503 326.0 
79.643 327.0 
79.526 328.0 
79.737 329.0 
79.632 330.0 
79.597 331.0 
79.655 332.0 
79.643 333.0 
79.562 334.0 
79.62 335.0 
79.632 336.0 
79.655 337.0 
79.515 338.0 
79.713 339.0 
79.585 340.0 
79.597 341.0 
79.515 342.0 
79.643 343.0 
79.608 344.0 
79.573 345.0 
79.573 346.0 
79.526 347.0 
79.526 348.0 
79.632 349.0 
79.573 350.0 
79.538 351.0 
79.597 352.0 
79.562 353.0 
79.503 354.0 
79.655 355.0 
79.585 356.0 
79.608 357.0 
79.585 358.0 
79.667 359.0 
79.585 360.0 
79.643 361.0 
79.55 362.0 
79.562 363.0 
79.538 364.0 
79.562 365.0 
79.597 366.0 
79.608 367.0 
79.55 368.0 
79.562 369.0 
79.573 370.0 
79.632 371.0 
79.62 372.0 
79.643 373.0 
79.632 374.0 
79.678 375.0 
79.818 376.0 
79.538 377.0 
79.538 378.0 
79.585 379.0 
79.573 380.0 
79.562 381.0 
79.667 382.0 
79.573 383.0 
79.585 384.0 
79.562 385.0 
79.655 386.0 
79.55 387.0 
79.491 388.0 
79.585 389.0 
79.597 390.0 
79.573 391.0 
79.538 392.0 
79.643 393.0 
79.491 394.0 
79.585 395.0 
79.69 396.0 
79.491 397.0 
79.562 398.0 
79.456 399.0 
79.503 400.0 
79.643 401.0 
79.597 402.0 
79.643 403.0 
79.62 404.0 
79.585 405.0 
79.515 406.0 
79.585 407.0 
79.55 408.0 
79.55 409.0 
79.503 410.0 
79.573 411.0 
79.632 412.0 
80.029 413.0 
79.632 414.0 
79.538 415.0 
79.608 416.0 
79.55 417.0 
79.667 418.0 
79.608 419.0 
79.526 420.0 
79.573 421.0 
79.573 422.0 
79.608 423.0 
79.538 424.0 
79.55 425.0 
79.62 426.0 
79.62 427.0 
79.515 428.0 
79.55 429.0 
79.515 430.0 
79.573 431.0 
79.585 432.0 
79.632 433.0 
79.491 434.0 
79.526 435.0 
79.608 436.0 
79.632 437.0 
79.526 438.0 
79.55 439.0 
79.573 440.0 
79.538 441.0 
79.515 442.0 
79.538 443.0 
79.573 444.0 
79.55 445.0 
79.503 446.0 
79.632 447.0 
79.608 448.0 
79.585 449.0 
79.924 450.0 
79.562 451.0 
79.526 452.0 
79.515 453.0 
79.515 454.0 
79.585 455.0 
79.433 456.0 
79.515 457.0 
79.503 458.0 
79.608 459.0 
79.62 460.0 
79.55 461.0 
79.526 462.0 
79.632 463.0 
79.608 464.0 
79.597 465.0 
79.632 466.0 
79.573 467.0 
79.538 468.0 
79.573 469.0 
79.526 470.0 
79.526 471.0 
79.538 472.0 
79.515 473.0 
79.562 474.0 
79.62 475.0 
79.562 476.0 
79.48 477.0 
79.538 478.0 
79.491 479.0 
79.573 480.0 
79.632 481.0 
79.538 482.0 
79.655 483.0 
79.538 484.0 
79.608 485.0 
79.48 486.0 
79.503 487.0 
79.573 488.0 
79.538 489.0 
79.538 490.0 
79.632 491.0 
79.608 492.0 
79.562 493.0 
79.608 494.0 
79.515 495.0 
79.468 496.0 
79.562 497.0 
79.585 498.0 
79.48 499.0 
79.456 500.0 
79.573 501.0 
79.608 502.0 
79.456 503.0 
79.468 504.0 
79.526 505.0 
79.562 506.0 
79.515 507.0 
79.655 508.0 
79.445 509.0 
79.491 510.0 
79.538 511.0 
79.515 512.0 
79.538 513.0 
79.585 514.0 
79.573 515.0 
79.538 516.0 
79.562 517.0 
79.351 518.0 
79.433 519.0 
79.456 520.0 
79.445 521.0 
79.445 522.0 
79.456 523.0 
79.445 524.0 
79.48 525.0 
79.445 526.0 
79.41 527.0 
79.316 528.0 
79.41 529.0 
79.386 530.0 
79.363 531.0 
79.526 532.0 
79.445 533.0 
79.421 534.0 
79.445 535.0 
79.41 536.0 
79.363 537.0 
79.258 538.0 
79.258 539.0 
79.246 540.0 
79.375 541.0 
79.293 542.0 
79.246 543.0 
79.223 544.0 
79.199 545.0 
79.129 546.0 
79.27 547.0 
79.199 548.0 
79.141 549.0 
79.118 550.0 
79.094 551.0 
79.223 552.0 
79.176 553.0 
79.071 554.0 
79.094 555.0 
79.199 556.0 
79.129 557.0 
79.094 558.0 
78.756 559.0 
79.164 560.0 
79.141 561.0 
79.094 562.0 
79.164 563.0 
79.129 564.0 
79.036 565.0 
79.199 566.0 
79.188 567.0 
79.024 568.0 
79.129 569.0 
79.059 570.0 
79.188 571.0 
79.106 572.0 
79.083 573.0 
79.083 574.0 
79.059 575.0 
79.211 576.0 
79.094 577.0 
79.118 578.0 
79.211 579.0 
79.141 580.0 
79.234 581.0 
79.141 582.0 
79.188 583.0 
79.176 584.0 
79.27 585.0 
79.188 586.0 
79.094 587.0 
79.176 588.0 
79.094 589.0 
79.188 590.0 
79.118 591.0 
79.199 592.0 
79.118 593.0 
79.141 594.0 
79.106 595.0 
79.118 596.0 
79.071 597.0 
79.223 598.0 
79.118 599.0 
79.176 600.0 
79.27 601.0 
79.141 602.0 
79.246 603.0 
79.153 604.0 
79.234 605.0 
79.141 606.0 
79.188 607.0 
79.071 608.0 
79.141 609.0 
79.199 610.0 
79.094 611.0 
79.223 612.0 
79.071 613.0 
79.176 614.0 
79.071 615.0 
79.141 616.0 
79.199 617.0 
79.024 618.0 
79.164 619.0 
78.872 620.0 
79.106 621.0 
79.164 622.0 
79.118 623.0 
79.153 624.0 
79.246 625.0 
79.094 626.0 
79.153 627.0 
79.211 628.0 
79.071 629.0 
79.129 630.0 
79.246 631.0 
79.094 632.0 
79.164 633.0 
79.421 634.0 
79.118 635.0 
79.188 636.0 
79.223 637.0 
79.106 638.0 
79.153 639.0 
79.246 640.0 
79.083 641.0 
79.164 642.0 
79.211 643.0 
79.083 644.0 
79.129 645.0 
79.199 646.0 
79.223 647.0 
79.094 648.0 
79.083 649.0 
79.188 650.0 
79.036 651.0 
79.094 652.0 
79.164 653.0 
79.211 654.0 
79.024 655.0 
79.106 656.0 
79.129 657.0 
79.211 658.0 
79.106 659.0 
79.141 660.0 
79.164 661.0 
79.199 662.0 
79.094 663.0 
79.129 664.0 
79.176 665.0 
79.234 666.0 
79.071 667.0 
79.118 668.0 
79.164 669.0 
79.211 670.0 
79.059 671.0 
79.106 672.0 
79.164 673.0 
79.164 674.0 
79.176 675.0 
79.071 676.0 
79.106 677.0 
79.153 678.0 
79.141 679.0 
79.234 680.0 
79.071 681.0 
79.083 682.0 
79.129 683.0 
79.188 684.0 
79.234 685.0 
79.234 686.0 
79.094 687.0 
79.094 688.0 
79.141 689.0 
79.153 690.0 
79.223 691.0 
79.234 692.0 
79.036 693.0 
79.094 694.0 
79.118 695.0 
79.141 696.0 
79.164 697.0 
79.223 698.0 
78.989 699.0 
79.083 700.0 
79.118 701.0 
79.129 702.0 
79.164 703.0 
79.199 704.0 
79.141 705.0 
79.234 706.0 
79.059 707.0 
79.083 708.0 
79.083 709.0 
79.106 710.0 
79.153 711.0 
79.164 712.0 
79.223 713.0 
79.223 714.0 
79.083 715.0 
79.048 716.0 
79.059 717.0 
79.141 718.0 
79.106 719.0 
79.153 720.0 
79.188 721.0 
79.164 722.0 
79.188 723.0 
79.223 724.0 
79.258 725.0 
79.036 726.0 
79.094 727.0 
79.059 728.0 
79.118 729.0 
79.083 730.0 
79.106 731.0 
79.164 732.0 
79.188 733.0 
79.176 734.0 
79.211 735.0 
79.211 736.0 
79.199 737.0 
79.223 738.0 
78.966 739.0 
79.059 740.0 
79.094 741.0 
79.071 742.0 
79.059 743.0 
79.094 744.0 
79.094 745.0 
79.083 746.0 
79.083 747.0 
79.083 748.0 
79.106 749.0 
79.094 750.0 
79.129 751.0 
79.129 752.0 
79.118 753.0 
79.106 754.0 
79.141 755.0 
79.118 756.0 
79.129 757.0 
79.129 758.0 
79.153 759.0 
79.141 760.0 
79.153 761.0 
79.176 762.0 
79.141 763.0 
79.164 764.0 
79.176 765.0 
79.176 766.0 
79.153 767.0 
79.164 768.0 
79.153 769.0 
79.176 770.0 
79.153 771.0 
79.176 772.0 
79.141 773.0 
79.141 774.0 
79.153 775.0 
79.164 776.0 
79.164 777.0 
79.141 778.0 
79.141 779.0 
79.153 780.0 
79.164 781.0 
79.188 782.0 
79.141 783.0 
79.129 784.0 
79.118 785.0 
79.153 786.0 
79.153 787.0 
79.141 788.0 
79.164 789.0 
79.153 790.0 
79.176 791.0 
79.153 792.0 
79.153 793.0 
79.164 794.0 
79.141 795.0 
79.141 796.0 
79.188 797.0 
79.129 798.0 
79.153 799.0 
79.153 800.0 
79.164 801.0 
79.164 802.0 
79.141 803.0 
79.141 804.0 
-0.002 805.0 
-0.002 806.0 
0.0 807.0 
-0.01 808.0 
-0.007 809.0 
-0.013 810.0 
-0.024 811.0 
-0.04 812.0 
-0.047 813.0 
-0.054 814.0 
-0.049 815.0 
-0.054 816.0 
-0.067 817.0 
-0.067 818.0 
-0.073 819.0 
-0.064 820.0 
-0.066 821.0 
-0.068 822.0 
-0.061 823.0 
-0.053 824.0 
-0.056 825.0 
-0.046 826.0 
-0.053 827.0 
-0.044 828.0 
-0.047 829.0 
