-0.03 257.0 
-0.042 258.0 
-0.061 259.0 
-0.047 260.0 
-0.032 261.0 
-0.026 262.0 
-0.048 263.0 
-0.044 264.0 
-0.025 265.0 
-0.011 266.0 
-0.032 267.0 
-0.032 268.0 
-0.052 269.0 
-0.04 270.0 
-0.014 271.0 
-0.019 272.0 
-0.042 273.0 
-0.046 274.0 
150.27 275.0 
147.327 276.0 
146.089 277.0 
144.465 278.0 
142.737 279.0 
140.728 280.0 
138.859 281.0 
136.289 282.0 
132.61 283.0 
131.407 284.0 
130.858 285.0 
130.555 286.0 
130.251 287.0 
129.971 288.0 
129.585 289.0 
129.305 290.0 
128.791 291.0 
128.522 292.0 
128.207 293.0 
128.114 294.0 
127.483 295.0 
127.354 296.0 
127.249 297.0 
126.677 298.0 
126.432 299.0 
126.105 300.0 
125.801 301.0 
125.673 302.0 
125.112 303.0 
124.995 304.0 
124.598 305.0 
123.862 306.0 
121.947 307.0 
119.132 308.0 
116.352 309.0 
112.603 310.0 
109.111 311.0 
104.953 312.0 
101.169 313.0 
96.999 314.0 
92.853 315.0 
88.683 316.0 
84.876 317.0 
81.769 318.0 
81.477 319.0 
81.162 320.0 
80.963 321.0 
80.893 322.0 
80.718 323.0 
80.706 324.0 
80.624 325.0 
80.543 326.0 
80.648 327.0 
80.554 328.0 
81.162 329.0 
80.624 330.0 
80.531 331.0 
80.811 332.0 
80.601 333.0 
80.531 334.0 
80.519 335.0 
80.624 336.0 
80.613 337.0 
80.508 338.0 
80.648 339.0 
80.554 340.0 
80.543 341.0 
80.554 342.0 
80.636 343.0 
80.554 344.0 
80.578 345.0 
80.519 346.0 
80.473 347.0 
80.578 348.0 
80.578 349.0 
80.578 350.0 
80.519 351.0 
80.566 352.0 
80.531 353.0 
80.449 354.0 
80.624 355.0 
80.566 356.0 
80.589 357.0 
80.566 358.0 
80.624 359.0 
80.566 360.0 
80.613 361.0 
80.543 362.0 
80.578 363.0 
80.473 364.0 
80.519 365.0 
80.554 366.0 
80.589 367.0 
80.519 368.0 
80.543 369.0 
80.554 370.0 
80.601 371.0 
80.636 372.0 
80.566 373.0 
80.601 374.0 
80.601 375.0 
80.893 376.0 
80.496 377.0 
80.496 378.0 
80.531 379.0 
80.519 380.0 
80.508 381.0 
80.543 382.0 
80.543 383.0 
80.531 384.0 
80.484 385.0 
80.613 386.0 
80.508 387.0 
80.496 388.0 
80.566 389.0 
80.589 390.0 
80.578 391.0 
80.531 392.0 
80.601 393.0 
80.449 394.0 
80.508 395.0 
80.613 396.0 
80.473 397.0 
80.543 398.0 
80.437 399.0 
80.496 400.0 
80.601 401.0 
80.554 402.0 
80.624 403.0 
80.578 404.0 
80.531 405.0 
80.496 406.0 
80.566 407.0 
80.496 408.0 
80.543 409.0 
80.496 410.0 
80.543 411.0 
80.589 412.0 
80.94 413.0 
80.578 414.0 
80.484 415.0 
80.519 416.0 
80.484 417.0 
80.566 418.0 
80.543 419.0 
80.508 420.0 
80.519 421.0 
80.508 422.0 
80.601 423.0 
80.508 424.0 
80.496 425.0 
80.554 426.0 
80.578 427.0 
80.496 428.0 
80.531 429.0 
80.496 430.0 
80.566 431.0 
80.578 432.0 
80.589 433.0 
80.449 434.0 
80.484 435.0 
80.519 436.0 
80.578 437.0 
80.461 438.0 
80.449 439.0 
80.531 440.0 
80.496 441.0 
80.461 442.0 
80.508 443.0 
80.508 444.0 
80.508 445.0 
80.461 446.0 
80.613 447.0 
80.554 448.0 
80.566 449.0 
80.835 450.0 
80.519 451.0 
80.473 452.0 
80.484 453.0 
80.449 454.0 
80.531 455.0 
80.391 456.0 
80.508 457.0 
80.449 458.0 
80.578 459.0 
80.566 460.0 
80.519 461.0 
80.484 462.0 
80.601 463.0 
80.543 464.0 
80.554 465.0 
80.589 466.0 
80.531 467.0 
80.437 468.0 
80.554 469.0 
80.496 470.0 
80.508 471.0 
80.531 472.0 
80.578 473.0 
80.519 474.0 
80.601 475.0 
80.496 476.0 
80.449 477.0 
80.496 478.0 
80.449 479.0 
80.508 480.0 
80.589 481.0 
80.531 482.0 
80.566 483.0 
80.496 484.0 
80.531 485.0 
80.473 486.0 
80.496 487.0 
80.566 488.0 
80.496 489.0 
80.496 490.0 
80.554 491.0 
80.496 492.0 
80.508 493.0 
80.519 494.0 
80.473 495.0 
80.437 496.0 
80.519 497.0 
80.566 498.0 
80.426 499.0 
80.414 500.0 
80.496 501.0 
80.554 502.0 
80.437 503.0 
80.437 504.0 
80.473 505.0 
80.496 506.0 
80.531 507.0 
80.566 508.0 
80.437 509.0 
80.461 510.0 
80.461 511.0 
80.484 512.0 
80.496 513.0 
80.484 514.0 
80.531 515.0 
80.531 516.0 
80.776 517.0 
80.321 518.0 
80.379 519.0 
80.402 520.0 
80.391 521.0 
80.414 522.0 
80.414 523.0 
80.402 524.0 
80.414 525.0 
80.414 526.0 
80.367 527.0 
80.309 528.0 
80.309 529.0 
80.297 530.0 
80.309 531.0 
80.426 532.0 
80.391 533.0 
80.309 534.0 
80.274 535.0 
80.239 536.0 
80.216 537.0 
80.145 538.0 
80.099 539.0 
80.087 540.0 
80.169 541.0 
80.122 542.0 
80.087 543.0 
80.029 544.0 
80.005 545.0 
79.947 546.0 
80.087 547.0 
80.017 548.0 
79.97 549.0 
79.924 550.0 
79.889 551.0 
79.97 552.0 
79.935 553.0 
79.854 554.0 
79.865 555.0 
79.97 556.0 
79.924 557.0 
79.877 558.0 
79.573 559.0 
79.947 560.0 
79.889 561.0 
79.83 562.0 
79.97 563.0 
79.889 564.0 
79.783 565.0 
79.935 566.0 
79.994 567.0 
79.842 568.0 
79.912 569.0 
79.865 570.0 
79.982 571.0 
79.935 572.0 
79.83 573.0 
79.9 574.0 
79.865 575.0 
79.97 576.0 
79.889 577.0 
79.912 578.0 
79.982 579.0 
79.9 580.0 
79.959 581.0 
79.924 582.0 
79.97 583.0 
79.959 584.0 
79.76 585.0 
79.959 586.0 
79.9 587.0 
79.982 588.0 
79.889 589.0 
79.959 590.0 
79.865 591.0 
79.959 592.0 
79.865 593.0 
79.889 594.0 
79.877 595.0 
79.97 596.0 
79.854 597.0 
79.947 598.0 
79.877 599.0 
79.97 600.0 
80.017 601.0 
79.924 602.0 
79.994 603.0 
79.9 604.0 
80.005 605.0 
79.889 606.0 
79.97 607.0 
79.877 608.0 
79.935 609.0 
80.017 610.0 
79.935 611.0 
80.005 612.0 
79.877 613.0 
79.959 614.0 
79.818 615.0 
79.935 616.0 
79.97 617.0 
79.795 618.0 
79.947 619.0 
79.655 620.0 
79.889 621.0 
79.959 622.0 
79.854 623.0 
79.924 624.0 
80.029 625.0 
79.889 626.0 
79.935 627.0 
79.994 628.0 
79.877 629.0 
79.935 630.0 
80.017 631.0 
79.807 632.0 
79.947 633.0 
80.029 634.0 
79.889 635.0 
79.994 636.0 
80.005 637.0 
79.889 638.0 
79.924 639.0 
80.017 640.0 
79.83 641.0 
79.865 642.0 
79.959 643.0 
79.854 644.0 
79.912 645.0 
79.97 646.0 
80.005 647.0 
79.865 648.0 
79.9 649.0 
79.97 650.0 
79.854 651.0 
79.889 652.0 
79.959 653.0 
79.994 654.0 
79.842 655.0 
79.877 656.0 
79.935 657.0 
79.982 658.0 
79.912 659.0 
79.9 660.0 
79.994 661.0 
79.994 662.0 
79.877 663.0 
79.9 664.0 
79.994 665.0 
80.04 666.0 
79.889 667.0 
79.912 668.0 
79.947 669.0 
79.982 670.0 
79.842 671.0 
79.877 672.0 
79.912 673.0 
79.912 674.0 
79.924 675.0 
79.854 676.0 
79.877 677.0 
79.912 678.0 
79.947 679.0 
79.994 680.0 
79.807 681.0 
79.877 682.0 
79.889 683.0 
79.924 684.0 
79.97 685.0 
80.017 686.0 
79.889 687.0 
79.865 688.0 
79.9 689.0 
79.947 690.0 
80.005 691.0 
80.029 692.0 
79.83 693.0 
79.865 694.0 
79.924 695.0 
79.912 696.0 
79.97 697.0 
79.935 698.0 
79.725 699.0 
79.854 700.0 
79.889 701.0 
79.9 702.0 
79.9 703.0 
79.982 704.0 
79.97 705.0 
80.017 706.0 
79.818 707.0 
79.865 708.0 
79.889 709.0 
79.935 710.0 
79.935 711.0 
79.97 712.0 
79.982 713.0 
79.994 714.0 
80.052 715.0 
79.842 716.0 
79.865 717.0 
79.9 718.0 
79.912 719.0 
79.9 720.0 
79.935 721.0 
79.947 722.0 
79.97 723.0 
80.029 724.0 
80.017 725.0 
79.807 726.0 
79.854 727.0 
79.865 728.0 
79.889 729.0 
79.889 730.0 
79.912 731.0 
79.912 732.0 
79.935 733.0 
79.959 734.0 
79.97 735.0 
79.994 736.0 
79.97 737.0 
80.005 738.0 
79.678 739.0 
79.807 740.0 
79.842 741.0 
79.842 742.0 
79.842 743.0 
79.842 744.0 
79.854 745.0 
79.889 746.0 
79.877 747.0 
79.889 748.0 
79.889 749.0 
79.889 750.0 
79.9 751.0 
79.912 752.0 
79.912 753.0 
79.877 754.0 
79.877 755.0 
79.912 756.0 
79.912 757.0 
79.924 758.0 
79.935 759.0 
79.947 760.0 
79.912 761.0 
79.959 762.0 
79.947 763.0 
79.947 764.0 
79.947 765.0 
79.947 766.0 
79.947 767.0 
79.912 768.0 
79.947 769.0 
79.97 770.0 
79.959 771.0 
79.947 772.0 
79.935 773.0 
79.935 774.0 
79.959 775.0 
79.935 776.0 
79.924 777.0 
79.935 778.0 
79.924 779.0 
79.935 780.0 
79.935 781.0 
79.935 782.0 
79.959 783.0 
79.924 784.0 
79.924 785.0 
79.959 786.0 
79.947 787.0 
79.9 788.0 
79.924 789.0 
79.924 790.0 
79.959 791.0 
79.924 792.0 
79.924 793.0 
79.947 794.0 
79.912 795.0 
79.947 796.0 
79.912 797.0 
79.947 798.0 
79.947 799.0 
79.947 800.0 
79.935 801.0 
79.912 802.0 
79.959 803.0 
79.935 804.0 
0.005 805.0 
0.008 806.0 
0.004 807.0 
-0.001 808.0 
0.0 809.0 
0.002 810.0 
0.011 811.0 
0.005 812.0 
-0.004 813.0 
-0.008 814.0 
-0.006 815.0 
-0.004 816.0 
-0.011 817.0 
-0.004 818.0 
-0.006 819.0 
-0.018 820.0 
-0.016 821.0 
-0.016 822.0 
-0.011 823.0 
-0.023 824.0 
-0.02 825.0 
-0.017 826.0 
-0.023 827.0 
-0.023 828.0 
-0.026 829.0 
