-0.008 257.0 
0.013 258.0 
-0.035 259.0 
-0.022 260.0 
-0.023 261.0 
-0.018 262.0 
-0.038 263.0 
-0.016 264.0 
0.006 265.0 
-0.02 266.0 
-0.047 267.0 
-0.034 268.0 
-0.023 269.0 
-0.012 270.0 
-0.038 271.0 
-0.007 272.0 
-0.037 273.0 
-0.017 274.0 
149.417 275.0 
146.007 276.0 
144.921 277.0 
143.566 278.0 
141.919 279.0 
140.225 280.0 
138.555 281.0 
136.523 282.0 
133.521 283.0 
132.575 284.0 
132.178 285.0 
131.793 286.0 
131.594 287.0 
131.302 288.0 
130.999 289.0 
130.742 290.0 
130.146 291.0 
129.936 292.0 
129.749 293.0 
129.632 294.0 
129.095 295.0 
128.908 296.0 
128.896 297.0 
128.347 298.0 
128.137 299.0 
128.009 300.0 
127.366 301.0 
127.214 302.0 
126.642 303.0 
126.432 304.0 
126.245 305.0 
125.276 306.0 
123.43 307.0 
120.522 308.0 
117.345 309.0 
113.421 310.0 
109.485 311.0 
105.28 312.0 
101.286 313.0 
97.023 314.0 
92.736 315.0 
88.496 316.0 
84.841 317.0 
81.781 318.0 
81.617 319.0 
81.348 320.0 
81.22 321.0 
81.127 322.0 
80.975 323.0 
81.033 324.0 
80.963 325.0 
80.835 326.0 
80.905 327.0 
80.811 328.0 
81.664 329.0 
80.951 330.0 
80.893 331.0 
81.127 332.0 
80.94 333.0 
80.87 334.0 
80.823 335.0 
80.951 336.0 
80.951 337.0 
80.858 338.0 
81.01 339.0 
80.893 340.0 
80.893 341.0 
80.893 342.0 
80.473 343.0 
80.928 344.0 
80.87 345.0 
80.846 346.0 
80.811 347.0 
80.963 348.0 
80.893 349.0 
80.928 350.0 
80.858 351.0 
80.905 352.0 
80.823 353.0 
80.788 354.0 
80.951 355.0 
80.951 356.0 
80.928 357.0 
80.87 358.0 
80.975 359.0 
80.881 360.0 
80.928 361.0 
80.846 362.0 
80.905 363.0 
80.835 364.0 
80.835 365.0 
80.858 366.0 
80.881 367.0 
80.823 368.0 
80.846 369.0 
80.893 370.0 
80.928 371.0 
80.916 372.0 
80.893 373.0 
80.916 374.0 
80.928 375.0 
81.22 376.0 
80.846 377.0 
80.87 378.0 
80.893 379.0 
80.905 380.0 
80.881 381.0 
80.823 382.0 
80.881 383.0 
80.858 384.0 
80.846 385.0 
80.916 386.0 
80.811 387.0 
80.765 388.0 
80.858 389.0 
80.893 390.0 
80.881 391.0 
80.846 392.0 
80.893 393.0 
80.8 394.0 
80.87 395.0 
80.94 396.0 
80.811 397.0 
80.905 398.0 
80.788 399.0 
80.835 400.0 
80.916 401.0 
80.893 402.0 
80.951 403.0 
80.905 404.0 
80.846 405.0 
80.811 406.0 
80.858 407.0 
80.811 408.0 
80.846 409.0 
80.8 410.0 
80.87 411.0 
80.905 412.0 
80.963 413.0 
80.893 414.0 
80.823 415.0 
80.87 416.0 
80.835 417.0 
80.963 418.0 
80.881 419.0 
80.823 420.0 
80.858 421.0 
80.893 422.0 
80.916 423.0 
80.823 424.0 
80.858 425.0 
80.87 426.0 
80.905 427.0 
80.811 428.0 
80.835 429.0 
80.811 430.0 
80.858 431.0 
80.87 432.0 
80.905 433.0 
80.788 434.0 
80.823 435.0 
80.893 436.0 
80.975 437.0 
80.753 438.0 
80.835 439.0 
80.835 440.0 
80.823 441.0 
80.835 442.0 
80.846 443.0 
80.823 444.0 
80.8 445.0 
80.788 446.0 
80.916 447.0 
80.893 448.0 
80.881 449.0 
81.22 450.0 
80.8 451.0 
80.823 452.0 
80.788 453.0 
80.8 454.0 
80.881 455.0 
80.87 456.0 
80.835 457.0 
80.776 458.0 
80.893 459.0 
80.881 460.0 
80.858 461.0 
80.823 462.0 
80.94 463.0 
80.893 464.0 
80.858 465.0 
80.951 466.0 
80.87 467.0 
80.788 468.0 
80.87 469.0 
80.835 470.0 
80.8 471.0 
80.811 472.0 
80.835 473.0 
80.846 474.0 
80.905 475.0 
80.87 476.0 
80.788 477.0 
80.858 478.0 
80.765 479.0 
80.858 480.0 
80.916 481.0 
80.846 482.0 
80.905 483.0 
80.811 484.0 
80.905 485.0 
80.776 486.0 
80.811 487.0 
80.881 488.0 
80.811 489.0 
80.846 490.0 
80.87 491.0 
80.858 492.0 
80.835 493.0 
80.858 494.0 
80.811 495.0 
80.729 496.0 
80.87 497.0 
80.928 498.0 
80.741 499.0 
80.811 500.0 
80.858 501.0 
80.858 502.0 
80.741 503.0 
80.765 504.0 
80.811 505.0 
80.835 506.0 
80.951 507.0 
81.197 508.0 
80.741 509.0 
80.788 510.0 
80.788 511.0 
80.811 512.0 
80.846 513.0 
80.835 514.0 
80.835 515.0 
80.893 516.0 
81.138 517.0 
80.683 518.0 
80.718 519.0 
80.706 520.0 
80.765 521.0 
80.753 522.0 
80.729 523.0 
80.729 524.0 
80.718 525.0 
80.694 526.0 
80.741 527.0 
80.589 528.0 
80.613 529.0 
80.613 530.0 
80.589 531.0 
80.718 532.0 
80.659 533.0 
80.624 534.0 
80.636 535.0 
80.578 536.0 
80.531 537.0 
80.484 538.0 
80.473 539.0 
80.449 540.0 
80.519 541.0 
80.449 542.0 
80.437 543.0 
80.414 544.0 
80.379 545.0 
80.332 546.0 
80.426 547.0 
80.391 548.0 
80.321 549.0 
80.286 550.0 
80.192 551.0 
80.344 552.0 
80.309 553.0 
80.227 554.0 
80.204 555.0 
80.367 556.0 
80.274 557.0 
80.239 558.0 
79.912 559.0 
80.309 560.0 
80.274 561.0 
80.204 562.0 
80.332 563.0 
80.239 564.0 
80.169 565.0 
80.297 566.0 
80.321 567.0 
80.169 568.0 
80.286 569.0 
80.239 570.0 
80.356 571.0 
80.251 572.0 
80.192 573.0 
80.262 574.0 
80.216 575.0 
80.344 576.0 
80.251 577.0 
80.239 578.0 
80.332 579.0 
80.297 580.0 
80.391 581.0 
80.297 582.0 
80.344 583.0 
80.332 584.0 
80.461 585.0 
80.332 586.0 
80.204 587.0 
80.321 588.0 
80.251 589.0 
80.309 590.0 
80.251 591.0 
80.321 592.0 
80.239 593.0 
80.309 594.0 
80.251 595.0 
80.344 596.0 
80.251 597.0 
80.332 598.0 
80.262 599.0 
80.332 600.0 
80.402 601.0 
80.286 602.0 
80.356 603.0 
80.274 604.0 
80.356 605.0 
80.216 606.0 
80.309 607.0 
80.227 608.0 
80.309 609.0 
80.356 610.0 
80.309 611.0 
80.356 612.0 
80.262 613.0 
80.344 614.0 
80.251 615.0 
80.297 616.0 
80.356 617.0 
80.251 618.0 
80.321 619.0 
80.052 620.0 
80.286 621.0 
80.332 622.0 
80.216 623.0 
80.274 624.0 
80.379 625.0 
80.227 626.0 
80.286 627.0 
80.344 628.0 
80.251 629.0 
80.309 630.0 
80.402 631.0 
80.216 632.0 
80.309 633.0 
80.379 634.0 
80.274 635.0 
80.309 636.0 
80.367 637.0 
80.262 638.0 
80.297 639.0 
80.367 640.0 
80.251 641.0 
80.286 642.0 
80.344 643.0 
80.227 644.0 
80.274 645.0 
80.262 646.0 
80.367 647.0 
80.274 648.0 
80.262 649.0 
80.344 650.0 
80.192 651.0 
80.262 652.0 
80.297 653.0 
80.344 654.0 
80.192 655.0 
80.262 656.0 
80.274 657.0 
80.356 658.0 
80.239 659.0 
80.274 660.0 
80.367 661.0 
80.391 662.0 
80.227 663.0 
80.297 664.0 
80.356 665.0 
80.379 666.0 
80.204 667.0 
80.297 668.0 
80.332 669.0 
80.367 670.0 
80.227 671.0 
80.239 672.0 
80.321 673.0 
80.297 674.0 
80.344 675.0 
80.227 676.0 
80.262 677.0 
80.274 678.0 
80.321 679.0 
80.379 680.0 
80.216 681.0 
80.239 682.0 
80.274 683.0 
80.356 684.0 
80.344 685.0 
80.414 686.0 
80.216 687.0 
80.239 688.0 
80.262 689.0 
80.309 690.0 
80.332 691.0 
80.414 692.0 
80.204 693.0 
80.262 694.0 
80.262 695.0 
80.297 696.0 
80.321 697.0 
80.344 698.0 
80.169 699.0 
80.251 700.0 
80.251 701.0 
80.286 702.0 
80.309 703.0 
80.297 704.0 
80.379 705.0 
80.367 706.0 
80.204 707.0 
80.216 708.0 
80.227 709.0 
80.297 710.0 
80.309 711.0 
80.332 712.0 
80.344 713.0 
80.356 714.0 
80.216 715.0 
80.169 716.0 
80.239 717.0 
80.286 718.0 
80.286 719.0 
80.309 720.0 
80.332 721.0 
80.344 722.0 
80.321 723.0 
80.367 724.0 
80.391 725.0 
80.157 726.0 
80.169 727.0 
80.251 728.0 
80.239 729.0 
80.262 730.0 
80.286 731.0 
80.262 732.0 
80.297 733.0 
80.286 734.0 
80.344 735.0 
80.274 736.0 
80.367 737.0 
80.379 738.0 
80.216 739.0 
80.204 740.0 
80.204 741.0 
80.204 742.0 
80.239 743.0 
80.192 744.0 
80.227 745.0 
80.239 746.0 
80.227 747.0 
80.227 748.0 
80.274 749.0 
80.274 750.0 
80.251 751.0 
80.251 752.0 
80.274 753.0 
80.274 754.0 
80.274 755.0 
80.286 756.0 
80.309 757.0 
80.309 758.0 
80.309 759.0 
80.309 760.0 
80.321 761.0 
80.286 762.0 
80.309 763.0 
80.274 764.0 
80.309 765.0 
80.309 766.0 
80.309 767.0 
80.332 768.0 
80.321 769.0 
80.332 770.0 
80.321 771.0 
80.321 772.0 
80.309 773.0 
80.344 774.0 
80.321 775.0 
80.286 776.0 
80.286 777.0 
80.297 778.0 
80.297 779.0 
80.332 780.0 
80.286 781.0 
80.297 782.0 
80.297 783.0 
80.286 784.0 
80.309 785.0 
80.286 786.0 
80.297 787.0 
80.309 788.0 
80.274 789.0 
80.297 790.0 
80.321 791.0 
80.309 792.0 
80.274 793.0 
80.297 794.0 
80.309 795.0 
80.309 796.0 
80.321 797.0 
80.321 798.0 
80.321 799.0 
80.309 800.0 
80.309 801.0 
80.286 802.0 
80.274 803.0 
80.321 804.0 
0.007 805.0 
0.008 806.0 
-0.001 807.0 
-0.002 808.0 
-0.004 809.0 
-0.006 810.0 
-0.013 811.0 
-0.03 812.0 
-0.037 813.0 
-0.035 814.0 
-0.047 815.0 
-0.056 816.0 
-0.055 817.0 
-0.05 818.0 
-0.054 819.0 
-0.054 820.0 
-0.06 821.0 
-0.06 822.0 
-0.056 823.0 
-0.054 824.0 
-0.049 825.0 
-0.044 826.0 
-0.047 827.0 
-0.043 828.0 
-0.038 829.0 
