-0.038 257.0 
-0.04 258.0 
-0.018 259.0 
-0.04 260.0 
-0.047 261.0 
-0.055 262.0 
-0.056 263.0 
-0.038 264.0 
-0.047 265.0 
-0.084 266.0 
-0.031 267.0 
-0.065 268.0 
-0.048 269.0 
-0.058 270.0 
-0.031 271.0 
-0.026 272.0 
-0.032 273.0 
-0.031 274.0 
143.834 275.0 
140.074 276.0 
139.104 277.0 
137.819 278.0 
136.441 279.0 
134.876 280.0 
133.393 281.0 
130.893 282.0 
128.394 283.0 
127.121 284.0 
126.712 285.0 
126.467 286.0 
126.315 287.0 
126.023 288.0 
125.766 289.0 
125.135 290.0 
124.984 291.0 
124.773 292.0 
124.551 293.0 
124.189 294.0 
124.014 295.0 
123.874 296.0 
123.851 297.0 
123.313 298.0 
123.15 299.0 
122.811 300.0 
122.507 301.0 
122.402 302.0 
121.795 303.0 
121.643 304.0 
121.141 305.0 
120.487 306.0 
118.513 307.0 
115.558 308.0 
112.708 309.0 
109.134 310.0 
105.665 311.0 
101.683 312.0 
97.899 313.0 
93.811 314.0 
89.793 315.0 
85.869 316.0 
82.248 317.0 
79.526 318.0 
79.305 319.0 
79.071 320.0 
78.872 321.0 
78.826 322.0 
78.697 323.0 
78.686 324.0 
78.604 325.0 
78.545 326.0 
78.604 327.0 
78.557 328.0 
78.51 329.0 
78.674 330.0 
78.557 331.0 
78.51 332.0 
78.627 333.0 
78.545 334.0 
78.475 335.0 
78.627 336.0 
78.615 337.0 
78.487 338.0 
78.569 339.0 
78.522 340.0 
78.557 341.0 
78.51 342.0 
78.604 343.0 
78.58 344.0 
78.545 345.0 
78.51 346.0 
78.475 347.0 
78.557 348.0 
78.58 349.0 
78.569 350.0 
78.51 351.0 
78.569 352.0 
78.499 353.0 
78.499 354.0 
78.452 355.0 
78.534 356.0 
78.615 357.0 
78.569 358.0 
78.639 359.0 
78.557 360.0 
78.58 361.0 
78.522 362.0 
78.545 363.0 
78.475 364.0 
78.534 365.0 
78.487 366.0 
78.557 367.0 
78.51 368.0 
78.545 369.0 
78.557 370.0 
78.569 371.0 
78.569 372.0 
78.615 373.0 
78.639 374.0 
78.872 375.0 
78.65 376.0 
78.534 377.0 
78.522 378.0 
78.545 379.0 
78.51 380.0 
78.557 381.0 
78.592 382.0 
78.499 383.0 
78.51 384.0 
78.51 385.0 
78.592 386.0 
78.51 387.0 
78.464 388.0 
78.557 389.0 
78.557 390.0 
78.534 391.0 
78.51 392.0 
78.592 393.0 
78.452 394.0 
78.557 395.0 
78.662 396.0 
78.464 397.0 
78.522 398.0 
78.452 399.0 
78.487 400.0 
78.592 401.0 
78.545 402.0 
78.627 403.0 
78.58 404.0 
78.499 405.0 
78.475 406.0 
78.522 407.0 
78.475 408.0 
78.545 409.0 
78.464 410.0 
78.557 411.0 
78.545 412.0 
78.802 413.0 
78.545 414.0 
78.487 415.0 
78.557 416.0 
78.487 417.0 
78.534 418.0 
78.557 419.0 
78.487 420.0 
78.499 421.0 
78.557 422.0 
78.545 423.0 
78.499 424.0 
78.522 425.0 
78.534 426.0 
78.58 427.0 
78.487 428.0 
78.499 429.0 
78.51 430.0 
78.58 431.0 
78.58 432.0 
78.557 433.0 
78.464 434.0 
78.487 435.0 
78.51 436.0 
78.51 437.0 
78.487 438.0 
78.417 439.0 
78.464 440.0 
78.534 441.0 
78.464 442.0 
78.51 443.0 
78.464 444.0 
78.464 445.0 
78.44 446.0 
78.604 447.0 
78.58 448.0 
78.802 449.0 
78.534 450.0 
78.522 451.0 
78.499 452.0 
78.464 453.0 
78.452 454.0 
78.569 455.0 
78.359 456.0 
78.499 457.0 
78.464 458.0 
78.534 459.0 
78.545 460.0 
78.534 461.0 
78.487 462.0 
78.58 463.0 
78.464 464.0 
78.487 465.0 
78.569 466.0 
78.522 467.0 
78.475 468.0 
78.51 469.0 
78.475 470.0 
78.452 471.0 
78.475 472.0 
78.37 473.0 
78.51 474.0 
78.592 475.0 
78.499 476.0 
78.429 477.0 
78.51 478.0 
78.405 479.0 
78.499 480.0 
78.58 481.0 
78.499 482.0 
78.534 483.0 
78.464 484.0 
78.51 485.0 
78.429 486.0 
78.44 487.0 
78.545 488.0 
78.499 489.0 
78.51 490.0 
78.557 491.0 
78.51 492.0 
78.475 493.0 
78.557 494.0 
78.429 495.0 
78.499 496.0 
78.51 497.0 
78.534 498.0 
78.405 499.0 
78.452 500.0 
78.51 501.0 
78.545 502.0 
78.394 503.0 
78.405 504.0 
78.464 505.0 
78.475 506.0 
78.405 507.0 
78.487 508.0 
78.335 509.0 
78.382 510.0 
78.429 511.0 
78.475 512.0 
78.475 513.0 
78.51 514.0 
78.721 515.0 
78.417 516.0 
78.884 517.0 
78.37 518.0 
78.382 519.0 
78.394 520.0 
78.405 521.0 
78.394 522.0 
78.382 523.0 
78.382 524.0 
78.37 525.0 
78.359 526.0 
78.347 527.0 
78.323 528.0 
78.347 529.0 
78.323 530.0 
78.312 531.0 
78.44 532.0 
78.674 533.0 
78.382 534.0 
78.359 535.0 
78.347 536.0 
78.288 537.0 
78.183 538.0 
78.207 539.0 
78.16 540.0 
78.288 541.0 
78.207 542.0 
78.207 543.0 
78.172 544.0 
78.113 545.0 
78.102 546.0 
78.195 547.0 
78.102 548.0 
78.137 549.0 
78.078 550.0 
78.043 551.0 
78.137 552.0 
78.09 553.0 
78.067 554.0 
78.067 555.0 
78.172 556.0 
78.078 557.0 
78.043 558.0 
77.728 559.0 
78.137 560.0 
78.067 561.0 
78.043 562.0 
78.113 563.0 
78.043 564.0 
77.973 565.0 
78.102 566.0 
78.125 567.0 
77.996 568.0 
78.078 569.0 
78.043 570.0 
78.16 571.0 
78.09 572.0 
77.996 573.0 
78.078 574.0 
78.02 575.0 
78.44 576.0 
78.067 577.0 
78.067 578.0 
78.125 579.0 
78.09 580.0 
78.148 581.0 
78.09 582.0 
78.172 583.0 
78.113 584.0 
77.856 585.0 
78.125 586.0 
78.067 587.0 
78.137 588.0 
78.043 589.0 
78.137 590.0 
78.078 591.0 
78.125 592.0 
78.055 593.0 
78.113 594.0 
78.067 595.0 
78.113 596.0 
78.055 597.0 
78.055 598.0 
78.043 599.0 
78.113 600.0 
78.207 601.0 
78.09 602.0 
78.183 603.0 
78.09 604.0 
78.148 605.0 
78.043 606.0 
78.113 607.0 
78.008 608.0 
78.102 609.0 
78.183 610.0 
78.055 611.0 
78.172 612.0 
78.055 613.0 
78.125 614.0 
78.031 615.0 
78.078 616.0 
78.183 617.0 
78.043 618.0 
78.125 619.0 
77.833 620.0 
78.067 621.0 
78.113 622.0 
77.996 623.0 
78.078 624.0 
78.16 625.0 
78.043 626.0 
78.102 627.0 
78.172 628.0 
78.09 629.0 
78.125 630.0 
78.195 631.0 
78.055 632.0 
78.148 633.0 
78.405 634.0 
78.067 635.0 
78.125 636.0 
78.195 637.0 
78.078 638.0 
78.125 639.0 
78.16 640.0 
78.02 641.0 
78.078 642.0 
78.137 643.0 
77.985 644.0 
78.031 645.0 
78.102 646.0 
78.183 647.0 
78.043 648.0 
78.102 649.0 
78.183 650.0 
78.008 651.0 
77.961 652.0 
78.102 653.0 
78.137 654.0 
78.043 655.0 
78.09 656.0 
78.09 657.0 
78.183 658.0 
78.067 659.0 
78.102 660.0 
78.137 661.0 
78.148 662.0 
78.067 663.0 
78.09 664.0 
78.148 665.0 
78.172 666.0 
78.043 667.0 
78.125 668.0 
78.137 669.0 
78.183 670.0 
78.008 671.0 
78.043 672.0 
78.113 673.0 
78.137 674.0 
78.113 675.0 
78.031 676.0 
78.043 677.0 
78.078 678.0 
78.137 679.0 
78.172 680.0 
78.02 681.0 
78.102 682.0 
78.078 683.0 
78.137 684.0 
78.102 685.0 
78.195 686.0 
77.961 687.0 
78.055 688.0 
78.113 689.0 
78.137 690.0 
78.16 691.0 
78.195 692.0 
78.031 693.0 
78.043 694.0 
78.09 695.0 
78.137 696.0 
78.078 697.0 
78.137 698.0 
77.961 699.0 
78.008 700.0 
78.055 701.0 
78.09 702.0 
78.09 703.0 
78.125 704.0 
78.125 705.0 
78.183 706.0 
78.008 707.0 
78.031 708.0 
78.067 709.0 
78.031 710.0 
78.078 711.0 
78.137 712.0 
78.102 713.0 
78.148 714.0 
77.973 715.0 
78.055 716.0 
77.961 717.0 
78.043 718.0 
78.067 719.0 
78.067 720.0 
78.125 721.0 
78.113 722.0 
78.16 723.0 
78.137 724.0 
78.16 725.0 
77.996 726.0 
78.008 727.0 
78.067 728.0 
78.067 729.0 
78.043 730.0 
78.055 731.0 
78.09 732.0 
78.113 733.0 
78.113 734.0 
78.137 735.0 
78.148 736.0 
78.172 737.0 
78.125 738.0 
77.973 739.0 
77.996 740.0 
78.008 741.0 
78.008 742.0 
77.996 743.0 
77.985 744.0 
78.008 745.0 
78.043 746.0 
78.055 747.0 
78.043 748.0 
78.02 749.0 
78.043 750.0 
78.102 751.0 
78.067 752.0 
78.067 753.0 
78.067 754.0 
78.102 755.0 
78.078 756.0 
78.09 757.0 
78.102 758.0 
78.09 759.0 
78.113 760.0 
78.102 761.0 
78.113 762.0 
78.113 763.0 
78.148 764.0 
78.137 765.0 
78.125 766.0 
78.113 767.0 
78.137 768.0 
78.113 769.0 
78.113 770.0 
78.125 771.0 
78.148 772.0 
78.137 773.0 
78.113 774.0 
78.102 775.0 
78.113 776.0 
78.113 777.0 
78.102 778.0 
78.09 779.0 
78.102 780.0 
78.09 781.0 
78.09 782.0 
78.078 783.0 
78.102 784.0 
78.09 785.0 
78.09 786.0 
78.102 787.0 
78.09 788.0 
78.113 789.0 
78.125 790.0 
78.102 791.0 
78.113 792.0 
78.102 793.0 
78.137 794.0 
78.102 795.0 
78.125 796.0 
78.09 797.0 
78.078 798.0 
78.102 799.0 
78.102 800.0 
78.113 801.0 
78.09 802.0 
78.113 803.0 
78.09 804.0 
0.0 805.0 
-0.004 806.0 
0.002 807.0 
-0.001 808.0 
0.0 809.0 
-0.004 810.0 
0.004 811.0 
-0.004 812.0 
-0.007 813.0 
-0.011 814.0 
-0.006 815.0 
-0.006 816.0 
-0.008 817.0 
-0.014 818.0 
-0.016 819.0 
-0.008 820.0 
-0.008 821.0 
-0.014 822.0 
-0.022 823.0 
-0.004 824.0 
-0.008 825.0 
-0.018 826.0 
-0.022 827.0 
-0.014 828.0 
-0.016 829.0 
