-0.041 257.0 
-0.037 258.0 
-0.029 259.0 
-0.028 260.0 
-0.034 261.0 
-0.026 262.0 
-0.032 263.0 
-0.06 264.0 
-0.028 265.0 
-0.044 266.0 
-0.048 267.0 
-0.025 268.0 
-0.043 269.0 
-0.04 270.0 
-0.047 271.0 
-0.032 272.0 
-0.052 273.0 
-0.036 274.0 
143.262 275.0 
140.821 276.0 
139.828 277.0 
138.509 278.0 
136.99 279.0 
134.923 280.0 
133.253 281.0 
130.963 282.0 
128.172 283.0 
127.121 284.0 
126.817 285.0 
126.56 286.0 
126.385 287.0 
126.21 288.0 
125.965 289.0 
125.404 290.0 
125.311 291.0 
125.159 292.0 
124.984 293.0 
124.715 294.0 
124.423 295.0 
124.306 296.0 
124.248 297.0 
123.769 298.0 
123.617 299.0 
123.453 300.0 
123.045 301.0 
123.056 302.0 
122.578 303.0 
122.542 304.0 
122.531 305.0 
121.947 306.0 
120.931 307.0 
118.875 308.0 
116.434 309.0 
113.059 310.0 
109.73 311.0 
105.677 312.0 
101.753 313.0 
97.373 314.0 
93.122 315.0 
88.543 316.0 
84.56 317.0 
81.255 318.0 
81.092 319.0 
80.835 320.0 
80.671 321.0 
80.683 322.0 
80.554 323.0 
80.589 324.0 
80.519 325.0 
80.461 326.0 
80.578 327.0 
80.473 328.0 
80.624 329.0 
80.578 330.0 
80.508 331.0 
80.8 332.0 
80.578 333.0 
80.496 334.0 
80.473 335.0 
80.566 336.0 
80.589 337.0 
80.484 338.0 
80.613 339.0 
80.508 340.0 
80.484 341.0 
80.484 342.0 
80.554 343.0 
80.519 344.0 
80.484 345.0 
80.484 346.0 
80.461 347.0 
80.426 348.0 
80.578 349.0 
80.543 350.0 
80.484 351.0 
80.554 352.0 
80.519 353.0 
80.437 354.0 
80.449 355.0 
80.554 356.0 
80.578 357.0 
80.531 358.0 
80.589 359.0 
80.508 360.0 
80.543 361.0 
80.496 362.0 
80.531 363.0 
80.461 364.0 
80.461 365.0 
80.496 366.0 
80.543 367.0 
80.473 368.0 
80.484 369.0 
80.496 370.0 
80.508 371.0 
80.566 372.0 
80.531 373.0 
80.543 374.0 
80.578 375.0 
80.729 376.0 
80.449 377.0 
80.484 378.0 
80.496 379.0 
80.484 380.0 
80.484 381.0 
80.613 382.0 
80.508 383.0 
80.484 384.0 
80.461 385.0 
80.578 386.0 
80.484 387.0 
80.461 388.0 
80.531 389.0 
80.554 390.0 
80.554 391.0 
80.484 392.0 
80.566 393.0 
80.461 394.0 
80.519 395.0 
80.554 396.0 
80.473 397.0 
80.543 398.0 
80.449 399.0 
80.473 400.0 
80.578 401.0 
80.508 402.0 
80.578 403.0 
80.519 404.0 
80.473 405.0 
80.449 406.0 
80.496 407.0 
80.449 408.0 
80.531 409.0 
80.414 410.0 
80.531 411.0 
80.554 412.0 
80.998 413.0 
80.543 414.0 
80.473 415.0 
80.519 416.0 
80.437 417.0 
80.589 418.0 
80.519 419.0 
80.461 420.0 
80.508 421.0 
80.508 422.0 
80.543 423.0 
80.473 424.0 
80.484 425.0 
80.531 426.0 
80.566 427.0 
80.484 428.0 
80.508 429.0 
80.449 430.0 
80.554 431.0 
80.531 432.0 
80.554 433.0 
80.473 434.0 
80.484 435.0 
80.484 436.0 
80.531 437.0 
80.426 438.0 
80.426 439.0 
80.484 440.0 
80.461 441.0 
80.449 442.0 
80.496 443.0 
80.437 444.0 
80.449 445.0 
80.437 446.0 
80.554 447.0 
80.543 448.0 
80.531 449.0 
80.811 450.0 
80.519 451.0 
80.473 452.0 
80.461 453.0 
80.449 454.0 
80.531 455.0 
80.496 456.0 
80.449 457.0 
80.461 458.0 
80.531 459.0 
80.543 460.0 
80.484 461.0 
80.437 462.0 
80.566 463.0 
80.484 464.0 
80.508 465.0 
80.578 466.0 
80.531 467.0 
80.449 468.0 
80.531 469.0 
80.461 470.0 
80.496 471.0 
80.484 472.0 
80.578 473.0 
80.508 474.0 
80.554 475.0 
80.508 476.0 
80.437 477.0 
80.496 478.0 
80.402 479.0 
80.484 480.0 
80.566 481.0 
80.473 482.0 
80.531 483.0 
80.449 484.0 
80.508 485.0 
80.449 486.0 
80.473 487.0 
80.543 488.0 
80.437 489.0 
80.484 490.0 
80.554 491.0 
80.531 492.0 
80.519 493.0 
80.543 494.0 
80.449 495.0 
80.379 496.0 
80.496 497.0 
80.519 498.0 
80.414 499.0 
80.414 500.0 
80.473 501.0 
80.508 502.0 
80.391 503.0 
80.391 504.0 
80.437 505.0 
80.473 506.0 
80.414 507.0 
80.601 508.0 
80.414 509.0 
80.402 510.0 
80.414 511.0 
80.484 512.0 
80.484 513.0 
80.519 514.0 
80.461 515.0 
80.496 516.0 
80.508 517.0 
80.356 518.0 
80.332 519.0 
80.332 520.0 
80.367 521.0 
80.367 522.0 
80.367 523.0 
80.321 524.0 
80.344 525.0 
80.332 526.0 
80.321 527.0 
80.216 528.0 
80.251 529.0 
80.204 530.0 
80.216 531.0 
80.379 532.0 
80.332 533.0 
80.239 534.0 
80.262 535.0 
80.181 536.0 
80.122 537.0 
80.075 538.0 
80.005 539.0 
79.982 540.0 
80.122 541.0 
79.97 542.0 
79.959 543.0 
79.924 544.0 
79.889 545.0 
79.854 546.0 
79.97 547.0 
79.889 548.0 
79.865 549.0 
79.807 550.0 
79.725 551.0 
79.854 552.0 
79.795 553.0 
79.737 554.0 
79.737 555.0 
79.865 556.0 
79.795 557.0 
79.713 558.0 
79.433 559.0 
79.818 560.0 
79.76 561.0 
79.667 562.0 
79.807 563.0 
79.76 564.0 
79.655 565.0 
79.818 566.0 
79.83 567.0 
79.713 568.0 
79.807 569.0 
79.737 570.0 
79.854 571.0 
79.76 572.0 
79.713 573.0 
79.772 574.0 
79.737 575.0 
79.818 576.0 
79.737 577.0 
79.748 578.0 
79.865 579.0 
79.795 580.0 
79.865 581.0 
79.783 582.0 
79.83 583.0 
79.807 584.0 
79.889 585.0 
79.807 586.0 
79.748 587.0 
79.842 588.0 
79.737 589.0 
79.83 590.0 
79.725 591.0 
79.818 592.0 
79.772 593.0 
79.807 594.0 
79.76 595.0 
79.783 596.0 
79.737 597.0 
79.842 598.0 
79.713 599.0 
79.783 600.0 
79.9 601.0 
79.772 602.0 
79.889 603.0 
79.783 604.0 
79.865 605.0 
79.76 606.0 
79.818 607.0 
79.737 608.0 
79.795 609.0 
79.877 610.0 
79.795 611.0 
79.854 612.0 
79.783 613.0 
79.83 614.0 
79.725 615.0 
79.783 616.0 
79.889 617.0 
79.725 618.0 
79.807 619.0 
79.433 620.0 
79.772 621.0 
79.83 622.0 
79.737 623.0 
79.76 624.0 
79.877 625.0 
79.748 626.0 
79.807 627.0 
79.865 628.0 
79.748 629.0 
79.807 630.0 
79.889 631.0 
79.737 632.0 
79.818 633.0 
79.912 634.0 
79.76 635.0 
79.842 636.0 
79.854 637.0 
79.772 638.0 
79.783 639.0 
79.865 640.0 
79.737 641.0 
79.772 642.0 
79.854 643.0 
79.69 644.0 
79.783 645.0 
79.818 646.0 
79.889 647.0 
79.737 648.0 
79.772 649.0 
79.842 650.0 
79.69 651.0 
79.76 652.0 
79.818 653.0 
79.83 654.0 
79.725 655.0 
79.783 656.0 
79.76 657.0 
79.854 658.0 
79.748 659.0 
79.83 660.0 
79.83 661.0 
79.9 662.0 
79.713 663.0 
79.772 664.0 
79.807 665.0 
79.9 666.0 
79.737 667.0 
79.783 668.0 
79.83 669.0 
79.889 670.0 
79.76 671.0 
79.725 672.0 
79.795 673.0 
79.818 674.0 
79.865 675.0 
79.737 676.0 
79.713 677.0 
79.795 678.0 
79.807 679.0 
79.889 680.0 
79.69 681.0 
79.772 682.0 
79.795 683.0 
79.83 684.0 
79.877 685.0 
79.877 686.0 
79.725 687.0 
79.76 688.0 
79.795 689.0 
79.818 690.0 
79.865 691.0 
79.877 692.0 
79.772 693.0 
79.76 694.0 
79.76 695.0 
79.807 696.0 
79.818 697.0 
79.795 698.0 
79.55 699.0 
79.725 700.0 
79.737 701.0 
79.76 702.0 
79.772 703.0 
79.772 704.0 
79.877 705.0 
79.889 706.0 
79.713 707.0 
79.772 708.0 
79.783 709.0 
79.76 710.0 
79.807 711.0 
79.783 712.0 
79.865 713.0 
79.889 714.0 
79.912 715.0 
79.713 716.0 
79.737 717.0 
79.737 718.0 
79.783 719.0 
79.795 720.0 
79.818 721.0 
79.83 722.0 
79.795 723.0 
79.842 724.0 
79.877 725.0 
79.69 726.0 
79.725 727.0 
79.737 728.0 
79.748 729.0 
79.76 730.0 
79.795 731.0 
79.795 732.0 
79.818 733.0 
79.83 734.0 
79.842 735.0 
79.83 736.0 
79.877 737.0 
79.9 738.0 
79.515 739.0 
79.667 740.0 
79.702 741.0 
79.713 742.0 
79.713 743.0 
79.737 744.0 
79.69 745.0 
79.725 746.0 
79.748 747.0 
79.783 748.0 
79.76 749.0 
79.737 750.0 
79.795 751.0 
79.748 752.0 
79.783 753.0 
79.783 754.0 
79.783 755.0 
79.772 756.0 
79.795 757.0 
79.783 758.0 
79.795 759.0 
79.795 760.0 
79.795 761.0 
79.795 762.0 
79.772 763.0 
79.807 764.0 
79.807 765.0 
79.818 766.0 
79.783 767.0 
79.818 768.0 
79.83 769.0 
79.807 770.0 
79.795 771.0 
79.807 772.0 
79.818 773.0 
79.83 774.0 
79.807 775.0 
79.772 776.0 
79.807 777.0 
79.795 778.0 
79.807 779.0 
79.795 780.0 
79.818 781.0 
79.783 782.0 
79.76 783.0 
79.807 784.0 
79.795 785.0 
79.783 786.0 
79.807 787.0 
79.807 788.0 
79.795 789.0 
79.807 790.0 
79.783 791.0 
79.795 792.0 
79.807 793.0 
79.807 794.0 
79.795 795.0 
79.807 796.0 
79.772 797.0 
79.807 798.0 
79.795 799.0 
79.807 800.0 
79.818 801.0 
79.795 802.0 
79.807 803.0 
79.807 804.0 
0.004 805.0 
0.005 806.0 
0.005 807.0 
0.0 808.0 
0.002 809.0 
-0.006 810.0 
-0.008 811.0 
-0.016 812.0 
-0.022 813.0 
-0.025 814.0 
-0.04 815.0 
-0.035 816.0 
-0.035 817.0 
-0.043 818.0 
-0.047 819.0 
-0.059 820.0 
-0.058 821.0 
-0.053 822.0 
-0.041 823.0 
-0.055 824.0 
-0.046 825.0 
-0.044 826.0 
-0.037 827.0 
-0.034 828.0 
-0.026 829.0 
