-0.048 257.0 
-0.049 258.0 
-0.044 259.0 
-0.019 260.0 
-0.037 261.0 
-0.056 262.0 
-0.036 263.0 
-0.023 264.0 
-0.035 265.0 
-0.036 266.0 
-0.056 267.0 
-0.042 268.0 
-0.041 269.0 
-0.052 270.0 
-0.038 271.0 
-0.042 272.0 
-0.03 273.0 
-0.036 274.0 
141.136 275.0 
138.614 276.0 
137.446 277.0 
135.974 278.0 
134.234 279.0 
132.248 280.0 
130.45 281.0 
128.149 282.0 
124.773 283.0 
123.442 284.0 
123.126 285.0 
122.834 286.0 
122.718 287.0 
122.531 288.0 
122.309 289.0 
121.713 290.0 
121.596 291.0 
121.421 292.0 
121.246 293.0 
121.199 294.0 
120.685 295.0 
120.58 296.0 
120.487 297.0 
120.043 298.0 
119.891 299.0 
119.821 300.0 
119.307 301.0 
119.249 302.0 
118.735 303.0 
118.677 304.0 
118.571 305.0 
117.987 306.0 
116.866 307.0 
114.834 308.0 
112.37 309.0 
108.982 310.0 
105.712 311.0 
101.613 312.0 
97.852 313.0 
93.565 314.0 
89.478 315.0 
85.261 316.0 
81.302 317.0 
78.137 318.0 
77.996 319.0 
77.81 320.0 
77.623 321.0 
77.658 322.0 
77.541 323.0 
77.576 324.0 
77.518 325.0 
77.471 326.0 
77.518 327.0 
77.471 328.0 
77.611 329.0 
77.564 330.0 
77.483 331.0 
77.728 332.0 
77.588 333.0 
77.494 334.0 
77.529 335.0 
77.564 336.0 
77.564 337.0 
77.459 338.0 
77.646 339.0 
77.564 340.0 
77.494 341.0 
77.494 342.0 
77.331 343.0 
77.506 344.0 
77.471 345.0 
77.483 346.0 
77.424 347.0 
77.506 348.0 
77.553 349.0 
77.541 350.0 
77.471 351.0 
77.483 352.0 
77.506 353.0 
77.459 354.0 
77.448 355.0 
77.494 356.0 
77.588 357.0 
77.529 358.0 
77.599 359.0 
77.529 360.0 
77.541 361.0 
77.459 362.0 
77.506 363.0 
77.483 364.0 
77.471 365.0 
77.483 366.0 
77.506 367.0 
77.471 368.0 
77.448 369.0 
77.494 370.0 
77.518 371.0 
77.529 372.0 
77.599 373.0 
77.541 374.0 
77.576 375.0 
77.856 376.0 
77.412 377.0 
77.494 378.0 
77.506 379.0 
77.506 380.0 
77.506 381.0 
77.588 382.0 
77.471 383.0 
77.494 384.0 
77.459 385.0 
77.553 386.0 
77.412 387.0 
77.459 388.0 
77.494 389.0 
77.494 390.0 
77.494 391.0 
77.494 392.0 
77.564 393.0 
77.459 394.0 
77.506 395.0 
77.599 396.0 
77.448 397.0 
77.553 398.0 
77.448 399.0 
77.506 400.0 
77.588 401.0 
77.506 402.0 
77.564 403.0 
77.529 404.0 
77.483 405.0 
77.436 406.0 
77.506 407.0 
77.459 408.0 
77.506 409.0 
77.412 410.0 
77.448 411.0 
77.529 412.0 
77.996 413.0 
77.553 414.0 
77.483 415.0 
77.541 416.0 
77.459 417.0 
77.599 418.0 
77.506 419.0 
77.459 420.0 
77.494 421.0 
77.471 422.0 
77.506 423.0 
77.459 424.0 
77.471 425.0 
77.506 426.0 
77.518 427.0 
77.471 428.0 
77.448 429.0 
77.448 430.0 
77.518 431.0 
77.506 432.0 
77.529 433.0 
77.424 434.0 
77.436 435.0 
77.471 436.0 
77.529 437.0 
77.459 438.0 
77.412 439.0 
77.494 440.0 
77.459 441.0 
77.483 442.0 
77.436 443.0 
77.459 444.0 
77.436 445.0 
77.424 446.0 
77.553 447.0 
77.553 448.0 
77.494 449.0 
77.81 450.0 
77.448 451.0 
77.471 452.0 
77.459 453.0 
77.436 454.0 
77.541 455.0 
77.331 456.0 
77.459 457.0 
77.436 458.0 
77.553 459.0 
77.553 460.0 
77.483 461.0 
77.424 462.0 
77.553 463.0 
77.506 464.0 
77.471 465.0 
77.541 466.0 
77.494 467.0 
77.459 468.0 
77.518 469.0 
77.448 470.0 
77.448 471.0 
77.471 472.0 
77.389 473.0 
77.494 474.0 
77.553 475.0 
77.506 476.0 
77.424 477.0 
77.471 478.0 
77.412 479.0 
77.506 480.0 
77.564 481.0 
77.471 482.0 
77.529 483.0 
77.483 484.0 
77.494 485.0 
77.436 486.0 
77.448 487.0 
77.541 488.0 
77.448 489.0 
77.459 490.0 
77.506 491.0 
77.471 492.0 
77.494 493.0 
77.518 494.0 
77.436 495.0 
77.436 496.0 
77.494 497.0 
77.518 498.0 
77.424 499.0 
77.448 500.0 
77.506 501.0 
77.494 502.0 
77.377 503.0 
77.436 504.0 
77.483 505.0 
77.448 506.0 
77.354 507.0 
77.599 508.0 
77.377 509.0 
77.401 510.0 
77.412 511.0 
77.471 512.0 
77.471 513.0 
77.483 514.0 
77.529 515.0 
77.518 516.0 
77.506 517.0 
77.284 518.0 
77.342 519.0 
77.389 520.0 
77.354 521.0 
77.354 522.0 
77.342 523.0 
77.342 524.0 
77.354 525.0 
77.331 526.0 
77.319 527.0 
77.202 528.0 
77.284 529.0 
77.261 530.0 
77.249 531.0 
77.389 532.0 
77.342 533.0 
77.307 534.0 
77.261 535.0 
77.249 536.0 
77.214 537.0 
77.132 538.0 
77.12 539.0 
77.039 540.0 
77.179 541.0 
77.085 542.0 
77.074 543.0 
77.027 544.0 
76.98 545.0 
76.91 546.0 
77.027 547.0 
77.004 548.0 
76.969 549.0 
76.899 550.0 
76.793 551.0 
76.945 552.0 
76.91 553.0 
76.852 554.0 
76.84 555.0 
76.945 556.0 
76.887 557.0 
76.887 558.0 
76.56 559.0 
76.899 560.0 
76.864 561.0 
76.782 562.0 
76.922 563.0 
76.899 564.0 
76.723 565.0 
76.91 566.0 
76.992 567.0 
76.793 568.0 
76.91 569.0 
76.817 570.0 
76.945 571.0 
76.875 572.0 
76.817 573.0 
76.852 574.0 
76.828 575.0 
76.91 576.0 
76.84 577.0 
76.84 578.0 
76.945 579.0 
76.945 580.0 
76.957 581.0 
76.945 582.0 
76.969 583.0 
76.922 584.0 
77.027 585.0 
76.91 586.0 
76.84 587.0 
76.91 588.0 
76.852 589.0 
76.922 590.0 
76.852 591.0 
76.91 592.0 
76.852 593.0 
76.875 594.0 
76.864 595.0 
76.91 596.0 
76.852 597.0 
76.922 598.0 
76.875 599.0 
76.922 600.0 
77.004 601.0 
76.887 602.0 
76.957 603.0 
76.887 604.0 
76.98 605.0 
76.852 606.0 
76.899 607.0 
76.817 608.0 
76.887 609.0 
76.957 610.0 
76.864 611.0 
76.957 612.0 
76.887 613.0 
76.899 614.0 
76.828 615.0 
76.899 616.0 
76.98 617.0 
76.875 618.0 
76.91 619.0 
76.513 620.0 
76.91 621.0 
76.945 622.0 
76.805 623.0 
76.899 624.0 
76.957 625.0 
76.828 626.0 
76.922 627.0 
76.969 628.0 
76.84 629.0 
76.899 630.0 
77.004 631.0 
76.782 632.0 
76.945 633.0 
76.98 634.0 
76.887 635.0 
76.945 636.0 
76.992 637.0 
76.864 638.0 
76.91 639.0 
76.957 640.0 
76.864 641.0 
76.899 642.0 
76.945 643.0 
76.817 644.0 
76.864 645.0 
76.91 646.0 
76.945 647.0 
76.852 648.0 
76.864 649.0 
76.922 650.0 
76.793 651.0 
76.864 652.0 
76.91 653.0 
76.969 654.0 
76.828 655.0 
76.875 656.0 
76.887 657.0 
76.934 658.0 
76.875 659.0 
76.899 660.0 
76.945 661.0 
77.004 662.0 
76.758 663.0 
76.899 664.0 
76.934 665.0 
76.98 666.0 
76.852 667.0 
76.91 668.0 
76.922 669.0 
76.957 670.0 
76.828 671.0 
76.864 672.0 
76.91 673.0 
76.922 674.0 
76.992 675.0 
76.828 676.0 
76.887 677.0 
76.887 678.0 
76.922 679.0 
76.98 680.0 
76.84 681.0 
76.828 682.0 
76.887 683.0 
76.934 684.0 
76.934 685.0 
77.015 686.0 
76.828 687.0 
76.864 688.0 
76.922 689.0 
76.91 690.0 
76.969 691.0 
77.004 692.0 
76.828 693.0 
76.875 694.0 
76.887 695.0 
76.922 696.0 
76.922 697.0 
76.934 698.0 
76.618 699.0 
76.84 700.0 
76.875 701.0 
76.875 702.0 
76.887 703.0 
76.922 704.0 
77.004 705.0 
76.957 706.0 
76.793 707.0 
76.84 708.0 
76.84 709.0 
76.852 710.0 
76.91 711.0 
76.934 712.0 
76.957 713.0 
76.969 714.0 
77.015 715.0 
76.805 716.0 
76.817 717.0 
76.84 718.0 
76.91 719.0 
76.91 720.0 
76.934 721.0 
76.922 722.0 
76.934 723.0 
76.969 724.0 
76.969 725.0 
76.828 726.0 
76.828 727.0 
76.828 728.0 
76.864 729.0 
76.864 730.0 
76.875 731.0 
76.899 732.0 
76.91 733.0 
76.934 734.0 
76.957 735.0 
76.945 736.0 
76.98 737.0 
76.992 738.0 
76.723 739.0 
76.805 740.0 
76.793 741.0 
76.817 742.0 
76.805 743.0 
76.852 744.0 
76.817 745.0 
76.864 746.0 
76.84 747.0 
76.875 748.0 
76.864 749.0 
76.864 750.0 
76.817 751.0 
76.864 752.0 
76.887 753.0 
76.887 754.0 
76.887 755.0 
76.875 756.0 
76.84 757.0 
76.922 758.0 
76.899 759.0 
76.934 760.0 
76.887 761.0 
76.91 762.0 
76.887 763.0 
76.922 764.0 
76.91 765.0 
76.922 766.0 
76.899 767.0 
76.934 768.0 
76.922 769.0 
76.91 770.0 
76.922 771.0 
76.875 772.0 
76.899 773.0 
76.899 774.0 
76.922 775.0 
76.922 776.0 
76.899 777.0 
76.91 778.0 
76.91 779.0 
76.922 780.0 
76.887 781.0 
76.91 782.0 
76.91 783.0 
76.899 784.0 
76.899 785.0 
76.899 786.0 
76.922 787.0 
76.922 788.0 
76.91 789.0 
76.91 790.0 
76.899 791.0 
76.91 792.0 
76.91 793.0 
76.922 794.0 
76.91 795.0 
76.922 796.0 
76.887 797.0 
76.922 798.0 
76.934 799.0 
76.899 800.0 
76.899 801.0 
76.91 802.0 
76.91 803.0 
76.91 804.0 
0.01 805.0 
0.0 806.0 
0.0 807.0 
0.0 808.0 
-0.005 809.0 
-0.01 810.0 
-0.014 811.0 
-0.013 812.0 
-0.023 813.0 
-0.032 814.0 
-0.031 815.0 
-0.049 816.0 
-0.056 817.0 
-0.052 818.0 
-0.055 819.0 
-0.052 820.0 
-0.06 821.0 
-0.058 822.0 
-0.056 823.0 
-0.054 824.0 
-0.048 825.0 
-0.048 826.0 
-0.041 827.0 
-0.043 828.0 
-0.029 829.0 
