-0.029 257.0 
-0.037 258.0 
-0.035 259.0 
-0.028 260.0 
-0.013 261.0 
-0.024 262.0 
-0.036 263.0 
-0.024 264.0 
0.01 265.0 
-0.005 266.0 
-0.022 267.0 
-0.034 268.0 
-0.001 269.0 
-0.006 270.0 
0.001 271.0 
-0.035 272.0 
-0.019 273.0 
-0.032 274.0 
266.33 275.0 
262.733 276.0 
260.992 277.0 
258.671 278.0 
256.93 279.0 
254.841 280.0 
252.868 281.0 
253.333 282.0 
249.271 283.0 
248.807 284.0 
248.343 285.0 
247.878 286.0 
247.878 287.0 
247.298 288.0 
247.298 289.0 
249.619 290.0 
246.486 291.0 
246.254 292.0 
246.138 293.0 
246.254 294.0 
245.325 295.0 
245.441 296.0 
245.325 297.0 
244.977 298.0 
244.861 299.0 
245.325 300.0 
244.397 301.0 
244.513 302.0 
244.049 303.0 
244.281 304.0 
248.343 305.0 
243.817 306.0 
244.281 307.0 
244.049 308.0 
243.933 309.0 
243.469 310.0 
243.933 311.0 
243.469 312.0 
243.469 313.0 
243.004 314.0 
243.353 315.0 
243.353 316.0 
243.585 317.0 
242.888 318.0 
243.585 319.0 
242.888 320.0 
241.264 321.0 
243.236 322.0 
243.004 323.0 
243.353 324.0 
243.12 325.0 
243.585 326.0 
243.701 327.0 
243.236 328.0 
248.691 329.0 
243.236 330.0 
243.12 331.0 
245.906 332.0 
243.12 333.0 
243.004 334.0 
243.585 335.0 
243.469 336.0 
243.004 337.0 
243.004 338.0 
245.674 339.0 
242.656 340.0 
243.12 341.0 
243.004 342.0 
240.567 343.0 
243.12 344.0 
243.12 345.0 
243.236 346.0 
242.888 347.0 
242.308 348.0 
243.004 349.0 
243.353 350.0 
242.888 351.0 
243.12 352.0 
242.308 353.0 
242.192 354.0 
240.335 355.0 
243.004 356.0 
243.236 357.0 
242.888 358.0 
243.236 359.0 
242.888 360.0 
243.12 361.0 
243.12 362.0 
243.236 363.0 
243.004 364.0 
243.12 365.0 
242.888 366.0 
243.236 367.0 
243.12 368.0 
243.12 369.0 
243.12 370.0 
243.585 371.0 
243.004 372.0 
243.004 373.0 
243.12 374.0 
243.469 375.0 
244.281 376.0 
242.656 377.0 
242.888 378.0 
243.12 379.0 
242.772 380.0 
242.888 381.0 
243.236 382.0 
242.656 383.0 
243.12 384.0 
243.353 385.0 
243.353 386.0 
242.076 387.0 
243.353 388.0 
243.004 389.0 
243.469 390.0 
243.353 391.0 
242.888 392.0 
243.12 393.0 
242.772 394.0 
243.12 395.0 
243.236 396.0 
242.54 397.0 
243.004 398.0 
241.96 399.0 
242.772 400.0 
243.353 401.0 
243.004 402.0 
243.469 403.0 
243.353 404.0 
243.12 405.0 
243.12 406.0 
243.004 407.0 
242.888 408.0 
242.888 409.0 
243.12 410.0 
243.353 411.0 
243.353 412.0 
243.469 413.0 
243.236 414.0 
242.888 415.0 
243.004 416.0 
242.888 417.0 
242.888 418.0 
243.004 419.0 
242.772 420.0 
242.656 421.0 
243.004 422.0 
243.469 423.0 
243.004 424.0 
243.004 425.0 
243.12 426.0 
242.888 427.0 
243.004 428.0 
242.656 429.0 
242.888 430.0 
243.353 431.0 
243.004 432.0 
243.004 433.0 
243.004 434.0 
242.888 435.0 
243.236 436.0 
243.469 437.0 
242.656 438.0 
242.308 439.0 
243.004 440.0 
242.888 441.0 
242.656 442.0 
243.004 443.0 
242.888 444.0 
243.12 445.0 
243.12 446.0 
243.353 447.0 
243.585 448.0 
243.469 449.0 
243.585 450.0 
243.12 451.0 
242.888 452.0 
243.004 453.0 
242.772 454.0 
243.004 455.0 
240.799 456.0 
242.772 457.0 
242.54 458.0 
243.12 459.0 
243.12 460.0 
243.004 461.0 
242.772 462.0 
243.353 463.0 
243.236 464.0 
242.888 465.0 
243.469 466.0 
243.12 467.0 
242.656 468.0 
243.353 469.0 
243.353 470.0 
243.004 471.0 
243.12 472.0 
241.38 473.0 
243.004 474.0 
243.353 475.0 
242.888 476.0 
242.888 477.0 
243.12 478.0 
243.004 479.0 
243.004 480.0 
242.888 481.0 
243.12 482.0 
243.12 483.0 
243.004 484.0 
243.12 485.0 
243.236 486.0 
242.54 487.0 
243.353 488.0 
243.004 489.0 
243.469 490.0 
243.469 491.0 
242.888 492.0 
242.656 493.0 
243.12 494.0 
242.888 495.0 
242.772 496.0 
242.888 497.0 
243.12 498.0 
243.004 499.0 
242.656 500.0 
243.12 501.0 
243.12 502.0 
242.772 503.0 
243.12 504.0 
242.888 505.0 
243.12 506.0 
240.335 507.0 
246.138 508.0 
242.772 509.0 
243.469 510.0 
243.236 511.0 
242.888 512.0 
242.772 513.0 
242.772 514.0 
243.12 515.0 
242.192 516.0 
246.95 517.0 
242.424 518.0 
242.772 519.0 
242.656 520.0 
242.54 521.0 
242.656 522.0 
242.888 523.0 
242.656 524.0 
243.004 525.0 
242.656 526.0 
242.772 527.0 
241.728 528.0 
242.888 529.0 
242.54 530.0 
242.888 531.0 
243.12 532.0 
246.602 533.0 
242.888 534.0 
242.656 535.0 
242.888 536.0 
243.004 537.0 
241.728 538.0 
242.54 539.0 
243.12 540.0 
242.656 541.0 
243.004 542.0 
243.236 543.0 
242.888 544.0 
242.54 545.0 
242.424 546.0 
243.12 547.0 
242.424 548.0 
242.772 549.0 
242.772 550.0 
241.844 551.0 
243.12 552.0 
242.656 553.0 
242.656 554.0 
242.772 555.0 
243.236 556.0 
242.656 557.0 
242.656 558.0 
237.434 559.0 
242.656 560.0 
242.772 561.0 
242.192 562.0 
243.12 563.0 
242.54 564.0 
242.192 565.0 
242.772 566.0 
242.424 567.0 
242.772 568.0 
243.004 569.0 
242.772 570.0 
243.12 571.0 
242.54 572.0 
242.424 573.0 
242.192 574.0 
242.656 575.0 
243.817 576.0 
242.888 577.0 
242.772 578.0 
242.656 579.0 
242.888 580.0 
242.772 581.0 
242.772 582.0 
243.12 583.0 
242.656 584.0 
239.059 585.0 
243.004 586.0 
242.772 587.0 
243.004 588.0 
242.888 589.0 
243.004 590.0 
243.004 591.0 
242.772 592.0 
242.888 593.0 
242.656 594.0 
242.772 595.0 
242.308 596.0 
242.888 597.0 
242.308 598.0 
242.888 599.0 
243.004 600.0 
243.004 601.0 
242.888 602.0 
243.12 603.0 
242.888 604.0 
243.12 605.0 
242.772 606.0 
243.004 607.0 
242.656 608.0 
243.004 609.0 
243.353 610.0 
243.004 611.0 
242.656 612.0 
242.308 613.0 
243.12 614.0 
242.424 615.0 
242.308 616.0 
243.004 617.0 
242.192 618.0 
243.12 619.0 
240.103 620.0 
242.888 621.0 
243.12 622.0 
242.656 623.0 
242.772 624.0 
243.004 625.0 
242.656 626.0 
243.12 627.0 
243.12 628.0 
242.656 629.0 
242.772 630.0 
243.353 631.0 
242.54 632.0 
242.888 633.0 
246.022 634.0 
242.54 635.0 
243.004 636.0 
243.12 637.0 
242.54 638.0 
243.004 639.0 
243.004 640.0 
242.54 641.0 
242.424 642.0 
243.004 643.0 
242.656 644.0 
242.888 645.0 
243.004 646.0 
243.12 647.0 
243.004 648.0 
242.656 649.0 
243.236 650.0 
242.656 651.0 
242.656 652.0 
242.54 653.0 
243.12 654.0 
242.888 655.0 
242.54 656.0 
242.772 657.0 
243.236 658.0 
242.656 659.0 
242.772 660.0 
242.888 661.0 
243.12 662.0 
242.888 663.0 
242.888 664.0 
243.12 665.0 
243.12 666.0 
242.424 667.0 
243.12 668.0 
242.888 669.0 
243.12 670.0 
242.888 671.0 
242.772 672.0 
243.004 673.0 
243.12 674.0 
242.54 675.0 
242.656 676.0 
243.004 677.0 
242.888 678.0 
242.888 679.0 
243.12 680.0 
242.308 681.0 
242.424 682.0 
242.772 683.0 
242.888 684.0 
243.236 685.0 
243.236 686.0 
242.308 687.0 
242.656 688.0 
242.656 689.0 
243.004 690.0 
243.236 691.0 
243.004 692.0 
242.656 693.0 
242.772 694.0 
242.772 695.0 
242.772 696.0 
242.888 697.0 
242.772 698.0 
241.844 699.0 
242.772 700.0 
242.772 701.0 
242.888 702.0 
242.888 703.0 
243.12 704.0 
242.888 705.0 
243.236 706.0 
242.888 707.0 
242.54 708.0 
243.004 709.0 
242.772 710.0 
243.12 711.0 
242.888 712.0 
242.656 713.0 
243.004 714.0 
241.148 715.0 
242.424 716.0 
242.076 717.0 
242.424 718.0 
242.54 719.0 
242.772 720.0 
242.772 721.0 
243.004 722.0 
242.888 723.0 
243.004 724.0 
243.585 725.0 
242.888 726.0 
242.772 727.0 
242.656 728.0 
242.772 729.0 
243.12 730.0 
243.12 731.0 
242.772 732.0 
242.656 733.0 
243.236 734.0 
243.353 735.0 
242.656 736.0 
243.004 737.0 
243.004 738.0 
241.96 739.0 
242.656 740.0 
242.424 741.0 
242.54 742.0 
242.888 743.0 
242.772 744.0 
242.772 745.0 
243.004 746.0 
242.656 747.0 
242.888 748.0 
242.888 749.0 
243.004 750.0 
243.236 751.0 
242.888 752.0 
242.772 753.0 
242.772 754.0 
242.656 755.0 
242.772 756.0 
242.772 757.0 
242.656 758.0 
243.004 759.0 
242.54 760.0 
242.888 761.0 
242.772 762.0 
243.236 763.0 
242.772 764.0 
242.888 765.0 
242.888 766.0 
243.004 767.0 
243.12 768.0 
243.004 769.0 
243.004 770.0 
242.772 771.0 
242.772 772.0 
242.772 773.0 
243.236 774.0 
243.004 775.0 
242.54 776.0 
242.772 777.0 
243.12 778.0 
242.656 779.0 
243.12 780.0 
242.888 781.0 
243.12 782.0 
243.236 783.0 
243.004 784.0 
242.656 785.0 
243.004 786.0 
243.004 787.0 
242.772 788.0 
243.004 789.0 
243.236 790.0 
243.236 791.0 
242.888 792.0 
242.888 793.0 
242.656 794.0 
242.888 795.0 
243.004 796.0 
242.772 797.0 
242.772 798.0 
242.772 799.0 
242.888 800.0 
242.772 801.0 
242.772 802.0 
242.772 803.0 
243.004 804.0 
0.037 805.0 
0.035 806.0 
0.029 807.0 
0.017 808.0 
0.011 809.0 
-0.006 810.0 
-0.023 811.0 
-0.054 812.0 
-0.071 813.0 
-0.086 814.0 
-0.102 815.0 
-0.11 816.0 
-0.123 817.0 
-0.138 818.0 
-0.133 819.0 
-0.139 820.0 
-0.134 821.0 
-0.129 822.0 
-0.117 823.0 
-0.114 824.0 
-0.104 825.0 
-0.093 826.0 
-0.074 827.0 
-0.068 828.0 
-0.052 829.0 
