-0.036 257.0 
-0.032 258.0 
-0.042 259.0 
-0.024 260.0 
-0.032 261.0 
-0.024 262.0 
-0.02 263.0 
-0.037 264.0 
-0.03 265.0 
-0.031 266.0 
-0.041 267.0 
-0.043 268.0 
-0.026 269.0 
-0.044 270.0 
-0.036 271.0 
-0.032 272.0 
-0.038 273.0 
-0.03 274.0 
144.243 275.0 
141.639 276.0 
140.623 277.0 
139.303 278.0 
137.808 279.0 
135.694 280.0 
133.848 281.0 
131.723 282.0 
127.576 283.0 
125.848 284.0 
125.626 285.0 
125.357 286.0 
125.24 287.0 
124.925 288.0 
124.633 289.0 
123.991 290.0 
123.909 291.0 
123.687 292.0 
123.535 293.0 
123.407 294.0 
122.951 295.0 
122.811 296.0 
122.753 297.0 
122.18 298.0 
122.017 299.0 
121.982 300.0 
121.48 301.0 
121.386 302.0 
120.919 303.0 
120.791 304.0 
120.65 305.0 
120.031 306.0 
118.922 307.0 
116.819 308.0 
114.32 309.0 
110.933 310.0 
107.394 311.0 
103.259 312.0 
99.312 313.0 
95.154 314.0 
91.253 315.0 
87.387 316.0 
83.743 317.0 
80.951 318.0 
80.846 319.0 
80.659 320.0 
80.531 321.0 
80.543 322.0 
80.449 323.0 
80.508 324.0 
80.437 325.0 
80.356 326.0 
80.461 327.0 
80.367 328.0 
80.554 329.0 
80.484 330.0 
80.379 331.0 
80.461 332.0 
80.449 333.0 
80.379 334.0 
80.648 335.0 
80.461 336.0 
80.437 337.0 
80.309 338.0 
80.484 339.0 
80.391 340.0 
80.379 341.0 
80.344 342.0 
80.554 343.0 
80.367 344.0 
80.367 345.0 
80.344 346.0 
80.332 347.0 
80.262 348.0 
80.426 349.0 
80.426 350.0 
80.367 351.0 
80.414 352.0 
80.379 353.0 
80.297 354.0 
80.332 355.0 
80.437 356.0 
80.461 357.0 
80.367 358.0 
80.461 359.0 
80.402 360.0 
80.426 361.0 
80.391 362.0 
80.426 363.0 
80.356 364.0 
80.379 365.0 
80.356 366.0 
80.437 367.0 
80.344 368.0 
80.379 369.0 
80.414 370.0 
80.437 371.0 
80.449 372.0 
80.461 373.0 
80.449 374.0 
80.496 375.0 
80.741 376.0 
80.297 377.0 
80.379 378.0 
80.356 379.0 
80.426 380.0 
80.391 381.0 
80.484 382.0 
80.402 383.0 
80.356 384.0 
80.356 385.0 
80.437 386.0 
80.309 387.0 
80.321 388.0 
80.379 389.0 
80.391 390.0 
80.402 391.0 
80.402 392.0 
80.437 393.0 
80.297 394.0 
80.391 395.0 
80.484 396.0 
80.367 397.0 
80.402 398.0 
80.332 399.0 
80.332 400.0 
80.437 401.0 
80.402 402.0 
80.496 403.0 
80.414 404.0 
80.367 405.0 
80.309 406.0 
80.426 407.0 
80.297 408.0 
80.367 409.0 
80.309 410.0 
80.402 411.0 
80.449 412.0 
80.776 413.0 
80.449 414.0 
80.367 415.0 
80.402 416.0 
80.344 417.0 
80.437 418.0 
80.426 419.0 
80.379 420.0 
80.402 421.0 
80.367 422.0 
80.449 423.0 
80.344 424.0 
80.367 425.0 
80.391 426.0 
80.414 427.0 
80.332 428.0 
80.367 429.0 
80.297 430.0 
80.402 431.0 
80.414 432.0 
80.449 433.0 
80.309 434.0 
80.391 435.0 
80.391 436.0 
80.437 437.0 
80.274 438.0 
80.344 439.0 
80.367 440.0 
80.367 441.0 
80.344 442.0 
80.379 443.0 
80.321 444.0 
80.344 445.0 
80.344 446.0 
80.461 447.0 
80.449 448.0 
80.426 449.0 
80.765 450.0 
80.367 451.0 
80.391 452.0 
80.332 453.0 
80.321 454.0 
80.449 455.0 
80.309 456.0 
80.321 457.0 
80.344 458.0 
80.437 459.0 
80.437 460.0 
80.379 461.0 
80.332 462.0 
80.473 463.0 
80.391 464.0 
80.391 465.0 
80.449 466.0 
80.391 467.0 
80.321 468.0 
80.426 469.0 
80.379 470.0 
80.332 471.0 
80.379 472.0 
80.332 473.0 
80.367 474.0 
80.449 475.0 
80.379 476.0 
80.297 477.0 
80.379 478.0 
80.309 479.0 
80.379 480.0 
80.449 481.0 
80.356 482.0 
80.437 483.0 
80.321 484.0 
80.426 485.0 
80.286 486.0 
80.297 487.0 
80.414 488.0 
80.356 489.0 
80.379 490.0 
80.426 491.0 
80.344 492.0 
80.367 493.0 
80.414 494.0 
80.344 495.0 
80.286 496.0 
80.391 497.0 
80.414 498.0 
80.332 499.0 
80.309 500.0 
80.367 501.0 
80.402 502.0 
80.262 503.0 
80.286 504.0 
80.321 505.0 
80.356 506.0 
80.286 507.0 
80.391 508.0 
80.251 509.0 
80.297 510.0 
80.344 511.0 
80.332 512.0 
80.344 513.0 
80.344 514.0 
80.379 515.0 
80.414 516.0 
80.391 517.0 
80.227 518.0 
80.192 519.0 
80.262 520.0 
80.297 521.0 
80.262 522.0 
80.251 523.0 
80.262 524.0 
80.251 525.0 
80.216 526.0 
80.274 527.0 
80.216 528.0 
80.204 529.0 
80.204 530.0 
80.192 531.0 
80.356 532.0 
80.274 533.0 
80.262 534.0 
80.239 535.0 
80.239 536.0 
80.192 537.0 
80.11 538.0 
80.075 539.0 
80.029 540.0 
80.122 541.0 
80.075 542.0 
80.064 543.0 
80.005 544.0 
79.947 545.0 
79.877 546.0 
80.052 547.0 
79.97 548.0 
79.935 549.0 
79.877 550.0 
79.795 551.0 
79.97 552.0 
79.935 553.0 
79.877 554.0 
79.818 555.0 
80.005 556.0 
79.877 557.0 
79.842 558.0 
79.48 559.0 
79.9 560.0 
79.865 561.0 
79.795 562.0 
79.924 563.0 
79.854 564.0 
79.772 565.0 
79.9 566.0 
79.924 567.0 
79.807 568.0 
79.912 569.0 
79.818 570.0 
79.947 571.0 
79.889 572.0 
79.818 573.0 
79.877 574.0 
79.854 575.0 
80.181 576.0 
79.842 577.0 
79.854 578.0 
79.935 579.0 
79.877 580.0 
79.959 581.0 
79.9 582.0 
79.959 583.0 
79.924 584.0 
79.585 585.0 
79.935 586.0 
79.877 587.0 
79.982 588.0 
79.877 589.0 
79.947 590.0 
79.83 591.0 
79.947 592.0 
79.842 593.0 
79.935 594.0 
79.9 595.0 
79.877 596.0 
79.865 597.0 
79.912 598.0 
79.842 599.0 
79.935 600.0 
79.994 601.0 
79.889 602.0 
79.97 603.0 
79.889 604.0 
79.959 605.0 
79.854 606.0 
79.959 607.0 
79.842 608.0 
79.912 609.0 
79.982 610.0 
79.877 611.0 
79.97 612.0 
79.854 613.0 
79.947 614.0 
79.865 615.0 
79.912 616.0 
79.959 617.0 
79.772 618.0 
79.935 619.0 
79.678 620.0 
79.877 621.0 
79.935 622.0 
79.842 623.0 
79.912 624.0 
79.97 625.0 
79.818 626.0 
79.912 627.0 
79.982 628.0 
79.865 629.0 
79.889 630.0 
79.97 631.0 
79.854 632.0 
79.924 633.0 
80.204 634.0 
79.842 635.0 
79.947 636.0 
79.982 637.0 
79.818 638.0 
79.912 639.0 
79.959 640.0 
79.818 641.0 
79.912 642.0 
79.912 643.0 
79.807 644.0 
79.83 645.0 
79.9 646.0 
79.982 647.0 
79.865 648.0 
79.9 649.0 
79.97 650.0 
79.807 651.0 
79.772 652.0 
79.9 653.0 
79.947 654.0 
79.807 655.0 
79.877 656.0 
79.912 657.0 
79.924 658.0 
79.865 659.0 
79.924 660.0 
79.935 661.0 
79.97 662.0 
79.842 663.0 
79.889 664.0 
79.935 665.0 
79.97 666.0 
79.842 667.0 
79.889 668.0 
79.935 669.0 
79.994 670.0 
79.818 671.0 
79.865 672.0 
79.889 673.0 
79.947 674.0 
79.924 675.0 
79.818 676.0 
79.854 677.0 
79.889 678.0 
79.889 679.0 
79.959 680.0 
79.83 681.0 
79.818 682.0 
79.924 683.0 
79.924 684.0 
79.959 685.0 
79.994 686.0 
79.854 687.0 
79.865 688.0 
79.912 689.0 
79.947 690.0 
79.959 691.0 
80.005 692.0 
79.807 693.0 
79.854 694.0 
79.912 695.0 
79.912 696.0 
79.924 697.0 
79.959 698.0 
79.725 699.0 
79.842 700.0 
79.877 701.0 
79.877 702.0 
79.924 703.0 
79.924 704.0 
79.935 705.0 
79.982 706.0 
79.783 707.0 
79.842 708.0 
79.865 709.0 
79.877 710.0 
79.912 711.0 
79.924 712.0 
79.959 713.0 
79.982 714.0 
79.818 715.0 
79.842 716.0 
79.807 717.0 
79.865 718.0 
79.877 719.0 
79.877 720.0 
79.912 721.0 
79.924 722.0 
79.935 723.0 
79.97 724.0 
80.005 725.0 
79.807 726.0 
79.83 727.0 
79.842 728.0 
79.877 729.0 
79.889 730.0 
79.912 731.0 
79.912 732.0 
79.889 733.0 
79.959 734.0 
79.935 735.0 
79.935 736.0 
79.935 737.0 
79.947 738.0 
79.772 739.0 
79.772 740.0 
79.783 741.0 
79.807 742.0 
79.83 743.0 
79.818 744.0 
79.818 745.0 
79.818 746.0 
79.854 747.0 
79.807 748.0 
79.877 749.0 
79.842 750.0 
79.877 751.0 
79.842 752.0 
79.83 753.0 
79.877 754.0 
79.889 755.0 
79.935 756.0 
79.9 757.0 
79.877 758.0 
79.889 759.0 
79.889 760.0 
79.912 761.0 
79.912 762.0 
79.935 763.0 
79.9 764.0 
79.877 765.0 
79.912 766.0 
79.912 767.0 
79.924 768.0 
79.912 769.0 
79.9 770.0 
79.9 771.0 
79.912 772.0 
79.924 773.0 
79.9 774.0 
79.924 775.0 
79.935 776.0 
79.924 777.0 
79.9 778.0 
79.9 779.0 
79.889 780.0 
79.9 781.0 
79.924 782.0 
79.912 783.0 
79.889 784.0 
79.912 785.0 
79.9 786.0 
79.935 787.0 
79.924 788.0 
79.889 789.0 
79.924 790.0 
79.924 791.0 
79.947 792.0 
79.912 793.0 
79.9 794.0 
79.889 795.0 
79.912 796.0 
79.865 797.0 
79.865 798.0 
79.9 799.0 
79.889 800.0 
79.877 801.0 
79.9 802.0 
79.877 803.0 
79.877 804.0 
0.005 805.0 
0.006 806.0 
0.0 807.0 
0.0 808.0 
0.001 809.0 
-0.013 810.0 
-0.017 811.0 
-0.02 812.0 
-0.019 813.0 
-0.037 814.0 
-0.041 815.0 
-0.04 816.0 
-0.044 817.0 
-0.056 818.0 
-0.06 819.0 
-0.055 820.0 
-0.053 821.0 
-0.059 822.0 
-0.059 823.0 
-0.059 824.0 
-0.05 825.0 
-0.05 826.0 
-0.044 827.0 
-0.041 828.0 
-0.035 829.0 
