-0.035 257.0 
-0.034 258.0 
-0.123 259.0 
-0.031 260.0 
-0.03 261.0 
-0.022 262.0 
-0.028 263.0 
-0.038 264.0 
-0.019 265.0 
-0.04 266.0 
-0.041 267.0 
-0.042 268.0 
-0.046 269.0 
-0.055 270.0 
-0.023 271.0 
-0.041 272.0 
-0.055 273.0 
-0.043 274.0 
155.584 275.0 
152.057 276.0 
151.006 277.0 
149.487 278.0 
147.7 279.0 
145.435 280.0 
143.449 281.0 
141.16 282.0 
138.03 283.0 
135.682 284.0 
135.297 285.0 
134.946 286.0 
134.771 287.0 
134.432 288.0 
134.175 289.0 
133.428 290.0 
133.311 291.0 
133.113 292.0 
132.844 293.0 
132.388 294.0 
132.19 295.0 
131.991 296.0 
131.945 297.0 
131.384 298.0 
131.197 299.0 
130.952 300.0 
130.66 301.0 
130.59 302.0 
130.076 303.0 
130.006 304.0 
129.959 305.0 
129.375 306.0 
128.371 307.0 
126.07 308.0 
123.208 309.0 
119.366 310.0 
115.71 311.0 
111.26 312.0 
106.74 313.0 
102.267 314.0 
98.027 315.0 
93.682 316.0 
89.746 317.0 
86.593 318.0 
86.394 319.0 
86.196 320.0 
86.02 321.0 
86.02 322.0 
85.892 323.0 
85.939 324.0 
85.892 325.0 
85.798 326.0 
85.892 327.0 
85.775 328.0 
86.441 329.0 
85.904 330.0 
85.81 331.0 
86.196 332.0 
85.904 333.0 
85.798 334.0 
85.869 335.0 
85.915 336.0 
85.927 337.0 
85.775 338.0 
86.254 339.0 
85.857 340.0 
85.845 341.0 
85.833 342.0 
85.822 343.0 
85.869 344.0 
85.81 345.0 
85.81 346.0 
85.752 347.0 
85.787 348.0 
85.869 349.0 
85.845 350.0 
85.798 351.0 
85.88 352.0 
85.798 353.0 
85.775 354.0 
85.915 355.0 
85.892 356.0 
85.892 357.0 
85.845 358.0 
85.939 359.0 
85.857 360.0 
85.88 361.0 
85.845 362.0 
85.822 363.0 
85.763 364.0 
85.798 365.0 
85.822 366.0 
85.857 367.0 
85.775 368.0 
85.798 369.0 
85.833 370.0 
85.857 371.0 
85.845 372.0 
85.88 373.0 
85.904 374.0 
85.927 375.0 
86.231 376.0 
85.763 377.0 
85.81 378.0 
85.775 379.0 
85.869 380.0 
85.822 381.0 
85.997 382.0 
85.81 383.0 
85.81 384.0 
85.81 385.0 
85.892 386.0 
85.775 387.0 
85.752 388.0 
85.845 389.0 
85.869 390.0 
85.869 391.0 
85.833 392.0 
85.892 393.0 
85.775 394.0 
85.857 395.0 
85.927 396.0 
85.798 397.0 
85.857 398.0 
85.775 399.0 
85.798 400.0 
85.904 401.0 
85.822 402.0 
85.904 403.0 
85.904 404.0 
85.81 405.0 
85.752 406.0 
85.81 407.0 
85.752 408.0 
85.833 409.0 
85.775 410.0 
85.822 411.0 
85.869 412.0 
86.125 413.0 
85.88 414.0 
85.81 415.0 
85.845 416.0 
85.752 417.0 
85.88 418.0 
85.857 419.0 
85.787 420.0 
85.845 421.0 
85.869 422.0 
85.869 423.0 
85.798 424.0 
85.752 425.0 
85.822 426.0 
85.857 427.0 
85.798 428.0 
85.787 429.0 
85.787 430.0 
85.869 431.0 
85.904 432.0 
85.88 433.0 
85.775 434.0 
85.787 435.0 
85.798 436.0 
85.822 437.0 
85.798 438.0 
85.717 439.0 
85.775 440.0 
85.787 441.0 
85.775 442.0 
85.787 443.0 
85.763 444.0 
85.787 445.0 
85.763 446.0 
85.904 447.0 
85.892 448.0 
85.857 449.0 
86.055 450.0 
85.787 451.0 
85.798 452.0 
85.775 453.0 
85.74 454.0 
85.857 455.0 
85.705 456.0 
85.787 457.0 
85.74 458.0 
85.869 459.0 
85.88 460.0 
85.833 461.0 
85.787 462.0 
85.869 463.0 
85.798 464.0 
85.81 465.0 
85.892 466.0 
85.822 467.0 
85.775 468.0 
85.869 469.0 
85.775 470.0 
85.763 471.0 
85.798 472.0 
85.658 473.0 
85.833 474.0 
85.927 475.0 
85.833 476.0 
85.752 477.0 
85.822 478.0 
85.705 479.0 
85.787 480.0 
85.915 481.0 
85.81 482.0 
85.857 483.0 
85.752 484.0 
85.833 485.0 
85.775 486.0 
85.775 487.0 
85.845 488.0 
85.775 489.0 
85.787 490.0 
85.869 491.0 
85.775 492.0 
85.81 493.0 
85.857 494.0 
85.775 495.0 
85.763 496.0 
85.833 497.0 
85.88 498.0 
85.752 499.0 
85.798 500.0 
85.822 501.0 
85.869 502.0 
85.705 503.0 
85.74 504.0 
85.752 505.0 
85.81 506.0 
85.693 507.0 
85.752 508.0 
85.6 509.0 
85.717 510.0 
85.728 511.0 
85.787 512.0 
85.798 513.0 
85.822 514.0 
85.833 515.0 
85.857 516.0 
86.114 517.0 
85.623 518.0 
85.682 519.0 
85.717 520.0 
85.717 521.0 
85.693 522.0 
85.693 523.0 
85.705 524.0 
85.682 525.0 
85.705 526.0 
85.612 527.0 
85.635 528.0 
85.647 529.0 
85.612 530.0 
85.6 531.0 
85.705 532.0 
85.927 533.0 
85.67 534.0 
85.682 535.0 
85.635 536.0 
85.588 537.0 
85.471 538.0 
85.471 539.0 
85.413 540.0 
85.565 541.0 
85.436 542.0 
85.413 543.0 
85.355 544.0 
85.32 545.0 
85.308 546.0 
85.355 547.0 
85.32 548.0 
85.261 549.0 
85.226 550.0 
85.133 551.0 
85.273 552.0 
85.238 553.0 
85.191 554.0 
85.133 555.0 
85.273 556.0 
85.238 557.0 
85.156 558.0 
84.922 559.0 
85.226 560.0 
85.156 561.0 
85.144 562.0 
85.238 563.0 
85.144 564.0 
85.098 565.0 
85.203 566.0 
85.226 567.0 
85.109 568.0 
85.156 569.0 
85.156 570.0 
85.261 571.0 
85.179 572.0 
85.121 573.0 
85.238 574.0 
85.179 575.0 
85.658 576.0 
85.179 577.0 
85.168 578.0 
85.273 579.0 
85.203 580.0 
85.331 581.0 
85.214 582.0 
85.261 583.0 
85.214 584.0 
85.028 585.0 
85.249 586.0 
85.179 587.0 
85.249 588.0 
85.168 589.0 
85.261 590.0 
85.156 591.0 
85.249 592.0 
85.203 593.0 
85.273 594.0 
85.156 595.0 
85.238 596.0 
85.191 597.0 
85.179 598.0 
85.191 599.0 
85.203 600.0 
85.32 601.0 
85.203 602.0 
85.285 603.0 
85.214 604.0 
85.296 605.0 
85.179 606.0 
85.261 607.0 
85.133 608.0 
85.226 609.0 
85.296 610.0 
85.191 611.0 
85.285 612.0 
85.179 613.0 
85.296 614.0 
85.144 615.0 
85.156 616.0 
85.32 617.0 
85.144 618.0 
85.261 619.0 
85.086 620.0 
85.226 621.0 
85.273 622.0 
85.121 623.0 
85.214 624.0 
85.273 625.0 
85.168 626.0 
85.226 627.0 
85.32 628.0 
85.156 629.0 
85.214 630.0 
85.296 631.0 
85.168 632.0 
85.249 633.0 
85.553 634.0 
85.179 635.0 
85.273 636.0 
85.296 637.0 
85.203 638.0 
85.214 639.0 
85.296 640.0 
85.144 641.0 
85.191 642.0 
85.249 643.0 
85.121 644.0 
85.144 645.0 
85.238 646.0 
85.296 647.0 
85.168 648.0 
85.191 649.0 
85.249 650.0 
85.109 651.0 
85.098 652.0 
85.226 653.0 
85.296 654.0 
85.121 655.0 
85.133 656.0 
85.249 657.0 
85.308 658.0 
85.191 659.0 
85.226 660.0 
85.285 661.0 
85.261 662.0 
85.156 663.0 
85.203 664.0 
85.285 665.0 
85.308 666.0 
85.133 667.0 
85.238 668.0 
85.226 669.0 
85.273 670.0 
85.109 671.0 
85.179 672.0 
85.214 673.0 
85.273 674.0 
85.249 675.0 
85.156 676.0 
85.179 677.0 
85.238 678.0 
85.261 679.0 
85.285 680.0 
85.133 681.0 
85.214 682.0 
85.191 683.0 
85.261 684.0 
85.226 685.0 
85.308 686.0 
85.121 687.0 
85.191 688.0 
85.214 689.0 
85.238 690.0 
85.273 691.0 
85.331 692.0 
85.109 693.0 
85.144 694.0 
85.214 695.0 
85.238 696.0 
85.261 697.0 
85.308 698.0 
85.098 699.0 
85.156 700.0 
85.179 701.0 
85.179 702.0 
85.226 703.0 
85.214 704.0 
85.238 705.0 
85.32 706.0 
85.121 707.0 
85.133 708.0 
85.156 709.0 
85.168 710.0 
85.238 711.0 
85.285 712.0 
85.285 713.0 
85.285 714.0 
85.121 715.0 
85.098 716.0 
85.098 717.0 
85.168 718.0 
85.214 719.0 
85.226 720.0 
85.249 721.0 
85.226 722.0 
85.273 723.0 
85.285 724.0 
85.308 725.0 
85.086 726.0 
85.133 727.0 
85.144 728.0 
85.168 729.0 
85.191 730.0 
85.191 731.0 
85.191 732.0 
85.249 733.0 
85.249 734.0 
85.238 735.0 
85.238 736.0 
85.285 737.0 
85.285 738.0 
85.098 739.0 
85.133 740.0 
85.144 741.0 
85.144 742.0 
85.168 743.0 
85.121 744.0 
85.156 745.0 
85.156 746.0 
85.144 747.0 
85.191 748.0 
85.179 749.0 
85.191 750.0 
85.191 751.0 
85.156 752.0 
85.203 753.0 
85.203 754.0 
85.214 755.0 
85.214 756.0 
85.238 757.0 
85.214 758.0 
85.226 759.0 
85.273 760.0 
85.261 761.0 
85.261 762.0 
85.238 763.0 
85.226 764.0 
85.238 765.0 
85.238 766.0 
85.226 767.0 
85.214 768.0 
85.214 769.0 
85.249 770.0 
85.214 771.0 
85.238 772.0 
85.249 773.0 
85.238 774.0 
85.249 775.0 
85.226 776.0 
85.249 777.0 
85.203 778.0 
85.238 779.0 
85.238 780.0 
85.238 781.0 
85.238 782.0 
85.203 783.0 
85.203 784.0 
85.214 785.0 
85.203 786.0 
85.261 787.0 
85.226 788.0 
85.238 789.0 
85.238 790.0 
85.203 791.0 
85.238 792.0 
85.214 793.0 
85.249 794.0 
85.203 795.0 
85.179 796.0 
85.238 797.0 
85.226 798.0 
85.214 799.0 
85.191 800.0 
85.203 801.0 
85.214 802.0 
85.179 803.0 
85.191 804.0 
0.006 805.0 
0.007 806.0 
0.008 807.0 
-0.001 808.0 
-0.007 809.0 
-0.002 810.0 
-0.006 811.0 
-0.023 812.0 
-0.02 813.0 
-0.03 814.0 
-0.032 815.0 
-0.035 816.0 
-0.037 817.0 
-0.037 818.0 
-0.037 819.0 
-0.03 820.0 
-0.029 821.0 
-0.029 822.0 
-0.029 823.0 
-0.035 824.0 
-0.024 825.0 
-0.022 826.0 
-0.017 827.0 
-0.025 828.0 
-0.023 829.0 
