-0.016 257.0 
-0.037 258.0 
-0.008 259.0 
-0.028 260.0 
-0.03 261.0 
-0.018 262.0 
-0.029 263.0 
-0.011 264.0 
-0.031 265.0 
-0.037 266.0 
-0.002 267.0 
-0.004 268.0 
-0.016 269.0 
-0.022 270.0 
-0.013 271.0 
-0.028 272.0 
-0.014 273.0 
-0.001 274.0 
148.039 275.0 
144.687 276.0 
143.659 277.0 
142.328 278.0 
140.716 279.0 
138.614 280.0 
135.682 281.0 
133.988 282.0 
131.139 283.0 
129.679 284.0 
129.352 285.0 
128.978 286.0 
128.756 287.0 
128.557 288.0 
128.242 289.0 
127.53 290.0 
127.401 291.0 
127.144 292.0 
126.969 293.0 
126.537 294.0 
126.35 295.0 
126.175 296.0 
126.105 297.0 
125.556 298.0 
125.416 299.0 
124.995 300.0 
124.75 301.0 
124.715 302.0 
124.201 303.0 
124.143 304.0 
123.722 305.0 
123.442 306.0 
122.356 307.0 
120.23 308.0 
117.567 309.0 
113.829 310.0 
110.127 311.0 
105.841 312.0 
101.94 313.0 
97.688 314.0 
93.717 315.0 
89.618 316.0 
86.114 317.0 
83.439 318.0 
83.182 319.0 
83.019 320.0 
82.843 321.0 
82.879 322.0 
82.773 323.0 
82.82 324.0 
82.773 325.0 
82.657 326.0 
82.738 327.0 
82.657 328.0 
82.68 329.0 
82.773 330.0 
82.68 331.0 
82.773 332.0 
82.785 333.0 
82.692 334.0 
82.587 335.0 
82.762 336.0 
82.727 337.0 
82.645 338.0 
82.727 339.0 
82.68 340.0 
82.692 341.0 
82.68 342.0 
82.692 343.0 
82.715 344.0 
82.715 345.0 
82.668 346.0 
82.657 347.0 
82.622 348.0 
82.762 349.0 
82.715 350.0 
82.692 351.0 
82.75 352.0 
82.668 353.0 
82.668 354.0 
82.633 355.0 
82.68 356.0 
82.75 357.0 
82.703 358.0 
82.808 359.0 
82.715 360.0 
82.738 361.0 
82.703 362.0 
82.715 363.0 
82.645 364.0 
82.692 365.0 
82.692 366.0 
82.738 367.0 
82.692 368.0 
82.68 369.0 
82.703 370.0 
82.738 371.0 
82.692 372.0 
82.75 373.0 
82.773 374.0 
82.762 375.0 
82.797 376.0 
82.668 377.0 
82.703 378.0 
82.703 379.0 
82.692 380.0 
82.703 381.0 
82.692 382.0 
82.692 383.0 
82.657 384.0 
82.692 385.0 
82.75 386.0 
82.657 387.0 
82.645 388.0 
82.727 389.0 
82.843 390.0 
82.703 391.0 
82.68 392.0 
82.785 393.0 
82.633 394.0 
82.715 395.0 
82.797 396.0 
82.622 397.0 
82.727 398.0 
82.575 399.0 
82.645 400.0 
83.135 401.0 
82.727 402.0 
82.832 403.0 
82.715 404.0 
82.645 405.0 
82.645 406.0 
82.727 407.0 
82.622 408.0 
82.703 409.0 
82.633 410.0 
82.68 411.0 
82.762 412.0 
82.879 413.0 
82.738 414.0 
82.657 415.0 
82.703 416.0 
82.645 417.0 
82.692 418.0 
82.738 419.0 
82.668 420.0 
82.668 421.0 
82.703 422.0 
82.75 423.0 
82.657 424.0 
82.68 425.0 
82.727 426.0 
82.75 427.0 
82.61 428.0 
82.703 429.0 
82.668 430.0 
82.972 431.0 
82.727 432.0 
82.75 433.0 
82.68 434.0 
82.668 435.0 
82.657 436.0 
82.668 437.0 
82.668 438.0 
82.645 439.0 
82.598 440.0 
82.622 441.0 
82.657 442.0 
82.692 443.0 
82.68 444.0 
82.657 445.0 
82.645 446.0 
82.75 447.0 
82.984 448.0 
82.879 449.0 
82.68 450.0 
82.692 451.0 
82.657 452.0 
82.61 453.0 
82.61 454.0 
82.738 455.0 
82.47 456.0 
82.633 457.0 
82.645 458.0 
82.738 459.0 
82.727 460.0 
82.68 461.0 
82.645 462.0 
82.762 463.0 
82.68 464.0 
82.668 465.0 
82.762 466.0 
82.692 467.0 
82.645 468.0 
82.715 469.0 
82.633 470.0 
82.587 471.0 
82.715 472.0 
82.61 473.0 
82.715 474.0 
82.738 475.0 
82.692 476.0 
82.61 477.0 
82.657 478.0 
82.633 479.0 
82.703 480.0 
82.762 481.0 
82.692 482.0 
82.738 483.0 
82.633 484.0 
82.703 485.0 
82.622 486.0 
82.668 487.0 
82.715 488.0 
82.633 489.0 
82.598 490.0 
82.75 491.0 
82.633 492.0 
82.668 493.0 
82.738 494.0 
82.61 495.0 
82.633 496.0 
82.668 497.0 
82.738 498.0 
82.587 499.0 
82.633 500.0 
82.598 501.0 
82.715 502.0 
82.587 503.0 
82.61 504.0 
82.657 505.0 
82.68 506.0 
82.563 507.0 
82.598 508.0 
82.575 509.0 
82.575 510.0 
82.551 511.0 
82.633 512.0 
82.622 513.0 
82.166 514.0 
82.89 515.0 
82.61 516.0 
82.984 517.0 
82.516 518.0 
82.516 519.0 
82.551 520.0 
82.575 521.0 
82.528 522.0 
82.54 523.0 
82.54 524.0 
82.54 525.0 
82.54 526.0 
82.505 527.0 
82.516 528.0 
82.54 529.0 
82.516 530.0 
82.47 531.0 
82.633 532.0 
82.972 533.0 
82.563 534.0 
82.528 535.0 
82.505 536.0 
82.446 537.0 
82.411 538.0 
82.341 539.0 
82.306 540.0 
82.435 541.0 
82.365 542.0 
82.33 543.0 
82.306 544.0 
82.224 545.0 
82.236 546.0 
82.353 547.0 
82.224 548.0 
82.271 549.0 
82.213 550.0 
82.108 551.0 
82.306 552.0 
82.213 553.0 
82.154 554.0 
82.143 555.0 
82.201 556.0 
82.166 557.0 
82.154 558.0 
82.003 559.0 
82.224 560.0 
82.154 561.0 
82.119 562.0 
82.224 563.0 
82.084 564.0 
82.084 565.0 
82.224 566.0 
82.189 567.0 
82.108 568.0 
82.189 569.0 
82.131 570.0 
82.271 571.0 
82.189 572.0 
82.131 573.0 
82.224 574.0 
82.131 575.0 
82.481 576.0 
82.189 577.0 
82.178 578.0 
82.271 579.0 
82.178 580.0 
82.283 581.0 
82.189 582.0 
82.295 583.0 
82.213 584.0 
82.014 585.0 
82.213 586.0 
82.178 587.0 
82.26 588.0 
82.131 589.0 
82.248 590.0 
82.166 591.0 
82.248 592.0 
82.154 593.0 
82.283 594.0 
82.166 595.0 
82.248 596.0 
82.119 597.0 
82.224 598.0 
82.131 599.0 
82.166 600.0 
82.295 601.0 
82.213 602.0 
82.283 603.0 
82.119 604.0 
82.26 605.0 
82.154 606.0 
82.271 607.0 
82.143 608.0 
82.224 609.0 
82.283 610.0 
82.236 611.0 
82.306 612.0 
82.143 613.0 
82.166 614.0 
82.131 615.0 
82.178 616.0 
82.26 617.0 
82.154 618.0 
82.201 619.0 
82.049 620.0 
82.166 621.0 
82.248 622.0 
82.143 623.0 
82.201 624.0 
82.283 625.0 
82.166 626.0 
82.213 627.0 
82.306 628.0 
82.131 629.0 
82.224 630.0 
82.295 631.0 
82.143 632.0 
82.248 633.0 
82.365 634.0 
82.178 635.0 
82.224 636.0 
82.318 637.0 
82.143 638.0 
82.154 639.0 
82.318 640.0 
82.143 641.0 
82.166 642.0 
82.236 643.0 
82.119 644.0 
82.131 645.0 
82.248 646.0 
82.295 647.0 
82.143 648.0 
82.201 649.0 
82.283 650.0 
82.143 651.0 
82.154 652.0 
82.224 653.0 
82.295 654.0 
82.143 655.0 
82.154 656.0 
82.224 657.0 
82.26 658.0 
82.154 659.0 
82.224 660.0 
82.295 661.0 
82.26 662.0 
82.166 663.0 
82.213 664.0 
82.26 665.0 
82.318 666.0 
82.154 667.0 
82.201 668.0 
82.213 669.0 
82.26 670.0 
82.143 671.0 
82.178 672.0 
82.189 673.0 
82.26 674.0 
82.283 675.0 
82.096 676.0 
82.178 677.0 
82.201 678.0 
82.26 679.0 
82.283 680.0 
82.119 681.0 
82.143 682.0 
82.178 683.0 
82.201 684.0 
82.248 685.0 
82.271 686.0 
82.108 687.0 
82.154 688.0 
82.189 689.0 
82.213 690.0 
82.248 691.0 
82.236 692.0 
82.119 693.0 
82.143 694.0 
82.166 695.0 
82.224 696.0 
82.248 697.0 
82.283 698.0 
82.061 699.0 
82.143 700.0 
82.154 701.0 
82.189 702.0 
82.178 703.0 
82.236 704.0 
82.26 705.0 
82.271 706.0 
82.096 707.0 
82.166 708.0 
82.189 709.0 
82.166 710.0 
82.213 711.0 
82.26 712.0 
82.224 713.0 
82.283 714.0 
82.061 715.0 
82.096 716.0 
82.073 717.0 
82.131 718.0 
82.166 719.0 
82.201 720.0 
82.201 721.0 
82.189 722.0 
82.26 723.0 
82.271 724.0 
82.306 725.0 
82.096 726.0 
82.131 727.0 
82.154 728.0 
82.166 729.0 
82.178 730.0 
82.189 731.0 
82.201 732.0 
82.213 733.0 
82.248 734.0 
82.236 735.0 
82.26 736.0 
82.306 737.0 
82.283 738.0 
82.084 739.0 
82.108 740.0 
82.084 741.0 
82.108 742.0 
82.143 743.0 
82.131 744.0 
82.143 745.0 
82.178 746.0 
82.154 747.0 
82.178 748.0 
82.166 749.0 
82.201 750.0 
82.178 751.0 
82.201 752.0 
82.201 753.0 
82.178 754.0 
82.201 755.0 
82.178 756.0 
82.189 757.0 
82.201 758.0 
82.189 759.0 
82.178 760.0 
82.201 761.0 
82.224 762.0 
82.201 763.0 
82.213 764.0 
82.236 765.0 
82.224 766.0 
82.248 767.0 
82.236 768.0 
82.201 769.0 
82.201 770.0 
82.224 771.0 
82.236 772.0 
82.236 773.0 
82.224 774.0 
82.213 775.0 
82.201 776.0 
82.224 777.0 
82.201 778.0 
82.26 779.0 
82.201 780.0 
82.201 781.0 
82.201 782.0 
82.201 783.0 
82.189 784.0 
82.224 785.0 
82.201 786.0 
82.224 787.0 
82.224 788.0 
82.201 789.0 
82.213 790.0 
82.248 791.0 
82.224 792.0 
82.213 793.0 
82.201 794.0 
82.189 795.0 
82.166 796.0 
82.178 797.0 
82.166 798.0 
82.178 799.0 
82.166 800.0 
82.131 801.0 
82.166 802.0 
82.201 803.0 
82.166 804.0 
0.004 805.0 
0.01 806.0 
0.008 807.0 
0.011 808.0 
0.008 809.0 
0.005 810.0 
0.01 811.0 
0.0 812.0 
-0.001 813.0 
0.006 814.0 
0.001 815.0 
-0.004 816.0 
0.001 817.0 
0.002 818.0 
0.0 819.0 
-0.005 820.0 
0.0 821.0 
-0.007 822.0 
0.001 823.0 
-0.005 824.0 
0.0 825.0 
-0.008 826.0 
-0.001 827.0 
-0.001 828.0 
0.001 829.0 
