-0.042 257.0 
-0.073 258.0 
-0.047 259.0 
-0.047 260.0 
-0.059 261.0 
-0.075 262.0 
-0.035 263.0 
-0.034 264.0 
-0.047 265.0 
-0.041 266.0 
-0.026 267.0 
-0.029 268.0 
-0.036 269.0 
-0.036 270.0 
-0.04 271.0 
-0.036 272.0 
-0.016 273.0 
-0.035 274.0 
142.223 275.0 
139.011 276.0 
137.936 277.0 
136.616 278.0 
135.075 279.0 
133.066 280.0 
131.454 281.0 
128.791 282.0 
126.21 283.0 
124.808 284.0 
124.446 285.0 
124.119 286.0 
123.991 287.0 
123.687 288.0 
123.442 289.0 
122.753 290.0 
122.648 291.0 
122.414 292.0 
122.239 293.0 
121.877 294.0 
121.678 295.0 
121.55 296.0 
121.526 297.0 
121.059 298.0 
120.884 299.0 
120.557 300.0 
120.265 301.0 
120.277 302.0 
119.739 303.0 
119.623 304.0 
119.307 305.0 
118.91 306.0 
117.777 307.0 
115.663 308.0 
113.175 309.0 
109.847 310.0 
106.483 311.0 
102.535 312.0 
98.868 313.0 
94.733 314.0 
90.821 315.0 
86.873 316.0 
83.276 317.0 
80.683 318.0 
80.578 319.0 
80.332 320.0 
80.204 321.0 
80.216 322.0 
80.134 323.0 
80.181 324.0 
80.122 325.0 
80.052 326.0 
80.122 327.0 
80.052 328.0 
80.192 329.0 
80.134 330.0 
80.064 331.0 
80.134 332.0 
80.204 333.0 
80.087 334.0 
80.005 335.0 
80.11 336.0 
80.134 337.0 
80.04 338.0 
80.204 339.0 
80.099 340.0 
80.064 341.0 
80.087 342.0 
80.134 343.0 
80.145 344.0 
80.075 345.0 
80.052 346.0 
80.017 347.0 
80.075 348.0 
80.11 349.0 
80.145 350.0 
80.075 351.0 
80.122 352.0 
80.075 353.0 
80.017 354.0 
80.052 355.0 
80.087 356.0 
80.169 357.0 
80.075 358.0 
80.169 359.0 
80.122 360.0 
80.157 361.0 
80.075 362.0 
80.145 363.0 
80.052 364.0 
80.052 365.0 
80.157 366.0 
80.134 367.0 
80.052 368.0 
80.087 369.0 
80.075 370.0 
80.075 371.0 
80.122 372.0 
80.145 373.0 
80.145 374.0 
80.157 375.0 
80.145 376.0 
80.04 377.0 
80.064 378.0 
80.087 379.0 
80.052 380.0 
80.11 381.0 
80.11 382.0 
80.099 383.0 
80.087 384.0 
80.04 385.0 
80.134 386.0 
80.075 387.0 
80.029 388.0 
80.134 389.0 
80.11 390.0 
80.075 391.0 
80.075 392.0 
80.134 393.0 
79.994 394.0 
80.087 395.0 
80.181 396.0 
80.04 397.0 
80.064 398.0 
79.935 399.0 
80.029 400.0 
80.157 401.0 
80.122 402.0 
80.181 403.0 
80.134 404.0 
80.099 405.0 
79.994 406.0 
80.064 407.0 
80.052 408.0 
80.11 409.0 
79.994 410.0 
80.075 411.0 
80.134 412.0 
80.332 413.0 
80.157 414.0 
80.064 415.0 
80.075 416.0 
80.04 417.0 
80.087 418.0 
80.11 419.0 
80.017 420.0 
80.087 421.0 
80.099 422.0 
80.157 423.0 
80.029 424.0 
80.064 425.0 
80.099 426.0 
80.134 427.0 
80.029 428.0 
80.052 429.0 
80.064 430.0 
80.122 431.0 
80.122 432.0 
80.122 433.0 
80.005 434.0 
80.005 435.0 
80.04 436.0 
80.11 437.0 
80.005 438.0 
79.947 439.0 
80.029 440.0 
80.029 441.0 
80.064 442.0 
80.064 443.0 
80.075 444.0 
80.04 445.0 
80.017 446.0 
80.169 447.0 
80.134 448.0 
80.122 449.0 
80.367 450.0 
80.052 451.0 
80.087 452.0 
79.994 453.0 
80.005 454.0 
80.11 455.0 
79.9 456.0 
80.04 457.0 
79.982 458.0 
80.099 459.0 
80.134 460.0 
80.087 461.0 
80.052 462.0 
80.122 463.0 
80.075 464.0 
80.052 465.0 
80.134 466.0 
80.064 467.0 
80.005 468.0 
80.099 469.0 
80.052 470.0 
80.005 471.0 
80.064 472.0 
79.994 473.0 
80.064 474.0 
80.145 475.0 
80.099 476.0 
80.005 477.0 
80.064 478.0 
79.982 479.0 
80.064 480.0 
80.192 481.0 
80.052 482.0 
80.122 483.0 
80.029 484.0 
80.099 485.0 
80.017 486.0 
80.029 487.0 
80.099 488.0 
80.029 489.0 
80.029 490.0 
80.099 491.0 
80.064 492.0 
80.052 493.0 
80.075 494.0 
80.005 495.0 
80.005 496.0 
80.052 497.0 
80.099 498.0 
79.994 499.0 
80.017 500.0 
80.064 501.0 
80.075 502.0 
79.982 503.0 
80.017 504.0 
80.005 505.0 
80.052 506.0 
80.017 507.0 
80.064 508.0 
79.924 509.0 
79.994 510.0 
80.005 511.0 
80.005 512.0 
80.04 513.0 
80.052 514.0 
80.075 515.0 
79.982 516.0 
80.473 517.0 
79.912 518.0 
79.935 519.0 
79.935 520.0 
79.982 521.0 
79.97 522.0 
79.97 523.0 
79.935 524.0 
79.947 525.0 
79.947 526.0 
79.924 527.0 
79.877 528.0 
79.9 529.0 
79.889 530.0 
79.854 531.0 
80.017 532.0 
79.982 533.0 
79.947 534.0 
79.935 535.0 
79.947 536.0 
79.889 537.0 
79.725 538.0 
79.795 539.0 
79.783 540.0 
79.865 541.0 
79.76 542.0 
79.795 543.0 
79.748 544.0 
79.655 545.0 
79.667 546.0 
79.783 547.0 
79.702 548.0 
79.69 549.0 
79.62 550.0 
79.562 551.0 
79.667 552.0 
79.632 553.0 
79.585 554.0 
79.538 555.0 
79.725 556.0 
79.62 557.0 
79.585 558.0 
79.375 559.0 
79.667 560.0 
79.585 561.0 
79.538 562.0 
79.667 563.0 
79.526 564.0 
79.503 565.0 
79.69 566.0 
79.643 567.0 
79.526 568.0 
79.597 569.0 
79.597 570.0 
79.667 571.0 
79.597 572.0 
79.55 573.0 
79.632 574.0 
79.573 575.0 
80.005 576.0 
79.632 577.0 
79.597 578.0 
79.69 579.0 
79.643 580.0 
79.737 581.0 
79.643 582.0 
79.725 583.0 
79.678 584.0 
79.772 585.0 
79.69 586.0 
79.62 587.0 
79.678 588.0 
79.608 589.0 
79.69 590.0 
79.573 591.0 
79.655 592.0 
79.62 593.0 
79.643 594.0 
79.62 595.0 
79.585 596.0 
79.573 597.0 
79.667 598.0 
79.573 599.0 
79.655 600.0 
79.772 601.0 
79.655 602.0 
79.737 603.0 
79.632 604.0 
79.702 605.0 
79.585 606.0 
79.655 607.0 
79.55 608.0 
79.643 609.0 
79.725 610.0 
79.573 611.0 
79.678 612.0 
79.597 613.0 
79.678 614.0 
79.573 615.0 
79.608 616.0 
79.702 617.0 
79.562 618.0 
79.667 619.0 
79.433 620.0 
79.655 621.0 
79.69 622.0 
79.585 623.0 
79.632 624.0 
79.713 625.0 
79.585 626.0 
79.655 627.0 
79.713 628.0 
79.655 629.0 
79.632 630.0 
79.713 631.0 
79.585 632.0 
79.655 633.0 
79.947 634.0 
79.608 635.0 
79.667 636.0 
79.725 637.0 
79.562 638.0 
79.632 639.0 
79.713 640.0 
79.573 641.0 
79.526 642.0 
79.725 643.0 
79.562 644.0 
79.608 645.0 
79.678 646.0 
79.725 647.0 
79.608 648.0 
79.667 649.0 
79.69 650.0 
79.573 651.0 
79.515 652.0 
79.667 653.0 
79.702 654.0 
79.526 655.0 
79.62 656.0 
79.643 657.0 
79.69 658.0 
79.597 659.0 
79.608 660.0 
79.69 661.0 
79.667 662.0 
79.573 663.0 
79.632 664.0 
79.667 665.0 
79.76 666.0 
79.585 667.0 
79.643 668.0 
79.702 669.0 
79.69 670.0 
79.573 671.0 
79.608 672.0 
79.608 673.0 
79.678 674.0 
79.69 675.0 
79.55 676.0 
79.608 677.0 
79.643 678.0 
79.678 679.0 
79.725 680.0 
79.55 681.0 
79.608 682.0 
79.643 683.0 
79.678 684.0 
79.667 685.0 
79.772 686.0 
79.526 687.0 
79.632 688.0 
79.655 689.0 
79.678 690.0 
79.655 691.0 
79.725 692.0 
79.538 693.0 
79.55 694.0 
79.62 695.0 
79.632 696.0 
79.632 697.0 
79.69 698.0 
79.515 699.0 
79.562 700.0 
79.597 701.0 
79.62 702.0 
79.655 703.0 
79.667 704.0 
79.643 705.0 
79.713 706.0 
79.538 707.0 
79.562 708.0 
79.608 709.0 
79.62 710.0 
79.667 711.0 
79.655 712.0 
79.69 713.0 
79.725 714.0 
79.55 715.0 
79.515 716.0 
79.562 717.0 
79.608 718.0 
79.608 719.0 
79.608 720.0 
79.678 721.0 
79.655 722.0 
79.678 723.0 
79.678 724.0 
79.713 725.0 
79.55 726.0 
79.573 727.0 
79.608 728.0 
79.632 729.0 
79.597 730.0 
79.608 731.0 
79.655 732.0 
79.643 733.0 
79.655 734.0 
79.678 735.0 
79.62 736.0 
79.69 737.0 
79.702 738.0 
79.491 739.0 
79.538 740.0 
79.585 741.0 
79.55 742.0 
79.55 743.0 
79.585 744.0 
79.585 745.0 
79.573 746.0 
79.597 747.0 
79.597 748.0 
79.585 749.0 
79.597 750.0 
79.597 751.0 
79.632 752.0 
79.62 753.0 
79.573 754.0 
79.608 755.0 
79.62 756.0 
79.632 757.0 
79.608 758.0 
79.632 759.0 
79.632 760.0 
79.632 761.0 
79.643 762.0 
79.632 763.0 
79.632 764.0 
79.678 765.0 
79.702 766.0 
79.678 767.0 
79.678 768.0 
79.69 769.0 
79.655 770.0 
79.632 771.0 
79.667 772.0 
79.678 773.0 
79.632 774.0 
79.678 775.0 
79.655 776.0 
79.667 777.0 
79.667 778.0 
79.655 779.0 
79.632 780.0 
79.643 781.0 
79.643 782.0 
79.655 783.0 
79.643 784.0 
79.62 785.0 
79.62 786.0 
79.632 787.0 
79.643 788.0 
79.643 789.0 
79.62 790.0 
79.643 791.0 
79.643 792.0 
79.655 793.0 
79.632 794.0 
79.632 795.0 
79.643 796.0 
79.643 797.0 
79.655 798.0 
79.632 799.0 
79.632 800.0 
79.655 801.0 
79.655 802.0 
79.643 803.0 
79.655 804.0 
-0.001 805.0 
0.001 806.0 
0.005 807.0 
-0.006 808.0 
0.0 809.0 
-0.012 810.0 
-0.02 811.0 
-0.02 812.0 
-0.024 813.0 
-0.029 814.0 
-0.05 815.0 
-0.041 816.0 
-0.032 817.0 
-0.046 818.0 
-0.043 819.0 
-0.044 820.0 
-0.041 821.0 
-0.044 822.0 
-0.037 823.0 
-0.032 824.0 
-0.041 825.0 
-0.038 826.0 
-0.028 827.0 
-0.031 828.0 
-0.035 829.0 
