-0.042 257.0 
-0.058 258.0 
-0.046 259.0 
-0.047 260.0 
-0.041 261.0 
-0.048 262.0 
-0.038 263.0 
-0.066 264.0 
-0.054 265.0 
-0.047 266.0 
-0.054 267.0 
-0.064 268.0 
-0.059 269.0 
-0.058 270.0 
-0.054 271.0 
-0.062 272.0 
-0.025 273.0 
-0.041 274.0 
258.555 275.0 
255.189 276.0 
253.333 277.0 
251.128 278.0 
248.575 279.0 
246.138 280.0 
243.933 281.0 
242.076 282.0 
240.103 283.0 
238.943 284.0 
238.943 285.0 
238.827 286.0 
238.362 287.0 
238.362 288.0 
237.782 289.0 
238.13 290.0 
236.97 291.0 
236.738 292.0 
236.622 293.0 
234.649 294.0 
235.577 295.0 
235.229 296.0 
235.461 297.0 
235.461 298.0 
234.649 299.0 
235.229 300.0 
234.069 301.0 
234.765 302.0 
233.605 303.0 
234.301 304.0 
239.755 305.0 
234.185 306.0 
234.069 307.0 
233.837 308.0 
233.953 309.0 
233.372 310.0 
234.185 311.0 
233.372 312.0 
233.837 313.0 
233.372 314.0 
233.605 315.0 
233.14 316.0 
233.605 317.0 
233.256 318.0 
227.918 319.0 
233.14 320.0 
232.212 321.0 
233.14 322.0 
233.14 323.0 
233.14 324.0 
233.372 325.0 
233.372 326.0 
233.488 327.0 
232.908 328.0 
238.827 329.0 
233.488 330.0 
233.256 331.0 
234.069 332.0 
233.837 333.0 
233.256 334.0 
233.14 335.0 
233.024 336.0 
233.256 337.0 
233.14 338.0 
235.809 339.0 
232.676 340.0 
232.908 341.0 
232.908 342.0 
230.587 343.0 
233.256 344.0 
233.256 345.0 
233.14 346.0 
232.908 347.0 
231.748 348.0 
233.372 349.0 
233.256 350.0 
233.256 351.0 
233.372 352.0 
233.256 353.0 
231.98 354.0 
231.168 355.0 
233.14 356.0 
233.372 357.0 
233.256 358.0 
233.605 359.0 
233.256 360.0 
233.14 361.0 
232.908 362.0 
233.372 363.0 
232.676 364.0 
232.792 365.0 
233.256 366.0 
233.256 367.0 
232.908 368.0 
233.14 369.0 
233.14 370.0 
233.721 371.0 
233.14 372.0 
233.721 373.0 
233.605 374.0 
233.256 375.0 
233.837 376.0 
232.792 377.0 
233.256 378.0 
233.024 379.0 
232.908 380.0 
233.14 381.0 
231.516 382.0 
233.256 383.0 
233.14 384.0 
233.14 385.0 
233.605 386.0 
233.372 387.0 
233.024 388.0 
233.256 389.0 
233.372 390.0 
233.14 391.0 
233.14 392.0 
233.837 393.0 
233.024 394.0 
233.256 395.0 
233.488 396.0 
233.14 397.0 
233.488 398.0 
232.212 399.0 
232.676 400.0 
233.256 401.0 
233.605 402.0 
233.372 403.0 
233.256 404.0 
233.14 405.0 
233.372 406.0 
233.256 407.0 
233.372 408.0 
233.256 409.0 
233.14 410.0 
233.605 411.0 
233.256 412.0 
234.185 413.0 
233.721 414.0 
232.908 415.0 
233.256 416.0 
233.256 417.0 
233.488 418.0 
233.14 419.0 
232.792 420.0 
233.256 421.0 
233.14 422.0 
233.605 423.0 
233.024 424.0 
232.908 425.0 
233.372 426.0 
233.721 427.0 
233.372 428.0 
233.256 429.0 
233.024 430.0 
233.605 431.0 
233.372 432.0 
233.721 433.0 
233.488 434.0 
233.372 435.0 
232.908 436.0 
233.721 437.0 
233.024 438.0 
232.792 439.0 
233.256 440.0 
233.14 441.0 
233.14 442.0 
233.024 443.0 
233.024 444.0 
233.14 445.0 
233.372 446.0 
233.372 447.0 
233.488 448.0 
236.158 449.0 
233.605 450.0 
233.605 451.0 
233.372 452.0 
233.372 453.0 
233.14 454.0 
233.372 455.0 
231.748 456.0 
233.024 457.0 
233.256 458.0 
233.605 459.0 
233.605 460.0 
233.14 461.0 
233.024 462.0 
233.372 463.0 
233.024 464.0 
233.372 465.0 
233.837 466.0 
233.372 467.0 
233.256 468.0 
233.605 469.0 
233.256 470.0 
233.721 471.0 
233.372 472.0 
232.096 473.0 
233.721 474.0 
233.721 475.0 
232.908 476.0 
233.14 477.0 
233.372 478.0 
232.908 479.0 
233.372 480.0 
233.488 481.0 
233.488 482.0 
233.372 483.0 
233.605 484.0 
233.488 485.0 
233.721 486.0 
233.721 487.0 
233.837 488.0 
233.256 489.0 
233.721 490.0 
233.488 491.0 
233.488 492.0 
233.837 493.0 
233.837 494.0 
233.14 495.0 
233.256 496.0 
233.488 497.0 
233.372 498.0 
233.605 499.0 
233.14 500.0 
233.372 501.0 
233.256 502.0 
233.024 503.0 
233.024 504.0 
233.488 505.0 
233.14 506.0 
231.168 507.0 
234.997 508.0 
232.792 509.0 
233.372 510.0 
233.372 511.0 
233.605 512.0 
233.372 513.0 
233.605 514.0 
233.372 515.0 
232.212 516.0 
234.881 517.0 
232.792 518.0 
232.908 519.0 
233.024 520.0 
233.256 521.0 
233.256 522.0 
233.024 523.0 
233.256 524.0 
233.024 525.0 
233.14 526.0 
233.14 527.0 
233.14 528.0 
233.024 529.0 
233.14 530.0 
232.908 531.0 
233.372 532.0 
234.417 533.0 
233.14 534.0 
233.372 535.0 
233.256 536.0 
233.256 537.0 
233.024 538.0 
233.024 539.0 
233.024 540.0 
233.14 541.0 
233.024 542.0 
233.024 543.0 
232.792 544.0 
233.14 545.0 
233.024 546.0 
233.488 547.0 
233.372 548.0 
233.024 549.0 
233.14 550.0 
231.98 551.0 
233.488 552.0 
233.372 553.0 
233.024 554.0 
233.14 555.0 
233.256 556.0 
233.024 557.0 
233.256 558.0 
227.106 559.0 
233.14 560.0 
233.024 561.0 
232.676 562.0 
233.14 563.0 
232.908 564.0 
232.444 565.0 
233.488 566.0 
232.792 567.0 
232.908 568.0 
232.676 569.0 
233.14 570.0 
233.488 571.0 
233.024 572.0 
233.14 573.0 
233.14 574.0 
233.14 575.0 
233.721 576.0 
233.256 577.0 
233.024 578.0 
233.256 579.0 
233.256 580.0 
233.372 581.0 
233.14 582.0 
233.372 583.0 
233.14 584.0 
228.963 585.0 
233.372 586.0 
233.256 587.0 
233.721 588.0 
233.372 589.0 
233.488 590.0 
233.372 591.0 
233.256 592.0 
233.14 593.0 
233.605 594.0 
233.024 595.0 
232.792 596.0 
233.14 597.0 
233.256 598.0 
233.024 599.0 
233.256 600.0 
233.488 601.0 
233.256 602.0 
233.256 603.0 
233.024 604.0 
233.721 605.0 
233.14 606.0 
233.488 607.0 
233.024 608.0 
233.256 609.0 
233.488 610.0 
233.024 611.0 
233.488 612.0 
233.605 613.0 
233.953 614.0 
232.908 615.0 
232.444 616.0 
233.256 617.0 
232.792 618.0 
233.14 619.0 
231.051 620.0 
233.256 621.0 
233.372 622.0 
233.024 623.0 
233.14 624.0 
233.605 625.0 
233.372 626.0 
233.488 627.0 
233.372 628.0 
233.14 629.0 
233.488 630.0 
233.837 631.0 
233.14 632.0 
233.488 633.0 
234.997 634.0 
233.256 635.0 
233.024 636.0 
233.605 637.0 
233.256 638.0 
233.372 639.0 
233.372 640.0 
233.256 641.0 
232.676 642.0 
233.14 643.0 
233.024 644.0 
232.908 645.0 
233.488 646.0 
233.837 647.0 
233.14 648.0 
233.488 649.0 
233.488 650.0 
233.14 651.0 
232.56 652.0 
233.488 653.0 
233.953 654.0 
232.908 655.0 
232.56 656.0 
233.488 657.0 
233.605 658.0 
233.14 659.0 
233.14 660.0 
233.256 661.0 
233.024 662.0 
232.792 663.0 
233.256 664.0 
233.488 665.0 
233.721 666.0 
233.024 667.0 
233.256 668.0 
233.721 669.0 
233.488 670.0 
233.14 671.0 
233.372 672.0 
233.372 673.0 
233.605 674.0 
233.024 675.0 
232.908 676.0 
233.14 677.0 
233.372 678.0 
233.605 679.0 
233.605 680.0 
233.372 681.0 
233.024 682.0 
233.14 683.0 
233.372 684.0 
233.488 685.0 
233.721 686.0 
232.444 687.0 
233.14 688.0 
233.256 689.0 
233.721 690.0 
233.721 691.0 
233.488 692.0 
233.024 693.0 
233.14 694.0 
233.024 695.0 
233.14 696.0 
232.908 697.0 
233.372 698.0 
232.444 699.0 
232.908 700.0 
232.792 701.0 
233.14 702.0 
233.14 703.0 
233.14 704.0 
233.256 705.0 
233.721 706.0 
233.024 707.0 
233.024 708.0 
233.14 709.0 
232.444 710.0 
233.372 711.0 
233.721 712.0 
233.953 713.0 
233.837 714.0 
232.212 715.0 
233.024 716.0 
232.676 717.0 
233.256 718.0 
233.256 719.0 
232.908 720.0 
233.372 721.0 
233.256 722.0 
233.372 723.0 
233.256 724.0 
233.372 725.0 
232.676 726.0 
233.14 727.0 
233.256 728.0 
233.488 729.0 
233.256 730.0 
233.256 731.0 
233.372 732.0 
233.605 733.0 
233.721 734.0 
233.372 735.0 
232.908 736.0 
233.372 737.0 
233.372 738.0 
232.908 739.0 
233.14 740.0 
232.676 741.0 
233.024 742.0 
232.792 743.0 
232.908 744.0 
233.14 745.0 
233.372 746.0 
233.372 747.0 
233.256 748.0 
233.14 749.0 
233.024 750.0 
233.14 751.0 
233.256 752.0 
233.256 753.0 
233.605 754.0 
233.024 755.0 
233.14 756.0 
233.488 757.0 
233.14 758.0 
233.024 759.0 
233.14 760.0 
233.256 761.0 
233.024 762.0 
233.372 763.0 
233.024 764.0 
233.256 765.0 
233.256 766.0 
233.256 767.0 
233.372 768.0 
233.372 769.0 
233.256 770.0 
233.14 771.0 
233.372 772.0 
233.488 773.0 
233.605 774.0 
233.14 775.0 
233.256 776.0 
233.256 777.0 
233.256 778.0 
233.372 779.0 
233.256 780.0 
233.372 781.0 
233.14 782.0 
233.256 783.0 
233.256 784.0 
233.372 785.0 
233.256 786.0 
233.372 787.0 
233.488 788.0 
233.605 789.0 
233.256 790.0 
233.372 791.0 
233.605 792.0 
233.488 793.0 
233.488 794.0 
233.372 795.0 
232.908 796.0 
233.14 797.0 
233.024 798.0 
233.256 799.0 
233.14 800.0 
233.024 801.0 
233.14 802.0 
233.14 803.0 
233.256 804.0 
0.016 805.0 
0.018 806.0 
0.018 807.0 
0.013 808.0 
0.01 809.0 
0.0 810.0 
-0.012 811.0 
-0.023 812.0 
-0.041 813.0 
-0.049 814.0 
-0.05 815.0 
-0.062 816.0 
-0.071 817.0 
-0.068 818.0 
-0.078 819.0 
-0.074 820.0 
-0.072 821.0 
-0.073 822.0 
-0.069 823.0 
-0.064 824.0 
-0.056 825.0 
-0.056 826.0 
-0.064 827.0 
-0.044 828.0 
-0.035 829.0 
