-0.055 257.0 
-0.028 258.0 
-0.043 259.0 
-0.047 260.0 
-0.052 261.0 
-0.041 262.0 
-0.058 263.0 
-0.054 264.0 
-0.059 265.0 
-0.048 266.0 
-0.042 267.0 
-0.043 268.0 
-0.048 269.0 
-0.053 270.0 
-0.059 271.0 
-0.025 272.0 
-0.04 273.0 
-0.034 274.0 
145.867 275.0 
142.118 276.0 
140.903 277.0 
139.431 278.0 
137.843 279.0 
135.939 280.0 
134.526 281.0 
132.645 282.0 
130.076 283.0 
128.92 284.0 
128.499 285.0 
128.219 286.0 
127.985 287.0 
127.752 288.0 
127.483 289.0 
127.214 290.0 
126.595 291.0 
126.373 292.0 
126.198 293.0 
126.035 294.0 
125.532 295.0 
125.369 296.0 
125.299 297.0 
124.75 298.0 
124.586 299.0 
124.481 300.0 
123.944 301.0 
123.874 302.0 
123.372 303.0 
123.302 304.0 
123.22 305.0 
122.624 306.0 
121.445 307.0 
119.354 308.0 
116.633 309.0 
112.848 310.0 
109.193 311.0 
104.965 312.0 
100.818 313.0 
96.509 314.0 
92.467 315.0 
88.274 316.0 
84.537 317.0 
81.711 318.0 
81.535 319.0 
81.302 320.0 
81.208 321.0 
81.138 322.0 
81.045 323.0 
81.115 324.0 
81.033 325.0 
80.928 326.0 
81.057 327.0 
80.928 328.0 
81.15 329.0 
81.08 330.0 
80.998 331.0 
81.092 332.0 
81.092 333.0 
80.986 334.0 
81.057 335.0 
81.08 336.0 
81.08 337.0 
80.951 338.0 
81.103 339.0 
81.01 340.0 
81.01 341.0 
80.963 342.0 
80.578 343.0 
81.033 344.0 
80.998 345.0 
80.951 346.0 
80.928 347.0 
80.975 348.0 
81.045 349.0 
81.033 350.0 
80.975 351.0 
81.01 352.0 
80.986 353.0 
80.893 354.0 
81.033 355.0 
81.033 356.0 
81.057 357.0 
81.021 358.0 
81.08 359.0 
80.975 360.0 
81.021 361.0 
80.975 362.0 
80.998 363.0 
80.916 364.0 
80.975 365.0 
80.975 366.0 
81.033 367.0 
80.951 368.0 
80.986 369.0 
80.986 370.0 
81.01 371.0 
81.045 372.0 
81.057 373.0 
81.08 374.0 
81.103 375.0 
81.29 376.0 
80.951 377.0 
81.01 378.0 
80.975 379.0 
80.975 380.0 
80.986 381.0 
81.092 382.0 
80.975 383.0 
80.94 384.0 
80.963 385.0 
81.068 386.0 
80.951 387.0 
80.905 388.0 
80.986 389.0 
80.998 390.0 
80.998 391.0 
80.975 392.0 
81.057 393.0 
80.916 394.0 
80.998 395.0 
81.08 396.0 
80.963 397.0 
81.01 398.0 
80.87 399.0 
80.951 400.0 
80.998 401.0 
81.01 402.0 
81.103 403.0 
81.01 404.0 
80.975 405.0 
80.916 406.0 
80.998 407.0 
80.94 408.0 
80.963 409.0 
80.94 410.0 
80.998 411.0 
81.057 412.0 
81.068 413.0 
81.021 414.0 
80.951 415.0 
81.033 416.0 
80.986 417.0 
81.068 418.0 
81.01 419.0 
80.951 420.0 
80.951 421.0 
81.01 422.0 
81.045 423.0 
80.951 424.0 
80.963 425.0 
80.998 426.0 
81.057 427.0 
80.928 428.0 
80.94 429.0 
80.94 430.0 
80.986 431.0 
81.045 432.0 
81.057 433.0 
80.916 434.0 
80.94 435.0 
80.975 436.0 
81.045 437.0 
80.893 438.0 
80.986 439.0 
80.963 440.0 
80.963 441.0 
80.94 442.0 
80.963 443.0 
80.963 444.0 
80.928 445.0 
80.916 446.0 
81.08 447.0 
80.998 448.0 
81.033 449.0 
81.29 450.0 
80.963 451.0 
80.975 452.0 
80.963 453.0 
80.905 454.0 
81.01 455.0 
80.963 456.0 
80.963 457.0 
80.951 458.0 
81.021 459.0 
81.033 460.0 
80.986 461.0 
80.94 462.0 
81.08 463.0 
80.986 464.0 
80.998 465.0 
81.033 466.0 
80.975 467.0 
80.916 468.0 
81.01 469.0 
80.986 470.0 
80.963 471.0 
80.975 472.0 
81.068 473.0 
80.986 474.0 
81.033 475.0 
80.986 476.0 
80.905 477.0 
80.975 478.0 
80.87 479.0 
80.975 480.0 
81.057 481.0 
80.963 482.0 
81.045 483.0 
80.951 484.0 
81.033 485.0 
80.893 486.0 
80.893 487.0 
80.986 488.0 
80.963 489.0 
80.951 490.0 
81.021 491.0 
80.986 492.0 
80.998 493.0 
81.01 494.0 
80.951 495.0 
80.905 496.0 
80.986 497.0 
81.021 498.0 
80.905 499.0 
80.905 500.0 
80.975 501.0 
81.033 502.0 
80.87 503.0 
80.916 504.0 
80.928 505.0 
80.963 506.0 
80.951 507.0 
81.092 508.0 
80.87 509.0 
80.893 510.0 
80.94 511.0 
80.963 512.0 
80.94 513.0 
80.975 514.0 
80.998 515.0 
81.021 516.0 
81.021 517.0 
80.811 518.0 
80.835 519.0 
80.835 520.0 
80.87 521.0 
80.87 522.0 
80.846 523.0 
80.846 524.0 
80.858 525.0 
80.823 526.0 
80.823 527.0 
80.776 528.0 
80.753 529.0 
80.753 530.0 
80.753 531.0 
80.881 532.0 
80.881 533.0 
80.811 534.0 
80.8 535.0 
80.776 536.0 
80.718 537.0 
80.683 538.0 
80.589 539.0 
80.566 540.0 
80.659 541.0 
80.624 542.0 
80.543 543.0 
80.473 544.0 
80.449 545.0 
80.414 546.0 
80.531 547.0 
80.473 548.0 
80.426 549.0 
80.391 550.0 
80.356 551.0 
80.461 552.0 
80.391 553.0 
80.332 554.0 
80.309 555.0 
80.426 556.0 
80.379 557.0 
80.367 558.0 
79.982 559.0 
80.391 560.0 
80.332 561.0 
80.286 562.0 
80.414 563.0 
80.332 564.0 
80.262 565.0 
80.391 566.0 
80.437 567.0 
80.274 568.0 
80.414 569.0 
80.332 570.0 
80.426 571.0 
80.367 572.0 
80.309 573.0 
80.344 574.0 
80.321 575.0 
80.437 576.0 
80.356 577.0 
80.356 578.0 
80.461 579.0 
80.344 580.0 
80.426 581.0 
80.402 582.0 
80.449 583.0 
80.414 584.0 
80.531 585.0 
80.414 586.0 
80.344 587.0 
80.402 588.0 
80.344 589.0 
80.402 590.0 
80.344 591.0 
80.402 592.0 
80.344 593.0 
80.379 594.0 
80.332 595.0 
80.449 596.0 
80.344 597.0 
80.402 598.0 
80.379 599.0 
80.414 600.0 
80.473 601.0 
80.391 602.0 
80.473 603.0 
80.379 604.0 
80.426 605.0 
80.356 606.0 
80.426 607.0 
80.309 608.0 
80.379 609.0 
80.473 610.0 
80.402 611.0 
80.449 612.0 
80.321 613.0 
80.426 614.0 
80.344 615.0 
80.391 616.0 
80.473 617.0 
80.332 618.0 
80.449 619.0 
80.029 620.0 
80.367 621.0 
80.414 622.0 
80.297 623.0 
80.391 624.0 
80.449 625.0 
80.332 626.0 
80.414 627.0 
80.449 628.0 
80.344 629.0 
80.402 630.0 
80.484 631.0 
80.262 632.0 
80.437 633.0 
80.484 634.0 
80.367 635.0 
80.402 636.0 
80.473 637.0 
80.344 638.0 
80.414 639.0 
80.437 640.0 
80.321 641.0 
80.391 642.0 
80.426 643.0 
80.262 644.0 
80.344 645.0 
80.402 646.0 
80.461 647.0 
80.332 648.0 
80.367 649.0 
80.473 650.0 
80.297 651.0 
80.379 652.0 
80.379 653.0 
80.449 654.0 
80.321 655.0 
80.356 656.0 
80.402 657.0 
80.473 658.0 
80.356 659.0 
80.379 660.0 
80.437 661.0 
80.473 662.0 
80.274 663.0 
80.367 664.0 
80.449 665.0 
80.508 666.0 
80.332 667.0 
80.367 668.0 
80.414 669.0 
80.461 670.0 
80.321 671.0 
80.332 672.0 
80.367 673.0 
80.402 674.0 
80.461 675.0 
80.356 676.0 
80.344 677.0 
80.367 678.0 
80.391 679.0 
80.437 680.0 
80.286 681.0 
80.332 682.0 
80.391 683.0 
80.391 684.0 
80.473 685.0 
80.484 686.0 
80.297 687.0 
80.332 688.0 
80.414 689.0 
80.437 690.0 
80.484 691.0 
80.496 692.0 
80.286 693.0 
80.344 694.0 
80.379 695.0 
80.414 696.0 
80.426 697.0 
80.391 698.0 
80.11 699.0 
80.321 700.0 
80.321 701.0 
80.356 702.0 
80.379 703.0 
80.426 704.0 
80.437 705.0 
80.461 706.0 
80.297 707.0 
80.321 708.0 
80.344 709.0 
80.367 710.0 
80.402 711.0 
80.437 712.0 
80.414 713.0 
80.473 714.0 
80.473 715.0 
80.297 716.0 
80.344 717.0 
80.332 718.0 
80.344 719.0 
80.414 720.0 
80.391 721.0 
80.402 722.0 
80.414 723.0 
80.449 724.0 
80.461 725.0 
80.297 726.0 
80.321 727.0 
80.309 728.0 
80.321 729.0 
80.344 730.0 
80.344 731.0 
80.402 732.0 
80.391 733.0 
80.414 734.0 
80.414 735.0 
80.449 736.0 
80.461 737.0 
80.473 738.0 
80.461 739.0 
80.297 740.0 
80.297 741.0 
80.297 742.0 
80.297 743.0 
80.321 744.0 
80.332 745.0 
80.297 746.0 
80.356 747.0 
80.344 748.0 
80.332 749.0 
80.344 750.0 
80.344 751.0 
80.379 752.0 
80.367 753.0 
80.391 754.0 
80.367 755.0 
80.391 756.0 
80.356 757.0 
80.402 758.0 
80.391 759.0 
80.402 760.0 
80.391 761.0 
80.391 762.0 
80.402 763.0 
80.414 764.0 
80.391 765.0 
80.402 766.0 
80.402 767.0 
80.414 768.0 
80.379 769.0 
80.402 770.0 
80.379 771.0 
80.414 772.0 
80.402 773.0 
80.402 774.0 
80.367 775.0 
80.426 776.0 
80.402 777.0 
80.414 778.0 
80.414 779.0 
80.391 780.0 
80.391 781.0 
80.402 782.0 
80.379 783.0 
80.402 784.0 
80.344 785.0 
80.414 786.0 
80.391 787.0 
80.367 788.0 
80.379 789.0 
80.391 790.0 
80.391 791.0 
80.414 792.0 
80.367 793.0 
80.379 794.0 
80.391 795.0 
80.402 796.0 
80.379 797.0 
80.379 798.0 
80.391 799.0 
80.367 800.0 
80.391 801.0 
80.379 802.0 
80.391 803.0 
80.356 804.0 
-0.002 805.0 
-0.011 806.0 
-0.004 807.0 
-0.007 808.0 
-0.011 809.0 
-0.022 810.0 
-0.035 811.0 
-0.037 812.0 
-0.047 813.0 
-0.044 814.0 
-0.054 815.0 
-0.058 816.0 
-0.059 817.0 
-0.066 818.0 
-0.068 819.0 
-0.065 820.0 
-0.064 821.0 
-0.062 822.0 
-0.065 823.0 
-0.069 824.0 
-0.062 825.0 
-0.061 826.0 
-0.049 827.0 
-0.047 828.0 
-0.041 829.0 
