-0.031 257.0 
-0.047 258.0 
-0.119 259.0 
-0.043 260.0 
-0.054 261.0 
-0.04 262.0 
-0.042 263.0 
-0.036 264.0 
-0.031 265.0 
-0.032 266.0 
-0.035 267.0 
-0.042 268.0 
-0.041 269.0 
-0.031 270.0 
-0.035 271.0 
-0.025 272.0 
-0.047 273.0 
-0.048 274.0 
152.547 275.0 
149.511 276.0 
148.308 277.0 
146.649 278.0 
144.827 279.0 
142.55 280.0 
140.856 281.0 
138.649 282.0 
135.624 283.0 
134.748 284.0 
134.339 285.0 
133.988 286.0 
133.813 287.0 
133.498 288.0 
133.229 289.0 
132.914 290.0 
132.4 291.0 
132.155 292.0 
131.874 293.0 
131.734 294.0 
131.197 295.0 
131.01 296.0 
130.952 297.0 
130.415 298.0 
130.239 299.0 
130.216 300.0 
129.655 301.0 
129.667 302.0 
129.106 303.0 
129.13 304.0 
129.06 305.0 
128.406 306.0 
127.121 307.0 
124.633 308.0 
121.433 309.0 
117.252 310.0 
113.117 311.0 
108.492 312.0 
104.135 313.0 
99.627 314.0 
95.457 315.0 
91.264 316.0 
87.469 317.0 
84.28 318.0 
84.163 319.0 
83.906 320.0 
83.766 321.0 
83.754 322.0 
83.638 323.0 
83.684 324.0 
83.603 325.0 
83.486 326.0 
83.603 327.0 
83.544 328.0 
83.719 329.0 
83.649 330.0 
83.556 331.0 
83.614 332.0 
83.626 333.0 
83.544 334.0 
83.568 335.0 
83.673 336.0 
83.603 337.0 
83.498 338.0 
83.696 339.0 
83.591 340.0 
83.591 341.0 
83.556 342.0 
83.719 343.0 
83.603 344.0 
83.556 345.0 
83.556 346.0 
83.498 347.0 
83.556 348.0 
83.603 349.0 
83.591 350.0 
83.556 351.0 
83.626 352.0 
83.544 353.0 
83.486 354.0 
83.649 355.0 
83.649 356.0 
83.649 357.0 
83.556 358.0 
83.649 359.0 
83.591 360.0 
83.591 361.0 
83.521 362.0 
83.579 363.0 
83.533 364.0 
83.509 365.0 
83.568 366.0 
83.579 367.0 
83.521 368.0 
83.521 369.0 
83.544 370.0 
83.603 371.0 
83.579 372.0 
83.614 373.0 
83.673 374.0 
83.626 375.0 
83.661 376.0 
83.509 377.0 
83.533 378.0 
83.556 379.0 
83.568 380.0 
83.556 381.0 
83.649 382.0 
83.568 383.0 
83.556 384.0 
83.509 385.0 
83.649 386.0 
83.544 387.0 
83.474 388.0 
83.579 389.0 
83.603 390.0 
83.568 391.0 
83.556 392.0 
83.626 393.0 
83.463 394.0 
83.556 395.0 
83.684 396.0 
83.498 397.0 
83.626 398.0 
83.451 399.0 
83.533 400.0 
83.626 401.0 
83.579 402.0 
83.649 403.0 
83.614 404.0 
83.544 405.0 
83.509 406.0 
83.568 407.0 
83.498 408.0 
83.568 409.0 
83.509 410.0 
83.521 411.0 
83.603 412.0 
83.941 413.0 
83.614 414.0 
83.556 415.0 
83.579 416.0 
83.509 417.0 
83.626 418.0 
83.603 419.0 
83.521 420.0 
83.533 421.0 
83.568 422.0 
83.603 423.0 
83.556 424.0 
83.509 425.0 
83.591 426.0 
83.626 427.0 
83.498 428.0 
83.556 429.0 
83.463 430.0 
83.603 431.0 
83.614 432.0 
83.591 433.0 
83.486 434.0 
83.498 435.0 
83.568 436.0 
83.603 437.0 
83.486 438.0 
83.533 439.0 
83.533 440.0 
83.533 441.0 
83.521 442.0 
83.556 443.0 
83.533 444.0 
83.509 445.0 
83.498 446.0 
83.661 447.0 
83.603 448.0 
83.579 449.0 
83.941 450.0 
83.556 451.0 
83.544 452.0 
83.474 453.0 
83.474 454.0 
83.579 455.0 
83.579 456.0 
83.533 457.0 
83.474 458.0 
83.603 459.0 
83.626 460.0 
83.544 461.0 
83.498 462.0 
83.661 463.0 
83.579 464.0 
83.556 465.0 
83.626 466.0 
83.579 467.0 
83.474 468.0 
83.591 469.0 
83.533 470.0 
83.533 471.0 
83.568 472.0 
83.626 473.0 
83.544 474.0 
83.603 475.0 
83.556 476.0 
83.463 477.0 
83.521 478.0 
83.451 479.0 
83.533 480.0 
83.591 481.0 
83.498 482.0 
83.649 483.0 
83.533 484.0 
83.603 485.0 
83.474 486.0 
83.474 487.0 
83.603 488.0 
83.568 489.0 
83.568 490.0 
83.614 491.0 
83.579 492.0 
83.556 493.0 
83.603 494.0 
83.509 495.0 
83.451 496.0 
83.544 497.0 
83.591 498.0 
83.463 499.0 
83.486 500.0 
83.556 501.0 
83.591 502.0 
83.439 503.0 
83.498 504.0 
83.463 505.0 
83.509 506.0 
83.579 507.0 
83.883 508.0 
83.427 509.0 
83.498 510.0 
83.486 511.0 
83.498 512.0 
83.544 513.0 
83.556 514.0 
83.544 515.0 
83.579 516.0 
83.591 517.0 
83.357 518.0 
83.334 519.0 
83.427 520.0 
83.404 521.0 
83.451 522.0 
83.451 523.0 
83.439 524.0 
83.439 525.0 
83.416 526.0 
83.392 527.0 
83.322 528.0 
83.334 529.0 
83.322 530.0 
83.346 531.0 
83.509 532.0 
83.439 533.0 
83.381 534.0 
83.369 535.0 
83.334 536.0 
83.276 537.0 
83.182 538.0 
83.147 539.0 
83.077 540.0 
83.217 541.0 
83.147 542.0 
83.124 543.0 
83.065 544.0 
83.054 545.0 
82.972 546.0 
83.077 547.0 
83.077 548.0 
82.949 549.0 
82.96 550.0 
82.914 551.0 
83.007 552.0 
82.89 553.0 
82.843 554.0 
82.867 555.0 
82.972 556.0 
82.914 557.0 
82.867 558.0 
82.411 559.0 
82.914 560.0 
82.879 561.0 
82.843 562.0 
82.96 563.0 
82.914 564.0 
82.773 565.0 
82.96 566.0 
82.972 567.0 
82.797 568.0 
82.925 569.0 
82.914 570.0 
82.984 571.0 
82.902 572.0 
82.797 573.0 
82.855 574.0 
82.867 575.0 
83.007 576.0 
82.867 577.0 
82.879 578.0 
82.96 579.0 
82.902 580.0 
82.96 581.0 
82.949 582.0 
82.949 583.0 
82.984 584.0 
83.054 585.0 
82.937 586.0 
82.914 587.0 
82.972 588.0 
82.89 589.0 
82.972 590.0 
82.902 591.0 
82.96 592.0 
82.902 593.0 
82.89 594.0 
82.879 595.0 
82.995 596.0 
82.867 597.0 
82.949 598.0 
82.855 599.0 
82.914 600.0 
83.019 601.0 
82.925 602.0 
82.995 603.0 
82.925 604.0 
82.984 605.0 
82.89 606.0 
82.937 607.0 
82.855 608.0 
82.902 609.0 
83.03 610.0 
82.914 611.0 
82.972 612.0 
82.867 613.0 
82.972 614.0 
82.843 615.0 
82.925 616.0 
82.995 617.0 
82.855 618.0 
82.96 619.0 
82.563 620.0 
82.902 621.0 
82.89 622.0 
82.843 623.0 
82.879 624.0 
83.007 625.0 
82.867 626.0 
82.96 627.0 
83.019 628.0 
82.902 629.0 
82.96 630.0 
83.03 631.0 
82.867 632.0 
82.914 633.0 
83.042 634.0 
82.867 635.0 
82.949 636.0 
82.972 637.0 
82.843 638.0 
82.949 639.0 
82.984 640.0 
82.82 641.0 
82.914 642.0 
82.972 643.0 
82.832 644.0 
82.879 645.0 
82.937 646.0 
82.995 647.0 
82.855 648.0 
82.89 649.0 
83.007 650.0 
82.843 651.0 
82.879 652.0 
82.937 653.0 
82.96 654.0 
82.832 655.0 
82.867 656.0 
82.972 657.0 
82.972 658.0 
82.867 659.0 
82.914 660.0 
82.984 661.0 
82.995 662.0 
82.867 663.0 
82.914 664.0 
82.949 665.0 
83.007 666.0 
82.879 667.0 
82.925 668.0 
82.937 669.0 
82.984 670.0 
82.867 671.0 
82.89 672.0 
82.914 673.0 
82.925 674.0 
83.007 675.0 
82.843 676.0 
82.89 677.0 
82.937 678.0 
82.914 679.0 
83.007 680.0 
82.843 681.0 
82.855 682.0 
82.902 683.0 
82.972 684.0 
82.995 685.0 
83.019 686.0 
82.879 687.0 
82.867 688.0 
82.937 689.0 
82.937 690.0 
83.007 691.0 
83.019 692.0 
82.832 693.0 
82.843 694.0 
82.902 695.0 
82.925 696.0 
82.937 697.0 
82.96 698.0 
82.715 699.0 
82.855 700.0 
82.867 701.0 
82.89 702.0 
82.925 703.0 
82.949 704.0 
82.995 705.0 
83.019 706.0 
82.82 707.0 
82.867 708.0 
82.879 709.0 
82.925 710.0 
82.949 711.0 
82.937 712.0 
83.019 713.0 
83.007 714.0 
83.019 715.0 
82.843 716.0 
82.843 717.0 
82.89 718.0 
82.925 719.0 
82.925 720.0 
82.925 721.0 
82.96 722.0 
82.984 723.0 
82.984 724.0 
83.019 725.0 
82.82 726.0 
82.832 727.0 
82.855 728.0 
82.902 729.0 
82.902 730.0 
82.925 731.0 
82.937 732.0 
82.937 733.0 
82.937 734.0 
82.972 735.0 
83.007 736.0 
82.972 737.0 
83.007 738.0 
82.528 739.0 
82.82 740.0 
82.82 741.0 
82.82 742.0 
82.843 743.0 
82.867 744.0 
82.89 745.0 
82.879 746.0 
82.879 747.0 
82.82 748.0 
82.902 749.0 
82.879 750.0 
82.855 751.0 
82.902 752.0 
82.902 753.0 
82.89 754.0 
82.925 755.0 
82.914 756.0 
82.89 757.0 
82.937 758.0 
82.937 759.0 
82.937 760.0 
82.925 761.0 
82.937 762.0 
82.96 763.0 
82.949 764.0 
82.937 765.0 
82.937 766.0 
82.949 767.0 
82.949 768.0 
82.925 769.0 
82.96 770.0 
82.984 771.0 
82.925 772.0 
82.937 773.0 
82.902 774.0 
82.925 775.0 
82.937 776.0 
82.937 777.0 
82.949 778.0 
82.937 779.0 
82.925 780.0 
82.914 781.0 
82.914 782.0 
82.949 783.0 
82.949 784.0 
82.925 785.0 
82.925 786.0 
82.914 787.0 
82.949 788.0 
82.914 789.0 
82.96 790.0 
82.96 791.0 
82.949 792.0 
82.937 793.0 
82.925 794.0 
82.89 795.0 
82.925 796.0 
82.902 797.0 
82.925 798.0 
82.902 799.0 
82.937 800.0 
82.914 801.0 
82.879 802.0 
82.914 803.0 
82.937 804.0 
0.004 805.0 
0.0 806.0 
-0.001 807.0 
0.0 808.0 
-0.001 809.0 
-0.007 810.0 
-0.012 811.0 
-0.024 812.0 
-0.025 813.0 
-0.038 814.0 
-0.029 815.0 
-0.032 816.0 
-0.046 817.0 
-0.047 818.0 
-0.043 819.0 
-0.034 820.0 
-0.04 821.0 
-0.036 822.0 
-0.046 823.0 
-0.048 824.0 
-0.031 825.0 
-0.032 826.0 
-0.026 827.0 
-0.023 828.0 
-0.02 829.0 
