-0.035 257.0 
-0.047 258.0 
-0.119 259.0 
-0.049 260.0 
-0.049 261.0 
-0.065 262.0 
-0.05 263.0 
-0.035 264.0 
-0.056 265.0 
-0.054 266.0 
-0.04 267.0 
-0.041 268.0 
-0.024 269.0 
-0.049 270.0 
-0.064 271.0 
-0.032 272.0 
-0.026 273.0 
-0.036 274.0 
142.082 275.0 
139.233 276.0 
138.24 277.0 
136.71 278.0 
135.028 279.0 
132.797 280.0 
130.87 281.0 
128.429 282.0 
124.715 283.0 
123.43 284.0 
123.033 285.0 
122.706 286.0 
122.519 287.0 
122.25 288.0 
122.017 289.0 
121.631 290.0 
121.176 291.0 
120.989 292.0 
120.872 293.0 
120.802 294.0 
120.23 295.0 
120.09 296.0 
120.008 297.0 
119.494 298.0 
119.342 299.0 
119.284 300.0 
118.793 301.0 
118.712 302.0 
118.233 303.0 
118.151 304.0 
118.058 305.0 
117.462 306.0 
116.282 307.0 
114.145 308.0 
111.599 309.0 
108.212 310.0 
104.778 311.0 
100.888 312.0 
97.139 313.0 
93.04 314.0 
89.104 315.0 
85.039 316.0 
81.372 317.0 
78.253 318.0 
78.055 319.0 
77.821 320.0 
77.669 321.0 
77.704 322.0 
77.599 323.0 
77.646 324.0 
77.599 325.0 
77.541 326.0 
77.588 327.0 
77.518 328.0 
77.669 329.0 
77.599 330.0 
77.564 331.0 
77.611 332.0 
77.646 333.0 
77.576 334.0 
77.564 335.0 
77.599 336.0 
77.599 337.0 
77.471 338.0 
77.658 339.0 
77.529 340.0 
77.518 341.0 
77.541 342.0 
77.623 343.0 
77.541 344.0 
77.564 345.0 
77.529 346.0 
77.483 347.0 
77.483 348.0 
77.588 349.0 
77.541 350.0 
77.483 351.0 
77.576 352.0 
77.529 353.0 
77.401 354.0 
77.599 355.0 
77.494 356.0 
77.541 357.0 
77.518 358.0 
77.611 359.0 
77.553 360.0 
77.494 361.0 
77.518 362.0 
77.576 363.0 
77.506 364.0 
77.506 365.0 
77.494 366.0 
77.576 367.0 
77.529 368.0 
77.541 369.0 
77.518 370.0 
77.553 371.0 
77.611 372.0 
77.588 373.0 
77.611 374.0 
77.553 375.0 
77.833 376.0 
77.424 377.0 
77.518 378.0 
77.506 379.0 
77.518 380.0 
77.506 381.0 
77.611 382.0 
77.529 383.0 
77.541 384.0 
77.518 385.0 
77.611 386.0 
77.471 387.0 
77.483 388.0 
77.564 389.0 
77.553 390.0 
77.576 391.0 
77.518 392.0 
77.634 393.0 
77.459 394.0 
77.576 395.0 
77.623 396.0 
77.471 397.0 
77.553 398.0 
77.553 399.0 
77.483 400.0 
77.599 401.0 
77.576 402.0 
77.599 403.0 
77.553 404.0 
77.518 405.0 
77.459 406.0 
77.506 407.0 
77.483 408.0 
77.553 409.0 
77.494 410.0 
77.553 411.0 
77.576 412.0 
77.915 413.0 
77.623 414.0 
77.494 415.0 
77.576 416.0 
77.483 417.0 
77.763 418.0 
77.553 419.0 
77.459 420.0 
77.506 421.0 
77.553 422.0 
77.599 423.0 
77.506 424.0 
77.494 425.0 
77.564 426.0 
77.599 427.0 
77.506 428.0 
77.471 429.0 
77.494 430.0 
77.576 431.0 
77.588 432.0 
77.588 433.0 
77.506 434.0 
77.471 435.0 
77.518 436.0 
77.669 437.0 
77.412 438.0 
77.506 439.0 
77.494 440.0 
77.506 441.0 
77.506 442.0 
77.529 443.0 
77.529 444.0 
77.506 445.0 
77.483 446.0 
77.611 447.0 
77.599 448.0 
77.599 449.0 
77.541 450.0 
77.483 451.0 
77.541 452.0 
77.483 453.0 
77.483 454.0 
77.541 455.0 
77.518 456.0 
77.494 457.0 
77.471 458.0 
77.553 459.0 
77.553 460.0 
77.553 461.0 
77.471 462.0 
77.588 463.0 
77.553 464.0 
77.564 465.0 
77.553 466.0 
77.506 467.0 
77.424 468.0 
77.553 469.0 
77.518 470.0 
77.483 471.0 
77.518 472.0 
77.611 473.0 
77.541 474.0 
77.588 475.0 
77.494 476.0 
77.436 477.0 
77.529 478.0 
77.424 479.0 
77.506 480.0 
77.611 481.0 
77.506 482.0 
77.553 483.0 
77.494 484.0 
77.541 485.0 
77.448 486.0 
77.471 487.0 
77.599 488.0 
77.518 489.0 
77.541 490.0 
77.576 491.0 
77.564 492.0 
77.518 493.0 
77.576 494.0 
77.494 495.0 
77.424 496.0 
77.541 497.0 
77.588 498.0 
77.436 499.0 
77.471 500.0 
77.518 501.0 
77.564 502.0 
77.377 503.0 
77.448 504.0 
77.506 505.0 
77.506 506.0 
77.494 507.0 
77.564 508.0 
77.424 509.0 
77.448 510.0 
77.459 511.0 
77.471 512.0 
77.518 513.0 
77.506 514.0 
77.494 515.0 
77.553 516.0 
77.541 517.0 
77.401 518.0 
77.342 519.0 
77.377 520.0 
77.366 521.0 
77.389 522.0 
77.401 523.0 
77.366 524.0 
77.448 525.0 
77.401 526.0 
77.354 527.0 
77.366 528.0 
77.342 529.0 
77.296 530.0 
77.261 531.0 
77.412 532.0 
77.401 533.0 
77.354 534.0 
77.354 535.0 
77.284 536.0 
77.237 537.0 
77.191 538.0 
77.097 539.0 
77.132 540.0 
77.191 541.0 
77.132 542.0 
77.062 543.0 
77.027 544.0 
76.992 545.0 
76.945 546.0 
77.062 547.0 
77.004 548.0 
76.969 549.0 
76.899 550.0 
76.782 551.0 
76.934 552.0 
76.899 553.0 
76.852 554.0 
76.84 555.0 
76.922 556.0 
76.875 557.0 
76.828 558.0 
76.992 559.0 
76.91 560.0 
76.864 561.0 
76.77 562.0 
76.899 563.0 
76.875 564.0 
76.712 565.0 
76.887 566.0 
76.992 567.0 
76.817 568.0 
76.899 569.0 
76.84 570.0 
76.945 571.0 
76.875 572.0 
76.793 573.0 
76.852 574.0 
76.817 575.0 
76.934 576.0 
76.887 577.0 
76.887 578.0 
76.91 579.0 
76.887 580.0 
76.957 581.0 
76.887 582.0 
76.992 583.0 
76.91 584.0 
77.015 585.0 
76.922 586.0 
76.864 587.0 
76.934 588.0 
76.864 589.0 
76.899 590.0 
76.852 591.0 
76.899 592.0 
76.864 593.0 
76.887 594.0 
76.852 595.0 
76.945 596.0 
76.852 597.0 
76.934 598.0 
76.864 599.0 
76.922 600.0 
76.98 601.0 
76.875 602.0 
76.957 603.0 
76.887 604.0 
76.945 605.0 
76.852 606.0 
76.922 607.0 
76.84 608.0 
76.887 609.0 
76.969 610.0 
76.887 611.0 
76.957 612.0 
76.887 613.0 
76.922 614.0 
76.828 615.0 
76.887 616.0 
76.934 617.0 
76.84 618.0 
76.934 619.0 
76.583 620.0 
76.864 621.0 
76.91 622.0 
76.84 623.0 
76.899 624.0 
76.969 625.0 
76.84 626.0 
76.922 627.0 
76.945 628.0 
76.84 629.0 
76.922 630.0 
77.004 631.0 
76.805 632.0 
76.934 633.0 
76.992 634.0 
76.864 635.0 
76.91 636.0 
76.934 637.0 
76.852 638.0 
76.91 639.0 
76.934 640.0 
76.852 641.0 
76.887 642.0 
76.922 643.0 
76.805 644.0 
76.864 645.0 
76.899 646.0 
76.957 647.0 
76.84 648.0 
76.875 649.0 
76.957 650.0 
76.828 651.0 
76.864 652.0 
76.922 653.0 
76.969 654.0 
76.817 655.0 
76.864 656.0 
76.852 657.0 
76.957 658.0 
76.828 659.0 
76.887 660.0 
76.945 661.0 
76.992 662.0 
76.84 663.0 
76.875 664.0 
76.934 665.0 
76.992 666.0 
76.852 667.0 
76.887 668.0 
76.957 669.0 
76.957 670.0 
76.828 671.0 
76.864 672.0 
76.899 673.0 
76.91 674.0 
76.992 675.0 
76.852 676.0 
76.864 677.0 
76.887 678.0 
76.887 679.0 
76.945 680.0 
76.817 681.0 
76.828 682.0 
76.84 683.0 
76.899 684.0 
76.934 685.0 
77.004 686.0 
76.828 687.0 
76.875 688.0 
76.91 689.0 
76.887 690.0 
76.945 691.0 
76.98 692.0 
76.817 693.0 
76.875 694.0 
76.852 695.0 
76.899 696.0 
76.899 697.0 
76.98 698.0 
76.536 699.0 
76.805 700.0 
76.84 701.0 
76.875 702.0 
76.899 703.0 
76.84 704.0 
76.957 705.0 
77.004 706.0 
76.828 707.0 
76.852 708.0 
76.84 709.0 
76.864 710.0 
76.91 711.0 
76.922 712.0 
76.969 713.0 
76.98 714.0 
76.98 715.0 
76.805 716.0 
76.828 717.0 
76.852 718.0 
76.922 719.0 
76.91 720.0 
76.91 721.0 
76.922 722.0 
76.934 723.0 
76.969 724.0 
76.969 725.0 
76.805 726.0 
76.805 727.0 
76.828 728.0 
76.817 729.0 
76.899 730.0 
76.887 731.0 
76.887 732.0 
76.922 733.0 
76.945 734.0 
76.934 735.0 
76.922 736.0 
76.969 737.0 
76.957 738.0 
76.957 739.0 
76.782 740.0 
76.793 741.0 
76.793 742.0 
76.817 743.0 
76.84 744.0 
76.852 745.0 
76.852 746.0 
76.828 747.0 
76.828 748.0 
76.852 749.0 
76.875 750.0 
76.864 751.0 
76.875 752.0 
76.887 753.0 
76.875 754.0 
76.864 755.0 
76.875 756.0 
76.887 757.0 
76.875 758.0 
76.875 759.0 
76.899 760.0 
76.91 761.0 
76.899 762.0 
76.91 763.0 
76.887 764.0 
76.91 765.0 
76.91 766.0 
76.934 767.0 
76.91 768.0 
76.922 769.0 
76.922 770.0 
76.91 771.0 
76.887 772.0 
76.922 773.0 
76.934 774.0 
76.899 775.0 
76.875 776.0 
76.91 777.0 
76.899 778.0 
76.91 779.0 
76.922 780.0 
76.887 781.0 
76.934 782.0 
76.887 783.0 
76.887 784.0 
76.91 785.0 
76.922 786.0 
76.922 787.0 
76.899 788.0 
76.887 789.0 
76.899 790.0 
76.899 791.0 
76.91 792.0 
76.945 793.0 
76.91 794.0 
76.887 795.0 
76.899 796.0 
76.887 797.0 
76.887 798.0 
76.91 799.0 
76.899 800.0 
76.899 801.0 
76.887 802.0 
76.899 803.0 
76.887 804.0 
0.0 805.0 
0.0 806.0 
-0.001 807.0 
0.001 808.0 
0.001 809.0 
-0.005 810.0 
-0.017 811.0 
-0.014 812.0 
-0.018 813.0 
-0.019 814.0 
-0.026 815.0 
-0.031 816.0 
-0.03 817.0 
-0.034 818.0 
-0.026 819.0 
-0.032 820.0 
-0.028 821.0 
-0.03 822.0 
-0.03 823.0 
-0.013 824.0 
-0.019 825.0 
-0.025 826.0 
-0.019 827.0 
-0.01 828.0 
-0.008 829.0 
