-0.031 257.0 
-0.026 258.0 
-0.079 259.0 
-0.013 260.0 
-0.031 261.0 
-0.04 262.0 
-0.04 263.0 
-0.044 264.0 
-0.03 265.0 
-0.053 266.0 
-0.032 267.0 
-0.044 268.0 
-0.034 269.0 
-0.052 270.0 
-0.035 271.0 
-0.035 272.0 
-0.023 273.0 
-0.013 274.0 
141.872 275.0 
138.999 276.0 
137.889 277.0 
136.535 278.0 
134.829 279.0 
132.984 280.0 
131.255 281.0 
129.083 282.0 
126.525 283.0 
124.75 284.0 
124.318 285.0 
123.909 286.0 
123.827 287.0 
123.547 288.0 
123.29 289.0 
122.589 290.0 
122.484 291.0 
122.227 292.0 
122.052 293.0 
121.795 294.0 
121.491 295.0 
121.304 296.0 
121.269 297.0 
120.802 298.0 
120.557 299.0 
120.475 300.0 
119.938 301.0 
119.844 302.0 
119.366 303.0 
119.284 304.0 
119.155 305.0 
118.478 306.0 
117.24 307.0 
114.904 308.0 
112.019 309.0 
108.293 310.0 
104.696 311.0 
100.76 312.0 
96.789 313.0 
92.783 314.0 
88.999 315.0 
85.133 316.0 
81.734 317.0 
79.281 318.0 
79.129 319.0 
78.919 320.0 
78.288 321.0 
78.791 322.0 
78.674 323.0 
78.732 324.0 
78.674 325.0 
78.569 326.0 
78.662 327.0 
78.58 328.0 
78.861 329.0 
78.697 330.0 
78.627 331.0 
78.721 332.0 
78.709 333.0 
78.65 334.0 
78.627 335.0 
78.686 336.0 
78.697 337.0 
78.604 338.0 
78.732 339.0 
78.639 340.0 
78.627 341.0 
78.615 342.0 
78.732 343.0 
78.662 344.0 
78.604 345.0 
78.58 346.0 
78.58 347.0 
78.557 348.0 
78.686 349.0 
78.65 350.0 
78.615 351.0 
78.697 352.0 
78.627 353.0 
78.58 354.0 
78.569 355.0 
78.639 356.0 
78.721 357.0 
78.65 358.0 
78.697 359.0 
78.639 360.0 
78.709 361.0 
78.615 362.0 
78.639 363.0 
78.58 364.0 
78.557 365.0 
78.592 366.0 
78.65 367.0 
78.592 368.0 
78.615 369.0 
78.615 370.0 
78.639 371.0 
78.662 372.0 
78.674 373.0 
78.697 374.0 
78.686 375.0 
78.989 376.0 
78.569 377.0 
78.604 378.0 
78.615 379.0 
78.627 380.0 
78.627 381.0 
78.744 382.0 
78.615 383.0 
78.615 384.0 
78.615 385.0 
78.709 386.0 
78.58 387.0 
78.545 388.0 
78.639 389.0 
78.615 390.0 
78.627 391.0 
78.639 392.0 
78.709 393.0 
78.557 394.0 
78.639 395.0 
78.732 396.0 
78.592 397.0 
78.674 398.0 
78.51 399.0 
78.545 400.0 
78.721 401.0 
78.627 402.0 
78.721 403.0 
78.639 404.0 
78.615 405.0 
78.569 406.0 
78.592 407.0 
78.545 408.0 
78.639 409.0 
78.534 410.0 
78.65 411.0 
78.686 412.0 
78.732 413.0 
78.686 414.0 
78.58 415.0 
78.639 416.0 
78.569 417.0 
78.674 418.0 
78.662 419.0 
78.592 420.0 
78.627 421.0 
78.65 422.0 
78.674 423.0 
78.569 424.0 
78.604 425.0 
78.65 426.0 
78.627 427.0 
78.569 428.0 
78.615 429.0 
78.557 430.0 
78.65 431.0 
78.65 432.0 
78.674 433.0 
78.569 434.0 
78.569 435.0 
78.627 436.0 
78.697 437.0 
78.545 438.0 
78.592 439.0 
78.592 440.0 
78.604 441.0 
78.545 442.0 
78.592 443.0 
78.604 444.0 
78.557 445.0 
78.499 446.0 
78.674 447.0 
78.65 448.0 
78.627 449.0 
78.779 450.0 
78.615 451.0 
78.592 452.0 
78.569 453.0 
78.545 454.0 
78.674 455.0 
78.615 456.0 
78.569 457.0 
78.592 458.0 
78.627 459.0 
78.639 460.0 
78.604 461.0 
78.58 462.0 
78.674 463.0 
78.615 464.0 
78.639 465.0 
78.662 466.0 
78.627 467.0 
78.522 468.0 
78.65 469.0 
78.58 470.0 
78.604 471.0 
78.615 472.0 
78.686 473.0 
78.615 474.0 
78.686 475.0 
78.615 476.0 
78.557 477.0 
78.604 478.0 
78.534 479.0 
78.615 480.0 
78.662 481.0 
78.592 482.0 
78.674 483.0 
78.545 484.0 
78.639 485.0 
78.58 486.0 
78.534 487.0 
78.65 488.0 
78.592 489.0 
78.604 490.0 
78.674 491.0 
78.674 492.0 
78.615 493.0 
78.65 494.0 
78.557 495.0 
78.534 496.0 
78.627 497.0 
78.662 498.0 
78.487 499.0 
78.487 500.0 
78.604 501.0 
78.662 502.0 
78.51 503.0 
78.522 504.0 
78.557 505.0 
78.557 506.0 
78.639 507.0 
78.627 508.0 
78.499 509.0 
78.51 510.0 
78.557 511.0 
78.58 512.0 
78.557 513.0 
78.58 514.0 
78.592 515.0 
78.627 516.0 
78.604 517.0 
78.417 518.0 
78.429 519.0 
78.464 520.0 
78.487 521.0 
78.475 522.0 
78.464 523.0 
78.464 524.0 
78.464 525.0 
78.464 526.0 
78.475 527.0 
78.37 528.0 
78.475 529.0 
78.394 530.0 
78.429 531.0 
78.557 532.0 
78.51 533.0 
78.464 534.0 
78.499 535.0 
78.44 536.0 
78.394 537.0 
78.347 538.0 
78.277 539.0 
78.242 540.0 
78.382 541.0 
78.335 542.0 
78.288 543.0 
78.242 544.0 
78.207 545.0 
78.16 546.0 
78.3 547.0 
78.23 548.0 
78.195 549.0 
78.16 550.0 
78.09 551.0 
78.242 552.0 
78.172 553.0 
78.113 554.0 
78.102 555.0 
78.207 556.0 
78.172 557.0 
78.113 558.0 
77.786 559.0 
78.16 560.0 
78.113 561.0 
78.113 562.0 
78.23 563.0 
78.102 564.0 
78.02 565.0 
78.16 566.0 
78.242 567.0 
78.067 568.0 
78.172 569.0 
78.102 570.0 
78.23 571.0 
78.137 572.0 
78.113 573.0 
78.183 574.0 
78.102 575.0 
78.195 576.0 
78.16 577.0 
78.172 578.0 
78.23 579.0 
78.148 580.0 
78.218 581.0 
78.172 582.0 
78.183 583.0 
78.183 584.0 
78.312 585.0 
78.195 586.0 
78.125 587.0 
78.207 588.0 
78.125 589.0 
78.195 590.0 
78.125 591.0 
78.195 592.0 
78.16 593.0 
78.16 594.0 
78.113 595.0 
78.148 596.0 
78.137 597.0 
78.23 598.0 
78.137 599.0 
78.183 600.0 
78.265 601.0 
78.148 602.0 
78.253 603.0 
78.125 604.0 
78.23 605.0 
78.125 606.0 
78.195 607.0 
78.078 608.0 
78.172 609.0 
78.253 610.0 
78.183 611.0 
78.253 612.0 
78.137 613.0 
78.242 614.0 
78.102 615.0 
78.148 616.0 
78.23 617.0 
78.125 618.0 
78.195 619.0 
77.845 620.0 
78.172 621.0 
78.183 622.0 
78.137 623.0 
78.195 624.0 
78.23 625.0 
78.102 626.0 
78.183 627.0 
78.23 628.0 
78.16 629.0 
78.195 630.0 
78.277 631.0 
78.043 632.0 
78.218 633.0 
78.253 634.0 
78.183 635.0 
78.207 636.0 
78.253 637.0 
78.137 638.0 
78.172 639.0 
78.218 640.0 
78.09 641.0 
78.16 642.0 
78.253 643.0 
78.078 644.0 
78.137 645.0 
78.218 646.0 
78.242 647.0 
78.113 648.0 
78.137 649.0 
78.218 650.0 
78.09 651.0 
78.125 652.0 
78.183 653.0 
78.265 654.0 
78.102 655.0 
78.148 656.0 
78.113 657.0 
78.23 658.0 
78.113 659.0 
78.183 660.0 
78.265 661.0 
78.277 662.0 
78.078 663.0 
78.16 664.0 
78.218 665.0 
78.253 666.0 
78.113 667.0 
78.148 668.0 
78.23 669.0 
78.242 670.0 
78.137 671.0 
78.125 672.0 
78.172 673.0 
78.172 674.0 
78.242 675.0 
78.09 676.0 
78.148 677.0 
78.172 678.0 
78.16 679.0 
78.23 680.0 
78.102 681.0 
78.113 682.0 
78.183 683.0 
78.195 684.0 
78.23 685.0 
78.253 686.0 
78.102 687.0 
78.09 688.0 
78.16 689.0 
78.23 690.0 
78.218 691.0 
78.23 692.0 
78.102 693.0 
78.148 694.0 
78.148 695.0 
78.172 696.0 
78.23 697.0 
78.172 698.0 
77.763 699.0 
78.078 700.0 
78.125 701.0 
78.172 702.0 
78.172 703.0 
78.102 704.0 
78.23 705.0 
78.265 706.0 
78.078 707.0 
78.113 708.0 
78.125 709.0 
78.148 710.0 
78.16 711.0 
78.207 712.0 
78.218 713.0 
78.242 714.0 
78.265 715.0 
78.078 716.0 
78.137 717.0 
78.113 718.0 
78.137 719.0 
78.16 720.0 
78.183 721.0 
78.207 722.0 
78.207 723.0 
78.242 724.0 
78.23 725.0 
78.031 726.0 
78.078 727.0 
78.113 728.0 
78.148 729.0 
78.125 730.0 
78.183 731.0 
78.148 732.0 
78.207 733.0 
78.207 734.0 
78.207 735.0 
78.23 736.0 
78.265 737.0 
78.253 738.0 
77.798 739.0 
78.067 740.0 
78.09 741.0 
78.102 742.0 
78.102 743.0 
78.102 744.0 
78.137 745.0 
78.113 746.0 
78.137 747.0 
78.102 748.0 
78.113 749.0 
78.125 750.0 
78.16 751.0 
78.16 752.0 
78.148 753.0 
78.195 754.0 
78.137 755.0 
78.183 756.0 
78.16 757.0 
78.183 758.0 
78.148 759.0 
78.195 760.0 
78.172 761.0 
78.183 762.0 
78.172 763.0 
78.16 764.0 
78.195 765.0 
78.16 766.0 
78.16 767.0 
78.207 768.0 
78.183 769.0 
78.183 770.0 
78.16 771.0 
78.218 772.0 
78.195 773.0 
78.183 774.0 
78.183 775.0 
78.16 776.0 
78.195 777.0 
78.195 778.0 
78.183 779.0 
78.195 780.0 
78.16 781.0 
78.172 782.0 
78.16 783.0 
78.172 784.0 
78.183 785.0 
78.183 786.0 
78.172 787.0 
78.172 788.0 
78.16 789.0 
78.207 790.0 
78.183 791.0 
78.183 792.0 
78.172 793.0 
78.183 794.0 
78.172 795.0 
78.172 796.0 
78.195 797.0 
78.183 798.0 
78.172 799.0 
78.172 800.0 
78.183 801.0 
78.172 802.0 
78.195 803.0 
78.207 804.0 
-0.005 805.0 
0.01 806.0 
0.007 807.0 
-0.006 808.0 
0.0 809.0 
0.005 810.0 
0.0 811.0 
-0.01 812.0 
-0.008 813.0 
-0.008 814.0 
-0.008 815.0 
-0.013 816.0 
-0.016 817.0 
-0.017 818.0 
-0.017 819.0 
-0.032 820.0 
-0.031 821.0 
-0.032 822.0 
-0.025 823.0 
-0.042 824.0 
-0.044 825.0 
-0.037 826.0 
-0.026 827.0 
-0.032 828.0 
-0.037 829.0 
