-0.028 257.0 
-0.034 258.0 
-0.048 259.0 
-0.061 260.0 
-0.04 261.0 
-0.023 262.0 
-0.036 263.0 
-0.035 264.0 
-0.049 265.0 
-0.038 266.0 
-0.044 267.0 
-0.028 268.0 
-0.04 269.0 
-0.055 270.0 
-0.034 271.0 
-0.052 272.0 
-0.053 273.0 
-0.048 274.0 
136.71 275.0 
133.872 276.0 
132.622 277.0 
131.244 278.0 
129.527 279.0 
127.541 280.0 
125.731 281.0 
123.489 282.0 
120.242 283.0 
119.155 284.0 
118.583 285.0 
118.244 286.0 
117.987 287.0 
117.766 288.0 
117.474 289.0 
117.333 290.0 
116.679 291.0 
116.457 292.0 
116.282 293.0 
116.224 294.0 
115.663 295.0 
115.5 296.0 
115.406 297.0 
114.927 298.0 
114.717 299.0 
114.647 300.0 
114.121 301.0 
114.016 302.0 
113.538 303.0 
113.467 304.0 
113.292 305.0 
112.58 306.0 
111.248 307.0 
108.994 308.0 
106.518 309.0 
103.224 310.0 
99.977 311.0 
96.322 312.0 
93.04 313.0 
89.15 314.0 
85.413 315.0 
81.64 316.0 
78.253 317.0 
75.614 318.0 
75.38 319.0 
75.1 320.0 
73.99 321.0 
74.925 322.0 
74.808 323.0 
74.843 324.0 
74.75 325.0 
74.621 326.0 
74.738 327.0 
74.691 328.0 
74.901 329.0 
74.761 330.0 
74.703 331.0 
75.041 332.0 
74.831 333.0 
74.691 334.0 
74.773 335.0 
74.785 336.0 
74.831 337.0 
74.714 338.0 
74.831 339.0 
74.761 340.0 
74.75 341.0 
74.726 342.0 
74.75 343.0 
74.75 344.0 
74.726 345.0 
74.703 346.0 
74.691 347.0 
74.82 348.0 
74.761 349.0 
74.738 350.0 
74.679 351.0 
74.75 352.0 
74.703 353.0 
74.656 354.0 
74.82 355.0 
74.726 356.0 
74.82 357.0 
74.761 358.0 
74.796 359.0 
74.738 360.0 
74.808 361.0 
74.703 362.0 
74.761 363.0 
74.714 364.0 
74.703 365.0 
74.726 366.0 
74.773 367.0 
74.679 368.0 
74.714 369.0 
74.75 370.0 
74.773 371.0 
74.82 372.0 
74.785 373.0 
74.785 374.0 
74.855 375.0 
74.82 376.0 
74.574 377.0 
74.75 378.0 
74.691 379.0 
74.726 380.0 
74.75 381.0 
74.831 382.0 
74.738 383.0 
74.714 384.0 
74.714 385.0 
74.808 386.0 
74.668 387.0 
74.668 388.0 
74.773 389.0 
74.761 390.0 
74.726 391.0 
74.714 392.0 
74.773 393.0 
74.656 394.0 
74.726 395.0 
74.843 396.0 
74.656 397.0 
74.75 398.0 
74.656 399.0 
74.691 400.0 
74.785 401.0 
74.785 402.0 
74.796 403.0 
74.773 404.0 
74.726 405.0 
74.679 406.0 
74.714 407.0 
74.703 408.0 
74.726 409.0 
74.691 410.0 
74.703 411.0 
74.773 412.0 
74.796 413.0 
74.796 414.0 
74.726 415.0 
74.738 416.0 
74.703 417.0 
74.843 418.0 
74.761 419.0 
74.679 420.0 
74.703 421.0 
74.75 422.0 
74.773 423.0 
74.738 424.0 
74.703 425.0 
74.75 426.0 
74.785 427.0 
74.714 428.0 
74.75 429.0 
74.644 430.0 
74.773 431.0 
74.773 432.0 
74.773 433.0 
74.679 434.0 
74.703 435.0 
74.773 436.0 
74.878 437.0 
74.656 438.0 
74.703 439.0 
74.714 440.0 
74.714 441.0 
74.703 442.0 
74.738 443.0 
74.691 444.0 
74.656 445.0 
74.691 446.0 
74.761 447.0 
74.773 448.0 
74.738 449.0 
75.065 450.0 
74.679 451.0 
74.714 452.0 
74.656 453.0 
74.644 454.0 
74.738 455.0 
74.75 456.0 
74.703 457.0 
74.691 458.0 
74.773 459.0 
74.785 460.0 
74.714 461.0 
74.714 462.0 
74.785 463.0 
74.773 464.0 
74.761 465.0 
74.773 466.0 
74.726 467.0 
74.633 468.0 
74.773 469.0 
74.703 470.0 
74.703 471.0 
74.726 472.0 
74.773 473.0 
74.703 474.0 
74.808 475.0 
74.714 476.0 
74.656 477.0 
74.691 478.0 
74.656 479.0 
74.714 480.0 
74.785 481.0 
74.714 482.0 
74.785 483.0 
74.633 484.0 
74.691 485.0 
74.679 486.0 
74.703 487.0 
74.761 488.0 
74.726 489.0 
74.703 490.0 
74.738 491.0 
74.75 492.0 
74.691 493.0 
74.75 494.0 
74.714 495.0 
74.656 496.0 
74.738 497.0 
74.785 498.0 
74.656 499.0 
74.668 500.0 
74.761 501.0 
74.773 502.0 
74.633 503.0 
74.656 504.0 
74.668 505.0 
74.691 506.0 
74.726 507.0 
74.75 508.0 
74.656 509.0 
74.644 510.0 
74.644 511.0 
74.714 512.0 
74.691 513.0 
74.714 514.0 
74.738 515.0 
74.761 516.0 
74.75 517.0 
74.574 518.0 
74.539 519.0 
74.609 520.0 
74.621 521.0 
74.644 522.0 
74.621 523.0 
74.609 524.0 
74.609 525.0 
74.633 526.0 
74.574 527.0 
74.574 528.0 
74.574 529.0 
74.516 530.0 
74.563 531.0 
74.679 532.0 
74.644 533.0 
74.563 534.0 
74.621 535.0 
74.563 536.0 
74.539 537.0 
74.458 538.0 
74.411 539.0 
74.387 540.0 
74.481 541.0 
74.458 542.0 
74.387 543.0 
74.352 544.0 
74.352 545.0 
74.317 546.0 
74.376 547.0 
74.352 548.0 
74.306 549.0 
74.224 550.0 
74.189 551.0 
74.306 552.0 
74.271 553.0 
74.201 554.0 
74.189 555.0 
74.294 556.0 
74.212 557.0 
74.212 558.0 
74.364 559.0 
74.294 560.0 
74.224 561.0 
74.177 562.0 
74.294 563.0 
74.224 564.0 
74.06 565.0 
74.294 566.0 
74.422 567.0 
74.166 568.0 
74.271 569.0 
74.201 570.0 
74.294 571.0 
74.259 572.0 
74.154 573.0 
74.212 574.0 
74.201 575.0 
74.317 576.0 
74.236 577.0 
74.236 578.0 
74.329 579.0 
74.247 580.0 
74.294 581.0 
74.259 582.0 
74.341 583.0 
74.271 584.0 
74.376 585.0 
74.282 586.0 
74.201 587.0 
74.294 588.0 
74.236 589.0 
74.282 590.0 
74.224 591.0 
74.271 592.0 
74.177 593.0 
74.247 594.0 
74.212 595.0 
74.329 596.0 
74.224 597.0 
74.341 598.0 
74.212 599.0 
74.271 600.0 
74.364 601.0 
74.294 602.0 
74.364 603.0 
74.259 604.0 
74.282 605.0 
74.224 606.0 
74.259 607.0 
74.154 608.0 
74.247 609.0 
74.341 610.0 
74.247 611.0 
74.317 612.0 
74.224 613.0 
74.294 614.0 
74.201 615.0 
74.271 616.0 
74.306 617.0 
74.236 618.0 
74.247 619.0 
73.874 620.0 
74.247 621.0 
74.247 622.0 
74.212 623.0 
74.236 624.0 
74.306 625.0 
74.177 626.0 
74.259 627.0 
74.317 628.0 
74.201 629.0 
74.247 630.0 
74.352 631.0 
74.177 632.0 
74.271 633.0 
74.352 634.0 
74.224 635.0 
74.317 636.0 
74.329 637.0 
74.247 638.0 
74.294 639.0 
74.317 640.0 
74.177 641.0 
74.282 642.0 
74.294 643.0 
74.166 644.0 
74.224 645.0 
74.271 646.0 
74.329 647.0 
74.236 648.0 
74.236 649.0 
74.317 650.0 
74.177 651.0 
74.236 652.0 
74.247 653.0 
74.306 654.0 
74.189 655.0 
74.236 656.0 
74.224 657.0 
74.329 658.0 
74.224 659.0 
74.271 660.0 
74.329 661.0 
74.376 662.0 
74.13 663.0 
74.236 664.0 
74.282 665.0 
74.329 666.0 
74.189 667.0 
74.259 668.0 
74.271 669.0 
74.317 670.0 
74.189 671.0 
74.236 672.0 
74.224 673.0 
74.271 674.0 
74.376 675.0 
74.177 676.0 
74.224 677.0 
74.282 678.0 
74.236 679.0 
74.352 680.0 
74.189 681.0 
74.224 682.0 
74.247 683.0 
74.294 684.0 
74.317 685.0 
74.352 686.0 
74.189 687.0 
74.189 688.0 
74.236 689.0 
74.259 690.0 
74.317 691.0 
74.317 692.0 
74.166 693.0 
74.189 694.0 
74.236 695.0 
74.259 696.0 
74.294 697.0 
74.282 698.0 
73.909 699.0 
74.189 700.0 
74.201 701.0 
74.247 702.0 
74.271 703.0 
74.212 704.0 
74.294 705.0 
74.341 706.0 
74.154 707.0 
74.201 708.0 
74.212 709.0 
74.236 710.0 
74.259 711.0 
74.294 712.0 
74.317 713.0 
74.352 714.0 
74.364 715.0 
74.177 716.0 
74.177 717.0 
74.224 718.0 
74.236 719.0 
74.259 720.0 
74.282 721.0 
74.294 722.0 
74.306 723.0 
74.294 724.0 
74.341 725.0 
74.142 726.0 
74.095 727.0 
74.166 728.0 
74.212 729.0 
74.224 730.0 
74.224 731.0 
74.259 732.0 
74.236 733.0 
74.282 734.0 
74.294 735.0 
74.306 736.0 
74.341 737.0 
74.341 738.0 
74.341 739.0 
74.177 740.0 
74.154 741.0 
74.177 742.0 
74.201 743.0 
74.177 744.0 
74.201 745.0 
74.212 746.0 
74.224 747.0 
74.212 748.0 
74.224 749.0 
74.236 750.0 
74.212 751.0 
74.236 752.0 
74.259 753.0 
74.259 754.0 
74.259 755.0 
74.282 756.0 
74.247 757.0 
74.259 758.0 
74.306 759.0 
74.282 760.0 
74.247 761.0 
74.259 762.0 
74.282 763.0 
74.306 764.0 
74.247 765.0 
74.271 766.0 
74.271 767.0 
74.282 768.0 
74.294 769.0 
74.271 770.0 
74.271 771.0 
74.247 772.0 
74.259 773.0 
74.259 774.0 
74.282 775.0 
74.306 776.0 
74.259 777.0 
74.306 778.0 
74.247 779.0 
74.271 780.0 
74.259 781.0 
74.271 782.0 
74.282 783.0 
74.247 784.0 
74.247 785.0 
74.282 786.0 
74.271 787.0 
74.247 788.0 
74.247 789.0 
74.271 790.0 
74.259 791.0 
74.259 792.0 
74.247 793.0 
74.271 794.0 
74.282 795.0 
74.271 796.0 
74.247 797.0 
74.282 798.0 
74.247 799.0 
74.247 800.0 
74.271 801.0 
74.236 802.0 
74.282 803.0 
74.236 804.0 
-0.001 805.0 
-0.001 806.0 
-0.006 807.0 
-0.001 808.0 
-0.008 809.0 
-0.02 810.0 
-0.022 811.0 
-0.022 812.0 
-0.034 813.0 
-0.036 814.0 
-0.04 815.0 
-0.05 816.0 
-0.046 817.0 
-0.052 818.0 
-0.056 819.0 
-0.049 820.0 
-0.053 821.0 
-0.06 822.0 
-0.054 823.0 
-0.061 824.0 
-0.05 825.0 
-0.052 826.0 
-0.052 827.0 
-0.042 828.0 
-0.042 829.0 
