-0.036 257.0 
-0.036 258.0 
-0.152 259.0 
-0.026 260.0 
-0.052 261.0 
-0.037 262.0 
-0.054 263.0 
-0.037 264.0 
-0.018 265.0 
-0.037 266.0 
-0.036 267.0 
-0.034 268.0 
-0.031 269.0 
-0.044 270.0 
-0.041 271.0 
-0.029 272.0 
-0.038 273.0 
-0.037 274.0 
137.072 275.0 
134.841 276.0 
133.848 277.0 
132.645 278.0 
131.197 279.0 
129.492 280.0 
128.125 281.0 
126.163 282.0 
123.442 283.0 
122.507 284.0 
122.134 285.0 
121.807 286.0 
121.62 287.0 
121.351 288.0 
121.094 289.0 
120.907 290.0 
120.323 291.0 
120.183 292.0 
119.973 293.0 
119.88 294.0 
119.342 295.0 
119.261 296.0 
119.225 297.0 
118.735 298.0 
118.536 299.0 
118.501 300.0 
117.941 301.0 
117.894 302.0 
117.415 303.0 
117.275 304.0 
117.147 305.0 
116.504 306.0 
115.231 307.0 
112.778 308.0 
110.045 309.0 
106.273 310.0 
102.792 311.0 
98.634 312.0 
94.581 313.0 
90.155 314.0 
86.476 315.0 
82.762 316.0 
79.281 317.0 
76.677 318.0 
76.56 319.0 
76.303 320.0 
76.221 321.0 
76.256 322.0 
76.104 323.0 
76.163 324.0 
76.128 325.0 
76.023 326.0 
76.139 327.0 
76.034 328.0 
76.209 329.0 
76.151 330.0 
76.069 331.0 
76.35 332.0 
76.139 333.0 
76.069 334.0 
76.116 335.0 
76.116 336.0 
76.104 337.0 
76.034 338.0 
76.186 339.0 
76.046 340.0 
76.023 341.0 
76.081 342.0 
76.069 343.0 
76.104 344.0 
76.069 345.0 
76.034 346.0 
76.011 347.0 
76.011 348.0 
76.116 349.0 
76.104 350.0 
76.046 351.0 
76.116 352.0 
76.046 353.0 
75.976 354.0 
76.163 355.0 
76.116 356.0 
76.104 357.0 
76.069 358.0 
76.128 359.0 
76.081 360.0 
76.128 361.0 
76.046 362.0 
76.058 363.0 
76.034 364.0 
76.034 365.0 
76.069 366.0 
76.139 367.0 
76.046 368.0 
76.069 369.0 
76.093 370.0 
76.128 371.0 
76.128 372.0 
76.104 373.0 
76.116 374.0 
76.128 375.0 
76.338 376.0 
75.964 377.0 
76.069 378.0 
76.058 379.0 
76.046 380.0 
76.069 381.0 
76.163 382.0 
76.069 383.0 
76.081 384.0 
76.034 385.0 
76.139 386.0 
76.011 387.0 
76.011 388.0 
76.104 389.0 
76.104 390.0 
76.069 391.0 
76.081 392.0 
76.116 393.0 
75.953 394.0 
76.081 395.0 
76.128 396.0 
75.988 397.0 
76.069 398.0 
75.906 399.0 
76.023 400.0 
76.104 401.0 
76.081 402.0 
76.163 403.0 
76.093 404.0 
76.058 405.0 
75.999 406.0 
76.058 407.0 
76.046 408.0 
76.093 409.0 
76.023 410.0 
76.069 411.0 
76.104 412.0 
76.174 413.0 
76.081 414.0 
76.046 415.0 
76.069 416.0 
76.011 417.0 
76.163 418.0 
76.104 419.0 
76.034 420.0 
76.046 421.0 
76.069 422.0 
76.116 423.0 
76.034 424.0 
76.058 425.0 
76.093 426.0 
76.128 427.0 
76.023 428.0 
76.023 429.0 
75.988 430.0 
76.093 431.0 
76.116 432.0 
76.128 433.0 
75.976 434.0 
76.011 435.0 
76.058 436.0 
76.221 437.0 
75.999 438.0 
76.023 439.0 
76.023 440.0 
76.011 441.0 
75.988 442.0 
76.058 443.0 
76.023 444.0 
76.046 445.0 
76.011 446.0 
76.128 447.0 
76.069 448.0 
76.093 449.0 
76.35 450.0 
76.034 451.0 
76.046 452.0 
76.034 453.0 
75.976 454.0 
76.058 455.0 
76.069 456.0 
76.023 457.0 
75.988 458.0 
76.081 459.0 
76.093 460.0 
76.023 461.0 
75.976 462.0 
76.128 463.0 
76.081 464.0 
76.116 465.0 
76.151 466.0 
76.081 467.0 
75.976 468.0 
76.093 469.0 
76.034 470.0 
76.046 471.0 
76.034 472.0 
76.116 473.0 
76.034 474.0 
76.093 475.0 
76.046 476.0 
75.988 477.0 
76.046 478.0 
75.964 479.0 
76.034 480.0 
76.104 481.0 
76.034 482.0 
76.116 483.0 
76.023 484.0 
76.093 485.0 
75.999 486.0 
75.999 487.0 
76.081 488.0 
76.023 489.0 
76.023 490.0 
76.093 491.0 
76.069 492.0 
76.023 493.0 
76.069 494.0 
75.988 495.0 
75.999 496.0 
76.023 497.0 
76.081 498.0 
75.941 499.0 
75.976 500.0 
76.046 501.0 
76.069 502.0 
75.941 503.0 
75.999 504.0 
76.011 505.0 
76.023 506.0 
76.093 507.0 
76.431 508.0 
75.941 509.0 
75.953 510.0 
75.999 511.0 
75.999 512.0 
75.999 513.0 
76.023 514.0 
76.034 515.0 
76.023 516.0 
76.058 517.0 
75.871 518.0 
75.871 519.0 
75.906 520.0 
75.929 521.0 
75.917 522.0 
75.882 523.0 
75.917 524.0 
75.894 525.0 
75.906 526.0 
75.871 527.0 
75.847 528.0 
75.847 529.0 
75.801 530.0 
75.836 531.0 
75.964 532.0 
75.941 533.0 
75.847 534.0 
75.847 535.0 
75.812 536.0 
75.766 537.0 
75.742 538.0 
75.684 539.0 
75.707 540.0 
75.777 541.0 
75.719 542.0 
75.672 543.0 
75.637 544.0 
75.602 545.0 
75.544 546.0 
75.637 547.0 
75.602 548.0 
75.579 549.0 
75.52 550.0 
75.462 551.0 
75.579 552.0 
75.544 553.0 
75.45 554.0 
75.439 555.0 
75.602 556.0 
75.532 557.0 
75.462 558.0 
75.03 559.0 
75.532 560.0 
75.45 561.0 
75.404 562.0 
75.532 563.0 
75.497 564.0 
75.369 565.0 
75.544 566.0 
75.614 567.0 
75.404 568.0 
75.497 569.0 
75.462 570.0 
75.567 571.0 
75.497 572.0 
75.415 573.0 
75.439 574.0 
75.45 575.0 
75.555 576.0 
75.45 577.0 
75.485 578.0 
75.555 579.0 
75.52 580.0 
75.579 581.0 
75.52 582.0 
75.567 583.0 
75.52 584.0 
75.625 585.0 
75.555 586.0 
75.474 587.0 
75.567 588.0 
75.485 589.0 
75.567 590.0 
75.497 591.0 
75.579 592.0 
75.497 593.0 
75.474 594.0 
75.462 595.0 
75.532 596.0 
75.439 597.0 
75.544 598.0 
75.497 599.0 
75.509 600.0 
75.614 601.0 
75.509 602.0 
75.567 603.0 
75.509 604.0 
75.602 605.0 
75.462 606.0 
75.555 607.0 
75.427 608.0 
75.52 609.0 
75.59 610.0 
75.532 611.0 
75.602 612.0 
75.474 613.0 
75.555 614.0 
75.474 615.0 
75.509 616.0 
75.567 617.0 
75.474 618.0 
75.555 619.0 
75.147 620.0 
75.509 621.0 
75.544 622.0 
75.439 623.0 
75.474 624.0 
75.579 625.0 
75.45 626.0 
75.555 627.0 
75.59 628.0 
75.485 629.0 
75.52 630.0 
75.614 631.0 
75.404 632.0 
75.532 633.0 
75.625 634.0 
75.474 635.0 
75.544 636.0 
75.59 637.0 
75.485 638.0 
75.497 639.0 
75.567 640.0 
75.474 641.0 
75.485 642.0 
75.579 643.0 
75.45 644.0 
75.497 645.0 
75.555 646.0 
75.59 647.0 
75.45 648.0 
75.497 649.0 
75.579 650.0 
75.415 651.0 
75.485 652.0 
75.532 653.0 
75.59 654.0 
75.415 655.0 
75.485 656.0 
75.497 657.0 
75.567 658.0 
75.45 659.0 
75.52 660.0 
75.532 661.0 
75.579 662.0 
75.404 663.0 
75.485 664.0 
75.544 665.0 
75.614 666.0 
75.485 667.0 
75.497 668.0 
75.579 669.0 
75.579 670.0 
75.45 671.0 
75.509 672.0 
75.544 673.0 
75.555 674.0 
75.579 675.0 
75.462 676.0 
75.474 677.0 
75.485 678.0 
75.544 679.0 
75.579 680.0 
75.45 681.0 
75.427 682.0 
75.509 683.0 
75.544 684.0 
75.579 685.0 
75.602 686.0 
75.45 687.0 
75.509 688.0 
75.52 689.0 
75.544 690.0 
75.602 691.0 
75.59 692.0 
75.427 693.0 
75.474 694.0 
75.474 695.0 
75.532 696.0 
75.579 697.0 
75.52 698.0 
75.205 699.0 
75.427 700.0 
75.485 701.0 
75.485 702.0 
75.497 703.0 
75.52 704.0 
75.544 705.0 
75.59 706.0 
75.439 707.0 
75.439 708.0 
75.474 709.0 
75.509 710.0 
75.52 711.0 
75.544 712.0 
75.555 713.0 
75.59 714.0 
75.602 715.0 
75.439 716.0 
75.439 717.0 
75.462 718.0 
75.485 719.0 
75.474 720.0 
75.497 721.0 
75.532 722.0 
75.532 723.0 
75.602 724.0 
75.59 725.0 
75.427 726.0 
75.427 727.0 
75.462 728.0 
75.474 729.0 
75.509 730.0 
75.52 731.0 
75.52 732.0 
75.52 733.0 
75.532 734.0 
75.579 735.0 
75.544 736.0 
75.579 737.0 
75.544 738.0 
75.602 739.0 
75.404 740.0 
75.439 741.0 
75.415 742.0 
75.427 743.0 
75.462 744.0 
75.474 745.0 
75.427 746.0 
75.462 747.0 
75.45 748.0 
75.497 749.0 
75.462 750.0 
75.509 751.0 
75.52 752.0 
75.485 753.0 
75.52 754.0 
75.474 755.0 
75.485 756.0 
75.497 757.0 
75.497 758.0 
75.474 759.0 
75.509 760.0 
75.544 761.0 
75.509 762.0 
75.497 763.0 
75.497 764.0 
75.52 765.0 
75.532 766.0 
75.532 767.0 
75.532 768.0 
75.509 769.0 
75.532 770.0 
75.52 771.0 
75.544 772.0 
75.509 773.0 
75.52 774.0 
75.532 775.0 
75.544 776.0 
75.497 777.0 
75.52 778.0 
75.497 779.0 
75.485 780.0 
75.52 781.0 
75.485 782.0 
75.52 783.0 
75.509 784.0 
75.509 785.0 
75.532 786.0 
75.52 787.0 
75.497 788.0 
75.52 789.0 
75.52 790.0 
75.532 791.0 
75.509 792.0 
75.532 793.0 
75.509 794.0 
75.497 795.0 
75.509 796.0 
75.52 797.0 
75.497 798.0 
75.509 799.0 
75.52 800.0 
75.509 801.0 
75.532 802.0 
75.509 803.0 
75.485 804.0 
-0.001 805.0 
0.002 806.0 
0.001 807.0 
0.0 808.0 
-0.001 809.0 
0.005 810.0 
0.01 811.0 
-0.001 812.0 
-0.002 813.0 
0.0 814.0 
-0.002 815.0 
0.0 816.0 
-0.006 817.0 
-0.005 818.0 
-0.004 819.0 
-0.017 820.0 
-0.004 821.0 
-0.018 822.0 
-0.01 823.0 
-0.013 824.0 
-0.013 825.0 
-0.012 826.0 
-0.006 827.0 
-0.016 828.0 
-0.023 829.0 
