-0.049 257.0 
-0.042 258.0 
-0.054 259.0 
-0.062 260.0 
-0.056 261.0 
-0.05 262.0 
-0.036 263.0 
-0.022 264.0 
-0.067 265.0 
-0.068 266.0 
-0.05 267.0 
-0.053 268.0 
-0.037 269.0 
-0.056 270.0 
-0.049 271.0 
-0.042 272.0 
-0.042 273.0 
-0.042 274.0 
141.125 275.0 
138.03 276.0 
136.873 277.0 
135.297 278.0 
133.463 279.0 
131.127 280.0 
129.001 281.0 
125.895 282.0 
122.706 283.0 
121.363 284.0 
120.837 285.0 
120.428 286.0 
120.172 287.0 
119.891 288.0 
119.599 289.0 
118.969 290.0 
118.805 291.0 
118.525 292.0 
118.385 293.0 
118.046 294.0 
117.766 295.0 
117.614 296.0 
117.485 297.0 
116.995 298.0 
116.819 299.0 
116.516 300.0 
116.165 301.0 
116.025 302.0 
115.5 303.0 
115.418 304.0 
115.92 305.0 
114.565 306.0 
113.21 307.0 
110.956 308.0 
108.457 309.0 
105.035 310.0 
101.589 311.0 
97.665 312.0 
94.219 313.0 
90.178 314.0 
86.324 315.0 
82.283 316.0 
78.65 317.0 
75.824 318.0 
75.59 319.0 
75.333 320.0 
75.17 321.0 
75.123 322.0 
75.03 323.0 
75.053 324.0 
74.971 325.0 
74.89 326.0 
75.006 327.0 
74.901 328.0 
75.065 329.0 
74.971 330.0 
74.925 331.0 
74.901 332.0 
75.006 333.0 
74.948 334.0 
74.878 335.0 
75.041 336.0 
74.983 337.0 
74.89 338.0 
75.392 339.0 
74.901 340.0 
74.936 341.0 
74.925 342.0 
75.065 343.0 
74.983 344.0 
74.913 345.0 
74.901 346.0 
74.855 347.0 
74.948 348.0 
74.936 349.0 
74.936 350.0 
74.89 351.0 
74.925 352.0 
74.913 353.0 
74.866 354.0 
74.89 355.0 
74.971 356.0 
75.018 357.0 
74.948 358.0 
75.006 359.0 
74.936 360.0 
74.983 361.0 
74.901 362.0 
74.96 363.0 
74.913 364.0 
74.913 365.0 
74.936 366.0 
74.925 367.0 
74.901 368.0 
74.89 369.0 
74.96 370.0 
74.936 371.0 
74.948 372.0 
74.995 373.0 
74.995 374.0 
74.995 375.0 
75.123 376.0 
74.89 377.0 
74.901 378.0 
74.925 379.0 
74.925 380.0 
74.925 381.0 
74.983 382.0 
74.936 383.0 
74.901 384.0 
74.89 385.0 
74.971 386.0 
74.855 387.0 
74.89 388.0 
74.936 389.0 
74.936 390.0 
74.925 391.0 
74.913 392.0 
74.995 393.0 
74.855 394.0 
74.936 395.0 
75.03 396.0 
74.866 397.0 
74.948 398.0 
74.843 399.0 
74.878 400.0 
74.995 401.0 
74.971 402.0 
75.03 403.0 
75.006 404.0 
74.901 405.0 
74.843 406.0 
74.901 407.0 
74.89 408.0 
74.936 409.0 
74.855 410.0 
74.948 411.0 
74.983 412.0 
75.31 413.0 
74.983 414.0 
74.925 415.0 
74.948 416.0 
74.866 417.0 
74.96 418.0 
74.971 419.0 
74.89 420.0 
74.89 421.0 
74.96 422.0 
75.006 423.0 
74.901 424.0 
74.936 425.0 
74.971 426.0 
74.948 427.0 
74.89 428.0 
74.925 429.0 
74.901 430.0 
74.948 431.0 
74.983 432.0 
74.936 433.0 
74.89 434.0 
74.866 435.0 
74.901 436.0 
74.96 437.0 
74.89 438.0 
74.855 439.0 
74.878 440.0 
74.925 441.0 
74.901 442.0 
74.925 443.0 
74.89 444.0 
74.878 445.0 
74.843 446.0 
74.971 447.0 
74.971 448.0 
75.205 449.0 
75.158 450.0 
74.96 451.0 
74.913 452.0 
74.89 453.0 
74.866 454.0 
74.983 455.0 
74.738 456.0 
74.913 457.0 
74.901 458.0 
74.96 459.0 
74.971 460.0 
74.96 461.0 
74.901 462.0 
74.971 463.0 
74.948 464.0 
74.936 465.0 
74.96 466.0 
74.948 467.0 
74.878 468.0 
74.96 469.0 
74.901 470.0 
74.901 471.0 
74.913 472.0 
74.82 473.0 
74.913 474.0 
74.971 475.0 
74.925 476.0 
74.878 477.0 
74.901 478.0 
74.866 479.0 
74.936 480.0 
74.995 481.0 
74.948 482.0 
74.995 483.0 
74.901 484.0 
74.936 485.0 
74.843 486.0 
74.855 487.0 
74.96 488.0 
74.89 489.0 
74.901 490.0 
74.96 491.0 
74.936 492.0 
74.913 493.0 
74.948 494.0 
74.866 495.0 
74.831 496.0 
74.913 497.0 
74.995 498.0 
74.855 499.0 
74.855 500.0 
74.925 501.0 
74.913 502.0 
74.855 503.0 
74.866 504.0 
74.901 505.0 
74.913 506.0 
74.866 507.0 
75.03 508.0 
74.831 509.0 
74.831 510.0 
74.855 511.0 
74.89 512.0 
74.855 513.0 
74.901 514.0 
74.925 515.0 
74.796 516.0 
75.31 517.0 
74.773 518.0 
74.808 519.0 
74.82 520.0 
74.808 521.0 
74.82 522.0 
74.796 523.0 
74.796 524.0 
74.785 525.0 
74.785 526.0 
74.796 527.0 
74.703 528.0 
74.773 529.0 
74.738 530.0 
74.738 531.0 
74.831 532.0 
74.855 533.0 
74.796 534.0 
74.808 535.0 
74.75 536.0 
74.738 537.0 
74.668 538.0 
74.621 539.0 
74.574 540.0 
74.691 541.0 
74.609 542.0 
74.609 543.0 
74.551 544.0 
74.563 545.0 
74.458 546.0 
74.586 547.0 
74.528 548.0 
74.481 549.0 
74.422 550.0 
74.352 551.0 
74.458 552.0 
74.434 553.0 
74.376 554.0 
74.341 555.0 
74.516 556.0 
74.458 557.0 
74.399 558.0 
74.084 559.0 
74.469 560.0 
74.446 561.0 
74.329 562.0 
74.493 563.0 
74.399 564.0 
74.294 565.0 
74.434 566.0 
74.504 567.0 
74.306 568.0 
74.434 569.0 
74.352 570.0 
74.504 571.0 
74.422 572.0 
74.352 573.0 
74.434 574.0 
74.376 575.0 
74.481 576.0 
74.458 577.0 
74.422 578.0 
74.516 579.0 
74.458 580.0 
74.504 581.0 
74.481 582.0 
74.469 583.0 
74.458 584.0 
74.563 585.0 
74.504 586.0 
74.387 587.0 
74.458 588.0 
74.387 589.0 
74.481 590.0 
74.387 591.0 
74.458 592.0 
74.364 593.0 
74.446 594.0 
74.411 595.0 
74.469 596.0 
74.411 597.0 
74.493 598.0 
74.422 599.0 
74.469 600.0 
74.551 601.0 
74.446 602.0 
74.551 603.0 
74.434 604.0 
74.516 605.0 
74.411 606.0 
74.458 607.0 
74.364 608.0 
74.458 609.0 
74.528 610.0 
74.411 611.0 
74.516 612.0 
74.411 613.0 
74.493 614.0 
74.399 615.0 
74.469 616.0 
74.516 617.0 
74.411 618.0 
74.493 619.0 
74.142 620.0 
74.411 621.0 
74.481 622.0 
74.387 623.0 
74.434 624.0 
74.516 625.0 
74.387 626.0 
74.458 627.0 
74.504 628.0 
74.422 629.0 
74.446 630.0 
74.539 631.0 
74.411 632.0 
74.493 633.0 
74.551 634.0 
74.422 635.0 
74.493 636.0 
74.528 637.0 
74.422 638.0 
74.458 639.0 
74.493 640.0 
74.387 641.0 
74.411 642.0 
74.516 643.0 
74.387 644.0 
74.387 645.0 
74.446 646.0 
74.528 647.0 
74.399 648.0 
74.446 649.0 
74.516 650.0 
74.352 651.0 
74.364 652.0 
74.458 653.0 
74.481 654.0 
74.376 655.0 
74.434 656.0 
74.481 657.0 
74.516 658.0 
74.411 659.0 
74.434 660.0 
74.481 661.0 
74.528 662.0 
74.411 663.0 
74.446 664.0 
74.481 665.0 
74.528 666.0 
74.387 667.0 
74.399 668.0 
74.469 669.0 
74.504 670.0 
74.376 671.0 
74.387 672.0 
74.434 673.0 
74.481 674.0 
74.458 675.0 
74.376 676.0 
74.434 677.0 
74.458 678.0 
74.434 679.0 
74.539 680.0 
74.387 681.0 
74.399 682.0 
74.458 683.0 
74.493 684.0 
74.481 685.0 
74.539 686.0 
74.352 687.0 
74.434 688.0 
74.458 689.0 
74.481 690.0 
74.493 691.0 
74.539 692.0 
74.352 693.0 
74.411 694.0 
74.422 695.0 
74.481 696.0 
74.504 697.0 
74.504 698.0 
74.247 699.0 
74.341 700.0 
74.411 701.0 
74.411 702.0 
74.458 703.0 
74.481 704.0 
74.516 705.0 
74.528 706.0 
74.352 707.0 
74.364 708.0 
74.399 709.0 
74.411 710.0 
74.446 711.0 
74.481 712.0 
74.493 713.0 
74.504 714.0 
74.387 715.0 
74.376 716.0 
74.411 717.0 
74.411 718.0 
74.399 719.0 
74.446 720.0 
74.446 721.0 
74.458 722.0 
74.481 723.0 
74.539 724.0 
74.551 725.0 
74.341 726.0 
74.352 727.0 
74.387 728.0 
74.399 729.0 
74.422 730.0 
74.422 731.0 
74.434 732.0 
74.481 733.0 
74.469 734.0 
74.504 735.0 
74.446 736.0 
74.504 737.0 
74.504 738.0 
74.177 739.0 
74.364 740.0 
74.376 741.0 
74.387 742.0 
74.364 743.0 
74.352 744.0 
74.399 745.0 
74.376 746.0 
74.411 747.0 
74.376 748.0 
74.422 749.0 
74.422 750.0 
74.411 751.0 
74.434 752.0 
74.422 753.0 
74.422 754.0 
74.411 755.0 
74.411 756.0 
74.434 757.0 
74.446 758.0 
74.481 759.0 
74.469 760.0 
74.446 761.0 
74.446 762.0 
74.469 763.0 
74.458 764.0 
74.458 765.0 
74.458 766.0 
74.446 767.0 
74.469 768.0 
74.458 769.0 
74.458 770.0 
74.469 771.0 
74.458 772.0 
74.458 773.0 
74.481 774.0 
74.504 775.0 
74.493 776.0 
74.458 777.0 
74.446 778.0 
74.458 779.0 
74.434 780.0 
74.458 781.0 
74.481 782.0 
74.458 783.0 
74.469 784.0 
74.446 785.0 
74.434 786.0 
74.446 787.0 
74.469 788.0 
74.411 789.0 
74.469 790.0 
74.446 791.0 
74.434 792.0 
74.422 793.0 
74.434 794.0 
74.458 795.0 
74.458 796.0 
74.446 797.0 
74.458 798.0 
74.434 799.0 
74.458 800.0 
74.469 801.0 
74.458 802.0 
74.458 803.0 
74.446 804.0 
0.0 805.0 
-0.002 806.0 
-0.001 807.0 
-0.008 808.0 
-0.011 809.0 
-0.013 810.0 
-0.023 811.0 
-0.026 812.0 
-0.038 813.0 
-0.043 814.0 
-0.036 815.0 
-0.047 816.0 
-0.044 817.0 
-0.047 818.0 
-0.053 819.0 
-0.043 820.0 
-0.048 821.0 
-0.052 822.0 
-0.044 823.0 
-0.037 824.0 
-0.046 825.0 
-0.047 826.0 
-0.043 827.0 
-0.032 828.0 
-0.03 829.0 
