-0.05 257.0 
-0.016 258.0 
-0.103 259.0 
-0.037 260.0 
-0.023 261.0 
-0.018 262.0 
-0.032 263.0 
-0.028 264.0 
-0.013 265.0 
-0.04 266.0 
-0.028 267.0 
-0.043 268.0 
-0.018 269.0 
-0.022 270.0 
-0.03 271.0 
-0.059 272.0 
-0.034 273.0 
-0.035 274.0 
148.121 275.0 
144.967 276.0 
143.601 277.0 
142.059 278.0 
140.331 279.0 
138.275 280.0 
136.651 281.0 
134.362 282.0 
131.337 283.0 
130.286 284.0 
129.889 285.0 
129.492 286.0 
129.317 287.0 
129.013 288.0 
128.709 289.0 
128.079 290.0 
127.81 291.0 
127.576 292.0 
127.366 293.0 
127.261 294.0 
126.654 295.0 
126.502 296.0 
126.432 297.0 
125.883 298.0 
125.673 299.0 
125.591 300.0 
125.065 301.0 
125.007 302.0 
124.493 303.0 
124.411 304.0 
124.306 305.0 
123.64 306.0 
122.402 307.0 
120.043 308.0 
117.111 309.0 
113.222 310.0 
109.403 311.0 
105.07 312.0 
101.087 313.0 
96.731 314.0 
92.631 315.0 
88.333 316.0 
84.63 317.0 
81.64 318.0 
81.477 319.0 
81.255 320.0 
81.173 321.0 
81.15 322.0 
81.021 323.0 
81.068 324.0 
80.998 325.0 
80.916 326.0 
81.033 327.0 
80.951 328.0 
81.197 329.0 
81.045 330.0 
80.928 331.0 
81.162 332.0 
81.057 333.0 
80.951 334.0 
80.94 335.0 
81.045 336.0 
81.033 337.0 
80.928 338.0 
81.057 339.0 
80.986 340.0 
80.963 341.0 
80.986 342.0 
80.683 343.0 
81.01 344.0 
80.951 345.0 
80.951 346.0 
80.94 347.0 
80.986 348.0 
81.021 349.0 
80.986 350.0 
80.94 351.0 
80.986 352.0 
80.94 353.0 
80.87 354.0 
80.881 355.0 
80.951 356.0 
81.033 357.0 
80.975 358.0 
81.045 359.0 
80.986 360.0 
80.998 361.0 
80.94 362.0 
80.986 363.0 
80.928 364.0 
80.928 365.0 
80.975 366.0 
81.01 367.0 
80.975 368.0 
80.951 369.0 
80.963 370.0 
80.986 371.0 
80.998 372.0 
80.986 373.0 
81.021 374.0 
81.057 375.0 
81.278 376.0 
80.893 377.0 
80.94 378.0 
80.94 379.0 
80.975 380.0 
80.951 381.0 
81.068 382.0 
80.998 383.0 
80.951 384.0 
80.928 385.0 
81.068 386.0 
80.963 387.0 
80.893 388.0 
80.998 389.0 
81.01 390.0 
80.963 391.0 
80.951 392.0 
80.998 393.0 
80.916 394.0 
80.986 395.0 
81.033 396.0 
80.905 397.0 
80.998 398.0 
80.881 399.0 
80.905 400.0 
81.045 401.0 
80.975 402.0 
81.045 403.0 
81.021 404.0 
80.928 405.0 
80.928 406.0 
80.975 407.0 
80.928 408.0 
80.963 409.0 
80.881 410.0 
80.951 411.0 
81.021 412.0 
81.057 413.0 
80.998 414.0 
80.881 415.0 
80.975 416.0 
80.893 417.0 
81.092 418.0 
80.975 419.0 
80.916 420.0 
80.975 421.0 
80.998 422.0 
81.01 423.0 
80.916 424.0 
80.928 425.0 
80.998 426.0 
81.021 427.0 
80.94 428.0 
80.928 429.0 
80.94 430.0 
80.986 431.0 
80.986 432.0 
81.01 433.0 
80.893 434.0 
80.916 435.0 
80.986 436.0 
81.057 437.0 
80.823 438.0 
80.905 439.0 
80.893 440.0 
80.893 441.0 
80.905 442.0 
80.951 443.0 
80.916 444.0 
80.893 445.0 
80.893 446.0 
81.01 447.0 
81.033 448.0 
80.998 449.0 
80.94 450.0 
80.905 451.0 
80.94 452.0 
80.905 453.0 
80.87 454.0 
80.963 455.0 
80.963 456.0 
80.916 457.0 
80.916 458.0 
80.986 459.0 
81.033 460.0 
80.951 461.0 
80.928 462.0 
81.01 463.0 
80.986 464.0 
80.975 465.0 
81.01 466.0 
80.928 467.0 
80.928 468.0 
80.986 469.0 
80.928 470.0 
80.94 471.0 
80.951 472.0 
81.021 473.0 
80.928 474.0 
80.998 475.0 
80.975 476.0 
80.87 477.0 
80.951 478.0 
80.87 479.0 
80.94 480.0 
81.01 481.0 
80.94 482.0 
81.033 483.0 
80.94 484.0 
80.975 485.0 
80.916 486.0 
80.881 487.0 
81.01 488.0 
80.916 489.0 
80.928 490.0 
80.975 491.0 
80.951 492.0 
80.905 493.0 
80.986 494.0 
80.87 495.0 
80.87 496.0 
80.916 497.0 
80.986 498.0 
80.893 499.0 
80.87 500.0 
80.94 501.0 
80.975 502.0 
80.846 503.0 
80.893 504.0 
80.905 505.0 
80.951 506.0 
80.986 507.0 
81.033 508.0 
80.846 509.0 
80.846 510.0 
80.893 511.0 
80.905 512.0 
80.963 513.0 
80.94 514.0 
80.928 515.0 
80.94 516.0 
80.94 517.0 
80.741 518.0 
80.765 519.0 
80.776 520.0 
80.8 521.0 
80.811 522.0 
80.835 523.0 
80.811 524.0 
80.823 525.0 
80.765 526.0 
80.776 527.0 
80.788 528.0 
80.729 529.0 
80.683 530.0 
80.683 531.0 
80.835 532.0 
80.811 533.0 
80.741 534.0 
80.753 535.0 
80.694 536.0 
80.648 537.0 
80.589 538.0 
80.531 539.0 
80.473 540.0 
80.624 541.0 
80.566 542.0 
80.519 543.0 
80.496 544.0 
80.402 545.0 
80.391 546.0 
80.473 547.0 
80.437 548.0 
80.414 549.0 
80.332 550.0 
80.332 551.0 
80.402 552.0 
80.367 553.0 
80.274 554.0 
80.297 555.0 
80.426 556.0 
80.391 557.0 
80.309 558.0 
80.402 559.0 
80.391 560.0 
80.332 561.0 
80.262 562.0 
80.391 563.0 
80.332 564.0 
80.216 565.0 
80.402 566.0 
80.461 567.0 
80.251 568.0 
80.356 569.0 
80.274 570.0 
80.402 571.0 
80.321 572.0 
80.227 573.0 
80.227 574.0 
80.286 575.0 
80.402 576.0 
80.321 577.0 
80.309 578.0 
80.402 579.0 
80.332 580.0 
80.414 581.0 
80.379 582.0 
80.449 583.0 
80.391 584.0 
80.508 585.0 
80.391 586.0 
80.309 587.0 
80.414 588.0 
80.332 589.0 
80.367 590.0 
80.297 591.0 
80.379 592.0 
80.309 593.0 
80.309 594.0 
80.286 595.0 
80.367 596.0 
80.286 597.0 
80.367 598.0 
80.286 599.0 
80.367 600.0 
80.449 601.0 
80.332 602.0 
80.437 603.0 
80.344 604.0 
80.426 605.0 
80.332 606.0 
80.379 607.0 
80.286 608.0 
80.356 609.0 
80.437 610.0 
80.332 611.0 
80.426 612.0 
80.297 613.0 
80.356 614.0 
80.251 615.0 
80.344 616.0 
80.449 617.0 
80.332 618.0 
80.367 619.0 
79.994 620.0 
80.332 621.0 
80.414 622.0 
80.297 623.0 
80.367 624.0 
80.437 625.0 
80.274 626.0 
80.391 627.0 
80.461 628.0 
80.309 629.0 
80.356 630.0 
80.437 631.0 
80.274 632.0 
80.379 633.0 
80.449 634.0 
80.321 635.0 
80.367 636.0 
80.437 637.0 
80.297 638.0 
80.332 639.0 
80.437 640.0 
80.297 641.0 
80.344 642.0 
80.426 643.0 
80.251 644.0 
80.332 645.0 
80.356 646.0 
80.437 647.0 
80.309 648.0 
80.332 649.0 
80.391 650.0 
80.239 651.0 
80.297 652.0 
80.391 653.0 
80.414 654.0 
80.262 655.0 
80.321 656.0 
80.274 657.0 
80.414 658.0 
80.309 659.0 
80.367 660.0 
80.437 661.0 
80.508 662.0 
80.274 663.0 
80.356 664.0 
80.426 665.0 
80.437 666.0 
80.286 667.0 
80.344 668.0 
80.391 669.0 
80.426 670.0 
80.286 671.0 
80.297 672.0 
80.344 673.0 
80.356 674.0 
80.449 675.0 
80.286 676.0 
80.297 677.0 
80.356 678.0 
80.367 679.0 
80.426 680.0 
80.274 681.0 
80.297 682.0 
80.367 683.0 
80.391 684.0 
80.402 685.0 
80.461 686.0 
80.297 687.0 
80.344 688.0 
80.356 689.0 
80.332 690.0 
80.391 691.0 
80.437 692.0 
80.251 693.0 
80.286 694.0 
80.309 695.0 
80.367 696.0 
80.426 697.0 
80.414 698.0 
80.087 699.0 
80.251 700.0 
80.321 701.0 
80.321 702.0 
80.379 703.0 
80.332 704.0 
80.402 705.0 
80.449 706.0 
80.297 707.0 
80.297 708.0 
80.297 709.0 
80.344 710.0 
80.321 711.0 
80.367 712.0 
80.367 713.0 
80.449 714.0 
80.437 715.0 
80.274 716.0 
80.262 717.0 
80.286 718.0 
80.321 719.0 
80.309 720.0 
80.367 721.0 
80.379 722.0 
80.402 723.0 
80.449 724.0 
80.449 725.0 
80.239 726.0 
80.216 727.0 
80.309 728.0 
80.321 729.0 
80.309 730.0 
80.332 731.0 
80.344 732.0 
80.379 733.0 
80.402 734.0 
80.391 735.0 
80.391 736.0 
80.402 737.0 
80.426 738.0 
79.994 739.0 
80.239 740.0 
80.286 741.0 
80.262 742.0 
80.297 743.0 
80.262 744.0 
80.286 745.0 
80.321 746.0 
80.297 747.0 
80.332 748.0 
80.332 749.0 
80.309 750.0 
80.321 751.0 
80.321 752.0 
80.344 753.0 
80.344 754.0 
80.321 755.0 
80.321 756.0 
80.344 757.0 
80.344 758.0 
80.344 759.0 
80.332 760.0 
80.367 761.0 
80.402 762.0 
80.356 763.0 
80.332 764.0 
80.367 765.0 
80.332 766.0 
80.391 767.0 
80.391 768.0 
80.356 769.0 
80.391 770.0 
80.379 771.0 
80.356 772.0 
80.356 773.0 
80.356 774.0 
80.379 775.0 
80.356 776.0 
80.367 777.0 
80.367 778.0 
80.344 779.0 
80.367 780.0 
80.332 781.0 
80.367 782.0 
80.391 783.0 
80.356 784.0 
80.379 785.0 
80.379 786.0 
80.356 787.0 
80.367 788.0 
80.367 789.0 
80.356 790.0 
80.356 791.0 
80.379 792.0 
80.391 793.0 
80.402 794.0 
80.344 795.0 
80.356 796.0 
80.379 797.0 
80.356 798.0 
80.379 799.0 
80.367 800.0 
80.367 801.0 
80.379 802.0 
80.379 803.0 
80.344 804.0 
0.01 805.0 
0.006 806.0 
0.007 807.0 
-0.004 808.0 
-0.007 809.0 
-0.013 810.0 
-0.023 811.0 
-0.031 812.0 
-0.029 813.0 
-0.041 814.0 
-0.041 815.0 
-0.049 816.0 
-0.052 817.0 
-0.054 818.0 
-0.053 819.0 
-0.05 820.0 
-0.056 821.0 
-0.054 822.0 
-0.052 823.0 
-0.038 824.0 
-0.04 825.0 
-0.037 826.0 
-0.035 827.0 
-0.029 828.0 
-0.023 829.0 
