-0.03 257.0 
-0.035 258.0 
-0.023 259.0 
-0.005 260.0 
0.0 261.0 
-0.044 262.0 
-0.054 263.0 
-0.029 264.0 
-0.018 265.0 
-0.072 266.0 
-0.032 267.0 
-0.038 268.0 
-0.018 269.0 
-0.036 270.0 
0.012 271.0 
-0.048 272.0 
-0.019 273.0 
-0.023 274.0 
148.46 275.0 
144.757 276.0 
143.683 277.0 
142.445 278.0 
140.821 279.0 
138.964 280.0 
137.247 281.0 
134.491 282.0 
132.166 283.0 
130.999 284.0 
130.59 285.0 
130.309 286.0 
130.088 287.0 
129.807 288.0 
129.492 289.0 
128.838 290.0 
128.698 291.0 
128.371 292.0 
128.09 293.0 
127.611 294.0 
127.378 295.0 
127.296 296.0 
127.273 297.0 
126.619 298.0 
126.385 299.0 
125.941 300.0 
125.731 301.0 
125.497 302.0 
124.902 303.0 
124.727 304.0 
124.178 305.0 
123.465 306.0 
121.339 307.0 
118.221 308.0 
115.091 309.0 
111.237 310.0 
107.417 311.0 
103.002 312.0 
98.996 313.0 
94.675 314.0 
90.774 315.0 
86.686 316.0 
82.785 317.0 
80.11 318.0 
79.363 319.0 
79.655 320.0 
79.433 321.0 
79.445 322.0 
79.305 323.0 
79.328 324.0 
79.223 325.0 
79.141 326.0 
79.234 327.0 
79.141 328.0 
79.129 329.0 
79.234 330.0 
79.223 331.0 
79.118 332.0 
79.27 333.0 
79.211 334.0 
79.106 335.0 
79.27 336.0 
79.258 337.0 
79.141 338.0 
79.176 339.0 
79.211 340.0 
79.199 341.0 
79.164 342.0 
79.176 343.0 
79.188 344.0 
79.164 345.0 
79.164 346.0 
79.083 347.0 
79.059 348.0 
79.188 349.0 
79.176 350.0 
79.176 351.0 
79.223 352.0 
79.129 353.0 
79.106 354.0 
79.118 355.0 
79.223 356.0 
79.246 357.0 
79.199 358.0 
79.234 359.0 
79.188 360.0 
79.27 361.0 
79.176 362.0 
79.153 363.0 
79.094 364.0 
79.141 365.0 
79.164 366.0 
79.188 367.0 
79.118 368.0 
79.164 369.0 
79.199 370.0 
79.176 371.0 
79.199 372.0 
79.27 373.0 
79.27 374.0 
79.234 375.0 
79.234 376.0 
79.129 377.0 
79.141 378.0 
79.176 379.0 
79.188 380.0 
79.188 381.0 
79.199 382.0 
79.164 383.0 
79.141 384.0 
79.129 385.0 
79.199 386.0 
79.118 387.0 
79.071 388.0 
79.164 389.0 
79.164 390.0 
79.176 391.0 
79.129 392.0 
79.234 393.0 
79.106 394.0 
79.141 395.0 
79.27 396.0 
79.106 397.0 
79.188 398.0 
79.083 399.0 
79.129 400.0 
79.211 401.0 
79.176 402.0 
79.27 403.0 
79.199 404.0 
79.141 405.0 
79.083 406.0 
79.153 407.0 
79.106 408.0 
79.176 409.0 
79.106 410.0 
79.188 411.0 
79.223 412.0 
79.433 413.0 
79.199 414.0 
79.118 415.0 
79.176 416.0 
79.083 417.0 
79.141 418.0 
79.188 419.0 
79.141 420.0 
79.141 421.0 
79.421 422.0 
79.211 423.0 
79.071 424.0 
79.141 425.0 
79.188 426.0 
79.176 427.0 
79.106 428.0 
79.118 429.0 
79.164 430.0 
79.188 431.0 
79.176 432.0 
79.176 433.0 
79.059 434.0 
79.118 435.0 
79.106 436.0 
79.153 437.0 
79.106 438.0 
79.048 439.0 
79.106 440.0 
79.106 441.0 
79.083 442.0 
79.094 443.0 
79.118 444.0 
79.083 445.0 
79.048 446.0 
79.176 447.0 
79.188 448.0 
79.433 449.0 
79.176 450.0 
79.118 451.0 
79.118 452.0 
79.083 453.0 
79.059 454.0 
79.164 455.0 
78.966 456.0 
79.118 457.0 
79.083 458.0 
79.176 459.0 
79.375 460.0 
79.153 461.0 
79.071 462.0 
79.188 463.0 
79.083 464.0 
79.118 465.0 
79.164 466.0 
79.071 467.0 
79.048 468.0 
79.153 469.0 
79.083 470.0 
79.048 471.0 
79.118 472.0 
78.954 473.0 
79.106 474.0 
79.176 475.0 
79.106 476.0 
79.059 477.0 
79.141 478.0 
79.059 479.0 
79.118 480.0 
79.199 481.0 
79.106 482.0 
79.164 483.0 
79.059 484.0 
79.141 485.0 
79.059 486.0 
79.083 487.0 
79.129 488.0 
79.048 489.0 
79.094 490.0 
79.141 491.0 
79.083 492.0 
79.071 493.0 
79.141 494.0 
79.059 495.0 
79.071 496.0 
79.118 497.0 
79.176 498.0 
79.071 499.0 
79.048 500.0 
79.129 501.0 
79.129 502.0 
79.001 503.0 
79.059 504.0 
79.083 505.0 
79.094 506.0 
79.013 507.0 
79.094 508.0 
78.942 509.0 
79.001 510.0 
79.059 511.0 
79.071 512.0 
79.106 513.0 
79.094 514.0 
79.129 515.0 
79.024 516.0 
79.433 517.0 
78.978 518.0 
78.978 519.0 
79.013 520.0 
79.001 521.0 
78.989 522.0 
78.989 523.0 
79.001 524.0 
78.978 525.0 
78.978 526.0 
78.907 527.0 
78.942 528.0 
78.907 529.0 
78.907 530.0 
78.884 531.0 
79.071 532.0 
79.281 533.0 
78.966 534.0 
78.931 535.0 
78.919 536.0 
78.861 537.0 
78.791 538.0 
78.779 539.0 
78.756 540.0 
78.861 541.0 
78.826 542.0 
78.744 543.0 
78.709 544.0 
78.65 545.0 
78.674 546.0 
78.767 547.0 
78.604 548.0 
78.639 549.0 
78.592 550.0 
78.569 551.0 
78.674 552.0 
78.65 553.0 
78.615 554.0 
78.557 555.0 
78.639 556.0 
78.627 557.0 
78.604 558.0 
78.347 559.0 
78.65 560.0 
78.615 561.0 
78.534 562.0 
78.604 563.0 
78.58 564.0 
78.51 565.0 
78.674 566.0 
78.662 567.0 
78.534 568.0 
78.592 569.0 
78.545 570.0 
78.674 571.0 
78.639 572.0 
78.534 573.0 
78.639 574.0 
78.58 575.0 
79.048 576.0 
78.569 577.0 
78.604 578.0 
78.674 579.0 
78.615 580.0 
78.732 581.0 
78.65 582.0 
78.674 583.0 
78.627 584.0 
78.253 585.0 
78.65 586.0 
78.592 587.0 
78.662 588.0 
78.592 589.0 
78.662 590.0 
78.569 591.0 
78.686 592.0 
78.58 593.0 
78.674 594.0 
78.615 595.0 
78.65 596.0 
78.58 597.0 
78.662 598.0 
78.604 599.0 
78.627 600.0 
78.767 601.0 
78.615 602.0 
78.709 603.0 
78.604 604.0 
78.721 605.0 
78.615 606.0 
78.662 607.0 
78.534 608.0 
78.604 609.0 
78.744 610.0 
78.627 611.0 
78.697 612.0 
78.58 613.0 
78.697 614.0 
78.569 615.0 
78.592 616.0 
78.686 617.0 
78.475 618.0 
78.604 619.0 
78.44 620.0 
78.639 621.0 
78.662 622.0 
78.545 623.0 
78.639 624.0 
78.697 625.0 
78.569 626.0 
78.639 627.0 
78.674 628.0 
78.592 629.0 
78.639 630.0 
78.674 631.0 
78.569 632.0 
78.674 633.0 
78.966 634.0 
78.639 635.0 
78.662 636.0 
78.697 637.0 
78.58 638.0 
78.534 639.0 
78.697 640.0 
78.569 641.0 
78.627 642.0 
78.639 643.0 
78.522 644.0 
78.557 645.0 
78.65 646.0 
78.721 647.0 
78.569 648.0 
78.615 649.0 
78.686 650.0 
78.522 651.0 
78.522 652.0 
78.65 653.0 
78.686 654.0 
78.58 655.0 
78.569 656.0 
78.615 657.0 
78.674 658.0 
78.592 659.0 
78.639 660.0 
78.697 661.0 
78.674 662.0 
78.557 663.0 
78.639 664.0 
78.662 665.0 
78.709 666.0 
78.58 667.0 
78.627 668.0 
78.639 669.0 
78.686 670.0 
78.522 671.0 
78.627 672.0 
78.604 673.0 
78.65 674.0 
78.686 675.0 
78.557 676.0 
78.615 677.0 
78.65 678.0 
78.674 679.0 
78.756 680.0 
78.545 681.0 
78.569 682.0 
78.615 683.0 
78.662 684.0 
78.639 685.0 
78.732 686.0 
78.545 687.0 
78.569 688.0 
78.615 689.0 
78.65 690.0 
78.662 691.0 
78.721 692.0 
78.534 693.0 
78.592 694.0 
78.615 695.0 
78.65 696.0 
78.615 697.0 
78.697 698.0 
78.499 699.0 
78.569 700.0 
78.604 701.0 
78.604 702.0 
78.639 703.0 
78.65 704.0 
78.65 705.0 
78.697 706.0 
78.534 707.0 
78.569 708.0 
78.557 709.0 
78.557 710.0 
78.662 711.0 
78.65 712.0 
78.709 713.0 
78.709 714.0 
78.487 715.0 
78.569 716.0 
78.487 717.0 
78.58 718.0 
78.615 719.0 
78.639 720.0 
78.662 721.0 
78.592 722.0 
78.697 723.0 
78.697 724.0 
78.697 725.0 
78.557 726.0 
78.569 727.0 
78.58 728.0 
78.569 729.0 
78.627 730.0 
78.604 731.0 
78.65 732.0 
78.662 733.0 
78.639 734.0 
78.662 735.0 
78.65 736.0 
78.721 737.0 
78.721 738.0 
78.522 739.0 
78.534 740.0 
78.545 741.0 
78.499 742.0 
78.51 743.0 
78.545 744.0 
78.569 745.0 
78.557 746.0 
78.592 747.0 
78.545 748.0 
78.569 749.0 
78.604 750.0 
78.592 751.0 
78.592 752.0 
78.592 753.0 
78.592 754.0 
78.627 755.0 
78.639 756.0 
78.615 757.0 
78.615 758.0 
78.627 759.0 
78.674 760.0 
78.639 761.0 
78.615 762.0 
78.639 763.0 
78.615 764.0 
78.639 765.0 
78.615 766.0 
78.65 767.0 
78.639 768.0 
78.615 769.0 
78.639 770.0 
78.662 771.0 
78.639 772.0 
78.627 773.0 
78.65 774.0 
78.65 775.0 
78.627 776.0 
78.65 777.0 
78.65 778.0 
78.627 779.0 
78.65 780.0 
78.639 781.0 
78.627 782.0 
78.627 783.0 
78.639 784.0 
78.627 785.0 
78.639 786.0 
78.615 787.0 
78.604 788.0 
78.627 789.0 
78.65 790.0 
78.615 791.0 
78.639 792.0 
78.65 793.0 
78.639 794.0 
78.627 795.0 
78.639 796.0 
78.674 797.0 
78.65 798.0 
78.639 799.0 
78.686 800.0 
78.639 801.0 
78.662 802.0 
78.639 803.0 
78.65 804.0 
0.011 805.0 
0.01 806.0 
0.01 807.0 
0.0 808.0 
0.0 809.0 
-0.002 810.0 
-0.019 811.0 
-0.025 812.0 
-0.031 813.0 
-0.028 814.0 
-0.042 815.0 
-0.047 816.0 
-0.054 817.0 
-0.053 818.0 
-0.052 819.0 
-0.049 820.0 
-0.052 821.0 
-0.049 822.0 
-0.043 823.0 
-0.048 824.0 
-0.044 825.0 
-0.04 826.0 
-0.028 827.0 
-0.032 828.0 
-0.035 829.0 
