-0.067 257.0 
-0.062 258.0 
-0.093 259.0 
-0.056 260.0 
-0.05 261.0 
-0.044 262.0 
-0.049 263.0 
-0.059 264.0 
-0.043 265.0 
-0.056 266.0 
-0.075 267.0 
-0.06 268.0 
-0.075 269.0 
-0.058 270.0 
-0.059 271.0 
-0.061 272.0 
-0.055 273.0 
-0.065 274.0 
135.145 275.0 
132.645 276.0 
131.629 277.0 
129.971 278.0 
128.125 279.0 
125.813 280.0 
123.781 281.0 
121.234 282.0 
117.368 283.0 
115.733 284.0 
115.406 285.0 
115.126 286.0 
114.892 287.0 
114.647 288.0 
114.449 289.0 
113.935 290.0 
113.794 291.0 
113.561 292.0 
113.362 293.0 
113.082 294.0 
112.813 295.0 
112.708 296.0 
112.591 297.0 
112.101 298.0 
111.937 299.0 
111.891 300.0 
111.365 301.0 
111.248 302.0 
110.851 303.0 
110.664 304.0 
110.571 305.0 
109.893 306.0 
108.632 307.0 
106.284 308.0 
103.832 309.0 
100.573 310.0 
97.501 311.0 
93.776 312.0 
90.155 313.0 
86.231 314.0 
82.657 315.0 
79.013 316.0 
75.672 317.0 
72.916 318.0 
72.787 319.0 
72.495 320.0 
72.285 321.0 
72.273 322.0 
72.168 323.0 
72.18 324.0 
72.133 325.0 
72.052 326.0 
72.145 327.0 
72.052 328.0 
72.215 329.0 
72.145 330.0 
72.063 331.0 
72.379 332.0 
72.157 333.0 
72.087 334.0 
72.11 335.0 
72.168 336.0 
72.18 337.0 
72.063 338.0 
72.39 339.0 
72.122 340.0 
72.075 341.0 
72.04 342.0 
72.157 343.0 
72.087 344.0 
72.075 345.0 
72.016 346.0 
72.028 347.0 
72.063 348.0 
72.122 349.0 
72.087 350.0 
72.087 351.0 
72.133 352.0 
72.052 353.0 
72.016 354.0 
71.993 355.0 
72.122 356.0 
72.145 357.0 
72.122 358.0 
72.168 359.0 
72.122 360.0 
72.157 361.0 
72.063 362.0 
72.075 363.0 
72.052 364.0 
72.087 365.0 
72.052 366.0 
72.122 367.0 
72.04 368.0 
72.028 369.0 
72.075 370.0 
72.11 371.0 
72.122 372.0 
72.122 373.0 
72.18 374.0 
72.145 375.0 
72.367 376.0 
72.016 377.0 
72.075 378.0 
72.075 379.0 
72.087 380.0 
72.098 381.0 
72.18 382.0 
72.052 383.0 
72.075 384.0 
72.04 385.0 
72.157 386.0 
72.016 387.0 
72.028 388.0 
72.087 389.0 
72.098 390.0 
72.087 391.0 
72.087 392.0 
72.133 393.0 
72.04 394.0 
72.11 395.0 
72.168 396.0 
72.052 397.0 
72.122 398.0 
71.993 399.0 
72.04 400.0 
72.168 401.0 
72.133 402.0 
72.145 403.0 
72.098 404.0 
72.063 405.0 
72.005 406.0 
72.063 407.0 
72.052 408.0 
72.052 409.0 
72.028 410.0 
72.075 411.0 
72.133 412.0 
72.519 413.0 
72.133 414.0 
72.063 415.0 
72.098 416.0 
72.052 417.0 
72.145 418.0 
72.145 419.0 
72.063 420.0 
72.098 421.0 
72.087 422.0 
72.133 423.0 
72.052 424.0 
72.075 425.0 
72.11 426.0 
72.133 427.0 
72.063 428.0 
72.063 429.0 
72.04 430.0 
72.11 431.0 
72.098 432.0 
72.11 433.0 
72.028 434.0 
72.063 435.0 
72.04 436.0 
72.133 437.0 
72.016 438.0 
72.075 439.0 
72.11 440.0 
72.087 441.0 
72.063 442.0 
72.11 443.0 
72.04 444.0 
72.016 445.0 
72.052 446.0 
72.145 447.0 
72.098 448.0 
72.11 449.0 
72.472 450.0 
72.098 451.0 
72.028 452.0 
72.04 453.0 
72.005 454.0 
72.11 455.0 
71.935 456.0 
72.063 457.0 
72.075 458.0 
72.133 459.0 
72.157 460.0 
72.11 461.0 
72.063 462.0 
72.157 463.0 
72.063 464.0 
72.098 465.0 
72.157 466.0 
72.098 467.0 
72.028 468.0 
72.098 469.0 
72.04 470.0 
72.04 471.0 
72.098 472.0 
71.946 473.0 
72.075 474.0 
72.18 475.0 
72.087 476.0 
72.016 477.0 
72.098 478.0 
72.04 479.0 
72.122 480.0 
72.145 481.0 
72.04 482.0 
72.133 483.0 
72.028 484.0 
72.098 485.0 
72.04 486.0 
72.052 487.0 
72.11 488.0 
72.063 489.0 
72.052 490.0 
72.11 491.0 
72.075 492.0 
72.063 493.0 
72.11 494.0 
72.016 495.0 
72.052 496.0 
72.052 497.0 
72.122 498.0 
71.993 499.0 
72.028 500.0 
72.075 501.0 
72.11 502.0 
71.958 503.0 
71.981 504.0 
72.016 505.0 
72.063 506.0 
71.958 507.0 
72.238 508.0 
71.97 509.0 
72.016 510.0 
72.005 511.0 
72.028 512.0 
72.087 513.0 
72.04 514.0 
72.087 515.0 
72.133 516.0 
72.449 517.0 
71.946 518.0 
71.935 519.0 
71.958 520.0 
71.993 521.0 
71.935 522.0 
71.97 523.0 
71.946 524.0 
71.97 525.0 
71.97 526.0 
71.958 527.0 
71.876 528.0 
71.911 529.0 
71.888 530.0 
71.911 531.0 
72.075 532.0 
72.005 533.0 
71.97 534.0 
71.981 535.0 
71.981 536.0 
71.911 537.0 
71.83 538.0 
71.783 539.0 
71.748 540.0 
71.9 541.0 
71.795 542.0 
71.724 543.0 
71.748 544.0 
71.666 545.0 
71.619 546.0 
71.713 547.0 
71.713 548.0 
71.631 549.0 
71.608 550.0 
71.538 551.0 
71.643 552.0 
71.619 553.0 
71.596 554.0 
71.573 555.0 
71.654 556.0 
71.619 557.0 
71.549 558.0 
71.105 559.0 
71.643 560.0 
71.573 561.0 
71.526 562.0 
71.631 563.0 
71.561 564.0 
71.503 565.0 
71.643 566.0 
71.654 567.0 
71.468 568.0 
71.608 569.0 
71.549 570.0 
71.654 571.0 
71.596 572.0 
71.526 573.0 
71.608 574.0 
71.573 575.0 
71.9 576.0 
71.584 577.0 
71.596 578.0 
71.689 579.0 
71.608 580.0 
71.701 581.0 
71.631 582.0 
71.689 583.0 
71.643 584.0 
71.724 585.0 
71.654 586.0 
71.584 587.0 
71.654 588.0 
71.596 589.0 
71.643 590.0 
71.561 591.0 
71.643 592.0 
71.584 593.0 
71.608 594.0 
71.573 595.0 
71.631 596.0 
71.561 597.0 
71.596 598.0 
71.561 599.0 
71.666 600.0 
71.76 601.0 
71.619 602.0 
71.678 603.0 
71.573 604.0 
71.666 605.0 
71.561 606.0 
71.619 607.0 
71.514 608.0 
71.619 609.0 
71.678 610.0 
71.584 611.0 
71.689 612.0 
71.573 613.0 
71.631 614.0 
71.561 615.0 
71.573 616.0 
71.678 617.0 
71.538 618.0 
71.608 619.0 
71.339 620.0 
71.596 621.0 
71.631 622.0 
71.549 623.0 
71.631 624.0 
71.713 625.0 
71.596 626.0 
71.608 627.0 
71.701 628.0 
71.584 629.0 
71.631 630.0 
71.713 631.0 
71.584 632.0 
71.631 633.0 
71.946 634.0 
71.596 635.0 
71.643 636.0 
71.689 637.0 
71.608 638.0 
71.619 639.0 
71.689 640.0 
71.561 641.0 
71.584 642.0 
71.654 643.0 
71.526 644.0 
71.596 645.0 
71.608 646.0 
71.678 647.0 
71.561 648.0 
71.596 649.0 
71.689 650.0 
71.503 651.0 
71.573 652.0 
71.631 653.0 
71.654 654.0 
71.526 655.0 
71.584 656.0 
71.643 657.0 
71.678 658.0 
71.596 659.0 
71.619 660.0 
71.666 661.0 
71.678 662.0 
71.538 663.0 
71.596 664.0 
71.666 665.0 
71.678 666.0 
71.573 667.0 
71.584 668.0 
71.643 669.0 
71.643 670.0 
71.526 671.0 
71.573 672.0 
71.608 673.0 
71.643 674.0 
71.643 675.0 
71.573 676.0 
71.549 677.0 
71.631 678.0 
71.631 679.0 
71.678 680.0 
71.549 681.0 
71.549 682.0 
71.608 683.0 
71.631 684.0 
71.666 685.0 
71.724 686.0 
71.491 687.0 
71.573 688.0 
71.596 689.0 
71.619 690.0 
71.654 691.0 
71.678 692.0 
71.561 693.0 
71.584 694.0 
71.573 695.0 
71.643 696.0 
71.608 697.0 
71.689 698.0 
71.444 699.0 
71.538 700.0 
71.561 701.0 
71.608 702.0 
71.584 703.0 
71.619 704.0 
71.631 705.0 
71.689 706.0 
71.538 707.0 
71.549 708.0 
71.573 709.0 
71.596 710.0 
71.631 711.0 
71.619 712.0 
71.678 713.0 
71.666 714.0 
71.468 715.0 
71.538 716.0 
71.479 717.0 
71.561 718.0 
71.608 719.0 
71.643 720.0 
71.666 721.0 
71.643 722.0 
71.666 723.0 
71.689 724.0 
71.713 725.0 
71.514 726.0 
71.549 727.0 
71.549 728.0 
71.596 729.0 
71.608 730.0 
71.573 731.0 
71.608 732.0 
71.631 733.0 
71.666 734.0 
71.643 735.0 
71.584 736.0 
71.689 737.0 
71.713 738.0 
71.491 739.0 
71.514 740.0 
71.526 741.0 
71.573 742.0 
71.526 743.0 
71.526 744.0 
71.549 745.0 
71.538 746.0 
71.573 747.0 
71.561 748.0 
71.573 749.0 
71.596 750.0 
71.573 751.0 
71.596 752.0 
71.596 753.0 
71.619 754.0 
71.608 755.0 
71.584 756.0 
71.631 757.0 
71.573 758.0 
71.608 759.0 
71.608 760.0 
71.654 761.0 
71.654 762.0 
71.608 763.0 
71.619 764.0 
71.631 765.0 
71.631 766.0 
71.596 767.0 
71.608 768.0 
71.643 769.0 
71.596 770.0 
71.631 771.0 
71.608 772.0 
71.643 773.0 
71.608 774.0 
71.619 775.0 
71.654 776.0 
71.631 777.0 
71.643 778.0 
71.619 779.0 
71.619 780.0 
71.631 781.0 
71.619 782.0 
71.631 783.0 
71.619 784.0 
71.608 785.0 
71.596 786.0 
71.608 787.0 
71.631 788.0 
71.596 789.0 
71.631 790.0 
71.608 791.0 
71.596 792.0 
71.631 793.0 
71.631 794.0 
71.643 795.0 
71.631 796.0 
71.643 797.0 
71.608 798.0 
71.631 799.0 
71.643 800.0 
71.631 801.0 
71.631 802.0 
71.608 803.0 
71.596 804.0 
-0.004 805.0 
-0.008 806.0 
-0.011 807.0 
-0.018 808.0 
-0.019 809.0 
-0.024 810.0 
-0.024 811.0 
-0.035 812.0 
-0.032 813.0 
-0.037 814.0 
-0.05 815.0 
-0.053 816.0 
-0.052 817.0 
-0.05 818.0 
-0.059 819.0 
-0.047 820.0 
-0.044 821.0 
-0.053 822.0 
-0.055 823.0 
-0.046 824.0 
-0.046 825.0 
-0.044 826.0 
-0.036 827.0 
-0.04 828.0 
-0.031 829.0 
