-0.048 257.0 
-0.046 258.0 
-0.104 259.0 
-0.042 260.0 
-0.043 261.0 
-0.055 262.0 
-0.049 263.0 
-0.052 264.0 
-0.052 265.0 
-0.056 266.0 
-0.032 267.0 
-0.041 268.0 
-0.043 269.0 
-0.049 270.0 
-0.046 271.0 
-0.042 272.0 
-0.046 273.0 
-0.05 274.0 
135.705 275.0 
133.194 276.0 
132.237 277.0 
130.882 278.0 
129.363 279.0 
127.261 280.0 
125.521 281.0 
123.15 282.0 
119.517 283.0 
118.104 284.0 
117.801 285.0 
117.509 286.0 
117.333 287.0 
117.1 288.0 
116.808 289.0 
116.317 290.0 
116.095 291.0 
115.862 292.0 
115.71 293.0 
115.476 294.0 
115.114 295.0 
114.986 296.0 
114.927 297.0 
114.449 298.0 
114.308 299.0 
114.25 300.0 
113.713 301.0 
113.608 302.0 
113.105 303.0 
112.977 304.0 
112.743 305.0 
112.043 306.0 
110.699 307.0 
108.258 308.0 
105.595 309.0 
102.127 310.0 
98.786 311.0 
95.014 312.0 
91.37 313.0 
87.492 314.0 
83.836 315.0 
80.227 316.0 
77.05 317.0 
74.317 318.0 
74.236 319.0 
74.014 320.0 
73.85 321.0 
73.909 322.0 
73.815 323.0 
73.874 324.0 
73.803 325.0 
73.745 326.0 
73.815 327.0 
73.768 328.0 
73.944 329.0 
73.827 330.0 
73.768 331.0 
74.049 332.0 
73.862 333.0 
73.768 334.0 
73.885 335.0 
73.85 336.0 
73.827 337.0 
73.71 338.0 
73.862 339.0 
73.78 340.0 
73.78 341.0 
73.768 342.0 
73.874 343.0 
73.745 344.0 
73.768 345.0 
73.722 346.0 
73.722 347.0 
73.745 348.0 
73.78 349.0 
73.78 350.0 
73.733 351.0 
73.839 352.0 
73.768 353.0 
73.71 354.0 
73.815 355.0 
73.768 356.0 
73.827 357.0 
73.768 358.0 
73.827 359.0 
73.78 360.0 
73.815 361.0 
73.745 362.0 
73.792 363.0 
73.71 364.0 
73.733 365.0 
73.78 366.0 
73.815 367.0 
73.745 368.0 
73.768 369.0 
73.757 370.0 
73.792 371.0 
73.85 372.0 
73.803 373.0 
73.85 374.0 
73.815 375.0 
74.095 376.0 
73.733 377.0 
73.757 378.0 
73.745 379.0 
73.78 380.0 
73.78 381.0 
73.85 382.0 
73.757 383.0 
73.745 384.0 
73.757 385.0 
73.839 386.0 
73.733 387.0 
73.722 388.0 
73.815 389.0 
73.792 390.0 
73.792 391.0 
73.792 392.0 
73.803 393.0 
73.687 394.0 
73.803 395.0 
73.862 396.0 
73.722 397.0 
73.792 398.0 
73.71 399.0 
73.698 400.0 
73.827 401.0 
73.792 402.0 
73.827 403.0 
73.792 404.0 
73.78 405.0 
73.722 406.0 
73.78 407.0 
73.745 408.0 
73.768 409.0 
73.722 410.0 
73.757 411.0 
73.85 412.0 
74.247 413.0 
73.839 414.0 
73.722 415.0 
73.78 416.0 
73.722 417.0 
73.839 418.0 
73.792 419.0 
73.698 420.0 
73.78 421.0 
73.792 422.0 
73.792 423.0 
73.733 424.0 
73.78 425.0 
73.792 426.0 
73.839 427.0 
73.733 428.0 
73.768 429.0 
73.745 430.0 
73.757 431.0 
73.827 432.0 
73.827 433.0 
73.71 434.0 
73.675 435.0 
73.757 436.0 
73.874 437.0 
73.663 438.0 
73.722 439.0 
73.733 440.0 
73.745 441.0 
73.733 442.0 
73.71 443.0 
73.698 444.0 
73.698 445.0 
73.722 446.0 
73.839 447.0 
73.839 448.0 
73.815 449.0 
74.119 450.0 
73.757 451.0 
73.792 452.0 
73.733 453.0 
73.698 454.0 
73.78 455.0 
73.582 456.0 
73.745 457.0 
73.71 458.0 
73.792 459.0 
73.803 460.0 
73.768 461.0 
73.733 462.0 
73.815 463.0 
73.757 464.0 
73.78 465.0 
73.792 466.0 
73.768 467.0 
73.722 468.0 
73.803 469.0 
73.745 470.0 
73.745 471.0 
73.78 472.0 
73.733 473.0 
73.803 474.0 
73.827 475.0 
73.768 476.0 
73.687 477.0 
73.757 478.0 
73.675 479.0 
73.768 480.0 
73.827 481.0 
73.745 482.0 
73.815 483.0 
73.722 484.0 
73.792 485.0 
73.745 486.0 
73.71 487.0 
73.792 488.0 
73.71 489.0 
73.745 490.0 
73.815 491.0 
73.757 492.0 
73.745 493.0 
73.827 494.0 
73.722 495.0 
73.675 496.0 
73.745 497.0 
73.803 498.0 
73.687 499.0 
73.722 500.0 
73.78 501.0 
73.768 502.0 
73.698 503.0 
73.722 504.0 
73.722 505.0 
73.757 506.0 
73.675 507.0 
73.909 508.0 
73.675 509.0 
73.71 510.0 
73.71 511.0 
73.757 512.0 
73.745 513.0 
73.78 514.0 
73.745 515.0 
73.757 516.0 
74.014 517.0 
73.605 518.0 
73.617 519.0 
73.628 520.0 
73.663 521.0 
73.652 522.0 
73.64 523.0 
73.628 524.0 
73.628 525.0 
73.628 526.0 
73.64 527.0 
73.593 528.0 
73.64 529.0 
73.57 530.0 
73.593 531.0 
73.722 532.0 
74.014 533.0 
73.64 534.0 
73.652 535.0 
73.605 536.0 
73.57 537.0 
73.476 538.0 
73.488 539.0 
73.43 540.0 
73.558 541.0 
73.395 542.0 
73.453 543.0 
73.395 544.0 
73.395 545.0 
73.325 546.0 
73.441 547.0 
73.395 548.0 
73.36 549.0 
73.266 550.0 
73.208 551.0 
73.395 552.0 
73.325 553.0 
73.301 554.0 
73.219 555.0 
73.348 556.0 
73.278 557.0 
73.243 558.0 
72.892 559.0 
73.336 560.0 
73.243 561.0 
73.208 562.0 
73.313 563.0 
73.255 564.0 
73.184 565.0 
73.313 566.0 
73.325 567.0 
73.196 568.0 
73.278 569.0 
73.266 570.0 
73.383 571.0 
73.301 572.0 
73.219 573.0 
73.266 574.0 
73.243 575.0 
73.336 576.0 
73.266 577.0 
73.243 578.0 
73.348 579.0 
73.29 580.0 
73.36 581.0 
73.313 582.0 
73.348 583.0 
73.325 584.0 
72.857 585.0 
73.348 586.0 
73.29 587.0 
73.336 588.0 
73.255 589.0 
73.336 590.0 
73.266 591.0 
73.348 592.0 
73.29 593.0 
73.325 594.0 
73.278 595.0 
73.278 596.0 
73.255 597.0 
73.325 598.0 
73.278 599.0 
73.325 600.0 
73.406 601.0 
73.29 602.0 
73.348 603.0 
73.278 604.0 
73.36 605.0 
73.266 606.0 
73.36 607.0 
73.255 608.0 
73.336 609.0 
73.383 610.0 
73.313 611.0 
73.371 612.0 
73.301 613.0 
73.325 614.0 
73.231 615.0 
73.29 616.0 
73.395 617.0 
73.173 618.0 
73.301 619.0 
73.044 620.0 
73.301 621.0 
73.325 622.0 
73.255 623.0 
73.313 624.0 
73.371 625.0 
73.255 626.0 
73.348 627.0 
73.383 628.0 
73.278 629.0 
73.325 630.0 
73.383 631.0 
73.278 632.0 
73.348 633.0 
73.406 634.0 
73.243 635.0 
73.313 636.0 
73.383 637.0 
73.255 638.0 
73.325 639.0 
73.348 640.0 
73.255 641.0 
73.243 642.0 
73.383 643.0 
73.231 644.0 
73.278 645.0 
73.371 646.0 
73.395 647.0 
73.255 648.0 
73.301 649.0 
73.36 650.0 
73.231 651.0 
73.255 652.0 
73.336 653.0 
73.371 654.0 
73.219 655.0 
73.255 656.0 
73.336 657.0 
73.336 658.0 
73.255 659.0 
73.313 660.0 
73.36 661.0 
73.301 662.0 
73.243 663.0 
73.313 664.0 
73.348 665.0 
73.418 666.0 
73.266 667.0 
73.301 668.0 
73.325 669.0 
73.383 670.0 
73.255 671.0 
73.255 672.0 
73.348 673.0 
73.348 674.0 
73.348 675.0 
73.231 676.0 
73.278 677.0 
73.301 678.0 
73.325 679.0 
73.36 680.0 
73.231 681.0 
73.266 682.0 
73.313 683.0 
73.348 684.0 
73.325 685.0 
73.406 686.0 
73.255 687.0 
73.29 688.0 
73.325 689.0 
73.313 690.0 
73.36 691.0 
73.383 692.0 
73.219 693.0 
73.266 694.0 
73.278 695.0 
73.29 696.0 
73.325 697.0 
73.36 698.0 
73.126 699.0 
73.255 700.0 
73.278 701.0 
73.278 702.0 
73.278 703.0 
73.313 704.0 
73.336 705.0 
73.395 706.0 
73.231 707.0 
73.231 708.0 
73.301 709.0 
73.313 710.0 
73.325 711.0 
73.325 712.0 
73.348 713.0 
73.383 714.0 
73.149 715.0 
73.231 716.0 
73.243 717.0 
73.255 718.0 
73.278 719.0 
73.313 720.0 
73.313 721.0 
73.313 722.0 
73.36 723.0 
73.395 724.0 
73.383 725.0 
73.231 726.0 
73.255 727.0 
73.266 728.0 
73.29 729.0 
73.301 730.0 
73.29 731.0 
73.336 732.0 
73.348 733.0 
73.36 734.0 
73.348 735.0 
73.29 736.0 
73.371 737.0 
73.371 738.0 
73.173 739.0 
73.208 740.0 
73.219 741.0 
73.219 742.0 
73.255 743.0 
73.243 744.0 
73.255 745.0 
73.255 746.0 
73.266 747.0 
73.255 748.0 
73.278 749.0 
73.278 750.0 
73.278 751.0 
73.313 752.0 
73.313 753.0 
73.29 754.0 
73.255 755.0 
73.219 756.0 
73.301 757.0 
73.243 758.0 
73.325 759.0 
73.301 760.0 
73.301 761.0 
73.313 762.0 
73.301 763.0 
73.348 764.0 
73.301 765.0 
73.313 766.0 
73.336 767.0 
73.336 768.0 
73.336 769.0 
73.313 770.0 
73.325 771.0 
73.348 772.0 
73.348 773.0 
73.313 774.0 
73.301 775.0 
73.336 776.0 
73.313 777.0 
73.348 778.0 
73.336 779.0 
73.313 780.0 
73.325 781.0 
73.313 782.0 
73.313 783.0 
73.313 784.0 
73.301 785.0 
73.325 786.0 
73.348 787.0 
73.336 788.0 
73.348 789.0 
73.313 790.0 
73.348 791.0 
73.301 792.0 
73.348 793.0 
73.336 794.0 
73.313 795.0 
73.29 796.0 
73.325 797.0 
73.301 798.0 
73.325 799.0 
73.325 800.0 
73.325 801.0 
73.313 802.0 
73.325 803.0 
73.325 804.0 
0.0 805.0 
0.0 806.0 
0.004 807.0 
-0.002 808.0 
-0.007 809.0 
-0.019 810.0 
-0.013 811.0 
-0.026 812.0 
-0.036 813.0 
-0.04 814.0 
-0.053 815.0 
-0.055 816.0 
-0.056 817.0 
-0.068 818.0 
-0.06 819.0 
-0.061 820.0 
-0.066 821.0 
-0.059 822.0 
-0.066 823.0 
-0.062 824.0 
-0.056 825.0 
-0.049 826.0 
-0.048 827.0 
-0.047 828.0 
-0.043 829.0 
