-0.058 257.0 
-0.049 258.0 
-0.055 259.0 
-0.064 260.0 
-0.049 261.0 
-0.041 262.0 
-0.047 263.0 
-0.054 264.0 
-0.031 265.0 
-0.054 266.0 
-0.038 267.0 
-0.032 268.0 
-0.047 269.0 
-0.06 270.0 
-0.049 271.0 
-0.041 272.0 
-0.044 273.0 
-0.053 274.0 
136.173 275.0 
133.673 276.0 
132.821 277.0 
131.466 278.0 
129.725 279.0 
127.506 280.0 
125.638 281.0 
123.442 282.0 
119.973 283.0 
118.513 284.0 
118.198 285.0 
117.871 286.0 
117.695 287.0 
117.497 288.0 
117.217 289.0 
116.609 290.0 
116.481 291.0 
116.259 292.0 
116.095 293.0 
115.99 294.0 
115.418 295.0 
115.336 296.0 
115.266 297.0 
114.799 298.0 
114.577 299.0 
114.495 300.0 
113.946 301.0 
113.794 302.0 
113.234 303.0 
113.082 304.0 
113.316 305.0 
112.054 306.0 
110.664 307.0 
108.036 308.0 
105.479 309.0 
101.87 310.0 
98.459 311.0 
94.722 312.0 
90.996 313.0 
86.908 314.0 
83.171 315.0 
79.748 316.0 
76.56 317.0 
73.827 318.0 
73.698 319.0 
73.535 320.0 
73.336 321.0 
73.395 322.0 
73.266 323.0 
73.336 324.0 
73.29 325.0 
73.231 326.0 
73.325 327.0 
73.231 328.0 
73.371 329.0 
73.29 330.0 
73.243 331.0 
73.64 332.0 
73.336 333.0 
73.208 334.0 
73.219 335.0 
73.325 336.0 
73.278 337.0 
73.219 338.0 
73.535 339.0 
73.278 340.0 
73.278 341.0 
73.266 342.0 
73.29 343.0 
73.278 344.0 
73.266 345.0 
73.243 346.0 
73.196 347.0 
73.231 348.0 
73.301 349.0 
73.301 350.0 
73.266 351.0 
73.336 352.0 
73.255 353.0 
73.161 354.0 
73.173 355.0 
73.29 356.0 
73.336 357.0 
73.301 358.0 
73.348 359.0 
73.255 360.0 
73.313 361.0 
73.219 362.0 
73.29 363.0 
73.208 364.0 
73.29 365.0 
73.255 366.0 
73.29 367.0 
73.231 368.0 
73.231 369.0 
73.266 370.0 
73.301 371.0 
73.29 372.0 
73.313 373.0 
73.301 374.0 
73.325 375.0 
73.406 376.0 
73.208 377.0 
73.278 378.0 
73.231 379.0 
73.255 380.0 
73.231 381.0 
73.348 382.0 
73.219 383.0 
73.266 384.0 
73.243 385.0 
73.348 386.0 
73.255 387.0 
73.219 388.0 
73.266 389.0 
73.278 390.0 
73.278 391.0 
73.255 392.0 
73.336 393.0 
73.149 394.0 
73.266 395.0 
73.36 396.0 
73.208 397.0 
73.313 398.0 
73.161 399.0 
73.231 400.0 
73.605 401.0 
73.278 402.0 
73.336 403.0 
73.301 404.0 
73.266 405.0 
73.231 406.0 
73.278 407.0 
73.231 408.0 
73.278 409.0 
73.243 410.0 
73.266 411.0 
73.325 412.0 
73.57 413.0 
73.301 414.0 
73.196 415.0 
73.313 416.0 
73.196 417.0 
73.266 418.0 
73.278 419.0 
73.208 420.0 
73.243 421.0 
73.266 422.0 
73.301 423.0 
73.255 424.0 
73.255 425.0 
73.29 426.0 
73.336 427.0 
73.208 428.0 
73.231 429.0 
73.219 430.0 
73.243 431.0 
73.325 432.0 
73.325 433.0 
73.219 434.0 
73.196 435.0 
73.219 436.0 
73.278 437.0 
73.184 438.0 
73.149 439.0 
73.231 440.0 
73.196 441.0 
73.219 442.0 
73.208 443.0 
73.231 444.0 
73.243 445.0 
73.219 446.0 
73.325 447.0 
73.29 448.0 
73.266 449.0 
73.582 450.0 
73.219 451.0 
73.231 452.0 
73.219 453.0 
73.173 454.0 
73.255 455.0 
73.126 456.0 
73.231 457.0 
73.161 458.0 
73.313 459.0 
73.266 460.0 
73.266 461.0 
73.219 462.0 
73.313 463.0 
73.219 464.0 
73.243 465.0 
73.313 466.0 
73.278 467.0 
73.196 468.0 
73.266 469.0 
73.255 470.0 
73.231 471.0 
73.231 472.0 
73.091 473.0 
73.255 474.0 
73.313 475.0 
73.243 476.0 
73.208 477.0 
73.255 478.0 
73.184 479.0 
73.243 480.0 
73.313 481.0 
73.231 482.0 
73.301 483.0 
73.255 484.0 
73.255 485.0 
73.219 486.0 
73.231 487.0 
73.29 488.0 
73.219 489.0 
73.231 490.0 
73.278 491.0 
73.243 492.0 
73.255 493.0 
73.29 494.0 
73.149 495.0 
73.173 496.0 
73.266 497.0 
73.29 498.0 
73.173 499.0 
73.196 500.0 
73.266 501.0 
73.278 502.0 
73.184 503.0 
73.173 504.0 
73.184 505.0 
73.266 506.0 
73.126 507.0 
73.301 508.0 
73.126 509.0 
73.161 510.0 
73.208 511.0 
73.231 512.0 
73.243 513.0 
73.243 514.0 
73.243 515.0 
73.184 516.0 
73.582 517.0 
73.103 518.0 
73.103 519.0 
73.114 520.0 
73.149 521.0 
73.138 522.0 
73.161 523.0 
73.149 524.0 
73.114 525.0 
73.114 526.0 
73.161 527.0 
73.079 528.0 
73.114 529.0 
73.103 530.0 
73.056 531.0 
73.208 532.0 
73.453 533.0 
73.161 534.0 
73.149 535.0 
73.079 536.0 
73.103 537.0 
72.998 538.0 
72.986 539.0 
72.963 540.0 
73.044 541.0 
72.916 542.0 
72.986 543.0 
72.927 544.0 
72.916 545.0 
72.846 546.0 
72.998 547.0 
72.846 548.0 
72.904 549.0 
72.846 550.0 
72.764 551.0 
72.927 552.0 
72.846 553.0 
72.811 554.0 
72.776 555.0 
72.881 556.0 
72.846 557.0 
72.822 558.0 
72.554 559.0 
72.881 560.0 
72.787 561.0 
72.776 562.0 
72.857 563.0 
72.787 564.0 
72.752 565.0 
72.881 566.0 
72.857 567.0 
72.741 568.0 
72.787 569.0 
72.799 570.0 
72.892 571.0 
72.869 572.0 
72.752 573.0 
72.869 574.0 
72.787 575.0 
73.196 576.0 
72.811 577.0 
72.822 578.0 
72.904 579.0 
72.857 580.0 
72.927 581.0 
72.857 582.0 
72.916 583.0 
72.892 584.0 
72.53 585.0 
72.927 586.0 
72.822 587.0 
72.892 588.0 
72.811 589.0 
72.939 590.0 
72.811 591.0 
72.904 592.0 
72.822 593.0 
72.881 594.0 
72.822 595.0 
72.869 596.0 
72.811 597.0 
72.776 598.0 
72.776 599.0 
72.881 600.0 
72.939 601.0 
72.857 602.0 
72.927 603.0 
72.857 604.0 
72.892 605.0 
72.787 606.0 
72.904 607.0 
72.776 608.0 
72.869 609.0 
72.939 610.0 
72.869 611.0 
72.916 612.0 
72.799 613.0 
72.857 614.0 
72.764 615.0 
72.776 616.0 
72.939 617.0 
72.764 618.0 
72.846 619.0 
72.624 620.0 
72.822 621.0 
72.881 622.0 
72.811 623.0 
72.834 624.0 
72.939 625.0 
72.822 626.0 
72.881 627.0 
72.916 628.0 
72.822 629.0 
72.881 630.0 
72.916 631.0 
72.822 632.0 
72.881 633.0 
73.173 634.0 
72.822 635.0 
72.846 636.0 
72.939 637.0 
72.811 638.0 
72.811 639.0 
72.916 640.0 
72.787 641.0 
72.787 642.0 
72.904 643.0 
72.787 644.0 
72.787 645.0 
72.892 646.0 
72.939 647.0 
72.811 648.0 
72.834 649.0 
72.904 650.0 
72.776 651.0 
72.787 652.0 
72.857 653.0 
72.916 654.0 
72.764 655.0 
72.764 656.0 
72.857 657.0 
72.881 658.0 
72.787 659.0 
72.869 660.0 
72.892 661.0 
72.869 662.0 
72.811 663.0 
72.857 664.0 
72.892 665.0 
72.951 666.0 
72.811 667.0 
72.834 668.0 
72.857 669.0 
72.927 670.0 
72.811 671.0 
72.822 672.0 
72.869 673.0 
72.881 674.0 
72.904 675.0 
72.776 676.0 
72.822 677.0 
72.834 678.0 
72.846 679.0 
72.927 680.0 
72.811 681.0 
72.776 682.0 
72.857 683.0 
72.857 684.0 
72.857 685.0 
72.927 686.0 
72.741 687.0 
72.822 688.0 
72.857 689.0 
72.869 690.0 
72.916 691.0 
72.963 692.0 
72.764 693.0 
72.799 694.0 
72.822 695.0 
72.869 696.0 
72.846 697.0 
72.881 698.0 
72.694 699.0 
72.787 700.0 
72.787 701.0 
72.811 702.0 
72.834 703.0 
72.892 704.0 
72.881 705.0 
72.939 706.0 
72.764 707.0 
72.799 708.0 
72.799 709.0 
72.752 710.0 
72.857 711.0 
72.904 712.0 
72.904 713.0 
72.904 714.0 
72.694 715.0 
72.764 716.0 
72.729 717.0 
72.846 718.0 
72.834 719.0 
72.857 720.0 
72.857 721.0 
72.869 722.0 
72.857 723.0 
72.916 724.0 
72.927 725.0 
72.787 726.0 
72.811 727.0 
72.799 728.0 
72.811 729.0 
72.846 730.0 
72.846 731.0 
72.881 732.0 
72.881 733.0 
72.869 734.0 
72.869 735.0 
72.892 736.0 
72.927 737.0 
72.939 738.0 
72.717 739.0 
72.752 740.0 
72.776 741.0 
72.764 742.0 
72.764 743.0 
72.799 744.0 
72.799 745.0 
72.822 746.0 
72.811 747.0 
72.822 748.0 
72.799 749.0 
72.822 750.0 
72.822 751.0 
72.869 752.0 
72.834 753.0 
72.822 754.0 
72.799 755.0 
72.822 756.0 
72.846 757.0 
72.799 758.0 
72.822 759.0 
72.869 760.0 
72.869 761.0 
72.857 762.0 
72.869 763.0 
72.846 764.0 
72.892 765.0 
72.881 766.0 
72.881 767.0 
72.869 768.0 
72.857 769.0 
72.869 770.0 
72.857 771.0 
72.892 772.0 
72.857 773.0 
72.904 774.0 
72.881 775.0 
72.881 776.0 
72.857 777.0 
72.881 778.0 
72.846 779.0 
72.846 780.0 
72.846 781.0 
72.834 782.0 
72.822 783.0 
72.846 784.0 
72.869 785.0 
72.857 786.0 
72.857 787.0 
72.869 788.0 
72.834 789.0 
72.881 790.0 
72.857 791.0 
72.881 792.0 
72.869 793.0 
72.857 794.0 
72.869 795.0 
72.857 796.0 
72.869 797.0 
72.857 798.0 
72.857 799.0 
72.846 800.0 
72.869 801.0 
72.846 802.0 
72.857 803.0 
72.881 804.0 
-0.001 805.0 
0.0 806.0 
-0.004 807.0 
-0.001 808.0 
-0.016 809.0 
-0.011 810.0 
-0.007 811.0 
-0.001 812.0 
-0.011 813.0 
-0.016 814.0 
-0.025 815.0 
-0.029 816.0 
-0.028 817.0 
-0.032 818.0 
-0.02 819.0 
-0.024 820.0 
-0.034 821.0 
-0.037 822.0 
-0.044 823.0 
-0.041 824.0 
-0.034 825.0 
-0.03 826.0 
-0.035 827.0 
-0.03 828.0 
-0.041 829.0 
