-0.041 257.0 
-0.04 258.0 
-0.104 259.0 
-0.068 260.0 
-0.04 261.0 
-0.062 262.0 
-0.059 263.0 
-0.056 264.0 
-0.037 265.0 
-0.056 266.0 
-0.067 267.0 
-0.053 268.0 
-0.056 269.0 
-0.049 270.0 
-0.064 271.0 
-0.059 272.0 
-0.044 273.0 
-0.017 274.0 
157.64 275.0 
153.879 276.0 
152.711 277.0 
151.753 278.0 
151.122 279.0 
150.433 280.0 
149.686 281.0 
148.868 282.0 
147.537 283.0 
147.163 284.0 
146.836 285.0 
146.497 286.0 
146.357 287.0 
146.147 288.0 
145.983 289.0 
145.259 290.0 
145.213 291.0 
144.967 292.0 
144.745 293.0 
144.664 294.0 
144.045 295.0 
143.823 296.0 
143.753 297.0 
143.157 298.0 
142.97 299.0 
142.888 300.0 
142.281 301.0 
142.211 302.0 
141.639 303.0 
141.51 304.0 
141.428 305.0 
140.926 306.0 
140.623 307.0 
140.05 308.0 
139.84 309.0 
139.244 310.0 
139.092 311.0 
138.555 312.0 
138.473 313.0 
137.983 314.0 
137.831 315.0 
137.492 316.0 
137.399 317.0 
136.908 318.0 
136.897 319.0 
136.523 320.0 
136.208 321.0 
136.138 322.0 
135.775 323.0 
135.764 324.0 
135.495 325.0 
135.098 326.0 
135.238 327.0 
134.981 328.0 
135.156 329.0 
134.97 330.0 
134.806 331.0 
134.876 332.0 
134.864 333.0 
134.713 334.0 
134.421 335.0 
134.759 336.0 
134.713 337.0 
134.526 338.0 
134.771 339.0 
134.549 340.0 
134.491 341.0 
134.456 342.0 
134.129 343.0 
134.491 344.0 
134.432 345.0 
134.316 346.0 
134.257 347.0 
134.269 348.0 
134.421 349.0 
134.374 350.0 
134.245 351.0 
134.362 352.0 
134.245 353.0 
134.222 354.0 
134.397 355.0 
134.316 356.0 
134.397 357.0 
134.269 358.0 
134.432 359.0 
134.269 360.0 
134.327 361.0 
134.175 362.0 
134.245 363.0 
134.14 364.0 
134.129 365.0 
134.175 366.0 
134.222 367.0 
134.094 368.0 
134.152 369.0 
134.175 370.0 
134.222 371.0 
134.222 372.0 
134.257 373.0 
134.292 374.0 
134.28 375.0 
134.608 376.0 
134.117 377.0 
134.14 378.0 
134.152 379.0 
134.117 380.0 
134.129 381.0 
134.269 382.0 
134.129 383.0 
134.07 384.0 
134.024 385.0 
134.245 386.0 
134.07 387.0 
133.988 388.0 
134.152 389.0 
134.14 390.0 
134.117 391.0 
134.024 392.0 
134.245 393.0 
133.977 394.0 
134.129 395.0 
134.222 396.0 
133.953 397.0 
134.105 398.0 
133.942 399.0 
133.953 400.0 
134.129 401.0 
134.059 402.0 
134.175 403.0 
134.082 404.0 
133.988 405.0 
133.93 406.0 
134.035 407.0 
133.918 408.0 
134.012 409.0 
133.895 410.0 
134.035 411.0 
134.07 412.0 
134.28 413.0 
134.105 414.0 
133.988 415.0 
134.035 416.0 
133.907 417.0 
134.012 418.0 
134.059 419.0 
133.907 420.0 
133.977 421.0 
134.0 422.0 
134.082 423.0 
133.907 424.0 
133.953 425.0 
133.988 426.0 
134.059 427.0 
133.895 428.0 
133.953 429.0 
133.965 430.0 
134.024 431.0 
134.047 432.0 
134.047 433.0 
133.848 434.0 
133.907 435.0 
133.918 436.0 
133.918 437.0 
133.883 438.0 
133.895 439.0 
133.907 440.0 
133.907 441.0 
133.86 442.0 
133.942 443.0 
133.93 444.0 
133.883 445.0 
133.848 446.0 
134.059 447.0 
134.07 448.0 
134.304 449.0 
133.825 450.0 
133.942 451.0 
133.942 452.0 
133.872 453.0 
133.825 454.0 
134.024 455.0 
133.965 456.0 
133.837 457.0 
133.86 458.0 
134.012 459.0 
134.012 460.0 
133.918 461.0 
133.86 462.0 
134.047 463.0 
133.953 464.0 
133.895 465.0 
134.035 466.0 
133.907 467.0 
133.813 468.0 
133.953 469.0 
133.907 470.0 
133.767 471.0 
133.93 472.0 
133.883 473.0 
133.907 474.0 
134.082 475.0 
133.942 476.0 
133.802 477.0 
133.907 478.0 
133.79 479.0 
133.918 480.0 
134.035 481.0 
133.907 482.0 
134.0 483.0 
133.872 484.0 
133.977 485.0 
133.813 486.0 
133.895 487.0 
133.988 488.0 
133.848 489.0 
133.895 490.0 
134.0 491.0 
133.872 492.0 
133.86 493.0 
134.0 494.0 
133.813 495.0 
133.86 496.0 
133.918 497.0 
134.0 498.0 
133.825 499.0 
133.86 500.0 
133.86 501.0 
133.977 502.0 
133.767 503.0 
133.778 504.0 
133.825 505.0 
133.907 506.0 
133.708 507.0 
133.58 508.0 
133.65 509.0 
133.708 510.0 
133.825 511.0 
133.86 512.0 
133.86 513.0 
133.907 514.0 
133.93 515.0 
133.942 516.0 
134.012 517.0 
133.685 518.0 
133.708 519.0 
133.767 520.0 
133.778 521.0 
133.743 522.0 
133.767 523.0 
133.778 524.0 
133.755 525.0 
133.732 526.0 
133.697 527.0 
133.708 528.0 
133.685 529.0 
133.708 530.0 
133.673 531.0 
133.93 532.0 
134.152 533.0 
133.86 534.0 
133.883 535.0 
133.848 536.0 
133.837 537.0 
133.79 538.0 
133.755 539.0 
133.72 540.0 
133.942 541.0 
133.86 542.0 
133.872 543.0 
133.79 544.0 
133.685 545.0 
133.697 546.0 
133.907 547.0 
133.848 548.0 
133.778 549.0 
133.708 550.0 
133.802 551.0 
133.883 552.0 
133.837 553.0 
133.732 554.0 
133.661 555.0 
133.883 556.0 
133.79 557.0 
133.697 558.0 
133.708 559.0 
133.813 560.0 
133.708 561.0 
133.65 562.0 
133.813 563.0 
133.673 564.0 
133.638 565.0 
133.837 566.0 
133.732 567.0 
133.615 568.0 
133.767 569.0 
133.697 570.0 
133.381 571.0 
133.743 572.0 
133.661 573.0 
133.802 574.0 
133.708 575.0 
134.012 576.0 
133.697 577.0 
133.755 578.0 
133.918 579.0 
133.767 580.0 
133.918 581.0 
133.79 582.0 
133.942 583.0 
133.825 584.0 
133.918 585.0 
133.86 586.0 
133.673 587.0 
133.86 588.0 
133.708 589.0 
133.872 590.0 
133.708 591.0 
133.872 592.0 
133.732 593.0 
133.848 594.0 
133.72 595.0 
133.813 596.0 
133.708 597.0 
133.802 598.0 
133.685 599.0 
133.755 600.0 
133.942 601.0 
133.802 602.0 
133.953 603.0 
133.743 604.0 
133.883 605.0 
133.708 606.0 
133.848 607.0 
133.661 608.0 
133.79 609.0 
133.206 610.0 
133.802 611.0 
133.918 612.0 
133.708 613.0 
133.813 614.0 
133.65 615.0 
133.732 616.0 
133.907 617.0 
133.697 618.0 
133.848 619.0 
133.685 620.0 
133.743 621.0 
133.872 622.0 
133.673 623.0 
133.802 624.0 
133.918 625.0 
133.708 626.0 
133.802 627.0 
133.93 628.0 
133.743 629.0 
133.813 630.0 
133.93 631.0 
133.697 632.0 
133.837 633.0 
133.767 634.0 
133.743 635.0 
133.86 636.0 
133.93 637.0 
133.743 638.0 
133.755 639.0 
133.918 640.0 
133.661 641.0 
133.697 642.0 
133.825 643.0 
133.638 644.0 
133.65 645.0 
133.825 646.0 
133.942 647.0 
133.638 648.0 
133.778 649.0 
133.883 650.0 
133.638 651.0 
133.697 652.0 
133.825 653.0 
133.918 654.0 
133.661 655.0 
133.685 656.0 
133.767 657.0 
133.907 658.0 
133.72 659.0 
133.802 660.0 
133.825 661.0 
133.883 662.0 
133.708 663.0 
133.79 664.0 
133.837 665.0 
133.93 666.0 
133.708 667.0 
133.767 668.0 
133.86 669.0 
133.918 670.0 
133.661 671.0 
133.697 672.0 
133.767 673.0 
133.872 674.0 
133.895 675.0 
133.673 676.0 
133.743 677.0 
133.813 678.0 
133.872 679.0 
133.907 680.0 
133.638 681.0 
133.72 682.0 
133.778 683.0 
133.86 684.0 
133.895 685.0 
133.953 686.0 
133.638 687.0 
133.72 688.0 
133.755 689.0 
133.837 690.0 
133.895 691.0 
133.86 692.0 
133.673 693.0 
133.72 694.0 
133.743 695.0 
133.79 696.0 
133.813 697.0 
133.895 698.0 
133.638 699.0 
133.685 700.0 
133.697 701.0 
133.755 702.0 
133.79 703.0 
133.837 704.0 
133.86 705.0 
133.825 706.0 
133.626 707.0 
133.685 708.0 
133.755 709.0 
133.72 710.0 
133.825 711.0 
133.848 712.0 
133.883 713.0 
133.942 714.0 
133.615 715.0 
133.65 716.0 
133.65 717.0 
133.732 718.0 
133.767 719.0 
133.767 720.0 
133.837 721.0 
133.732 722.0 
133.86 723.0 
133.883 724.0 
133.918 725.0 
133.603 726.0 
133.661 727.0 
133.673 728.0 
133.697 729.0 
133.697 730.0 
133.743 731.0 
133.79 732.0 
133.825 733.0 
133.813 734.0 
133.848 735.0 
133.883 736.0 
133.895 737.0 
133.872 738.0 
133.58 739.0 
133.626 740.0 
133.591 741.0 
133.638 742.0 
133.65 743.0 
133.626 744.0 
133.697 745.0 
133.65 746.0 
133.673 747.0 
133.708 748.0 
133.708 749.0 
133.72 750.0 
133.697 751.0 
133.732 752.0 
133.755 753.0 
133.767 754.0 
133.778 755.0 
133.778 756.0 
133.778 757.0 
133.767 758.0 
133.813 759.0 
133.778 760.0 
133.778 761.0 
133.802 762.0 
133.778 763.0 
133.79 764.0 
133.802 765.0 
133.825 766.0 
133.813 767.0 
133.813 768.0 
133.813 769.0 
133.79 770.0 
133.802 771.0 
133.825 772.0 
133.813 773.0 
133.848 774.0 
133.802 775.0 
133.825 776.0 
133.802 777.0 
133.825 778.0 
133.848 779.0 
133.825 780.0 
133.802 781.0 
133.79 782.0 
133.802 783.0 
133.813 784.0 
133.778 785.0 
133.802 786.0 
133.767 787.0 
133.778 788.0 
133.802 789.0 
133.813 790.0 
133.802 791.0 
133.802 792.0 
133.837 793.0 
133.825 794.0 
133.837 795.0 
133.79 796.0 
133.825 797.0 
133.813 798.0 
133.825 799.0 
133.837 800.0 
133.767 801.0 
133.778 802.0 
133.778 803.0 
133.837 804.0 
0.005 805.0 
0.007 806.0 
0.01 807.0 
0.007 808.0 
0.004 809.0 
0.0 810.0 
0.012 811.0 
-0.002 812.0 
-0.005 813.0 
-0.011 814.0 
-0.017 815.0 
-0.022 816.0 
-0.024 817.0 
-0.018 818.0 
-0.029 819.0 
-0.044 820.0 
-0.052 821.0 
-0.049 822.0 
-0.043 823.0 
-0.044 824.0 
-0.054 825.0 
-0.06 826.0 
-0.058 827.0 
-0.044 828.0 
-0.049 829.0 
