-0.065 257.0 
-0.037 258.0 
-0.047 259.0 
-0.049 260.0 
-0.05 261.0 
-0.047 262.0 
-0.029 263.0 
-0.059 264.0 
-0.017 265.0 
-0.058 266.0 
-0.052 267.0 
-0.058 268.0 
-0.048 269.0 
-0.04 270.0 
-0.036 271.0 
-0.041 272.0 
-0.048 273.0 
-0.054 274.0 
144.967 275.0 
142.223 276.0 
141.136 277.0 
139.571 278.0 
138.041 279.0 
136.021 280.0 
134.432 281.0 
132.166 282.0 
129.258 283.0 
128.371 284.0 
127.962 285.0 
127.623 286.0 
127.401 287.0 
127.179 288.0 
126.934 289.0 
126.187 290.0 
125.988 291.0 
125.789 292.0 
125.532 293.0 
125.451 294.0 
124.843 295.0 
124.68 296.0 
124.61 297.0 
124.096 298.0 
123.886 299.0 
123.827 300.0 
123.302 301.0 
123.185 302.0 
122.683 303.0 
122.624 304.0 
122.554 305.0 
121.935 306.0 
120.65 307.0 
118.431 308.0 
115.628 309.0 
111.832 310.0 
108.036 311.0 
103.75 312.0 
99.662 313.0 
95.294 314.0 
91.124 315.0 
86.85 316.0 
83.171 317.0 
80.11 318.0 
79.947 319.0 
79.725 320.0 
79.643 321.0 
79.597 322.0 
79.491 323.0 
79.526 324.0 
79.468 325.0 
79.375 326.0 
79.538 327.0 
79.445 328.0 
79.608 329.0 
79.538 330.0 
79.386 331.0 
79.713 332.0 
79.55 333.0 
79.456 334.0 
79.456 335.0 
79.538 336.0 
79.526 337.0 
79.421 338.0 
79.573 339.0 
79.456 340.0 
79.445 341.0 
79.433 342.0 
79.597 343.0 
79.456 344.0 
79.445 345.0 
79.398 346.0 
79.375 347.0 
79.41 348.0 
79.491 349.0 
79.468 350.0 
79.421 351.0 
79.48 352.0 
79.445 353.0 
79.363 354.0 
79.538 355.0 
79.468 356.0 
79.538 357.0 
79.491 358.0 
79.538 359.0 
79.491 360.0 
79.491 361.0 
79.456 362.0 
79.456 363.0 
79.421 364.0 
79.398 365.0 
79.48 366.0 
79.48 367.0 
79.41 368.0 
79.456 369.0 
79.48 370.0 
79.503 371.0 
79.48 372.0 
79.515 373.0 
79.515 374.0 
79.491 375.0 
79.538 376.0 
79.386 377.0 
79.48 378.0 
79.445 379.0 
79.445 380.0 
79.445 381.0 
79.55 382.0 
79.433 383.0 
79.386 384.0 
79.41 385.0 
79.526 386.0 
79.41 387.0 
79.351 388.0 
79.468 389.0 
79.468 390.0 
79.433 391.0 
79.433 392.0 
79.503 393.0 
79.375 394.0 
79.456 395.0 
79.538 396.0 
79.375 397.0 
79.468 398.0 
79.305 399.0 
79.375 400.0 
79.503 401.0 
79.456 402.0 
79.538 403.0 
79.456 404.0 
79.445 405.0 
79.375 406.0 
79.421 407.0 
79.398 408.0 
79.456 409.0 
79.421 410.0 
79.445 411.0 
79.515 412.0 
79.924 413.0 
79.503 414.0 
79.433 415.0 
79.48 416.0 
79.386 417.0 
79.503 418.0 
79.503 419.0 
79.375 420.0 
79.421 421.0 
79.468 422.0 
79.468 423.0 
79.41 424.0 
79.421 425.0 
79.445 426.0 
79.503 427.0 
79.41 428.0 
79.445 429.0 
79.375 430.0 
79.456 431.0 
79.515 432.0 
79.468 433.0 
79.398 434.0 
79.398 435.0 
79.433 436.0 
79.562 437.0 
79.351 438.0 
79.421 439.0 
79.421 440.0 
79.386 441.0 
79.398 442.0 
79.445 443.0 
79.421 444.0 
79.421 445.0 
79.375 446.0 
79.503 447.0 
79.503 448.0 
79.433 449.0 
79.83 450.0 
79.421 451.0 
79.445 452.0 
79.421 453.0 
79.351 454.0 
79.433 455.0 
79.386 456.0 
79.421 457.0 
79.398 458.0 
79.491 459.0 
79.515 460.0 
79.445 461.0 
79.398 462.0 
79.503 463.0 
79.433 464.0 
79.433 465.0 
79.515 466.0 
79.456 467.0 
79.363 468.0 
79.468 469.0 
79.433 470.0 
79.398 471.0 
79.421 472.0 
79.503 473.0 
79.456 474.0 
79.526 475.0 
79.456 476.0 
79.351 477.0 
79.433 478.0 
79.375 479.0 
79.421 480.0 
79.503 481.0 
79.398 482.0 
79.491 483.0 
79.433 484.0 
79.445 485.0 
79.386 486.0 
79.328 487.0 
79.456 488.0 
79.421 489.0 
79.445 490.0 
79.491 491.0 
79.468 492.0 
79.398 493.0 
79.491 494.0 
79.398 495.0 
79.351 496.0 
79.468 497.0 
79.491 498.0 
79.351 499.0 
79.386 500.0 
79.41 501.0 
79.468 502.0 
79.351 503.0 
79.351 504.0 
79.386 505.0 
79.445 506.0 
79.375 507.0 
79.585 508.0 
79.316 509.0 
79.363 510.0 
79.386 511.0 
79.421 512.0 
79.398 513.0 
79.421 514.0 
79.468 515.0 
79.445 516.0 
79.456 517.0 
79.246 518.0 
79.293 519.0 
79.27 520.0 
79.293 521.0 
79.293 522.0 
79.293 523.0 
79.27 524.0 
79.293 525.0 
79.258 526.0 
79.27 527.0 
79.211 528.0 
79.234 529.0 
79.176 530.0 
79.211 531.0 
79.351 532.0 
79.316 533.0 
79.199 534.0 
79.258 535.0 
79.223 536.0 
79.188 537.0 
79.118 538.0 
79.036 539.0 
79.024 540.0 
79.094 541.0 
79.083 542.0 
79.024 543.0 
78.931 544.0 
78.907 545.0 
78.872 546.0 
78.989 547.0 
78.931 548.0 
78.872 549.0 
78.837 550.0 
78.756 551.0 
78.896 552.0 
78.849 553.0 
78.767 554.0 
78.756 555.0 
78.907 556.0 
78.837 557.0 
78.791 558.0 
78.919 559.0 
78.872 560.0 
78.826 561.0 
78.744 562.0 
78.872 563.0 
78.802 564.0 
78.65 565.0 
78.849 566.0 
78.966 567.0 
78.721 568.0 
78.872 569.0 
78.791 570.0 
78.907 571.0 
78.802 572.0 
78.744 573.0 
78.791 574.0 
78.767 575.0 
78.884 576.0 
78.837 577.0 
78.814 578.0 
78.919 579.0 
78.837 580.0 
78.884 581.0 
78.861 582.0 
78.919 583.0 
78.872 584.0 
78.954 585.0 
78.907 586.0 
78.791 587.0 
78.861 588.0 
78.791 589.0 
78.884 590.0 
78.826 591.0 
78.907 592.0 
78.791 593.0 
78.849 594.0 
78.814 595.0 
78.884 596.0 
78.814 597.0 
78.884 598.0 
78.791 599.0 
78.884 600.0 
78.931 601.0 
78.826 602.0 
78.931 603.0 
78.837 604.0 
78.896 605.0 
78.791 606.0 
78.861 607.0 
78.744 608.0 
78.826 609.0 
78.907 610.0 
78.837 611.0 
78.907 612.0 
78.802 613.0 
78.849 614.0 
78.779 615.0 
78.837 616.0 
78.896 617.0 
78.814 618.0 
78.896 619.0 
78.487 620.0 
78.826 621.0 
78.849 622.0 
78.826 623.0 
78.826 624.0 
78.884 625.0 
78.744 626.0 
78.861 627.0 
78.896 628.0 
78.791 629.0 
78.861 630.0 
78.942 631.0 
78.767 632.0 
78.872 633.0 
78.942 634.0 
78.814 635.0 
78.849 636.0 
78.919 637.0 
78.826 638.0 
78.861 639.0 
78.896 640.0 
78.767 641.0 
78.837 642.0 
78.896 643.0 
78.767 644.0 
78.802 645.0 
78.849 646.0 
78.919 647.0 
78.767 648.0 
78.849 649.0 
78.872 650.0 
78.744 651.0 
78.826 652.0 
78.837 653.0 
78.896 654.0 
78.791 655.0 
78.814 656.0 
78.872 657.0 
78.907 658.0 
78.826 659.0 
78.837 660.0 
78.896 661.0 
78.907 662.0 
78.744 663.0 
78.814 664.0 
78.872 665.0 
78.907 666.0 
78.779 667.0 
78.814 668.0 
78.861 669.0 
78.919 670.0 
78.791 671.0 
78.791 672.0 
78.814 673.0 
78.849 674.0 
78.907 675.0 
78.756 676.0 
78.814 677.0 
78.907 678.0 
78.791 679.0 
78.919 680.0 
78.756 681.0 
78.756 682.0 
78.826 683.0 
78.861 684.0 
78.919 685.0 
78.919 686.0 
78.779 687.0 
78.779 688.0 
78.849 689.0 
78.872 690.0 
78.919 691.0 
78.954 692.0 
78.756 693.0 
78.814 694.0 
78.791 695.0 
78.861 696.0 
78.884 697.0 
78.861 698.0 
78.604 699.0 
78.756 700.0 
78.779 701.0 
78.802 702.0 
78.849 703.0 
78.779 704.0 
78.896 705.0 
78.907 706.0 
78.744 707.0 
78.744 708.0 
78.814 709.0 
78.849 710.0 
78.849 711.0 
78.861 712.0 
78.907 713.0 
78.919 714.0 
78.954 715.0 
78.756 716.0 
78.791 717.0 
78.814 718.0 
78.814 719.0 
78.837 720.0 
78.837 721.0 
78.884 722.0 
78.849 723.0 
78.884 724.0 
78.931 725.0 
78.732 726.0 
78.744 727.0 
78.756 728.0 
78.814 729.0 
78.802 730.0 
78.849 731.0 
78.872 732.0 
78.861 733.0 
78.861 734.0 
78.884 735.0 
78.884 736.0 
78.954 737.0 
78.919 738.0 
78.954 739.0 
78.721 740.0 
78.732 741.0 
78.756 742.0 
78.744 743.0 
78.791 744.0 
78.756 745.0 
78.779 746.0 
78.767 747.0 
78.767 748.0 
78.791 749.0 
78.814 750.0 
78.802 751.0 
78.791 752.0 
78.814 753.0 
78.837 754.0 
78.861 755.0 
78.802 756.0 
78.849 757.0 
78.861 758.0 
78.872 759.0 
78.837 760.0 
78.849 761.0 
78.849 762.0 
78.849 763.0 
78.826 764.0 
78.849 765.0 
78.861 766.0 
78.849 767.0 
78.849 768.0 
78.872 769.0 
78.872 770.0 
78.849 771.0 
78.861 772.0 
78.849 773.0 
78.872 774.0 
78.849 775.0 
78.849 776.0 
78.861 777.0 
78.884 778.0 
78.849 779.0 
78.849 780.0 
78.837 781.0 
78.826 782.0 
78.872 783.0 
78.826 784.0 
78.814 785.0 
78.826 786.0 
78.814 787.0 
78.849 788.0 
78.826 789.0 
78.861 790.0 
78.861 791.0 
78.861 792.0 
78.849 793.0 
78.837 794.0 
78.849 795.0 
78.861 796.0 
78.861 797.0 
78.837 798.0 
78.861 799.0 
78.814 800.0 
78.837 801.0 
78.837 802.0 
78.861 803.0 
78.837 804.0 
-0.002 805.0 
-0.004 806.0 
0.007 807.0 
-0.005 808.0 
-0.006 809.0 
-0.022 810.0 
-0.024 811.0 
-0.023 812.0 
-0.037 813.0 
-0.049 814.0 
-0.049 815.0 
-0.047 816.0 
-0.048 817.0 
-0.058 818.0 
-0.065 819.0 
-0.062 820.0 
-0.06 821.0 
-0.064 822.0 
-0.066 823.0 
-0.058 824.0 
-0.059 825.0 
-0.047 826.0 
-0.04 827.0 
-0.049 828.0 
-0.035 829.0 
