-0.023 257.0 
-0.02 258.0 
-0.043 259.0 
-0.03 260.0 
-0.022 261.0 
-0.011 262.0 
-0.028 263.0 
-0.028 264.0 
-0.025 265.0 
-0.034 266.0 
-0.028 267.0 
-0.035 268.0 
-0.046 269.0 
-0.035 270.0 
-0.031 271.0 
-0.018 272.0 
-0.049 273.0 
-0.041 274.0 
143.893 275.0 
141.113 276.0 
140.097 277.0 
138.789 278.0 
137.2 279.0 
135.215 280.0 
133.451 281.0 
130.87 282.0 
128.067 283.0 
126.677 284.0 
126.268 285.0 
125.988 286.0 
125.895 287.0 
125.684 288.0 
125.462 289.0 
124.832 290.0 
124.785 291.0 
124.668 292.0 
124.493 293.0 
124.236 294.0 
123.897 295.0 
123.769 296.0 
123.769 297.0 
123.29 298.0 
123.103 299.0 
122.905 300.0 
122.624 301.0 
122.613 302.0 
122.122 303.0 
122.11 304.0 
122.029 305.0 
121.445 306.0 
120.44 307.0 
118.361 308.0 
115.698 309.0 
112.183 310.0 
108.807 311.0 
104.883 312.0 
100.947 313.0 
96.45 314.0 
92.175 315.0 
87.866 316.0 
84.058 317.0 
81.395 318.0 
81.208 319.0 
80.963 320.0 
80.835 321.0 
80.846 322.0 
80.741 323.0 
80.788 324.0 
80.706 325.0 
80.578 326.0 
80.729 327.0 
80.636 328.0 
80.94 329.0 
80.741 330.0 
80.648 331.0 
80.765 332.0 
80.765 333.0 
80.671 334.0 
80.636 335.0 
80.718 336.0 
80.718 337.0 
80.613 338.0 
80.729 339.0 
80.683 340.0 
80.706 341.0 
80.648 342.0 
80.916 343.0 
80.694 344.0 
80.648 345.0 
80.636 346.0 
80.578 347.0 
80.659 348.0 
80.718 349.0 
80.683 350.0 
80.648 351.0 
80.683 352.0 
80.659 353.0 
80.589 354.0 
80.624 355.0 
80.683 356.0 
80.776 357.0 
80.694 358.0 
80.718 359.0 
80.694 360.0 
80.741 361.0 
80.683 362.0 
80.706 363.0 
80.601 364.0 
80.624 365.0 
80.636 366.0 
80.706 367.0 
80.636 368.0 
80.636 369.0 
80.659 370.0 
80.671 371.0 
80.694 372.0 
80.694 373.0 
80.694 374.0 
80.729 375.0 
81.033 376.0 
80.624 377.0 
80.636 378.0 
80.613 379.0 
80.671 380.0 
80.683 381.0 
80.788 382.0 
80.648 383.0 
80.624 384.0 
80.624 385.0 
80.729 386.0 
80.636 387.0 
80.601 388.0 
80.683 389.0 
80.706 390.0 
80.683 391.0 
80.671 392.0 
80.729 393.0 
80.578 394.0 
80.694 395.0 
80.741 396.0 
80.624 397.0 
80.671 398.0 
80.543 399.0 
80.613 400.0 
80.729 401.0 
80.729 402.0 
80.765 403.0 
80.706 404.0 
80.648 405.0 
80.589 406.0 
80.624 407.0 
80.589 408.0 
80.671 409.0 
80.601 410.0 
80.648 411.0 
80.718 412.0 
80.963 413.0 
80.718 414.0 
80.613 415.0 
80.694 416.0 
80.636 417.0 
80.683 418.0 
80.683 419.0 
80.589 420.0 
80.648 421.0 
80.718 422.0 
80.765 423.0 
80.624 424.0 
80.613 425.0 
80.683 426.0 
80.659 427.0 
80.624 428.0 
80.601 429.0 
80.601 430.0 
80.683 431.0 
80.671 432.0 
80.718 433.0 
80.578 434.0 
80.589 435.0 
80.636 436.0 
80.683 437.0 
80.601 438.0 
80.566 439.0 
80.601 440.0 
80.624 441.0 
80.659 442.0 
80.648 443.0 
80.578 444.0 
80.624 445.0 
80.589 446.0 
80.718 447.0 
80.706 448.0 
80.659 449.0 
81.057 450.0 
80.636 451.0 
80.601 452.0 
80.613 453.0 
80.578 454.0 
80.671 455.0 
80.519 456.0 
80.601 457.0 
80.554 458.0 
80.683 459.0 
80.694 460.0 
80.671 461.0 
80.636 462.0 
80.706 463.0 
80.636 464.0 
80.659 465.0 
80.694 466.0 
80.659 467.0 
80.589 468.0 
80.648 469.0 
80.636 470.0 
80.578 471.0 
80.648 472.0 
80.496 473.0 
80.624 474.0 
80.694 475.0 
80.659 476.0 
80.601 477.0 
80.636 478.0 
80.566 479.0 
80.671 480.0 
80.729 481.0 
80.659 482.0 
80.776 483.0 
80.613 484.0 
80.683 485.0 
80.566 486.0 
80.578 487.0 
80.671 488.0 
80.601 489.0 
80.624 490.0 
80.694 491.0 
80.636 492.0 
80.648 493.0 
80.694 494.0 
80.589 495.0 
80.589 496.0 
80.648 497.0 
80.671 498.0 
80.554 499.0 
80.613 500.0 
80.636 501.0 
80.694 502.0 
80.543 503.0 
80.554 504.0 
80.566 505.0 
80.613 506.0 
80.578 507.0 
80.636 508.0 
80.508 509.0 
80.543 510.0 
80.566 511.0 
80.613 512.0 
80.624 513.0 
80.659 514.0 
80.648 515.0 
80.508 516.0 
80.951 517.0 
80.484 518.0 
80.508 519.0 
80.543 520.0 
80.554 521.0 
80.554 522.0 
80.554 523.0 
80.496 524.0 
80.531 525.0 
80.531 526.0 
80.508 527.0 
80.484 528.0 
80.496 529.0 
80.461 530.0 
80.437 531.0 
80.601 532.0 
80.519 533.0 
80.496 534.0 
80.508 535.0 
80.473 536.0 
80.449 537.0 
80.332 538.0 
80.332 539.0 
80.309 540.0 
80.437 541.0 
80.332 542.0 
80.367 543.0 
80.297 544.0 
80.262 545.0 
80.204 546.0 
80.332 547.0 
80.251 548.0 
80.192 549.0 
80.169 550.0 
80.099 551.0 
80.239 552.0 
80.216 553.0 
80.122 554.0 
80.157 555.0 
80.262 556.0 
80.216 557.0 
80.157 558.0 
79.854 559.0 
80.227 560.0 
80.181 561.0 
80.122 562.0 
80.239 563.0 
80.122 564.0 
80.087 565.0 
80.192 566.0 
80.216 567.0 
80.099 568.0 
80.157 569.0 
80.11 570.0 
80.227 571.0 
80.157 572.0 
80.075 573.0 
80.181 574.0 
80.134 575.0 
80.297 576.0 
80.169 577.0 
80.134 578.0 
80.227 579.0 
80.192 580.0 
80.297 581.0 
80.204 582.0 
80.297 583.0 
80.181 584.0 
79.854 585.0 
80.227 586.0 
80.145 587.0 
80.262 588.0 
80.157 589.0 
80.239 590.0 
80.157 591.0 
80.227 592.0 
80.145 593.0 
80.204 594.0 
80.134 595.0 
80.216 596.0 
80.169 597.0 
80.157 598.0 
80.157 599.0 
80.227 600.0 
80.297 601.0 
80.192 602.0 
80.274 603.0 
80.181 604.0 
80.239 605.0 
80.181 606.0 
80.204 607.0 
80.134 608.0 
80.227 609.0 
80.262 610.0 
80.192 611.0 
80.262 612.0 
80.145 613.0 
80.262 614.0 
80.145 615.0 
80.134 616.0 
80.286 617.0 
80.087 618.0 
80.227 619.0 
79.994 620.0 
80.181 621.0 
80.262 622.0 
80.122 623.0 
80.204 624.0 
80.286 625.0 
80.169 626.0 
80.192 627.0 
80.286 628.0 
80.157 629.0 
80.216 630.0 
80.286 631.0 
80.122 632.0 
80.227 633.0 
80.531 634.0 
80.169 635.0 
80.204 636.0 
80.286 637.0 
80.145 638.0 
80.204 639.0 
80.274 640.0 
80.134 641.0 
80.157 642.0 
80.251 643.0 
80.134 644.0 
80.157 645.0 
80.192 646.0 
80.286 647.0 
80.145 648.0 
80.181 649.0 
80.251 650.0 
80.087 651.0 
80.087 652.0 
80.192 653.0 
80.262 654.0 
80.11 655.0 
80.145 656.0 
80.227 657.0 
80.251 658.0 
80.122 659.0 
80.227 660.0 
80.251 661.0 
80.286 662.0 
80.122 663.0 
80.216 664.0 
80.251 665.0 
80.274 666.0 
80.145 667.0 
80.169 668.0 
80.204 669.0 
80.251 670.0 
80.11 671.0 
80.145 672.0 
80.181 673.0 
80.239 674.0 
80.227 675.0 
80.11 676.0 
80.157 677.0 
80.169 678.0 
80.239 679.0 
80.274 680.0 
80.087 681.0 
80.157 682.0 
80.181 683.0 
80.204 684.0 
80.239 685.0 
80.309 686.0 
80.122 687.0 
80.169 688.0 
80.157 689.0 
80.192 690.0 
80.251 691.0 
80.274 692.0 
80.122 693.0 
80.157 694.0 
80.181 695.0 
80.239 696.0 
80.227 697.0 
80.251 698.0 
79.982 699.0 
80.122 700.0 
80.157 701.0 
80.181 702.0 
80.216 703.0 
80.204 704.0 
80.239 705.0 
80.274 706.0 
80.134 707.0 
80.157 708.0 
80.122 709.0 
80.169 710.0 
80.181 711.0 
80.227 712.0 
80.216 713.0 
80.274 714.0 
80.04 715.0 
80.11 716.0 
80.099 717.0 
80.157 718.0 
80.169 719.0 
80.192 720.0 
80.216 721.0 
80.227 722.0 
80.227 723.0 
80.251 724.0 
80.286 725.0 
80.099 726.0 
80.11 727.0 
80.122 728.0 
80.169 729.0 
80.181 730.0 
80.216 731.0 
80.216 732.0 
80.204 733.0 
80.227 734.0 
80.286 735.0 
80.262 736.0 
80.286 737.0 
80.262 738.0 
80.075 739.0 
80.099 740.0 
80.087 741.0 
80.122 742.0 
80.134 743.0 
80.122 744.0 
80.122 745.0 
80.134 746.0 
80.145 747.0 
80.157 748.0 
80.145 749.0 
80.134 750.0 
80.181 751.0 
80.181 752.0 
80.157 753.0 
80.145 754.0 
80.204 755.0 
80.11 756.0 
80.192 757.0 
80.181 758.0 
80.204 759.0 
80.192 760.0 
80.216 761.0 
80.204 762.0 
80.192 763.0 
80.204 764.0 
80.204 765.0 
80.192 766.0 
80.204 767.0 
80.216 768.0 
80.204 769.0 
80.239 770.0 
80.227 771.0 
80.227 772.0 
80.192 773.0 
80.192 774.0 
80.204 775.0 
80.251 776.0 
80.227 777.0 
80.192 778.0 
80.216 779.0 
80.239 780.0 
80.216 781.0 
80.216 782.0 
80.227 783.0 
80.169 784.0 
80.192 785.0 
80.181 786.0 
80.169 787.0 
80.216 788.0 
80.204 789.0 
80.192 790.0 
80.192 791.0 
80.204 792.0 
80.169 793.0 
80.239 794.0 
80.216 795.0 
80.216 796.0 
80.192 797.0 
80.227 798.0 
80.227 799.0 
80.239 800.0 
80.227 801.0 
80.251 802.0 
80.192 803.0 
80.216 804.0 
0.02 805.0 
0.012 806.0 
0.01 807.0 
0.007 808.0 
0.011 809.0 
0.005 810.0 
0.0 811.0 
-0.005 812.0 
-0.006 813.0 
-0.014 814.0 
-0.02 815.0 
-0.025 816.0 
-0.028 817.0 
-0.024 818.0 
-0.029 819.0 
-0.034 820.0 
-0.035 821.0 
-0.023 822.0 
-0.029 823.0 
-0.036 824.0 
-0.042 825.0 
-0.031 826.0 
-0.026 827.0 
-0.034 828.0 
-0.034 829.0 
