-0.026 257.0 
-0.028 258.0 
-0.042 259.0 
-0.055 260.0 
-0.024 261.0 
-0.026 262.0 
-0.04 263.0 
-0.031 264.0 
-0.026 265.0 
-0.04 266.0 
-0.049 267.0 
-0.046 268.0 
-0.031 269.0 
-0.029 270.0 
-0.036 271.0 
-0.023 272.0 
-0.018 273.0 
-0.03 274.0 
147.794 275.0 
144.827 276.0 
143.823 277.0 
142.328 278.0 
140.506 279.0 
138.252 280.0 
136.371 281.0 
134.129 282.0 
130.601 283.0 
128.966 284.0 
128.569 285.0 
128.207 286.0 
128.067 287.0 
127.857 288.0 
127.588 289.0 
126.864 290.0 
126.712 291.0 
126.514 292.0 
126.338 293.0 
126.011 294.0 
125.661 295.0 
125.509 296.0 
125.486 297.0 
124.984 298.0 
124.715 299.0 
124.633 300.0 
124.131 301.0 
124.037 302.0 
123.535 303.0 
123.418 304.0 
123.267 305.0 
122.659 306.0 
121.585 307.0 
119.296 308.0 
116.469 309.0 
112.697 310.0 
108.959 311.0 
104.766 312.0 
100.433 313.0 
95.96 314.0 
91.778 315.0 
87.632 316.0 
84.011 317.0 
81.384 318.0 
81.208 319.0 
80.963 320.0 
81.045 321.0 
80.893 322.0 
80.753 323.0 
80.8 324.0 
80.741 325.0 
80.648 326.0 
80.706 327.0 
80.624 328.0 
81.033 329.0 
80.753 330.0 
80.671 331.0 
80.986 332.0 
80.788 333.0 
80.659 334.0 
80.683 335.0 
80.765 336.0 
80.788 337.0 
80.671 338.0 
80.94 339.0 
80.729 340.0 
80.671 341.0 
80.671 342.0 
80.274 343.0 
80.683 344.0 
80.636 345.0 
80.659 346.0 
80.648 347.0 
80.671 348.0 
80.753 349.0 
80.741 350.0 
80.694 351.0 
80.741 352.0 
80.694 353.0 
80.613 354.0 
80.706 355.0 
80.729 356.0 
80.765 357.0 
80.729 358.0 
80.788 359.0 
80.718 360.0 
80.753 361.0 
80.671 362.0 
80.741 363.0 
80.671 364.0 
80.648 365.0 
80.706 366.0 
80.706 367.0 
80.683 368.0 
80.694 369.0 
80.729 370.0 
80.718 371.0 
80.729 372.0 
80.765 373.0 
80.776 374.0 
80.765 375.0 
80.916 376.0 
80.659 377.0 
80.671 378.0 
80.706 379.0 
80.694 380.0 
80.706 381.0 
80.811 382.0 
80.659 383.0 
80.659 384.0 
80.671 385.0 
80.8 386.0 
80.601 387.0 
80.648 388.0 
80.729 389.0 
80.741 390.0 
80.718 391.0 
80.694 392.0 
80.753 393.0 
80.601 394.0 
80.729 395.0 
80.776 396.0 
80.671 397.0 
80.729 398.0 
80.589 399.0 
80.636 400.0 
80.753 401.0 
80.706 402.0 
80.776 403.0 
80.729 404.0 
80.659 405.0 
80.648 406.0 
80.694 407.0 
80.636 408.0 
80.694 409.0 
80.624 410.0 
80.706 411.0 
80.765 412.0 
81.243 413.0 
80.753 414.0 
80.659 415.0 
80.718 416.0 
80.659 417.0 
80.729 418.0 
80.729 419.0 
80.624 420.0 
80.683 421.0 
80.729 422.0 
80.765 423.0 
80.671 424.0 
80.648 425.0 
80.729 426.0 
80.718 427.0 
80.671 428.0 
80.636 429.0 
80.659 430.0 
80.718 431.0 
80.753 432.0 
80.729 433.0 
80.624 434.0 
80.648 435.0 
80.683 436.0 
80.729 437.0 
80.624 438.0 
80.624 439.0 
80.683 440.0 
80.659 441.0 
80.624 442.0 
80.659 443.0 
80.624 444.0 
80.636 445.0 
80.578 446.0 
80.741 447.0 
80.729 448.0 
80.998 449.0 
81.103 450.0 
80.706 451.0 
80.683 452.0 
80.671 453.0 
80.613 454.0 
80.718 455.0 
80.566 456.0 
80.706 457.0 
80.613 458.0 
80.729 459.0 
80.729 460.0 
80.648 461.0 
80.648 462.0 
80.741 463.0 
80.683 464.0 
80.671 465.0 
80.741 466.0 
80.683 467.0 
80.636 468.0 
80.694 469.0 
80.648 470.0 
80.683 471.0 
80.671 472.0 
80.729 473.0 
80.694 474.0 
80.8 475.0 
80.718 476.0 
80.648 477.0 
80.683 478.0 
80.543 479.0 
80.694 480.0 
80.8 481.0 
80.694 482.0 
80.718 483.0 
80.659 484.0 
80.706 485.0 
80.636 486.0 
80.671 487.0 
80.729 488.0 
80.636 489.0 
80.683 490.0 
80.765 491.0 
80.683 492.0 
80.648 493.0 
80.718 494.0 
80.613 495.0 
80.601 496.0 
80.683 497.0 
80.741 498.0 
80.601 499.0 
80.613 500.0 
80.694 501.0 
80.706 502.0 
80.566 503.0 
80.601 504.0 
80.601 505.0 
80.659 506.0 
80.613 507.0 
80.683 508.0 
80.566 509.0 
80.613 510.0 
80.624 511.0 
80.659 512.0 
80.671 513.0 
80.671 514.0 
80.671 515.0 
80.554 516.0 
80.998 517.0 
80.519 518.0 
80.543 519.0 
80.508 520.0 
80.554 521.0 
80.589 522.0 
80.554 523.0 
80.578 524.0 
80.566 525.0 
80.554 526.0 
80.543 527.0 
80.461 528.0 
80.508 529.0 
80.484 530.0 
80.519 531.0 
80.636 532.0 
80.636 533.0 
80.543 534.0 
80.554 535.0 
80.531 536.0 
80.519 537.0 
80.367 538.0 
80.367 539.0 
80.356 540.0 
80.484 541.0 
80.402 542.0 
80.356 543.0 
80.321 544.0 
80.309 545.0 
80.274 546.0 
80.367 547.0 
80.332 548.0 
80.262 549.0 
80.251 550.0 
80.157 551.0 
80.286 552.0 
80.262 553.0 
80.227 554.0 
80.216 555.0 
80.297 556.0 
80.251 557.0 
80.181 558.0 
79.865 559.0 
80.297 560.0 
80.204 561.0 
80.145 562.0 
80.274 563.0 
80.192 564.0 
80.134 565.0 
80.274 566.0 
80.251 567.0 
80.134 568.0 
80.192 569.0 
80.204 570.0 
80.309 571.0 
80.239 572.0 
80.134 573.0 
80.216 574.0 
80.192 575.0 
80.636 576.0 
80.227 577.0 
80.216 578.0 
80.309 579.0 
80.216 580.0 
80.297 581.0 
80.239 582.0 
80.286 583.0 
80.274 584.0 
80.356 585.0 
80.274 586.0 
80.204 587.0 
80.251 588.0 
80.181 589.0 
80.297 590.0 
80.239 591.0 
80.286 592.0 
80.204 593.0 
80.262 594.0 
80.227 595.0 
80.227 596.0 
80.216 597.0 
80.309 598.0 
80.169 599.0 
80.227 600.0 
80.344 601.0 
80.239 602.0 
80.321 603.0 
80.251 604.0 
80.286 605.0 
80.204 606.0 
80.286 607.0 
80.145 608.0 
80.251 609.0 
80.344 610.0 
80.239 611.0 
80.356 612.0 
80.216 613.0 
80.297 614.0 
80.157 615.0 
80.239 616.0 
80.321 617.0 
80.204 618.0 
80.286 619.0 
79.854 620.0 
80.216 621.0 
80.262 622.0 
80.192 623.0 
80.239 624.0 
80.309 625.0 
80.169 626.0 
80.286 627.0 
80.297 628.0 
80.204 629.0 
80.251 630.0 
80.332 631.0 
80.204 632.0 
80.274 633.0 
80.566 634.0 
80.216 635.0 
80.286 636.0 
80.344 637.0 
80.239 638.0 
80.262 639.0 
80.321 640.0 
80.181 641.0 
80.227 642.0 
80.321 643.0 
80.181 644.0 
80.227 645.0 
80.286 646.0 
80.321 647.0 
80.169 648.0 
80.239 649.0 
80.309 650.0 
80.169 651.0 
80.181 652.0 
80.262 653.0 
80.321 654.0 
80.181 655.0 
80.227 656.0 
80.227 657.0 
80.321 658.0 
80.192 659.0 
80.227 660.0 
80.321 661.0 
80.344 662.0 
80.181 663.0 
80.239 664.0 
80.286 665.0 
80.309 666.0 
80.181 667.0 
80.192 668.0 
80.297 669.0 
80.356 670.0 
80.122 671.0 
80.216 672.0 
80.262 673.0 
80.309 674.0 
80.239 675.0 
80.181 676.0 
80.216 677.0 
80.227 678.0 
80.251 679.0 
80.321 680.0 
80.157 681.0 
80.216 682.0 
80.251 683.0 
80.297 684.0 
80.274 685.0 
80.344 686.0 
80.169 687.0 
80.227 688.0 
80.251 689.0 
80.274 690.0 
80.297 691.0 
80.356 692.0 
80.169 693.0 
80.192 694.0 
80.227 695.0 
80.262 696.0 
80.297 697.0 
80.297 698.0 
80.064 699.0 
80.192 700.0 
80.204 701.0 
80.227 702.0 
80.286 703.0 
80.227 704.0 
80.262 705.0 
80.344 706.0 
80.169 707.0 
80.169 708.0 
80.204 709.0 
80.227 710.0 
80.274 711.0 
80.262 712.0 
80.286 713.0 
80.321 714.0 
80.169 715.0 
80.169 716.0 
80.204 717.0 
80.216 718.0 
80.239 719.0 
80.262 720.0 
80.251 721.0 
80.274 722.0 
80.297 723.0 
80.309 724.0 
80.297 725.0 
80.145 726.0 
80.122 727.0 
80.181 728.0 
80.239 729.0 
80.239 730.0 
80.251 731.0 
80.239 732.0 
80.251 733.0 
80.262 734.0 
80.286 735.0 
80.274 736.0 
80.321 737.0 
80.321 738.0 
80.11 739.0 
80.122 740.0 
80.169 741.0 
80.169 742.0 
80.145 743.0 
80.169 744.0 
80.169 745.0 
80.204 746.0 
80.192 747.0 
80.192 748.0 
80.216 749.0 
80.239 750.0 
80.204 751.0 
80.204 752.0 
80.204 753.0 
80.239 754.0 
80.216 755.0 
80.204 756.0 
80.286 757.0 
80.251 758.0 
80.262 759.0 
80.251 760.0 
80.251 761.0 
80.274 762.0 
80.227 763.0 
80.239 764.0 
80.262 765.0 
80.297 766.0 
80.251 767.0 
80.274 768.0 
80.251 769.0 
80.274 770.0 
80.297 771.0 
80.286 772.0 
80.286 773.0 
80.262 774.0 
80.262 775.0 
80.286 776.0 
80.239 777.0 
80.251 778.0 
80.239 779.0 
80.239 780.0 
80.251 781.0 
80.251 782.0 
80.274 783.0 
80.262 784.0 
80.262 785.0 
80.262 786.0 
80.227 787.0 
80.251 788.0 
80.262 789.0 
80.251 790.0 
80.239 791.0 
80.274 792.0 
80.262 793.0 
80.262 794.0 
80.262 795.0 
80.286 796.0 
80.262 797.0 
80.262 798.0 
80.262 799.0 
80.251 800.0 
80.251 801.0 
80.262 802.0 
80.239 803.0 
80.251 804.0 
-0.002 805.0 
0.007 806.0 
0.005 807.0 
0.011 808.0 
-0.001 809.0 
0.001 810.0 
0.013 811.0 
0.01 812.0 
-0.004 813.0 
0.0 814.0 
-0.004 815.0 
0.008 816.0 
-0.001 817.0 
-0.005 818.0 
-0.006 819.0 
-0.001 820.0 
-0.007 821.0 
-0.008 822.0 
-0.002 823.0 
-0.013 824.0 
-0.013 825.0 
-0.014 826.0 
-0.013 827.0 
-0.02 828.0 
-0.019 829.0 
