-0.037 257.0 
-0.05 258.0 
-0.068 259.0 
-0.042 260.0 
-0.041 261.0 
-0.054 262.0 
-0.068 263.0 
-0.05 264.0 
-0.054 265.0 
-0.105 266.0 
-0.056 267.0 
-0.043 268.0 
-0.059 269.0 
-0.059 270.0 
-0.032 271.0 
-0.025 272.0 
-0.035 273.0 
-0.048 274.0 
136.651 275.0 
133.615 276.0 
132.692 277.0 
131.431 278.0 
130.123 279.0 
128.487 280.0 
127.156 281.0 
124.925 282.0 
122.694 283.0 
121.596 284.0 
121.258 285.0 
120.954 286.0 
120.861 287.0 
120.685 288.0 
120.393 289.0 
119.833 290.0 
119.774 291.0 
119.611 292.0 
119.482 293.0 
119.004 294.0 
118.933 295.0 
118.817 296.0 
118.77 297.0 
118.303 298.0 
118.198 299.0 
117.871 300.0 
117.614 301.0 
117.555 302.0 
117.041 303.0 
116.995 304.0 
116.609 305.0 
116.235 306.0 
115.091 307.0 
112.989 308.0 
110.419 309.0 
107.055 310.0 
103.785 311.0 
99.931 312.0 
96.193 313.0 
92.024 314.0 
88.099 315.0 
84.432 316.0 
81.138 317.0 
78.58 318.0 
78.347 319.0 
78.23 320.0 
78.102 321.0 
78.125 322.0 
77.985 323.0 
78.055 324.0 
78.02 325.0 
77.915 326.0 
78.008 327.0 
77.926 328.0 
77.926 329.0 
78.02 330.0 
77.95 331.0 
77.95 332.0 
78.031 333.0 
77.926 334.0 
77.856 335.0 
77.985 336.0 
77.996 337.0 
77.903 338.0 
78.02 339.0 
77.973 340.0 
77.95 341.0 
77.95 342.0 
77.973 343.0 
77.996 344.0 
77.985 345.0 
77.926 346.0 
77.88 347.0 
77.891 348.0 
77.985 349.0 
77.938 350.0 
77.95 351.0 
77.985 352.0 
77.938 353.0 
77.891 354.0 
77.891 355.0 
77.996 356.0 
78.031 357.0 
77.961 358.0 
78.008 359.0 
77.973 360.0 
77.985 361.0 
77.915 362.0 
77.973 363.0 
77.903 364.0 
77.938 365.0 
77.973 366.0 
77.973 367.0 
77.926 368.0 
77.915 369.0 
77.985 370.0 
77.961 371.0 
77.985 372.0 
77.973 373.0 
78.02 374.0 
78.02 375.0 
78.008 376.0 
77.903 377.0 
77.95 378.0 
77.926 379.0 
77.973 380.0 
77.938 381.0 
77.985 382.0 
77.926 383.0 
77.903 384.0 
77.926 385.0 
78.043 386.0 
77.938 387.0 
77.868 388.0 
77.95 389.0 
77.973 390.0 
77.95 391.0 
77.915 392.0 
78.02 393.0 
77.868 394.0 
77.95 395.0 
78.02 396.0 
77.856 397.0 
77.95 398.0 
77.821 399.0 
77.88 400.0 
77.996 401.0 
77.961 402.0 
78.02 403.0 
77.95 404.0 
77.95 405.0 
77.856 406.0 
77.961 407.0 
77.868 408.0 
77.961 409.0 
77.891 410.0 
77.926 411.0 
77.985 412.0 
78.09 413.0 
77.961 414.0 
77.88 415.0 
77.961 416.0 
77.868 417.0 
77.938 418.0 
77.915 419.0 
77.891 420.0 
77.903 421.0 
77.938 422.0 
77.996 423.0 
77.903 424.0 
77.915 425.0 
77.926 426.0 
77.996 427.0 
77.891 428.0 
77.926 429.0 
77.926 430.0 
77.961 431.0 
77.996 432.0 
77.985 433.0 
77.868 434.0 
77.903 435.0 
77.891 436.0 
77.938 437.0 
77.903 438.0 
77.868 439.0 
77.856 440.0 
77.868 441.0 
77.88 442.0 
77.903 443.0 
77.891 444.0 
77.868 445.0 
77.868 446.0 
77.985 447.0 
77.973 448.0 
78.207 449.0 
78.008 450.0 
77.926 451.0 
77.88 452.0 
77.856 453.0 
77.833 454.0 
77.938 455.0 
77.728 456.0 
77.856 457.0 
77.845 458.0 
77.961 459.0 
77.95 460.0 
77.903 461.0 
77.868 462.0 
77.985 463.0 
77.915 464.0 
77.903 465.0 
77.938 466.0 
77.891 467.0 
77.845 468.0 
77.95 469.0 
77.903 470.0 
77.868 471.0 
77.926 472.0 
77.81 473.0 
77.903 474.0 
77.985 475.0 
77.88 476.0 
77.845 477.0 
77.938 478.0 
77.798 479.0 
77.926 480.0 
77.996 481.0 
77.903 482.0 
77.961 483.0 
77.856 484.0 
77.938 485.0 
77.856 486.0 
77.856 487.0 
77.996 488.0 
77.868 489.0 
77.856 490.0 
77.95 491.0 
77.891 492.0 
77.938 493.0 
77.938 494.0 
77.821 495.0 
77.868 496.0 
77.903 497.0 
77.926 498.0 
77.81 499.0 
77.856 500.0 
77.891 501.0 
77.938 502.0 
77.763 503.0 
77.845 504.0 
77.845 505.0 
77.903 506.0 
77.821 507.0 
77.868 508.0 
77.716 509.0 
77.868 510.0 
77.868 511.0 
77.868 512.0 
77.891 513.0 
77.903 514.0 
77.903 515.0 
77.821 516.0 
78.218 517.0 
77.728 518.0 
77.798 519.0 
77.775 520.0 
77.786 521.0 
77.763 522.0 
77.786 523.0 
77.775 524.0 
77.763 525.0 
77.775 526.0 
77.763 527.0 
77.716 528.0 
77.739 529.0 
77.704 530.0 
77.739 531.0 
77.821 532.0 
78.137 533.0 
77.751 534.0 
77.775 535.0 
77.728 536.0 
77.716 537.0 
77.611 538.0 
77.611 539.0 
77.553 540.0 
77.704 541.0 
77.588 542.0 
77.576 543.0 
77.564 544.0 
77.518 545.0 
77.483 546.0 
77.588 547.0 
77.518 548.0 
77.494 549.0 
77.459 550.0 
77.401 551.0 
77.541 552.0 
77.483 553.0 
77.424 554.0 
77.401 555.0 
77.553 556.0 
77.448 557.0 
77.436 558.0 
77.167 559.0 
77.506 560.0 
77.436 561.0 
77.389 562.0 
77.506 563.0 
77.424 564.0 
77.389 565.0 
77.483 566.0 
77.494 567.0 
77.354 568.0 
77.389 569.0 
77.459 570.0 
77.494 571.0 
77.471 572.0 
77.377 573.0 
77.483 574.0 
77.401 575.0 
77.821 576.0 
77.459 577.0 
77.412 578.0 
77.553 579.0 
77.459 580.0 
77.564 581.0 
77.483 582.0 
77.553 583.0 
77.483 584.0 
77.237 585.0 
77.518 586.0 
77.448 587.0 
77.553 588.0 
77.424 589.0 
77.529 590.0 
77.459 591.0 
77.494 592.0 
77.424 593.0 
77.506 594.0 
77.436 595.0 
77.471 596.0 
77.401 597.0 
77.424 598.0 
77.424 599.0 
77.471 600.0 
77.576 601.0 
77.494 602.0 
77.529 603.0 
77.471 604.0 
77.553 605.0 
77.412 606.0 
77.494 607.0 
77.436 608.0 
77.518 609.0 
77.553 610.0 
77.494 611.0 
77.518 612.0 
77.424 613.0 
77.529 614.0 
77.401 615.0 
77.448 616.0 
77.518 617.0 
77.366 618.0 
77.506 619.0 
77.226 620.0 
77.448 621.0 
77.483 622.0 
77.389 623.0 
77.483 624.0 
77.564 625.0 
77.424 626.0 
77.494 627.0 
77.541 628.0 
77.459 629.0 
77.506 630.0 
77.541 631.0 
77.459 632.0 
77.518 633.0 
77.786 634.0 
77.459 635.0 
77.506 636.0 
77.529 637.0 
77.401 638.0 
77.448 639.0 
77.541 640.0 
77.401 641.0 
77.401 642.0 
77.529 643.0 
77.436 644.0 
77.424 645.0 
77.506 646.0 
77.588 647.0 
77.401 648.0 
77.459 649.0 
77.494 650.0 
77.412 651.0 
77.412 652.0 
77.483 653.0 
77.529 654.0 
77.366 655.0 
77.401 656.0 
77.471 657.0 
77.529 658.0 
77.412 659.0 
77.471 660.0 
77.529 661.0 
77.494 662.0 
77.412 663.0 
77.459 664.0 
77.494 665.0 
77.564 666.0 
77.459 667.0 
77.471 668.0 
77.529 669.0 
77.553 670.0 
77.436 671.0 
77.448 672.0 
77.471 673.0 
77.483 674.0 
77.471 675.0 
77.401 676.0 
77.459 677.0 
77.459 678.0 
77.506 679.0 
77.564 680.0 
77.377 681.0 
77.412 682.0 
77.459 683.0 
77.483 684.0 
77.494 685.0 
77.576 686.0 
77.377 687.0 
77.424 688.0 
77.483 689.0 
77.529 690.0 
77.553 691.0 
77.564 692.0 
77.389 693.0 
77.412 694.0 
77.436 695.0 
77.471 696.0 
77.471 697.0 
77.529 698.0 
77.331 699.0 
77.412 700.0 
77.412 701.0 
77.436 702.0 
77.471 703.0 
77.518 704.0 
77.518 705.0 
77.564 706.0 
77.412 707.0 
77.424 708.0 
77.436 709.0 
77.448 710.0 
77.459 711.0 
77.518 712.0 
77.553 713.0 
77.518 714.0 
77.307 715.0 
77.366 716.0 
77.377 717.0 
77.448 718.0 
77.459 719.0 
77.448 720.0 
77.483 721.0 
77.494 722.0 
77.529 723.0 
77.518 724.0 
77.576 725.0 
77.389 726.0 
77.401 727.0 
77.401 728.0 
77.436 729.0 
77.459 730.0 
77.483 731.0 
77.506 732.0 
77.483 733.0 
77.494 734.0 
77.506 735.0 
77.459 736.0 
77.529 737.0 
77.576 738.0 
77.319 739.0 
77.377 740.0 
77.366 741.0 
77.377 742.0 
77.412 743.0 
77.401 744.0 
77.412 745.0 
77.401 746.0 
77.436 747.0 
77.448 748.0 
77.412 749.0 
77.436 750.0 
77.448 751.0 
77.436 752.0 
77.471 753.0 
77.448 754.0 
77.471 755.0 
77.459 756.0 
77.459 757.0 
77.459 758.0 
77.471 759.0 
77.459 760.0 
77.494 761.0 
77.483 762.0 
77.471 763.0 
77.494 764.0 
77.471 765.0 
77.494 766.0 
77.506 767.0 
77.494 768.0 
77.494 769.0 
77.483 770.0 
77.506 771.0 
77.494 772.0 
77.471 773.0 
77.494 774.0 
77.541 775.0 
77.471 776.0 
77.483 777.0 
77.494 778.0 
77.483 779.0 
77.448 780.0 
77.483 781.0 
77.483 782.0 
77.471 783.0 
77.483 784.0 
77.471 785.0 
77.494 786.0 
77.483 787.0 
77.471 788.0 
77.459 789.0 
77.471 790.0 
77.483 791.0 
77.518 792.0 
77.471 793.0 
77.436 794.0 
77.459 795.0 
77.459 796.0 
77.483 797.0 
77.494 798.0 
77.483 799.0 
77.471 800.0 
77.483 801.0 
77.483 802.0 
77.483 803.0 
77.459 804.0 
0.001 805.0 
0.007 806.0 
0.0 807.0 
0.0 808.0 
0.005 809.0 
-0.001 810.0 
-0.011 811.0 
0.004 812.0 
-0.008 813.0 
-0.013 814.0 
-0.024 815.0 
-0.026 816.0 
-0.026 817.0 
-0.023 818.0 
-0.032 819.0 
-0.038 820.0 
-0.028 821.0 
-0.037 822.0 
-0.04 823.0 
-0.035 824.0 
-0.04 825.0 
-0.041 826.0 
-0.037 827.0 
-0.036 828.0 
-0.031 829.0 
