-0.032 257.0 
-0.04 258.0 
-0.061 259.0 
-0.02 260.0 
-0.031 261.0 
-0.05 262.0 
-0.05 263.0 
-0.036 264.0 
-0.034 265.0 
-0.04 266.0 
-0.046 267.0 
-0.046 268.0 
-0.044 269.0 
-0.037 270.0 
-0.016 271.0 
-0.035 272.0 
-0.029 273.0 
-0.029 274.0 
136.126 275.0 
133.311 276.0 
132.47 277.0 
131.407 278.0 
130.076 279.0 
128.16 280.0 
126.514 281.0 
124.563 282.0 
121.713 283.0 
120.592 284.0 
120.312 285.0 
120.101 286.0 
120.043 287.0 
119.809 288.0 
119.564 289.0 
118.969 290.0 
118.875 291.0 
118.653 292.0 
118.501 293.0 
118.268 294.0 
117.952 295.0 
117.836 296.0 
117.812 297.0 
117.298 298.0 
117.135 299.0 
117.065 300.0 
116.539 301.0 
116.434 302.0 
115.908 303.0 
115.745 304.0 
115.616 305.0 
114.951 306.0 
113.713 307.0 
111.529 308.0 
109.088 309.0 
105.852 310.0 
102.605 311.0 
98.634 312.0 
95.072 313.0 
91.218 314.0 
87.363 315.0 
83.591 316.0 
80.064 317.0 
77.623 318.0 
77.518 319.0 
77.307 320.0 
77.214 321.0 
77.202 322.0 
77.109 323.0 
77.156 324.0 
77.12 325.0 
77.027 326.0 
77.109 327.0 
77.062 328.0 
77.658 329.0 
77.191 330.0 
77.097 331.0 
77.377 332.0 
77.202 333.0 
77.074 334.0 
77.062 335.0 
77.167 336.0 
77.156 337.0 
77.039 338.0 
77.191 339.0 
77.085 340.0 
77.062 341.0 
77.05 342.0 
76.653 343.0 
77.109 344.0 
77.05 345.0 
77.039 346.0 
77.039 347.0 
77.062 348.0 
77.12 349.0 
77.097 350.0 
77.062 351.0 
77.109 352.0 
77.085 353.0 
76.98 354.0 
77.027 355.0 
77.132 356.0 
77.12 357.0 
77.074 358.0 
77.156 359.0 
77.074 360.0 
77.097 361.0 
77.015 362.0 
77.097 363.0 
77.015 364.0 
77.05 365.0 
77.074 366.0 
77.074 367.0 
77.027 368.0 
77.05 369.0 
77.085 370.0 
77.085 371.0 
77.12 372.0 
77.132 373.0 
77.132 374.0 
77.156 375.0 
77.412 376.0 
76.957 377.0 
77.004 378.0 
77.05 379.0 
77.097 380.0 
77.085 381.0 
77.144 382.0 
77.039 383.0 
77.05 384.0 
77.062 385.0 
77.109 386.0 
76.992 387.0 
77.004 388.0 
77.097 389.0 
77.062 390.0 
77.097 391.0 
77.05 392.0 
77.144 393.0 
77.004 394.0 
77.097 395.0 
77.179 396.0 
77.004 397.0 
77.097 398.0 
76.969 399.0 
77.062 400.0 
77.132 401.0 
77.097 402.0 
77.12 403.0 
77.085 404.0 
77.039 405.0 
77.015 406.0 
77.062 407.0 
77.027 408.0 
77.097 409.0 
77.039 410.0 
77.109 411.0 
77.132 412.0 
77.553 413.0 
77.109 414.0 
77.027 415.0 
77.074 416.0 
77.015 417.0 
77.109 418.0 
77.109 419.0 
77.039 420.0 
77.074 421.0 
77.097 422.0 
77.12 423.0 
77.004 424.0 
77.015 425.0 
77.062 426.0 
77.085 427.0 
77.05 428.0 
77.062 429.0 
77.05 430.0 
77.109 431.0 
77.12 432.0 
77.156 433.0 
77.015 434.0 
77.015 435.0 
77.05 436.0 
77.12 437.0 
77.027 438.0 
76.98 439.0 
77.039 440.0 
77.027 441.0 
77.027 442.0 
77.015 443.0 
77.039 444.0 
77.039 445.0 
77.004 446.0 
77.097 447.0 
77.132 448.0 
77.085 449.0 
77.284 450.0 
77.027 451.0 
77.027 452.0 
77.004 453.0 
77.004 454.0 
77.097 455.0 
76.899 456.0 
77.015 457.0 
76.98 458.0 
77.109 459.0 
77.109 460.0 
77.062 461.0 
77.039 462.0 
77.109 463.0 
77.062 464.0 
77.039 465.0 
77.12 466.0 
77.05 467.0 
77.004 468.0 
77.085 469.0 
77.039 470.0 
77.027 471.0 
77.05 472.0 
76.98 473.0 
77.062 474.0 
77.156 475.0 
77.039 476.0 
77.004 477.0 
77.074 478.0 
76.969 479.0 
77.039 480.0 
77.132 481.0 
77.015 482.0 
77.12 483.0 
77.015 484.0 
77.062 485.0 
76.969 486.0 
76.992 487.0 
77.12 488.0 
77.027 489.0 
77.074 490.0 
77.12 491.0 
77.074 492.0 
77.062 493.0 
77.097 494.0 
77.015 495.0 
76.992 496.0 
77.062 497.0 
77.074 498.0 
76.957 499.0 
77.015 500.0 
77.074 501.0 
77.097 502.0 
76.957 503.0 
76.969 504.0 
77.027 505.0 
77.015 506.0 
76.98 507.0 
77.12 508.0 
76.957 509.0 
76.969 510.0 
77.027 511.0 
77.027 512.0 
77.039 513.0 
77.039 514.0 
77.085 515.0 
77.085 516.0 
77.085 517.0 
76.852 518.0 
76.899 519.0 
76.945 520.0 
76.969 521.0 
76.934 522.0 
76.945 523.0 
76.969 524.0 
76.945 525.0 
76.91 526.0 
76.945 527.0 
76.864 528.0 
76.899 529.0 
76.864 530.0 
76.875 531.0 
77.004 532.0 
76.969 533.0 
76.934 534.0 
76.957 535.0 
76.91 536.0 
76.84 537.0 
76.782 538.0 
76.77 539.0 
76.723 540.0 
76.864 541.0 
76.828 542.0 
76.77 543.0 
76.712 544.0 
76.735 545.0 
76.665 546.0 
76.77 547.0 
76.758 548.0 
76.677 549.0 
76.642 550.0 
76.572 551.0 
76.735 552.0 
76.688 553.0 
76.595 554.0 
76.63 555.0 
76.735 556.0 
76.677 557.0 
76.607 558.0 
76.245 559.0 
76.7 560.0 
76.642 561.0 
76.583 562.0 
76.723 563.0 
76.607 564.0 
76.513 565.0 
76.688 566.0 
76.677 567.0 
76.56 568.0 
76.688 569.0 
76.607 570.0 
76.712 571.0 
76.618 572.0 
76.56 573.0 
76.653 574.0 
76.583 575.0 
76.677 576.0 
76.653 577.0 
76.63 578.0 
76.723 579.0 
76.677 580.0 
76.747 581.0 
76.653 582.0 
76.7 583.0 
76.7 584.0 
76.782 585.0 
76.7 586.0 
76.583 587.0 
76.712 588.0 
76.665 589.0 
76.723 590.0 
76.63 591.0 
76.7 592.0 
76.618 593.0 
76.665 594.0 
76.607 595.0 
76.653 596.0 
76.618 597.0 
76.7 598.0 
76.618 599.0 
76.677 600.0 
76.723 601.0 
76.642 602.0 
76.7 603.0 
76.618 604.0 
76.735 605.0 
76.618 606.0 
76.688 607.0 
76.56 608.0 
76.688 609.0 
76.747 610.0 
76.642 611.0 
76.688 612.0 
76.618 613.0 
76.677 614.0 
76.618 615.0 
76.63 616.0 
76.723 617.0 
76.525 618.0 
76.688 619.0 
76.361 620.0 
76.653 621.0 
76.7 622.0 
76.618 623.0 
76.677 624.0 
76.723 625.0 
76.618 626.0 
76.677 627.0 
76.747 628.0 
76.63 629.0 
76.688 630.0 
76.747 631.0 
76.607 632.0 
76.688 633.0 
77.015 634.0 
76.607 635.0 
76.723 636.0 
76.77 637.0 
76.618 638.0 
76.63 639.0 
76.712 640.0 
76.618 641.0 
76.653 642.0 
76.712 643.0 
76.583 644.0 
76.642 645.0 
76.7 646.0 
76.735 647.0 
76.607 648.0 
76.642 649.0 
76.7 650.0 
76.572 651.0 
76.595 652.0 
76.688 653.0 
76.747 654.0 
76.595 655.0 
76.653 656.0 
76.653 657.0 
76.747 658.0 
76.63 659.0 
76.653 660.0 
76.712 661.0 
76.735 662.0 
76.572 663.0 
76.665 664.0 
76.677 665.0 
76.758 666.0 
76.595 667.0 
76.63 668.0 
76.7 669.0 
76.723 670.0 
76.56 671.0 
76.63 672.0 
76.642 673.0 
76.688 674.0 
76.747 675.0 
76.607 676.0 
76.63 677.0 
76.665 678.0 
76.677 679.0 
76.7 680.0 
76.583 681.0 
76.595 682.0 
76.688 683.0 
76.688 684.0 
76.712 685.0 
76.758 686.0 
76.572 687.0 
76.63 688.0 
76.677 689.0 
76.688 690.0 
76.735 691.0 
76.747 692.0 
76.583 693.0 
76.618 694.0 
76.665 695.0 
76.712 696.0 
76.7 697.0 
76.7 698.0 
76.466 699.0 
76.583 700.0 
76.607 701.0 
76.63 702.0 
76.665 703.0 
76.665 704.0 
76.688 705.0 
76.723 706.0 
76.56 707.0 
76.583 708.0 
76.642 709.0 
76.653 710.0 
76.665 711.0 
76.677 712.0 
76.712 713.0 
76.747 714.0 
76.607 715.0 
76.607 716.0 
76.595 717.0 
76.618 718.0 
76.618 719.0 
76.642 720.0 
76.653 721.0 
76.677 722.0 
76.688 723.0 
76.747 724.0 
76.747 725.0 
76.525 726.0 
76.572 727.0 
76.63 728.0 
76.607 729.0 
76.618 730.0 
76.653 731.0 
76.642 732.0 
76.665 733.0 
76.712 734.0 
76.677 735.0 
76.723 736.0 
76.712 737.0 
76.723 738.0 
76.408 739.0 
76.56 740.0 
76.572 741.0 
76.595 742.0 
76.583 743.0 
76.56 744.0 
76.595 745.0 
76.583 746.0 
76.607 747.0 
76.583 748.0 
76.63 749.0 
76.653 750.0 
76.63 751.0 
76.653 752.0 
76.618 753.0 
76.688 754.0 
76.688 755.0 
76.642 756.0 
76.642 757.0 
76.653 758.0 
76.677 759.0 
76.653 760.0 
76.665 761.0 
76.665 762.0 
76.665 763.0 
76.665 764.0 
76.665 765.0 
76.642 766.0 
76.688 767.0 
76.677 768.0 
76.688 769.0 
76.665 770.0 
76.688 771.0 
76.642 772.0 
76.677 773.0 
76.7 774.0 
76.677 775.0 
76.7 776.0 
76.665 777.0 
76.653 778.0 
76.63 779.0 
76.665 780.0 
76.677 781.0 
76.677 782.0 
76.642 783.0 
76.653 784.0 
76.688 785.0 
76.642 786.0 
76.653 787.0 
76.677 788.0 
76.665 789.0 
76.677 790.0 
76.653 791.0 
76.653 792.0 
76.677 793.0 
76.677 794.0 
76.677 795.0 
76.7 796.0 
76.677 797.0 
76.677 798.0 
76.653 799.0 
76.665 800.0 
76.677 801.0 
76.653 802.0 
76.665 803.0 
76.665 804.0 
0.006 805.0 
0.01 806.0 
-0.007 807.0 
-0.004 808.0 
0.001 809.0 
-0.012 810.0 
-0.023 811.0 
-0.029 812.0 
-0.03 813.0 
-0.04 814.0 
-0.049 815.0 
-0.049 816.0 
-0.047 817.0 
-0.055 818.0 
-0.059 819.0 
-0.046 820.0 
-0.05 821.0 
-0.054 822.0 
-0.06 823.0 
-0.053 824.0 
-0.048 825.0 
-0.043 826.0 
-0.046 827.0 
-0.03 828.0 
-0.036 829.0 
