-0.032 257.0 
-0.035 258.0 
-0.04 259.0 
-0.043 260.0 
-0.038 261.0 
-0.031 262.0 
-0.054 263.0 
-0.008 264.0 
-0.034 265.0 
-0.046 266.0 
-0.069 267.0 
-0.034 268.0 
-0.059 269.0 
-0.048 270.0 
-0.047 271.0 
-0.042 272.0 
-0.053 273.0 
-0.04 274.0 
140.26 275.0 
136.208 276.0 
135.191 277.0 
133.883 278.0 
132.575 279.0 
130.87 280.0 
129.609 281.0 
127.775 282.0 
125.789 283.0 
124.458 284.0 
124.224 285.0 
123.967 286.0 
123.839 287.0 
123.664 288.0 
123.43 289.0 
122.881 290.0 
122.87 291.0 
122.613 292.0 
122.472 293.0 
122.402 294.0 
121.912 295.0 
121.807 296.0 
121.737 297.0 
121.269 298.0 
121.141 299.0 
121.083 300.0 
120.534 301.0 
120.475 302.0 
119.961 303.0 
119.938 304.0 
119.856 305.0 
119.237 306.0 
118.139 307.0 
116.154 308.0 
113.748 309.0 
110.618 310.0 
107.231 311.0 
103.213 312.0 
99.429 313.0 
95.306 314.0 
91.381 315.0 
87.27 316.0 
83.754 317.0 
81.278 318.0 
81.138 319.0 
80.94 320.0 
80.846 321.0 
80.776 322.0 
80.671 323.0 
80.694 324.0 
80.648 325.0 
80.449 326.0 
80.636 327.0 
80.578 328.0 
80.729 329.0 
80.683 330.0 
80.601 331.0 
80.648 332.0 
80.706 333.0 
80.648 334.0 
80.741 335.0 
80.683 336.0 
80.683 337.0 
80.554 338.0 
80.753 339.0 
80.671 340.0 
80.671 341.0 
80.613 342.0 
80.8 343.0 
80.671 344.0 
80.624 345.0 
80.601 346.0 
80.543 347.0 
80.543 348.0 
80.671 349.0 
80.671 350.0 
80.589 351.0 
80.671 352.0 
80.613 353.0 
80.543 354.0 
80.741 355.0 
80.636 356.0 
80.718 357.0 
80.636 358.0 
80.694 359.0 
80.694 360.0 
80.694 361.0 
80.613 362.0 
80.671 363.0 
80.566 364.0 
80.601 365.0 
80.659 366.0 
80.636 367.0 
80.566 368.0 
80.613 369.0 
80.613 370.0 
80.636 371.0 
80.648 372.0 
80.659 373.0 
80.683 374.0 
80.729 375.0 
80.951 376.0 
80.531 377.0 
80.636 378.0 
80.648 379.0 
80.648 380.0 
80.624 381.0 
80.729 382.0 
80.636 383.0 
80.601 384.0 
80.578 385.0 
80.671 386.0 
80.601 387.0 
80.566 388.0 
80.648 389.0 
80.613 390.0 
80.578 391.0 
80.613 392.0 
80.694 393.0 
80.578 394.0 
80.624 395.0 
80.741 396.0 
80.601 397.0 
80.636 398.0 
80.519 399.0 
80.566 400.0 
80.694 401.0 
80.601 402.0 
80.706 403.0 
80.648 404.0 
80.601 405.0 
80.554 406.0 
80.601 407.0 
80.601 408.0 
80.659 409.0 
80.578 410.0 
80.624 411.0 
80.671 412.0 
81.115 413.0 
80.648 414.0 
80.624 415.0 
80.636 416.0 
80.578 417.0 
80.729 418.0 
80.659 419.0 
80.578 420.0 
80.613 421.0 
80.624 422.0 
80.659 423.0 
80.624 424.0 
80.543 425.0 
80.624 426.0 
80.671 427.0 
80.578 428.0 
80.613 429.0 
80.519 430.0 
80.648 431.0 
80.648 432.0 
80.683 433.0 
80.554 434.0 
80.589 435.0 
80.601 436.0 
80.706 437.0 
80.554 438.0 
80.636 439.0 
80.613 440.0 
80.601 441.0 
80.589 442.0 
80.578 443.0 
80.589 444.0 
80.578 445.0 
80.554 446.0 
80.659 447.0 
80.671 448.0 
80.613 449.0 
80.928 450.0 
80.601 451.0 
80.601 452.0 
80.578 453.0 
80.554 454.0 
80.683 455.0 
80.624 456.0 
80.578 457.0 
80.531 458.0 
80.671 459.0 
80.694 460.0 
80.636 461.0 
80.554 462.0 
80.671 463.0 
80.659 464.0 
80.624 465.0 
80.659 466.0 
80.624 467.0 
80.543 468.0 
80.636 469.0 
80.601 470.0 
80.624 471.0 
80.589 472.0 
80.683 473.0 
80.648 474.0 
80.683 475.0 
80.648 476.0 
80.531 477.0 
80.589 478.0 
80.554 479.0 
80.613 480.0 
80.706 481.0 
80.578 482.0 
80.659 483.0 
80.589 484.0 
80.636 485.0 
80.554 486.0 
80.531 487.0 
80.671 488.0 
80.601 489.0 
80.589 490.0 
80.636 491.0 
80.636 492.0 
80.601 493.0 
80.671 494.0 
80.578 495.0 
80.554 496.0 
80.636 497.0 
80.624 498.0 
80.531 499.0 
80.589 500.0 
80.578 501.0 
80.624 502.0 
80.496 503.0 
80.554 504.0 
80.543 505.0 
80.601 506.0 
80.613 507.0 
80.636 508.0 
80.484 509.0 
80.519 510.0 
80.543 511.0 
80.578 512.0 
80.589 513.0 
80.636 514.0 
80.613 515.0 
80.636 516.0 
80.624 517.0 
80.496 518.0 
80.437 519.0 
80.461 520.0 
80.484 521.0 
80.484 522.0 
80.484 523.0 
80.461 524.0 
80.473 525.0 
80.461 526.0 
80.461 527.0 
80.402 528.0 
80.402 529.0 
80.379 530.0 
80.367 531.0 
80.531 532.0 
80.543 533.0 
80.484 534.0 
80.473 535.0 
80.449 536.0 
80.379 537.0 
80.309 538.0 
80.286 539.0 
80.239 540.0 
80.332 541.0 
80.286 542.0 
80.216 543.0 
80.181 544.0 
80.145 545.0 
80.11 546.0 
80.181 547.0 
80.169 548.0 
80.099 549.0 
80.04 550.0 
80.04 551.0 
80.134 552.0 
80.087 553.0 
80.029 554.0 
79.994 555.0 
80.11 556.0 
80.064 557.0 
80.029 558.0 
79.76 559.0 
80.099 560.0 
80.029 561.0 
79.935 562.0 
80.099 563.0 
80.017 564.0 
79.935 565.0 
80.099 566.0 
80.005 567.0 
79.959 568.0 
80.075 569.0 
79.97 570.0 
80.11 571.0 
80.04 572.0 
79.97 573.0 
80.04 574.0 
79.994 575.0 
80.099 576.0 
80.04 577.0 
80.005 578.0 
80.134 579.0 
80.04 580.0 
80.134 581.0 
80.052 582.0 
80.134 583.0 
80.11 584.0 
80.204 585.0 
80.075 586.0 
79.994 587.0 
80.11 588.0 
79.994 589.0 
80.087 590.0 
80.017 591.0 
80.087 592.0 
80.029 593.0 
80.052 594.0 
80.017 595.0 
80.122 596.0 
80.052 597.0 
80.11 598.0 
80.04 599.0 
80.099 600.0 
80.169 601.0 
80.064 602.0 
80.145 603.0 
80.04 604.0 
80.122 605.0 
80.017 606.0 
80.11 607.0 
80.029 608.0 
80.075 609.0 
80.134 610.0 
80.064 611.0 
80.145 612.0 
80.052 613.0 
80.122 614.0 
79.982 615.0 
80.087 616.0 
80.134 617.0 
79.982 618.0 
80.11 619.0 
79.737 620.0 
80.052 621.0 
80.075 622.0 
79.994 623.0 
80.052 624.0 
80.134 625.0 
80.017 626.0 
80.122 627.0 
80.122 628.0 
80.064 629.0 
80.087 630.0 
80.145 631.0 
80.017 632.0 
80.075 633.0 
80.262 634.0 
80.017 635.0 
80.11 636.0 
80.169 637.0 
80.04 638.0 
80.075 639.0 
80.145 640.0 
80.005 641.0 
80.064 642.0 
80.11 643.0 
79.97 644.0 
80.04 645.0 
80.099 646.0 
80.122 647.0 
79.994 648.0 
80.087 649.0 
80.099 650.0 
79.947 651.0 
80.04 652.0 
80.075 653.0 
80.134 654.0 
79.982 655.0 
80.029 656.0 
80.099 657.0 
80.134 658.0 
80.064 659.0 
80.064 660.0 
80.145 661.0 
80.134 662.0 
79.994 663.0 
80.087 664.0 
80.122 665.0 
80.169 666.0 
80.005 667.0 
80.075 668.0 
80.099 669.0 
80.099 670.0 
79.982 671.0 
80.052 672.0 
80.052 673.0 
80.099 674.0 
80.075 675.0 
79.994 676.0 
80.052 677.0 
80.099 678.0 
80.075 679.0 
80.157 680.0 
79.994 681.0 
80.005 682.0 
80.064 683.0 
80.087 684.0 
80.122 685.0 
80.134 686.0 
79.97 687.0 
80.017 688.0 
80.052 689.0 
80.099 690.0 
80.099 691.0 
80.145 692.0 
79.994 693.0 
80.04 694.0 
80.052 695.0 
80.064 696.0 
80.122 697.0 
80.075 698.0 
79.842 699.0 
80.017 700.0 
80.005 701.0 
80.017 702.0 
80.064 703.0 
80.075 704.0 
80.122 705.0 
80.181 706.0 
79.97 707.0 
80.017 708.0 
80.052 709.0 
80.04 710.0 
80.029 711.0 
80.087 712.0 
80.11 713.0 
80.157 714.0 
80.169 715.0 
79.994 716.0 
80.017 717.0 
80.029 718.0 
80.064 719.0 
80.075 720.0 
80.11 721.0 
80.087 722.0 
80.075 723.0 
80.157 724.0 
80.181 725.0 
79.97 726.0 
79.982 727.0 
80.005 728.0 
80.029 729.0 
80.029 730.0 
80.052 731.0 
80.04 732.0 
80.087 733.0 
80.11 734.0 
80.122 735.0 
80.122 736.0 
80.122 737.0 
80.11 738.0 
79.772 739.0 
80.005 740.0 
79.947 741.0 
79.959 742.0 
79.959 743.0 
79.994 744.0 
79.982 745.0 
80.005 746.0 
80.005 747.0 
79.994 748.0 
80.017 749.0 
80.017 750.0 
80.005 751.0 
80.017 752.0 
80.04 753.0 
80.075 754.0 
80.052 755.0 
80.064 756.0 
80.052 757.0 
80.075 758.0 
80.099 759.0 
80.11 760.0 
80.075 761.0 
80.075 762.0 
80.075 763.0 
80.075 764.0 
80.064 765.0 
80.087 766.0 
80.087 767.0 
80.075 768.0 
80.099 769.0 
80.075 770.0 
80.099 771.0 
80.087 772.0 
80.099 773.0 
80.075 774.0 
80.087 775.0 
80.087 776.0 
80.087 777.0 
80.099 778.0 
80.075 779.0 
80.11 780.0 
80.087 781.0 
80.04 782.0 
80.064 783.0 
80.099 784.0 
80.087 785.0 
80.075 786.0 
80.075 787.0 
80.064 788.0 
80.064 789.0 
80.04 790.0 
80.064 791.0 
80.064 792.0 
80.064 793.0 
80.087 794.0 
80.075 795.0 
80.099 796.0 
80.075 797.0 
80.064 798.0 
80.099 799.0 
80.087 800.0 
80.087 801.0 
80.075 802.0 
80.075 803.0 
80.087 804.0 
0.002 805.0 
0.002 806.0 
0.001 807.0 
-0.008 808.0 
-0.007 809.0 
-0.002 810.0 
-0.016 811.0 
-0.016 812.0 
-0.03 813.0 
-0.022 814.0 
-0.037 815.0 
-0.035 816.0 
-0.034 817.0 
-0.041 818.0 
-0.049 819.0 
-0.059 820.0 
-0.044 821.0 
-0.049 822.0 
-0.054 823.0 
-0.047 824.0 
-0.049 825.0 
-0.056 826.0 
-0.048 827.0 
-0.046 828.0 
-0.03 829.0 
