-0.025 257.0 
-0.024 258.0 
-0.031 259.0 
-0.054 260.0 
-0.042 261.0 
-0.026 262.0 
-0.032 263.0 
-0.037 264.0 
-0.004 265.0 
-0.037 266.0 
-0.016 267.0 
-0.023 268.0 
-0.025 269.0 
-0.032 270.0 
-0.011 271.0 
-0.024 272.0 
-0.014 273.0 
-0.04 274.0 
148.541 275.0 
144.337 276.0 
143.367 277.0 
142.141 278.0 
140.833 279.0 
139.034 280.0 
137.598 281.0 
135.542 282.0 
132.505 283.0 
131.547 284.0 
131.22 285.0 
130.847 286.0 
130.683 287.0 
130.461 288.0 
130.146 289.0 
129.936 290.0 
129.352 291.0 
129.13 292.0 
128.92 293.0 
128.861 294.0 
128.265 295.0 
128.055 296.0 
127.997 297.0 
127.471 298.0 
127.238 299.0 
127.226 300.0 
126.63 301.0 
126.572 302.0 
126.058 303.0 
125.965 304.0 
125.93 305.0 
125.311 306.0 
124.236 307.0 
122.122 308.0 
119.307 309.0 
115.745 310.0 
111.902 311.0 
107.546 312.0 
103.622 313.0 
99.137 314.0 
94.932 315.0 
90.692 316.0 
87.153 317.0 
84.175 318.0 
84.046 319.0 
83.825 320.0 
83.708 321.0 
83.719 322.0 
83.638 323.0 
83.661 324.0 
83.568 325.0 
83.614 326.0 
83.661 327.0 
83.544 328.0 
83.719 329.0 
83.638 330.0 
83.533 331.0 
83.684 332.0 
83.684 333.0 
83.556 334.0 
83.801 335.0 
83.626 336.0 
83.603 337.0 
83.486 338.0 
83.661 339.0 
83.544 340.0 
83.544 341.0 
83.568 342.0 
83.089 343.0 
83.568 344.0 
83.579 345.0 
83.544 346.0 
83.509 347.0 
83.661 348.0 
83.614 349.0 
83.579 350.0 
83.509 351.0 
83.626 352.0 
83.568 353.0 
83.451 354.0 
83.626 355.0 
83.579 356.0 
83.614 357.0 
83.544 358.0 
83.649 359.0 
83.591 360.0 
83.579 361.0 
83.579 362.0 
83.603 363.0 
83.498 364.0 
83.544 365.0 
83.579 366.0 
83.603 367.0 
83.544 368.0 
83.544 369.0 
83.544 370.0 
83.626 371.0 
83.649 372.0 
83.614 373.0 
83.626 374.0 
83.638 375.0 
83.638 376.0 
83.392 377.0 
83.556 378.0 
83.533 379.0 
83.556 380.0 
83.556 381.0 
83.673 382.0 
83.579 383.0 
83.544 384.0 
83.579 385.0 
83.626 386.0 
83.533 387.0 
83.498 388.0 
83.626 389.0 
83.591 390.0 
83.579 391.0 
83.556 392.0 
83.614 393.0 
83.486 394.0 
83.568 395.0 
83.661 396.0 
83.509 397.0 
83.568 398.0 
83.591 399.0 
83.486 400.0 
83.626 401.0 
83.556 402.0 
83.626 403.0 
83.579 404.0 
83.521 405.0 
83.533 406.0 
83.579 407.0 
83.556 408.0 
83.556 409.0 
83.498 410.0 
83.533 411.0 
83.626 412.0 
83.684 413.0 
83.638 414.0 
83.533 415.0 
83.556 416.0 
83.498 417.0 
83.813 418.0 
83.591 419.0 
83.486 420.0 
83.533 421.0 
83.591 422.0 
83.579 423.0 
83.521 424.0 
83.486 425.0 
83.614 426.0 
83.638 427.0 
83.533 428.0 
83.568 429.0 
83.486 430.0 
83.579 431.0 
83.603 432.0 
83.603 433.0 
83.474 434.0 
83.521 435.0 
83.544 436.0 
83.626 437.0 
83.439 438.0 
83.533 439.0 
83.521 440.0 
83.533 441.0 
83.544 442.0 
83.544 443.0 
83.533 444.0 
83.556 445.0 
83.556 446.0 
83.649 447.0 
83.614 448.0 
83.591 449.0 
83.906 450.0 
83.533 451.0 
83.544 452.0 
83.498 453.0 
83.486 454.0 
83.579 455.0 
83.579 456.0 
83.521 457.0 
83.486 458.0 
83.614 459.0 
83.603 460.0 
83.544 461.0 
83.521 462.0 
83.614 463.0 
83.579 464.0 
83.568 465.0 
83.614 466.0 
83.591 467.0 
83.498 468.0 
83.603 469.0 
83.533 470.0 
83.544 471.0 
83.568 472.0 
83.533 473.0 
83.556 474.0 
83.638 475.0 
83.544 476.0 
83.509 477.0 
83.521 478.0 
83.474 479.0 
83.533 480.0 
83.626 481.0 
83.544 482.0 
83.579 483.0 
83.509 484.0 
83.591 485.0 
83.498 486.0 
83.463 487.0 
83.591 488.0 
83.509 489.0 
83.544 490.0 
83.638 491.0 
83.544 492.0 
83.556 493.0 
83.603 494.0 
83.498 495.0 
83.439 496.0 
83.556 497.0 
83.603 498.0 
83.451 499.0 
83.486 500.0 
83.533 501.0 
83.568 502.0 
83.427 503.0 
83.463 504.0 
83.521 505.0 
83.556 506.0 
83.498 507.0 
83.649 508.0 
83.439 509.0 
83.509 510.0 
83.509 511.0 
83.521 512.0 
83.521 513.0 
83.521 514.0 
83.544 515.0 
83.533 516.0 
83.579 517.0 
83.416 518.0 
83.404 519.0 
83.392 520.0 
83.427 521.0 
83.427 522.0 
83.416 523.0 
83.451 524.0 
83.427 525.0 
83.416 526.0 
83.416 527.0 
83.346 528.0 
83.357 529.0 
83.357 530.0 
83.322 531.0 
83.451 532.0 
83.439 533.0 
83.369 534.0 
83.322 535.0 
83.311 536.0 
83.264 537.0 
83.124 538.0 
83.112 539.0 
83.077 540.0 
83.182 541.0 
83.1 542.0 
83.089 543.0 
83.042 544.0 
83.019 545.0 
82.914 546.0 
83.054 547.0 
83.007 548.0 
82.914 549.0 
82.843 550.0 
82.82 551.0 
82.972 552.0 
82.902 553.0 
82.82 554.0 
82.797 555.0 
82.937 556.0 
82.843 557.0 
82.808 558.0 
82.516 559.0 
82.855 560.0 
82.797 561.0 
82.75 562.0 
82.902 563.0 
82.808 564.0 
82.762 565.0 
82.89 566.0 
82.984 567.0 
82.773 568.0 
82.82 569.0 
82.808 570.0 
82.914 571.0 
82.855 572.0 
82.797 573.0 
82.867 574.0 
82.797 575.0 
82.902 576.0 
82.855 577.0 
82.867 578.0 
82.937 579.0 
82.855 580.0 
82.949 581.0 
82.879 582.0 
82.937 583.0 
82.914 584.0 
82.657 585.0 
82.925 586.0 
82.82 587.0 
82.949 588.0 
82.82 589.0 
82.925 590.0 
82.843 591.0 
82.925 592.0 
82.855 593.0 
82.914 594.0 
82.82 595.0 
82.902 596.0 
82.82 597.0 
82.879 598.0 
82.808 599.0 
82.879 600.0 
82.96 601.0 
82.855 602.0 
82.949 603.0 
82.855 604.0 
82.925 605.0 
82.808 606.0 
82.925 607.0 
82.82 608.0 
82.843 609.0 
82.972 610.0 
82.89 611.0 
82.925 612.0 
82.808 613.0 
82.89 614.0 
82.808 615.0 
82.843 616.0 
82.914 617.0 
82.785 618.0 
82.879 619.0 
82.692 620.0 
82.855 621.0 
82.937 622.0 
82.797 623.0 
82.855 624.0 
82.937 625.0 
82.82 626.0 
82.89 627.0 
82.972 628.0 
82.855 629.0 
82.89 630.0 
82.972 631.0 
82.82 632.0 
82.949 633.0 
83.229 634.0 
82.867 635.0 
82.925 636.0 
82.972 637.0 
82.832 638.0 
82.89 639.0 
82.925 640.0 
82.797 641.0 
82.843 642.0 
82.914 643.0 
82.82 644.0 
82.843 645.0 
82.914 646.0 
82.972 647.0 
82.832 648.0 
82.843 649.0 
82.949 650.0 
82.785 651.0 
82.785 652.0 
82.89 653.0 
82.914 654.0 
82.797 655.0 
82.843 656.0 
82.855 657.0 
82.937 658.0 
82.832 659.0 
82.879 660.0 
82.914 661.0 
82.89 662.0 
82.797 663.0 
82.879 664.0 
82.937 665.0 
82.984 666.0 
82.82 667.0 
82.867 668.0 
82.89 669.0 
82.972 670.0 
82.797 671.0 
82.843 672.0 
82.879 673.0 
82.914 674.0 
82.902 675.0 
82.762 676.0 
82.843 677.0 
82.855 678.0 
82.89 679.0 
82.949 680.0 
82.785 681.0 
82.855 682.0 
82.867 683.0 
82.914 684.0 
82.914 685.0 
82.984 686.0 
82.785 687.0 
82.843 688.0 
82.879 689.0 
82.902 690.0 
82.914 691.0 
82.984 692.0 
82.762 693.0 
82.832 694.0 
82.867 695.0 
82.867 696.0 
82.89 697.0 
82.925 698.0 
82.703 699.0 
82.808 700.0 
82.843 701.0 
82.832 702.0 
82.879 703.0 
82.914 704.0 
82.902 705.0 
82.937 706.0 
82.773 707.0 
82.797 708.0 
82.832 709.0 
82.843 710.0 
82.914 711.0 
82.914 712.0 
82.937 713.0 
82.972 714.0 
82.738 715.0 
82.785 716.0 
82.75 717.0 
82.832 718.0 
82.867 719.0 
82.832 720.0 
82.867 721.0 
82.902 722.0 
82.937 723.0 
82.937 724.0 
82.949 725.0 
82.715 726.0 
82.808 727.0 
82.808 728.0 
82.843 729.0 
82.879 730.0 
82.879 731.0 
82.902 732.0 
82.937 733.0 
82.902 734.0 
82.89 735.0 
82.949 736.0 
82.949 737.0 
82.949 738.0 
82.703 739.0 
82.762 740.0 
82.762 741.0 
82.773 742.0 
82.773 743.0 
82.785 744.0 
82.773 745.0 
82.82 746.0 
82.82 747.0 
82.843 748.0 
82.843 749.0 
82.843 750.0 
82.855 751.0 
82.867 752.0 
82.855 753.0 
82.843 754.0 
82.832 755.0 
82.879 756.0 
82.879 757.0 
82.914 758.0 
82.855 759.0 
82.867 760.0 
82.879 761.0 
82.89 762.0 
82.855 763.0 
82.855 764.0 
82.879 765.0 
82.902 766.0 
82.879 767.0 
82.914 768.0 
82.879 769.0 
82.879 770.0 
82.914 771.0 
82.902 772.0 
82.902 773.0 
82.914 774.0 
82.855 775.0 
82.879 776.0 
82.867 777.0 
82.867 778.0 
82.879 779.0 
82.902 780.0 
82.879 781.0 
82.89 782.0 
82.855 783.0 
82.879 784.0 
82.879 785.0 
82.89 786.0 
82.879 787.0 
82.867 788.0 
82.89 789.0 
82.879 790.0 
82.89 791.0 
82.902 792.0 
82.867 793.0 
82.855 794.0 
82.855 795.0 
82.879 796.0 
82.867 797.0 
82.855 798.0 
82.843 799.0 
82.855 800.0 
82.867 801.0 
82.855 802.0 
82.855 803.0 
82.843 804.0 
-0.001 805.0 
-0.004 806.0 
0.001 807.0 
-0.005 808.0 
-0.005 809.0 
-0.019 810.0 
-0.024 811.0 
-0.035 812.0 
-0.042 813.0 
-0.04 814.0 
-0.055 815.0 
-0.055 816.0 
-0.064 817.0 
-0.071 818.0 
-0.074 819.0 
-0.078 820.0 
-0.068 821.0 
-0.071 822.0 
-0.068 823.0 
-0.064 824.0 
-0.066 825.0 
-0.055 826.0 
-0.044 827.0 
-0.043 828.0 
-0.052 829.0 
