-0.049 257.0 
-0.038 258.0 
-0.059 259.0 
-0.054 260.0 
-0.03 261.0 
-0.037 262.0 
-0.047 263.0 
-0.052 264.0 
-0.03 265.0 
-0.029 266.0 
-0.023 267.0 
-0.032 268.0 
-0.04 269.0 
-0.041 270.0 
-0.026 271.0 
-0.034 272.0 
-0.047 273.0 
-0.036 274.0 
145.072 275.0 
142.374 276.0 
141.347 277.0 
139.735 278.0 
137.866 279.0 
135.729 280.0 
133.883 281.0 
131.326 282.0 
128.359 283.0 
127.051 284.0 
126.63 285.0 
126.315 286.0 
126.222 287.0 
125.953 288.0 
125.673 289.0 
124.995 290.0 
124.89 291.0 
124.703 292.0 
124.505 293.0 
124.189 294.0 
123.932 295.0 
123.781 296.0 
123.757 297.0 
123.255 298.0 
123.068 299.0 
122.764 300.0 
122.519 301.0 
122.426 302.0 
121.947 303.0 
121.9 304.0 
121.62 305.0 
121.199 306.0 
120.055 307.0 
117.859 308.0 
115.044 309.0 
111.225 310.0 
107.663 311.0 
103.505 312.0 
99.417 313.0 
95.037 314.0 
91.031 315.0 
86.943 316.0 
83.276 317.0 
80.169 318.0 
80.005 319.0 
79.772 320.0 
79.608 321.0 
79.597 322.0 
79.526 323.0 
79.538 324.0 
79.456 325.0 
79.41 326.0 
79.515 327.0 
79.421 328.0 
79.515 329.0 
79.48 330.0 
79.433 331.0 
79.713 332.0 
79.538 333.0 
79.433 334.0 
79.351 335.0 
79.491 336.0 
79.491 337.0 
79.421 338.0 
79.632 339.0 
79.48 340.0 
79.456 341.0 
79.421 342.0 
79.526 343.0 
79.456 344.0 
79.398 345.0 
79.398 346.0 
79.398 347.0 
79.433 348.0 
79.48 349.0 
79.456 350.0 
79.433 351.0 
79.503 352.0 
79.421 353.0 
79.363 354.0 
79.375 355.0 
79.456 356.0 
79.503 357.0 
79.445 358.0 
79.538 359.0 
79.48 360.0 
79.526 361.0 
79.468 362.0 
79.445 363.0 
79.386 364.0 
79.41 365.0 
79.468 366.0 
79.491 367.0 
79.445 368.0 
79.41 369.0 
79.421 370.0 
79.468 371.0 
79.445 372.0 
79.433 373.0 
79.48 374.0 
79.515 375.0 
79.597 376.0 
79.316 377.0 
79.386 378.0 
79.468 379.0 
79.433 380.0 
79.48 381.0 
79.351 382.0 
79.433 383.0 
79.445 384.0 
79.421 385.0 
79.491 386.0 
79.398 387.0 
79.398 388.0 
79.456 389.0 
79.433 390.0 
79.421 391.0 
79.421 392.0 
79.515 393.0 
79.375 394.0 
79.433 395.0 
79.55 396.0 
79.398 397.0 
79.468 398.0 
79.398 399.0 
79.386 400.0 
79.515 401.0 
79.491 402.0 
79.515 403.0 
79.468 404.0 
79.456 405.0 
79.386 406.0 
79.468 407.0 
79.421 408.0 
79.456 409.0 
79.375 410.0 
79.445 411.0 
79.491 412.0 
79.982 413.0 
79.491 414.0 
79.421 415.0 
79.445 416.0 
79.375 417.0 
79.456 418.0 
79.456 419.0 
79.421 420.0 
79.456 421.0 
79.445 422.0 
79.526 423.0 
79.398 424.0 
79.433 425.0 
79.48 426.0 
79.48 427.0 
79.41 428.0 
79.41 429.0 
79.398 430.0 
79.433 431.0 
79.468 432.0 
79.491 433.0 
79.328 434.0 
79.386 435.0 
79.433 436.0 
79.445 437.0 
79.421 438.0 
79.328 439.0 
79.445 440.0 
79.386 441.0 
79.398 442.0 
79.421 443.0 
79.386 444.0 
79.386 445.0 
79.386 446.0 
79.515 447.0 
79.48 448.0 
79.468 449.0 
79.76 450.0 
79.421 451.0 
79.41 452.0 
79.351 453.0 
79.328 454.0 
79.468 455.0 
79.258 456.0 
79.386 457.0 
79.386 458.0 
79.456 459.0 
79.468 460.0 
79.433 461.0 
79.386 462.0 
79.491 463.0 
79.445 464.0 
79.41 465.0 
79.491 466.0 
79.433 467.0 
79.386 468.0 
79.433 469.0 
79.398 470.0 
79.386 471.0 
79.398 472.0 
79.363 473.0 
79.433 474.0 
79.468 475.0 
79.433 476.0 
79.34 477.0 
79.421 478.0 
79.398 479.0 
79.445 480.0 
79.538 481.0 
79.433 482.0 
79.491 483.0 
79.386 484.0 
79.445 485.0 
79.386 486.0 
79.375 487.0 
79.491 488.0 
79.386 489.0 
79.421 490.0 
79.48 491.0 
79.421 492.0 
79.41 493.0 
79.456 494.0 
79.398 495.0 
79.281 496.0 
79.421 497.0 
79.468 498.0 
79.351 499.0 
79.34 500.0 
79.41 501.0 
79.468 502.0 
79.316 503.0 
79.363 504.0 
79.386 505.0 
79.41 506.0 
79.351 507.0 
79.526 508.0 
79.328 509.0 
79.328 510.0 
79.375 511.0 
79.375 512.0 
79.398 513.0 
79.41 514.0 
79.445 515.0 
79.433 516.0 
79.491 517.0 
79.246 518.0 
79.305 519.0 
79.305 520.0 
79.351 521.0 
79.293 522.0 
79.305 523.0 
79.293 524.0 
79.281 525.0 
79.281 526.0 
79.293 527.0 
79.211 528.0 
79.199 529.0 
79.188 530.0 
79.176 531.0 
79.316 532.0 
79.27 533.0 
79.246 534.0 
79.223 535.0 
79.211 536.0 
79.141 537.0 
79.106 538.0 
79.036 539.0 
79.013 540.0 
79.141 541.0 
79.048 542.0 
79.036 543.0 
78.989 544.0 
78.931 545.0 
78.919 546.0 
79.024 547.0 
78.954 548.0 
78.919 549.0 
78.872 550.0 
78.756 551.0 
78.907 552.0 
78.849 553.0 
78.802 554.0 
78.791 555.0 
78.884 556.0 
78.872 557.0 
78.814 558.0 
78.429 559.0 
78.919 560.0 
78.826 561.0 
78.779 562.0 
78.907 563.0 
78.826 564.0 
78.756 565.0 
78.884 566.0 
78.872 567.0 
78.744 568.0 
78.861 569.0 
78.791 570.0 
78.896 571.0 
78.814 572.0 
78.767 573.0 
78.802 574.0 
78.779 575.0 
79.153 576.0 
78.814 577.0 
78.814 578.0 
78.954 579.0 
78.837 580.0 
78.931 581.0 
78.907 582.0 
78.884 583.0 
78.861 584.0 
78.966 585.0 
78.919 586.0 
78.861 587.0 
78.896 588.0 
78.802 589.0 
78.884 590.0 
78.837 591.0 
78.896 592.0 
78.814 593.0 
78.884 594.0 
78.826 595.0 
78.837 596.0 
78.826 597.0 
78.896 598.0 
78.861 599.0 
78.884 600.0 
78.978 601.0 
78.896 602.0 
78.907 603.0 
78.837 604.0 
78.896 605.0 
78.849 606.0 
78.907 607.0 
78.814 608.0 
78.837 609.0 
78.931 610.0 
78.837 611.0 
78.896 612.0 
78.814 613.0 
78.884 614.0 
78.767 615.0 
78.849 616.0 
78.966 617.0 
78.779 618.0 
78.896 619.0 
78.475 620.0 
78.861 621.0 
78.884 622.0 
78.779 623.0 
78.826 624.0 
78.931 625.0 
78.802 626.0 
78.907 627.0 
78.919 628.0 
78.826 629.0 
78.861 630.0 
78.954 631.0 
78.732 632.0 
78.896 633.0 
78.966 634.0 
78.837 635.0 
78.849 636.0 
78.919 637.0 
78.826 638.0 
78.861 639.0 
78.931 640.0 
78.802 641.0 
78.872 642.0 
78.896 643.0 
78.779 644.0 
78.849 645.0 
78.896 646.0 
78.954 647.0 
78.802 648.0 
78.849 649.0 
78.884 650.0 
78.756 651.0 
78.779 652.0 
78.884 653.0 
78.919 654.0 
78.767 655.0 
78.814 656.0 
78.826 657.0 
78.978 658.0 
78.814 659.0 
78.872 660.0 
78.919 661.0 
78.942 662.0 
78.779 663.0 
78.849 664.0 
78.907 665.0 
78.966 666.0 
78.814 667.0 
78.849 668.0 
78.872 669.0 
78.919 670.0 
78.767 671.0 
78.802 672.0 
78.861 673.0 
78.896 674.0 
78.896 675.0 
78.767 676.0 
78.814 677.0 
78.872 678.0 
78.907 679.0 
78.942 680.0 
78.791 681.0 
78.814 682.0 
78.849 683.0 
78.884 684.0 
78.919 685.0 
78.978 686.0 
78.837 687.0 
78.826 688.0 
78.849 689.0 
78.884 690.0 
78.954 691.0 
78.966 692.0 
78.756 693.0 
78.814 694.0 
78.826 695.0 
78.849 696.0 
78.907 697.0 
78.884 698.0 
78.639 699.0 
78.802 700.0 
78.814 701.0 
78.849 702.0 
78.896 703.0 
78.861 704.0 
78.919 705.0 
78.978 706.0 
78.779 707.0 
78.814 708.0 
78.779 709.0 
78.837 710.0 
78.896 711.0 
78.884 712.0 
78.931 713.0 
78.978 714.0 
78.919 715.0 
78.767 716.0 
78.791 717.0 
78.802 718.0 
78.837 719.0 
78.849 720.0 
78.884 721.0 
78.872 722.0 
78.907 723.0 
78.942 724.0 
78.954 725.0 
78.756 726.0 
78.802 727.0 
78.791 728.0 
78.814 729.0 
78.791 730.0 
78.872 731.0 
78.849 732.0 
78.884 733.0 
78.849 734.0 
78.907 735.0 
78.919 736.0 
78.919 737.0 
78.931 738.0 
78.429 739.0 
78.756 740.0 
78.756 741.0 
78.744 742.0 
78.756 743.0 
78.791 744.0 
78.849 745.0 
78.802 746.0 
78.826 747.0 
78.791 748.0 
78.767 749.0 
78.861 750.0 
78.849 751.0 
78.837 752.0 
78.837 753.0 
78.872 754.0 
78.849 755.0 
78.826 756.0 
78.837 757.0 
78.849 758.0 
78.872 759.0 
78.872 760.0 
78.884 761.0 
78.884 762.0 
78.872 763.0 
78.907 764.0 
78.861 765.0 
78.872 766.0 
78.884 767.0 
78.872 768.0 
78.861 769.0 
78.872 770.0 
78.861 771.0 
78.884 772.0 
78.896 773.0 
78.896 774.0 
78.837 775.0 
78.872 776.0 
78.861 777.0 
78.896 778.0 
78.849 779.0 
78.872 780.0 
78.884 781.0 
78.872 782.0 
78.861 783.0 
78.849 784.0 
78.837 785.0 
78.837 786.0 
78.861 787.0 
78.884 788.0 
78.849 789.0 
78.872 790.0 
78.861 791.0 
78.919 792.0 
78.896 793.0 
78.872 794.0 
78.861 795.0 
78.872 796.0 
78.837 797.0 
78.872 798.0 
78.884 799.0 
78.896 800.0 
78.884 801.0 
78.884 802.0 
78.849 803.0 
78.872 804.0 
0.002 805.0 
0.006 806.0 
0.002 807.0 
0.004 808.0 
0.001 809.0 
0.008 810.0 
0.006 811.0 
0.012 812.0 
0.011 813.0 
0.004 814.0 
0.004 815.0 
0.004 816.0 
0.004 817.0 
-0.001 818.0 
0.0 819.0 
0.0 820.0 
-0.006 821.0 
-0.001 822.0 
-0.01 823.0 
-0.002 824.0 
-0.018 825.0 
-0.011 826.0 
-0.012 827.0 
-0.016 828.0 
-0.018 829.0 
