-0.037 257.0 
-0.04 258.0 
-0.031 259.0 
-0.029 260.0 
-0.029 261.0 
-0.03 262.0 
-0.044 263.0 
-0.026 264.0 
-0.011 265.0 
-0.035 266.0 
-0.037 267.0 
-0.041 268.0 
-0.047 269.0 
-0.05 270.0 
-0.026 271.0 
-0.044 272.0 
-0.038 273.0 
-0.028 274.0 
150.025 275.0 
147.186 276.0 
145.972 277.0 
144.57 278.0 
143.005 279.0 
141.253 280.0 
139.396 281.0 
137.154 282.0 
134.397 283.0 
132.879 284.0 
132.447 285.0 
132.108 286.0 
131.863 287.0 
131.594 288.0 
131.349 289.0 
130.963 290.0 
130.485 291.0 
130.321 292.0 
130.041 293.0 
130.006 294.0 
129.387 295.0 
129.247 296.0 
129.153 297.0 
128.557 298.0 
128.371 299.0 
128.265 300.0 
127.682 301.0 
127.495 302.0 
126.934 303.0 
126.735 304.0 
126.584 305.0 
125.649 306.0 
123.874 307.0 
121.047 308.0 
117.976 309.0 
114.086 310.0 
110.08 311.0 
105.759 312.0 
101.799 313.0 
97.887 314.0 
94.091 315.0 
89.921 316.0 
86.16 317.0 
83.112 318.0 
82.902 319.0 
82.692 320.0 
82.61 321.0 
82.446 322.0 
82.295 323.0 
82.388 324.0 
82.283 325.0 
82.131 326.0 
82.26 327.0 
82.213 328.0 
82.154 329.0 
82.283 330.0 
82.224 331.0 
82.458 332.0 
82.295 333.0 
82.178 334.0 
82.189 335.0 
82.26 336.0 
82.318 337.0 
82.154 338.0 
82.341 339.0 
82.224 340.0 
82.213 341.0 
82.213 342.0 
82.353 343.0 
82.224 344.0 
82.189 345.0 
82.166 346.0 
82.119 347.0 
82.26 348.0 
82.224 349.0 
82.224 350.0 
82.166 351.0 
82.236 352.0 
82.201 353.0 
82.131 354.0 
82.295 355.0 
82.224 356.0 
82.26 357.0 
82.224 358.0 
82.33 359.0 
82.248 360.0 
82.271 361.0 
82.189 362.0 
82.213 363.0 
82.143 364.0 
82.189 365.0 
82.224 366.0 
82.213 367.0 
82.189 368.0 
82.166 369.0 
82.201 370.0 
82.224 371.0 
82.26 372.0 
82.26 373.0 
82.283 374.0 
82.295 375.0 
82.295 376.0 
82.154 377.0 
82.189 378.0 
82.213 379.0 
82.236 380.0 
82.213 381.0 
82.283 382.0 
82.201 383.0 
82.201 384.0 
82.154 385.0 
82.26 386.0 
82.166 387.0 
82.119 388.0 
82.224 389.0 
82.271 390.0 
82.236 391.0 
82.178 392.0 
82.295 393.0 
82.154 394.0 
82.201 395.0 
82.306 396.0 
82.166 397.0 
82.236 398.0 
82.096 399.0 
82.143 400.0 
82.271 401.0 
82.236 402.0 
82.26 403.0 
82.236 404.0 
82.201 405.0 
82.119 406.0 
82.213 407.0 
82.166 408.0 
82.166 409.0 
82.108 410.0 
82.201 411.0 
82.26 412.0 
82.318 413.0 
82.236 414.0 
82.189 415.0 
82.213 416.0 
82.154 417.0 
82.341 418.0 
82.213 419.0 
82.154 420.0 
82.213 421.0 
82.236 422.0 
82.248 423.0 
82.143 424.0 
82.189 425.0 
82.213 426.0 
82.248 427.0 
82.143 428.0 
82.166 429.0 
82.154 430.0 
82.213 431.0 
82.26 432.0 
82.271 433.0 
82.166 434.0 
82.154 435.0 
82.224 436.0 
82.295 437.0 
82.178 438.0 
82.201 439.0 
82.189 440.0 
82.166 441.0 
82.131 442.0 
82.166 443.0 
82.166 444.0 
82.154 445.0 
82.143 446.0 
82.26 447.0 
82.236 448.0 
82.201 449.0 
82.598 450.0 
82.189 451.0 
82.143 452.0 
82.119 453.0 
82.108 454.0 
82.213 455.0 
82.178 456.0 
82.131 457.0 
82.143 458.0 
82.248 459.0 
82.248 460.0 
82.166 461.0 
82.143 462.0 
82.26 463.0 
82.178 464.0 
82.201 465.0 
82.248 466.0 
82.201 467.0 
82.108 468.0 
82.201 469.0 
82.178 470.0 
82.143 471.0 
82.201 472.0 
82.283 473.0 
82.166 474.0 
82.271 475.0 
82.201 476.0 
82.108 477.0 
82.154 478.0 
82.108 479.0 
82.189 480.0 
82.271 481.0 
82.166 482.0 
82.248 483.0 
82.154 484.0 
82.201 485.0 
82.119 486.0 
82.119 487.0 
82.236 488.0 
82.154 489.0 
82.213 490.0 
82.224 491.0 
82.201 492.0 
82.178 493.0 
82.248 494.0 
82.131 495.0 
82.131 496.0 
82.178 497.0 
82.26 498.0 
82.119 499.0 
82.143 500.0 
82.189 501.0 
82.213 502.0 
82.073 503.0 
82.131 504.0 
82.143 505.0 
82.154 506.0 
82.236 507.0 
82.411 508.0 
82.061 509.0 
82.096 510.0 
82.096 511.0 
82.131 512.0 
82.143 513.0 
82.178 514.0 
82.201 515.0 
82.224 516.0 
82.224 517.0 
82.049 518.0 
82.038 519.0 
82.061 520.0 
82.049 521.0 
82.061 522.0 
82.073 523.0 
82.038 524.0 
82.061 525.0 
82.049 526.0 
82.061 527.0 
81.956 528.0 
81.968 529.0 
81.909 530.0 
81.944 531.0 
82.061 532.0 
82.026 533.0 
81.968 534.0 
81.968 535.0 
81.956 536.0 
81.886 537.0 
81.874 538.0 
81.804 539.0 
81.827 540.0 
81.886 541.0 
81.839 542.0 
81.827 543.0 
81.769 544.0 
81.722 545.0 
81.687 546.0 
81.827 547.0 
81.792 548.0 
81.711 549.0 
81.617 550.0 
81.629 551.0 
81.699 552.0 
81.699 553.0 
81.605 554.0 
81.605 555.0 
81.722 556.0 
81.629 557.0 
81.617 558.0 
81.348 559.0 
81.746 560.0 
81.629 561.0 
81.594 562.0 
81.699 563.0 
81.617 564.0 
81.5 565.0 
81.687 566.0 
81.769 567.0 
81.559 568.0 
81.664 569.0 
81.605 570.0 
81.699 571.0 
81.629 572.0 
81.57 573.0 
81.594 574.0 
81.617 575.0 
81.734 576.0 
81.629 577.0 
81.64 578.0 
81.711 579.0 
81.652 580.0 
81.711 581.0 
81.652 582.0 
81.757 583.0 
81.687 584.0 
81.769 585.0 
81.676 586.0 
81.605 587.0 
81.722 588.0 
81.652 589.0 
81.664 590.0 
81.617 591.0 
81.711 592.0 
81.617 593.0 
81.629 594.0 
81.594 595.0 
81.722 596.0 
81.629 597.0 
81.687 598.0 
81.652 599.0 
81.687 600.0 
81.769 601.0 
81.664 602.0 
81.734 603.0 
81.664 604.0 
81.734 605.0 
81.594 606.0 
81.711 607.0 
81.582 608.0 
81.652 609.0 
81.734 610.0 
81.652 611.0 
81.722 612.0 
81.629 613.0 
81.687 614.0 
81.57 615.0 
81.64 616.0 
81.769 617.0 
81.605 618.0 
81.687 619.0 
81.43 620.0 
81.64 621.0 
81.676 622.0 
81.57 623.0 
81.594 624.0 
81.746 625.0 
81.57 626.0 
81.699 627.0 
81.757 628.0 
81.64 629.0 
81.652 630.0 
81.734 631.0 
81.594 632.0 
81.699 633.0 
81.746 634.0 
81.629 635.0 
81.687 636.0 
81.722 637.0 
81.629 638.0 
81.687 639.0 
81.734 640.0 
81.605 641.0 
81.676 642.0 
81.757 643.0 
81.582 644.0 
81.664 645.0 
81.687 646.0 
81.711 647.0 
81.617 648.0 
81.629 649.0 
81.734 650.0 
81.547 651.0 
81.594 652.0 
81.676 653.0 
81.722 654.0 
81.605 655.0 
81.664 656.0 
81.664 657.0 
81.722 658.0 
81.605 659.0 
81.711 660.0 
81.734 661.0 
81.734 662.0 
81.605 663.0 
81.64 664.0 
81.699 665.0 
81.722 666.0 
81.605 667.0 
81.652 668.0 
81.699 669.0 
81.711 670.0 
81.617 671.0 
81.629 672.0 
81.652 673.0 
81.687 674.0 
81.722 675.0 
81.594 676.0 
81.617 677.0 
81.664 678.0 
81.687 679.0 
81.757 680.0 
81.559 681.0 
81.57 682.0 
81.629 683.0 
81.687 684.0 
81.722 685.0 
81.757 686.0 
81.594 687.0 
81.629 688.0 
81.64 689.0 
81.687 690.0 
81.699 691.0 
81.769 692.0 
81.57 693.0 
81.582 694.0 
81.64 695.0 
81.687 696.0 
81.722 697.0 
81.687 698.0 
81.454 699.0 
81.605 700.0 
81.57 701.0 
81.629 702.0 
81.64 703.0 
81.652 704.0 
81.699 705.0 
81.734 706.0 
81.582 707.0 
81.594 708.0 
81.617 709.0 
81.64 710.0 
81.687 711.0 
81.687 712.0 
81.722 713.0 
81.781 714.0 
81.781 715.0 
81.594 716.0 
81.582 717.0 
81.629 718.0 
81.652 719.0 
81.664 720.0 
81.676 721.0 
81.699 722.0 
81.699 723.0 
81.734 724.0 
81.757 725.0 
81.582 726.0 
81.547 727.0 
81.605 728.0 
81.617 729.0 
81.64 730.0 
81.652 731.0 
81.652 732.0 
81.676 733.0 
81.687 734.0 
81.711 735.0 
81.722 736.0 
81.746 737.0 
81.746 738.0 
81.454 739.0 
81.57 740.0 
81.57 741.0 
81.594 742.0 
81.582 743.0 
81.582 744.0 
81.605 745.0 
81.629 746.0 
81.617 747.0 
81.629 748.0 
81.605 749.0 
81.617 750.0 
81.617 751.0 
81.605 752.0 
81.64 753.0 
81.64 754.0 
81.652 755.0 
81.652 756.0 
81.64 757.0 
81.629 758.0 
81.652 759.0 
81.664 760.0 
81.687 761.0 
81.652 762.0 
81.652 763.0 
81.687 764.0 
81.687 765.0 
81.699 766.0 
81.676 767.0 
81.687 768.0 
81.676 769.0 
81.664 770.0 
81.699 771.0 
81.676 772.0 
81.676 773.0 
81.687 774.0 
81.687 775.0 
81.664 776.0 
81.629 777.0 
81.676 778.0 
81.652 779.0 
81.687 780.0 
81.664 781.0 
81.676 782.0 
81.652 783.0 
81.64 784.0 
81.687 785.0 
81.664 786.0 
81.676 787.0 
81.699 788.0 
81.687 789.0 
81.664 790.0 
81.699 791.0 
81.699 792.0 
81.699 793.0 
81.676 794.0 
81.687 795.0 
81.664 796.0 
81.687 797.0 
81.676 798.0 
81.652 799.0 
81.699 800.0 
81.687 801.0 
81.64 802.0 
81.664 803.0 
81.664 804.0 
0.01 805.0 
0.004 806.0 
0.0 807.0 
-0.006 808.0 
-0.012 809.0 
-0.019 810.0 
-0.019 811.0 
-0.038 812.0 
-0.037 813.0 
-0.048 814.0 
-0.05 815.0 
-0.056 816.0 
-0.061 817.0 
-0.061 818.0 
-0.064 819.0 
-0.064 820.0 
-0.066 821.0 
-0.066 822.0 
-0.068 823.0 
-0.058 824.0 
-0.05 825.0 
-0.043 826.0 
-0.037 827.0 
-0.041 828.0 
-0.034 829.0 
