-0.03 257.0 
-0.044 258.0 
-0.047 259.0 
-0.054 260.0 
-0.037 261.0 
-0.035 262.0 
-0.05 263.0 
-0.047 264.0 
-0.052 265.0 
-0.03 266.0 
-0.052 267.0 
-0.055 268.0 
-0.037 269.0 
-0.031 270.0 
-0.026 271.0 
-0.023 272.0 
-0.035 273.0 
-0.049 274.0 
155.21 275.0 
151.777 276.0 
149.908 277.0 
147.677 278.0 
145.435 279.0 
142.888 280.0 
140.809 281.0 
138.17 282.0 
135.098 283.0 
133.264 284.0 
132.727 285.0 
132.318 286.0 
131.933 287.0 
131.536 288.0 
131.139 289.0 
130.8 290.0 
130.134 291.0 
129.807 292.0 
129.468 293.0 
129.317 294.0 
128.674 295.0 
128.429 296.0 
128.277 297.0 
127.611 298.0 
127.284 299.0 
127.109 300.0 
126.479 301.0 
126.303 302.0 
125.743 303.0 
125.521 304.0 
125.346 305.0 
124.551 306.0 
122.823 307.0 
119.88 308.0 
116.598 309.0 
112.124 310.0 
107.523 311.0 
102.313 312.0 
97.571 313.0 
92.701 314.0 
88.496 315.0 
84.444 316.0 
80.928 317.0 
78.242 318.0 
78.055 319.0 
77.81 320.0 
77.798 321.0 
77.634 322.0 
77.518 323.0 
77.576 324.0 
77.506 325.0 
77.354 326.0 
77.471 327.0 
77.448 328.0 
77.623 329.0 
77.529 330.0 
77.483 331.0 
77.529 332.0 
77.564 333.0 
77.459 334.0 
77.506 335.0 
77.541 336.0 
77.518 337.0 
77.412 338.0 
77.576 339.0 
77.448 340.0 
77.471 341.0 
77.448 342.0 
77.588 343.0 
77.448 344.0 
77.436 345.0 
77.389 346.0 
77.377 347.0 
77.529 348.0 
77.483 349.0 
77.483 350.0 
77.459 351.0 
77.494 352.0 
77.459 353.0 
77.307 354.0 
77.506 355.0 
77.518 356.0 
77.541 357.0 
77.471 358.0 
77.529 359.0 
77.471 360.0 
77.518 361.0 
77.448 362.0 
77.483 363.0 
77.412 364.0 
77.424 365.0 
77.483 366.0 
77.483 367.0 
77.436 368.0 
77.436 369.0 
77.471 370.0 
77.483 371.0 
77.483 372.0 
77.494 373.0 
77.506 374.0 
77.541 375.0 
77.529 376.0 
77.354 377.0 
77.459 378.0 
77.448 379.0 
77.459 380.0 
77.436 381.0 
77.553 382.0 
77.483 383.0 
77.436 384.0 
77.424 385.0 
77.529 386.0 
77.424 387.0 
77.412 388.0 
77.494 389.0 
77.494 390.0 
77.506 391.0 
77.459 392.0 
77.541 393.0 
77.377 394.0 
77.483 395.0 
77.553 396.0 
77.401 397.0 
77.483 398.0 
77.366 399.0 
77.389 400.0 
77.494 401.0 
77.483 402.0 
77.541 403.0 
77.471 404.0 
77.436 405.0 
77.377 406.0 
77.436 407.0 
77.448 408.0 
77.494 409.0 
77.412 410.0 
77.494 411.0 
77.494 412.0 
77.553 413.0 
77.483 414.0 
77.436 415.0 
77.494 416.0 
77.424 417.0 
77.646 418.0 
77.448 419.0 
77.401 420.0 
77.471 421.0 
77.471 422.0 
77.483 423.0 
77.424 424.0 
77.389 425.0 
77.459 426.0 
77.483 427.0 
77.412 428.0 
77.424 429.0 
77.471 430.0 
77.494 431.0 
77.483 432.0 
77.518 433.0 
77.401 434.0 
77.436 435.0 
77.494 436.0 
77.658 437.0 
77.377 438.0 
77.471 439.0 
77.436 440.0 
77.459 441.0 
77.377 442.0 
77.424 443.0 
77.401 444.0 
77.412 445.0 
77.401 446.0 
77.518 447.0 
77.459 448.0 
77.471 449.0 
77.728 450.0 
77.448 451.0 
77.424 452.0 
77.401 453.0 
77.389 454.0 
77.483 455.0 
77.483 456.0 
77.401 457.0 
77.354 458.0 
77.483 459.0 
77.494 460.0 
77.424 461.0 
77.412 462.0 
77.494 463.0 
77.471 464.0 
77.483 465.0 
77.506 466.0 
77.471 467.0 
77.342 468.0 
77.494 469.0 
77.448 470.0 
77.529 471.0 
77.448 472.0 
77.529 473.0 
77.448 474.0 
77.518 475.0 
77.448 476.0 
77.377 477.0 
77.448 478.0 
77.319 479.0 
77.436 480.0 
77.541 481.0 
77.424 482.0 
77.494 483.0 
77.412 484.0 
77.483 485.0 
77.412 486.0 
77.366 487.0 
77.471 488.0 
77.459 489.0 
77.471 490.0 
77.494 491.0 
77.541 492.0 
77.436 493.0 
77.483 494.0 
77.424 495.0 
77.412 496.0 
77.448 497.0 
77.494 498.0 
77.331 499.0 
77.307 500.0 
77.436 501.0 
77.471 502.0 
77.377 503.0 
77.366 504.0 
77.412 505.0 
77.401 506.0 
77.459 507.0 
77.448 508.0 
77.354 509.0 
77.389 510.0 
77.424 511.0 
77.436 512.0 
77.459 513.0 
77.459 514.0 
77.471 515.0 
77.471 516.0 
77.483 517.0 
77.331 518.0 
77.261 519.0 
77.307 520.0 
77.331 521.0 
77.342 522.0 
77.342 523.0 
77.319 524.0 
77.342 525.0 
77.284 526.0 
77.342 527.0 
77.319 528.0 
77.296 529.0 
77.237 530.0 
77.261 531.0 
77.412 532.0 
77.366 533.0 
77.331 534.0 
77.354 535.0 
77.284 536.0 
77.284 537.0 
77.226 538.0 
77.085 539.0 
77.12 540.0 
77.249 541.0 
77.214 542.0 
77.156 543.0 
77.12 544.0 
77.085 545.0 
77.062 546.0 
77.167 547.0 
77.109 548.0 
77.074 549.0 
77.039 550.0 
77.027 551.0 
77.074 552.0 
77.062 553.0 
76.969 554.0 
77.015 555.0 
77.12 556.0 
77.039 557.0 
77.004 558.0 
77.12 559.0 
77.062 560.0 
77.027 561.0 
76.875 562.0 
77.074 563.0 
76.98 564.0 
76.805 565.0 
77.027 566.0 
77.144 567.0 
76.934 568.0 
77.062 569.0 
76.969 570.0 
77.109 571.0 
76.992 572.0 
76.957 573.0 
77.039 574.0 
76.969 575.0 
77.074 576.0 
77.015 577.0 
76.98 578.0 
77.062 579.0 
77.004 580.0 
77.015 581.0 
77.039 582.0 
77.144 583.0 
77.039 584.0 
77.132 585.0 
77.039 586.0 
77.015 587.0 
77.085 588.0 
76.969 589.0 
77.074 590.0 
77.015 591.0 
77.039 592.0 
76.992 593.0 
77.085 594.0 
77.004 595.0 
77.085 596.0 
76.969 597.0 
77.085 598.0 
77.015 599.0 
77.05 600.0 
77.12 601.0 
77.062 602.0 
77.12 603.0 
77.004 604.0 
77.097 605.0 
77.004 606.0 
77.062 607.0 
76.969 608.0 
77.074 609.0 
77.12 610.0 
77.015 611.0 
77.132 612.0 
77.015 613.0 
77.062 614.0 
76.992 615.0 
77.05 616.0 
77.12 617.0 
77.004 618.0 
77.039 619.0 
76.723 620.0 
77.062 621.0 
76.992 622.0 
76.98 623.0 
76.992 624.0 
77.074 625.0 
76.969 626.0 
77.039 627.0 
77.085 628.0 
77.004 629.0 
77.027 630.0 
77.144 631.0 
76.91 632.0 
77.05 633.0 
77.144 634.0 
77.015 635.0 
77.085 636.0 
77.097 637.0 
77.004 638.0 
77.062 639.0 
77.085 640.0 
76.969 641.0 
77.039 642.0 
77.074 643.0 
76.969 644.0 
77.027 645.0 
77.027 646.0 
77.109 647.0 
76.992 648.0 
76.98 649.0 
77.085 650.0 
76.945 651.0 
77.004 652.0 
77.004 653.0 
77.074 654.0 
76.969 655.0 
77.004 656.0 
77.027 657.0 
77.109 658.0 
76.992 659.0 
77.039 660.0 
77.074 661.0 
77.156 662.0 
76.934 663.0 
77.027 664.0 
77.074 665.0 
77.109 666.0 
76.98 667.0 
77.015 668.0 
77.085 669.0 
77.12 670.0 
77.004 671.0 
76.992 672.0 
77.027 673.0 
77.004 674.0 
77.109 675.0 
76.969 676.0 
77.05 677.0 
76.992 678.0 
77.062 679.0 
77.132 680.0 
76.957 681.0 
76.934 682.0 
77.039 683.0 
77.062 684.0 
77.097 685.0 
77.144 686.0 
76.98 687.0 
76.98 688.0 
77.062 689.0 
77.085 690.0 
77.109 691.0 
77.12 692.0 
76.934 693.0 
77.015 694.0 
77.027 695.0 
77.039 696.0 
77.074 697.0 
77.085 698.0 
76.595 699.0 
76.957 700.0 
76.992 701.0 
77.015 702.0 
77.027 703.0 
76.969 704.0 
77.085 705.0 
77.109 706.0 
76.945 707.0 
76.992 708.0 
77.004 709.0 
77.015 710.0 
77.085 711.0 
77.085 712.0 
77.074 713.0 
77.12 714.0 
77.12 715.0 
76.957 716.0 
76.957 717.0 
76.992 718.0 
77.015 719.0 
77.039 720.0 
77.05 721.0 
77.074 722.0 
77.039 723.0 
77.097 724.0 
77.085 725.0 
76.969 726.0 
76.934 727.0 
76.969 728.0 
76.98 729.0 
77.027 730.0 
77.039 731.0 
77.027 732.0 
77.05 733.0 
77.05 734.0 
77.074 735.0 
77.097 736.0 
77.097 737.0 
77.097 738.0 
76.7 739.0 
76.922 740.0 
76.91 741.0 
76.957 742.0 
76.957 743.0 
76.945 744.0 
76.992 745.0 
76.992 746.0 
76.992 747.0 
76.98 748.0 
77.004 749.0 
76.992 750.0 
76.992 751.0 
76.992 752.0 
77.004 753.0 
77.004 754.0 
77.015 755.0 
77.039 756.0 
77.027 757.0 
77.004 758.0 
77.039 759.0 
77.039 760.0 
77.039 761.0 
77.027 762.0 
77.062 763.0 
77.062 764.0 
77.085 765.0 
77.027 766.0 
77.05 767.0 
77.027 768.0 
77.074 769.0 
77.062 770.0 
77.074 771.0 
77.05 772.0 
77.062 773.0 
77.039 774.0 
77.05 775.0 
77.05 776.0 
77.039 777.0 
77.039 778.0 
77.027 779.0 
77.015 780.0 
77.05 781.0 
77.074 782.0 
77.039 783.0 
77.015 784.0 
77.05 785.0 
77.027 786.0 
77.027 787.0 
77.074 788.0 
77.074 789.0 
77.05 790.0 
77.05 791.0 
77.05 792.0 
77.039 793.0 
77.05 794.0 
77.062 795.0 
77.062 796.0 
77.004 797.0 
77.05 798.0 
77.039 799.0 
77.039 800.0 
77.062 801.0 
77.085 802.0 
77.05 803.0 
77.039 804.0 
0.0 805.0 
0.002 806.0 
0.004 807.0 
0.0 808.0 
-0.002 809.0 
0.0 810.0 
-0.005 811.0 
-0.01 812.0 
-0.016 813.0 
-0.02 814.0 
-0.02 815.0 
-0.024 816.0 
-0.02 817.0 
-0.019 818.0 
-0.018 819.0 
-0.025 820.0 
-0.02 821.0 
-0.022 822.0 
-0.017 823.0 
-0.028 824.0 
-0.019 825.0 
-0.028 826.0 
-0.022 827.0 
-0.026 828.0 
-0.011 829.0 
