-0.023 257.0 
-0.025 258.0 
-0.056 259.0 
-0.042 260.0 
-0.052 261.0 
-0.052 262.0 
-0.038 263.0 
-0.028 264.0 
-0.037 265.0 
-0.079 266.0 
-0.035 267.0 
-0.037 268.0 
-0.046 269.0 
-0.049 270.0 
-0.048 271.0 
-0.072 272.0 
-0.048 273.0 
-0.056 274.0 
143.239 275.0 
140.587 276.0 
139.128 277.0 
137.317 278.0 
135.086 279.0 
132.412 280.0 
130.064 281.0 
126.922 282.0 
123.395 283.0 
121.702 284.0 
121.234 285.0 
121.012 286.0 
120.849 287.0 
120.627 288.0 
120.417 289.0 
119.786 290.0 
119.693 291.0 
119.494 292.0 
119.389 293.0 
118.922 294.0 
118.805 295.0 
118.735 296.0 
118.875 297.0 
118.151 298.0 
118.011 299.0 
117.637 300.0 
117.427 301.0 
117.368 302.0 
116.855 303.0 
116.773 304.0 
116.399 305.0 
115.979 306.0 
114.787 307.0 
112.58 308.0 
110.08 309.0 
106.611 310.0 
103.259 311.0 
99.382 312.0 
95.808 313.0 
91.872 314.0 
88.006 315.0 
84.21 316.0 
80.741 317.0 
77.728 318.0 
77.529 319.0 
77.296 320.0 
77.179 321.0 
77.191 322.0 
77.085 323.0 
77.12 324.0 
77.062 325.0 
76.957 326.0 
77.085 327.0 
76.98 328.0 
77.004 329.0 
77.074 330.0 
76.992 331.0 
76.992 332.0 
77.097 333.0 
77.015 334.0 
76.945 335.0 
77.097 336.0 
77.109 337.0 
77.004 338.0 
77.05 339.0 
77.05 340.0 
77.039 341.0 
77.015 342.0 
77.05 343.0 
77.039 344.0 
77.015 345.0 
76.969 346.0 
76.934 347.0 
76.922 348.0 
77.074 349.0 
77.039 350.0 
76.969 351.0 
77.039 352.0 
76.992 353.0 
76.934 354.0 
76.934 355.0 
76.501 356.0 
77.097 357.0 
77.039 358.0 
77.097 359.0 
77.039 360.0 
77.097 361.0 
77.004 362.0 
77.062 363.0 
77.004 364.0 
76.98 365.0 
77.027 366.0 
77.062 367.0 
76.969 368.0 
77.027 369.0 
77.039 370.0 
77.074 371.0 
77.039 372.0 
77.097 373.0 
77.097 374.0 
77.377 375.0 
77.097 376.0 
77.039 377.0 
77.015 378.0 
77.039 379.0 
77.027 380.0 
77.015 381.0 
77.004 382.0 
77.039 383.0 
77.004 384.0 
76.98 385.0 
77.074 386.0 
76.969 387.0 
76.945 388.0 
77.097 389.0 
77.284 390.0 
77.015 391.0 
77.027 392.0 
77.05 393.0 
76.957 394.0 
77.039 395.0 
76.945 396.0 
77.004 397.0 
77.05 398.0 
76.934 399.0 
76.945 400.0 
77.226 401.0 
77.05 402.0 
77.12 403.0 
77.05 404.0 
76.992 405.0 
76.945 406.0 
77.039 407.0 
76.992 408.0 
77.015 409.0 
76.969 410.0 
77.027 411.0 
77.074 412.0 
77.132 413.0 
77.039 414.0 
77.015 415.0 
77.039 416.0 
76.98 417.0 
77.039 418.0 
77.05 419.0 
76.969 420.0 
77.039 421.0 
77.039 422.0 
77.074 423.0 
77.027 424.0 
77.015 425.0 
77.062 426.0 
77.062 427.0 
76.969 428.0 
76.992 429.0 
77.015 430.0 
77.05 431.0 
77.062 432.0 
77.097 433.0 
76.945 434.0 
77.004 435.0 
77.015 436.0 
77.027 437.0 
77.004 438.0 
76.969 439.0 
76.969 440.0 
77.004 441.0 
76.992 442.0 
77.015 443.0 
77.015 444.0 
76.98 445.0 
76.969 446.0 
77.074 447.0 
77.074 448.0 
77.296 449.0 
77.097 450.0 
77.015 451.0 
77.039 452.0 
76.992 453.0 
76.957 454.0 
77.027 455.0 
76.793 456.0 
77.004 457.0 
76.992 458.0 
77.05 459.0 
77.296 460.0 
77.05 461.0 
77.004 462.0 
77.085 463.0 
76.992 464.0 
77.004 465.0 
77.039 466.0 
77.039 467.0 
76.934 468.0 
77.05 469.0 
76.98 470.0 
76.957 471.0 
77.05 472.0 
76.934 473.0 
77.027 474.0 
77.085 475.0 
77.015 476.0 
76.934 477.0 
76.992 478.0 
76.957 479.0 
77.05 480.0 
77.12 481.0 
77.004 482.0 
77.097 483.0 
77.004 484.0 
77.015 485.0 
76.969 486.0 
77.05 487.0 
77.05 488.0 
76.992 489.0 
76.945 490.0 
77.062 491.0 
76.992 492.0 
76.945 493.0 
77.05 494.0 
76.934 495.0 
76.992 496.0 
77.015 497.0 
77.062 498.0 
76.98 499.0 
76.98 500.0 
76.945 501.0 
77.085 502.0 
76.957 503.0 
76.969 504.0 
76.969 505.0 
76.98 506.0 
76.864 507.0 
76.98 508.0 
76.922 509.0 
76.887 510.0 
76.887 511.0 
76.945 512.0 
76.969 513.0 
76.688 514.0 
77.237 515.0 
76.945 516.0 
77.12 517.0 
76.922 518.0 
76.887 519.0 
76.922 520.0 
76.969 521.0 
76.945 522.0 
76.945 523.0 
76.934 524.0 
76.922 525.0 
76.934 526.0 
76.852 527.0 
76.91 528.0 
76.875 529.0 
76.852 530.0 
76.84 531.0 
76.98 532.0 
77.412 533.0 
76.899 534.0 
76.922 535.0 
76.875 536.0 
76.828 537.0 
76.817 538.0 
76.77 539.0 
76.723 540.0 
76.84 541.0 
76.793 542.0 
76.793 543.0 
76.712 544.0 
76.618 545.0 
76.618 546.0 
76.758 547.0 
76.653 548.0 
76.688 549.0 
76.595 550.0 
76.548 551.0 
76.677 552.0 
76.583 553.0 
76.595 554.0 
76.56 555.0 
76.665 556.0 
76.63 557.0 
76.595 558.0 
76.396 559.0 
76.688 560.0 
76.595 561.0 
76.525 562.0 
76.653 563.0 
76.548 564.0 
76.548 565.0 
76.642 566.0 
76.63 567.0 
76.548 568.0 
76.618 569.0 
76.583 570.0 
76.665 571.0 
76.595 572.0 
76.525 573.0 
76.642 574.0 
76.583 575.0 
76.864 576.0 
76.63 577.0 
76.63 578.0 
76.7 579.0 
76.607 580.0 
76.712 581.0 
76.618 582.0 
76.723 583.0 
76.677 584.0 
76.443 585.0 
76.677 586.0 
76.536 587.0 
76.688 588.0 
76.572 589.0 
76.665 590.0 
76.607 591.0 
76.688 592.0 
76.583 593.0 
76.665 594.0 
76.572 595.0 
76.7 596.0 
76.572 597.0 
76.665 598.0 
76.595 599.0 
76.607 600.0 
76.747 601.0 
76.583 602.0 
76.735 603.0 
76.56 604.0 
76.7 605.0 
76.56 606.0 
76.665 607.0 
76.56 608.0 
76.618 609.0 
76.7 610.0 
76.618 611.0 
76.677 612.0 
76.595 613.0 
76.607 614.0 
76.572 615.0 
76.595 616.0 
76.7 617.0 
76.583 618.0 
76.677 619.0 
76.466 620.0 
76.642 621.0 
76.677 622.0 
76.607 623.0 
76.642 624.0 
76.7 625.0 
76.583 626.0 
76.63 627.0 
76.7 628.0 
76.595 629.0 
76.665 630.0 
76.735 631.0 
76.572 632.0 
76.642 633.0 
76.747 634.0 
76.63 635.0 
76.653 636.0 
76.723 637.0 
76.618 638.0 
76.618 639.0 
76.723 640.0 
76.583 641.0 
76.618 642.0 
76.665 643.0 
76.583 644.0 
76.572 645.0 
76.665 646.0 
76.735 647.0 
76.595 648.0 
76.618 649.0 
76.642 650.0 
76.56 651.0 
76.56 652.0 
76.618 653.0 
76.712 654.0 
76.536 655.0 
76.583 656.0 
76.607 657.0 
76.688 658.0 
76.583 659.0 
76.642 660.0 
76.677 661.0 
76.723 662.0 
76.607 663.0 
76.677 664.0 
76.665 665.0 
76.688 666.0 
76.583 667.0 
76.595 668.0 
76.665 669.0 
76.688 670.0 
76.56 671.0 
76.583 672.0 
76.642 673.0 
76.665 674.0 
76.7 675.0 
76.583 676.0 
76.595 677.0 
76.63 678.0 
76.677 679.0 
76.712 680.0 
76.536 681.0 
76.607 682.0 
76.63 683.0 
76.63 684.0 
76.688 685.0 
76.723 686.0 
76.572 687.0 
76.583 688.0 
76.618 689.0 
76.665 690.0 
76.7 691.0 
76.653 692.0 
76.536 693.0 
76.548 694.0 
76.618 695.0 
76.63 696.0 
76.665 697.0 
76.677 698.0 
76.548 699.0 
76.583 700.0 
76.618 701.0 
76.63 702.0 
76.653 703.0 
76.653 704.0 
76.688 705.0 
76.665 706.0 
76.548 707.0 
76.572 708.0 
76.595 709.0 
76.595 710.0 
76.63 711.0 
76.677 712.0 
76.595 713.0 
76.7 714.0 
76.536 715.0 
76.56 716.0 
76.56 717.0 
76.583 718.0 
76.583 719.0 
76.642 720.0 
76.653 721.0 
76.665 722.0 
76.665 723.0 
76.712 724.0 
76.712 725.0 
76.536 726.0 
76.572 727.0 
76.56 728.0 
76.607 729.0 
76.618 730.0 
76.63 731.0 
76.642 732.0 
76.63 733.0 
76.653 734.0 
76.688 735.0 
76.7 736.0 
76.7 737.0 
76.712 738.0 
76.536 739.0 
76.56 740.0 
76.572 741.0 
76.548 742.0 
76.56 743.0 
76.583 744.0 
76.583 745.0 
76.572 746.0 
76.583 747.0 
76.56 748.0 
76.56 749.0 
76.63 750.0 
76.607 751.0 
76.607 752.0 
76.607 753.0 
76.607 754.0 
76.618 755.0 
76.642 756.0 
76.618 757.0 
76.653 758.0 
76.642 759.0 
76.63 760.0 
76.642 761.0 
76.642 762.0 
76.653 763.0 
76.642 764.0 
76.642 765.0 
76.653 766.0 
76.642 767.0 
76.642 768.0 
76.653 769.0 
76.618 770.0 
76.642 771.0 
76.653 772.0 
76.63 773.0 
76.653 774.0 
76.63 775.0 
76.653 776.0 
76.653 777.0 
76.665 778.0 
76.677 779.0 
76.665 780.0 
76.677 781.0 
76.63 782.0 
76.653 783.0 
76.63 784.0 
76.618 785.0 
76.63 786.0 
76.618 787.0 
76.653 788.0 
76.63 789.0 
76.642 790.0 
76.63 791.0 
76.653 792.0 
76.607 793.0 
76.618 794.0 
76.642 795.0 
76.642 796.0 
76.642 797.0 
76.677 798.0 
76.642 799.0 
76.665 800.0 
76.653 801.0 
76.63 802.0 
76.642 803.0 
76.642 804.0 
-0.001 805.0 
0.001 806.0 
-0.006 807.0 
-0.004 808.0 
-0.007 809.0 
-0.019 810.0 
-0.023 811.0 
-0.026 812.0 
-0.029 813.0 
-0.034 814.0 
-0.044 815.0 
-0.044 816.0 
-0.048 817.0 
-0.043 818.0 
-0.046 819.0 
-0.043 820.0 
-0.036 821.0 
-0.035 822.0 
-0.042 823.0 
-0.04 824.0 
-0.042 825.0 
-0.038 826.0 
-0.036 827.0 
-0.026 828.0 
-0.02 829.0 
