-0.016 257.0 
-0.046 258.0 
-0.145 259.0 
-0.064 260.0 
-0.048 261.0 
-0.032 262.0 
-0.043 263.0 
-0.04 264.0 
-0.05 265.0 
-0.064 266.0 
-0.044 267.0 
-0.05 268.0 
-0.054 269.0 
-0.069 270.0 
-0.041 271.0 
-0.042 272.0 
-0.037 273.0 
-0.043 274.0 
145.983 275.0 
143.274 276.0 
142.036 277.0 
140.436 278.0 
138.509 279.0 
136.266 280.0 
134.339 281.0 
131.839 282.0 
127.985 283.0 
126.677 284.0 
126.198 285.0 
125.895 286.0 
125.708 287.0 
125.451 288.0 
125.194 289.0 
124.493 290.0 
124.318 291.0 
124.049 292.0 
123.897 293.0 
123.582 294.0 
123.267 295.0 
123.162 296.0 
123.068 297.0 
122.578 298.0 
122.321 299.0 
122.286 300.0 
121.795 301.0 
121.702 302.0 
121.188 303.0 
121.106 304.0 
121.491 305.0 
120.37 306.0 
119.004 307.0 
116.633 308.0 
113.713 309.0 
109.847 310.0 
106.051 311.0 
101.811 312.0 
97.852 313.0 
93.577 314.0 
89.641 315.0 
85.74 316.0 
82.178 317.0 
79.27 318.0 
79.129 319.0 
78.884 320.0 
78.721 321.0 
78.767 322.0 
78.627 323.0 
78.697 324.0 
78.615 325.0 
78.534 326.0 
78.639 327.0 
78.557 328.0 
78.744 329.0 
78.674 330.0 
78.58 331.0 
78.686 332.0 
78.709 333.0 
78.592 334.0 
78.767 335.0 
78.697 336.0 
78.662 337.0 
78.615 338.0 
78.709 339.0 
78.615 340.0 
78.604 341.0 
78.604 342.0 
78.674 343.0 
78.674 344.0 
78.615 345.0 
78.557 346.0 
78.557 347.0 
78.569 348.0 
78.674 349.0 
78.674 350.0 
78.58 351.0 
78.697 352.0 
78.627 353.0 
78.51 354.0 
78.709 355.0 
78.65 356.0 
78.697 357.0 
78.615 358.0 
78.697 359.0 
78.639 360.0 
78.674 361.0 
78.604 362.0 
78.615 363.0 
78.557 364.0 
78.604 365.0 
78.639 366.0 
78.627 367.0 
78.592 368.0 
78.592 369.0 
78.627 370.0 
78.627 371.0 
78.709 372.0 
78.697 373.0 
78.674 374.0 
78.709 375.0 
78.966 376.0 
78.592 377.0 
78.592 378.0 
78.615 379.0 
78.58 380.0 
78.639 381.0 
78.697 382.0 
78.627 383.0 
78.627 384.0 
78.569 385.0 
78.686 386.0 
78.592 387.0 
78.545 388.0 
78.674 389.0 
78.65 390.0 
78.627 391.0 
78.615 392.0 
78.697 393.0 
78.58 394.0 
78.639 395.0 
78.709 396.0 
78.58 397.0 
78.65 398.0 
78.58 399.0 
78.545 400.0 
78.686 401.0 
78.627 402.0 
78.697 403.0 
78.662 404.0 
78.627 405.0 
78.545 406.0 
78.639 407.0 
78.592 408.0 
78.592 409.0 
78.557 410.0 
78.662 411.0 
78.686 412.0 
79.129 413.0 
78.686 414.0 
78.592 415.0 
78.65 416.0 
78.615 417.0 
78.686 418.0 
78.639 419.0 
78.569 420.0 
78.58 421.0 
78.627 422.0 
78.686 423.0 
78.604 424.0 
78.58 425.0 
78.662 426.0 
78.65 427.0 
78.557 428.0 
78.592 429.0 
78.604 430.0 
78.662 431.0 
78.65 432.0 
78.686 433.0 
78.58 434.0 
78.592 435.0 
78.604 436.0 
78.709 437.0 
78.604 438.0 
78.545 439.0 
78.615 440.0 
78.569 441.0 
78.58 442.0 
78.592 443.0 
78.604 444.0 
78.557 445.0 
78.545 446.0 
78.686 447.0 
78.639 448.0 
78.627 449.0 
78.779 450.0 
78.615 451.0 
78.604 452.0 
78.58 453.0 
78.499 454.0 
78.662 455.0 
78.627 456.0 
78.615 457.0 
78.557 458.0 
78.686 459.0 
78.615 460.0 
78.639 461.0 
78.569 462.0 
78.697 463.0 
78.627 464.0 
78.604 465.0 
78.686 466.0 
78.639 467.0 
78.58 468.0 
78.65 469.0 
78.65 470.0 
78.604 471.0 
78.615 472.0 
78.534 473.0 
78.604 474.0 
78.697 475.0 
78.627 476.0 
78.557 477.0 
78.615 478.0 
78.557 479.0 
78.592 480.0 
78.709 481.0 
78.592 482.0 
78.686 483.0 
78.569 484.0 
78.615 485.0 
78.545 486.0 
78.604 487.0 
78.662 488.0 
78.58 489.0 
78.592 490.0 
78.674 491.0 
78.65 492.0 
78.627 493.0 
78.65 494.0 
78.534 495.0 
78.51 496.0 
78.604 497.0 
78.662 498.0 
78.534 499.0 
78.569 500.0 
78.615 501.0 
78.662 502.0 
78.522 503.0 
78.545 504.0 
78.604 505.0 
78.604 506.0 
78.534 507.0 
78.662 508.0 
78.51 509.0 
78.545 510.0 
78.557 511.0 
78.58 512.0 
78.58 513.0 
78.615 514.0 
78.639 515.0 
78.662 516.0 
78.978 517.0 
78.475 518.0 
78.487 519.0 
78.475 520.0 
78.522 521.0 
78.499 522.0 
78.522 523.0 
78.51 524.0 
78.499 525.0 
78.464 526.0 
78.522 527.0 
78.429 528.0 
78.464 529.0 
78.429 530.0 
78.429 531.0 
78.569 532.0 
78.557 533.0 
78.522 534.0 
78.51 535.0 
78.452 536.0 
78.382 537.0 
78.37 538.0 
78.265 539.0 
78.242 540.0 
78.323 541.0 
78.253 542.0 
78.288 543.0 
78.242 544.0 
78.207 545.0 
78.137 546.0 
78.207 547.0 
78.195 548.0 
78.16 549.0 
78.078 550.0 
77.985 551.0 
78.125 552.0 
78.137 553.0 
78.055 554.0 
78.055 555.0 
78.16 556.0 
78.125 557.0 
78.067 558.0 
77.669 559.0 
78.113 560.0 
78.067 561.0 
77.996 562.0 
78.125 563.0 
78.067 564.0 
77.973 565.0 
78.113 566.0 
78.113 567.0 
78.008 568.0 
78.055 569.0 
78.055 570.0 
78.137 571.0 
78.078 572.0 
78.02 573.0 
78.09 574.0 
78.043 575.0 
78.417 576.0 
78.078 577.0 
78.067 578.0 
78.183 579.0 
78.078 580.0 
78.172 581.0 
78.102 582.0 
78.16 583.0 
78.148 584.0 
77.845 585.0 
78.125 586.0 
78.043 587.0 
78.137 588.0 
78.043 589.0 
78.137 590.0 
78.043 591.0 
78.125 592.0 
78.067 593.0 
78.113 594.0 
78.02 595.0 
78.09 596.0 
78.043 597.0 
78.09 598.0 
78.055 599.0 
78.055 600.0 
78.195 601.0 
78.113 602.0 
78.195 603.0 
78.078 604.0 
78.148 605.0 
78.031 606.0 
78.148 607.0 
78.02 608.0 
78.102 609.0 
78.172 610.0 
78.113 611.0 
78.172 612.0 
78.067 613.0 
78.137 614.0 
78.043 615.0 
78.113 616.0 
78.16 617.0 
78.008 618.0 
78.148 619.0 
77.891 620.0 
78.09 621.0 
78.125 622.0 
78.031 623.0 
78.113 624.0 
78.195 625.0 
78.067 626.0 
78.113 627.0 
78.16 628.0 
78.102 629.0 
78.137 630.0 
78.183 631.0 
78.09 632.0 
78.16 633.0 
78.44 634.0 
78.067 635.0 
78.113 636.0 
78.172 637.0 
78.078 638.0 
78.148 639.0 
78.183 640.0 
78.043 641.0 
78.031 642.0 
78.16 643.0 
78.008 644.0 
78.055 645.0 
78.137 646.0 
78.183 647.0 
78.055 648.0 
78.102 649.0 
78.148 650.0 
77.996 651.0 
78.008 652.0 
78.137 653.0 
78.207 654.0 
78.02 655.0 
78.043 656.0 
78.102 657.0 
78.183 658.0 
78.078 659.0 
78.113 660.0 
78.148 661.0 
78.183 662.0 
78.055 663.0 
78.09 664.0 
78.137 665.0 
78.207 666.0 
78.043 667.0 
78.055 668.0 
78.125 669.0 
78.183 670.0 
78.043 671.0 
78.09 672.0 
78.125 673.0 
78.16 674.0 
78.148 675.0 
78.043 676.0 
78.078 677.0 
78.113 678.0 
78.137 679.0 
78.172 680.0 
78.055 681.0 
78.043 682.0 
78.113 683.0 
78.148 684.0 
78.09 685.0 
78.207 686.0 
77.973 687.0 
78.055 688.0 
78.102 689.0 
78.137 690.0 
78.183 691.0 
78.207 692.0 
78.043 693.0 
78.067 694.0 
78.09 695.0 
78.113 696.0 
78.113 697.0 
78.183 698.0 
77.915 699.0 
78.008 700.0 
78.031 701.0 
78.09 702.0 
78.125 703.0 
78.137 704.0 
78.102 705.0 
78.183 706.0 
78.008 707.0 
78.008 708.0 
78.031 709.0 
78.067 710.0 
78.102 711.0 
78.183 712.0 
78.16 713.0 
78.172 714.0 
77.985 715.0 
78.043 716.0 
78.055 717.0 
78.078 718.0 
78.078 719.0 
78.09 720.0 
78.09 721.0 
78.148 722.0 
78.195 723.0 
78.16 724.0 
78.172 725.0 
78.02 726.0 
78.043 727.0 
78.02 728.0 
78.055 729.0 
78.09 730.0 
78.09 731.0 
78.113 732.0 
78.113 733.0 
78.137 734.0 
78.137 735.0 
78.172 736.0 
78.207 737.0 
78.172 738.0 
77.961 739.0 
78.02 740.0 
77.996 741.0 
78.02 742.0 
78.031 743.0 
78.043 744.0 
78.02 745.0 
78.031 746.0 
78.067 747.0 
78.043 748.0 
78.067 749.0 
78.067 750.0 
78.09 751.0 
78.067 752.0 
78.055 753.0 
78.078 754.0 
78.078 755.0 
78.125 756.0 
78.113 757.0 
78.055 758.0 
78.148 759.0 
78.125 760.0 
78.102 761.0 
78.078 762.0 
78.09 763.0 
78.102 764.0 
78.137 765.0 
78.125 766.0 
78.148 767.0 
78.137 768.0 
78.137 769.0 
78.113 770.0 
78.125 771.0 
78.125 772.0 
78.137 773.0 
78.137 774.0 
78.125 775.0 
78.078 776.0 
78.125 777.0 
78.148 778.0 
78.102 779.0 
78.09 780.0 
78.113 781.0 
78.113 782.0 
78.113 783.0 
78.113 784.0 
78.102 785.0 
78.102 786.0 
78.148 787.0 
78.102 788.0 
78.113 789.0 
78.113 790.0 
78.16 791.0 
78.113 792.0 
78.125 793.0 
78.113 794.0 
78.113 795.0 
78.102 796.0 
78.102 797.0 
78.113 798.0 
78.102 799.0 
78.113 800.0 
78.137 801.0 
78.055 802.0 
78.137 803.0 
78.09 804.0 
-0.006 805.0 
-0.008 806.0 
-0.006 807.0 
-0.002 808.0 
-0.004 809.0 
-0.018 810.0 
-0.028 811.0 
-0.035 812.0 
-0.037 813.0 
-0.04 814.0 
-0.047 815.0 
-0.049 816.0 
-0.064 817.0 
-0.06 818.0 
-0.067 819.0 
-0.072 820.0 
-0.069 821.0 
-0.065 822.0 
-0.054 823.0 
-0.059 824.0 
-0.069 825.0 
-0.061 826.0 
-0.049 827.0 
-0.047 828.0 
-0.032 829.0 
