-0.044 257.0 
-0.056 258.0 
-0.046 259.0 
-0.05 260.0 
-0.067 261.0 
-0.058 262.0 
-0.052 263.0 
-0.056 264.0 
-0.042 265.0 
-0.104 266.0 
-0.061 267.0 
-0.049 268.0 
-0.042 269.0 
-0.04 270.0 
-0.055 271.0 
-0.066 272.0 
-0.069 273.0 
-0.044 274.0 
142.666 275.0 
139.583 276.0 
138.485 277.0 
136.978 278.0 
135.378 279.0 
133.171 280.0 
131.477 281.0 
128.709 282.0 
125.614 283.0 
124.236 284.0 
123.956 285.0 
123.687 286.0 
123.477 287.0 
123.243 288.0 
123.033 289.0 
122.402 290.0 
122.309 291.0 
122.075 292.0 
121.97 293.0 
121.503 294.0 
121.375 295.0 
121.304 296.0 
121.223 297.0 
120.744 298.0 
120.58 299.0 
120.277 300.0 
120.02 301.0 
119.915 302.0 
119.401 303.0 
119.319 304.0 
118.945 305.0 
118.583 306.0 
117.392 307.0 
115.231 308.0 
112.685 309.0 
109.228 310.0 
105.759 311.0 
101.706 312.0 
97.84 313.0 
93.577 314.0 
89.606 315.0 
85.296 316.0 
81.547 317.0 
78.615 318.0 
78.487 319.0 
78.3 320.0 
78.125 321.0 
78.16 322.0 
78.031 323.0 
78.113 324.0 
78.008 325.0 
77.973 326.0 
78.067 327.0 
78.008 328.0 
78.031 329.0 
78.102 330.0 
78.02 331.0 
78.031 332.0 
78.09 333.0 
78.02 334.0 
77.95 335.0 
78.113 336.0 
78.055 337.0 
77.973 338.0 
78.16 339.0 
78.02 340.0 
78.008 341.0 
77.996 342.0 
77.985 343.0 
78.043 344.0 
77.996 345.0 
78.008 346.0 
77.973 347.0 
77.938 348.0 
78.067 349.0 
78.078 350.0 
77.996 351.0 
78.043 352.0 
77.996 353.0 
77.973 354.0 
77.938 355.0 
78.067 356.0 
78.09 357.0 
78.067 358.0 
78.113 359.0 
78.043 360.0 
78.067 361.0 
78.02 362.0 
78.043 363.0 
77.996 364.0 
77.996 365.0 
78.02 366.0 
78.031 367.0 
78.031 368.0 
78.008 369.0 
78.043 370.0 
78.067 371.0 
78.067 372.0 
78.067 373.0 
78.113 374.0 
78.37 375.0 
78.09 376.0 
77.985 377.0 
78.02 378.0 
77.985 379.0 
77.973 380.0 
78.02 381.0 
78.008 382.0 
77.973 383.0 
78.008 384.0 
77.985 385.0 
78.09 386.0 
77.985 387.0 
77.95 388.0 
78.043 389.0 
78.008 390.0 
78.008 391.0 
78.008 392.0 
78.102 393.0 
77.938 394.0 
77.996 395.0 
78.125 396.0 
77.973 397.0 
78.055 398.0 
77.915 399.0 
77.985 400.0 
78.335 401.0 
78.067 402.0 
78.137 403.0 
78.078 404.0 
77.985 405.0 
77.95 406.0 
78.02 407.0 
77.973 408.0 
78.055 409.0 
77.95 410.0 
78.008 411.0 
78.09 412.0 
78.113 413.0 
78.102 414.0 
77.985 415.0 
78.067 416.0 
77.996 417.0 
78.02 418.0 
78.043 419.0 
77.985 420.0 
78.008 421.0 
78.067 422.0 
78.09 423.0 
78.008 424.0 
78.008 425.0 
78.043 426.0 
78.043 427.0 
77.973 428.0 
78.02 429.0 
78.02 430.0 
78.195 431.0 
78.055 432.0 
78.102 433.0 
77.938 434.0 
77.996 435.0 
77.985 436.0 
77.985 437.0 
77.985 438.0 
77.985 439.0 
77.926 440.0 
77.973 441.0 
77.95 442.0 
77.973 443.0 
77.996 444.0 
77.996 445.0 
77.961 446.0 
78.078 447.0 
78.113 448.0 
78.405 449.0 
78.102 450.0 
78.031 451.0 
78.02 452.0 
77.961 453.0 
77.95 454.0 
78.055 455.0 
77.833 456.0 
77.961 457.0 
77.95 458.0 
78.067 459.0 
78.102 460.0 
78.055 461.0 
77.985 462.0 
78.067 463.0 
77.996 464.0 
78.02 465.0 
78.043 466.0 
78.043 467.0 
77.95 468.0 
78.078 469.0 
77.996 470.0 
77.985 471.0 
77.996 472.0 
77.903 473.0 
78.02 474.0 
78.102 475.0 
78.055 476.0 
77.926 477.0 
77.996 478.0 
77.973 479.0 
78.031 480.0 
78.067 481.0 
77.996 482.0 
78.043 483.0 
77.973 484.0 
78.055 485.0 
77.95 486.0 
77.961 487.0 
78.043 488.0 
77.985 489.0 
77.95 490.0 
78.055 491.0 
77.985 492.0 
77.961 493.0 
78.055 494.0 
77.961 495.0 
77.961 496.0 
78.02 497.0 
78.043 498.0 
77.95 499.0 
77.973 500.0 
77.985 501.0 
78.055 502.0 
77.891 503.0 
77.926 504.0 
77.961 505.0 
77.996 506.0 
77.915 507.0 
77.985 508.0 
77.903 509.0 
77.95 510.0 
77.973 511.0 
77.996 512.0 
77.985 513.0 
78.031 514.0 
78.359 515.0 
77.915 516.0 
78.253 517.0 
77.856 518.0 
77.88 519.0 
77.868 520.0 
77.891 521.0 
77.856 522.0 
77.903 523.0 
77.88 524.0 
77.868 525.0 
77.845 526.0 
77.786 527.0 
77.833 528.0 
77.856 529.0 
77.786 530.0 
77.821 531.0 
77.926 532.0 
78.335 533.0 
77.833 534.0 
77.891 535.0 
77.786 536.0 
77.739 537.0 
77.669 538.0 
77.646 539.0 
77.611 540.0 
77.704 541.0 
77.623 542.0 
77.611 543.0 
77.564 544.0 
77.483 545.0 
77.459 546.0 
77.599 547.0 
77.459 548.0 
77.471 549.0 
77.459 550.0 
77.342 551.0 
77.471 552.0 
77.448 553.0 
77.412 554.0 
77.389 555.0 
77.529 556.0 
77.436 557.0 
77.377 558.0 
77.237 559.0 
77.459 560.0 
77.389 561.0 
77.331 562.0 
77.483 563.0 
77.377 564.0 
77.354 565.0 
77.483 566.0 
77.401 567.0 
77.307 568.0 
77.436 569.0 
77.389 570.0 
77.471 571.0 
77.412 572.0 
77.331 573.0 
77.459 574.0 
77.389 575.0 
77.833 576.0 
77.401 577.0 
77.377 578.0 
77.494 579.0 
77.412 580.0 
77.529 581.0 
77.448 582.0 
77.506 583.0 
77.471 584.0 
77.167 585.0 
77.471 586.0 
77.401 587.0 
77.471 588.0 
77.389 589.0 
77.483 590.0 
77.412 591.0 
77.483 592.0 
77.401 593.0 
77.471 594.0 
77.401 595.0 
77.494 596.0 
77.366 597.0 
77.401 598.0 
77.389 599.0 
77.412 600.0 
77.541 601.0 
77.389 602.0 
77.541 603.0 
77.401 604.0 
77.529 605.0 
77.389 606.0 
77.506 607.0 
77.377 608.0 
77.412 609.0 
77.529 610.0 
77.424 611.0 
77.459 612.0 
77.401 613.0 
77.412 614.0 
77.354 615.0 
77.366 616.0 
77.518 617.0 
77.377 618.0 
77.459 619.0 
77.261 620.0 
77.401 621.0 
77.494 622.0 
77.366 623.0 
77.424 624.0 
77.494 625.0 
77.354 626.0 
77.436 627.0 
77.564 628.0 
77.377 629.0 
77.448 630.0 
77.541 631.0 
77.412 632.0 
77.471 633.0 
77.658 634.0 
77.389 635.0 
77.471 636.0 
77.529 637.0 
77.389 638.0 
77.389 639.0 
77.518 640.0 
77.377 641.0 
77.377 642.0 
77.494 643.0 
77.354 644.0 
77.331 645.0 
77.459 646.0 
77.518 647.0 
77.401 648.0 
77.448 649.0 
77.506 650.0 
77.366 651.0 
77.377 652.0 
77.459 653.0 
77.529 654.0 
77.412 655.0 
77.354 656.0 
77.471 657.0 
77.494 658.0 
77.366 659.0 
77.436 660.0 
77.483 661.0 
77.483 662.0 
77.401 663.0 
77.424 664.0 
77.471 665.0 
77.506 666.0 
77.401 667.0 
77.424 668.0 
77.459 669.0 
77.518 670.0 
77.377 671.0 
77.412 672.0 
77.424 673.0 
77.471 674.0 
77.494 675.0 
77.389 676.0 
77.401 677.0 
77.424 678.0 
77.459 679.0 
77.529 680.0 
77.366 681.0 
77.377 682.0 
77.448 683.0 
77.459 684.0 
77.471 685.0 
77.541 686.0 
77.377 687.0 
77.424 688.0 
77.424 689.0 
77.424 690.0 
77.494 691.0 
77.448 692.0 
77.366 693.0 
77.424 694.0 
77.436 695.0 
77.424 696.0 
77.424 697.0 
77.506 698.0 
77.342 699.0 
77.377 700.0 
77.377 701.0 
77.448 702.0 
77.436 703.0 
77.448 704.0 
77.471 705.0 
77.471 706.0 
77.354 707.0 
77.424 708.0 
77.401 709.0 
77.389 710.0 
77.436 711.0 
77.483 712.0 
77.483 713.0 
77.518 714.0 
77.319 715.0 
77.354 716.0 
77.354 717.0 
77.377 718.0 
77.401 719.0 
77.424 720.0 
77.424 721.0 
77.436 722.0 
77.483 723.0 
77.506 724.0 
77.529 725.0 
77.284 726.0 
77.354 727.0 
77.412 728.0 
77.401 729.0 
77.412 730.0 
77.424 731.0 
77.436 732.0 
77.471 733.0 
77.483 734.0 
77.506 735.0 
77.494 736.0 
77.494 737.0 
77.506 738.0 
77.296 739.0 
77.331 740.0 
77.342 741.0 
77.331 742.0 
77.342 743.0 
77.331 744.0 
77.354 745.0 
77.389 746.0 
77.389 747.0 
77.412 748.0 
77.412 749.0 
77.412 750.0 
77.424 751.0 
77.436 752.0 
77.424 753.0 
77.401 754.0 
77.424 755.0 
77.424 756.0 
77.412 757.0 
77.424 758.0 
77.424 759.0 
77.448 760.0 
77.424 761.0 
77.448 762.0 
77.448 763.0 
77.459 764.0 
77.448 765.0 
77.436 766.0 
77.471 767.0 
77.459 768.0 
77.494 769.0 
77.494 770.0 
77.448 771.0 
77.436 772.0 
77.459 773.0 
77.459 774.0 
77.494 775.0 
77.459 776.0 
77.471 777.0 
77.436 778.0 
77.412 779.0 
77.459 780.0 
77.436 781.0 
77.424 782.0 
77.436 783.0 
77.448 784.0 
77.424 785.0 
77.424 786.0 
77.459 787.0 
77.448 788.0 
77.448 789.0 
77.459 790.0 
77.459 791.0 
77.424 792.0 
77.471 793.0 
77.471 794.0 
77.483 795.0 
77.448 796.0 
77.448 797.0 
77.424 798.0 
77.448 799.0 
77.459 800.0 
77.436 801.0 
77.471 802.0 
77.412 803.0 
77.448 804.0 
-0.006 805.0 
0.0 806.0 
-0.006 807.0 
-0.005 808.0 
-0.013 809.0 
-0.02 810.0 
-0.03 811.0 
-0.029 812.0 
-0.04 813.0 
-0.046 814.0 
-0.04 815.0 
-0.054 816.0 
-0.066 817.0 
-0.065 818.0 
-0.064 819.0 
-0.064 820.0 
-0.062 821.0 
-0.059 822.0 
-0.068 823.0 
-0.056 824.0 
-0.062 825.0 
-0.053 826.0 
-0.053 827.0 
-0.038 828.0 
-0.044 829.0 
