-0.073 257.0 
-0.048 258.0 
-0.127 259.0 
-0.052 260.0 
-0.054 261.0 
-0.097 262.0 
-0.043 263.0 
-0.041 264.0 
-0.017 265.0 
-0.059 266.0 
-0.013 267.0 
-0.043 268.0 
-0.037 269.0 
-0.036 270.0 
-0.052 271.0 
-0.044 272.0 
-0.06 273.0 
-0.044 274.0 
138.66 275.0 
134.841 276.0 
133.79 277.0 
132.517 278.0 
131.174 279.0 
129.597 280.0 
128.207 281.0 
126.502 282.0 
123.897 283.0 
122.846 284.0 
122.542 285.0 
122.25 286.0 
122.099 287.0 
121.795 288.0 
121.573 289.0 
120.931 290.0 
120.802 291.0 
120.615 292.0 
120.37 293.0 
120.172 294.0 
119.891 295.0 
119.716 296.0 
119.658 297.0 
119.19 298.0 
119.039 299.0 
118.992 300.0 
118.443 301.0 
118.338 302.0 
117.859 303.0 
117.754 304.0 
118.151 305.0 
117.053 306.0 
115.979 307.0 
113.923 308.0 
111.517 309.0 
108.235 310.0 
104.754 311.0 
100.772 312.0 
97.058 313.0 
92.981 314.0 
89.15 315.0 
85.121 316.0 
81.617 317.0 
78.674 318.0 
78.569 319.0 
78.277 320.0 
78.172 321.0 
78.183 322.0 
78.055 323.0 
78.16 324.0 
78.078 325.0 
78.02 326.0 
78.125 327.0 
78.02 328.0 
78.288 329.0 
78.102 330.0 
78.031 331.0 
78.3 332.0 
78.148 333.0 
78.043 334.0 
78.031 335.0 
78.09 336.0 
78.067 337.0 
77.985 338.0 
78.148 339.0 
78.02 340.0 
78.043 341.0 
77.985 342.0 
78.23 343.0 
78.067 344.0 
78.043 345.0 
78.055 346.0 
78.043 347.0 
78.008 348.0 
78.102 349.0 
78.055 350.0 
78.067 351.0 
78.125 352.0 
78.055 353.0 
78.02 354.0 
78.008 355.0 
78.078 356.0 
78.09 357.0 
78.008 358.0 
78.148 359.0 
78.055 360.0 
78.09 361.0 
78.02 362.0 
78.078 363.0 
77.996 364.0 
77.996 365.0 
78.055 366.0 
78.09 367.0 
78.008 368.0 
78.02 369.0 
78.055 370.0 
78.078 371.0 
78.067 372.0 
78.102 373.0 
78.102 374.0 
78.125 375.0 
78.312 376.0 
77.973 377.0 
78.008 378.0 
78.008 379.0 
78.02 380.0 
78.02 381.0 
78.137 382.0 
78.008 383.0 
78.031 384.0 
78.02 385.0 
78.102 386.0 
78.043 387.0 
77.961 388.0 
78.09 389.0 
78.09 390.0 
78.031 391.0 
78.031 392.0 
78.113 393.0 
77.996 394.0 
78.067 395.0 
78.137 396.0 
77.961 397.0 
78.055 398.0 
77.926 399.0 
77.996 400.0 
78.078 401.0 
78.043 402.0 
78.09 403.0 
78.055 404.0 
78.008 405.0 
77.985 406.0 
78.067 407.0 
77.973 408.0 
78.043 409.0 
77.996 410.0 
78.043 411.0 
78.067 412.0 
78.288 413.0 
78.09 414.0 
77.996 415.0 
78.055 416.0 
77.961 417.0 
78.055 418.0 
78.043 419.0 
77.985 420.0 
78.031 421.0 
78.078 422.0 
78.078 423.0 
77.973 424.0 
78.02 425.0 
78.043 426.0 
78.113 427.0 
78.02 428.0 
78.008 429.0 
78.031 430.0 
78.031 431.0 
78.102 432.0 
78.102 433.0 
77.985 434.0 
77.985 435.0 
78.008 436.0 
78.043 437.0 
77.996 438.0 
77.95 439.0 
77.973 440.0 
77.961 441.0 
77.973 442.0 
78.008 443.0 
78.02 444.0 
77.961 445.0 
77.985 446.0 
78.125 447.0 
78.067 448.0 
78.09 449.0 
78.277 450.0 
78.02 451.0 
78.008 452.0 
77.973 453.0 
77.961 454.0 
78.067 455.0 
77.81 456.0 
77.961 457.0 
77.985 458.0 
78.043 459.0 
78.078 460.0 
78.043 461.0 
77.973 462.0 
78.102 463.0 
78.043 464.0 
77.996 465.0 
78.09 466.0 
78.067 467.0 
77.985 468.0 
78.078 469.0 
78.008 470.0 
77.985 471.0 
77.985 472.0 
77.915 473.0 
78.031 474.0 
78.102 475.0 
78.031 476.0 
77.938 477.0 
78.008 478.0 
77.926 479.0 
78.043 480.0 
78.078 481.0 
77.985 482.0 
78.09 483.0 
77.961 484.0 
78.055 485.0 
77.938 486.0 
78.02 487.0 
78.078 488.0 
77.996 489.0 
78.008 490.0 
78.067 491.0 
78.02 492.0 
78.008 493.0 
78.067 494.0 
77.985 495.0 
77.95 496.0 
77.985 497.0 
78.078 498.0 
77.961 499.0 
77.938 500.0 
78.043 501.0 
78.043 502.0 
77.926 503.0 
77.95 504.0 
77.95 505.0 
77.985 506.0 
77.938 507.0 
78.067 508.0 
77.915 509.0 
77.961 510.0 
77.985 511.0 
77.961 512.0 
77.996 513.0 
78.02 514.0 
78.067 515.0 
78.043 516.0 
78.242 517.0 
77.856 518.0 
77.891 519.0 
77.891 520.0 
77.868 521.0 
77.856 522.0 
77.915 523.0 
77.903 524.0 
77.926 525.0 
77.915 526.0 
77.891 527.0 
77.81 528.0 
77.88 529.0 
77.81 530.0 
77.833 531.0 
77.95 532.0 
77.926 533.0 
77.926 534.0 
77.926 535.0 
77.856 536.0 
77.821 537.0 
77.739 538.0 
77.716 539.0 
77.693 540.0 
77.821 541.0 
77.739 542.0 
77.763 543.0 
77.669 544.0 
77.634 545.0 
77.599 546.0 
77.704 547.0 
77.669 548.0 
77.611 549.0 
77.599 550.0 
77.506 551.0 
77.611 552.0 
77.611 553.0 
77.541 554.0 
77.506 555.0 
77.634 556.0 
77.553 557.0 
77.529 558.0 
77.179 559.0 
77.623 560.0 
77.541 561.0 
77.483 562.0 
77.623 563.0 
77.518 564.0 
77.483 565.0 
77.634 566.0 
77.564 567.0 
77.483 568.0 
77.564 569.0 
77.529 570.0 
77.623 571.0 
77.553 572.0 
77.506 573.0 
77.588 574.0 
77.506 575.0 
77.926 576.0 
77.576 577.0 
77.553 578.0 
77.658 579.0 
77.576 580.0 
77.669 581.0 
77.646 582.0 
77.646 583.0 
77.576 584.0 
77.354 585.0 
77.599 586.0 
77.588 587.0 
77.646 588.0 
77.541 589.0 
77.623 590.0 
77.564 591.0 
77.658 592.0 
77.553 593.0 
77.599 594.0 
77.564 595.0 
77.541 596.0 
77.541 597.0 
77.529 598.0 
77.529 599.0 
77.588 600.0 
77.669 601.0 
77.588 602.0 
77.658 603.0 
77.553 604.0 
77.634 605.0 
77.529 606.0 
77.681 607.0 
77.541 608.0 
77.599 609.0 
77.681 610.0 
77.588 611.0 
77.681 612.0 
77.553 613.0 
77.611 614.0 
77.506 615.0 
77.553 616.0 
77.646 617.0 
77.448 618.0 
77.576 619.0 
77.342 620.0 
77.564 621.0 
77.634 622.0 
77.541 623.0 
77.576 624.0 
77.658 625.0 
77.506 626.0 
77.599 627.0 
77.646 628.0 
77.541 629.0 
77.634 630.0 
77.658 631.0 
77.576 632.0 
77.634 633.0 
77.915 634.0 
77.541 635.0 
77.634 636.0 
77.658 637.0 
77.529 638.0 
77.646 639.0 
77.623 640.0 
77.541 641.0 
77.564 642.0 
77.634 643.0 
77.483 644.0 
77.553 645.0 
77.634 646.0 
77.669 647.0 
77.506 648.0 
77.576 649.0 
77.658 650.0 
77.518 651.0 
77.564 652.0 
77.611 653.0 
77.669 654.0 
77.518 655.0 
77.564 656.0 
77.541 657.0 
77.658 658.0 
77.553 659.0 
77.576 660.0 
77.646 661.0 
77.681 662.0 
77.494 663.0 
77.564 664.0 
77.634 665.0 
77.681 666.0 
77.506 667.0 
77.599 668.0 
77.634 669.0 
77.669 670.0 
77.529 671.0 
77.541 672.0 
77.588 673.0 
77.611 674.0 
77.634 675.0 
77.506 676.0 
77.553 677.0 
77.588 678.0 
77.588 679.0 
77.669 680.0 
77.494 681.0 
77.518 682.0 
77.576 683.0 
77.634 684.0 
77.599 685.0 
77.693 686.0 
77.518 687.0 
77.576 688.0 
77.588 689.0 
77.599 690.0 
77.634 691.0 
77.704 692.0 
77.506 693.0 
77.564 694.0 
77.588 695.0 
77.599 696.0 
77.599 697.0 
77.634 698.0 
77.389 699.0 
77.529 700.0 
77.518 701.0 
77.588 702.0 
77.588 703.0 
77.646 704.0 
77.576 705.0 
77.681 706.0 
77.494 707.0 
77.541 708.0 
77.564 709.0 
77.564 710.0 
77.599 711.0 
77.599 712.0 
77.646 713.0 
77.681 714.0 
77.704 715.0 
77.506 716.0 
77.518 717.0 
77.518 718.0 
77.541 719.0 
77.564 720.0 
77.623 721.0 
77.623 722.0 
77.623 723.0 
77.646 724.0 
77.658 725.0 
77.494 726.0 
77.506 727.0 
77.518 728.0 
77.553 729.0 
77.529 730.0 
77.564 731.0 
77.588 732.0 
77.634 733.0 
77.611 734.0 
77.634 735.0 
77.623 736.0 
77.658 737.0 
77.646 738.0 
77.389 739.0 
77.471 740.0 
77.494 741.0 
77.471 742.0 
77.494 743.0 
77.518 744.0 
77.518 745.0 
77.506 746.0 
77.529 747.0 
77.506 748.0 
77.541 749.0 
77.553 750.0 
77.564 751.0 
77.553 752.0 
77.553 753.0 
77.576 754.0 
77.588 755.0 
77.553 756.0 
77.588 757.0 
77.576 758.0 
77.599 759.0 
77.576 760.0 
77.576 761.0 
77.611 762.0 
77.588 763.0 
77.576 764.0 
77.588 765.0 
77.623 766.0 
77.611 767.0 
77.588 768.0 
77.588 769.0 
77.599 770.0 
77.599 771.0 
77.576 772.0 
77.599 773.0 
77.611 774.0 
77.588 775.0 
77.599 776.0 
77.611 777.0 
77.599 778.0 
77.576 779.0 
77.588 780.0 
77.611 781.0 
77.599 782.0 
77.588 783.0 
77.588 784.0 
77.588 785.0 
77.588 786.0 
77.588 787.0 
77.611 788.0 
77.611 789.0 
77.588 790.0 
77.576 791.0 
77.623 792.0 
77.576 793.0 
77.611 794.0 
77.623 795.0 
77.599 796.0 
77.588 797.0 
77.599 798.0 
77.576 799.0 
77.588 800.0 
77.588 801.0 
77.576 802.0 
77.576 803.0 
77.564 804.0 
-0.002 805.0 
0.005 806.0 
-0.004 807.0 
-0.005 808.0 
0.0 809.0 
0.008 810.0 
-0.002 811.0 
-0.001 812.0 
0.005 813.0 
0.004 814.0 
0.001 815.0 
-0.007 816.0 
-0.007 817.0 
-0.006 818.0 
-0.005 819.0 
-0.014 820.0 
-0.01 821.0 
-0.008 822.0 
-0.017 823.0 
-0.017 824.0 
-0.023 825.0 
-0.013 826.0 
-0.026 827.0 
-0.03 828.0 
-0.02 829.0 
