-0.019 257.0 
-0.04 258.0 
-0.049 259.0 
-0.023 260.0 
-0.047 261.0 
-0.042 262.0 
-0.058 263.0 
-0.054 264.0 
-0.058 265.0 
-0.041 266.0 
-0.036 267.0 
-0.024 268.0 
-0.047 269.0 
-0.064 270.0 
-0.042 271.0 
-0.032 272.0 
-0.03 273.0 
-0.056 274.0 
142.188 275.0 
139.151 276.0 
137.948 277.0 
136.57 278.0 
134.993 279.0 
132.926 280.0 
131.197 281.0 
129.013 282.0 
125.719 283.0 
124.551 284.0 
124.189 285.0 
123.897 286.0 
123.757 287.0 
123.5 288.0 
123.313 289.0 
123.325 290.0 
122.648 291.0 
122.484 292.0 
122.356 293.0 
122.286 294.0 
121.807 295.0 
121.702 296.0 
121.655 297.0 
121.188 298.0 
121.012 299.0 
120.931 300.0 
120.428 301.0 
120.405 302.0 
119.926 303.0 
119.868 304.0 
119.798 305.0 
119.272 306.0 
118.198 307.0 
116.259 308.0 
114.005 309.0 
110.98 310.0 
107.908 311.0 
104.264 312.0 
100.48 313.0 
96.205 314.0 
92.292 315.0 
88.356 316.0 
84.794 317.0 
81.827 318.0 
81.687 319.0 
81.43 320.0 
81.384 321.0 
81.278 322.0 
81.173 323.0 
81.243 324.0 
81.173 325.0 
81.045 326.0 
81.173 327.0 
81.068 328.0 
81.243 329.0 
81.173 330.0 
81.115 331.0 
81.185 332.0 
81.197 333.0 
81.092 334.0 
81.115 335.0 
81.185 336.0 
81.15 337.0 
81.057 338.0 
81.22 339.0 
81.127 340.0 
81.127 341.0 
81.103 342.0 
81.267 343.0 
81.103 344.0 
81.068 345.0 
81.068 346.0 
81.068 347.0 
80.986 348.0 
81.138 349.0 
81.138 350.0 
81.092 351.0 
81.162 352.0 
81.115 353.0 
81.033 354.0 
81.185 355.0 
81.15 356.0 
81.127 357.0 
81.15 358.0 
81.173 359.0 
81.103 360.0 
81.173 361.0 
81.08 362.0 
81.103 363.0 
81.08 364.0 
81.068 365.0 
81.138 366.0 
81.15 367.0 
81.103 368.0 
81.103 369.0 
81.127 370.0 
81.15 371.0 
81.173 372.0 
81.173 373.0 
81.185 374.0 
81.197 375.0 
81.535 376.0 
81.08 377.0 
81.115 378.0 
81.138 379.0 
81.138 380.0 
81.103 381.0 
81.22 382.0 
81.138 383.0 
81.092 384.0 
81.103 385.0 
81.173 386.0 
81.08 387.0 
81.045 388.0 
81.115 389.0 
81.127 390.0 
81.138 391.0 
81.103 392.0 
81.208 393.0 
81.033 394.0 
81.103 395.0 
81.208 396.0 
81.057 397.0 
81.185 398.0 
81.01 399.0 
81.045 400.0 
81.173 401.0 
81.127 402.0 
81.232 403.0 
81.127 404.0 
81.08 405.0 
81.045 406.0 
81.115 407.0 
81.103 408.0 
81.115 409.0 
81.045 410.0 
81.115 411.0 
81.173 412.0 
81.524 413.0 
81.162 414.0 
81.068 415.0 
81.127 416.0 
81.01 417.0 
81.197 418.0 
81.162 419.0 
81.057 420.0 
81.103 421.0 
81.15 422.0 
81.197 423.0 
81.068 424.0 
81.115 425.0 
81.115 426.0 
81.15 427.0 
81.08 428.0 
81.127 429.0 
81.057 430.0 
81.138 431.0 
81.173 432.0 
81.197 433.0 
81.057 434.0 
81.045 435.0 
81.103 436.0 
81.185 437.0 
81.01 438.0 
81.103 439.0 
81.068 440.0 
81.068 441.0 
81.08 442.0 
81.115 443.0 
81.092 444.0 
81.103 445.0 
81.033 446.0 
81.173 447.0 
81.162 448.0 
81.15 449.0 
81.407 450.0 
81.08 451.0 
81.103 452.0 
81.057 453.0 
81.01 454.0 
81.103 455.0 
81.092 456.0 
81.08 457.0 
81.057 458.0 
81.115 459.0 
81.138 460.0 
81.103 461.0 
81.08 462.0 
81.208 463.0 
81.127 464.0 
81.115 465.0 
81.127 466.0 
81.15 467.0 
81.045 468.0 
81.127 469.0 
81.08 470.0 
81.115 471.0 
81.115 472.0 
81.22 473.0 
81.115 474.0 
81.15 475.0 
81.092 476.0 
81.057 477.0 
81.08 478.0 
81.033 479.0 
81.068 480.0 
81.185 481.0 
81.08 482.0 
81.15 483.0 
81.068 484.0 
81.127 485.0 
81.045 486.0 
81.021 487.0 
81.185 488.0 
81.127 489.0 
81.103 490.0 
81.138 491.0 
81.162 492.0 
81.127 493.0 
81.127 494.0 
81.033 495.0 
81.01 496.0 
81.103 497.0 
81.173 498.0 
81.021 499.0 
81.01 500.0 
81.092 501.0 
81.115 502.0 
80.986 503.0 
81.033 504.0 
81.08 505.0 
81.068 506.0 
81.08 507.0 
81.325 508.0 
80.975 509.0 
81.033 510.0 
81.057 511.0 
81.08 512.0 
81.115 513.0 
81.103 514.0 
81.08 515.0 
81.103 516.0 
81.115 517.0 
80.94 518.0 
80.963 519.0 
80.975 520.0 
80.998 521.0 
81.01 522.0 
81.045 523.0 
80.963 524.0 
80.975 525.0 
80.986 526.0 
80.975 527.0 
80.928 528.0 
80.94 529.0 
80.893 530.0 
80.94 531.0 
81.092 532.0 
81.045 533.0 
80.963 534.0 
80.998 535.0 
80.951 536.0 
80.94 537.0 
80.893 538.0 
80.835 539.0 
80.811 540.0 
80.928 541.0 
80.881 542.0 
80.835 543.0 
80.788 544.0 
80.788 545.0 
80.741 546.0 
80.835 547.0 
80.8 548.0 
80.741 549.0 
80.706 550.0 
80.659 551.0 
80.753 552.0 
80.718 553.0 
80.659 554.0 
80.601 555.0 
80.741 556.0 
80.706 557.0 
80.671 558.0 
80.356 559.0 
80.718 560.0 
80.694 561.0 
80.624 562.0 
80.729 563.0 
80.671 564.0 
80.589 565.0 
80.718 566.0 
80.718 567.0 
80.613 568.0 
80.729 569.0 
80.648 570.0 
80.765 571.0 
80.694 572.0 
80.648 573.0 
80.659 574.0 
80.648 575.0 
80.741 576.0 
80.648 577.0 
80.659 578.0 
80.765 579.0 
80.718 580.0 
80.765 581.0 
80.718 582.0 
80.741 583.0 
80.753 584.0 
80.846 585.0 
80.741 586.0 
80.659 587.0 
80.753 588.0 
80.683 589.0 
80.741 590.0 
80.706 591.0 
80.718 592.0 
80.683 593.0 
80.729 594.0 
80.671 595.0 
80.753 596.0 
80.648 597.0 
80.718 598.0 
80.683 599.0 
80.765 600.0 
80.811 601.0 
80.706 602.0 
80.835 603.0 
80.683 604.0 
80.788 605.0 
80.671 606.0 
80.765 607.0 
80.659 608.0 
80.718 609.0 
80.823 610.0 
80.683 611.0 
80.8 612.0 
80.694 613.0 
80.753 614.0 
80.601 615.0 
80.683 616.0 
80.776 617.0 
80.636 618.0 
80.753 619.0 
80.402 620.0 
80.706 621.0 
80.694 622.0 
80.659 623.0 
80.694 624.0 
80.788 625.0 
80.636 626.0 
80.718 627.0 
80.8 628.0 
80.671 629.0 
80.706 630.0 
80.823 631.0 
80.659 632.0 
80.753 633.0 
80.788 634.0 
80.636 635.0 
80.718 636.0 
80.776 637.0 
80.671 638.0 
80.706 639.0 
80.776 640.0 
80.636 641.0 
80.706 642.0 
80.753 643.0 
80.601 644.0 
80.683 645.0 
80.729 646.0 
80.776 647.0 
80.671 648.0 
80.718 649.0 
80.753 650.0 
80.624 651.0 
80.683 652.0 
80.741 653.0 
80.765 654.0 
80.624 655.0 
80.683 656.0 
80.694 657.0 
80.788 658.0 
80.659 659.0 
80.706 660.0 
80.765 661.0 
80.823 662.0 
80.624 663.0 
80.718 664.0 
80.776 665.0 
80.835 666.0 
80.648 667.0 
80.694 668.0 
80.729 669.0 
80.788 670.0 
80.659 671.0 
80.694 672.0 
80.718 673.0 
80.765 674.0 
80.8 675.0 
80.624 676.0 
80.671 677.0 
80.718 678.0 
80.729 679.0 
80.776 680.0 
80.613 681.0 
80.624 682.0 
80.718 683.0 
80.718 684.0 
80.788 685.0 
80.823 686.0 
80.659 687.0 
80.683 688.0 
80.753 689.0 
80.765 690.0 
80.8 691.0 
80.788 692.0 
80.648 693.0 
80.671 694.0 
80.694 695.0 
80.706 696.0 
80.741 697.0 
80.729 698.0 
80.473 699.0 
80.636 700.0 
80.648 701.0 
80.683 702.0 
80.729 703.0 
80.718 704.0 
80.729 705.0 
80.788 706.0 
80.624 707.0 
80.659 708.0 
80.671 709.0 
80.729 710.0 
80.741 711.0 
80.753 712.0 
80.765 713.0 
80.753 714.0 
80.8 715.0 
80.624 716.0 
80.671 717.0 
80.659 718.0 
80.683 719.0 
80.671 720.0 
80.706 721.0 
80.729 722.0 
80.753 723.0 
80.776 724.0 
80.823 725.0 
80.613 726.0 
80.613 727.0 
80.671 728.0 
80.671 729.0 
80.694 730.0 
80.706 731.0 
80.729 732.0 
80.753 733.0 
80.718 734.0 
80.718 735.0 
80.788 736.0 
80.765 737.0 
80.811 738.0 
80.239 739.0 
80.589 740.0 
80.624 741.0 
80.613 742.0 
80.624 743.0 
80.601 744.0 
80.636 745.0 
80.659 746.0 
80.671 747.0 
80.671 748.0 
80.659 749.0 
80.671 750.0 
80.671 751.0 
80.706 752.0 
80.729 753.0 
80.706 754.0 
80.683 755.0 
80.718 756.0 
80.683 757.0 
80.729 758.0 
80.694 759.0 
80.718 760.0 
80.718 761.0 
80.694 762.0 
80.706 763.0 
80.694 764.0 
80.718 765.0 
80.729 766.0 
80.741 767.0 
80.741 768.0 
80.718 769.0 
80.729 770.0 
80.753 771.0 
80.753 772.0 
80.741 773.0 
80.741 774.0 
80.683 775.0 
80.718 776.0 
80.718 777.0 
80.694 778.0 
80.718 779.0 
80.718 780.0 
80.718 781.0 
80.729 782.0 
80.718 783.0 
80.718 784.0 
80.718 785.0 
80.718 786.0 
80.729 787.0 
80.694 788.0 
80.718 789.0 
80.718 790.0 
80.718 791.0 
80.718 792.0 
80.729 793.0 
80.729 794.0 
80.694 795.0 
80.765 796.0 
80.729 797.0 
80.741 798.0 
80.718 799.0 
80.706 800.0 
80.694 801.0 
80.706 802.0 
80.729 803.0 
80.718 804.0 
0.004 805.0 
0.001 806.0 
0.006 807.0 
-0.013 808.0 
-0.002 809.0 
-0.01 810.0 
-0.019 811.0 
-0.019 812.0 
-0.025 813.0 
-0.036 814.0 
-0.042 815.0 
-0.04 816.0 
-0.04 817.0 
-0.046 818.0 
-0.06 819.0 
-0.053 820.0 
-0.06 821.0 
-0.059 822.0 
-0.059 823.0 
-0.055 824.0 
-0.058 825.0 
-0.06 826.0 
-0.042 827.0 
-0.042 828.0 
-0.05 829.0 
