-0.047 257.0 
-0.054 258.0 
-0.054 259.0 
-0.065 260.0 
-0.059 261.0 
-0.044 262.0 
-0.05 263.0 
-0.064 264.0 
-0.054 265.0 
-0.041 266.0 
-0.066 267.0 
-0.04 268.0 
-0.055 269.0 
-0.054 270.0 
-0.042 271.0 
-0.043 272.0 
-0.062 273.0 
-0.043 274.0 
139.91 275.0 
137.306 276.0 
136.395 277.0 
135.086 278.0 
133.603 279.0 
131.746 280.0 
130.158 281.0 
127.611 282.0 
125.217 283.0 
124.049 284.0 
123.687 285.0 
123.372 286.0 
123.185 287.0 
122.916 288.0 
122.648 289.0 
121.982 290.0 
121.877 291.0 
121.678 292.0 
121.48 293.0 
121.199 294.0 
120.861 295.0 
120.709 296.0 
120.685 297.0 
120.136 298.0 
119.973 299.0 
119.728 300.0 
119.377 301.0 
119.307 302.0 
118.805 303.0 
118.735 304.0 
118.431 305.0 
117.976 306.0 
116.726 307.0 
114.402 308.0 
111.599 309.0 
107.814 310.0 
104.1 311.0 
99.989 312.0 
95.995 313.0 
91.697 314.0 
87.772 315.0 
84.07 316.0 
80.835 317.0 
78.02 318.0 
77.821 319.0 
77.658 320.0 
77.529 321.0 
77.576 322.0 
77.483 323.0 
77.553 324.0 
77.483 325.0 
77.401 326.0 
77.518 327.0 
77.401 328.0 
77.506 329.0 
77.529 330.0 
77.448 331.0 
77.599 332.0 
77.518 333.0 
77.389 334.0 
77.377 335.0 
77.471 336.0 
77.471 337.0 
77.389 338.0 
77.798 339.0 
77.377 340.0 
77.436 341.0 
77.424 342.0 
77.448 343.0 
77.448 344.0 
77.412 345.0 
77.389 346.0 
77.401 347.0 
77.377 348.0 
77.471 349.0 
77.436 350.0 
77.459 351.0 
77.541 352.0 
77.436 353.0 
77.342 354.0 
77.377 355.0 
77.436 356.0 
77.483 357.0 
77.448 358.0 
77.494 359.0 
77.412 360.0 
77.471 361.0 
77.424 362.0 
77.448 363.0 
77.377 364.0 
77.424 365.0 
77.412 366.0 
77.459 367.0 
77.401 368.0 
77.424 369.0 
77.412 370.0 
77.494 371.0 
77.448 372.0 
77.471 373.0 
77.483 374.0 
77.483 375.0 
77.681 376.0 
77.342 377.0 
77.377 378.0 
77.412 379.0 
77.377 380.0 
77.389 381.0 
77.424 382.0 
77.424 383.0 
77.412 384.0 
77.377 385.0 
77.471 386.0 
77.389 387.0 
77.366 388.0 
77.459 389.0 
77.448 390.0 
77.436 391.0 
77.412 392.0 
77.471 393.0 
77.366 394.0 
77.424 395.0 
77.296 396.0 
77.366 397.0 
77.448 398.0 
77.261 399.0 
77.342 400.0 
77.483 401.0 
77.459 402.0 
77.518 403.0 
77.459 404.0 
77.436 405.0 
77.366 406.0 
77.459 407.0 
77.377 408.0 
77.436 409.0 
77.366 410.0 
77.436 411.0 
77.506 412.0 
77.623 413.0 
77.459 414.0 
77.389 415.0 
77.424 416.0 
77.401 417.0 
77.436 418.0 
77.471 419.0 
77.354 420.0 
77.412 421.0 
77.424 422.0 
77.483 423.0 
77.401 424.0 
77.401 425.0 
77.459 426.0 
77.483 427.0 
77.377 428.0 
77.401 429.0 
77.389 430.0 
77.436 431.0 
77.459 432.0 
77.494 433.0 
77.342 434.0 
77.366 435.0 
77.366 436.0 
77.448 437.0 
77.377 438.0 
77.342 439.0 
77.331 440.0 
77.377 441.0 
77.377 442.0 
77.377 443.0 
77.401 444.0 
77.342 445.0 
77.354 446.0 
77.471 447.0 
77.483 448.0 
77.436 449.0 
77.716 450.0 
77.448 451.0 
77.401 452.0 
77.377 453.0 
77.342 454.0 
77.436 455.0 
77.249 456.0 
77.366 457.0 
77.354 458.0 
77.436 459.0 
77.483 460.0 
77.401 461.0 
77.354 462.0 
77.506 463.0 
77.389 464.0 
77.401 465.0 
77.471 466.0 
77.424 467.0 
77.366 468.0 
77.436 469.0 
77.401 470.0 
77.342 471.0 
77.412 472.0 
77.296 473.0 
77.412 474.0 
77.459 475.0 
77.412 476.0 
77.319 477.0 
77.401 478.0 
77.284 479.0 
77.436 480.0 
77.459 481.0 
77.377 482.0 
77.471 483.0 
77.389 484.0 
77.424 485.0 
77.342 486.0 
77.401 487.0 
77.436 488.0 
77.377 489.0 
77.389 490.0 
77.412 491.0 
77.389 492.0 
77.389 493.0 
77.436 494.0 
77.366 495.0 
77.354 496.0 
77.436 497.0 
77.471 498.0 
77.354 499.0 
77.354 500.0 
77.389 501.0 
77.412 502.0 
77.342 503.0 
77.354 504.0 
77.354 505.0 
77.401 506.0 
77.307 507.0 
77.401 508.0 
77.249 509.0 
77.307 510.0 
77.366 511.0 
77.401 512.0 
77.401 513.0 
77.389 514.0 
77.401 515.0 
77.249 516.0 
77.658 517.0 
77.226 518.0 
77.237 519.0 
77.296 520.0 
77.284 521.0 
77.249 522.0 
77.296 523.0 
77.272 524.0 
77.284 525.0 
77.296 526.0 
77.296 527.0 
77.237 528.0 
77.226 529.0 
77.249 530.0 
77.237 531.0 
77.342 532.0 
77.599 533.0 
77.249 534.0 
77.296 535.0 
77.237 536.0 
77.202 537.0 
77.132 538.0 
77.109 539.0 
77.05 540.0 
77.214 541.0 
77.109 542.0 
77.12 543.0 
77.05 544.0 
77.015 545.0 
76.969 546.0 
77.085 547.0 
77.062 548.0 
77.004 549.0 
76.934 550.0 
76.899 551.0 
77.004 552.0 
76.969 553.0 
76.91 554.0 
76.899 555.0 
76.992 556.0 
76.957 557.0 
76.91 558.0 
76.63 559.0 
76.992 560.0 
76.969 561.0 
76.887 562.0 
77.004 563.0 
76.875 564.0 
76.864 565.0 
76.98 566.0 
76.969 567.0 
76.887 568.0 
76.957 569.0 
76.899 570.0 
77.015 571.0 
76.957 572.0 
76.922 573.0 
76.945 574.0 
76.899 575.0 
77.214 576.0 
76.922 577.0 
76.934 578.0 
77.039 579.0 
76.945 580.0 
77.062 581.0 
76.957 582.0 
77.05 583.0 
76.969 584.0 
76.712 585.0 
77.027 586.0 
76.957 587.0 
77.027 588.0 
76.934 589.0 
76.992 590.0 
76.934 591.0 
76.98 592.0 
76.934 593.0 
76.957 594.0 
76.934 595.0 
76.945 596.0 
76.899 597.0 
76.969 598.0 
76.91 599.0 
76.98 600.0 
77.085 601.0 
76.957 602.0 
77.039 603.0 
76.957 604.0 
77.027 605.0 
76.934 606.0 
77.004 607.0 
76.887 608.0 
76.992 609.0 
77.074 610.0 
76.945 611.0 
77.039 612.0 
76.945 613.0 
76.969 614.0 
76.875 615.0 
76.91 616.0 
77.015 617.0 
76.887 618.0 
76.992 619.0 
76.782 620.0 
76.957 621.0 
77.015 622.0 
76.899 623.0 
76.957 624.0 
77.074 625.0 
76.945 626.0 
76.98 627.0 
77.05 628.0 
76.945 629.0 
76.98 630.0 
77.085 631.0 
76.922 632.0 
77.015 633.0 
77.296 634.0 
76.945 635.0 
76.992 636.0 
77.062 637.0 
76.887 638.0 
76.969 639.0 
77.062 640.0 
76.91 641.0 
76.852 642.0 
77.015 643.0 
76.875 644.0 
76.887 645.0 
77.027 646.0 
77.074 647.0 
76.899 648.0 
76.957 649.0 
77.015 650.0 
76.899 651.0 
76.887 652.0 
76.98 653.0 
77.004 654.0 
76.875 655.0 
76.934 656.0 
76.969 657.0 
77.039 658.0 
76.899 659.0 
76.992 660.0 
77.027 661.0 
76.957 662.0 
76.922 663.0 
76.969 664.0 
76.992 665.0 
77.062 666.0 
76.945 667.0 
76.934 668.0 
76.969 669.0 
77.027 670.0 
76.875 671.0 
76.945 672.0 
76.957 673.0 
76.98 674.0 
77.027 675.0 
76.899 676.0 
76.91 677.0 
76.945 678.0 
76.992 679.0 
77.015 680.0 
76.899 681.0 
76.875 682.0 
76.969 683.0 
76.98 684.0 
76.98 685.0 
77.074 686.0 
76.875 687.0 
76.934 688.0 
76.969 689.0 
76.98 690.0 
77.039 691.0 
77.062 692.0 
76.899 693.0 
76.91 694.0 
76.945 695.0 
76.992 696.0 
76.945 697.0 
77.015 698.0 
76.805 699.0 
76.887 700.0 
76.899 701.0 
76.945 702.0 
76.969 703.0 
76.957 704.0 
77.039 705.0 
77.015 706.0 
76.899 707.0 
76.91 708.0 
76.91 709.0 
76.887 710.0 
76.992 711.0 
76.98 712.0 
77.015 713.0 
77.027 714.0 
76.84 715.0 
76.864 716.0 
76.864 717.0 
76.922 718.0 
76.934 719.0 
76.969 720.0 
76.969 721.0 
76.98 722.0 
77.004 723.0 
77.05 724.0 
77.027 725.0 
76.793 726.0 
76.899 727.0 
76.922 728.0 
76.934 729.0 
76.945 730.0 
76.957 731.0 
76.98 732.0 
76.98 733.0 
76.98 734.0 
76.98 735.0 
77.027 736.0 
77.05 737.0 
77.015 738.0 
76.852 739.0 
76.875 740.0 
76.864 741.0 
76.864 742.0 
76.899 743.0 
76.899 744.0 
76.887 745.0 
76.91 746.0 
76.899 747.0 
76.91 748.0 
76.934 749.0 
76.922 750.0 
76.934 751.0 
76.945 752.0 
76.957 753.0 
76.887 754.0 
76.957 755.0 
76.934 756.0 
76.957 757.0 
76.945 758.0 
76.957 759.0 
76.969 760.0 
76.957 761.0 
76.945 762.0 
76.969 763.0 
76.969 764.0 
77.004 765.0 
76.969 766.0 
76.98 767.0 
77.004 768.0 
76.957 769.0 
76.957 770.0 
77.004 771.0 
76.98 772.0 
76.98 773.0 
76.969 774.0 
76.969 775.0 
76.945 776.0 
76.992 777.0 
76.98 778.0 
76.992 779.0 
76.957 780.0 
76.934 781.0 
76.992 782.0 
76.957 783.0 
76.969 784.0 
76.969 785.0 
76.969 786.0 
76.934 787.0 
76.98 788.0 
76.98 789.0 
76.969 790.0 
76.945 791.0 
76.992 792.0 
76.98 793.0 
76.957 794.0 
76.945 795.0 
76.945 796.0 
76.969 797.0 
76.957 798.0 
76.957 799.0 
76.945 800.0 
76.922 801.0 
76.934 802.0 
76.922 803.0 
76.945 804.0 
-0.001 805.0 
-0.005 806.0 
-0.004 807.0 
-0.004 808.0 
-0.005 809.0 
0.004 810.0 
0.001 811.0 
-0.001 812.0 
-0.004 813.0 
-0.008 814.0 
-0.008 815.0 
-0.005 816.0 
-0.004 817.0 
-0.006 818.0 
-0.016 819.0 
-0.02 820.0 
-0.02 821.0 
-0.02 822.0 
-0.016 823.0 
-0.023 824.0 
-0.017 825.0 
-0.017 826.0 
-0.024 827.0 
-0.026 828.0 
-0.032 829.0 
