-0.037 257.0 
-0.036 258.0 
-0.046 259.0 
-0.04 260.0 
-0.034 261.0 
-0.043 262.0 
-0.034 263.0 
-0.044 264.0 
-0.04 265.0 
-0.144 266.0 
-0.022 267.0 
-0.011 268.0 
-0.031 269.0 
-0.025 270.0 
-0.041 271.0 
-0.025 272.0 
-0.028 273.0 
-0.03 274.0 
260.992 275.0 
257.278 276.0 
256.35 277.0 
254.609 278.0 
252.985 279.0 
250.896 280.0 
249.155 281.0 
248.807 282.0 
246.022 283.0 
245.441 284.0 
245.093 285.0 
244.861 286.0 
244.745 287.0 
244.513 288.0 
244.397 289.0 
243.701 290.0 
243.353 291.0 
243.12 292.0 
243.236 293.0 
241.728 294.0 
242.424 295.0 
242.424 296.0 
242.54 297.0 
241.612 298.0 
241.844 299.0 
239.755 300.0 
241.38 301.0 
241.728 302.0 
240.567 303.0 
241.612 304.0 
241.844 305.0 
241.38 306.0 
241.264 307.0 
240.683 308.0 
241.148 309.0 
240.451 310.0 
240.799 311.0 
240.567 312.0 
240.799 313.0 
240.451 314.0 
240.683 315.0 
240.335 316.0 
240.335 317.0 
240.103 318.0 
235.809 319.0 
240.335 320.0 
239.291 321.0 
240.219 322.0 
240.103 323.0 
240.219 324.0 
240.219 325.0 
240.219 326.0 
240.567 327.0 
239.987 328.0 
243.701 329.0 
240.335 330.0 
240.219 331.0 
240.799 332.0 
240.335 333.0 
240.335 334.0 
240.567 335.0 
240.219 336.0 
240.103 337.0 
239.639 338.0 
243.004 339.0 
239.871 340.0 
239.639 341.0 
239.871 342.0 
237.318 343.0 
239.871 344.0 
239.755 345.0 
239.871 346.0 
239.755 347.0 
238.943 348.0 
240.219 349.0 
240.103 350.0 
240.103 351.0 
240.103 352.0 
239.639 353.0 
239.755 354.0 
237.55 355.0 
239.871 356.0 
239.987 357.0 
239.871 358.0 
240.335 359.0 
239.755 360.0 
239.871 361.0 
239.639 362.0 
239.639 363.0 
239.639 364.0 
239.755 365.0 
240.219 366.0 
240.103 367.0 
239.987 368.0 
239.755 369.0 
240.219 370.0 
239.987 371.0 
240.335 372.0 
240.683 373.0 
240.335 374.0 
240.683 375.0 
240.683 376.0 
239.523 377.0 
239.871 378.0 
239.987 379.0 
240.103 380.0 
239.755 381.0 
238.479 382.0 
239.871 383.0 
239.523 384.0 
239.755 385.0 
240.219 386.0 
239.755 387.0 
239.871 388.0 
239.987 389.0 
240.451 390.0 
240.335 391.0 
239.987 392.0 
240.335 393.0 
239.987 394.0 
240.103 395.0 
240.335 396.0 
239.523 397.0 
239.987 398.0 
239.059 399.0 
239.755 400.0 
240.103 401.0 
240.103 402.0 
240.219 403.0 
240.103 404.0 
239.987 405.0 
239.755 406.0 
239.987 407.0 
239.755 408.0 
240.219 409.0 
239.987 410.0 
239.755 411.0 
240.335 412.0 
240.799 413.0 
240.567 414.0 
239.639 415.0 
239.871 416.0 
239.987 417.0 
240.103 418.0 
239.987 419.0 
239.987 420.0 
239.871 421.0 
240.219 422.0 
240.219 423.0 
239.871 424.0 
239.755 425.0 
240.335 426.0 
240.335 427.0 
239.871 428.0 
239.871 429.0 
239.871 430.0 
240.103 431.0 
240.103 432.0 
240.567 433.0 
240.103 434.0 
240.219 435.0 
240.103 436.0 
239.871 437.0 
239.523 438.0 
239.291 439.0 
239.871 440.0 
239.755 441.0 
239.871 442.0 
239.987 443.0 
239.987 444.0 
239.987 445.0 
239.639 446.0 
240.335 447.0 
240.219 448.0 
243.004 449.0 
239.755 450.0 
240.335 451.0 
240.103 452.0 
239.987 453.0 
239.987 454.0 
240.103 455.0 
238.711 456.0 
239.639 457.0 
239.871 458.0 
239.987 459.0 
240.103 460.0 
240.219 461.0 
239.755 462.0 
240.219 463.0 
239.523 464.0 
239.871 465.0 
240.567 466.0 
240.335 467.0 
239.987 468.0 
240.219 469.0 
239.987 470.0 
239.871 471.0 
240.219 472.0 
238.246 473.0 
240.103 474.0 
240.683 475.0 
239.987 476.0 
239.639 477.0 
239.871 478.0 
239.639 479.0 
240.103 480.0 
239.987 481.0 
240.219 482.0 
240.219 483.0 
239.755 484.0 
240.103 485.0 
240.103 486.0 
239.987 487.0 
240.451 488.0 
239.639 489.0 
239.987 490.0 
240.451 491.0 
240.335 492.0 
239.755 493.0 
240.683 494.0 
239.987 495.0 
239.639 496.0 
239.987 497.0 
240.219 498.0 
239.755 499.0 
239.987 500.0 
239.871 501.0 
240.103 502.0 
239.871 503.0 
239.639 504.0 
239.639 505.0 
240.103 506.0 
237.898 507.0 
241.612 508.0 
239.639 509.0 
240.103 510.0 
240.103 511.0 
240.219 512.0 
240.103 513.0 
240.219 514.0 
240.335 515.0 
239.871 516.0 
241.728 517.0 
239.523 518.0 
239.755 519.0 
239.639 520.0 
239.755 521.0 
239.755 522.0 
239.755 523.0 
239.523 524.0 
239.639 525.0 
239.755 526.0 
239.871 527.0 
239.523 528.0 
239.871 529.0 
239.523 530.0 
239.523 531.0 
239.987 532.0 
242.888 533.0 
239.987 534.0 
240.103 535.0 
239.987 536.0 
239.987 537.0 
239.523 538.0 
239.755 539.0 
239.871 540.0 
239.987 541.0 
239.175 542.0 
239.639 543.0 
239.523 544.0 
239.291 545.0 
239.639 546.0 
239.987 547.0 
239.407 548.0 
239.755 549.0 
239.871 550.0 
238.827 551.0 
240.219 552.0 
239.871 553.0 
239.987 554.0 
239.987 555.0 
239.987 556.0 
239.871 557.0 
239.639 558.0 
233.837 559.0 
239.871 560.0 
239.871 561.0 
239.291 562.0 
239.755 563.0 
239.639 564.0 
239.175 565.0 
240.219 566.0 
239.291 567.0 
239.639 568.0 
239.639 569.0 
239.871 570.0 
239.755 571.0 
240.103 572.0 
239.755 573.0 
239.755 574.0 
239.755 575.0 
243.353 576.0 
239.407 577.0 
239.755 578.0 
240.103 579.0 
240.103 580.0 
240.103 581.0 
239.523 582.0 
239.755 583.0 
239.639 584.0 
235.113 585.0 
240.219 586.0 
240.103 587.0 
239.871 588.0 
239.639 589.0 
239.871 590.0 
239.755 591.0 
239.871 592.0 
239.755 593.0 
239.987 594.0 
239.987 595.0 
239.407 596.0 
239.639 597.0 
239.175 598.0 
239.755 599.0 
240.103 600.0 
239.987 601.0 
239.755 602.0 
239.987 603.0 
239.639 604.0 
239.871 605.0 
239.755 606.0 
239.987 607.0 
239.639 608.0 
240.103 609.0 
240.219 610.0 
239.987 611.0 
240.219 612.0 
239.755 613.0 
240.219 614.0 
239.755 615.0 
239.639 616.0 
239.987 617.0 
239.407 618.0 
240.103 619.0 
237.086 620.0 
239.755 621.0 
239.987 622.0 
239.639 623.0 
239.523 624.0 
240.219 625.0 
239.755 626.0 
239.987 627.0 
240.219 628.0 
239.407 629.0 
239.871 630.0 
240.219 631.0 
240.103 632.0 
240.219 633.0 
244.049 634.0 
239.871 635.0 
239.755 636.0 
239.987 637.0 
239.639 638.0 
239.755 639.0 
240.219 640.0 
239.639 641.0 
239.523 642.0 
240.219 643.0 
239.407 644.0 
239.291 645.0 
239.871 646.0 
240.103 647.0 
239.639 648.0 
240.219 649.0 
240.103 650.0 
239.639 651.0 
239.523 652.0 
240.103 653.0 
240.567 654.0 
239.755 655.0 
239.523 656.0 
239.755 657.0 
239.871 658.0 
239.871 659.0 
239.755 660.0 
239.987 661.0 
240.103 662.0 
239.407 663.0 
239.755 664.0 
240.219 665.0 
240.103 666.0 
239.987 667.0 
239.871 668.0 
239.987 669.0 
239.987 670.0 
239.523 671.0 
239.987 672.0 
239.987 673.0 
240.103 674.0 
239.639 675.0 
239.291 676.0 
239.871 677.0 
239.639 678.0 
239.523 679.0 
240.219 680.0 
239.755 681.0 
239.639 682.0 
239.755 683.0 
239.755 684.0 
239.755 685.0 
240.451 686.0 
240.103 687.0 
239.987 688.0 
240.219 689.0 
239.871 690.0 
239.987 691.0 
240.683 692.0 
239.639 693.0 
239.871 694.0 
239.871 695.0 
239.871 696.0 
239.639 697.0 
240.103 698.0 
238.827 699.0 
239.639 700.0 
239.639 701.0 
239.987 702.0 
239.755 703.0 
239.871 704.0 
239.755 705.0 
240.335 706.0 
239.755 707.0 
239.639 708.0 
239.871 709.0 
239.523 710.0 
239.755 711.0 
240.103 712.0 
240.219 713.0 
240.103 714.0 
239.291 715.0 
239.523 716.0 
239.755 717.0 
239.755 718.0 
239.639 719.0 
239.639 720.0 
240.103 721.0 
240.103 722.0 
239.987 723.0 
239.871 724.0 
240.219 725.0 
239.871 726.0 
239.871 727.0 
239.755 728.0 
239.755 729.0 
239.871 730.0 
240.103 731.0 
240.335 732.0 
239.987 733.0 
239.987 734.0 
240.219 735.0 
239.755 736.0 
239.871 737.0 
239.987 738.0 
239.291 739.0 
239.523 740.0 
239.407 741.0 
239.639 742.0 
239.639 743.0 
239.407 744.0 
239.871 745.0 
239.871 746.0 
239.871 747.0 
239.755 748.0 
239.871 749.0 
239.639 750.0 
239.987 751.0 
239.755 752.0 
239.871 753.0 
239.987 754.0 
239.987 755.0 
239.639 756.0 
239.523 757.0 
239.059 758.0 
239.987 759.0 
239.871 760.0 
240.219 761.0 
239.871 762.0 
239.987 763.0 
239.755 764.0 
239.987 765.0 
240.219 766.0 
239.871 767.0 
239.987 768.0 
240.219 769.0 
240.103 770.0 
240.219 771.0 
240.103 772.0 
239.755 773.0 
240.451 774.0 
239.987 775.0 
239.755 776.0 
239.755 777.0 
239.755 778.0 
239.407 779.0 
239.755 780.0 
239.639 781.0 
239.639 782.0 
239.871 783.0 
239.987 784.0 
239.871 785.0 
239.639 786.0 
239.755 787.0 
239.871 788.0 
240.219 789.0 
239.987 790.0 
239.755 791.0 
239.987 792.0 
239.987 793.0 
239.987 794.0 
239.871 795.0 
239.871 796.0 
239.755 797.0 
239.755 798.0 
239.871 799.0 
239.987 800.0 
239.871 801.0 
239.755 802.0 
239.755 803.0 
239.755 804.0 
0.034 805.0 
0.036 806.0 
0.037 807.0 
0.044 808.0 
0.048 809.0 
0.047 810.0 
0.037 811.0 
0.046 812.0 
0.043 813.0 
0.037 814.0 
0.036 815.0 
0.036 816.0 
0.023 817.0 
0.024 818.0 
0.02 819.0 
0.019 820.0 
0.011 821.0 
-0.004 822.0 
-0.005 823.0 
-0.006 824.0 
-0.005 825.0 
-0.018 826.0 
-0.02 827.0 
-0.016 828.0 
-0.02 829.0 
