-0.008 257.0 
-0.026 258.0 
-0.024 259.0 
-0.016 260.0 
-0.008 261.0 
-0.023 262.0 
-0.037 263.0 
-0.028 264.0 
0.006 265.0 
-0.02 266.0 
-0.022 267.0 
-0.019 268.0 
-0.028 269.0 
-0.029 270.0 
-0.038 271.0 
-0.011 272.0 
-0.028 273.0 
-0.034 274.0 
264.473 275.0 
260.528 276.0 
259.251 277.0 
257.162 278.0 
255.538 279.0 
254.029 280.0 
252.056 281.0 
250.664 282.0 
248.459 283.0 
248.459 284.0 
247.878 285.0 
247.762 286.0 
247.53 287.0 
247.53 288.0 
246.718 289.0 
246.718 290.0 
245.674 291.0 
245.674 292.0 
245.325 293.0 
245.674 294.0 
244.977 295.0 
244.977 296.0 
244.977 297.0 
244.397 298.0 
244.397 299.0 
244.745 300.0 
244.165 301.0 
244.513 302.0 
242.656 303.0 
243.817 304.0 
244.281 305.0 
244.281 306.0 
244.281 307.0 
243.236 308.0 
243.353 309.0 
243.004 310.0 
243.469 311.0 
243.12 312.0 
243.236 313.0 
242.772 314.0 
243.236 315.0 
243.004 316.0 
243.12 317.0 
242.888 318.0 
243.236 319.0 
242.888 320.0 
238.246 321.0 
243.004 322.0 
242.54 323.0 
243.004 324.0 
243.004 325.0 
245.674 326.0 
243.236 327.0 
242.54 328.0 
242.656 329.0 
242.656 330.0 
242.656 331.0 
242.54 332.0 
242.888 333.0 
242.424 334.0 
243.933 335.0 
242.656 336.0 
242.54 337.0 
242.192 338.0 
242.656 339.0 
242.656 340.0 
242.656 341.0 
242.772 342.0 
238.711 343.0 
242.888 344.0 
242.424 345.0 
243.004 346.0 
242.308 347.0 
242.656 348.0 
242.772 349.0 
242.308 350.0 
242.192 351.0 
242.308 352.0 
242.308 353.0 
238.827 354.0 
242.772 355.0 
242.656 356.0 
242.54 357.0 
242.54 358.0 
243.12 359.0 
242.772 360.0 
243.004 361.0 
242.656 362.0 
242.772 363.0 
242.54 364.0 
242.424 365.0 
242.888 366.0 
242.772 367.0 
242.424 368.0 
242.308 369.0 
242.424 370.0 
242.772 371.0 
242.772 372.0 
242.772 373.0 
242.656 374.0 
242.772 375.0 
244.629 376.0 
241.728 377.0 
242.424 378.0 
242.54 379.0 
242.772 380.0 
242.888 381.0 
243.12 382.0 
242.424 383.0 
242.772 384.0 
242.424 385.0 
243.004 386.0 
241.264 387.0 
242.424 388.0 
242.54 389.0 
242.308 390.0 
242.656 391.0 
242.424 392.0 
242.772 393.0 
242.076 394.0 
242.772 395.0 
243.004 396.0 
242.308 397.0 
242.888 398.0 
240.683 399.0 
242.308 400.0 
242.656 401.0 
242.656 402.0 
242.888 403.0 
242.54 404.0 
242.656 405.0 
242.656 406.0 
242.656 407.0 
242.54 408.0 
242.54 409.0 
242.54 410.0 
242.54 411.0 
242.54 412.0 
245.441 413.0 
242.54 414.0 
242.076 415.0 
242.772 416.0 
242.424 417.0 
243.236 418.0 
243.12 419.0 
242.54 420.0 
242.424 421.0 
242.772 422.0 
242.888 423.0 
242.424 424.0 
242.308 425.0 
242.656 426.0 
243.004 427.0 
242.656 428.0 
242.192 429.0 
241.728 430.0 
242.656 431.0 
243.004 432.0 
242.772 433.0 
242.308 434.0 
242.424 435.0 
242.656 436.0 
242.888 437.0 
241.844 438.0 
242.772 439.0 
242.656 440.0 
242.656 441.0 
242.656 442.0 
242.656 443.0 
242.656 444.0 
242.308 445.0 
242.888 446.0 
243.236 447.0 
242.54 448.0 
242.772 449.0 
243.701 450.0 
242.54 451.0 
242.424 452.0 
242.192 453.0 
242.54 454.0 
242.772 455.0 
242.424 456.0 
242.308 457.0 
242.424 458.0 
243.004 459.0 
243.004 460.0 
242.888 461.0 
242.656 462.0 
242.888 463.0 
242.888 464.0 
243.12 465.0 
242.888 466.0 
243.12 467.0 
241.728 468.0 
242.424 469.0 
242.424 470.0 
242.656 471.0 
242.54 472.0 
242.656 473.0 
242.656 474.0 
243.12 475.0 
242.772 476.0 
242.076 477.0 
242.54 478.0 
242.54 479.0 
242.656 480.0 
243.236 481.0 
242.888 482.0 
243.004 483.0 
242.656 484.0 
242.772 485.0 
243.12 486.0 
242.54 487.0 
242.888 488.0 
242.424 489.0 
242.54 490.0 
242.888 491.0 
242.656 492.0 
242.424 493.0 
242.54 494.0 
242.772 495.0 
241.96 496.0 
242.54 497.0 
243.236 498.0 
242.772 499.0 
242.656 500.0 
242.888 501.0 
243.004 502.0 
242.308 503.0 
242.772 504.0 
242.54 505.0 
242.772 506.0 
239.523 507.0 
245.209 508.0 
242.076 509.0 
242.308 510.0 
242.54 511.0 
242.656 512.0 
242.656 513.0 
242.192 514.0 
242.54 515.0 
242.656 516.0 
245.209 517.0 
242.076 518.0 
241.96 519.0 
242.308 520.0 
242.54 521.0 
242.656 522.0 
242.192 523.0 
242.192 524.0 
242.308 525.0 
242.656 526.0 
242.656 527.0 
241.844 528.0 
241.96 529.0 
241.728 530.0 
242.076 531.0 
242.54 532.0 
242.308 533.0 
242.54 534.0 
242.54 535.0 
242.424 536.0 
242.308 537.0 
242.424 538.0 
242.308 539.0 
242.656 540.0 
242.772 541.0 
242.192 542.0 
242.54 543.0 
242.54 544.0 
242.54 545.0 
242.308 546.0 
242.772 547.0 
242.424 548.0 
242.308 549.0 
242.076 550.0 
240.219 551.0 
242.656 552.0 
242.424 553.0 
242.308 554.0 
242.192 555.0 
242.656 556.0 
242.076 557.0 
242.192 558.0 
238.362 559.0 
242.656 560.0 
242.308 561.0 
241.96 562.0 
242.424 563.0 
242.888 564.0 
241.844 565.0 
243.004 566.0 
241.612 567.0 
242.076 568.0 
242.424 569.0 
242.192 570.0 
242.54 571.0 
242.308 572.0 
242.308 573.0 
241.96 574.0 
242.308 575.0 
242.424 576.0 
242.076 577.0 
242.192 578.0 
242.656 579.0 
242.308 580.0 
242.772 581.0 
243.004 582.0 
242.888 583.0 
242.772 584.0 
243.12 585.0 
242.772 586.0 
242.54 587.0 
242.656 588.0 
242.308 589.0 
242.424 590.0 
242.54 591.0 
242.54 592.0 
242.424 593.0 
242.076 594.0 
242.192 595.0 
242.656 596.0 
242.076 597.0 
242.656 598.0 
242.424 599.0 
242.54 600.0 
242.888 601.0 
242.656 602.0 
242.772 603.0 
242.656 604.0 
242.888 605.0 
242.076 606.0 
242.772 607.0 
242.424 608.0 
242.424 609.0 
242.54 610.0 
242.192 611.0 
242.192 612.0 
242.54 613.0 
242.772 614.0 
242.192 615.0 
242.308 616.0 
242.656 617.0 
242.308 618.0 
242.656 619.0 
238.595 620.0 
242.656 621.0 
242.772 622.0 
242.424 623.0 
242.424 624.0 
242.772 625.0 
242.424 626.0 
242.888 627.0 
242.424 628.0 
241.844 629.0 
242.424 630.0 
242.772 631.0 
241.844 632.0 
242.424 633.0 
242.772 634.0 
242.308 635.0 
242.54 636.0 
242.308 637.0 
242.192 638.0 
242.424 639.0 
242.656 640.0 
242.192 641.0 
242.772 642.0 
242.656 643.0 
242.424 644.0 
242.54 645.0 
242.888 646.0 
243.12 647.0 
242.308 648.0 
242.076 649.0 
242.772 650.0 
242.308 651.0 
242.54 652.0 
242.308 653.0 
242.656 654.0 
242.308 655.0 
242.192 656.0 
242.192 657.0 
242.656 658.0 
242.308 659.0 
242.54 660.0 
242.772 661.0 
243.004 662.0 
241.844 663.0 
242.54 664.0 
242.772 665.0 
242.656 666.0 
242.308 667.0 
242.424 668.0 
242.54 669.0 
242.772 670.0 
242.54 671.0 
242.076 672.0 
242.308 673.0 
242.308 674.0 
242.54 675.0 
242.192 676.0 
242.308 677.0 
242.424 678.0 
242.424 679.0 
243.004 680.0 
242.308 681.0 
242.308 682.0 
242.424 683.0 
242.656 684.0 
242.656 685.0 
242.888 686.0 
242.54 687.0 
242.308 688.0 
242.656 689.0 
242.424 690.0 
242.656 691.0 
242.424 692.0 
242.192 693.0 
242.308 694.0 
242.424 695.0 
242.772 696.0 
242.54 697.0 
242.54 698.0 
240.799 699.0 
242.192 700.0 
242.424 701.0 
242.656 702.0 
242.54 703.0 
242.424 704.0 
242.888 705.0 
242.888 706.0 
242.308 707.0 
242.308 708.0 
242.192 709.0 
242.308 710.0 
242.076 711.0 
242.308 712.0 
242.656 713.0 
242.772 714.0 
242.656 715.0 
242.308 716.0 
242.076 717.0 
242.424 718.0 
242.308 719.0 
242.424 720.0 
242.54 721.0 
242.424 722.0 
242.888 723.0 
242.656 724.0 
243.004 725.0 
242.192 726.0 
242.54 727.0 
242.192 728.0 
242.424 729.0 
242.308 730.0 
242.424 731.0 
242.772 732.0 
242.424 733.0 
242.192 734.0 
242.54 735.0 
242.772 736.0 
242.772 737.0 
243.004 738.0 
241.728 739.0 
242.424 740.0 
242.424 741.0 
242.656 742.0 
242.424 743.0 
242.54 744.0 
242.076 745.0 
242.656 746.0 
242.656 747.0 
242.308 748.0 
242.424 749.0 
242.192 750.0 
242.192 751.0 
242.192 752.0 
242.656 753.0 
242.656 754.0 
242.192 755.0 
242.192 756.0 
242.192 757.0 
242.54 758.0 
242.54 759.0 
242.656 760.0 
242.424 761.0 
242.656 762.0 
242.54 763.0 
242.54 764.0 
242.424 765.0 
242.772 766.0 
242.656 767.0 
242.656 768.0 
242.308 769.0 
242.308 770.0 
242.308 771.0 
242.54 772.0 
242.308 773.0 
242.54 774.0 
242.308 775.0 
242.54 776.0 
242.772 777.0 
242.54 778.0 
242.54 779.0 
242.54 780.0 
242.54 781.0 
242.772 782.0 
242.54 783.0 
242.54 784.0 
242.54 785.0 
242.772 786.0 
242.656 787.0 
242.656 788.0 
242.424 789.0 
242.424 790.0 
242.424 791.0 
242.656 792.0 
242.424 793.0 
242.424 794.0 
242.54 795.0 
242.192 796.0 
242.308 797.0 
242.424 798.0 
242.308 799.0 
242.308 800.0 
242.54 801.0 
242.772 802.0 
242.656 803.0 
242.424 804.0 
0.041 805.0 
0.049 806.0 
0.04 807.0 
0.038 808.0 
0.042 809.0 
0.046 810.0 
0.046 811.0 
0.041 812.0 
0.041 813.0 
0.032 814.0 
0.019 815.0 
0.02 816.0 
0.02 817.0 
0.016 818.0 
0.013 819.0 
0.008 820.0 
0.01 821.0 
0.01 822.0 
0.001 823.0 
-0.004 824.0 
-0.012 825.0 
-0.01 826.0 
-0.013 827.0 
-0.016 828.0 
-0.013 829.0 
