-0.019 257.0 
-0.026 258.0 
-0.022 259.0 
-0.043 260.0 
-0.05 261.0 
-0.038 262.0 
-0.058 263.0 
-0.035 264.0 
-0.037 265.0 
-0.044 266.0 
-0.041 267.0 
-0.036 268.0 
-0.052 269.0 
-0.037 270.0 
-0.048 271.0 
-0.04 272.0 
-0.048 273.0 
-0.054 274.0 
252.52 275.0 
248.923 276.0 
247.762 277.0 
245.906 278.0 
244.397 279.0 
242.424 280.0 
240.335 281.0 
239.059 282.0 
236.39 283.0 
236.854 284.0 
236.274 285.0 
235.809 286.0 
235.925 287.0 
235.345 288.0 
235.345 289.0 
235.113 290.0 
234.533 291.0 
233.953 292.0 
234.185 293.0 
234.649 294.0 
233.372 295.0 
233.605 296.0 
233.605 297.0 
232.676 298.0 
232.908 299.0 
233.372 300.0 
232.328 301.0 
232.444 302.0 
231.168 303.0 
232.096 304.0 
232.444 305.0 
231.98 306.0 
232.212 307.0 
231.748 308.0 
231.632 309.0 
231.284 310.0 
231.632 311.0 
231.168 312.0 
232.096 313.0 
231.4 314.0 
231.98 315.0 
231.632 316.0 
231.4 317.0 
231.516 318.0 
231.748 319.0 
231.284 320.0 
225.133 321.0 
231.168 322.0 
230.587 323.0 
231.4 324.0 
231.4 325.0 
234.997 326.0 
231.051 327.0 
230.935 328.0 
231.516 329.0 
231.051 330.0 
230.935 331.0 
231.168 332.0 
231.516 333.0 
231.051 334.0 
233.14 335.0 
231.516 336.0 
231.168 337.0 
231.168 338.0 
231.516 339.0 
231.284 340.0 
230.935 341.0 
230.819 342.0 
231.4 343.0 
231.284 344.0 
231.168 345.0 
230.703 346.0 
230.819 347.0 
229.775 348.0 
230.935 349.0 
231.284 350.0 
231.168 351.0 
231.516 352.0 
231.051 353.0 
229.543 354.0 
231.284 355.0 
231.168 356.0 
231.4 357.0 
231.284 358.0 
231.4 359.0 
231.516 360.0 
231.284 361.0 
231.168 362.0 
231.168 363.0 
231.168 364.0 
230.935 365.0 
231.051 366.0 
231.051 367.0 
230.935 368.0 
230.819 369.0 
231.051 370.0 
231.4 371.0 
231.4 372.0 
231.284 373.0 
231.516 374.0 
231.4 375.0 
231.748 376.0 
230.239 377.0 
230.703 378.0 
231.284 379.0 
231.284 380.0 
231.168 381.0 
231.516 382.0 
230.819 383.0 
231.168 384.0 
231.051 385.0 
231.168 386.0 
230.239 387.0 
231.168 388.0 
231.284 389.0 
230.935 390.0 
231.748 391.0 
231.284 392.0 
231.632 393.0 
230.703 394.0 
231.168 395.0 
231.632 396.0 
231.284 397.0 
231.4 398.0 
229.775 399.0 
231.4 400.0 
231.516 401.0 
231.051 402.0 
231.632 403.0 
231.284 404.0 
231.168 405.0 
230.819 406.0 
230.935 407.0 
230.819 408.0 
231.284 409.0 
230.935 410.0 
231.4 411.0 
231.4 412.0 
232.676 413.0 
231.4 414.0 
231.284 415.0 
231.516 416.0 
231.516 417.0 
231.632 418.0 
231.516 419.0 
231.284 420.0 
230.935 421.0 
231.051 422.0 
231.4 423.0 
231.284 424.0 
231.284 425.0 
231.168 426.0 
231.516 427.0 
231.168 428.0 
230.819 429.0 
230.935 430.0 
231.4 431.0 
231.748 432.0 
231.632 433.0 
231.284 434.0 
231.284 435.0 
231.284 436.0 
231.632 437.0 
230.703 438.0 
231.4 439.0 
231.748 440.0 
231.516 441.0 
231.168 442.0 
231.4 443.0 
231.284 444.0 
231.051 445.0 
231.168 446.0 
231.516 447.0 
231.284 448.0 
231.4 449.0 
234.069 450.0 
231.051 451.0 
231.4 452.0 
231.4 453.0 
231.168 454.0 
231.516 455.0 
231.4 456.0 
231.168 457.0 
231.4 458.0 
231.748 459.0 
231.632 460.0 
230.935 461.0 
231.051 462.0 
231.4 463.0 
231.4 464.0 
231.4 465.0 
231.284 466.0 
231.4 467.0 
230.819 468.0 
231.4 469.0 
231.051 470.0 
231.516 471.0 
231.516 472.0 
232.096 473.0 
231.516 474.0 
231.632 475.0 
231.632 476.0 
231.168 477.0 
231.516 478.0 
231.4 479.0 
231.632 480.0 
231.516 481.0 
230.935 482.0 
231.4 483.0 
231.284 484.0 
231.516 485.0 
231.168 486.0 
231.284 487.0 
231.4 488.0 
231.4 489.0 
231.284 490.0 
231.516 491.0 
231.516 492.0 
231.516 493.0 
231.516 494.0 
231.168 495.0 
230.471 496.0 
231.632 497.0 
231.748 498.0 
231.4 499.0 
231.632 500.0 
231.748 501.0 
231.168 502.0 
230.587 503.0 
231.168 504.0 
230.935 505.0 
231.168 506.0 
227.106 507.0 
234.301 508.0 
231.168 509.0 
230.935 510.0 
231.051 511.0 
231.168 512.0 
231.516 513.0 
231.4 514.0 
231.516 515.0 
231.516 516.0 
231.4 517.0 
231.051 518.0 
230.703 519.0 
231.168 520.0 
231.284 521.0 
230.935 522.0 
230.935 523.0 
231.051 524.0 
230.819 525.0 
230.935 526.0 
230.935 527.0 
230.355 528.0 
230.935 529.0 
230.935 530.0 
230.935 531.0 
231.4 532.0 
231.4 533.0 
231.516 534.0 
231.632 535.0 
231.284 536.0 
231.168 537.0 
231.284 538.0 
231.4 539.0 
231.516 540.0 
231.4 541.0 
231.4 542.0 
231.051 543.0 
231.284 544.0 
231.051 545.0 
230.819 546.0 
231.516 547.0 
231.284 548.0 
231.168 549.0 
231.051 550.0 
229.079 551.0 
231.4 552.0 
231.4 553.0 
231.284 554.0 
231.4 555.0 
231.4 556.0 
231.168 557.0 
231.168 558.0 
231.632 559.0 
231.168 560.0 
231.168 561.0 
230.355 562.0 
230.935 563.0 
231.284 564.0 
230.587 565.0 
231.284 566.0 
230.587 567.0 
230.935 568.0 
231.284 569.0 
231.051 570.0 
231.284 571.0 
231.168 572.0 
231.516 573.0 
230.819 574.0 
231.051 575.0 
231.632 576.0 
231.051 577.0 
231.051 578.0 
231.284 579.0 
231.284 580.0 
231.284 581.0 
231.284 582.0 
231.168 583.0 
231.051 584.0 
231.748 585.0 
231.284 586.0 
231.168 587.0 
231.4 588.0 
231.168 589.0 
231.4 590.0 
231.051 591.0 
231.4 592.0 
231.168 593.0 
231.051 594.0 
230.703 595.0 
231.516 596.0 
231.051 597.0 
231.632 598.0 
231.284 599.0 
231.4 600.0 
231.516 601.0 
231.284 602.0 
231.4 603.0 
231.516 604.0 
231.284 605.0 
231.051 606.0 
231.284 607.0 
230.935 608.0 
231.168 609.0 
231.4 610.0 
231.168 611.0 
231.748 612.0 
231.4 613.0 
231.632 614.0 
230.703 615.0 
231.4 616.0 
231.516 617.0 
231.168 618.0 
231.516 619.0 
225.597 620.0 
231.284 621.0 
231.051 622.0 
231.051 623.0 
231.4 624.0 
231.748 625.0 
230.819 626.0 
231.284 627.0 
231.284 628.0 
230.935 629.0 
231.4 630.0 
231.516 631.0 
230.703 632.0 
231.516 633.0 
231.4 634.0 
231.284 635.0 
231.632 636.0 
231.284 637.0 
231.168 638.0 
231.4 639.0 
231.748 640.0 
231.284 641.0 
231.284 642.0 
231.516 643.0 
231.051 644.0 
230.935 645.0 
231.516 646.0 
231.632 647.0 
231.051 648.0 
230.703 649.0 
231.168 650.0 
231.4 651.0 
231.168 652.0 
231.516 653.0 
231.632 654.0 
231.168 655.0 
231.284 656.0 
231.4 657.0 
231.168 658.0 
231.4 659.0 
231.632 660.0 
231.4 661.0 
231.284 662.0 
230.587 663.0 
231.168 664.0 
231.632 665.0 
231.516 666.0 
231.168 667.0 
231.051 668.0 
231.168 669.0 
231.284 670.0 
230.935 671.0 
231.051 672.0 
231.168 673.0 
231.632 674.0 
231.284 675.0 
231.284 676.0 
231.051 677.0 
231.284 678.0 
231.284 679.0 
231.864 680.0 
231.051 681.0 
230.819 682.0 
231.168 683.0 
231.051 684.0 
231.516 685.0 
231.748 686.0 
230.703 687.0 
231.284 688.0 
230.935 689.0 
231.4 690.0 
231.4 691.0 
231.632 692.0 
231.168 693.0 
231.051 694.0 
231.4 695.0 
231.284 696.0 
231.4 697.0 
231.051 698.0 
229.311 699.0 
231.4 700.0 
231.051 701.0 
231.168 702.0 
231.168 703.0 
231.051 704.0 
231.4 705.0 
231.632 706.0 
231.051 707.0 
231.168 708.0 
231.051 709.0 
230.935 710.0 
231.284 711.0 
231.516 712.0 
231.516 713.0 
231.632 714.0 
230.935 715.0 
231.051 716.0 
230.935 717.0 
231.4 718.0 
231.516 719.0 
231.516 720.0 
231.516 721.0 
231.284 722.0 
231.516 723.0 
231.516 724.0 
231.4 725.0 
231.051 726.0 
231.051 727.0 
231.051 728.0 
231.168 729.0 
230.935 730.0 
231.168 731.0 
231.168 732.0 
231.4 733.0 
231.516 734.0 
231.516 735.0 
231.4 736.0 
231.516 737.0 
231.284 738.0 
228.266 739.0 
231.051 740.0 
230.819 741.0 
230.819 742.0 
231.051 743.0 
231.284 744.0 
231.051 745.0 
231.051 746.0 
231.051 747.0 
230.587 748.0 
231.168 749.0 
231.168 750.0 
231.284 751.0 
231.4 752.0 
231.516 753.0 
231.516 754.0 
231.4 755.0 
231.632 756.0 
231.284 757.0 
231.632 758.0 
231.748 759.0 
231.4 760.0 
231.168 761.0 
231.284 762.0 
231.284 763.0 
231.516 764.0 
231.516 765.0 
231.284 766.0 
231.284 767.0 
231.284 768.0 
231.284 769.0 
231.284 770.0 
231.516 771.0 
231.516 772.0 
231.4 773.0 
231.516 774.0 
231.284 775.0 
231.4 776.0 
231.516 777.0 
231.516 778.0 
231.4 779.0 
231.516 780.0 
231.632 781.0 
231.168 782.0 
231.4 783.0 
231.051 784.0 
231.4 785.0 
231.051 786.0 
231.516 787.0 
231.284 788.0 
231.284 789.0 
231.168 790.0 
231.516 791.0 
231.516 792.0 
231.284 793.0 
231.284 794.0 
231.632 795.0 
231.284 796.0 
231.051 797.0 
231.632 798.0 
231.516 799.0 
231.516 800.0 
231.284 801.0 
231.168 802.0 
231.051 803.0 
231.051 804.0 
0.029 805.0 
0.036 806.0 
0.035 807.0 
0.036 808.0 
0.041 809.0 
0.032 810.0 
0.024 811.0 
0.022 812.0 
0.013 813.0 
0.004 814.0 
-0.002 815.0 
-0.012 816.0 
-0.005 817.0 
-0.02 818.0 
-0.029 819.0 
-0.031 820.0 
-0.038 821.0 
-0.048 822.0 
-0.061 823.0 
-0.052 824.0 
-0.056 825.0 
-0.062 826.0 
-0.061 827.0 
-0.054 828.0 
-0.055 829.0 
