-0.026 257.0 
-0.017 258.0 
-0.055 259.0 
-0.018 260.0 
-0.023 261.0 
-0.02 262.0 
-0.029 263.0 
-0.016 264.0 
-0.025 265.0 
-0.023 266.0 
-0.041 267.0 
-0.041 268.0 
-0.059 269.0 
-0.061 270.0 
-0.028 271.0 
-0.034 272.0 
-0.034 273.0 
-0.03 274.0 
134.0 275.0 
131.664 276.0 
130.823 277.0 
129.62 278.0 
128.394 279.0 
126.852 280.0 
125.497 281.0 
123.71 282.0 
121.047 283.0 
119.728 284.0 
119.401 285.0 
119.261 286.0 
119.155 287.0 
118.957 288.0 
118.77 289.0 
118.291 290.0 
118.186 291.0 
118.046 292.0 
117.894 293.0 
117.871 294.0 
117.45 295.0 
117.392 296.0 
117.38 297.0 
116.96 298.0 
116.784 299.0 
116.796 300.0 
116.306 301.0 
116.282 302.0 
115.838 303.0 
115.745 304.0 
115.652 305.0 
115.079 306.0 
114.133 307.0 
112.299 308.0 
110.139 309.0 
107.125 310.0 
104.1 311.0 
100.515 312.0 
96.941 313.0 
92.666 314.0 
88.66 315.0 
84.584 316.0 
80.811 317.0 
78.207 318.0 
78.102 319.0 
77.903 320.0 
77.856 321.0 
77.81 322.0 
77.669 323.0 
77.728 324.0 
77.658 325.0 
77.553 326.0 
77.669 327.0 
77.564 328.0 
77.739 329.0 
77.681 330.0 
77.588 331.0 
77.716 332.0 
77.693 333.0 
77.646 334.0 
77.634 335.0 
77.704 336.0 
77.704 337.0 
77.599 338.0 
77.704 339.0 
77.634 340.0 
77.623 341.0 
77.611 342.0 
77.681 343.0 
77.634 344.0 
77.623 345.0 
77.634 346.0 
77.564 347.0 
77.541 348.0 
77.658 349.0 
77.611 350.0 
77.599 351.0 
77.646 352.0 
77.611 353.0 
77.529 354.0 
77.728 355.0 
77.681 356.0 
77.704 357.0 
77.646 358.0 
77.704 359.0 
77.669 360.0 
77.704 361.0 
77.611 362.0 
77.669 363.0 
77.553 364.0 
77.564 365.0 
77.623 366.0 
77.669 367.0 
77.576 368.0 
77.588 369.0 
77.634 370.0 
77.623 371.0 
77.646 372.0 
77.658 373.0 
77.681 374.0 
77.728 375.0 
77.938 376.0 
77.541 377.0 
77.646 378.0 
77.623 379.0 
77.611 380.0 
77.611 381.0 
77.716 382.0 
77.634 383.0 
77.599 384.0 
77.576 385.0 
77.693 386.0 
77.588 387.0 
77.553 388.0 
77.599 389.0 
77.658 390.0 
77.658 391.0 
77.623 392.0 
77.658 393.0 
77.541 394.0 
77.646 395.0 
77.704 396.0 
77.553 397.0 
77.658 398.0 
77.529 399.0 
77.576 400.0 
77.681 401.0 
77.658 402.0 
77.728 403.0 
77.646 404.0 
77.588 405.0 
77.553 406.0 
77.646 407.0 
77.588 408.0 
77.623 409.0 
77.564 410.0 
77.611 411.0 
77.658 412.0 
77.926 413.0 
77.646 414.0 
77.623 415.0 
77.669 416.0 
77.564 417.0 
77.693 418.0 
77.634 419.0 
77.588 420.0 
77.588 421.0 
77.634 422.0 
77.681 423.0 
77.588 424.0 
77.564 425.0 
77.611 426.0 
77.669 427.0 
77.576 428.0 
77.576 429.0 
77.553 430.0 
77.588 431.0 
77.634 432.0 
77.681 433.0 
77.553 434.0 
77.599 435.0 
77.634 436.0 
77.646 437.0 
77.576 438.0 
77.599 439.0 
77.599 440.0 
77.611 441.0 
77.588 442.0 
77.623 443.0 
77.564 444.0 
77.576 445.0 
77.588 446.0 
77.704 447.0 
77.658 448.0 
77.623 449.0 
78.02 450.0 
77.611 451.0 
77.576 452.0 
77.576 453.0 
77.529 454.0 
77.658 455.0 
77.436 456.0 
77.611 457.0 
77.529 458.0 
77.634 459.0 
77.658 460.0 
77.623 461.0 
77.576 462.0 
77.704 463.0 
77.623 464.0 
77.588 465.0 
77.681 466.0 
77.599 467.0 
77.553 468.0 
77.623 469.0 
77.588 470.0 
77.564 471.0 
77.576 472.0 
77.541 473.0 
77.588 474.0 
77.716 475.0 
77.634 476.0 
77.564 477.0 
77.576 478.0 
77.553 479.0 
77.611 480.0 
77.693 481.0 
77.611 482.0 
77.646 483.0 
77.588 484.0 
77.623 485.0 
77.529 486.0 
77.553 487.0 
77.658 488.0 
77.623 489.0 
77.599 490.0 
77.646 491.0 
77.669 492.0 
77.576 493.0 
77.646 494.0 
77.564 495.0 
77.518 496.0 
77.599 497.0 
77.658 498.0 
77.529 499.0 
77.541 500.0 
77.611 501.0 
77.658 502.0 
77.494 503.0 
77.541 504.0 
77.553 505.0 
77.553 506.0 
77.564 507.0 
77.775 508.0 
77.518 509.0 
77.506 510.0 
77.541 511.0 
77.553 512.0 
77.564 513.0 
77.611 514.0 
77.646 515.0 
77.623 516.0 
77.658 517.0 
77.412 518.0 
77.424 519.0 
77.483 520.0 
77.483 521.0 
77.541 522.0 
77.518 523.0 
77.471 524.0 
77.483 525.0 
77.436 526.0 
77.459 527.0 
77.412 528.0 
77.436 529.0 
77.401 530.0 
77.389 531.0 
77.553 532.0 
77.541 533.0 
77.459 534.0 
77.506 535.0 
77.459 536.0 
77.448 537.0 
77.307 538.0 
77.296 539.0 
77.307 540.0 
77.389 541.0 
77.377 542.0 
77.307 543.0 
77.249 544.0 
77.202 545.0 
77.156 546.0 
77.307 547.0 
77.237 548.0 
77.179 549.0 
77.109 550.0 
77.039 551.0 
77.202 552.0 
77.156 553.0 
77.062 554.0 
77.12 555.0 
77.202 556.0 
77.179 557.0 
77.132 558.0 
76.817 559.0 
77.167 560.0 
77.12 561.0 
77.085 562.0 
77.214 563.0 
77.097 564.0 
77.015 565.0 
77.167 566.0 
77.249 567.0 
77.062 568.0 
77.167 569.0 
77.097 570.0 
77.226 571.0 
77.12 572.0 
77.074 573.0 
77.156 574.0 
77.12 575.0 
77.202 576.0 
77.132 577.0 
77.12 578.0 
77.214 579.0 
77.156 580.0 
77.249 581.0 
77.156 582.0 
77.179 583.0 
77.179 584.0 
77.249 585.0 
77.179 586.0 
77.12 587.0 
77.226 588.0 
77.132 589.0 
77.191 590.0 
77.12 591.0 
77.191 592.0 
77.097 593.0 
77.144 594.0 
77.109 595.0 
77.167 596.0 
77.144 597.0 
77.202 598.0 
77.12 599.0 
77.179 600.0 
77.284 601.0 
77.179 602.0 
77.249 603.0 
77.144 604.0 
77.202 605.0 
77.12 606.0 
77.202 607.0 
77.097 608.0 
77.144 609.0 
77.261 610.0 
77.12 611.0 
77.237 612.0 
77.097 613.0 
77.202 614.0 
77.109 615.0 
77.156 616.0 
77.226 617.0 
77.027 618.0 
77.202 619.0 
76.887 620.0 
77.144 621.0 
77.167 622.0 
77.12 623.0 
77.156 624.0 
77.214 625.0 
77.12 626.0 
77.191 627.0 
77.214 628.0 
77.097 629.0 
77.156 630.0 
77.249 631.0 
77.085 632.0 
77.202 633.0 
77.249 634.0 
77.12 635.0 
77.202 636.0 
77.249 637.0 
77.097 638.0 
77.132 639.0 
77.226 640.0 
77.12 641.0 
77.156 642.0 
77.237 643.0 
77.05 644.0 
77.109 645.0 
77.167 646.0 
77.249 647.0 
77.097 648.0 
77.12 649.0 
77.202 650.0 
77.062 651.0 
77.12 652.0 
77.132 653.0 
77.191 654.0 
77.097 655.0 
77.109 656.0 
77.144 657.0 
77.226 658.0 
77.109 659.0 
77.167 660.0 
77.191 661.0 
77.237 662.0 
77.109 663.0 
77.144 664.0 
77.191 665.0 
77.237 666.0 
77.109 667.0 
77.132 668.0 
77.167 669.0 
77.261 670.0 
77.085 671.0 
77.12 672.0 
77.144 673.0 
77.214 674.0 
77.191 675.0 
77.097 676.0 
77.132 677.0 
77.179 678.0 
77.167 679.0 
77.249 680.0 
77.097 681.0 
77.132 682.0 
77.156 683.0 
77.179 684.0 
77.214 685.0 
77.249 686.0 
77.062 687.0 
77.12 688.0 
77.144 689.0 
77.179 690.0 
77.202 691.0 
77.237 692.0 
77.085 693.0 
77.12 694.0 
77.12 695.0 
77.144 696.0 
77.179 697.0 
77.237 698.0 
76.852 699.0 
77.074 700.0 
77.12 701.0 
77.144 702.0 
77.156 703.0 
77.144 704.0 
77.191 705.0 
77.249 706.0 
77.074 707.0 
77.062 708.0 
77.109 709.0 
77.144 710.0 
77.167 711.0 
77.167 712.0 
77.202 713.0 
77.237 714.0 
77.249 715.0 
77.097 716.0 
77.132 717.0 
77.12 718.0 
77.156 719.0 
77.156 720.0 
77.179 721.0 
77.191 722.0 
77.191 723.0 
77.214 724.0 
77.226 725.0 
77.039 726.0 
77.074 727.0 
77.097 728.0 
77.109 729.0 
77.144 730.0 
77.132 731.0 
77.156 732.0 
77.179 733.0 
77.179 734.0 
77.202 735.0 
77.179 736.0 
77.237 737.0 
77.237 738.0 
76.572 739.0 
77.074 740.0 
77.085 741.0 
77.074 742.0 
77.109 743.0 
77.109 744.0 
77.097 745.0 
77.085 746.0 
77.109 747.0 
77.05 748.0 
77.109 749.0 
77.12 750.0 
77.12 751.0 
77.109 752.0 
77.132 753.0 
77.132 754.0 
77.144 755.0 
77.179 756.0 
77.156 757.0 
77.144 758.0 
77.156 759.0 
77.179 760.0 
77.179 761.0 
77.179 762.0 
77.202 763.0 
77.191 764.0 
77.156 765.0 
77.167 766.0 
77.167 767.0 
77.191 768.0 
77.191 769.0 
77.191 770.0 
77.156 771.0 
77.179 772.0 
77.156 773.0 
77.167 774.0 
77.156 775.0 
77.191 776.0 
77.202 777.0 
77.191 778.0 
77.144 779.0 
77.167 780.0 
77.156 781.0 
77.156 782.0 
77.202 783.0 
77.12 784.0 
77.144 785.0 
77.156 786.0 
77.167 787.0 
77.179 788.0 
77.167 789.0 
77.156 790.0 
77.156 791.0 
77.167 792.0 
77.167 793.0 
77.167 794.0 
77.191 795.0 
77.191 796.0 
77.202 797.0 
77.202 798.0 
77.156 799.0 
77.167 800.0 
77.144 801.0 
77.156 802.0 
77.191 803.0 
77.144 804.0 
0.0 805.0 
0.006 806.0 
0.004 807.0 
0.0 808.0 
-0.002 809.0 
-0.007 810.0 
-0.014 811.0 
-0.012 812.0 
-0.012 813.0 
-0.022 814.0 
-0.035 815.0 
-0.03 816.0 
-0.028 817.0 
-0.037 818.0 
-0.044 819.0 
-0.04 820.0 
-0.043 821.0 
-0.049 822.0 
-0.041 823.0 
-0.037 824.0 
-0.046 825.0 
-0.041 826.0 
-0.036 827.0 
-0.032 828.0 
-0.04 829.0 
