-0.047 257.0 
-0.052 258.0 
-0.032 259.0 
-0.048 260.0 
-0.035 261.0 
-0.031 262.0 
-0.042 263.0 
-0.032 264.0 
-0.041 265.0 
-0.055 266.0 
-0.048 267.0 
-0.049 268.0 
-0.053 269.0 
-0.05 270.0 
-0.074 271.0 
-0.052 272.0 
-0.042 273.0 
-0.046 274.0 
137.761 275.0 
133.358 276.0 
132.342 277.0 
131.104 278.0 
129.784 279.0 
128.137 280.0 
126.829 281.0 
125.054 282.0 
122.718 283.0 
121.923 284.0 
121.585 285.0 
121.398 286.0 
121.258 287.0 
121.047 288.0 
120.826 289.0 
120.277 290.0 
120.218 291.0 
120.055 292.0 
119.88 293.0 
119.646 294.0 
119.366 295.0 
119.272 296.0 
119.261 297.0 
118.758 298.0 
118.606 299.0 
118.326 300.0 
118.058 301.0 
117.987 302.0 
117.462 303.0 
117.403 304.0 
117.345 305.0 
116.679 306.0 
115.687 307.0 
113.736 308.0 
111.517 309.0 
108.434 310.0 
105.28 311.0 
101.613 312.0 
98.179 313.0 
94.091 314.0 
90.12 315.0 
86.079 316.0 
82.388 317.0 
79.807 318.0 
79.667 319.0 
79.421 320.0 
79.363 321.0 
79.363 322.0 
79.246 323.0 
79.305 324.0 
79.234 325.0 
79.153 326.0 
79.258 327.0 
79.199 328.0 
79.211 329.0 
79.293 330.0 
79.199 331.0 
79.223 332.0 
79.27 333.0 
79.199 334.0 
79.129 335.0 
79.258 336.0 
79.293 337.0 
79.176 338.0 
79.363 339.0 
79.211 340.0 
79.223 341.0 
79.199 342.0 
79.351 343.0 
79.258 344.0 
79.176 345.0 
79.153 346.0 
79.129 347.0 
79.223 348.0 
79.258 349.0 
79.234 350.0 
79.164 351.0 
79.211 352.0 
79.176 353.0 
79.129 354.0 
79.164 355.0 
79.223 356.0 
79.293 357.0 
79.223 358.0 
79.305 359.0 
79.211 360.0 
79.281 361.0 
79.199 362.0 
79.246 363.0 
79.153 364.0 
79.153 365.0 
79.211 366.0 
79.199 367.0 
79.153 368.0 
79.176 369.0 
79.188 370.0 
79.211 371.0 
79.199 372.0 
79.223 373.0 
79.27 374.0 
79.27 375.0 
79.538 376.0 
79.164 377.0 
79.199 378.0 
79.188 379.0 
79.188 380.0 
79.234 381.0 
79.246 382.0 
79.223 383.0 
79.199 384.0 
79.153 385.0 
79.258 386.0 
79.141 387.0 
79.129 388.0 
79.211 389.0 
79.246 390.0 
79.176 391.0 
79.176 392.0 
79.223 393.0 
79.094 394.0 
79.211 395.0 
79.281 396.0 
79.153 397.0 
79.188 398.0 
79.059 399.0 
79.141 400.0 
79.223 401.0 
79.223 402.0 
79.316 403.0 
79.199 404.0 
79.164 405.0 
79.106 406.0 
79.188 407.0 
79.141 408.0 
79.141 409.0 
79.141 410.0 
79.176 411.0 
79.234 412.0 
79.48 413.0 
79.27 414.0 
79.164 415.0 
79.223 416.0 
79.129 417.0 
79.199 418.0 
79.211 419.0 
79.118 420.0 
79.188 421.0 
79.199 422.0 
79.246 423.0 
79.153 424.0 
79.176 425.0 
79.223 426.0 
79.234 427.0 
79.141 428.0 
79.164 429.0 
79.141 430.0 
79.199 431.0 
79.188 432.0 
79.188 433.0 
79.141 434.0 
79.164 435.0 
79.176 436.0 
79.199 437.0 
79.106 438.0 
79.141 439.0 
79.129 440.0 
79.153 441.0 
79.141 442.0 
79.188 443.0 
79.141 444.0 
79.106 445.0 
79.083 446.0 
79.211 447.0 
79.234 448.0 
79.211 449.0 
79.328 450.0 
79.153 451.0 
79.164 452.0 
79.106 453.0 
79.083 454.0 
79.211 455.0 
79.013 456.0 
79.164 457.0 
79.083 458.0 
79.199 459.0 
79.223 460.0 
79.176 461.0 
79.153 462.0 
79.211 463.0 
79.129 464.0 
79.153 465.0 
79.234 466.0 
79.153 467.0 
79.118 468.0 
79.199 469.0 
79.141 470.0 
79.106 471.0 
79.153 472.0 
79.071 473.0 
79.141 474.0 
79.258 475.0 
79.176 476.0 
79.094 477.0 
79.164 478.0 
79.094 479.0 
79.153 480.0 
79.258 481.0 
79.164 482.0 
79.223 483.0 
79.129 484.0 
79.199 485.0 
79.094 486.0 
79.118 487.0 
79.211 488.0 
79.129 489.0 
79.153 490.0 
79.176 491.0 
79.141 492.0 
79.129 493.0 
79.211 494.0 
79.118 495.0 
79.094 496.0 
79.153 497.0 
79.234 498.0 
79.071 499.0 
79.118 500.0 
79.188 501.0 
79.176 502.0 
79.059 503.0 
79.083 504.0 
79.094 505.0 
79.153 506.0 
79.094 507.0 
79.211 508.0 
79.048 509.0 
79.048 510.0 
79.118 511.0 
79.106 512.0 
79.141 513.0 
79.153 514.0 
79.153 515.0 
79.223 516.0 
79.573 517.0 
79.013 518.0 
79.036 519.0 
79.013 520.0 
79.024 521.0 
79.036 522.0 
79.071 523.0 
79.048 524.0 
79.001 525.0 
79.001 526.0 
78.989 527.0 
78.942 528.0 
78.966 529.0 
78.954 530.0 
78.954 531.0 
79.118 532.0 
79.048 533.0 
79.001 534.0 
79.013 535.0 
78.978 536.0 
78.942 537.0 
78.849 538.0 
78.826 539.0 
78.791 540.0 
78.907 541.0 
78.791 542.0 
78.826 543.0 
78.756 544.0 
78.697 545.0 
78.639 546.0 
78.791 547.0 
78.756 548.0 
78.697 549.0 
78.639 550.0 
78.58 551.0 
78.697 552.0 
78.662 553.0 
78.627 554.0 
78.592 555.0 
78.721 556.0 
78.662 557.0 
78.615 558.0 
78.312 559.0 
78.674 560.0 
78.639 561.0 
78.569 562.0 
78.697 563.0 
78.615 564.0 
78.522 565.0 
78.662 566.0 
78.686 567.0 
78.545 568.0 
78.697 569.0 
78.604 570.0 
78.709 571.0 
78.615 572.0 
78.58 573.0 
78.686 574.0 
78.604 575.0 
78.931 576.0 
78.65 577.0 
78.639 578.0 
78.744 579.0 
78.697 580.0 
78.756 581.0 
78.697 582.0 
78.756 583.0 
78.697 584.0 
78.405 585.0 
78.697 586.0 
78.627 587.0 
78.721 588.0 
78.592 589.0 
78.721 590.0 
78.639 591.0 
78.697 592.0 
78.639 593.0 
78.674 594.0 
78.615 595.0 
78.662 596.0 
78.592 597.0 
78.709 598.0 
78.604 599.0 
78.697 600.0 
78.767 601.0 
78.686 602.0 
78.767 603.0 
78.65 604.0 
78.732 605.0 
78.604 606.0 
78.686 607.0 
78.592 608.0 
78.674 609.0 
78.732 610.0 
78.639 611.0 
78.744 612.0 
78.627 613.0 
78.721 614.0 
78.604 615.0 
78.662 616.0 
78.732 617.0 
78.592 618.0 
78.686 619.0 
78.417 620.0 
78.65 621.0 
78.686 622.0 
78.604 623.0 
78.662 624.0 
78.744 625.0 
78.592 626.0 
78.65 627.0 
78.732 628.0 
78.627 629.0 
78.662 630.0 
78.756 631.0 
78.592 632.0 
78.674 633.0 
78.756 634.0 
78.674 635.0 
78.697 636.0 
78.756 637.0 
78.639 638.0 
78.686 639.0 
78.732 640.0 
78.592 641.0 
78.662 642.0 
78.721 643.0 
78.592 644.0 
78.639 645.0 
78.709 646.0 
78.732 647.0 
78.627 648.0 
78.674 649.0 
78.721 650.0 
78.569 651.0 
78.615 652.0 
78.674 653.0 
78.744 654.0 
78.604 655.0 
78.639 656.0 
78.709 657.0 
78.732 658.0 
78.627 659.0 
78.674 660.0 
78.721 661.0 
78.791 662.0 
78.615 663.0 
78.627 664.0 
78.686 665.0 
78.767 666.0 
78.604 667.0 
78.65 668.0 
78.674 669.0 
78.721 670.0 
78.557 671.0 
78.615 672.0 
78.639 673.0 
78.686 674.0 
78.709 675.0 
78.592 676.0 
78.639 677.0 
78.686 678.0 
78.697 679.0 
78.732 680.0 
78.592 681.0 
78.604 682.0 
78.674 683.0 
78.697 684.0 
78.65 685.0 
78.756 686.0 
78.534 687.0 
78.627 688.0 
78.674 689.0 
78.709 690.0 
78.732 691.0 
78.744 692.0 
78.592 693.0 
78.627 694.0 
78.674 695.0 
78.709 696.0 
78.686 697.0 
78.721 698.0 
78.522 699.0 
78.604 700.0 
78.639 701.0 
78.627 702.0 
78.674 703.0 
78.697 704.0 
78.639 705.0 
78.756 706.0 
78.569 707.0 
78.58 708.0 
78.615 709.0 
78.65 710.0 
78.662 711.0 
78.686 712.0 
78.686 713.0 
78.744 714.0 
78.51 715.0 
78.592 716.0 
78.557 717.0 
78.615 718.0 
78.662 719.0 
78.662 720.0 
78.697 721.0 
78.686 722.0 
78.709 723.0 
78.744 724.0 
78.721 725.0 
78.58 726.0 
78.569 727.0 
78.592 728.0 
78.615 729.0 
78.639 730.0 
78.627 731.0 
78.662 732.0 
78.674 733.0 
78.709 734.0 
78.709 735.0 
78.686 736.0 
78.732 737.0 
78.756 738.0 
78.51 739.0 
78.545 740.0 
78.592 741.0 
78.592 742.0 
78.615 743.0 
78.604 744.0 
78.592 745.0 
78.58 746.0 
78.615 747.0 
78.639 748.0 
78.58 749.0 
78.65 750.0 
78.604 751.0 
78.604 752.0 
78.639 753.0 
78.615 754.0 
78.65 755.0 
78.65 756.0 
78.674 757.0 
78.65 758.0 
78.662 759.0 
78.65 760.0 
78.639 761.0 
78.674 762.0 
78.686 763.0 
78.674 764.0 
78.662 765.0 
78.674 766.0 
78.662 767.0 
78.697 768.0 
78.65 769.0 
78.674 770.0 
78.697 771.0 
78.662 772.0 
78.674 773.0 
78.662 774.0 
78.674 775.0 
78.697 776.0 
78.674 777.0 
78.697 778.0 
78.662 779.0 
78.686 780.0 
78.674 781.0 
78.65 782.0 
78.65 783.0 
78.662 784.0 
78.65 785.0 
78.674 786.0 
78.674 787.0 
78.662 788.0 
78.662 789.0 
78.674 790.0 
78.674 791.0 
78.697 792.0 
78.65 793.0 
78.65 794.0 
78.674 795.0 
78.662 796.0 
78.674 797.0 
78.686 798.0 
78.662 799.0 
78.674 800.0 
78.674 801.0 
78.662 802.0 
78.65 803.0 
78.674 804.0 
0.004 805.0 
0.004 806.0 
-0.004 807.0 
-0.005 808.0 
-0.008 809.0 
-0.013 810.0 
-0.032 811.0 
-0.032 812.0 
-0.03 813.0 
-0.04 814.0 
-0.052 815.0 
-0.048 816.0 
-0.056 817.0 
-0.059 818.0 
-0.069 819.0 
-0.059 820.0 
-0.071 821.0 
-0.066 822.0 
-0.062 823.0 
-0.054 824.0 
-0.06 825.0 
-0.061 826.0 
-0.046 827.0 
-0.046 828.0 
-0.048 829.0 
