-0.032 257.0 
-0.036 258.0 
-0.053 259.0 
-0.035 260.0 
-0.034 261.0 
-0.04 262.0 
-0.038 263.0 
-0.035 264.0 
-0.032 265.0 
-0.007 266.0 
-0.049 267.0 
-0.046 268.0 
-0.043 269.0 
-0.022 270.0 
-0.043 271.0 
-0.029 272.0 
-0.037 273.0 
-0.025 274.0 
148.308 275.0 
145.178 276.0 
143.636 277.0 
141.627 278.0 
139.384 279.0 
136.768 280.0 
134.666 281.0 
132.085 282.0 
128.511 283.0 
126.864 284.0 
126.432 285.0 
126.105 286.0 
125.906 287.0 
125.579 288.0 
125.24 289.0 
124.645 290.0 
124.505 291.0 
124.283 292.0 
124.049 293.0 
123.979 294.0 
123.418 295.0 
123.325 296.0 
123.278 297.0 
122.718 298.0 
122.507 299.0 
122.461 300.0 
121.912 301.0 
121.818 302.0 
121.316 303.0 
121.246 304.0 
121.164 305.0 
120.51 306.0 
119.377 307.0 
117.263 308.0 
114.927 309.0 
111.575 310.0 
108.165 311.0 
103.89 312.0 
100.071 313.0 
95.784 314.0 
91.778 315.0 
87.714 316.0 
83.976 317.0 
80.753 318.0 
80.613 319.0 
80.344 320.0 
80.227 321.0 
80.157 322.0 
80.052 323.0 
80.099 324.0 
80.04 325.0 
79.9 326.0 
80.017 327.0 
79.959 328.0 
80.11 329.0 
80.064 330.0 
79.97 331.0 
80.262 332.0 
80.099 333.0 
79.97 334.0 
79.947 335.0 
80.04 336.0 
80.017 337.0 
79.947 338.0 
80.192 339.0 
79.982 340.0 
80.005 341.0 
79.959 342.0 
80.064 343.0 
79.994 344.0 
79.994 345.0 
79.959 346.0 
79.9 347.0 
79.959 348.0 
80.029 349.0 
80.005 350.0 
79.947 351.0 
79.994 352.0 
79.924 353.0 
79.854 354.0 
80.052 355.0 
79.994 356.0 
80.017 357.0 
79.97 358.0 
80.087 359.0 
79.97 360.0 
80.017 361.0 
79.947 362.0 
80.005 363.0 
79.935 364.0 
79.959 365.0 
79.97 366.0 
79.994 367.0 
79.947 368.0 
79.947 369.0 
79.959 370.0 
80.029 371.0 
80.052 372.0 
80.017 373.0 
80.04 374.0 
80.029 375.0 
80.321 376.0 
79.865 377.0 
79.982 378.0 
79.982 379.0 
79.982 380.0 
79.947 381.0 
80.087 382.0 
79.959 383.0 
79.935 384.0 
79.947 385.0 
80.052 386.0 
79.889 387.0 
79.877 388.0 
80.017 389.0 
79.994 390.0 
79.947 391.0 
79.959 392.0 
80.017 393.0 
79.912 394.0 
79.994 395.0 
80.075 396.0 
79.935 397.0 
80.005 398.0 
79.889 399.0 
79.9 400.0 
80.04 401.0 
80.017 402.0 
80.087 403.0 
80.005 404.0 
79.994 405.0 
79.924 406.0 
79.994 407.0 
79.947 408.0 
79.982 409.0 
79.947 410.0 
79.947 411.0 
80.029 412.0 
80.473 413.0 
80.029 414.0 
79.924 415.0 
79.97 416.0 
79.935 417.0 
80.064 418.0 
79.982 419.0 
79.935 420.0 
79.959 421.0 
80.005 422.0 
80.017 423.0 
79.959 424.0 
79.97 425.0 
80.029 426.0 
80.005 427.0 
79.912 428.0 
79.924 429.0 
79.865 430.0 
79.959 431.0 
79.982 432.0 
80.017 433.0 
79.889 434.0 
79.889 435.0 
79.947 436.0 
80.029 437.0 
79.9 438.0 
79.912 439.0 
79.97 440.0 
79.959 441.0 
79.935 442.0 
79.959 443.0 
79.947 444.0 
79.947 445.0 
79.9 446.0 
80.005 447.0 
80.005 448.0 
80.309 449.0 
80.192 450.0 
79.947 451.0 
79.947 452.0 
79.9 453.0 
79.9 454.0 
79.97 455.0 
79.795 456.0 
79.959 457.0 
79.924 458.0 
80.029 459.0 
80.029 460.0 
79.97 461.0 
79.947 462.0 
80.029 463.0 
79.947 464.0 
79.959 465.0 
80.017 466.0 
79.982 467.0 
79.889 468.0 
79.97 469.0 
79.947 470.0 
79.935 471.0 
79.959 472.0 
79.865 473.0 
79.935 474.0 
80.005 475.0 
79.959 476.0 
79.889 477.0 
79.947 478.0 
79.854 479.0 
79.959 480.0 
80.04 481.0 
79.959 482.0 
79.994 483.0 
79.9 484.0 
79.994 485.0 
79.924 486.0 
79.854 487.0 
79.982 488.0 
79.924 489.0 
79.924 490.0 
79.994 491.0 
79.959 492.0 
79.935 493.0 
80.005 494.0 
79.9 495.0 
79.877 496.0 
79.982 497.0 
80.029 498.0 
79.889 499.0 
79.9 500.0 
79.97 501.0 
79.982 502.0 
79.854 503.0 
79.889 504.0 
79.947 505.0 
79.959 506.0 
79.9 507.0 
79.97 508.0 
79.877 509.0 
79.924 510.0 
79.877 511.0 
79.912 512.0 
79.924 513.0 
79.924 514.0 
79.982 515.0 
79.97 516.0 
79.994 517.0 
79.772 518.0 
79.83 519.0 
79.877 520.0 
79.877 521.0 
79.877 522.0 
79.865 523.0 
79.854 524.0 
79.865 525.0 
79.877 526.0 
79.854 527.0 
79.76 528.0 
79.807 529.0 
79.783 530.0 
79.795 531.0 
79.9 532.0 
79.865 533.0 
79.807 534.0 
79.842 535.0 
79.818 536.0 
79.783 537.0 
79.69 538.0 
79.678 539.0 
79.655 540.0 
79.772 541.0 
79.725 542.0 
79.69 543.0 
79.62 544.0 
79.597 545.0 
79.608 546.0 
79.702 547.0 
79.643 548.0 
79.585 549.0 
79.562 550.0 
79.456 551.0 
79.597 552.0 
79.573 553.0 
79.491 554.0 
79.503 555.0 
79.632 556.0 
79.573 557.0 
79.55 558.0 
79.164 559.0 
79.573 560.0 
79.538 561.0 
79.456 562.0 
79.608 563.0 
79.562 564.0 
79.456 565.0 
79.585 566.0 
79.643 567.0 
79.445 568.0 
79.55 569.0 
79.48 570.0 
79.62 571.0 
79.538 572.0 
79.491 573.0 
79.491 574.0 
79.48 575.0 
79.62 576.0 
79.562 577.0 
79.526 578.0 
79.62 579.0 
79.55 580.0 
79.655 581.0 
79.573 582.0 
79.62 583.0 
79.585 584.0 
79.725 585.0 
79.597 586.0 
79.55 587.0 
79.643 588.0 
79.55 589.0 
79.608 590.0 
79.515 591.0 
79.608 592.0 
79.526 593.0 
79.55 594.0 
79.515 595.0 
79.55 596.0 
79.526 597.0 
79.608 598.0 
79.526 599.0 
79.62 600.0 
79.69 601.0 
79.562 602.0 
79.643 603.0 
79.573 604.0 
79.632 605.0 
79.538 606.0 
79.585 607.0 
79.491 608.0 
79.562 609.0 
79.667 610.0 
79.538 611.0 
79.608 612.0 
79.526 613.0 
79.573 614.0 
79.503 615.0 
79.55 616.0 
79.643 617.0 
79.526 618.0 
79.608 619.0 
79.305 620.0 
79.562 621.0 
79.62 622.0 
79.503 623.0 
79.562 624.0 
79.655 625.0 
79.515 626.0 
79.608 627.0 
79.62 628.0 
79.515 629.0 
79.562 630.0 
79.62 631.0 
79.48 632.0 
79.585 633.0 
79.655 634.0 
79.526 635.0 
79.608 636.0 
79.62 637.0 
79.503 638.0 
79.585 639.0 
79.655 640.0 
79.526 641.0 
79.562 642.0 
79.62 643.0 
79.503 644.0 
79.538 645.0 
79.597 646.0 
79.632 647.0 
79.515 648.0 
79.526 649.0 
79.655 650.0 
79.468 651.0 
79.526 652.0 
79.597 653.0 
79.632 654.0 
79.48 655.0 
79.526 656.0 
79.585 657.0 
79.655 658.0 
79.55 659.0 
79.585 660.0 
79.62 661.0 
79.702 662.0 
79.491 663.0 
79.585 664.0 
79.608 665.0 
79.69 666.0 
79.538 667.0 
79.55 668.0 
79.608 669.0 
79.655 670.0 
79.526 671.0 
79.515 672.0 
79.562 673.0 
79.585 674.0 
79.585 675.0 
79.503 676.0 
79.526 677.0 
79.608 678.0 
79.585 679.0 
79.667 680.0 
79.48 681.0 
79.515 682.0 
79.573 683.0 
79.573 684.0 
79.678 685.0 
79.69 686.0 
79.503 687.0 
79.526 688.0 
79.55 689.0 
79.597 690.0 
79.632 691.0 
79.678 692.0 
79.48 693.0 
79.526 694.0 
79.55 695.0 
79.585 696.0 
79.632 697.0 
79.62 698.0 
79.386 699.0 
79.503 700.0 
79.526 701.0 
79.585 702.0 
79.573 703.0 
79.573 704.0 
79.573 705.0 
79.667 706.0 
79.491 707.0 
79.491 708.0 
79.503 709.0 
79.562 710.0 
79.573 711.0 
79.62 712.0 
79.608 713.0 
79.643 714.0 
79.468 715.0 
79.491 716.0 
79.526 717.0 
79.562 718.0 
79.573 719.0 
79.55 720.0 
79.632 721.0 
79.585 722.0 
79.632 723.0 
79.62 724.0 
79.678 725.0 
79.491 726.0 
79.468 727.0 
79.538 728.0 
79.526 729.0 
79.515 730.0 
79.55 731.0 
79.597 732.0 
79.608 733.0 
79.585 734.0 
79.608 735.0 
79.597 736.0 
79.632 737.0 
79.655 738.0 
79.398 739.0 
79.456 740.0 
79.48 741.0 
79.503 742.0 
79.48 743.0 
79.515 744.0 
79.503 745.0 
79.526 746.0 
79.526 747.0 
79.503 748.0 
79.491 749.0 
79.538 750.0 
79.55 751.0 
79.55 752.0 
79.538 753.0 
79.562 754.0 
79.538 755.0 
79.562 756.0 
79.585 757.0 
79.585 758.0 
79.562 759.0 
79.562 760.0 
79.573 761.0 
79.597 762.0 
79.562 763.0 
79.585 764.0 
79.585 765.0 
79.632 766.0 
79.573 767.0 
79.562 768.0 
79.585 769.0 
79.573 770.0 
79.597 771.0 
79.608 772.0 
79.562 773.0 
79.573 774.0 
79.597 775.0 
79.585 776.0 
79.573 777.0 
79.585 778.0 
79.562 779.0 
79.585 780.0 
79.585 781.0 
79.573 782.0 
79.573 783.0 
79.55 784.0 
79.585 785.0 
79.585 786.0 
79.562 787.0 
79.55 788.0 
79.562 789.0 
79.562 790.0 
79.562 791.0 
79.573 792.0 
79.597 793.0 
79.55 794.0 
79.55 795.0 
79.538 796.0 
79.55 797.0 
79.573 798.0 
79.55 799.0 
79.585 800.0 
79.538 801.0 
79.608 802.0 
79.526 803.0 
79.573 804.0 
0.005 805.0 
0.013 806.0 
0.007 807.0 
0.004 808.0 
-0.012 809.0 
-0.016 810.0 
-0.018 811.0 
-0.028 812.0 
-0.036 813.0 
-0.03 814.0 
-0.05 815.0 
-0.06 816.0 
-0.059 817.0 
-0.065 818.0 
-0.054 819.0 
-0.053 820.0 
-0.054 821.0 
-0.047 822.0 
-0.059 823.0 
-0.061 824.0 
-0.047 825.0 
-0.048 826.0 
-0.047 827.0 
-0.035 828.0 
-0.032 829.0 
