-0.028 257.0 
-0.02 258.0 
-0.055 259.0 
-0.029 260.0 
-0.011 261.0 
-0.018 262.0 
-0.023 263.0 
-0.044 264.0 
-0.024 265.0 
-0.056 266.0 
-0.032 267.0 
-0.048 268.0 
-0.046 269.0 
-0.03 270.0 
-0.032 271.0 
-0.038 272.0 
-0.043 273.0 
-0.052 274.0 
142.783 275.0 
140.109 276.0 
138.929 277.0 
137.562 278.0 
135.974 279.0 
134.047 280.0 
132.388 281.0 
130.193 282.0 
127.284 283.0 
126.233 284.0 
125.789 285.0 
125.451 286.0 
125.322 287.0 
125.065 288.0 
124.785 289.0 
124.143 290.0 
124.014 291.0 
123.851 292.0 
123.699 293.0 
123.57 294.0 
123.056 295.0 
122.893 296.0 
122.811 297.0 
122.321 298.0 
122.134 299.0 
122.075 300.0 
121.561 301.0 
121.503 302.0 
121.036 303.0 
120.919 304.0 
120.814 305.0 
120.207 306.0 
119.085 307.0 
116.749 308.0 
113.993 309.0 
110.419 310.0 
106.857 311.0 
102.932 312.0 
98.845 313.0 
94.57 314.0 
90.587 315.0 
86.499 316.0 
82.984 317.0 
80.181 318.0 
79.994 319.0 
79.772 320.0 
79.713 321.0 
79.643 322.0 
79.515 323.0 
79.573 324.0 
79.515 325.0 
79.386 326.0 
79.55 327.0 
79.421 328.0 
79.62 329.0 
79.55 330.0 
79.456 331.0 
79.725 332.0 
79.585 333.0 
79.491 334.0 
79.515 335.0 
79.55 336.0 
79.55 337.0 
79.433 338.0 
79.608 339.0 
79.538 340.0 
79.503 341.0 
79.503 342.0 
79.503 343.0 
79.503 344.0 
79.48 345.0 
79.456 346.0 
79.445 347.0 
79.573 348.0 
79.526 349.0 
79.526 350.0 
79.468 351.0 
79.526 352.0 
79.48 353.0 
79.398 354.0 
79.573 355.0 
79.55 356.0 
79.585 357.0 
79.503 358.0 
79.573 359.0 
79.538 360.0 
79.573 361.0 
79.503 362.0 
79.515 363.0 
79.421 364.0 
79.456 365.0 
79.491 366.0 
79.526 367.0 
79.468 368.0 
79.503 369.0 
79.503 370.0 
79.503 371.0 
79.526 372.0 
79.538 373.0 
79.573 374.0 
79.562 375.0 
79.877 376.0 
79.433 377.0 
79.48 378.0 
79.491 379.0 
79.491 380.0 
79.468 381.0 
79.562 382.0 
79.491 383.0 
79.433 384.0 
79.445 385.0 
79.585 386.0 
79.445 387.0 
79.41 388.0 
79.526 389.0 
79.515 390.0 
79.491 391.0 
79.491 392.0 
79.585 393.0 
79.433 394.0 
79.503 395.0 
79.597 396.0 
79.433 397.0 
79.526 398.0 
79.41 399.0 
79.445 400.0 
79.538 401.0 
79.515 402.0 
79.585 403.0 
79.515 404.0 
79.491 405.0 
79.421 406.0 
79.526 407.0 
79.433 408.0 
79.515 409.0 
79.433 410.0 
79.491 411.0 
79.562 412.0 
79.912 413.0 
79.573 414.0 
79.456 415.0 
79.503 416.0 
79.445 417.0 
79.62 418.0 
79.526 419.0 
79.433 420.0 
79.48 421.0 
79.515 422.0 
79.526 423.0 
79.445 424.0 
79.433 425.0 
79.538 426.0 
79.538 427.0 
79.445 428.0 
79.468 429.0 
79.41 430.0 
79.515 431.0 
79.48 432.0 
79.538 433.0 
79.421 434.0 
79.433 435.0 
79.503 436.0 
79.597 437.0 
79.398 438.0 
79.456 439.0 
79.468 440.0 
79.445 441.0 
79.433 442.0 
79.445 443.0 
79.468 444.0 
79.41 445.0 
79.445 446.0 
79.515 447.0 
79.515 448.0 
79.515 449.0 
79.748 450.0 
79.468 451.0 
79.445 452.0 
79.433 453.0 
79.398 454.0 
79.503 455.0 
79.515 456.0 
79.456 457.0 
79.433 458.0 
79.526 459.0 
79.538 460.0 
79.491 461.0 
79.456 462.0 
79.526 463.0 
79.503 464.0 
79.503 465.0 
79.55 466.0 
79.456 467.0 
79.386 468.0 
79.526 469.0 
79.468 470.0 
79.491 471.0 
79.445 472.0 
79.526 473.0 
79.48 474.0 
79.55 475.0 
79.468 476.0 
79.398 477.0 
79.456 478.0 
79.41 479.0 
79.468 480.0 
79.55 481.0 
79.421 482.0 
79.526 483.0 
79.456 484.0 
79.503 485.0 
79.421 486.0 
79.41 487.0 
79.503 488.0 
79.445 489.0 
79.468 490.0 
79.515 491.0 
79.445 492.0 
79.456 493.0 
79.538 494.0 
79.456 495.0 
79.421 496.0 
79.503 497.0 
79.526 498.0 
79.433 499.0 
79.433 500.0 
79.445 501.0 
79.562 502.0 
79.363 503.0 
79.375 504.0 
79.433 505.0 
79.445 506.0 
79.55 507.0 
79.515 508.0 
79.375 509.0 
79.398 510.0 
79.421 511.0 
79.421 512.0 
79.421 513.0 
79.445 514.0 
79.48 515.0 
79.503 516.0 
79.491 517.0 
79.293 518.0 
79.328 519.0 
79.328 520.0 
79.375 521.0 
79.34 522.0 
79.328 523.0 
79.351 524.0 
79.328 525.0 
79.363 526.0 
79.34 527.0 
79.293 528.0 
79.281 529.0 
79.27 530.0 
79.293 531.0 
79.363 532.0 
79.328 533.0 
79.316 534.0 
79.316 535.0 
79.305 536.0 
79.211 537.0 
79.211 538.0 
79.118 539.0 
79.129 540.0 
79.223 541.0 
79.153 542.0 
79.118 543.0 
79.071 544.0 
79.024 545.0 
78.978 546.0 
79.083 547.0 
79.059 548.0 
78.989 549.0 
78.954 550.0 
78.919 551.0 
79.024 552.0 
78.966 553.0 
78.884 554.0 
78.931 555.0 
79.024 556.0 
78.966 557.0 
78.907 558.0 
79.059 559.0 
79.001 560.0 
78.954 561.0 
78.884 562.0 
79.001 563.0 
78.919 564.0 
78.779 565.0 
79.013 566.0 
79.129 567.0 
78.861 568.0 
78.966 569.0 
78.896 570.0 
79.001 571.0 
78.954 572.0 
78.861 573.0 
78.954 574.0 
78.907 575.0 
79.013 576.0 
78.954 577.0 
78.954 578.0 
79.036 579.0 
78.989 580.0 
79.048 581.0 
78.989 582.0 
79.048 583.0 
78.989 584.0 
79.118 585.0 
78.989 586.0 
78.919 587.0 
78.989 588.0 
78.931 589.0 
79.001 590.0 
78.931 591.0 
78.989 592.0 
78.931 593.0 
78.919 594.0 
78.919 595.0 
79.024 596.0 
78.931 597.0 
79.024 598.0 
78.931 599.0 
78.978 600.0 
79.071 601.0 
78.966 602.0 
79.048 603.0 
78.931 604.0 
79.024 605.0 
78.896 606.0 
79.001 607.0 
78.896 608.0 
78.966 609.0 
79.036 610.0 
78.931 611.0 
79.013 612.0 
78.954 613.0 
78.989 614.0 
78.872 615.0 
78.966 616.0 
79.013 617.0 
78.931 618.0 
79.024 619.0 
78.592 620.0 
78.942 621.0 
78.989 622.0 
78.931 623.0 
78.931 624.0 
79.048 625.0 
78.884 626.0 
79.013 627.0 
79.059 628.0 
78.919 629.0 
78.978 630.0 
79.036 631.0 
78.826 632.0 
79.001 633.0 
79.071 634.0 
78.966 635.0 
79.013 636.0 
79.036 637.0 
78.907 638.0 
79.001 639.0 
79.036 640.0 
78.907 641.0 
78.954 642.0 
79.024 643.0 
78.907 644.0 
78.919 645.0 
78.989 646.0 
79.048 647.0 
78.919 648.0 
78.919 649.0 
79.013 650.0 
78.872 651.0 
78.931 652.0 
79.001 653.0 
79.048 654.0 
78.884 655.0 
78.966 656.0 
78.954 657.0 
79.048 658.0 
78.907 659.0 
78.966 660.0 
79.001 661.0 
79.083 662.0 
78.849 663.0 
78.954 664.0 
79.001 665.0 
79.048 666.0 
78.907 667.0 
78.931 668.0 
78.966 669.0 
79.024 670.0 
78.884 671.0 
78.931 672.0 
78.954 673.0 
78.989 674.0 
79.059 675.0 
78.896 676.0 
78.978 677.0 
78.989 678.0 
78.989 679.0 
79.048 680.0 
78.907 681.0 
78.907 682.0 
78.954 683.0 
79.013 684.0 
79.024 685.0 
79.071 686.0 
78.942 687.0 
78.896 688.0 
78.954 689.0 
78.966 690.0 
79.048 691.0 
79.024 692.0 
78.907 693.0 
78.931 694.0 
78.966 695.0 
78.966 696.0 
79.013 697.0 
78.954 698.0 
78.615 699.0 
78.849 700.0 
78.907 701.0 
78.942 702.0 
78.942 703.0 
78.907 704.0 
79.013 705.0 
79.048 706.0 
78.896 707.0 
78.896 708.0 
78.919 709.0 
78.966 710.0 
78.989 711.0 
78.989 712.0 
79.048 713.0 
79.048 714.0 
79.059 715.0 
78.896 716.0 
78.907 717.0 
78.942 718.0 
78.919 719.0 
78.954 720.0 
78.989 721.0 
78.978 722.0 
79.013 723.0 
79.036 724.0 
79.036 725.0 
78.861 726.0 
78.872 727.0 
78.919 728.0 
78.919 729.0 
78.931 730.0 
78.942 731.0 
78.966 732.0 
78.978 733.0 
79.013 734.0 
79.013 735.0 
79.001 736.0 
78.989 737.0 
79.048 738.0 
79.059 739.0 
78.861 740.0 
78.872 741.0 
78.896 742.0 
78.884 743.0 
78.884 744.0 
78.907 745.0 
78.907 746.0 
78.896 747.0 
78.907 748.0 
78.942 749.0 
78.919 750.0 
78.919 751.0 
78.931 752.0 
78.954 753.0 
78.978 754.0 
78.931 755.0 
78.966 756.0 
78.954 757.0 
78.966 758.0 
78.989 759.0 
78.978 760.0 
78.978 761.0 
78.954 762.0 
78.989 763.0 
78.942 764.0 
78.966 765.0 
78.989 766.0 
78.966 767.0 
79.001 768.0 
78.978 769.0 
78.978 770.0 
78.989 771.0 
78.989 772.0 
78.978 773.0 
79.001 774.0 
79.001 775.0 
79.013 776.0 
78.978 777.0 
78.989 778.0 
78.966 779.0 
78.978 780.0 
79.001 781.0 
79.001 782.0 
78.954 783.0 
78.931 784.0 
78.966 785.0 
78.978 786.0 
78.919 787.0 
78.954 788.0 
78.942 789.0 
78.978 790.0 
78.966 791.0 
78.966 792.0 
78.966 793.0 
78.989 794.0 
78.978 795.0 
78.978 796.0 
78.978 797.0 
78.966 798.0 
78.989 799.0 
78.966 800.0 
78.989 801.0 
78.989 802.0 
78.966 803.0 
78.966 804.0 
0.01 805.0 
0.011 806.0 
0.006 807.0 
-0.002 808.0 
0.008 809.0 
0.007 810.0 
0.001 811.0 
0.011 812.0 
-0.001 813.0 
0.001 814.0 
0.002 815.0 
0.013 816.0 
0.005 817.0 
-0.002 818.0 
0.0 819.0 
-0.004 820.0 
-0.005 821.0 
-0.001 822.0 
-0.01 823.0 
-0.018 824.0 
-0.023 825.0 
-0.016 826.0 
-0.004 827.0 
-0.023 828.0 
-0.022 829.0 
