-0.056 257.0 
-0.044 258.0 
-0.038 259.0 
-0.043 260.0 
-0.04 261.0 
-0.049 262.0 
-0.097 263.0 
-0.041 264.0 
-0.025 265.0 
-0.035 266.0 
-0.032 267.0 
-0.062 268.0 
-0.031 269.0 
-0.029 270.0 
-0.029 271.0 
-0.031 272.0 
-0.041 273.0 
-0.034 274.0 
141.347 275.0 
138.754 276.0 
137.971 277.0 
137.037 278.0 
135.892 279.0 
134.421 280.0 
132.996 281.0 
131.045 282.0 
128.16 283.0 
127.039 284.0 
126.677 285.0 
126.373 286.0 
126.116 287.0 
125.941 288.0 
125.638 289.0 
125.404 290.0 
124.902 291.0 
124.668 292.0 
124.458 293.0 
124.353 294.0 
123.874 295.0 
123.687 296.0 
123.629 297.0 
123.126 298.0 
122.928 299.0 
122.846 300.0 
122.227 301.0 
122.052 302.0 
121.491 303.0 
121.258 304.0 
121.071 305.0 
120.113 306.0 
118.069 307.0 
115.103 308.0 
112.066 309.0 
108.071 310.0 
104.322 311.0 
100.269 312.0 
96.474 313.0 
92.654 314.0 
89.174 315.0 
85.705 316.0 
82.61 317.0 
80.017 318.0 
79.854 319.0 
79.585 320.0 
79.433 321.0 
79.41 322.0 
79.258 323.0 
79.305 324.0 
79.234 325.0 
79.059 326.0 
79.234 327.0 
79.141 328.0 
79.316 329.0 
79.234 330.0 
79.141 331.0 
79.246 332.0 
79.27 333.0 
79.129 334.0 
79.281 335.0 
79.246 336.0 
79.234 337.0 
79.141 338.0 
79.305 339.0 
79.199 340.0 
79.153 341.0 
79.118 342.0 
79.316 343.0 
79.211 344.0 
79.141 345.0 
79.129 346.0 
79.094 347.0 
79.106 348.0 
79.188 349.0 
79.164 350.0 
79.141 351.0 
79.153 352.0 
79.164 353.0 
79.071 354.0 
79.223 355.0 
79.176 356.0 
79.223 357.0 
79.164 358.0 
79.234 359.0 
79.188 360.0 
79.211 361.0 
79.164 362.0 
79.164 363.0 
79.129 364.0 
79.118 365.0 
79.164 366.0 
79.176 367.0 
79.129 368.0 
79.141 369.0 
79.164 370.0 
79.211 371.0 
79.199 372.0 
79.234 373.0 
79.223 374.0 
79.258 375.0 
79.258 376.0 
79.141 377.0 
79.188 378.0 
79.199 379.0 
79.164 380.0 
79.164 381.0 
79.281 382.0 
79.176 383.0 
79.153 384.0 
79.106 385.0 
79.223 386.0 
79.106 387.0 
79.118 388.0 
79.199 389.0 
79.176 390.0 
79.188 391.0 
79.153 392.0 
79.211 393.0 
79.094 394.0 
79.153 395.0 
79.258 396.0 
79.083 397.0 
79.176 398.0 
79.059 399.0 
79.118 400.0 
79.199 401.0 
79.153 402.0 
79.258 403.0 
79.199 404.0 
79.141 405.0 
79.083 406.0 
79.153 407.0 
79.083 408.0 
79.176 409.0 
79.083 410.0 
79.141 411.0 
79.199 412.0 
79.55 413.0 
79.223 414.0 
79.129 415.0 
79.164 416.0 
79.106 417.0 
79.199 418.0 
79.188 419.0 
79.129 420.0 
79.129 421.0 
79.188 422.0 
79.211 423.0 
79.106 424.0 
79.129 425.0 
79.188 426.0 
79.199 427.0 
79.153 428.0 
79.094 429.0 
79.106 430.0 
79.164 431.0 
79.176 432.0 
79.211 433.0 
79.071 434.0 
79.141 435.0 
79.141 436.0 
79.234 437.0 
79.059 438.0 
79.129 439.0 
79.106 440.0 
79.118 441.0 
79.106 442.0 
79.094 443.0 
79.118 444.0 
79.118 445.0 
79.083 446.0 
79.188 447.0 
79.153 448.0 
79.164 449.0 
79.515 450.0 
79.118 451.0 
79.106 452.0 
79.118 453.0 
79.094 454.0 
79.176 455.0 
79.153 456.0 
79.106 457.0 
79.094 458.0 
79.199 459.0 
79.211 460.0 
79.153 461.0 
79.106 462.0 
79.199 463.0 
79.153 464.0 
79.188 465.0 
79.199 466.0 
79.153 467.0 
79.083 468.0 
79.164 469.0 
79.106 470.0 
79.094 471.0 
79.118 472.0 
79.246 473.0 
79.164 474.0 
79.188 475.0 
79.141 476.0 
79.059 477.0 
79.118 478.0 
79.094 479.0 
79.153 480.0 
79.211 481.0 
79.118 482.0 
79.199 483.0 
79.106 484.0 
79.141 485.0 
79.071 486.0 
79.083 487.0 
79.176 488.0 
79.094 489.0 
79.118 490.0 
79.199 491.0 
79.129 492.0 
79.129 493.0 
79.188 494.0 
79.083 495.0 
79.071 496.0 
79.153 497.0 
79.164 498.0 
79.083 499.0 
79.106 500.0 
79.129 501.0 
79.141 502.0 
79.024 503.0 
79.083 504.0 
79.094 505.0 
79.129 506.0 
79.059 507.0 
79.141 508.0 
79.048 509.0 
79.024 510.0 
79.106 511.0 
79.118 512.0 
79.164 513.0 
79.141 514.0 
79.153 515.0 
79.176 516.0 
79.41 517.0 
78.931 518.0 
79.001 519.0 
79.048 520.0 
79.024 521.0 
79.001 522.0 
79.001 523.0 
79.024 524.0 
78.989 525.0 
79.024 526.0 
79.001 527.0 
78.919 528.0 
78.954 529.0 
78.907 530.0 
78.942 531.0 
79.024 532.0 
79.316 533.0 
78.989 534.0 
78.954 535.0 
78.931 536.0 
78.861 537.0 
78.732 538.0 
78.791 539.0 
78.732 540.0 
78.861 541.0 
78.767 542.0 
78.709 543.0 
78.697 544.0 
78.639 545.0 
78.592 546.0 
78.744 547.0 
78.639 548.0 
78.627 549.0 
78.545 550.0 
78.499 551.0 
78.627 552.0 
78.604 553.0 
78.545 554.0 
78.545 555.0 
78.627 556.0 
78.569 557.0 
78.522 558.0 
78.207 559.0 
78.58 560.0 
78.557 561.0 
78.464 562.0 
78.604 563.0 
78.534 564.0 
78.452 565.0 
78.569 566.0 
78.569 567.0 
78.452 568.0 
78.557 569.0 
78.51 570.0 
78.615 571.0 
78.545 572.0 
78.487 573.0 
78.557 574.0 
78.522 575.0 
78.604 576.0 
78.545 577.0 
78.534 578.0 
78.662 579.0 
78.545 580.0 
78.662 581.0 
78.569 582.0 
78.592 583.0 
78.615 584.0 
78.662 585.0 
78.615 586.0 
78.522 587.0 
78.615 588.0 
78.534 589.0 
78.604 590.0 
78.545 591.0 
78.615 592.0 
78.534 593.0 
78.557 594.0 
78.522 595.0 
78.58 596.0 
78.557 597.0 
78.569 598.0 
78.522 599.0 
78.604 600.0 
78.662 601.0 
78.58 602.0 
78.615 603.0 
78.58 604.0 
78.639 605.0 
78.522 606.0 
78.604 607.0 
78.487 608.0 
78.592 609.0 
78.662 610.0 
78.545 611.0 
78.639 612.0 
78.545 613.0 
78.615 614.0 
78.499 615.0 
78.58 616.0 
78.627 617.0 
78.452 618.0 
78.65 619.0 
78.323 620.0 
78.522 621.0 
78.604 622.0 
78.487 623.0 
78.569 624.0 
78.65 625.0 
78.499 626.0 
78.58 627.0 
78.65 628.0 
78.545 629.0 
78.592 630.0 
78.674 631.0 
78.499 632.0 
78.604 633.0 
78.954 634.0 
78.545 635.0 
78.627 636.0 
78.627 637.0 
78.545 638.0 
78.592 639.0 
78.627 640.0 
78.51 641.0 
78.569 642.0 
78.639 643.0 
78.487 644.0 
78.545 645.0 
78.592 646.0 
78.604 647.0 
78.51 648.0 
78.557 649.0 
78.627 650.0 
78.51 651.0 
78.487 652.0 
78.592 653.0 
78.639 654.0 
78.522 655.0 
78.522 656.0 
78.58 657.0 
78.615 658.0 
78.534 659.0 
78.58 660.0 
78.627 661.0 
78.674 662.0 
78.499 663.0 
78.534 664.0 
78.604 665.0 
78.627 666.0 
78.51 667.0 
78.58 668.0 
78.604 669.0 
78.65 670.0 
78.499 671.0 
78.522 672.0 
78.569 673.0 
78.615 674.0 
78.615 675.0 
78.499 676.0 
78.534 677.0 
78.545 678.0 
78.615 679.0 
78.674 680.0 
78.51 681.0 
78.499 682.0 
78.557 683.0 
78.592 684.0 
78.627 685.0 
78.697 686.0 
78.475 687.0 
78.534 688.0 
78.569 689.0 
78.58 690.0 
78.639 691.0 
78.65 692.0 
78.499 693.0 
78.534 694.0 
78.557 695.0 
78.592 696.0 
78.545 697.0 
78.65 698.0 
78.405 699.0 
78.499 700.0 
78.545 701.0 
78.534 702.0 
78.58 703.0 
78.592 704.0 
78.58 705.0 
78.639 706.0 
78.475 707.0 
78.522 708.0 
78.522 709.0 
78.58 710.0 
78.592 711.0 
78.58 712.0 
78.627 713.0 
78.674 714.0 
78.464 715.0 
78.487 716.0 
78.44 717.0 
78.557 718.0 
78.557 719.0 
78.58 720.0 
78.592 721.0 
78.604 722.0 
78.627 723.0 
78.639 724.0 
78.674 725.0 
78.487 726.0 
78.487 727.0 
78.534 728.0 
78.522 729.0 
78.522 730.0 
78.557 731.0 
78.557 732.0 
78.592 733.0 
78.615 734.0 
78.615 735.0 
78.615 736.0 
78.639 737.0 
78.639 738.0 
78.464 739.0 
78.452 740.0 
78.487 741.0 
78.475 742.0 
78.487 743.0 
78.51 744.0 
78.534 745.0 
78.51 746.0 
78.499 747.0 
78.499 748.0 
78.522 749.0 
78.534 750.0 
78.557 751.0 
78.557 752.0 
78.545 753.0 
78.569 754.0 
78.534 755.0 
78.557 756.0 
78.58 757.0 
78.522 758.0 
78.604 759.0 
78.592 760.0 
78.557 761.0 
78.58 762.0 
78.557 763.0 
78.557 764.0 
78.569 765.0 
78.615 766.0 
78.58 767.0 
78.569 768.0 
78.592 769.0 
78.58 770.0 
78.604 771.0 
78.592 772.0 
78.604 773.0 
78.58 774.0 
78.557 775.0 
78.615 776.0 
78.592 777.0 
78.569 778.0 
78.604 779.0 
78.569 780.0 
78.58 781.0 
78.58 782.0 
78.58 783.0 
78.557 784.0 
78.569 785.0 
78.569 786.0 
78.592 787.0 
78.569 788.0 
78.58 789.0 
78.569 790.0 
78.58 791.0 
78.58 792.0 
78.557 793.0 
78.569 794.0 
78.557 795.0 
78.604 796.0 
78.592 797.0 
78.592 798.0 
78.58 799.0 
78.604 800.0 
78.592 801.0 
78.545 802.0 
78.58 803.0 
78.592 804.0 
0.002 805.0 
-0.001 806.0 
-0.002 807.0 
-0.006 808.0 
-0.005 809.0 
-0.004 810.0 
-0.01 811.0 
-0.014 812.0 
-0.016 813.0 
-0.02 814.0 
-0.023 815.0 
-0.032 816.0 
-0.043 817.0 
-0.041 818.0 
-0.042 819.0 
-0.042 820.0 
-0.047 821.0 
-0.05 822.0 
-0.048 823.0 
-0.05 824.0 
-0.044 825.0 
-0.047 826.0 
-0.044 827.0 
-0.04 828.0 
-0.042 829.0 
