-0.029 257.0 
-0.028 258.0 
-0.083 259.0 
-0.023 260.0 
-0.041 261.0 
-0.054 262.0 
-0.025 263.0 
-0.034 264.0 
-0.018 265.0 
-0.036 266.0 
-0.02 267.0 
-0.038 268.0 
-0.041 269.0 
-0.041 270.0 
-0.052 271.0 
-0.049 272.0 
-0.032 273.0 
-0.032 274.0 
137.761 275.0 
135.448 276.0 
134.549 277.0 
133.369 278.0 
132.061 279.0 
130.625 280.0 
129.165 281.0 
127.214 282.0 
124.376 283.0 
123.01 284.0 
122.683 285.0 
122.414 286.0 
122.344 287.0 
122.145 288.0 
121.923 289.0 
121.76 290.0 
121.281 291.0 
121.106 292.0 
120.977 293.0 
120.954 294.0 
120.499 295.0 
120.382 296.0 
120.323 297.0 
119.856 298.0 
119.716 299.0 
119.693 300.0 
119.214 301.0 
119.179 302.0 
118.641 303.0 
118.49 304.0 
118.303 305.0 
117.368 306.0 
115.593 307.0 
112.86 308.0 
110.232 309.0 
106.775 310.0 
103.551 311.0 
99.977 312.0 
96.567 313.0 
93.075 314.0 
89.349 315.0 
85.577 316.0 
82.283 317.0 
79.386 318.0 
79.199 319.0 
78.919 320.0 
78.779 321.0 
78.732 322.0 
78.615 323.0 
78.615 324.0 
78.58 325.0 
78.44 326.0 
78.499 327.0 
78.487 328.0 
78.65 329.0 
78.557 330.0 
78.487 331.0 
78.545 332.0 
78.569 333.0 
78.487 334.0 
78.429 335.0 
78.534 336.0 
78.51 337.0 
78.429 338.0 
78.615 339.0 
78.51 340.0 
78.487 341.0 
78.464 342.0 
78.697 343.0 
78.522 344.0 
78.51 345.0 
78.44 346.0 
78.405 347.0 
78.464 348.0 
78.545 349.0 
78.522 350.0 
78.475 351.0 
78.522 352.0 
78.499 353.0 
78.382 354.0 
78.429 355.0 
78.522 356.0 
78.569 357.0 
78.499 358.0 
78.569 359.0 
78.545 360.0 
78.534 361.0 
78.487 362.0 
78.499 363.0 
78.44 364.0 
78.499 365.0 
78.464 366.0 
78.499 367.0 
78.429 368.0 
78.475 369.0 
78.522 370.0 
78.51 371.0 
78.499 372.0 
78.51 373.0 
78.545 374.0 
78.58 375.0 
78.884 376.0 
78.359 377.0 
78.499 378.0 
78.487 379.0 
78.487 380.0 
78.475 381.0 
78.604 382.0 
78.499 383.0 
78.475 384.0 
78.499 385.0 
78.545 386.0 
78.464 387.0 
78.405 388.0 
78.522 389.0 
78.487 390.0 
78.487 391.0 
78.452 392.0 
78.557 393.0 
78.417 394.0 
78.475 395.0 
78.58 396.0 
78.429 397.0 
78.51 398.0 
78.37 399.0 
78.417 400.0 
78.534 401.0 
78.522 402.0 
78.592 403.0 
78.522 404.0 
78.487 405.0 
78.405 406.0 
78.452 407.0 
78.417 408.0 
78.487 409.0 
78.429 410.0 
78.487 411.0 
78.51 412.0 
79.013 413.0 
78.534 414.0 
78.44 415.0 
78.51 416.0 
78.429 417.0 
78.545 418.0 
78.499 419.0 
78.429 420.0 
78.487 421.0 
78.499 422.0 
78.522 423.0 
78.464 424.0 
78.499 425.0 
78.487 426.0 
78.51 427.0 
78.394 428.0 
78.417 429.0 
78.382 430.0 
78.475 431.0 
78.51 432.0 
78.522 433.0 
78.417 434.0 
78.464 435.0 
78.487 436.0 
78.557 437.0 
78.394 438.0 
78.429 439.0 
78.429 440.0 
78.429 441.0 
78.452 442.0 
78.499 443.0 
78.464 444.0 
78.429 445.0 
78.405 446.0 
78.51 447.0 
78.475 448.0 
78.51 449.0 
78.861 450.0 
78.452 451.0 
78.475 452.0 
78.429 453.0 
78.405 454.0 
78.534 455.0 
78.335 456.0 
78.452 457.0 
78.405 458.0 
78.499 459.0 
78.51 460.0 
78.452 461.0 
78.464 462.0 
78.522 463.0 
78.51 464.0 
78.487 465.0 
78.51 466.0 
78.464 467.0 
78.37 468.0 
78.464 469.0 
78.487 470.0 
78.394 471.0 
78.464 472.0 
78.347 473.0 
78.464 474.0 
78.545 475.0 
78.475 476.0 
78.417 477.0 
78.464 478.0 
78.405 479.0 
78.452 480.0 
78.545 481.0 
78.475 482.0 
78.534 483.0 
78.429 484.0 
78.487 485.0 
78.417 486.0 
78.429 487.0 
78.499 488.0 
78.464 489.0 
78.452 490.0 
78.499 491.0 
78.452 492.0 
78.475 493.0 
78.464 494.0 
78.394 495.0 
78.405 496.0 
78.51 497.0 
78.522 498.0 
78.44 499.0 
78.429 500.0 
78.475 501.0 
78.475 502.0 
78.347 503.0 
78.405 504.0 
78.44 505.0 
78.429 506.0 
78.37 507.0 
78.487 508.0 
78.37 509.0 
78.394 510.0 
78.429 511.0 
78.429 512.0 
78.452 513.0 
78.44 514.0 
78.464 515.0 
78.51 516.0 
78.732 517.0 
78.335 518.0 
78.323 519.0 
78.347 520.0 
78.323 521.0 
78.37 522.0 
78.37 523.0 
78.382 524.0 
78.37 525.0 
78.323 526.0 
78.312 527.0 
78.265 528.0 
78.288 529.0 
78.3 530.0 
78.23 531.0 
78.37 532.0 
78.65 533.0 
78.265 534.0 
78.288 535.0 
78.253 536.0 
78.195 537.0 
78.125 538.0 
78.125 539.0 
78.09 540.0 
78.218 541.0 
78.102 542.0 
78.102 543.0 
78.102 544.0 
78.031 545.0 
77.985 546.0 
78.113 547.0 
78.043 548.0 
78.02 549.0 
77.973 550.0 
77.915 551.0 
78.02 552.0 
78.02 553.0 
77.985 554.0 
77.891 555.0 
78.031 556.0 
77.985 557.0 
77.938 558.0 
77.599 559.0 
77.985 560.0 
77.938 561.0 
77.903 562.0 
78.008 563.0 
77.938 564.0 
77.856 565.0 
77.985 566.0 
78.031 567.0 
77.891 568.0 
77.996 569.0 
77.926 570.0 
78.043 571.0 
77.926 572.0 
77.88 573.0 
77.961 574.0 
77.915 575.0 
78.3 576.0 
77.985 577.0 
77.938 578.0 
78.031 579.0 
77.973 580.0 
78.067 581.0 
77.985 582.0 
78.078 583.0 
77.985 584.0 
77.681 585.0 
77.985 586.0 
77.938 587.0 
77.996 588.0 
77.926 589.0 
78.067 590.0 
77.926 591.0 
78.02 592.0 
77.926 593.0 
77.973 594.0 
77.95 595.0 
77.996 596.0 
77.95 597.0 
77.961 598.0 
77.926 599.0 
77.996 600.0 
78.078 601.0 
78.008 602.0 
78.067 603.0 
77.95 604.0 
78.067 605.0 
77.926 606.0 
77.996 607.0 
77.903 608.0 
77.973 609.0 
78.09 610.0 
77.973 611.0 
78.043 612.0 
77.95 613.0 
78.008 614.0 
77.868 615.0 
77.903 616.0 
78.031 617.0 
77.903 618.0 
78.008 619.0 
77.786 620.0 
77.996 621.0 
78.008 622.0 
77.938 623.0 
77.973 624.0 
78.067 625.0 
77.938 626.0 
77.996 627.0 
78.031 628.0 
77.938 629.0 
77.985 630.0 
78.031 631.0 
77.903 632.0 
77.985 633.0 
78.3 634.0 
77.95 635.0 
78.02 636.0 
78.067 637.0 
77.915 638.0 
78.008 639.0 
78.055 640.0 
77.915 641.0 
77.996 642.0 
78.02 643.0 
77.938 644.0 
77.973 645.0 
78.008 646.0 
78.078 647.0 
77.926 648.0 
77.95 649.0 
78.02 650.0 
77.903 651.0 
77.868 652.0 
77.961 653.0 
78.043 654.0 
77.891 655.0 
77.938 656.0 
77.973 657.0 
78.043 658.0 
77.95 659.0 
77.985 660.0 
78.043 661.0 
78.055 662.0 
77.938 663.0 
78.008 664.0 
78.043 665.0 
78.067 666.0 
77.903 667.0 
77.973 668.0 
77.985 669.0 
78.055 670.0 
77.915 671.0 
77.961 672.0 
77.961 673.0 
77.973 674.0 
78.031 675.0 
77.926 676.0 
77.961 677.0 
77.973 678.0 
78.02 679.0 
78.02 680.0 
77.88 681.0 
77.938 682.0 
77.961 683.0 
78.031 684.0 
78.02 685.0 
78.078 686.0 
77.856 687.0 
77.915 688.0 
77.973 689.0 
77.985 690.0 
78.008 691.0 
78.067 692.0 
77.926 693.0 
77.961 694.0 
77.961 695.0 
77.996 696.0 
78.008 697.0 
78.055 698.0 
77.751 699.0 
77.926 700.0 
77.95 701.0 
77.973 702.0 
78.008 703.0 
78.008 704.0 
77.973 705.0 
78.067 706.0 
77.88 707.0 
77.915 708.0 
77.915 709.0 
77.985 710.0 
77.973 711.0 
78.02 712.0 
78.067 713.0 
78.043 714.0 
77.821 715.0 
77.891 716.0 
77.903 717.0 
77.95 718.0 
77.985 719.0 
77.985 720.0 
77.985 721.0 
78.008 722.0 
78.043 723.0 
78.043 724.0 
78.067 725.0 
77.868 726.0 
77.903 727.0 
77.926 728.0 
77.95 729.0 
77.95 730.0 
77.961 731.0 
77.985 732.0 
77.973 733.0 
77.996 734.0 
78.008 735.0 
77.961 736.0 
78.078 737.0 
78.067 738.0 
77.856 739.0 
77.891 740.0 
77.868 741.0 
77.891 742.0 
77.915 743.0 
77.903 744.0 
77.926 745.0 
77.903 746.0 
77.926 747.0 
77.973 748.0 
77.938 749.0 
77.926 750.0 
77.95 751.0 
77.95 752.0 
77.961 753.0 
77.938 754.0 
77.961 755.0 
77.903 756.0 
77.985 757.0 
77.903 758.0 
77.985 759.0 
78.008 760.0 
77.985 761.0 
77.996 762.0 
78.043 763.0 
77.996 764.0 
78.02 765.0 
77.973 766.0 
77.996 767.0 
77.985 768.0 
77.985 769.0 
78.008 770.0 
78.008 771.0 
77.996 772.0 
77.985 773.0 
77.961 774.0 
77.985 775.0 
78.008 776.0 
78.031 777.0 
77.996 778.0 
78.008 779.0 
77.985 780.0 
77.996 781.0 
78.008 782.0 
77.985 783.0 
77.973 784.0 
77.996 785.0 
77.985 786.0 
77.961 787.0 
77.973 788.0 
77.996 789.0 
77.973 790.0 
77.985 791.0 
77.985 792.0 
77.985 793.0 
78.02 794.0 
77.996 795.0 
77.996 796.0 
78.02 797.0 
78.008 798.0 
77.985 799.0 
77.985 800.0 
77.985 801.0 
77.996 802.0 
78.02 803.0 
78.008 804.0 
0.014 805.0 
0.008 806.0 
0.006 807.0 
0.0 808.0 
0.008 809.0 
0.004 810.0 
0.001 811.0 
-0.006 812.0 
-0.004 813.0 
-0.005 814.0 
-0.01 815.0 
-0.01 816.0 
-0.011 817.0 
-0.018 818.0 
-0.013 819.0 
-0.014 820.0 
-0.034 821.0 
-0.023 822.0 
-0.026 823.0 
-0.028 824.0 
-0.024 825.0 
-0.032 826.0 
-0.028 827.0 
-0.03 828.0 
-0.023 829.0 
