-0.02 257.0 
-0.028 258.0 
-0.035 259.0 
-0.047 260.0 
-0.025 261.0 
-0.038 262.0 
-0.018 263.0 
-0.019 264.0 
-0.026 265.0 
-0.034 266.0 
-0.022 267.0 
-0.028 268.0 
-0.02 269.0 
-0.007 270.0 
-0.016 271.0 
-0.008 272.0 
-0.026 273.0 
-0.004 274.0 
145.458 275.0 
142.783 276.0 
141.861 277.0 
140.436 278.0 
138.964 279.0 
137.212 280.0 
135.577 281.0 
133.019 282.0 
130.181 283.0 
128.861 284.0 
128.546 285.0 
128.23 286.0 
128.125 287.0 
127.833 288.0 
127.6 289.0 
126.946 290.0 
126.817 291.0 
126.63 292.0 
126.42 293.0 
125.976 294.0 
125.836 295.0 
125.661 296.0 
125.859 297.0 
125.124 298.0 
124.96 299.0 
124.598 300.0 
124.271 301.0 
124.189 302.0 
123.594 303.0 
123.418 304.0 
122.893 305.0 
122.215 306.0 
120.335 307.0 
117.438 308.0 
114.624 309.0 
110.746 310.0 
107.301 311.0 
103.365 312.0 
99.627 313.0 
95.352 314.0 
91.393 315.0 
87.095 316.0 
83.404 317.0 
80.788 318.0 
80.554 319.0 
80.274 320.0 
80.052 321.0 
80.04 322.0 
79.924 323.0 
79.912 324.0 
79.865 325.0 
79.76 326.0 
79.842 327.0 
79.76 328.0 
79.702 329.0 
79.842 330.0 
79.748 331.0 
79.678 332.0 
79.854 333.0 
79.772 334.0 
79.655 335.0 
79.807 336.0 
79.807 337.0 
79.713 338.0 
79.865 339.0 
79.783 340.0 
79.76 341.0 
79.725 342.0 
79.76 343.0 
79.783 344.0 
79.772 345.0 
79.748 346.0 
79.725 347.0 
79.702 348.0 
79.83 349.0 
79.783 350.0 
79.737 351.0 
79.772 352.0 
79.76 353.0 
79.713 354.0 
79.713 355.0 
79.783 356.0 
79.83 357.0 
79.748 358.0 
79.877 359.0 
79.783 360.0 
79.795 361.0 
79.748 362.0 
79.748 363.0 
79.713 364.0 
79.725 365.0 
79.772 366.0 
79.772 367.0 
79.737 368.0 
79.76 369.0 
79.76 370.0 
79.783 371.0 
79.795 372.0 
79.818 373.0 
79.818 374.0 
80.087 375.0 
79.783 376.0 
79.678 377.0 
79.748 378.0 
79.737 379.0 
79.748 380.0 
79.737 381.0 
79.713 382.0 
79.713 383.0 
79.713 384.0 
79.737 385.0 
79.818 386.0 
79.69 387.0 
79.678 388.0 
79.748 389.0 
79.783 390.0 
79.748 391.0 
79.748 392.0 
79.818 393.0 
79.667 394.0 
79.748 395.0 
79.667 396.0 
79.678 397.0 
79.772 398.0 
79.655 399.0 
79.713 400.0 
79.772 401.0 
79.748 402.0 
79.842 403.0 
79.795 404.0 
79.737 405.0 
79.655 406.0 
79.748 407.0 
79.678 408.0 
79.748 409.0 
79.678 410.0 
79.748 411.0 
79.795 412.0 
80.017 413.0 
79.807 414.0 
79.69 415.0 
79.76 416.0 
79.667 417.0 
79.772 418.0 
79.76 419.0 
79.69 420.0 
79.725 421.0 
79.748 422.0 
79.783 423.0 
79.678 424.0 
79.713 425.0 
79.76 426.0 
79.795 427.0 
79.702 428.0 
79.702 429.0 
79.69 430.0 
79.737 431.0 
79.76 432.0 
79.783 433.0 
79.678 434.0 
79.678 435.0 
79.702 436.0 
79.737 437.0 
79.667 438.0 
79.632 439.0 
79.69 440.0 
79.69 441.0 
79.655 442.0 
79.702 443.0 
79.678 444.0 
79.702 445.0 
79.678 446.0 
79.807 447.0 
79.772 448.0 
80.04 449.0 
79.842 450.0 
79.713 451.0 
79.69 452.0 
79.678 453.0 
79.667 454.0 
79.76 455.0 
79.526 456.0 
79.678 457.0 
79.667 458.0 
79.748 459.0 
79.737 460.0 
79.737 461.0 
79.678 462.0 
79.807 463.0 
79.713 464.0 
79.737 465.0 
79.795 466.0 
79.713 467.0 
79.632 468.0 
79.737 469.0 
79.702 470.0 
79.667 471.0 
79.713 472.0 
79.608 473.0 
79.702 474.0 
79.818 475.0 
79.69 476.0 
79.608 477.0 
79.702 478.0 
79.62 479.0 
79.678 480.0 
79.783 481.0 
79.667 482.0 
79.76 483.0 
79.667 484.0 
79.737 485.0 
79.632 486.0 
79.725 487.0 
79.772 488.0 
79.655 489.0 
79.702 490.0 
79.737 491.0 
79.702 492.0 
79.713 493.0 
79.713 494.0 
79.655 495.0 
79.643 496.0 
79.702 497.0 
79.748 498.0 
79.643 499.0 
79.667 500.0 
79.69 501.0 
79.725 502.0 
79.597 503.0 
79.632 504.0 
79.69 505.0 
79.655 506.0 
79.597 507.0 
79.678 508.0 
79.55 509.0 
79.643 510.0 
79.643 511.0 
79.678 512.0 
79.702 513.0 
79.737 514.0 
79.713 515.0 
79.632 516.0 
79.9 517.0 
79.491 518.0 
79.597 519.0 
79.585 520.0 
79.585 521.0 
79.562 522.0 
79.608 523.0 
79.562 524.0 
79.562 525.0 
79.585 526.0 
79.491 527.0 
79.515 528.0 
79.515 529.0 
79.468 530.0 
79.468 531.0 
79.62 532.0 
79.842 533.0 
79.573 534.0 
79.562 535.0 
79.515 536.0 
79.421 537.0 
79.386 538.0 
79.34 539.0 
79.328 540.0 
79.433 541.0 
79.293 542.0 
79.316 543.0 
79.293 544.0 
79.258 545.0 
79.211 546.0 
79.305 547.0 
79.246 548.0 
79.246 549.0 
79.188 550.0 
79.129 551.0 
79.258 552.0 
79.199 553.0 
79.164 554.0 
79.118 555.0 
79.234 556.0 
79.164 557.0 
79.129 558.0 
78.896 559.0 
79.176 560.0 
79.141 561.0 
79.083 562.0 
79.176 563.0 
79.129 564.0 
79.048 565.0 
79.211 566.0 
79.199 567.0 
79.094 568.0 
79.141 569.0 
79.153 570.0 
79.246 571.0 
79.153 572.0 
79.118 573.0 
79.188 574.0 
79.141 575.0 
79.667 576.0 
79.141 577.0 
79.141 578.0 
79.246 579.0 
79.176 580.0 
79.246 581.0 
79.176 582.0 
79.281 583.0 
79.199 584.0 
78.978 585.0 
79.223 586.0 
79.129 587.0 
79.223 588.0 
79.164 589.0 
79.223 590.0 
79.106 591.0 
79.223 592.0 
79.188 593.0 
79.211 594.0 
79.153 595.0 
79.153 596.0 
79.153 597.0 
79.234 598.0 
79.118 599.0 
79.199 600.0 
79.27 601.0 
79.176 602.0 
79.27 603.0 
79.153 604.0 
79.258 605.0 
79.164 606.0 
79.234 607.0 
79.129 608.0 
79.199 609.0 
79.293 610.0 
79.176 611.0 
79.281 612.0 
79.153 613.0 
79.211 614.0 
79.129 615.0 
79.188 616.0 
79.234 617.0 
79.106 618.0 
79.199 619.0 
79.001 620.0 
79.129 621.0 
79.199 622.0 
79.141 623.0 
79.176 624.0 
79.27 625.0 
79.153 626.0 
79.188 627.0 
79.293 628.0 
79.141 629.0 
79.223 630.0 
79.258 631.0 
79.153 632.0 
79.246 633.0 
79.491 634.0 
79.153 635.0 
79.188 636.0 
79.258 637.0 
79.094 638.0 
79.199 639.0 
79.258 640.0 
79.094 641.0 
79.071 642.0 
79.246 643.0 
79.094 644.0 
79.153 645.0 
79.199 646.0 
79.27 647.0 
79.153 648.0 
79.188 649.0 
79.234 650.0 
79.083 651.0 
79.106 652.0 
79.176 653.0 
79.246 654.0 
79.083 655.0 
79.141 656.0 
79.176 657.0 
79.258 658.0 
79.153 659.0 
79.176 660.0 
79.258 661.0 
79.188 662.0 
79.141 663.0 
79.164 664.0 
79.211 665.0 
79.258 666.0 
79.153 667.0 
79.153 668.0 
79.199 669.0 
79.234 670.0 
79.153 671.0 
79.164 672.0 
79.188 673.0 
79.246 674.0 
79.27 675.0 
79.071 676.0 
79.129 677.0 
79.176 678.0 
79.199 679.0 
79.246 680.0 
79.118 681.0 
79.118 682.0 
79.153 683.0 
79.188 684.0 
79.234 685.0 
79.27 686.0 
79.036 687.0 
79.176 688.0 
79.164 689.0 
79.223 690.0 
79.246 691.0 
79.27 692.0 
79.141 693.0 
79.153 694.0 
79.199 695.0 
79.176 696.0 
79.223 697.0 
79.234 698.0 
79.024 699.0 
79.083 700.0 
79.118 701.0 
79.164 702.0 
79.199 703.0 
79.188 704.0 
79.164 705.0 
79.281 706.0 
79.094 707.0 
79.129 708.0 
79.176 709.0 
79.188 710.0 
79.199 711.0 
79.211 712.0 
79.246 713.0 
79.234 714.0 
79.036 715.0 
79.071 716.0 
79.059 717.0 
79.129 718.0 
79.153 719.0 
79.176 720.0 
79.199 721.0 
79.199 722.0 
79.234 723.0 
79.27 724.0 
79.27 725.0 
79.083 726.0 
79.083 727.0 
79.129 728.0 
79.141 729.0 
79.153 730.0 
79.164 731.0 
79.199 732.0 
79.211 733.0 
79.199 734.0 
79.223 735.0 
79.223 736.0 
79.234 737.0 
79.258 738.0 
79.071 739.0 
79.071 740.0 
79.071 741.0 
79.048 742.0 
79.083 743.0 
79.094 744.0 
79.094 745.0 
79.129 746.0 
79.129 747.0 
79.164 748.0 
79.153 749.0 
79.164 750.0 
79.141 751.0 
79.164 752.0 
79.164 753.0 
79.176 754.0 
79.164 755.0 
79.153 756.0 
79.176 757.0 
79.129 758.0 
79.199 759.0 
79.176 760.0 
79.176 761.0 
79.164 762.0 
79.188 763.0 
79.211 764.0 
79.199 765.0 
79.223 766.0 
79.164 767.0 
79.188 768.0 
79.188 769.0 
79.176 770.0 
79.211 771.0 
79.188 772.0 
79.223 773.0 
79.188 774.0 
79.164 775.0 
79.188 776.0 
79.164 777.0 
79.164 778.0 
79.199 779.0 
79.188 780.0 
79.199 781.0 
79.188 782.0 
79.164 783.0 
79.176 784.0 
79.176 785.0 
79.199 786.0 
79.188 787.0 
79.188 788.0 
79.176 789.0 
79.176 790.0 
79.199 791.0 
79.211 792.0 
79.176 793.0 
79.223 794.0 
79.176 795.0 
79.164 796.0 
79.223 797.0 
79.188 798.0 
79.199 799.0 
79.176 800.0 
79.164 801.0 
79.153 802.0 
79.164 803.0 
79.176 804.0 
0.008 805.0 
0.002 806.0 
0.005 807.0 
0.005 808.0 
0.006 809.0 
0.014 810.0 
0.0 811.0 
-0.001 812.0 
0.005 813.0 
0.004 814.0 
0.004 815.0 
-0.006 816.0 
-0.001 817.0 
-0.001 818.0 
0.0 819.0 
-0.01 820.0 
-0.01 821.0 
-0.01 822.0 
-0.008 823.0 
-0.016 824.0 
-0.011 825.0 
-0.011 826.0 
-0.011 827.0 
-0.016 828.0 
-0.017 829.0 
