-0.02 257.0 
-0.049 258.0 
-0.044 259.0 
-0.019 260.0 
-0.032 261.0 
-0.044 262.0 
-0.03 263.0 
-0.029 264.0 
-0.011 265.0 
-0.103 266.0 
-0.034 267.0 
-0.018 268.0 
-0.026 269.0 
-0.017 270.0 
-0.011 271.0 
-0.032 272.0 
-0.005 273.0 
-0.024 274.0 
154.346 275.0 
151.636 276.0 
150.609 277.0 
149.219 278.0 
147.373 279.0 
145.505 280.0 
143.332 281.0 
140.447 282.0 
137.189 283.0 
135.6 284.0 
135.191 285.0 
134.759 286.0 
134.584 287.0 
134.28 288.0 
134.024 289.0 
133.229 290.0 
133.101 291.0 
132.856 292.0 
132.622 293.0 
132.12 294.0 
131.898 295.0 
131.723 296.0 
131.629 297.0 
131.022 298.0 
130.8 299.0 
130.415 300.0 
130.052 301.0 
129.924 302.0 
129.27 303.0 
129.118 304.0 
128.546 305.0 
127.95 306.0 
125.988 307.0 
123.01 308.0 
119.623 309.0 
115.301 310.0 
111.155 311.0 
106.647 312.0 
102.337 313.0 
98.004 314.0 
94.149 315.0 
90.143 316.0 
86.324 317.0 
83.287 318.0 
83.1 319.0 
82.867 320.0 
82.692 321.0 
82.668 322.0 
82.551 323.0 
82.551 324.0 
82.493 325.0 
82.376 326.0 
82.481 327.0 
82.376 328.0 
82.33 329.0 
82.516 330.0 
82.411 331.0 
82.365 332.0 
82.505 333.0 
82.435 334.0 
82.318 335.0 
82.446 336.0 
82.493 337.0 
82.376 338.0 
82.376 339.0 
82.411 340.0 
82.423 341.0 
82.376 342.0 
82.458 343.0 
82.458 344.0 
82.435 345.0 
82.376 346.0 
82.318 347.0 
82.341 348.0 
82.435 349.0 
82.435 350.0 
82.4 351.0 
82.423 352.0 
82.353 353.0 
82.318 354.0 
82.341 355.0 
82.423 356.0 
82.458 357.0 
82.388 358.0 
82.446 359.0 
82.4 360.0 
82.435 361.0 
82.365 362.0 
82.388 363.0 
82.318 364.0 
82.365 365.0 
82.376 366.0 
82.423 367.0 
82.341 368.0 
82.4 369.0 
82.423 370.0 
82.423 371.0 
82.4 372.0 
82.423 373.0 
82.435 374.0 
82.435 375.0 
82.458 376.0 
82.33 377.0 
82.353 378.0 
82.376 379.0 
82.423 380.0 
82.353 381.0 
82.283 382.0 
82.353 383.0 
82.353 384.0 
82.365 385.0 
82.458 386.0 
82.341 387.0 
82.318 388.0 
82.411 389.0 
82.411 390.0 
82.4 391.0 
82.376 392.0 
82.423 393.0 
82.33 394.0 
82.376 395.0 
82.481 396.0 
82.33 397.0 
82.388 398.0 
82.224 399.0 
82.318 400.0 
82.435 401.0 
82.4 402.0 
82.47 403.0 
82.446 404.0 
82.388 405.0 
82.318 406.0 
82.388 407.0 
82.318 408.0 
82.411 409.0 
82.318 410.0 
82.411 411.0 
82.435 412.0 
82.516 413.0 
82.388 414.0 
82.365 415.0 
82.376 416.0 
82.306 417.0 
82.365 418.0 
82.4 419.0 
82.318 420.0 
82.353 421.0 
82.388 422.0 
82.435 423.0 
82.341 424.0 
82.376 425.0 
82.388 426.0 
82.411 427.0 
82.341 428.0 
82.341 429.0 
82.376 430.0 
82.4 431.0 
82.4 432.0 
82.4 433.0 
82.283 434.0 
82.33 435.0 
82.295 436.0 
82.4 437.0 
82.318 438.0 
82.224 439.0 
82.283 440.0 
82.318 441.0 
82.341 442.0 
82.353 443.0 
82.341 444.0 
82.353 445.0 
82.306 446.0 
82.411 447.0 
82.411 448.0 
82.668 449.0 
82.481 450.0 
82.365 451.0 
82.283 452.0 
82.306 453.0 
82.248 454.0 
82.388 455.0 
82.131 456.0 
82.318 457.0 
82.283 458.0 
82.365 459.0 
82.516 460.0 
82.353 461.0 
82.306 462.0 
82.423 463.0 
82.341 464.0 
82.365 465.0 
82.411 466.0 
82.353 467.0 
82.306 468.0 
82.341 469.0 
82.33 470.0 
82.318 471.0 
82.341 472.0 
82.189 473.0 
82.341 474.0 
82.435 475.0 
82.365 476.0 
82.248 477.0 
82.33 478.0 
82.236 479.0 
82.306 480.0 
82.435 481.0 
82.306 482.0 
82.388 483.0 
82.318 484.0 
82.376 485.0 
82.248 486.0 
82.306 487.0 
82.411 488.0 
82.283 489.0 
82.318 490.0 
82.388 491.0 
82.318 492.0 
82.318 493.0 
82.388 494.0 
82.283 495.0 
82.306 496.0 
82.318 497.0 
82.376 498.0 
82.224 499.0 
82.283 500.0 
82.33 501.0 
82.388 502.0 
82.236 503.0 
82.248 504.0 
82.295 505.0 
82.33 506.0 
82.248 507.0 
82.295 508.0 
82.166 509.0 
82.248 510.0 
82.271 511.0 
82.295 512.0 
82.283 513.0 
82.306 514.0 
82.365 515.0 
82.213 516.0 
82.622 517.0 
82.178 518.0 
82.224 519.0 
82.201 520.0 
82.224 521.0 
82.248 522.0 
82.189 523.0 
82.178 524.0 
82.236 525.0 
82.178 526.0 
82.213 527.0 
82.131 528.0 
82.131 529.0 
82.131 530.0 
82.096 531.0 
82.213 532.0 
82.516 533.0 
82.131 534.0 
82.108 535.0 
82.049 536.0 
82.038 537.0 
81.909 538.0 
81.944 539.0 
81.897 540.0 
82.049 541.0 
81.921 542.0 
81.968 543.0 
81.921 544.0 
81.839 545.0 
81.827 546.0 
81.944 547.0 
81.851 548.0 
81.862 549.0 
81.816 550.0 
81.781 551.0 
81.886 552.0 
81.839 553.0 
81.757 554.0 
81.769 555.0 
81.874 556.0 
81.816 557.0 
81.804 558.0 
81.5 559.0 
81.851 560.0 
81.769 561.0 
81.699 562.0 
81.862 563.0 
81.792 564.0 
81.687 565.0 
81.839 566.0 
81.851 567.0 
81.699 568.0 
81.792 569.0 
81.769 570.0 
81.839 571.0 
81.781 572.0 
81.711 573.0 
81.792 574.0 
81.757 575.0 
82.248 576.0 
81.792 577.0 
81.769 578.0 
81.897 579.0 
81.816 580.0 
81.897 581.0 
81.839 582.0 
81.921 583.0 
81.816 584.0 
81.419 585.0 
81.862 586.0 
81.781 587.0 
81.862 588.0 
81.757 589.0 
81.874 590.0 
81.769 591.0 
81.839 592.0 
81.769 593.0 
81.792 594.0 
81.769 595.0 
81.769 596.0 
81.769 597.0 
81.851 598.0 
81.781 599.0 
81.827 600.0 
81.909 601.0 
81.827 602.0 
81.921 603.0 
81.816 604.0 
81.909 605.0 
81.781 606.0 
81.839 607.0 
81.734 608.0 
81.792 609.0 
81.921 610.0 
81.816 611.0 
81.874 612.0 
81.781 613.0 
81.851 614.0 
81.722 615.0 
81.781 616.0 
81.909 617.0 
81.699 618.0 
81.816 619.0 
81.57 620.0 
81.781 621.0 
81.827 622.0 
81.746 623.0 
81.839 624.0 
81.932 625.0 
81.757 626.0 
81.851 627.0 
81.909 628.0 
81.746 629.0 
81.839 630.0 
81.932 631.0 
81.769 632.0 
81.827 633.0 
82.084 634.0 
81.792 635.0 
81.839 636.0 
81.909 637.0 
81.734 638.0 
81.816 639.0 
81.909 640.0 
81.757 641.0 
81.769 642.0 
81.874 643.0 
81.722 644.0 
81.746 645.0 
81.839 646.0 
81.897 647.0 
81.781 648.0 
81.827 649.0 
81.909 650.0 
81.746 651.0 
81.746 652.0 
81.804 653.0 
81.886 654.0 
81.734 655.0 
81.734 656.0 
81.839 657.0 
81.897 658.0 
81.757 659.0 
81.816 660.0 
81.874 661.0 
81.839 662.0 
81.769 663.0 
81.827 664.0 
81.874 665.0 
81.897 666.0 
81.769 667.0 
81.839 668.0 
81.816 669.0 
81.886 670.0 
81.734 671.0 
81.781 672.0 
81.792 673.0 
81.816 674.0 
81.816 675.0 
81.746 676.0 
81.781 677.0 
81.816 678.0 
81.827 679.0 
81.862 680.0 
81.746 681.0 
81.769 682.0 
81.827 683.0 
81.862 684.0 
81.851 685.0 
81.932 686.0 
81.757 687.0 
81.792 688.0 
81.827 689.0 
81.862 690.0 
81.862 691.0 
81.921 692.0 
81.734 693.0 
81.734 694.0 
81.816 695.0 
81.827 696.0 
81.851 697.0 
81.886 698.0 
81.64 699.0 
81.734 700.0 
81.746 701.0 
81.816 702.0 
81.827 703.0 
81.839 704.0 
81.874 705.0 
81.886 706.0 
81.769 707.0 
81.769 708.0 
81.757 709.0 
81.792 710.0 
81.839 711.0 
81.851 712.0 
81.827 713.0 
81.839 714.0 
81.722 715.0 
81.711 716.0 
81.699 717.0 
81.757 718.0 
81.781 719.0 
81.792 720.0 
81.827 721.0 
81.827 722.0 
81.886 723.0 
81.874 724.0 
81.909 725.0 
81.711 726.0 
81.722 727.0 
81.746 728.0 
81.746 729.0 
81.792 730.0 
81.839 731.0 
81.839 732.0 
81.827 733.0 
81.851 734.0 
81.862 735.0 
81.886 736.0 
81.886 737.0 
81.909 738.0 
81.687 739.0 
81.687 740.0 
81.711 741.0 
81.711 742.0 
81.734 743.0 
81.781 744.0 
81.734 745.0 
81.792 746.0 
81.757 747.0 
81.769 748.0 
81.757 749.0 
81.804 750.0 
81.804 751.0 
81.792 752.0 
81.792 753.0 
81.769 754.0 
81.792 755.0 
81.804 756.0 
81.816 757.0 
81.839 758.0 
81.804 759.0 
81.804 760.0 
81.851 761.0 
81.804 762.0 
81.792 763.0 
81.827 764.0 
81.816 765.0 
81.851 766.0 
81.827 767.0 
81.851 768.0 
81.874 769.0 
81.816 770.0 
81.827 771.0 
81.816 772.0 
81.827 773.0 
81.816 774.0 
81.827 775.0 
81.827 776.0 
81.816 777.0 
81.851 778.0 
81.816 779.0 
81.827 780.0 
81.804 781.0 
81.816 782.0 
81.804 783.0 
81.804 784.0 
81.827 785.0 
81.827 786.0 
81.839 787.0 
81.804 788.0 
81.839 789.0 
81.816 790.0 
81.816 791.0 
81.827 792.0 
81.816 793.0 
81.816 794.0 
81.827 795.0 
81.827 796.0 
81.839 797.0 
81.851 798.0 
81.827 799.0 
81.827 800.0 
81.804 801.0 
81.839 802.0 
81.839 803.0 
81.851 804.0 
0.022 805.0 
0.016 806.0 
0.017 807.0 
0.006 808.0 
-0.002 809.0 
-0.001 810.0 
0.0 811.0 
-0.016 812.0 
-0.019 813.0 
-0.019 814.0 
-0.023 815.0 
-0.032 816.0 
-0.032 817.0 
-0.026 818.0 
-0.036 819.0 
-0.032 820.0 
-0.034 821.0 
-0.03 822.0 
-0.026 823.0 
-0.034 824.0 
-0.023 825.0 
-0.023 826.0 
-0.018 827.0 
-0.017 828.0 
-0.028 829.0 
