-0.049 257.0 
-0.04 258.0 
-0.042 259.0 
-0.052 260.0 
-0.058 261.0 
-0.049 262.0 
-0.046 263.0 
-0.02 264.0 
-0.054 265.0 
-0.038 266.0 
-0.049 267.0 
-0.023 268.0 
-0.014 269.0 
-0.034 270.0 
-0.048 271.0 
-0.043 272.0 
-0.03 273.0 
-0.034 274.0 
146.544 275.0 
143.694 276.0 
142.643 277.0 
141.066 278.0 
139.431 279.0 
137.376 280.0 
135.448 281.0 
132.844 282.0 
129.083 283.0 
127.763 284.0 
127.331 285.0 
126.946 286.0 
126.677 287.0 
126.327 288.0 
126.058 289.0 
125.778 290.0 
125.229 291.0 
124.984 292.0 
124.75 293.0 
124.598 294.0 
124.026 295.0 
123.781 296.0 
123.675 297.0 
123.126 298.0 
122.916 299.0 
122.834 300.0 
122.262 301.0 
122.122 302.0 
121.608 303.0 
121.456 304.0 
121.269 305.0 
120.37 306.0 
118.513 307.0 
115.581 308.0 
112.591 309.0 
108.889 310.0 
105.257 311.0 
101.332 312.0 
97.665 313.0 
93.682 314.0 
89.653 315.0 
85.682 316.0 
82.014 317.0 
79.083 318.0 
78.884 319.0 
78.51 320.0 
77.786 321.0 
78.242 322.0 
78.125 323.0 
78.113 324.0 
78.02 325.0 
77.88 326.0 
78.008 327.0 
77.891 328.0 
78.113 329.0 
77.996 330.0 
77.915 331.0 
78.207 332.0 
78.008 333.0 
77.903 334.0 
77.868 335.0 
77.996 336.0 
77.973 337.0 
77.88 338.0 
78.02 339.0 
77.95 340.0 
77.915 341.0 
77.891 342.0 
78.031 343.0 
77.961 344.0 
77.926 345.0 
77.891 346.0 
77.856 347.0 
77.95 348.0 
77.973 349.0 
77.938 350.0 
77.891 351.0 
77.938 352.0 
77.95 353.0 
77.833 354.0 
77.996 355.0 
77.973 356.0 
77.985 357.0 
77.903 358.0 
78.008 359.0 
77.938 360.0 
77.973 361.0 
77.88 362.0 
77.938 363.0 
77.856 364.0 
77.88 365.0 
77.926 366.0 
77.926 367.0 
77.88 368.0 
77.926 369.0 
77.926 370.0 
77.985 371.0 
77.95 372.0 
77.973 373.0 
77.996 374.0 
77.973 375.0 
77.973 376.0 
77.833 377.0 
77.926 378.0 
77.915 379.0 
77.938 380.0 
77.88 381.0 
77.996 382.0 
77.891 383.0 
77.891 384.0 
77.903 385.0 
77.996 386.0 
77.88 387.0 
77.868 388.0 
77.95 389.0 
77.95 390.0 
77.961 391.0 
77.903 392.0 
77.961 393.0 
77.821 394.0 
77.938 395.0 
77.996 396.0 
77.856 397.0 
77.938 398.0 
77.821 399.0 
77.856 400.0 
77.985 401.0 
77.926 402.0 
77.985 403.0 
77.961 404.0 
77.926 405.0 
77.845 406.0 
77.915 407.0 
77.845 408.0 
77.926 409.0 
77.88 410.0 
77.926 411.0 
77.95 412.0 
78.02 413.0 
77.985 414.0 
77.88 415.0 
77.903 416.0 
77.891 417.0 
78.218 418.0 
77.938 419.0 
77.856 420.0 
77.891 421.0 
77.95 422.0 
77.938 423.0 
77.88 424.0 
77.856 425.0 
77.95 426.0 
77.95 427.0 
77.856 428.0 
77.88 429.0 
77.891 430.0 
77.938 431.0 
77.95 432.0 
77.95 433.0 
77.845 434.0 
77.856 435.0 
77.915 436.0 
78.102 437.0 
77.88 438.0 
77.915 439.0 
77.856 440.0 
77.856 441.0 
77.88 442.0 
77.903 443.0 
77.868 444.0 
77.856 445.0 
77.833 446.0 
77.95 447.0 
77.973 448.0 
77.915 449.0 
78.137 450.0 
77.891 451.0 
77.88 452.0 
77.868 453.0 
77.821 454.0 
77.915 455.0 
77.88 456.0 
77.856 457.0 
77.88 458.0 
77.926 459.0 
77.926 460.0 
77.891 461.0 
77.891 462.0 
77.95 463.0 
77.938 464.0 
77.961 465.0 
77.95 466.0 
77.891 467.0 
77.833 468.0 
77.938 469.0 
77.88 470.0 
77.868 471.0 
77.88 472.0 
78.008 473.0 
77.903 474.0 
77.938 475.0 
77.891 476.0 
77.845 477.0 
77.868 478.0 
77.798 479.0 
77.891 480.0 
77.973 481.0 
77.903 482.0 
77.938 483.0 
77.821 484.0 
77.926 485.0 
77.833 486.0 
77.81 487.0 
77.926 488.0 
77.88 489.0 
77.903 490.0 
77.938 491.0 
77.926 492.0 
77.891 493.0 
77.938 494.0 
77.833 495.0 
77.81 496.0 
77.903 497.0 
77.938 498.0 
77.833 499.0 
77.833 500.0 
77.88 501.0 
77.891 502.0 
77.786 503.0 
77.81 504.0 
77.833 505.0 
77.88 506.0 
77.915 507.0 
77.938 508.0 
77.821 509.0 
77.821 510.0 
77.845 511.0 
77.845 512.0 
77.88 513.0 
77.915 514.0 
77.903 515.0 
77.903 516.0 
77.926 517.0 
77.763 518.0 
77.716 519.0 
77.739 520.0 
77.763 521.0 
77.763 522.0 
77.763 523.0 
77.751 524.0 
77.739 525.0 
77.751 526.0 
77.704 527.0 
77.716 528.0 
77.681 529.0 
77.634 530.0 
77.658 531.0 
77.786 532.0 
77.763 533.0 
77.658 534.0 
77.681 535.0 
77.623 536.0 
77.576 537.0 
77.506 538.0 
77.459 539.0 
77.448 540.0 
77.553 541.0 
77.471 542.0 
77.448 543.0 
77.436 544.0 
77.366 545.0 
77.319 546.0 
77.412 547.0 
77.389 548.0 
77.342 549.0 
77.319 550.0 
77.261 551.0 
77.354 552.0 
77.272 553.0 
77.237 554.0 
77.214 555.0 
77.354 556.0 
77.237 557.0 
77.261 558.0 
77.354 559.0 
77.296 560.0 
77.272 561.0 
77.179 562.0 
77.307 563.0 
77.272 564.0 
77.085 565.0 
77.354 566.0 
77.459 567.0 
77.202 568.0 
77.307 569.0 
77.237 570.0 
77.331 571.0 
77.237 572.0 
77.226 573.0 
77.226 574.0 
77.237 575.0 
77.342 576.0 
77.249 577.0 
77.261 578.0 
77.331 579.0 
77.296 580.0 
77.342 581.0 
77.261 582.0 
77.354 583.0 
77.319 584.0 
77.401 585.0 
77.331 586.0 
77.261 587.0 
77.319 588.0 
77.249 589.0 
77.319 590.0 
77.272 591.0 
77.296 592.0 
77.226 593.0 
77.331 594.0 
77.249 595.0 
77.342 596.0 
77.226 597.0 
77.296 598.0 
77.237 599.0 
77.296 600.0 
77.401 601.0 
77.296 602.0 
77.366 603.0 
77.284 604.0 
77.307 605.0 
77.237 606.0 
77.331 607.0 
77.261 608.0 
77.296 609.0 
77.377 610.0 
77.272 611.0 
77.366 612.0 
77.284 613.0 
77.342 614.0 
77.179 615.0 
77.261 616.0 
77.366 617.0 
77.261 618.0 
77.319 619.0 
76.887 620.0 
77.261 621.0 
77.319 622.0 
77.214 623.0 
77.296 624.0 
77.366 625.0 
77.226 626.0 
77.296 627.0 
77.377 628.0 
77.261 629.0 
77.272 630.0 
77.366 631.0 
77.179 632.0 
77.331 633.0 
77.389 634.0 
77.261 635.0 
77.307 636.0 
77.331 637.0 
77.226 638.0 
77.284 639.0 
77.354 640.0 
77.226 641.0 
77.307 642.0 
77.319 643.0 
77.202 644.0 
77.249 645.0 
77.284 646.0 
77.342 647.0 
77.237 648.0 
77.261 649.0 
77.354 650.0 
77.202 651.0 
77.214 652.0 
77.342 653.0 
77.366 654.0 
77.191 655.0 
77.237 656.0 
77.319 657.0 
77.331 658.0 
77.226 659.0 
77.296 660.0 
77.331 661.0 
77.377 662.0 
77.156 663.0 
77.272 664.0 
77.319 665.0 
77.366 666.0 
77.237 667.0 
77.296 668.0 
77.307 669.0 
77.389 670.0 
77.214 671.0 
77.261 672.0 
77.296 673.0 
77.307 674.0 
77.319 675.0 
77.191 676.0 
77.237 677.0 
77.284 678.0 
77.284 679.0 
77.342 680.0 
77.191 681.0 
77.214 682.0 
77.261 683.0 
77.331 684.0 
77.319 685.0 
77.377 686.0 
77.237 687.0 
77.272 688.0 
77.296 689.0 
77.296 690.0 
77.331 691.0 
77.377 692.0 
77.167 693.0 
77.261 694.0 
77.261 695.0 
77.284 696.0 
77.331 697.0 
77.342 698.0 
76.864 699.0 
77.179 700.0 
77.226 701.0 
77.272 702.0 
77.296 703.0 
77.237 704.0 
77.342 705.0 
77.377 706.0 
77.202 707.0 
77.237 708.0 
77.237 709.0 
77.272 710.0 
77.307 711.0 
77.307 712.0 
77.354 713.0 
77.366 714.0 
77.354 715.0 
77.167 716.0 
77.202 717.0 
77.226 718.0 
77.261 719.0 
77.272 720.0 
77.307 721.0 
77.307 722.0 
77.296 723.0 
77.331 724.0 
77.377 725.0 
77.191 726.0 
77.179 727.0 
77.191 728.0 
77.249 729.0 
77.249 730.0 
77.272 731.0 
77.272 732.0 
77.342 733.0 
77.307 734.0 
77.307 735.0 
77.319 736.0 
77.342 737.0 
77.377 738.0 
76.864 739.0 
77.167 740.0 
77.191 741.0 
77.214 742.0 
77.179 743.0 
77.191 744.0 
77.214 745.0 
77.237 746.0 
77.237 747.0 
77.249 748.0 
77.261 749.0 
77.272 750.0 
77.249 751.0 
77.272 752.0 
77.272 753.0 
77.296 754.0 
77.214 755.0 
77.284 756.0 
77.284 757.0 
77.261 758.0 
77.272 759.0 
77.284 760.0 
77.319 761.0 
77.307 762.0 
77.272 763.0 
77.272 764.0 
77.331 765.0 
77.319 766.0 
77.319 767.0 
77.296 768.0 
77.272 769.0 
77.307 770.0 
77.307 771.0 
77.307 772.0 
77.284 773.0 
77.307 774.0 
77.307 775.0 
77.307 776.0 
77.284 777.0 
77.319 778.0 
77.307 779.0 
77.307 780.0 
77.284 781.0 
77.296 782.0 
77.284 783.0 
77.296 784.0 
77.284 785.0 
77.307 786.0 
77.307 787.0 
77.307 788.0 
77.296 789.0 
77.284 790.0 
77.261 791.0 
77.272 792.0 
77.342 793.0 
77.296 794.0 
77.319 795.0 
77.284 796.0 
77.249 797.0 
77.284 798.0 
77.296 799.0 
77.307 800.0 
77.307 801.0 
77.319 802.0 
77.296 803.0 
77.284 804.0 
-0.001 805.0 
0.002 806.0 
0.002 807.0 
-0.002 808.0 
-0.001 809.0 
-0.002 810.0 
-0.006 811.0 
-0.011 812.0 
-0.013 813.0 
-0.011 814.0 
-0.019 815.0 
-0.025 816.0 
-0.028 817.0 
-0.02 818.0 
-0.019 819.0 
-0.016 820.0 
-0.031 821.0 
-0.024 822.0 
-0.02 823.0 
-0.03 824.0 
-0.024 825.0 
-0.022 826.0 
-0.018 827.0 
-0.018 828.0 
-0.016 829.0 
