-0.043 257.0 
-0.032 258.0 
-0.044 259.0 
-0.023 260.0 
-0.038 261.0 
-0.028 262.0 
-0.04 263.0 
-0.043 264.0 
-0.004 265.0 
-0.061 266.0 
-0.042 267.0 
-0.054 268.0 
-0.019 269.0 
-0.031 270.0 
-0.048 271.0 
-0.041 272.0 
-0.049 273.0 
-0.017 274.0 
152.092 275.0 
148.623 276.0 
147.502 277.0 
146.147 278.0 
144.547 279.0 
142.328 280.0 
140.482 281.0 
138.228 282.0 
134.993 283.0 
133.615 284.0 
133.264 285.0 
132.949 286.0 
132.727 287.0 
132.47 288.0 
132.178 289.0 
131.734 290.0 
131.384 291.0 
131.104 292.0 
130.893 293.0 
130.823 294.0 
130.274 295.0 
130.146 296.0 
130.076 297.0 
129.527 298.0 
129.387 299.0 
129.293 300.0 
128.779 301.0 
128.744 302.0 
128.207 303.0 
128.172 304.0 
128.079 305.0 
127.46 306.0 
126.373 307.0 
124.073 308.0 
121.351 309.0 
117.462 310.0 
113.432 311.0 
108.912 312.0 
104.626 313.0 
99.942 314.0 
95.493 315.0 
90.832 316.0 
86.756 317.0 
83.287 318.0 
83.135 319.0 
82.89 320.0 
82.762 321.0 
82.773 322.0 
82.622 323.0 
82.645 324.0 
82.587 325.0 
82.505 326.0 
82.645 327.0 
82.551 328.0 
82.762 329.0 
82.68 330.0 
82.563 331.0 
82.68 332.0 
82.68 333.0 
82.575 334.0 
82.598 335.0 
82.657 336.0 
82.587 337.0 
82.551 338.0 
82.703 339.0 
82.61 340.0 
82.598 341.0 
82.563 342.0 
82.645 343.0 
82.587 344.0 
82.587 345.0 
82.528 346.0 
82.575 347.0 
82.622 348.0 
82.657 349.0 
82.645 350.0 
82.575 351.0 
82.633 352.0 
82.61 353.0 
82.528 354.0 
82.528 355.0 
82.622 356.0 
82.657 357.0 
82.61 358.0 
82.692 359.0 
82.622 360.0 
82.657 361.0 
82.551 362.0 
82.633 363.0 
82.516 364.0 
82.563 365.0 
82.598 366.0 
82.598 367.0 
82.54 368.0 
82.598 369.0 
82.61 370.0 
82.598 371.0 
82.633 372.0 
82.633 373.0 
82.68 374.0 
82.703 375.0 
82.703 376.0 
82.505 377.0 
82.598 378.0 
82.587 379.0 
82.575 380.0 
82.575 381.0 
82.703 382.0 
82.563 383.0 
82.551 384.0 
82.551 385.0 
82.633 386.0 
82.54 387.0 
82.528 388.0 
82.61 389.0 
82.633 390.0 
82.598 391.0 
82.551 392.0 
82.645 393.0 
82.528 394.0 
82.598 395.0 
82.657 396.0 
82.54 397.0 
82.575 398.0 
82.505 399.0 
82.516 400.0 
82.645 401.0 
82.575 402.0 
82.68 403.0 
82.61 404.0 
82.575 405.0 
82.516 406.0 
82.622 407.0 
82.528 408.0 
82.61 409.0 
82.528 410.0 
82.587 411.0 
82.657 412.0 
82.972 413.0 
82.645 414.0 
82.563 415.0 
82.645 416.0 
82.516 417.0 
82.715 418.0 
82.61 419.0 
82.505 420.0 
82.575 421.0 
82.587 422.0 
82.633 423.0 
82.563 424.0 
82.54 425.0 
82.575 426.0 
82.645 427.0 
82.563 428.0 
82.587 429.0 
82.551 430.0 
82.622 431.0 
82.61 432.0 
82.633 433.0 
82.528 434.0 
82.551 435.0 
82.563 436.0 
82.645 437.0 
82.458 438.0 
82.575 439.0 
82.587 440.0 
82.528 441.0 
82.551 442.0 
82.528 443.0 
82.563 444.0 
82.54 445.0 
82.505 446.0 
82.622 447.0 
82.633 448.0 
82.622 449.0 
82.879 450.0 
82.528 451.0 
82.54 452.0 
82.516 453.0 
82.54 454.0 
82.645 455.0 
82.587 456.0 
82.551 457.0 
82.528 458.0 
82.622 459.0 
82.645 460.0 
82.563 461.0 
82.528 462.0 
82.633 463.0 
82.622 464.0 
82.563 465.0 
82.622 466.0 
82.575 467.0 
82.516 468.0 
82.61 469.0 
82.528 470.0 
82.563 471.0 
82.551 472.0 
82.633 473.0 
82.61 474.0 
82.645 475.0 
82.587 476.0 
82.516 477.0 
82.528 478.0 
82.481 479.0 
82.575 480.0 
82.645 481.0 
82.54 482.0 
82.61 483.0 
82.54 484.0 
82.61 485.0 
82.493 486.0 
82.516 487.0 
82.622 488.0 
82.54 489.0 
82.563 490.0 
82.598 491.0 
82.575 492.0 
82.575 493.0 
82.61 494.0 
82.505 495.0 
82.435 496.0 
82.575 497.0 
82.622 498.0 
82.505 499.0 
82.481 500.0 
82.563 501.0 
82.622 502.0 
82.435 503.0 
82.493 504.0 
82.516 505.0 
82.54 506.0 
82.551 507.0 
82.622 508.0 
82.516 509.0 
82.505 510.0 
82.54 511.0 
82.54 512.0 
82.551 513.0 
82.598 514.0 
82.598 515.0 
82.587 516.0 
82.61 517.0 
82.353 518.0 
82.388 519.0 
82.446 520.0 
82.411 521.0 
82.446 522.0 
82.458 523.0 
82.423 524.0 
82.423 525.0 
82.458 526.0 
82.446 527.0 
82.341 528.0 
82.388 529.0 
82.365 530.0 
82.341 531.0 
82.47 532.0 
82.47 533.0 
82.353 534.0 
82.388 535.0 
82.318 536.0 
82.283 537.0 
82.119 538.0 
82.189 539.0 
82.154 540.0 
82.201 541.0 
82.108 542.0 
82.108 543.0 
82.061 544.0 
82.014 545.0 
81.968 546.0 
82.084 547.0 
82.061 548.0 
81.991 549.0 
81.956 550.0 
81.909 551.0 
82.003 552.0 
81.979 553.0 
81.897 554.0 
81.874 555.0 
82.014 556.0 
81.956 557.0 
81.909 558.0 
81.582 559.0 
81.944 560.0 
81.886 561.0 
81.839 562.0 
81.968 563.0 
81.897 564.0 
81.816 565.0 
81.991 566.0 
81.968 567.0 
81.862 568.0 
81.944 569.0 
81.874 570.0 
82.003 571.0 
81.921 572.0 
81.874 573.0 
81.956 574.0 
81.886 575.0 
81.991 576.0 
81.897 577.0 
81.921 578.0 
82.003 579.0 
81.921 580.0 
82.026 581.0 
81.968 582.0 
81.968 583.0 
81.968 584.0 
81.909 585.0 
81.979 586.0 
81.909 587.0 
81.991 588.0 
81.909 589.0 
81.979 590.0 
81.897 591.0 
81.991 592.0 
81.932 593.0 
81.932 594.0 
81.956 595.0 
81.979 596.0 
81.874 597.0 
82.014 598.0 
81.921 599.0 
81.991 600.0 
82.084 601.0 
81.944 602.0 
82.014 603.0 
81.932 604.0 
82.026 605.0 
81.886 606.0 
81.991 607.0 
81.897 608.0 
81.979 609.0 
82.061 610.0 
81.944 611.0 
82.038 612.0 
81.932 613.0 
82.049 614.0 
81.874 615.0 
81.932 616.0 
82.026 617.0 
81.827 618.0 
81.991 619.0 
81.687 620.0 
81.921 621.0 
81.968 622.0 
81.886 623.0 
81.909 624.0 
82.061 625.0 
81.886 626.0 
81.991 627.0 
82.038 628.0 
81.944 629.0 
81.979 630.0 
82.026 631.0 
81.874 632.0 
81.968 633.0 
82.061 634.0 
81.944 635.0 
81.968 636.0 
82.026 637.0 
81.897 638.0 
81.979 639.0 
82.026 640.0 
81.886 641.0 
81.968 642.0 
81.991 643.0 
81.862 644.0 
81.932 645.0 
81.991 646.0 
82.038 647.0 
81.932 648.0 
81.944 649.0 
82.003 650.0 
81.851 651.0 
81.897 652.0 
81.944 653.0 
82.014 654.0 
81.886 655.0 
81.897 656.0 
81.956 657.0 
82.014 658.0 
81.886 659.0 
81.956 660.0 
81.991 661.0 
82.073 662.0 
81.874 663.0 
81.921 664.0 
81.979 665.0 
82.038 666.0 
81.886 667.0 
81.956 668.0 
81.956 669.0 
82.003 670.0 
81.886 671.0 
81.897 672.0 
81.979 673.0 
81.979 674.0 
82.026 675.0 
81.851 676.0 
81.909 677.0 
81.921 678.0 
81.956 679.0 
82.038 680.0 
81.874 681.0 
81.897 682.0 
81.944 683.0 
81.956 684.0 
82.014 685.0 
82.038 686.0 
81.874 687.0 
81.921 688.0 
81.909 689.0 
81.979 690.0 
81.991 691.0 
82.038 692.0 
81.874 693.0 
81.921 694.0 
81.944 695.0 
81.956 696.0 
81.968 697.0 
81.991 698.0 
81.594 699.0 
81.851 700.0 
81.874 701.0 
81.932 702.0 
81.956 703.0 
81.968 704.0 
82.038 705.0 
82.049 706.0 
81.839 707.0 
81.897 708.0 
81.897 709.0 
81.932 710.0 
81.944 711.0 
81.968 712.0 
82.026 713.0 
82.061 714.0 
82.061 715.0 
81.874 716.0 
81.886 717.0 
81.897 718.0 
81.932 719.0 
81.932 720.0 
81.979 721.0 
81.991 722.0 
81.979 723.0 
82.014 724.0 
82.061 725.0 
81.874 726.0 
81.886 727.0 
81.909 728.0 
81.909 729.0 
81.909 730.0 
81.944 731.0 
81.968 732.0 
81.979 733.0 
82.014 734.0 
81.968 735.0 
82.014 736.0 
82.026 737.0 
82.038 738.0 
81.746 739.0 
81.827 740.0 
81.862 741.0 
81.862 742.0 
81.874 743.0 
81.862 744.0 
81.862 745.0 
81.862 746.0 
81.909 747.0 
81.921 748.0 
81.921 749.0 
81.897 750.0 
81.897 751.0 
81.909 752.0 
81.921 753.0 
81.921 754.0 
81.944 755.0 
81.944 756.0 
81.932 757.0 
81.956 758.0 
81.932 759.0 
81.979 760.0 
81.921 761.0 
81.956 762.0 
81.932 763.0 
81.968 764.0 
81.968 765.0 
81.968 766.0 
81.991 767.0 
81.979 768.0 
81.979 769.0 
81.944 770.0 
81.979 771.0 
81.968 772.0 
81.944 773.0 
81.979 774.0 
81.968 775.0 
81.944 776.0 
81.968 777.0 
81.979 778.0 
81.956 779.0 
81.968 780.0 
81.968 781.0 
81.968 782.0 
81.979 783.0 
81.944 784.0 
81.979 785.0 
81.944 786.0 
81.944 787.0 
81.944 788.0 
81.956 789.0 
81.944 790.0 
81.968 791.0 
81.991 792.0 
81.979 793.0 
81.944 794.0 
81.932 795.0 
81.921 796.0 
81.932 797.0 
81.932 798.0 
81.968 799.0 
81.921 800.0 
81.932 801.0 
81.932 802.0 
81.932 803.0 
81.897 804.0 
0.005 805.0 
0.004 806.0 
0.01 807.0 
0.004 808.0 
0.014 809.0 
0.005 810.0 
0.01 811.0 
0.002 812.0 
0.001 813.0 
0.007 814.0 
0.0 815.0 
-0.004 816.0 
0.001 817.0 
0.001 818.0 
0.004 819.0 
-0.006 820.0 
-0.016 821.0 
-0.016 822.0 
-0.02 823.0 
-0.022 824.0 
-0.023 825.0 
-0.025 826.0 
-0.017 827.0 
-0.02 828.0 
-0.025 829.0 
