-0.026 257.0 
-0.092 258.0 
-0.017 259.0 
-0.028 260.0 
-0.031 261.0 
-0.028 262.0 
-0.067 263.0 
-0.02 264.0 
-0.052 265.0 
-0.048 266.0 
-0.044 267.0 
-0.059 268.0 
-0.044 269.0 
-0.034 270.0 
-0.041 271.0 
-0.044 272.0 
-0.066 273.0 
-0.016 274.0 
141.592 275.0 
138.357 276.0 
137.306 277.0 
135.916 278.0 
134.526 279.0 
132.704 280.0 
131.326 281.0 
129.445 282.0 
127.168 283.0 
125.567 284.0 
125.311 285.0 
125.019 286.0 
124.878 287.0 
124.621 288.0 
124.446 289.0 
124.248 290.0 
123.757 291.0 
123.582 292.0 
123.383 293.0 
123.313 294.0 
122.788 295.0 
122.694 296.0 
122.601 297.0 
122.134 298.0 
121.923 299.0 
121.912 300.0 
121.375 301.0 
121.304 302.0 
120.802 303.0 
120.697 304.0 
120.592 305.0 
119.961 306.0 
118.805 307.0 
116.609 308.0 
113.911 309.0 
110.454 310.0 
106.763 311.0 
102.547 312.0 
98.436 313.0 
94.149 314.0 
90.12 315.0 
86.102 316.0 
82.598 317.0 
79.725 318.0 
79.573 319.0 
79.386 320.0 
79.188 321.0 
79.188 322.0 
79.083 323.0 
79.118 324.0 
79.048 325.0 
79.41 326.0 
79.083 327.0 
78.978 328.0 
79.164 329.0 
79.048 330.0 
78.989 331.0 
79.083 332.0 
79.106 333.0 
79.001 334.0 
79.468 335.0 
79.094 336.0 
79.083 337.0 
79.001 338.0 
79.153 339.0 
79.071 340.0 
79.036 341.0 
78.989 342.0 
79.153 343.0 
79.059 344.0 
79.059 345.0 
79.001 346.0 
78.966 347.0 
79.141 348.0 
79.083 349.0 
79.059 350.0 
78.989 351.0 
79.083 352.0 
79.001 353.0 
78.896 354.0 
79.118 355.0 
79.071 356.0 
79.083 357.0 
79.024 358.0 
79.118 359.0 
79.094 360.0 
79.106 361.0 
79.024 362.0 
79.059 363.0 
78.954 364.0 
79.001 365.0 
79.036 366.0 
79.048 367.0 
79.001 368.0 
79.036 369.0 
79.024 370.0 
79.024 371.0 
79.071 372.0 
79.071 373.0 
79.083 374.0 
79.094 375.0 
79.094 376.0 
78.896 377.0 
79.013 378.0 
79.071 379.0 
79.048 380.0 
79.036 381.0 
79.129 382.0 
79.036 383.0 
78.989 384.0 
78.978 385.0 
79.118 386.0 
78.966 387.0 
78.942 388.0 
79.048 389.0 
79.048 390.0 
79.048 391.0 
79.001 392.0 
79.094 393.0 
78.954 394.0 
79.048 395.0 
79.129 396.0 
79.024 397.0 
79.071 398.0 
78.942 399.0 
79.013 400.0 
79.059 401.0 
79.048 402.0 
79.106 403.0 
79.071 404.0 
79.024 405.0 
78.989 406.0 
79.059 407.0 
78.954 408.0 
79.024 409.0 
78.954 410.0 
79.024 411.0 
79.071 412.0 
79.398 413.0 
79.094 414.0 
79.013 415.0 
79.036 416.0 
79.001 417.0 
79.176 418.0 
79.048 419.0 
78.978 420.0 
79.048 421.0 
79.048 422.0 
79.083 423.0 
79.001 424.0 
78.942 425.0 
79.024 426.0 
79.071 427.0 
78.966 428.0 
79.001 429.0 
78.966 430.0 
79.024 431.0 
79.083 432.0 
79.048 433.0 
78.954 434.0 
79.024 435.0 
79.024 436.0 
79.164 437.0 
78.966 438.0 
79.013 439.0 
79.024 440.0 
79.024 441.0 
78.954 442.0 
79.001 443.0 
78.966 444.0 
78.978 445.0 
78.978 446.0 
79.083 447.0 
79.036 448.0 
79.094 449.0 
79.293 450.0 
79.001 451.0 
79.013 452.0 
78.978 453.0 
78.954 454.0 
79.094 455.0 
79.048 456.0 
79.001 457.0 
78.966 458.0 
79.048 459.0 
79.083 460.0 
79.001 461.0 
78.966 462.0 
79.094 463.0 
79.059 464.0 
79.048 465.0 
79.059 466.0 
79.036 467.0 
78.931 468.0 
79.036 469.0 
78.989 470.0 
79.013 471.0 
79.024 472.0 
79.106 473.0 
79.036 474.0 
79.094 475.0 
79.013 476.0 
78.942 477.0 
78.989 478.0 
78.942 479.0 
79.001 480.0 
79.083 481.0 
79.001 482.0 
79.071 483.0 
78.989 484.0 
79.059 485.0 
78.966 486.0 
78.919 487.0 
79.048 488.0 
78.978 489.0 
78.978 490.0 
79.059 491.0 
79.013 492.0 
79.024 493.0 
79.048 494.0 
78.989 495.0 
79.001 496.0 
79.024 497.0 
79.036 498.0 
78.966 499.0 
78.942 500.0 
79.024 501.0 
79.048 502.0 
78.907 503.0 
78.919 504.0 
78.966 505.0 
78.989 506.0 
78.978 507.0 
79.176 508.0 
78.907 509.0 
78.931 510.0 
78.989 511.0 
78.966 512.0 
78.989 513.0 
79.013 514.0 
79.024 515.0 
79.048 516.0 
79.048 517.0 
78.861 518.0 
78.837 519.0 
78.907 520.0 
78.896 521.0 
78.884 522.0 
78.884 523.0 
78.896 524.0 
78.884 525.0 
78.861 526.0 
78.861 527.0 
78.826 528.0 
78.837 529.0 
78.756 530.0 
78.791 531.0 
78.919 532.0 
78.907 533.0 
78.872 534.0 
78.849 535.0 
78.826 536.0 
78.791 537.0 
78.686 538.0 
78.697 539.0 
78.686 540.0 
78.791 541.0 
78.709 542.0 
78.615 543.0 
78.615 544.0 
78.592 545.0 
78.534 546.0 
78.65 547.0 
78.604 548.0 
78.569 549.0 
78.522 550.0 
78.499 551.0 
78.569 552.0 
78.499 553.0 
78.44 554.0 
78.44 555.0 
78.58 556.0 
78.51 557.0 
78.464 558.0 
78.58 559.0 
78.557 560.0 
78.51 561.0 
78.394 562.0 
78.534 563.0 
78.464 564.0 
78.347 565.0 
78.534 566.0 
78.545 567.0 
78.417 568.0 
78.51 569.0 
78.429 570.0 
78.592 571.0 
78.487 572.0 
78.429 573.0 
78.464 574.0 
78.464 575.0 
78.545 576.0 
78.452 577.0 
78.475 578.0 
78.592 579.0 
78.522 580.0 
78.615 581.0 
78.51 582.0 
78.604 583.0 
78.534 584.0 
78.604 585.0 
78.534 586.0 
78.452 587.0 
78.534 588.0 
78.464 589.0 
78.545 590.0 
78.499 591.0 
78.545 592.0 
78.51 593.0 
78.487 594.0 
78.475 595.0 
78.569 596.0 
78.464 597.0 
78.545 598.0 
78.464 599.0 
78.522 600.0 
78.627 601.0 
78.499 602.0 
78.58 603.0 
78.534 604.0 
78.545 605.0 
78.452 606.0 
78.522 607.0 
78.452 608.0 
78.51 609.0 
78.592 610.0 
78.464 611.0 
78.58 612.0 
78.44 613.0 
78.545 614.0 
78.452 615.0 
78.51 616.0 
78.592 617.0 
78.452 618.0 
78.557 619.0 
78.137 620.0 
78.522 621.0 
78.51 622.0 
78.44 623.0 
78.487 624.0 
78.557 625.0 
78.44 626.0 
78.534 627.0 
78.58 628.0 
78.475 629.0 
78.51 630.0 
78.592 631.0 
78.405 632.0 
78.534 633.0 
78.604 634.0 
78.487 635.0 
78.545 636.0 
78.58 637.0 
78.452 638.0 
78.522 639.0 
78.58 640.0 
78.452 641.0 
78.522 642.0 
78.545 643.0 
78.44 644.0 
78.464 645.0 
78.522 646.0 
78.569 647.0 
78.464 648.0 
78.499 649.0 
78.534 650.0 
78.44 651.0 
78.51 652.0 
78.534 653.0 
78.58 654.0 
78.405 655.0 
78.464 656.0 
78.499 657.0 
78.557 658.0 
78.51 659.0 
78.534 660.0 
78.569 661.0 
78.58 662.0 
78.417 663.0 
78.487 664.0 
78.534 665.0 
78.604 666.0 
78.487 667.0 
78.487 668.0 
78.534 669.0 
78.569 670.0 
78.429 671.0 
78.487 672.0 
78.487 673.0 
78.545 674.0 
78.615 675.0 
78.475 676.0 
78.51 677.0 
78.522 678.0 
78.557 679.0 
78.592 680.0 
78.452 681.0 
78.417 682.0 
78.522 683.0 
78.522 684.0 
78.534 685.0 
78.627 686.0 
78.417 687.0 
78.452 688.0 
78.534 689.0 
78.557 690.0 
78.58 691.0 
78.604 692.0 
78.44 693.0 
78.44 694.0 
78.487 695.0 
78.545 696.0 
78.557 697.0 
78.534 698.0 
78.218 699.0 
78.452 700.0 
78.475 701.0 
78.475 702.0 
78.534 703.0 
78.475 704.0 
78.569 705.0 
78.627 706.0 
78.464 707.0 
78.464 708.0 
78.487 709.0 
78.522 710.0 
78.51 711.0 
78.534 712.0 
78.58 713.0 
78.58 714.0 
78.615 715.0 
78.452 716.0 
78.487 717.0 
78.464 718.0 
78.51 719.0 
78.499 720.0 
78.522 721.0 
78.534 722.0 
78.545 723.0 
78.557 724.0 
78.58 725.0 
78.417 726.0 
78.405 727.0 
78.475 728.0 
78.475 729.0 
78.487 730.0 
78.51 731.0 
78.522 732.0 
78.534 733.0 
78.557 734.0 
78.545 735.0 
78.569 736.0 
78.58 737.0 
78.569 738.0 
78.312 739.0 
78.44 740.0 
78.44 741.0 
78.394 742.0 
78.417 743.0 
78.44 744.0 
78.429 745.0 
78.452 746.0 
78.44 747.0 
78.417 748.0 
78.475 749.0 
78.475 750.0 
78.499 751.0 
78.475 752.0 
78.499 753.0 
78.487 754.0 
78.522 755.0 
78.51 756.0 
78.499 757.0 
78.534 758.0 
78.545 759.0 
78.534 760.0 
78.487 761.0 
78.534 762.0 
78.51 763.0 
78.51 764.0 
78.534 765.0 
78.545 766.0 
78.51 767.0 
78.522 768.0 
78.534 769.0 
78.534 770.0 
78.487 771.0 
78.534 772.0 
78.522 773.0 
78.557 774.0 
78.522 775.0 
78.51 776.0 
78.51 777.0 
78.522 778.0 
78.545 779.0 
78.545 780.0 
78.545 781.0 
78.522 782.0 
78.545 783.0 
78.534 784.0 
78.534 785.0 
78.51 786.0 
78.51 787.0 
78.51 788.0 
78.487 789.0 
78.499 790.0 
78.51 791.0 
78.522 792.0 
78.522 793.0 
78.51 794.0 
78.522 795.0 
78.487 796.0 
78.522 797.0 
78.51 798.0 
78.522 799.0 
78.499 800.0 
78.499 801.0 
78.475 802.0 
78.487 803.0 
78.487 804.0 
0.005 805.0 
0.0 806.0 
-0.004 807.0 
0.002 808.0 
0.006 809.0 
-0.004 810.0 
-0.011 811.0 
-0.012 812.0 
-0.023 813.0 
-0.028 814.0 
-0.032 815.0 
-0.038 816.0 
-0.028 817.0 
-0.043 818.0 
-0.042 819.0 
-0.042 820.0 
-0.04 821.0 
-0.05 822.0 
-0.054 823.0 
-0.047 824.0 
-0.047 825.0 
-0.047 826.0 
-0.049 827.0 
-0.046 828.0 
-0.046 829.0 
