-0.025 257.0 
-0.014 258.0 
-0.105 259.0 
-0.016 260.0 
-0.024 261.0 
-0.04 262.0 
-0.006 263.0 
-0.037 264.0 
-0.034 265.0 
-0.04 266.0 
-0.012 267.0 
-0.014 268.0 
-0.022 269.0 
-0.042 270.0 
-0.031 271.0 
-0.036 272.0 
-0.012 273.0 
-0.02 274.0 
132.015 275.0 
128.219 276.0 
127.074 277.0 
126.327 278.0 
125.801 279.0 
125.416 280.0 
125.03 281.0 
124.668 282.0 
124.236 283.0 
123.956 284.0 
123.862 285.0 
123.816 286.0 
123.839 287.0 
123.827 288.0 
123.851 289.0 
123.465 290.0 
123.453 291.0 
123.489 292.0 
123.489 293.0 
123.302 294.0 
123.22 295.0 
123.278 296.0 
123.372 297.0 
123.056 298.0 
123.056 299.0 
123.162 300.0 
122.799 301.0 
122.881 302.0 
122.566 303.0 
122.648 304.0 
122.648 305.0 
121.83 306.0 
119.658 307.0 
116.177 308.0 
112.463 309.0 
107.943 310.0 
102.594 311.0 
95.808 312.0 
87.515 313.0 
77.588 314.0 
67.099 315.0 
56.985 316.0 
48.459 317.0 
41.673 318.0 
41.264 319.0 
41.089 320.0 
40.4 321.0 
41.042 322.0 
40.995 323.0 
41.007 324.0 
40.995 325.0 
40.995 326.0 
41.03 327.0 
40.972 328.0 
41.042 329.0 
41.007 330.0 
40.984 331.0 
41.334 332.0 
40.995 333.0 
40.949 334.0 
41.019 335.0 
40.984 336.0 
40.995 337.0 
40.96 338.0 
41.03 339.0 
40.984 340.0 
40.96 341.0 
41.007 342.0 
40.552 343.0 
40.984 344.0 
40.96 345.0 
41.007 346.0 
40.925 347.0 
40.902 348.0 
41.007 349.0 
40.995 350.0 
40.995 351.0 
40.937 352.0 
40.995 353.0 
40.879 354.0 
41.019 355.0 
41.054 356.0 
40.972 357.0 
41.007 358.0 
41.03 359.0 
40.995 360.0 
41.054 361.0 
40.96 362.0 
41.007 363.0 
40.972 364.0 
41.007 365.0 
40.972 366.0 
41.042 367.0 
40.972 368.0 
40.995 369.0 
41.007 370.0 
41.007 371.0 
41.03 372.0 
41.007 373.0 
41.007 374.0 
41.019 375.0 
41.393 376.0 
40.96 377.0 
40.972 378.0 
41.042 379.0 
40.995 380.0 
41.007 381.0 
41.066 382.0 
40.995 383.0 
40.984 384.0 
41.007 385.0 
41.054 386.0 
40.949 387.0 
40.96 388.0 
41.007 389.0 
41.019 390.0 
41.007 391.0 
40.984 392.0 
41.03 393.0 
40.96 394.0 
40.984 395.0 
41.042 396.0 
40.995 397.0 
40.995 398.0 
40.925 399.0 
40.984 400.0 
41.054 401.0 
41.007 402.0 
41.042 403.0 
41.007 404.0 
41.019 405.0 
40.949 406.0 
40.995 407.0 
40.984 408.0 
40.972 409.0 
40.949 410.0 
40.984 411.0 
41.019 412.0 
41.077 413.0 
41.019 414.0 
40.972 415.0 
41.042 416.0 
41.019 417.0 
41.124 418.0 
41.03 419.0 
40.995 420.0 
40.995 421.0 
40.984 422.0 
41.019 423.0 
41.019 424.0 
40.984 425.0 
41.019 426.0 
40.995 427.0 
40.995 428.0 
40.96 429.0 
40.925 430.0 
41.007 431.0 
41.054 432.0 
41.019 433.0 
40.972 434.0 
40.984 435.0 
41.03 436.0 
41.089 437.0 
40.949 438.0 
41.007 439.0 
40.984 440.0 
40.984 441.0 
41.019 442.0 
41.007 443.0 
41.007 444.0 
40.984 445.0 
40.949 446.0 
41.019 447.0 
41.019 448.0 
41.019 449.0 
41.217 450.0 
40.984 451.0 
40.949 452.0 
40.972 453.0 
40.96 454.0 
41.019 455.0 
40.937 456.0 
40.984 457.0 
40.984 458.0 
41.054 459.0 
41.019 460.0 
40.995 461.0 
40.984 462.0 
41.042 463.0 
41.019 464.0 
41.019 465.0 
41.007 466.0 
40.949 467.0 
40.914 468.0 
41.03 469.0 
40.995 470.0 
41.042 471.0 
40.984 472.0 
41.054 473.0 
40.995 474.0 
41.077 475.0 
41.007 476.0 
40.972 477.0 
41.03 478.0 
40.984 479.0 
41.03 480.0 
41.007 481.0 
40.984 482.0 
41.019 483.0 
40.972 484.0 
41.03 485.0 
40.972 486.0 
40.89 487.0 
40.995 488.0 
41.042 489.0 
40.972 490.0 
40.995 491.0 
41.007 492.0 
41.019 493.0 
40.984 494.0 
40.995 495.0 
40.925 496.0 
40.995 497.0 
41.007 498.0 
40.949 499.0 
40.96 500.0 
41.007 501.0 
41.019 502.0 
40.972 503.0 
41.007 504.0 
40.995 505.0 
40.995 506.0 
40.563 507.0 
41.03 508.0 
40.972 509.0 
40.972 510.0 
40.984 511.0 
40.984 512.0 
40.984 513.0 
41.019 514.0 
40.995 515.0 
40.984 516.0 
41.019 517.0 
40.914 518.0 
40.925 519.0 
40.937 520.0 
40.972 521.0 
40.925 522.0 
40.949 523.0 
40.995 524.0 
40.937 525.0 
40.937 526.0 
40.937 527.0 
40.879 528.0 
40.937 529.0 
40.902 530.0 
40.902 531.0 
40.995 532.0 
40.984 533.0 
40.96 534.0 
40.984 535.0 
40.995 536.0 
40.96 537.0 
40.96 538.0 
40.96 539.0 
40.925 540.0 
41.007 541.0 
40.984 542.0 
40.984 543.0 
40.984 544.0 
40.937 545.0 
40.902 546.0 
41.03 547.0 
40.984 548.0 
40.984 549.0 
40.937 550.0 
40.727 551.0 
41.007 552.0 
40.972 553.0 
40.925 554.0 
40.925 555.0 
40.984 556.0 
40.96 557.0 
40.96 558.0 
41.019 559.0 
40.984 560.0 
40.96 561.0 
40.844 562.0 
40.984 563.0 
40.96 564.0 
40.809 565.0 
40.984 566.0 
41.007 567.0 
40.925 568.0 
40.972 569.0 
40.914 570.0 
41.007 571.0 
40.914 572.0 
40.925 573.0 
40.949 574.0 
40.925 575.0 
40.995 576.0 
40.949 577.0 
40.937 578.0 
40.984 579.0 
40.949 580.0 
40.984 581.0 
40.972 582.0 
40.972 583.0 
40.972 584.0 
41.03 585.0 
40.995 586.0 
40.925 587.0 
40.995 588.0 
40.96 589.0 
40.972 590.0 
40.949 591.0 
40.96 592.0 
40.937 593.0 
40.925 594.0 
40.937 595.0 
41.007 596.0 
40.949 597.0 
40.972 598.0 
40.96 599.0 
40.96 600.0 
41.042 601.0 
40.972 602.0 
40.995 603.0 
40.984 604.0 
40.984 605.0 
40.937 606.0 
40.995 607.0 
40.902 608.0 
40.972 609.0 
41.007 610.0 
40.937 611.0 
40.995 612.0 
40.937 613.0 
40.972 614.0 
40.902 615.0 
40.96 616.0 
41.019 617.0 
40.902 618.0 
41.007 619.0 
40.376 620.0 
40.949 621.0 
40.984 622.0 
40.925 623.0 
40.96 624.0 
41.03 625.0 
40.914 626.0 
40.96 627.0 
40.995 628.0 
40.925 629.0 
40.96 630.0 
41.042 631.0 
40.925 632.0 
40.984 633.0 
40.995 634.0 
40.937 635.0 
40.96 636.0 
40.984 637.0 
40.972 638.0 
40.995 639.0 
41.007 640.0 
40.937 641.0 
41.007 642.0 
41.019 643.0 
40.89 644.0 
40.972 645.0 
40.937 646.0 
40.984 647.0 
40.937 648.0 
40.949 649.0 
40.995 650.0 
40.902 651.0 
40.949 652.0 
40.972 653.0 
41.007 654.0 
40.914 655.0 
40.984 656.0 
40.972 657.0 
41.007 658.0 
40.96 659.0 
40.984 660.0 
40.984 661.0 
41.03 662.0 
40.937 663.0 
40.995 664.0 
41.019 665.0 
41.007 666.0 
40.925 667.0 
40.937 668.0 
40.972 669.0 
40.972 670.0 
40.937 671.0 
40.925 672.0 
40.96 673.0 
40.972 674.0 
40.984 675.0 
40.925 676.0 
40.949 677.0 
40.984 678.0 
40.96 679.0 
41.019 680.0 
40.925 681.0 
40.96 682.0 
40.972 683.0 
40.972 684.0 
41.007 685.0 
41.007 686.0 
40.937 687.0 
40.984 688.0 
40.96 689.0 
40.995 690.0 
40.995 691.0 
41.042 692.0 
40.937 693.0 
40.96 694.0 
40.972 695.0 
40.972 696.0 
40.995 697.0 
40.995 698.0 
40.622 699.0 
40.949 700.0 
40.96 701.0 
40.96 702.0 
40.972 703.0 
40.949 704.0 
40.995 705.0 
41.007 706.0 
40.949 707.0 
40.949 708.0 
40.925 709.0 
40.949 710.0 
40.972 711.0 
40.995 712.0 
41.019 713.0 
40.995 714.0 
40.995 715.0 
40.949 716.0 
40.949 717.0 
40.925 718.0 
40.984 719.0 
40.972 720.0 
40.96 721.0 
40.949 722.0 
41.007 723.0 
41.019 724.0 
41.054 725.0 
40.925 726.0 
40.925 727.0 
40.949 728.0 
40.972 729.0 
40.937 730.0 
40.96 731.0 
40.96 732.0 
40.995 733.0 
40.984 734.0 
40.972 735.0 
40.995 736.0 
41.019 737.0 
41.019 738.0 
40.482 739.0 
40.937 740.0 
40.925 741.0 
40.925 742.0 
40.914 743.0 
40.972 744.0 
40.949 745.0 
40.914 746.0 
40.949 747.0 
40.89 748.0 
40.96 749.0 
40.96 750.0 
40.96 751.0 
40.937 752.0 
40.972 753.0 
40.937 754.0 
40.96 755.0 
40.972 756.0 
40.937 757.0 
40.984 758.0 
40.949 759.0 
40.984 760.0 
40.937 761.0 
40.984 762.0 
40.96 763.0 
40.972 764.0 
41.019 765.0 
40.995 766.0 
40.972 767.0 
40.984 768.0 
40.96 769.0 
40.925 770.0 
40.96 771.0 
40.984 772.0 
40.96 773.0 
40.984 774.0 
40.972 775.0 
40.984 776.0 
40.972 777.0 
40.972 778.0 
40.984 779.0 
40.972 780.0 
40.984 781.0 
40.984 782.0 
40.972 783.0 
40.995 784.0 
41.007 785.0 
40.937 786.0 
40.96 787.0 
40.972 788.0 
40.972 789.0 
40.984 790.0 
40.937 791.0 
40.937 792.0 
40.972 793.0 
40.972 794.0 
40.972 795.0 
40.972 796.0 
40.984 797.0 
40.984 798.0 
41.007 799.0 
40.995 800.0 
40.96 801.0 
40.984 802.0 
40.984 803.0 
40.995 804.0 
0.016 805.0 
0.005 806.0 
0.0 807.0 
0.002 808.0 
0.004 809.0 
0.001 810.0 
0.01 811.0 
0.0 812.0 
-0.002 813.0 
-0.001 814.0 
-0.001 815.0 
-0.005 816.0 
-0.005 817.0 
-0.012 818.0 
-0.002 819.0 
-0.004 820.0 
-0.01 821.0 
-0.006 822.0 
-0.006 823.0 
0.001 824.0 
-0.005 825.0 
-0.005 826.0 
-0.013 827.0 
-0.008 828.0 
-0.012 829.0 
