-0.017 257.0 
-0.025 258.0 
-0.15 259.0 
-0.049 260.0 
-0.032 261.0 
-0.018 262.0 
-0.036 263.0 
-0.025 264.0 
-0.031 265.0 
-0.02 266.0 
-0.053 267.0 
-0.042 268.0 
-0.034 269.0 
-0.032 270.0 
-0.025 271.0 
-0.031 272.0 
-0.032 273.0 
-0.035 274.0 
148.343 275.0 
145.867 276.0 
144.956 277.0 
143.601 278.0 
142.304 279.0 
140.681 280.0 
139.209 281.0 
137.025 282.0 
134.491 283.0 
133.148 284.0 
132.797 285.0 
132.494 286.0 
132.248 287.0 
131.968 288.0 
131.664 289.0 
131.431 290.0 
130.812 291.0 
130.59 292.0 
130.415 293.0 
130.298 294.0 
129.725 295.0 
129.562 296.0 
129.48 297.0 
128.978 298.0 
128.756 299.0 
128.651 300.0 
128.067 301.0 
127.95 302.0 
127.319 303.0 
127.144 304.0 
126.992 305.0 
126.011 306.0 
124.166 307.0 
121.258 308.0 
118.396 309.0 
114.484 310.0 
110.91 311.0 
106.623 312.0 
102.664 313.0 
98.307 314.0 
94.488 315.0 
90.424 316.0 
86.733 317.0 
83.673 318.0 
83.439 319.0 
83.159 320.0 
82.516 321.0 
82.972 322.0 
82.82 323.0 
82.867 324.0 
82.773 325.0 
82.633 326.0 
82.75 327.0 
82.692 328.0 
82.832 329.0 
82.773 330.0 
82.75 331.0 
82.843 332.0 
82.797 333.0 
82.738 334.0 
82.668 335.0 
82.82 336.0 
82.785 337.0 
82.703 338.0 
83.1 339.0 
82.738 340.0 
82.738 341.0 
82.715 342.0 
82.365 343.0 
82.727 344.0 
82.738 345.0 
82.692 346.0 
82.657 347.0 
82.785 348.0 
82.797 349.0 
82.715 350.0 
82.668 351.0 
82.75 352.0 
82.715 353.0 
82.622 354.0 
82.82 355.0 
82.738 356.0 
82.82 357.0 
82.738 358.0 
82.808 359.0 
82.762 360.0 
82.797 361.0 
82.692 362.0 
82.692 363.0 
82.657 364.0 
82.703 365.0 
82.703 366.0 
82.773 367.0 
82.657 368.0 
82.715 369.0 
82.703 370.0 
82.715 371.0 
82.762 372.0 
82.773 373.0 
82.797 374.0 
82.785 375.0 
82.773 376.0 
82.633 377.0 
82.727 378.0 
82.715 379.0 
82.703 380.0 
82.727 381.0 
82.832 382.0 
82.715 383.0 
82.668 384.0 
82.692 385.0 
82.797 386.0 
82.692 387.0 
82.633 388.0 
82.738 389.0 
82.762 390.0 
82.727 391.0 
82.692 392.0 
82.773 393.0 
82.68 394.0 
82.75 395.0 
82.82 396.0 
82.703 397.0 
82.738 398.0 
82.657 399.0 
82.703 400.0 
82.773 401.0 
82.808 402.0 
82.82 403.0 
82.773 404.0 
82.692 405.0 
82.61 406.0 
82.727 407.0 
82.68 408.0 
82.75 409.0 
82.668 410.0 
82.68 411.0 
82.762 412.0 
83.147 413.0 
82.773 414.0 
82.703 415.0 
82.773 416.0 
82.703 417.0 
82.879 418.0 
82.785 419.0 
82.622 420.0 
82.727 421.0 
82.727 422.0 
82.785 423.0 
82.668 424.0 
82.703 425.0 
82.762 426.0 
82.762 427.0 
82.68 428.0 
82.727 429.0 
82.657 430.0 
82.738 431.0 
82.75 432.0 
82.738 433.0 
82.657 434.0 
82.715 435.0 
82.715 436.0 
82.879 437.0 
82.645 438.0 
82.738 439.0 
82.703 440.0 
82.703 441.0 
82.692 442.0 
82.715 443.0 
82.668 444.0 
82.668 445.0 
82.668 446.0 
82.785 447.0 
82.785 448.0 
82.75 449.0 
83.089 450.0 
82.715 451.0 
82.692 452.0 
82.657 453.0 
82.645 454.0 
82.738 455.0 
82.575 456.0 
82.703 457.0 
82.668 458.0 
82.773 459.0 
82.762 460.0 
82.75 461.0 
82.715 462.0 
82.808 463.0 
82.727 464.0 
82.727 465.0 
82.762 466.0 
82.68 467.0 
82.622 468.0 
82.715 469.0 
82.68 470.0 
82.727 471.0 
82.727 472.0 
82.785 473.0 
82.727 474.0 
82.808 475.0 
82.738 476.0 
82.657 477.0 
82.703 478.0 
82.598 479.0 
82.727 480.0 
82.797 481.0 
82.738 482.0 
82.785 483.0 
82.692 484.0 
82.715 485.0 
82.68 486.0 
82.645 487.0 
82.762 488.0 
82.692 489.0 
82.692 490.0 
82.727 491.0 
82.692 492.0 
82.703 493.0 
82.797 494.0 
82.668 495.0 
82.633 496.0 
82.738 497.0 
82.785 498.0 
82.633 499.0 
82.657 500.0 
82.727 501.0 
82.773 502.0 
82.622 503.0 
82.622 504.0 
82.68 505.0 
82.703 506.0 
82.715 507.0 
82.797 508.0 
82.587 509.0 
82.633 510.0 
82.645 511.0 
82.68 512.0 
82.703 513.0 
82.715 514.0 
82.715 515.0 
82.773 516.0 
82.995 517.0 
82.563 518.0 
82.587 519.0 
82.587 520.0 
82.587 521.0 
82.598 522.0 
82.598 523.0 
82.575 524.0 
82.563 525.0 
82.551 526.0 
82.575 527.0 
82.481 528.0 
82.47 529.0 
82.423 530.0 
82.435 531.0 
82.575 532.0 
82.493 533.0 
82.446 534.0 
82.435 535.0 
82.4 536.0 
82.353 537.0 
82.318 538.0 
82.213 539.0 
82.178 540.0 
82.33 541.0 
82.26 542.0 
82.178 543.0 
82.143 544.0 
82.096 545.0 
82.038 546.0 
82.166 547.0 
82.119 548.0 
82.061 549.0 
81.979 550.0 
81.956 551.0 
82.061 552.0 
82.003 553.0 
81.956 554.0 
81.944 555.0 
82.073 556.0 
82.049 557.0 
81.979 558.0 
81.594 559.0 
82.003 560.0 
81.968 561.0 
81.897 562.0 
82.049 563.0 
81.944 564.0 
81.827 565.0 
82.014 566.0 
82.119 567.0 
81.909 568.0 
82.026 569.0 
81.932 570.0 
82.061 571.0 
81.979 572.0 
81.944 573.0 
81.979 574.0 
81.944 575.0 
82.073 576.0 
82.003 577.0 
81.979 578.0 
82.084 579.0 
82.014 580.0 
82.061 581.0 
82.014 582.0 
82.143 583.0 
82.026 584.0 
82.154 585.0 
82.026 586.0 
81.968 587.0 
82.049 588.0 
81.991 589.0 
82.038 590.0 
81.968 591.0 
82.038 592.0 
81.956 593.0 
82.049 594.0 
81.991 595.0 
82.096 596.0 
81.956 597.0 
82.049 598.0 
82.014 599.0 
82.061 600.0 
82.143 601.0 
82.049 602.0 
82.119 603.0 
82.014 604.0 
82.038 605.0 
81.979 606.0 
82.038 607.0 
81.968 608.0 
82.014 609.0 
82.084 610.0 
82.014 611.0 
82.108 612.0 
81.979 613.0 
82.061 614.0 
81.979 615.0 
82.014 616.0 
82.096 617.0 
81.968 618.0 
82.061 619.0 
81.687 620.0 
82.038 621.0 
82.026 622.0 
81.956 623.0 
81.968 624.0 
82.073 625.0 
81.932 626.0 
82.026 627.0 
82.084 628.0 
81.979 629.0 
82.038 630.0 
82.108 631.0 
81.932 632.0 
82.038 633.0 
82.084 634.0 
81.991 635.0 
82.061 636.0 
82.143 637.0 
81.991 638.0 
82.026 639.0 
82.096 640.0 
81.956 641.0 
82.038 642.0 
82.073 643.0 
81.909 644.0 
81.991 645.0 
82.026 646.0 
82.073 647.0 
81.968 648.0 
81.979 649.0 
82.084 650.0 
81.932 651.0 
81.968 652.0 
82.038 653.0 
82.084 654.0 
81.921 655.0 
81.991 656.0 
82.003 657.0 
82.049 658.0 
82.003 659.0 
82.003 660.0 
82.084 661.0 
82.131 662.0 
81.909 663.0 
82.014 664.0 
82.026 665.0 
82.108 666.0 
81.968 667.0 
82.003 668.0 
82.049 669.0 
82.108 670.0 
81.956 671.0 
81.968 672.0 
82.014 673.0 
82.038 674.0 
82.096 675.0 
81.932 676.0 
81.956 677.0 
81.991 678.0 
82.014 679.0 
82.108 680.0 
81.932 681.0 
82.003 682.0 
82.003 683.0 
82.038 684.0 
82.073 685.0 
82.131 686.0 
81.944 687.0 
82.014 688.0 
81.991 689.0 
82.049 690.0 
82.084 691.0 
82.119 692.0 
81.932 693.0 
82.014 694.0 
81.991 695.0 
82.038 696.0 
82.084 697.0 
82.038 698.0 
81.804 699.0 
81.956 700.0 
81.979 701.0 
81.979 702.0 
82.026 703.0 
81.979 704.0 
82.084 705.0 
82.096 706.0 
81.944 707.0 
81.956 708.0 
81.968 709.0 
81.991 710.0 
82.061 711.0 
82.026 712.0 
82.061 713.0 
82.108 714.0 
82.131 715.0 
81.921 716.0 
81.944 717.0 
81.979 718.0 
81.979 719.0 
82.026 720.0 
82.038 721.0 
82.061 722.0 
82.061 723.0 
82.061 724.0 
82.119 725.0 
81.932 726.0 
81.874 727.0 
81.944 728.0 
81.968 729.0 
81.968 730.0 
81.991 731.0 
82.014 732.0 
82.038 733.0 
82.096 734.0 
82.061 735.0 
82.084 736.0 
82.096 737.0 
82.073 738.0 
81.676 739.0 
81.909 740.0 
81.932 741.0 
81.932 742.0 
81.944 743.0 
81.944 744.0 
81.956 745.0 
81.956 746.0 
81.968 747.0 
81.944 748.0 
81.991 749.0 
81.968 750.0 
81.991 751.0 
81.968 752.0 
81.991 753.0 
82.014 754.0 
82.026 755.0 
82.026 756.0 
82.014 757.0 
82.038 758.0 
82.014 759.0 
82.014 760.0 
82.014 761.0 
82.049 762.0 
82.026 763.0 
82.026 764.0 
82.038 765.0 
82.026 766.0 
82.026 767.0 
82.026 768.0 
82.049 769.0 
82.038 770.0 
82.038 771.0 
82.038 772.0 
82.026 773.0 
82.061 774.0 
82.014 775.0 
82.038 776.0 
82.049 777.0 
82.026 778.0 
82.061 779.0 
82.026 780.0 
82.026 781.0 
82.038 782.0 
82.003 783.0 
82.026 784.0 
82.026 785.0 
82.014 786.0 
82.014 787.0 
82.014 788.0 
82.061 789.0 
82.014 790.0 
82.049 791.0 
82.038 792.0 
82.014 793.0 
82.061 794.0 
82.049 795.0 
82.026 796.0 
82.038 797.0 
82.014 798.0 
82.003 799.0 
82.038 800.0 
82.014 801.0 
82.049 802.0 
82.049 803.0 
82.014 804.0 
0.001 805.0 
0.005 806.0 
0.008 807.0 
-0.001 808.0 
0.012 809.0 
0.01 810.0 
0.005 811.0 
0.004 812.0 
-0.001 813.0 
-0.008 814.0 
-0.01 815.0 
-0.01 816.0 
-0.02 817.0 
-0.013 818.0 
-0.018 819.0 
-0.014 820.0 
-0.017 821.0 
-0.017 822.0 
-0.025 823.0 
-0.022 824.0 
-0.026 825.0 
-0.028 826.0 
-0.024 827.0 
-0.037 828.0 
-0.035 829.0 
