-0.034 257.0 
-0.03 258.0 
-0.014 259.0 
-0.028 260.0 
-0.043 261.0 
-0.026 262.0 
-0.018 263.0 
-0.035 264.0 
-0.01 265.0 
-0.044 266.0 
-0.022 267.0 
-0.032 268.0 
-0.02 269.0 
-0.01 270.0 
-0.032 271.0 
-0.028 272.0 
-0.025 273.0 
-0.023 274.0 
151.461 275.0 
148.331 276.0 
147.338 277.0 
145.738 278.0 
144.126 279.0 
142.082 280.0 
140.097 281.0 
137.761 282.0 
133.883 283.0 
132.178 284.0 
131.711 285.0 
131.384 286.0 
131.185 287.0 
130.917 288.0 
130.613 289.0 
129.877 290.0 
129.714 291.0 
129.457 292.0 
129.223 293.0 
128.943 294.0 
128.616 295.0 
128.464 296.0 
128.417 297.0 
127.857 298.0 
127.705 299.0 
127.611 300.0 
127.062 301.0 
126.922 302.0 
126.35 303.0 
126.198 304.0 
126.011 305.0 
125.054 306.0 
123.29 307.0 
120.487 308.0 
117.567 309.0 
113.794 310.0 
110.139 311.0 
106.016 312.0 
101.986 313.0 
97.828 314.0 
93.659 315.0 
89.489 316.0 
85.635 317.0 
82.516 318.0 
82.295 319.0 
81.968 320.0 
81.851 321.0 
81.781 322.0 
81.629 323.0 
81.617 324.0 
81.582 325.0 
81.477 326.0 
81.559 327.0 
81.454 328.0 
81.605 329.0 
81.57 330.0 
81.477 331.0 
81.757 332.0 
81.559 333.0 
81.477 334.0 
81.442 335.0 
81.594 336.0 
81.559 337.0 
81.442 338.0 
81.524 339.0 
81.512 340.0 
81.524 341.0 
81.489 342.0 
81.559 343.0 
81.535 344.0 
81.5 345.0 
81.477 346.0 
81.454 347.0 
81.5 348.0 
81.559 349.0 
81.5 350.0 
81.489 351.0 
81.547 352.0 
81.489 353.0 
81.442 354.0 
81.43 355.0 
81.535 356.0 
81.582 357.0 
81.5 358.0 
81.594 359.0 
81.5 360.0 
81.582 361.0 
81.524 362.0 
81.547 363.0 
81.465 364.0 
81.5 365.0 
81.477 366.0 
81.524 367.0 
81.477 368.0 
81.489 369.0 
81.535 370.0 
81.512 371.0 
81.57 372.0 
81.582 373.0 
81.582 374.0 
81.57 375.0 
81.687 376.0 
81.454 377.0 
81.5 378.0 
81.535 379.0 
81.512 380.0 
81.489 381.0 
81.605 382.0 
81.489 383.0 
81.477 384.0 
81.489 385.0 
81.594 386.0 
81.465 387.0 
81.442 388.0 
81.535 389.0 
81.512 390.0 
81.512 391.0 
81.477 392.0 
81.559 393.0 
81.407 394.0 
81.489 395.0 
81.57 396.0 
81.465 397.0 
81.524 398.0 
81.36 399.0 
81.454 400.0 
81.57 401.0 
81.524 402.0 
81.605 403.0 
81.559 404.0 
81.5 405.0 
81.43 406.0 
81.524 407.0 
81.454 408.0 
81.512 409.0 
81.454 410.0 
81.442 411.0 
81.535 412.0 
81.956 413.0 
81.524 414.0 
81.442 415.0 
81.489 416.0 
81.454 417.0 
81.535 418.0 
81.524 419.0 
81.442 420.0 
81.489 421.0 
81.5 422.0 
81.559 423.0 
81.454 424.0 
81.465 425.0 
81.535 426.0 
81.535 427.0 
81.442 428.0 
81.489 429.0 
81.465 430.0 
81.524 431.0 
81.547 432.0 
81.547 433.0 
81.43 434.0 
81.454 435.0 
81.489 436.0 
81.512 437.0 
81.395 438.0 
81.407 439.0 
81.465 440.0 
81.477 441.0 
81.477 442.0 
81.465 443.0 
81.465 444.0 
81.465 445.0 
81.454 446.0 
81.547 447.0 
81.547 448.0 
81.535 449.0 
81.886 450.0 
81.477 451.0 
81.465 452.0 
81.419 453.0 
81.43 454.0 
81.512 455.0 
81.302 456.0 
81.454 457.0 
81.407 458.0 
81.535 459.0 
81.547 460.0 
81.5 461.0 
81.465 462.0 
81.594 463.0 
81.512 464.0 
81.477 465.0 
81.535 466.0 
81.489 467.0 
81.43 468.0 
81.512 469.0 
81.442 470.0 
81.477 471.0 
81.489 472.0 
81.395 473.0 
81.477 474.0 
81.547 475.0 
81.477 476.0 
81.395 477.0 
81.477 478.0 
81.407 479.0 
81.489 480.0 
81.57 481.0 
81.477 482.0 
81.559 483.0 
81.454 484.0 
81.5 485.0 
81.477 486.0 
81.419 487.0 
81.535 488.0 
81.454 489.0 
81.489 490.0 
81.535 491.0 
81.524 492.0 
81.465 493.0 
81.512 494.0 
81.442 495.0 
81.43 496.0 
81.477 497.0 
81.524 498.0 
81.395 499.0 
81.419 500.0 
81.454 501.0 
81.547 502.0 
81.384 503.0 
81.43 504.0 
81.465 505.0 
81.477 506.0 
81.477 507.0 
81.477 508.0 
81.407 509.0 
81.442 510.0 
81.43 511.0 
81.465 512.0 
81.454 513.0 
81.477 514.0 
81.477 515.0 
81.384 516.0 
81.746 517.0 
81.348 518.0 
81.337 519.0 
81.372 520.0 
81.372 521.0 
81.395 522.0 
81.36 523.0 
81.395 524.0 
81.348 525.0 
81.36 526.0 
81.36 527.0 
81.29 528.0 
81.313 529.0 
81.267 530.0 
81.243 531.0 
81.419 532.0 
81.36 533.0 
81.29 534.0 
81.267 535.0 
81.232 536.0 
81.197 537.0 
81.138 538.0 
81.115 539.0 
81.103 540.0 
81.22 541.0 
81.197 542.0 
81.138 543.0 
81.103 544.0 
81.045 545.0 
80.998 546.0 
81.127 547.0 
81.033 548.0 
81.045 549.0 
80.963 550.0 
80.916 551.0 
81.033 552.0 
80.998 553.0 
80.94 554.0 
80.94 555.0 
81.057 556.0 
81.01 557.0 
80.963 558.0 
80.601 559.0 
80.998 560.0 
80.963 561.0 
80.881 562.0 
81.045 563.0 
80.975 564.0 
80.858 565.0 
80.986 566.0 
80.986 567.0 
80.916 568.0 
81.033 569.0 
80.94 570.0 
81.033 571.0 
80.975 572.0 
80.928 573.0 
80.975 574.0 
80.963 575.0 
81.278 576.0 
80.975 577.0 
80.928 578.0 
81.068 579.0 
80.998 580.0 
81.08 581.0 
81.01 582.0 
81.08 583.0 
81.033 584.0 
81.115 585.0 
81.033 586.0 
80.951 587.0 
81.068 588.0 
80.963 589.0 
81.033 590.0 
80.928 591.0 
81.021 592.0 
80.94 593.0 
80.986 594.0 
80.951 595.0 
80.94 596.0 
80.951 597.0 
80.986 598.0 
80.916 599.0 
81.033 600.0 
81.127 601.0 
80.998 602.0 
81.068 603.0 
80.963 604.0 
81.057 605.0 
80.94 606.0 
81.01 607.0 
80.94 608.0 
81.021 609.0 
81.068 610.0 
80.986 611.0 
81.057 612.0 
80.951 613.0 
81.01 614.0 
80.905 615.0 
80.998 616.0 
81.068 617.0 
80.858 618.0 
80.986 619.0 
80.741 620.0 
80.975 621.0 
81.021 622.0 
80.916 623.0 
80.986 624.0 
81.08 625.0 
80.951 626.0 
81.021 627.0 
81.068 628.0 
80.928 629.0 
80.998 630.0 
81.068 631.0 
80.916 632.0 
81.021 633.0 
81.057 634.0 
80.951 635.0 
81.01 636.0 
81.068 637.0 
80.963 638.0 
81.01 639.0 
81.068 640.0 
80.951 641.0 
81.021 642.0 
81.045 643.0 
80.951 644.0 
80.986 645.0 
81.045 646.0 
81.103 647.0 
80.963 648.0 
80.963 649.0 
81.057 650.0 
80.893 651.0 
80.975 652.0 
80.986 653.0 
81.057 654.0 
80.893 655.0 
80.963 656.0 
80.998 657.0 
81.068 658.0 
80.94 659.0 
80.975 660.0 
81.057 661.0 
81.068 662.0 
80.916 663.0 
80.986 664.0 
81.057 665.0 
81.08 666.0 
80.94 667.0 
81.021 668.0 
81.057 669.0 
81.057 670.0 
80.905 671.0 
80.951 672.0 
81.01 673.0 
81.01 674.0 
81.092 675.0 
80.893 676.0 
80.963 677.0 
80.986 678.0 
81.01 679.0 
81.068 680.0 
80.928 681.0 
80.928 682.0 
80.986 683.0 
81.021 684.0 
81.068 685.0 
81.092 686.0 
80.916 687.0 
80.928 688.0 
81.021 689.0 
80.998 690.0 
81.08 691.0 
81.068 692.0 
80.905 693.0 
80.928 694.0 
80.951 695.0 
80.998 696.0 
81.033 697.0 
81.033 698.0 
80.706 699.0 
80.94 700.0 
80.951 701.0 
80.986 702.0 
80.986 703.0 
80.998 704.0 
80.998 705.0 
81.092 706.0 
80.893 707.0 
80.94 708.0 
80.963 709.0 
80.998 710.0 
80.998 711.0 
81.01 712.0 
81.033 713.0 
81.08 714.0 
81.08 715.0 
80.893 716.0 
80.94 717.0 
80.94 718.0 
80.963 719.0 
80.975 720.0 
81.033 721.0 
81.057 722.0 
81.057 723.0 
81.068 724.0 
81.092 725.0 
80.881 726.0 
80.905 727.0 
80.916 728.0 
80.951 729.0 
80.975 730.0 
80.986 731.0 
81.021 732.0 
81.021 733.0 
81.021 734.0 
81.021 735.0 
81.033 736.0 
81.045 737.0 
81.057 738.0 
80.87 739.0 
80.87 740.0 
80.893 741.0 
80.916 742.0 
80.928 743.0 
80.94 744.0 
80.951 745.0 
80.951 746.0 
80.916 747.0 
80.975 748.0 
80.951 749.0 
80.975 750.0 
80.975 751.0 
80.963 752.0 
80.975 753.0 
80.951 754.0 
80.986 755.0 
80.975 756.0 
80.998 757.0 
80.986 758.0 
80.975 759.0 
80.986 760.0 
80.998 761.0 
81.021 762.0 
81.021 763.0 
80.998 764.0 
80.998 765.0 
81.021 766.0 
81.01 767.0 
81.01 768.0 
81.021 769.0 
81.01 770.0 
81.01 771.0 
81.01 772.0 
80.986 773.0 
81.021 774.0 
81.033 775.0 
81.021 776.0 
81.01 777.0 
80.986 778.0 
81.01 779.0 
81.021 780.0 
80.998 781.0 
80.998 782.0 
80.986 783.0 
80.998 784.0 
80.975 785.0 
81.021 786.0 
81.01 787.0 
81.01 788.0 
81.033 789.0 
81.021 790.0 
81.01 791.0 
81.01 792.0 
80.986 793.0 
80.986 794.0 
81.01 795.0 
80.998 796.0 
81.033 797.0 
80.998 798.0 
80.963 799.0 
80.998 800.0 
80.986 801.0 
81.021 802.0 
80.998 803.0 
81.01 804.0 
0.004 805.0 
0.004 806.0 
0.004 807.0 
-0.004 808.0 
0.012 809.0 
0.004 810.0 
-0.002 811.0 
-0.001 812.0 
0.001 813.0 
-0.006 814.0 
-0.006 815.0 
-0.008 816.0 
-0.02 817.0 
-0.01 818.0 
-0.02 819.0 
-0.011 820.0 
-0.013 821.0 
-0.016 822.0 
-0.02 823.0 
-0.018 824.0 
-0.016 825.0 
-0.024 826.0 
-0.019 827.0 
-0.028 828.0 
-0.024 829.0 
