-0.034 257.0 
-0.014 258.0 
-0.026 259.0 
-0.035 260.0 
-0.043 261.0 
-0.055 262.0 
-0.029 263.0 
-0.044 264.0 
-0.035 265.0 
-0.043 266.0 
-0.042 267.0 
-0.036 268.0 
-0.02 269.0 
-0.017 270.0 
-0.028 271.0 
-0.047 272.0 
-0.034 273.0 
-0.026 274.0 
153.003 275.0 
150.025 276.0 
149.102 277.0 
147.829 278.0 
146.135 279.0 
144.045 280.0 
141.989 281.0 
139.7 282.0 
136.301 283.0 
134.9 284.0 
134.479 285.0 
134.14 286.0 
133.93 287.0 
133.591 288.0 
133.346 289.0 
132.575 290.0 
132.494 291.0 
132.248 292.0 
132.026 293.0 
131.711 294.0 
131.384 295.0 
131.209 296.0 
131.15 297.0 
130.566 298.0 
130.356 299.0 
130.239 300.0 
129.574 301.0 
129.422 302.0 
128.814 303.0 
128.593 304.0 
128.336 305.0 
127.308 306.0 
125.357 307.0 
122.437 308.0 
119.05 309.0 
115.032 310.0 
110.851 311.0 
106.425 312.0 
102.138 313.0 
97.513 314.0 
93.122 315.0 
88.905 316.0 
85.343 317.0 
82.178 318.0 
81.968 319.0 
81.711 320.0 
81.559 321.0 
81.547 322.0 
81.384 323.0 
81.43 324.0 
81.36 325.0 
81.255 326.0 
81.325 327.0 
81.22 328.0 
81.278 329.0 
81.372 330.0 
81.243 331.0 
81.348 332.0 
81.348 333.0 
81.29 334.0 
81.197 335.0 
81.313 336.0 
81.36 337.0 
81.22 338.0 
81.313 339.0 
81.255 340.0 
81.29 341.0 
81.267 342.0 
81.278 343.0 
81.337 344.0 
81.267 345.0 
81.243 346.0 
81.243 347.0 
81.255 348.0 
81.313 349.0 
81.29 350.0 
81.255 351.0 
81.337 352.0 
81.278 353.0 
81.243 354.0 
81.197 355.0 
81.278 356.0 
81.36 357.0 
81.278 358.0 
81.372 359.0 
81.267 360.0 
81.348 361.0 
81.267 362.0 
81.302 363.0 
81.255 364.0 
81.267 365.0 
81.302 366.0 
81.313 367.0 
81.267 368.0 
81.278 369.0 
81.313 370.0 
81.313 371.0 
81.278 372.0 
81.325 373.0 
81.337 374.0 
81.337 375.0 
81.372 376.0 
81.22 377.0 
81.278 378.0 
81.267 379.0 
81.278 380.0 
81.29 381.0 
81.372 382.0 
81.278 383.0 
81.255 384.0 
81.267 385.0 
81.337 386.0 
81.197 387.0 
81.208 388.0 
81.325 389.0 
81.29 390.0 
81.325 391.0 
81.22 392.0 
81.36 393.0 
81.185 394.0 
81.278 395.0 
81.325 396.0 
81.22 397.0 
81.29 398.0 
81.173 399.0 
81.197 400.0 
81.337 401.0 
81.325 402.0 
81.372 403.0 
81.325 404.0 
81.302 405.0 
81.22 406.0 
81.232 407.0 
81.243 408.0 
81.29 409.0 
81.22 410.0 
81.255 411.0 
81.29 412.0 
81.804 413.0 
81.337 414.0 
81.278 415.0 
81.313 416.0 
81.22 417.0 
81.29 418.0 
81.313 419.0 
81.197 420.0 
81.29 421.0 
81.325 422.0 
81.372 423.0 
81.29 424.0 
81.255 425.0 
81.313 426.0 
81.325 427.0 
81.232 428.0 
81.278 429.0 
81.255 430.0 
81.302 431.0 
81.302 432.0 
81.302 433.0 
81.232 434.0 
81.232 435.0 
81.243 436.0 
81.348 437.0 
81.22 438.0 
81.185 439.0 
81.267 440.0 
81.255 441.0 
81.267 442.0 
81.255 443.0 
81.255 444.0 
81.232 445.0 
81.208 446.0 
81.348 447.0 
81.348 448.0 
81.547 449.0 
81.5 450.0 
81.278 451.0 
81.232 452.0 
81.208 453.0 
81.185 454.0 
81.313 455.0 
81.021 456.0 
81.243 457.0 
81.232 458.0 
81.313 459.0 
81.337 460.0 
81.29 461.0 
81.278 462.0 
81.36 463.0 
81.302 464.0 
81.243 465.0 
81.36 466.0 
81.267 467.0 
81.22 468.0 
81.325 469.0 
81.232 470.0 
81.185 471.0 
81.22 472.0 
81.15 473.0 
81.267 474.0 
81.372 475.0 
81.255 476.0 
81.185 477.0 
81.243 478.0 
81.173 479.0 
81.29 480.0 
81.384 481.0 
81.267 482.0 
81.36 483.0 
81.255 484.0 
81.278 485.0 
81.185 486.0 
81.22 487.0 
81.325 488.0 
81.255 489.0 
81.267 490.0 
81.325 491.0 
81.208 492.0 
81.255 493.0 
81.302 494.0 
81.232 495.0 
81.22 496.0 
81.302 497.0 
81.302 498.0 
81.173 499.0 
81.243 500.0 
81.278 501.0 
81.29 502.0 
81.173 503.0 
81.22 504.0 
81.255 505.0 
81.255 506.0 
81.173 507.0 
81.267 508.0 
81.15 509.0 
81.208 510.0 
81.232 511.0 
81.232 512.0 
81.243 513.0 
81.267 514.0 
81.278 515.0 
81.162 516.0 
81.617 517.0 
81.115 518.0 
81.103 519.0 
81.15 520.0 
81.173 521.0 
81.15 522.0 
81.173 523.0 
81.173 524.0 
81.15 525.0 
81.127 526.0 
81.103 527.0 
81.068 528.0 
81.092 529.0 
81.08 530.0 
81.033 531.0 
81.162 532.0 
81.127 533.0 
81.092 534.0 
81.068 535.0 
81.021 536.0 
81.021 537.0 
80.951 538.0 
80.928 539.0 
80.87 540.0 
81.021 541.0 
80.94 542.0 
80.928 543.0 
80.893 544.0 
80.835 545.0 
80.835 546.0 
80.975 547.0 
80.881 548.0 
80.835 549.0 
80.788 550.0 
80.753 551.0 
80.835 552.0 
80.8 553.0 
80.729 554.0 
80.718 555.0 
80.893 556.0 
80.765 557.0 
80.729 558.0 
80.426 559.0 
80.811 560.0 
80.788 561.0 
80.718 562.0 
80.87 563.0 
80.753 564.0 
80.694 565.0 
80.835 566.0 
80.846 567.0 
80.671 568.0 
80.823 569.0 
80.765 570.0 
80.846 571.0 
80.765 572.0 
80.694 573.0 
80.776 574.0 
80.741 575.0 
81.162 576.0 
80.741 577.0 
80.788 578.0 
80.893 579.0 
80.788 580.0 
80.881 581.0 
80.835 582.0 
80.916 583.0 
80.835 584.0 
80.414 585.0 
80.87 586.0 
80.753 587.0 
80.858 588.0 
80.776 589.0 
80.846 590.0 
80.776 591.0 
80.835 592.0 
80.765 593.0 
80.811 594.0 
80.765 595.0 
80.858 596.0 
80.753 597.0 
80.846 598.0 
80.741 599.0 
80.823 600.0 
80.916 601.0 
80.823 602.0 
80.87 603.0 
80.788 604.0 
80.881 605.0 
80.765 606.0 
80.835 607.0 
80.718 608.0 
80.835 609.0 
80.905 610.0 
80.765 611.0 
80.881 612.0 
80.753 613.0 
80.858 614.0 
80.741 615.0 
80.835 616.0 
80.881 617.0 
80.706 618.0 
80.811 619.0 
80.578 620.0 
80.765 621.0 
80.858 622.0 
80.741 623.0 
80.8 624.0 
80.87 625.0 
80.753 626.0 
80.835 627.0 
80.881 628.0 
80.8 629.0 
80.823 630.0 
80.881 631.0 
80.776 632.0 
80.835 633.0 
81.103 634.0 
80.776 635.0 
80.823 636.0 
80.893 637.0 
80.741 638.0 
80.811 639.0 
80.881 640.0 
80.765 641.0 
80.846 642.0 
80.858 643.0 
80.706 644.0 
80.776 645.0 
80.858 646.0 
80.881 647.0 
80.753 648.0 
80.788 649.0 
80.87 650.0 
80.694 651.0 
80.718 652.0 
80.811 653.0 
80.881 654.0 
80.694 655.0 
80.776 656.0 
80.788 657.0 
80.881 658.0 
80.765 659.0 
80.8 660.0 
80.881 661.0 
80.905 662.0 
80.741 663.0 
80.788 664.0 
80.858 665.0 
80.916 666.0 
80.753 667.0 
80.776 668.0 
80.835 669.0 
80.87 670.0 
80.694 671.0 
80.765 672.0 
80.823 673.0 
80.87 674.0 
80.881 675.0 
80.718 676.0 
80.765 677.0 
80.811 678.0 
80.846 679.0 
80.87 680.0 
80.718 681.0 
80.788 682.0 
80.823 683.0 
80.823 684.0 
80.893 685.0 
80.905 686.0 
80.753 687.0 
80.776 688.0 
80.823 689.0 
80.823 690.0 
80.846 691.0 
80.881 692.0 
80.718 693.0 
80.765 694.0 
80.788 695.0 
80.823 696.0 
80.846 697.0 
80.893 698.0 
80.578 699.0 
80.729 700.0 
80.765 701.0 
80.8 702.0 
80.811 703.0 
80.846 704.0 
80.765 705.0 
80.905 706.0 
80.729 707.0 
80.776 708.0 
80.753 709.0 
80.8 710.0 
80.823 711.0 
80.846 712.0 
80.87 713.0 
80.87 714.0 
80.776 715.0 
80.718 716.0 
80.718 717.0 
80.765 718.0 
80.765 719.0 
80.8 720.0 
80.8 721.0 
80.823 722.0 
80.846 723.0 
80.881 724.0 
80.916 725.0 
80.706 726.0 
80.729 727.0 
80.741 728.0 
80.776 729.0 
80.753 730.0 
80.8 731.0 
80.8 732.0 
80.835 733.0 
80.846 734.0 
80.87 735.0 
80.8 736.0 
80.858 737.0 
80.881 738.0 
80.659 739.0 
80.718 740.0 
80.718 741.0 
80.694 742.0 
80.753 743.0 
80.765 744.0 
80.765 745.0 
80.741 746.0 
80.753 747.0 
80.776 748.0 
80.823 749.0 
80.776 750.0 
80.811 751.0 
80.776 752.0 
80.788 753.0 
80.788 754.0 
80.776 755.0 
80.788 756.0 
80.811 757.0 
80.811 758.0 
80.835 759.0 
80.8 760.0 
80.823 761.0 
80.835 762.0 
80.823 763.0 
80.811 764.0 
80.811 765.0 
80.823 766.0 
80.835 767.0 
80.846 768.0 
80.811 769.0 
80.835 770.0 
80.823 771.0 
80.811 772.0 
80.8 773.0 
80.823 774.0 
80.846 775.0 
80.823 776.0 
80.811 777.0 
80.788 778.0 
80.846 779.0 
80.811 780.0 
80.846 781.0 
80.835 782.0 
80.8 783.0 
80.811 784.0 
80.823 785.0 
80.835 786.0 
80.846 787.0 
80.811 788.0 
80.846 789.0 
80.811 790.0 
80.823 791.0 
80.823 792.0 
80.776 793.0 
80.811 794.0 
80.835 795.0 
80.8 796.0 
80.823 797.0 
80.811 798.0 
80.823 799.0 
80.823 800.0 
80.835 801.0 
80.846 802.0 
80.8 803.0 
80.835 804.0 
0.01 805.0 
0.002 806.0 
0.0 807.0 
0.005 808.0 
0.008 809.0 
0.011 810.0 
0.006 811.0 
0.0 812.0 
-0.004 813.0 
0.004 814.0 
-0.002 815.0 
-0.007 816.0 
-0.012 817.0 
-0.01 818.0 
-0.006 819.0 
-0.007 820.0 
-0.007 821.0 
-0.007 822.0 
-0.008 823.0 
-0.01 824.0 
-0.014 825.0 
-0.013 826.0 
-0.025 827.0 
-0.022 828.0 
-0.02 829.0 
