-0.041 257.0 
-0.053 258.0 
-0.038 259.0 
-0.041 260.0 
-0.026 261.0 
-0.038 262.0 
-0.049 263.0 
-0.042 264.0 
-0.042 265.0 
-0.04 266.0 
-0.04 267.0 
-0.016 268.0 
-0.036 269.0 
-0.03 270.0 
-0.019 271.0 
-0.02 272.0 
-0.026 273.0 
-0.042 274.0 
151.193 275.0 
148.156 276.0 
146.894 277.0 
145.037 278.0 
143.134 279.0 
140.985 280.0 
138.952 281.0 
136.208 282.0 
132.599 283.0 
130.485 284.0 
129.982 285.0 
129.597 286.0 
129.328 287.0 
128.978 288.0 
128.663 289.0 
128.394 290.0 
127.787 291.0 
127.483 292.0 
127.238 293.0 
127.098 294.0 
126.549 295.0 
126.373 296.0 
126.28 297.0 
125.719 298.0 
125.416 299.0 
125.369 300.0 
124.808 301.0 
124.68 302.0 
124.178 303.0 
124.014 304.0 
123.839 305.0 
122.893 306.0 
121.071 307.0 
118.256 308.0 
115.395 309.0 
111.809 310.0 
108.247 311.0 
104.17 312.0 
100.234 313.0 
96.076 314.0 
92.129 315.0 
88.076 316.0 
84.105 317.0 
81.021 318.0 
80.706 319.0 
80.321 320.0 
80.227 321.0 
80.005 322.0 
79.83 323.0 
79.795 324.0 
79.725 325.0 
79.562 326.0 
79.76 327.0 
79.678 328.0 
79.807 329.0 
79.748 330.0 
79.655 331.0 
79.737 332.0 
79.76 333.0 
79.655 334.0 
79.76 335.0 
79.725 336.0 
79.748 337.0 
79.608 338.0 
79.76 339.0 
79.667 340.0 
79.655 341.0 
79.643 342.0 
79.795 343.0 
79.678 344.0 
79.643 345.0 
79.632 346.0 
79.573 347.0 
79.772 348.0 
79.702 349.0 
79.678 350.0 
79.655 351.0 
79.713 352.0 
79.667 353.0 
79.608 354.0 
79.795 355.0 
79.678 356.0 
79.748 357.0 
79.655 358.0 
79.737 359.0 
79.702 360.0 
79.748 361.0 
79.608 362.0 
79.678 363.0 
79.608 364.0 
79.655 365.0 
79.667 366.0 
79.69 367.0 
79.632 368.0 
79.62 369.0 
79.69 370.0 
79.678 371.0 
79.725 372.0 
79.713 373.0 
79.737 374.0 
79.783 375.0 
79.772 376.0 
79.456 377.0 
79.667 378.0 
79.643 379.0 
79.667 380.0 
79.702 381.0 
79.772 382.0 
79.678 383.0 
79.632 384.0 
79.643 385.0 
79.725 386.0 
79.562 387.0 
79.62 388.0 
79.667 389.0 
79.713 390.0 
79.702 391.0 
79.643 392.0 
79.737 393.0 
79.608 394.0 
79.737 395.0 
79.83 396.0 
79.597 397.0 
79.69 398.0 
79.562 399.0 
79.62 400.0 
79.737 401.0 
79.678 402.0 
79.76 403.0 
79.713 404.0 
79.69 405.0 
79.597 406.0 
79.69 407.0 
79.643 408.0 
79.678 409.0 
79.62 410.0 
79.655 411.0 
79.69 412.0 
79.725 413.0 
79.725 414.0 
79.643 415.0 
79.69 416.0 
79.597 417.0 
79.76 418.0 
79.702 419.0 
79.62 420.0 
79.667 421.0 
79.69 422.0 
79.713 423.0 
79.643 424.0 
79.667 425.0 
79.655 426.0 
79.725 427.0 
79.643 428.0 
79.632 429.0 
79.632 430.0 
79.702 431.0 
79.69 432.0 
79.69 433.0 
79.597 434.0 
79.632 435.0 
79.69 436.0 
79.842 437.0 
79.597 438.0 
79.632 439.0 
79.655 440.0 
79.62 441.0 
79.62 442.0 
79.655 443.0 
79.643 444.0 
79.597 445.0 
79.585 446.0 
79.713 447.0 
79.713 448.0 
79.702 449.0 
79.935 450.0 
79.655 451.0 
79.643 452.0 
79.597 453.0 
79.62 454.0 
79.702 455.0 
79.69 456.0 
79.608 457.0 
79.573 458.0 
79.678 459.0 
79.737 460.0 
79.643 461.0 
79.632 462.0 
79.702 463.0 
79.655 464.0 
79.667 465.0 
79.69 466.0 
79.667 467.0 
79.562 468.0 
79.69 469.0 
79.632 470.0 
79.69 471.0 
79.643 472.0 
79.737 473.0 
79.655 474.0 
79.76 475.0 
79.678 476.0 
79.55 477.0 
79.643 478.0 
79.55 479.0 
79.62 480.0 
79.748 481.0 
79.655 482.0 
79.678 483.0 
79.62 484.0 
79.667 485.0 
79.573 486.0 
79.608 487.0 
79.69 488.0 
79.655 489.0 
79.643 490.0 
79.702 491.0 
79.737 492.0 
79.643 493.0 
79.702 494.0 
79.632 495.0 
79.573 496.0 
79.655 497.0 
79.702 498.0 
79.573 499.0 
79.573 500.0 
79.643 501.0 
79.667 502.0 
79.55 503.0 
79.585 504.0 
79.597 505.0 
79.608 506.0 
79.667 507.0 
79.912 508.0 
79.562 509.0 
79.585 510.0 
79.632 511.0 
79.62 512.0 
79.643 513.0 
79.632 514.0 
79.69 515.0 
79.702 516.0 
79.713 517.0 
79.48 518.0 
79.456 519.0 
79.491 520.0 
79.562 521.0 
79.55 522.0 
79.562 523.0 
79.526 524.0 
79.526 525.0 
79.515 526.0 
79.503 527.0 
79.515 528.0 
79.48 529.0 
79.421 530.0 
79.445 531.0 
79.538 532.0 
79.503 533.0 
79.48 534.0 
79.468 535.0 
79.433 536.0 
79.375 537.0 
79.316 538.0 
79.223 539.0 
79.234 540.0 
79.375 541.0 
79.316 542.0 
79.258 543.0 
79.199 544.0 
79.211 545.0 
79.153 546.0 
79.223 547.0 
79.211 548.0 
79.141 549.0 
79.083 550.0 
79.013 551.0 
79.164 552.0 
79.106 553.0 
79.059 554.0 
79.059 555.0 
79.141 556.0 
79.141 557.0 
79.059 558.0 
79.199 559.0 
79.153 560.0 
79.083 561.0 
79.024 562.0 
79.118 563.0 
79.071 564.0 
78.942 565.0 
79.129 566.0 
79.188 567.0 
79.013 568.0 
79.129 569.0 
79.059 570.0 
79.153 571.0 
79.083 572.0 
79.013 573.0 
79.083 574.0 
79.048 575.0 
79.153 576.0 
79.036 577.0 
79.059 578.0 
79.176 579.0 
79.059 580.0 
79.153 581.0 
79.118 582.0 
79.153 583.0 
79.129 584.0 
79.234 585.0 
79.141 586.0 
79.094 587.0 
79.176 588.0 
79.071 589.0 
79.153 590.0 
79.059 591.0 
79.094 592.0 
79.083 593.0 
79.188 594.0 
79.083 595.0 
79.199 596.0 
79.071 597.0 
79.118 598.0 
79.094 599.0 
79.164 600.0 
79.188 601.0 
79.118 602.0 
79.199 603.0 
79.083 604.0 
79.176 605.0 
79.083 606.0 
79.141 607.0 
79.071 608.0 
79.141 609.0 
79.211 610.0 
79.106 611.0 
79.153 612.0 
79.059 613.0 
79.141 614.0 
79.013 615.0 
79.141 616.0 
79.199 617.0 
79.083 618.0 
79.153 619.0 
79.176 620.0 
79.118 621.0 
79.106 622.0 
79.059 623.0 
79.083 624.0 
79.211 625.0 
79.059 626.0 
79.176 627.0 
79.188 628.0 
79.059 629.0 
79.129 630.0 
79.223 631.0 
79.024 632.0 
79.164 633.0 
79.234 634.0 
79.094 635.0 
79.176 636.0 
79.199 637.0 
79.094 638.0 
79.106 639.0 
79.199 640.0 
79.048 641.0 
79.129 642.0 
79.164 643.0 
79.013 644.0 
79.106 645.0 
79.129 646.0 
79.164 647.0 
79.083 648.0 
79.071 649.0 
79.176 650.0 
79.048 651.0 
79.083 652.0 
79.118 653.0 
79.223 654.0 
79.059 655.0 
79.106 656.0 
79.083 657.0 
79.176 658.0 
79.071 659.0 
79.118 660.0 
79.188 661.0 
79.223 662.0 
79.048 663.0 
79.083 664.0 
79.164 665.0 
79.199 666.0 
79.083 667.0 
79.118 668.0 
79.153 669.0 
79.199 670.0 
79.059 671.0 
79.071 672.0 
79.106 673.0 
79.141 674.0 
79.199 675.0 
79.094 676.0 
79.048 677.0 
79.118 678.0 
79.071 679.0 
79.188 680.0 
79.036 681.0 
79.048 682.0 
79.129 683.0 
79.129 684.0 
79.176 685.0 
79.234 686.0 
79.024 687.0 
79.106 688.0 
79.129 689.0 
79.129 690.0 
79.176 691.0 
79.176 692.0 
79.013 693.0 
79.083 694.0 
79.106 695.0 
79.129 696.0 
79.164 697.0 
79.141 698.0 
78.592 699.0 
79.013 700.0 
79.024 701.0 
79.071 702.0 
79.118 703.0 
79.094 704.0 
79.176 705.0 
79.211 706.0 
79.036 707.0 
79.059 708.0 
79.083 709.0 
79.083 710.0 
79.153 711.0 
79.141 712.0 
79.176 713.0 
79.199 714.0 
79.211 715.0 
79.059 716.0 
79.083 717.0 
79.036 718.0 
79.106 719.0 
79.083 720.0 
79.118 721.0 
79.164 722.0 
79.188 723.0 
79.176 724.0 
79.188 725.0 
79.024 726.0 
79.036 727.0 
79.059 728.0 
79.118 729.0 
79.094 730.0 
79.106 731.0 
79.118 732.0 
79.153 733.0 
79.141 734.0 
79.141 735.0 
79.176 736.0 
79.199 737.0 
79.188 738.0 
78.744 739.0 
79.024 740.0 
79.036 741.0 
79.048 742.0 
79.048 743.0 
79.036 744.0 
79.036 745.0 
79.059 746.0 
79.083 747.0 
79.048 748.0 
79.094 749.0 
79.083 750.0 
79.094 751.0 
79.118 752.0 
79.106 753.0 
79.094 754.0 
79.106 755.0 
79.118 756.0 
79.141 757.0 
79.094 758.0 
79.106 759.0 
79.106 760.0 
79.094 761.0 
79.141 762.0 
79.129 763.0 
79.118 764.0 
79.164 765.0 
79.129 766.0 
79.118 767.0 
79.141 768.0 
79.141 769.0 
79.129 770.0 
79.164 771.0 
79.164 772.0 
79.141 773.0 
79.164 774.0 
79.129 775.0 
79.141 776.0 
79.118 777.0 
79.106 778.0 
79.129 779.0 
79.118 780.0 
79.094 781.0 
79.118 782.0 
79.118 783.0 
79.141 784.0 
79.129 785.0 
79.106 786.0 
79.153 787.0 
79.129 788.0 
79.153 789.0 
79.129 790.0 
79.141 791.0 
79.129 792.0 
79.118 793.0 
79.118 794.0 
79.118 795.0 
79.129 796.0 
79.118 797.0 
79.118 798.0 
79.083 799.0 
79.118 800.0 
79.118 801.0 
79.153 802.0 
79.106 803.0 
79.153 804.0 
0.008 805.0 
0.007 806.0 
0.0 807.0 
-0.001 808.0 
-0.002 809.0 
0.0 810.0 
-0.001 811.0 
-0.007 812.0 
0.001 813.0 
-0.004 814.0 
-0.011 815.0 
-0.013 816.0 
-0.014 817.0 
-0.019 818.0 
-0.02 819.0 
-0.012 820.0 
-0.02 821.0 
-0.016 822.0 
-0.02 823.0 
-0.02 824.0 
-0.008 825.0 
-0.016 826.0 
-0.02 827.0 
-0.016 828.0 
-0.018 829.0 
