-0.024 257.0 
-0.016 258.0 
-0.071 259.0 
-0.025 260.0 
-0.046 261.0 
-0.053 262.0 
-0.042 263.0 
-0.023 264.0 
-0.03 265.0 
-0.023 266.0 
-0.064 267.0 
-0.03 268.0 
-0.025 269.0 
-0.049 270.0 
-0.041 271.0 
-0.062 272.0 
-0.042 273.0 
-0.037 274.0 
153.447 275.0 
148.81 276.0 
147.747 277.0 
146.264 278.0 
144.605 279.0 
142.526 280.0 
140.833 281.0 
138.684 282.0 
135.811 283.0 
134.643 284.0 
134.199 285.0 
133.837 286.0 
133.615 287.0 
133.299 288.0 
133.089 289.0 
132.423 290.0 
132.19 291.0 
131.968 292.0 
131.676 293.0 
131.407 294.0 
131.069 295.0 
130.87 296.0 
130.765 297.0 
130.251 298.0 
130.017 299.0 
129.901 300.0 
129.34 301.0 
129.305 302.0 
128.779 303.0 
128.698 304.0 
128.616 305.0 
127.95 306.0 
126.712 307.0 
124.481 308.0 
121.433 309.0 
117.263 310.0 
112.86 311.0 
108.025 312.0 
103.715 313.0 
99.031 314.0 
94.909 315.0 
90.54 316.0 
86.85 317.0 
83.895 318.0 
83.766 319.0 
83.556 320.0 
83.474 321.0 
83.404 322.0 
83.287 323.0 
83.357 324.0 
83.311 325.0 
83.124 326.0 
83.252 327.0 
83.252 328.0 
83.404 329.0 
83.299 330.0 
83.217 331.0 
83.287 332.0 
83.287 333.0 
83.217 334.0 
83.346 335.0 
83.299 336.0 
83.311 337.0 
83.194 338.0 
83.369 339.0 
83.264 340.0 
83.229 341.0 
83.194 342.0 
83.404 343.0 
83.299 344.0 
83.241 345.0 
83.194 346.0 
83.124 347.0 
83.322 348.0 
83.276 349.0 
83.241 350.0 
83.229 351.0 
83.276 352.0 
83.217 353.0 
83.124 354.0 
83.346 355.0 
83.276 356.0 
83.334 357.0 
83.241 358.0 
83.346 359.0 
83.276 360.0 
83.334 361.0 
83.194 362.0 
83.287 363.0 
83.229 364.0 
83.252 365.0 
83.252 366.0 
83.241 367.0 
83.229 368.0 
83.229 369.0 
83.252 370.0 
83.287 371.0 
83.299 372.0 
83.252 373.0 
83.276 374.0 
83.334 375.0 
83.556 376.0 
83.135 377.0 
83.264 378.0 
83.229 379.0 
83.252 380.0 
83.241 381.0 
83.346 382.0 
83.276 383.0 
83.241 384.0 
83.206 385.0 
83.346 386.0 
83.182 387.0 
83.159 388.0 
83.264 389.0 
83.276 390.0 
83.264 391.0 
83.217 392.0 
83.334 393.0 
83.147 394.0 
83.264 395.0 
83.346 396.0 
83.194 397.0 
83.264 398.0 
83.171 399.0 
83.206 400.0 
83.299 401.0 
83.264 402.0 
83.346 403.0 
83.299 404.0 
83.229 405.0 
83.171 406.0 
83.206 407.0 
83.229 408.0 
83.276 409.0 
83.171 410.0 
83.252 411.0 
83.299 412.0 
83.661 413.0 
83.287 414.0 
83.206 415.0 
83.276 416.0 
83.217 417.0 
83.346 418.0 
83.276 419.0 
83.194 420.0 
83.217 421.0 
83.252 422.0 
83.311 423.0 
83.229 424.0 
83.252 425.0 
83.252 426.0 
83.276 427.0 
83.171 428.0 
83.182 429.0 
83.171 430.0 
83.252 431.0 
83.264 432.0 
83.276 433.0 
83.182 434.0 
83.194 435.0 
83.182 436.0 
83.252 437.0 
83.217 438.0 
83.159 439.0 
83.241 440.0 
83.229 441.0 
83.206 442.0 
83.217 443.0 
83.229 444.0 
83.229 445.0 
83.171 446.0 
83.252 447.0 
83.241 448.0 
83.287 449.0 
83.579 450.0 
83.241 451.0 
83.194 452.0 
83.206 453.0 
83.159 454.0 
83.264 455.0 
83.264 456.0 
83.206 457.0 
83.182 458.0 
83.276 459.0 
83.299 460.0 
83.229 461.0 
83.182 462.0 
83.299 463.0 
83.287 464.0 
83.252 465.0 
83.299 466.0 
83.229 467.0 
83.171 468.0 
83.241 469.0 
83.171 470.0 
83.182 471.0 
83.217 472.0 
83.206 473.0 
83.217 474.0 
83.334 475.0 
83.194 476.0 
83.159 477.0 
83.229 478.0 
83.159 479.0 
83.241 480.0 
83.322 481.0 
83.217 482.0 
83.299 483.0 
83.229 484.0 
83.229 485.0 
83.182 486.0 
83.182 487.0 
83.287 488.0 
83.217 489.0 
83.217 490.0 
83.276 491.0 
83.252 492.0 
83.217 493.0 
83.276 494.0 
83.182 495.0 
83.124 496.0 
83.217 497.0 
83.287 498.0 
83.147 499.0 
83.194 500.0 
83.217 501.0 
83.252 502.0 
83.135 503.0 
83.194 504.0 
83.206 505.0 
83.206 506.0 
83.147 507.0 
83.229 508.0 
83.124 509.0 
83.124 510.0 
83.182 511.0 
83.182 512.0 
83.217 513.0 
83.217 514.0 
83.217 515.0 
83.276 516.0 
83.498 517.0 
83.03 518.0 
83.124 519.0 
83.065 520.0 
83.1 521.0 
83.124 522.0 
83.135 523.0 
83.124 524.0 
83.089 525.0 
83.077 526.0 
83.065 527.0 
83.007 528.0 
83.042 529.0 
82.995 530.0 
82.984 531.0 
83.124 532.0 
83.112 533.0 
83.054 534.0 
83.019 535.0 
83.007 536.0 
82.949 537.0 
82.867 538.0 
82.879 539.0 
82.773 540.0 
82.902 541.0 
82.855 542.0 
82.808 543.0 
82.773 544.0 
82.738 545.0 
82.657 546.0 
82.762 547.0 
82.727 548.0 
82.692 549.0 
82.622 550.0 
82.54 551.0 
82.657 552.0 
82.633 553.0 
82.563 554.0 
82.551 555.0 
82.657 556.0 
82.657 557.0 
82.61 558.0 
82.318 559.0 
82.657 560.0 
82.61 561.0 
82.528 562.0 
82.645 563.0 
82.516 564.0 
82.516 565.0 
82.668 566.0 
82.598 567.0 
82.528 568.0 
82.551 569.0 
82.575 570.0 
82.668 571.0 
82.575 572.0 
82.516 573.0 
82.598 574.0 
82.516 575.0 
83.019 576.0 
82.61 577.0 
82.61 578.0 
82.68 579.0 
82.598 580.0 
82.715 581.0 
82.622 582.0 
82.703 583.0 
82.633 584.0 
82.213 585.0 
82.703 586.0 
82.563 587.0 
82.668 588.0 
82.61 589.0 
82.692 590.0 
82.598 591.0 
82.657 592.0 
82.587 593.0 
82.645 594.0 
82.563 595.0 
82.598 596.0 
82.563 597.0 
82.61 598.0 
82.575 599.0 
82.645 600.0 
82.75 601.0 
82.645 602.0 
82.762 603.0 
82.633 604.0 
82.68 605.0 
82.598 606.0 
82.657 607.0 
82.551 608.0 
82.622 609.0 
82.715 610.0 
82.622 611.0 
82.68 612.0 
82.575 613.0 
82.645 614.0 
82.551 615.0 
82.61 616.0 
82.727 617.0 
82.528 618.0 
82.657 619.0 
82.435 620.0 
82.587 621.0 
82.692 622.0 
82.598 623.0 
82.633 624.0 
82.703 625.0 
82.563 626.0 
82.668 627.0 
82.727 628.0 
82.563 629.0 
82.622 630.0 
82.703 631.0 
82.598 632.0 
82.657 633.0 
82.925 634.0 
82.575 635.0 
82.645 636.0 
82.703 637.0 
82.575 638.0 
82.657 639.0 
82.692 640.0 
82.575 641.0 
82.551 642.0 
82.692 643.0 
82.551 644.0 
82.575 645.0 
82.633 646.0 
82.68 647.0 
82.587 648.0 
82.622 649.0 
82.668 650.0 
82.516 651.0 
82.551 652.0 
82.657 653.0 
82.703 654.0 
82.528 655.0 
82.587 656.0 
82.645 657.0 
82.727 658.0 
82.587 659.0 
82.645 660.0 
82.703 661.0 
82.715 662.0 
82.563 663.0 
82.657 664.0 
82.668 665.0 
82.715 666.0 
82.528 667.0 
82.61 668.0 
82.633 669.0 
82.692 670.0 
82.505 671.0 
82.575 672.0 
82.633 673.0 
82.692 674.0 
82.657 675.0 
82.551 676.0 
82.61 677.0 
82.657 678.0 
82.668 679.0 
82.727 680.0 
82.551 681.0 
82.563 682.0 
82.61 683.0 
82.668 684.0 
82.68 685.0 
82.738 686.0 
82.54 687.0 
82.587 688.0 
82.633 689.0 
82.68 690.0 
82.657 691.0 
82.703 692.0 
82.54 693.0 
82.587 694.0 
82.587 695.0 
82.668 696.0 
82.657 697.0 
82.703 698.0 
82.481 699.0 
82.551 700.0 
82.563 701.0 
82.61 702.0 
82.633 703.0 
82.657 704.0 
82.633 705.0 
82.692 706.0 
82.528 707.0 
82.575 708.0 
82.587 709.0 
82.633 710.0 
82.633 711.0 
82.668 712.0 
82.668 713.0 
82.68 714.0 
82.47 715.0 
82.575 716.0 
82.493 717.0 
82.551 718.0 
82.633 719.0 
82.645 720.0 
82.645 721.0 
82.657 722.0 
82.657 723.0 
82.715 724.0 
82.738 725.0 
82.528 726.0 
82.551 727.0 
82.551 728.0 
82.563 729.0 
82.587 730.0 
82.598 731.0 
82.61 732.0 
82.622 733.0 
82.657 734.0 
82.668 735.0 
82.668 736.0 
82.692 737.0 
82.692 738.0 
82.54 739.0 
82.563 740.0 
82.505 741.0 
82.551 742.0 
82.563 743.0 
82.575 744.0 
82.54 745.0 
82.551 746.0 
82.575 747.0 
82.563 748.0 
82.587 749.0 
82.563 750.0 
82.598 751.0 
82.575 752.0 
82.587 753.0 
82.598 754.0 
82.622 755.0 
82.622 756.0 
82.645 757.0 
82.668 758.0 
82.622 759.0 
82.61 760.0 
82.645 761.0 
82.645 762.0 
82.668 763.0 
82.668 764.0 
82.622 765.0 
82.645 766.0 
82.61 767.0 
82.645 768.0 
82.645 769.0 
82.622 770.0 
82.645 771.0 
82.657 772.0 
82.633 773.0 
82.657 774.0 
82.633 775.0 
82.622 776.0 
82.633 777.0 
82.645 778.0 
82.622 779.0 
82.657 780.0 
82.645 781.0 
82.657 782.0 
82.657 783.0 
82.645 784.0 
82.645 785.0 
82.633 786.0 
82.61 787.0 
82.645 788.0 
82.633 789.0 
82.633 790.0 
82.645 791.0 
82.633 792.0 
82.622 793.0 
82.622 794.0 
82.633 795.0 
82.622 796.0 
82.61 797.0 
82.622 798.0 
82.633 799.0 
82.587 800.0 
82.622 801.0 
82.61 802.0 
82.622 803.0 
82.645 804.0 
0.0 805.0 
-0.004 806.0 
-0.001 807.0 
0.004 808.0 
0.007 809.0 
0.002 810.0 
-0.004 811.0 
0.0 812.0 
0.001 813.0 
-0.006 814.0 
-0.005 815.0 
-0.013 816.0 
-0.004 817.0 
-0.005 818.0 
-0.008 819.0 
-0.01 820.0 
-0.011 821.0 
-0.017 822.0 
-0.013 823.0 
-0.017 824.0 
-0.013 825.0 
-0.013 826.0 
-0.022 827.0 
-0.023 828.0 
-0.022 829.0 
