-0.056 257.0 
-0.049 258.0 
-0.056 259.0 
-0.032 260.0 
-0.046 261.0 
-0.048 262.0 
-0.056 263.0 
-0.055 264.0 
-0.026 265.0 
-0.056 266.0 
-0.047 267.0 
-0.05 268.0 
-0.038 269.0 
-0.046 270.0 
-0.034 271.0 
-0.054 272.0 
-0.049 273.0 
-0.052 274.0 
152.267 275.0 
148.238 276.0 
146.965 277.0 
145.388 278.0 
143.718 279.0 
141.534 280.0 
139.828 281.0 
137.633 282.0 
134.643 283.0 
132.926 284.0 
132.54 285.0 
132.237 286.0 
131.991 287.0 
131.664 288.0 
131.349 289.0 
130.648 290.0 
130.531 291.0 
130.274 292.0 
129.959 293.0 
129.901 294.0 
129.328 295.0 
129.188 296.0 
129.106 297.0 
128.476 298.0 
128.277 299.0 
128.114 300.0 
127.623 301.0 
127.53 302.0 
126.992 303.0 
126.922 304.0 
126.817 305.0 
126.257 306.0 
125.17 307.0 
122.94 308.0 
120.347 309.0 
116.644 310.0 
112.802 311.0 
108.363 312.0 
103.913 313.0 
99.557 314.0 
95.247 315.0 
90.961 316.0 
86.943 317.0 
83.719 318.0 
83.556 319.0 
83.369 320.0 
83.241 321.0 
83.229 322.0 
83.1 323.0 
83.147 324.0 
83.1 325.0 
82.949 326.0 
83.1 327.0 
82.995 328.0 
83.206 329.0 
83.124 330.0 
83.054 331.0 
83.1 332.0 
83.124 333.0 
83.03 334.0 
83.077 335.0 
83.112 336.0 
83.124 337.0 
82.984 338.0 
83.147 339.0 
83.054 340.0 
83.019 341.0 
83.007 342.0 
82.96 343.0 
83.054 344.0 
83.077 345.0 
83.054 346.0 
82.96 347.0 
82.914 348.0 
83.054 349.0 
83.077 350.0 
83.019 351.0 
83.065 352.0 
83.019 353.0 
82.949 354.0 
83.1 355.0 
83.077 356.0 
83.077 357.0 
83.065 358.0 
83.135 359.0 
83.042 360.0 
83.1 361.0 
83.054 362.0 
83.065 363.0 
82.984 364.0 
83.042 365.0 
83.065 366.0 
83.042 367.0 
83.007 368.0 
83.007 369.0 
83.042 370.0 
83.089 371.0 
83.065 372.0 
83.089 373.0 
83.077 374.0 
83.089 375.0 
83.357 376.0 
82.902 377.0 
83.03 378.0 
83.042 379.0 
83.065 380.0 
83.054 381.0 
83.124 382.0 
83.042 383.0 
83.03 384.0 
83.03 385.0 
83.135 386.0 
82.984 387.0 
82.937 388.0 
83.077 389.0 
83.03 390.0 
83.054 391.0 
83.019 392.0 
83.1 393.0 
82.96 394.0 
83.03 395.0 
83.124 396.0 
82.995 397.0 
83.089 398.0 
82.96 399.0 
83.007 400.0 
83.112 401.0 
83.054 402.0 
83.135 403.0 
83.077 404.0 
83.007 405.0 
82.995 406.0 
83.007 407.0 
82.984 408.0 
83.042 409.0 
82.949 410.0 
83.054 411.0 
83.1 412.0 
83.521 413.0 
83.077 414.0 
82.972 415.0 
83.054 416.0 
83.007 417.0 
83.1 418.0 
83.065 419.0 
82.984 420.0 
83.042 421.0 
83.065 422.0 
83.089 423.0 
83.042 424.0 
83.007 425.0 
83.065 426.0 
83.065 427.0 
82.984 428.0 
82.995 429.0 
82.984 430.0 
83.077 431.0 
83.065 432.0 
83.124 433.0 
82.972 434.0 
82.96 435.0 
83.03 436.0 
83.112 437.0 
82.96 438.0 
83.03 439.0 
83.007 440.0 
83.007 441.0 
83.007 442.0 
83.019 443.0 
83.007 444.0 
83.03 445.0 
82.972 446.0 
83.089 447.0 
83.089 448.0 
83.019 449.0 
83.416 450.0 
82.984 451.0 
82.984 452.0 
82.984 453.0 
82.949 454.0 
83.054 455.0 
83.019 456.0 
82.995 457.0 
83.007 458.0 
83.089 459.0 
83.065 460.0 
83.019 461.0 
82.984 462.0 
83.065 463.0 
83.065 464.0 
83.042 465.0 
83.135 466.0 
83.054 467.0 
82.96 468.0 
83.03 469.0 
82.995 470.0 
82.972 471.0 
82.995 472.0 
82.949 473.0 
82.995 474.0 
83.1 475.0 
83.019 476.0 
82.984 477.0 
83.042 478.0 
82.925 479.0 
83.019 480.0 
83.1 481.0 
82.995 482.0 
83.089 483.0 
82.995 484.0 
83.065 485.0 
82.949 486.0 
82.937 487.0 
83.065 488.0 
82.995 489.0 
83.007 490.0 
83.077 491.0 
83.007 492.0 
83.054 493.0 
83.019 494.0 
82.995 495.0 
82.937 496.0 
83.03 497.0 
83.089 498.0 
82.937 499.0 
82.984 500.0 
83.019 501.0 
83.054 502.0 
82.949 503.0 
82.949 504.0 
82.972 505.0 
83.019 506.0 
82.972 507.0 
83.007 508.0 
82.914 509.0 
82.949 510.0 
82.972 511.0 
82.972 512.0 
82.995 513.0 
82.995 514.0 
82.984 515.0 
83.042 516.0 
83.042 517.0 
82.82 518.0 
82.867 519.0 
82.902 520.0 
82.914 521.0 
82.89 522.0 
82.949 523.0 
82.914 524.0 
82.902 525.0 
82.914 526.0 
82.855 527.0 
82.808 528.0 
82.82 529.0 
82.808 530.0 
82.808 531.0 
82.96 532.0 
82.949 533.0 
82.855 534.0 
82.89 535.0 
82.82 536.0 
82.773 537.0 
82.727 538.0 
82.703 539.0 
82.645 540.0 
82.797 541.0 
82.645 542.0 
82.68 543.0 
82.633 544.0 
82.587 545.0 
82.54 546.0 
82.645 547.0 
82.598 548.0 
82.551 549.0 
82.505 550.0 
82.505 551.0 
82.563 552.0 
82.528 553.0 
82.458 554.0 
82.446 555.0 
82.575 556.0 
82.505 557.0 
82.493 558.0 
82.154 559.0 
82.551 560.0 
82.446 561.0 
82.435 562.0 
82.587 563.0 
82.493 564.0 
82.4 565.0 
82.575 566.0 
82.551 567.0 
82.376 568.0 
82.458 569.0 
82.481 570.0 
82.563 571.0 
82.493 572.0 
82.446 573.0 
82.493 574.0 
82.446 575.0 
82.575 576.0 
82.505 577.0 
82.516 578.0 
82.563 579.0 
82.505 580.0 
82.61 581.0 
82.528 582.0 
82.575 583.0 
82.551 584.0 
82.283 585.0 
82.575 586.0 
82.47 587.0 
82.551 588.0 
82.458 589.0 
82.551 590.0 
82.505 591.0 
82.551 592.0 
82.481 593.0 
82.563 594.0 
82.47 595.0 
82.516 596.0 
82.493 597.0 
82.505 598.0 
82.458 599.0 
82.54 600.0 
82.622 601.0 
82.516 602.0 
82.633 603.0 
82.505 604.0 
82.575 605.0 
82.47 606.0 
82.587 607.0 
82.458 608.0 
82.528 609.0 
82.622 610.0 
82.493 611.0 
82.587 612.0 
82.47 613.0 
82.528 614.0 
82.423 615.0 
82.481 616.0 
82.587 617.0 
82.4 618.0 
82.54 619.0 
82.283 620.0 
82.493 621.0 
82.563 622.0 
82.47 623.0 
82.528 624.0 
82.622 625.0 
82.47 626.0 
82.54 627.0 
82.622 628.0 
82.493 629.0 
82.528 630.0 
82.622 631.0 
82.481 632.0 
82.551 633.0 
82.855 634.0 
82.481 635.0 
82.551 636.0 
82.587 637.0 
82.516 638.0 
82.563 639.0 
82.61 640.0 
82.47 641.0 
82.47 642.0 
82.598 643.0 
82.435 644.0 
82.516 645.0 
82.563 646.0 
82.61 647.0 
82.446 648.0 
82.505 649.0 
82.575 650.0 
82.435 651.0 
82.411 652.0 
82.516 653.0 
82.61 654.0 
82.423 655.0 
82.446 656.0 
82.528 657.0 
82.61 658.0 
82.47 659.0 
82.54 660.0 
82.587 661.0 
82.575 662.0 
82.458 663.0 
82.505 664.0 
82.587 665.0 
82.622 666.0 
82.47 667.0 
82.54 668.0 
82.551 669.0 
82.575 670.0 
82.481 671.0 
82.47 672.0 
82.505 673.0 
82.563 674.0 
82.551 675.0 
82.446 676.0 
82.47 677.0 
82.54 678.0 
82.587 679.0 
82.563 680.0 
82.446 681.0 
82.458 682.0 
82.493 683.0 
82.551 684.0 
82.575 685.0 
82.645 686.0 
82.4 687.0 
82.458 688.0 
82.516 689.0 
82.54 690.0 
82.598 691.0 
82.61 692.0 
82.423 693.0 
82.47 694.0 
82.481 695.0 
82.516 696.0 
82.458 697.0 
82.61 698.0 
82.388 699.0 
82.458 700.0 
82.47 701.0 
82.493 702.0 
82.505 703.0 
82.563 704.0 
82.587 705.0 
82.633 706.0 
82.423 707.0 
82.458 708.0 
82.458 709.0 
82.516 710.0 
82.516 711.0 
82.575 712.0 
82.587 713.0 
82.61 714.0 
82.365 715.0 
82.423 716.0 
82.365 717.0 
82.493 718.0 
82.505 719.0 
82.528 720.0 
82.516 721.0 
82.575 722.0 
82.575 723.0 
82.61 724.0 
82.598 725.0 
82.423 726.0 
82.435 727.0 
82.423 728.0 
82.493 729.0 
82.481 730.0 
82.481 731.0 
82.54 732.0 
82.551 733.0 
82.551 734.0 
82.563 735.0 
82.587 736.0 
82.563 737.0 
82.598 738.0 
82.4 739.0 
82.423 740.0 
82.435 741.0 
82.423 742.0 
82.446 743.0 
82.446 744.0 
82.47 745.0 
82.481 746.0 
82.458 747.0 
82.47 748.0 
82.435 749.0 
82.493 750.0 
82.505 751.0 
82.493 752.0 
82.481 753.0 
82.481 754.0 
82.516 755.0 
82.493 756.0 
82.54 757.0 
82.54 758.0 
82.528 759.0 
82.54 760.0 
82.54 761.0 
82.528 762.0 
82.551 763.0 
82.551 764.0 
82.551 765.0 
82.54 766.0 
82.528 767.0 
82.54 768.0 
82.54 769.0 
82.551 770.0 
82.516 771.0 
82.54 772.0 
82.516 773.0 
82.551 774.0 
82.505 775.0 
82.54 776.0 
82.54 777.0 
82.516 778.0 
82.54 779.0 
82.563 780.0 
82.505 781.0 
82.54 782.0 
82.551 783.0 
82.505 784.0 
82.551 785.0 
82.54 786.0 
82.528 787.0 
82.528 788.0 
82.528 789.0 
82.528 790.0 
82.493 791.0 
82.54 792.0 
82.528 793.0 
82.528 794.0 
82.505 795.0 
82.493 796.0 
82.516 797.0 
82.551 798.0 
82.516 799.0 
82.481 800.0 
82.528 801.0 
82.505 802.0 
82.54 803.0 
82.528 804.0 
0.014 805.0 
0.005 806.0 
0.001 807.0 
-0.005 808.0 
-0.011 809.0 
-0.01 810.0 
-0.023 811.0 
-0.04 812.0 
-0.044 813.0 
-0.049 814.0 
-0.059 815.0 
-0.05 816.0 
-0.059 817.0 
-0.062 818.0 
-0.065 819.0 
-0.061 820.0 
-0.065 821.0 
-0.065 822.0 
-0.067 823.0 
-0.065 824.0 
-0.049 825.0 
-0.052 826.0 
-0.043 827.0 
-0.043 828.0 
-0.038 829.0 
