-0.02 257.0 
-0.02 258.0 
-0.056 259.0 
-0.054 260.0 
-0.043 261.0 
-0.032 262.0 
-0.047 263.0 
-0.064 264.0 
-0.05 265.0 
-0.047 266.0 
-0.029 267.0 
-0.041 268.0 
-0.04 269.0 
-0.064 270.0 
-0.04 271.0 
-0.004 272.0 
-0.052 273.0 
-0.059 274.0 
143.157 275.0 
140.459 276.0 
139.279 277.0 
137.749 278.0 
136.301 279.0 
134.514 280.0 
132.972 281.0 
130.858 282.0 
127.787 283.0 
126.56 284.0 
126.187 285.0 
125.859 286.0 
125.731 287.0 
125.439 288.0 
125.1 289.0 
124.446 290.0 
124.259 291.0 
124.108 292.0 
123.839 293.0 
123.734 294.0 
123.22 295.0 
123.056 296.0 
123.021 297.0 
122.461 298.0 
122.215 299.0 
122.099 300.0 
121.538 301.0 
121.468 302.0 
120.896 303.0 
120.767 304.0 
120.977 305.0 
119.996 306.0 
118.758 307.0 
116.341 308.0 
113.502 309.0 
109.777 310.0 
106.179 311.0 
101.998 312.0 
98.039 313.0 
93.974 314.0 
90.213 315.0 
86.441 316.0 
83.182 317.0 
80.461 318.0 
80.297 319.0 
80.087 320.0 
79.982 321.0 
80.005 322.0 
79.865 323.0 
79.9 324.0 
79.83 325.0 
79.737 326.0 
79.842 327.0 
79.772 328.0 
79.97 329.0 
79.865 330.0 
79.772 331.0 
80.11 332.0 
79.877 333.0 
79.807 334.0 
79.83 335.0 
79.877 336.0 
79.9 337.0 
79.76 338.0 
79.912 339.0 
79.842 340.0 
79.842 341.0 
79.807 342.0 
79.947 343.0 
79.818 344.0 
79.795 345.0 
79.772 346.0 
79.772 347.0 
79.818 348.0 
79.889 349.0 
79.83 350.0 
79.807 351.0 
79.889 352.0 
79.807 353.0 
79.725 354.0 
79.889 355.0 
79.889 356.0 
79.947 357.0 
79.854 358.0 
79.912 359.0 
79.83 360.0 
79.877 361.0 
79.854 362.0 
79.865 363.0 
79.772 364.0 
79.772 365.0 
79.807 366.0 
79.83 367.0 
79.76 368.0 
79.795 369.0 
79.795 370.0 
79.842 371.0 
79.854 372.0 
79.889 373.0 
79.877 374.0 
79.912 375.0 
80.181 376.0 
79.76 377.0 
79.818 378.0 
79.818 379.0 
79.807 380.0 
79.807 381.0 
79.924 382.0 
79.807 383.0 
79.772 384.0 
79.807 385.0 
79.889 386.0 
79.772 387.0 
79.737 388.0 
79.865 389.0 
79.865 390.0 
79.842 391.0 
79.807 392.0 
79.854 393.0 
79.737 394.0 
79.842 395.0 
79.924 396.0 
79.783 397.0 
79.83 398.0 
79.678 399.0 
79.725 400.0 
79.9 401.0 
79.865 402.0 
79.889 403.0 
79.795 404.0 
79.772 405.0 
79.748 406.0 
79.83 407.0 
79.772 408.0 
79.807 409.0 
79.783 410.0 
79.807 411.0 
79.889 412.0 
80.227 413.0 
79.854 414.0 
79.795 415.0 
79.865 416.0 
79.807 417.0 
79.9 418.0 
79.83 419.0 
79.76 420.0 
79.795 421.0 
79.865 422.0 
79.889 423.0 
79.783 424.0 
79.795 425.0 
79.818 426.0 
79.865 427.0 
79.795 428.0 
79.795 429.0 
79.795 430.0 
79.83 431.0 
79.9 432.0 
79.877 433.0 
79.737 434.0 
79.772 435.0 
79.818 436.0 
79.865 437.0 
79.76 438.0 
79.737 439.0 
79.772 440.0 
79.772 441.0 
79.783 442.0 
79.795 443.0 
79.772 444.0 
79.772 445.0 
79.748 446.0 
79.877 447.0 
79.854 448.0 
79.842 449.0 
80.192 450.0 
79.783 451.0 
79.818 452.0 
79.772 453.0 
79.713 454.0 
79.818 455.0 
79.807 456.0 
79.795 457.0 
79.76 458.0 
79.807 459.0 
79.83 460.0 
79.795 461.0 
79.807 462.0 
79.865 463.0 
79.818 464.0 
79.783 465.0 
79.842 466.0 
79.807 467.0 
79.725 468.0 
79.818 469.0 
79.783 470.0 
79.748 471.0 
79.83 472.0 
79.737 473.0 
79.807 474.0 
79.889 475.0 
79.818 476.0 
79.748 477.0 
79.818 478.0 
79.702 479.0 
79.818 480.0 
79.877 481.0 
79.807 482.0 
79.865 483.0 
79.807 484.0 
79.865 485.0 
79.737 486.0 
79.772 487.0 
79.842 488.0 
79.76 489.0 
79.795 490.0 
79.865 491.0 
79.795 492.0 
79.795 493.0 
79.83 494.0 
79.772 495.0 
79.713 496.0 
79.865 497.0 
79.877 498.0 
79.725 499.0 
79.76 500.0 
79.783 501.0 
79.807 502.0 
79.69 503.0 
79.737 504.0 
79.76 505.0 
79.772 506.0 
79.713 507.0 
79.865 508.0 
79.632 509.0 
79.713 510.0 
79.748 511.0 
79.772 512.0 
79.76 513.0 
79.772 514.0 
79.818 515.0 
79.748 516.0 
80.134 517.0 
79.632 518.0 
79.632 519.0 
79.667 520.0 
79.69 521.0 
79.69 522.0 
79.678 523.0 
79.69 524.0 
79.655 525.0 
79.643 526.0 
79.632 527.0 
79.632 528.0 
79.678 529.0 
79.608 530.0 
79.655 531.0 
79.737 532.0 
79.702 533.0 
79.678 534.0 
79.702 535.0 
79.667 536.0 
79.608 537.0 
79.526 538.0 
79.48 539.0 
79.456 540.0 
79.597 541.0 
79.433 542.0 
79.468 543.0 
79.41 544.0 
79.41 545.0 
79.328 546.0 
79.433 547.0 
79.386 548.0 
79.328 549.0 
79.293 550.0 
79.199 551.0 
79.328 552.0 
79.281 553.0 
79.27 554.0 
79.223 555.0 
79.363 556.0 
79.305 557.0 
79.258 558.0 
78.919 559.0 
79.316 560.0 
79.258 561.0 
79.188 562.0 
79.328 563.0 
79.199 564.0 
79.176 565.0 
79.305 566.0 
79.258 567.0 
79.199 568.0 
79.246 569.0 
79.234 570.0 
79.34 571.0 
79.27 572.0 
79.234 573.0 
79.293 574.0 
79.258 575.0 
79.702 576.0 
79.246 577.0 
79.293 578.0 
79.328 579.0 
79.281 580.0 
79.363 581.0 
79.293 582.0 
79.363 583.0 
79.316 584.0 
79.013 585.0 
79.328 586.0 
79.258 587.0 
79.34 588.0 
79.246 589.0 
79.351 590.0 
79.27 591.0 
79.328 592.0 
79.27 593.0 
79.34 594.0 
79.234 595.0 
79.316 596.0 
79.258 597.0 
79.34 598.0 
79.223 599.0 
79.316 600.0 
79.421 601.0 
79.305 602.0 
79.386 603.0 
79.246 604.0 
79.351 605.0 
79.246 606.0 
79.328 607.0 
79.246 608.0 
79.293 609.0 
79.351 610.0 
79.258 611.0 
79.363 612.0 
79.281 613.0 
79.316 614.0 
79.211 615.0 
79.234 616.0 
79.386 617.0 
79.176 618.0 
79.316 619.0 
79.094 620.0 
79.281 621.0 
79.34 622.0 
79.258 623.0 
79.305 624.0 
79.375 625.0 
79.246 626.0 
79.305 627.0 
79.386 628.0 
79.27 629.0 
79.293 630.0 
79.375 631.0 
79.27 632.0 
79.316 633.0 
79.632 634.0 
79.27 635.0 
79.328 636.0 
79.386 637.0 
79.27 638.0 
79.305 639.0 
79.363 640.0 
79.246 641.0 
79.234 642.0 
79.375 643.0 
79.223 644.0 
79.258 645.0 
79.34 646.0 
79.375 647.0 
79.223 648.0 
79.293 649.0 
79.363 650.0 
79.199 651.0 
79.258 652.0 
79.305 653.0 
79.375 654.0 
79.199 655.0 
79.281 656.0 
79.34 657.0 
79.375 658.0 
79.234 659.0 
79.305 660.0 
79.328 661.0 
79.351 662.0 
79.234 663.0 
79.293 664.0 
79.328 665.0 
79.363 666.0 
79.234 667.0 
79.293 668.0 
79.363 669.0 
79.398 670.0 
79.234 671.0 
79.281 672.0 
79.305 673.0 
79.328 674.0 
79.363 675.0 
79.223 676.0 
79.258 677.0 
79.305 678.0 
79.34 679.0 
79.351 680.0 
79.246 681.0 
79.246 682.0 
79.293 683.0 
79.305 684.0 
79.328 685.0 
79.398 686.0 
79.153 687.0 
79.258 688.0 
79.281 689.0 
79.351 690.0 
79.375 691.0 
79.398 692.0 
79.199 693.0 
79.234 694.0 
79.305 695.0 
79.316 696.0 
79.316 697.0 
79.363 698.0 
79.118 699.0 
79.188 700.0 
79.27 701.0 
79.27 702.0 
79.305 703.0 
79.34 704.0 
79.328 705.0 
79.363 706.0 
79.223 707.0 
79.246 708.0 
79.27 709.0 
79.305 710.0 
79.305 711.0 
79.316 712.0 
79.363 713.0 
79.363 714.0 
79.199 715.0 
79.223 716.0 
79.164 717.0 
79.258 718.0 
79.258 719.0 
79.258 720.0 
79.328 721.0 
79.363 722.0 
79.351 723.0 
79.351 724.0 
79.398 725.0 
79.118 726.0 
79.246 727.0 
79.258 728.0 
79.27 729.0 
79.305 730.0 
79.293 731.0 
79.316 732.0 
79.316 733.0 
79.328 734.0 
79.351 735.0 
79.375 736.0 
79.375 737.0 
79.375 738.0 
79.164 739.0 
79.176 740.0 
79.199 741.0 
79.211 742.0 
79.234 743.0 
79.223 744.0 
79.223 745.0 
79.223 746.0 
79.258 747.0 
79.27 748.0 
79.293 749.0 
79.258 750.0 
79.281 751.0 
79.305 752.0 
79.305 753.0 
79.27 754.0 
79.281 755.0 
79.293 756.0 
79.316 757.0 
79.293 758.0 
79.27 759.0 
79.293 760.0 
79.281 761.0 
79.293 762.0 
79.281 763.0 
79.305 764.0 
79.328 765.0 
79.316 766.0 
79.305 767.0 
79.351 768.0 
79.293 769.0 
79.328 770.0 
79.34 771.0 
79.305 772.0 
79.328 773.0 
79.328 774.0 
79.305 775.0 
79.305 776.0 
79.328 777.0 
79.281 778.0 
79.281 779.0 
79.293 780.0 
79.305 781.0 
79.293 782.0 
79.305 783.0 
79.328 784.0 
79.316 785.0 
79.258 786.0 
79.281 787.0 
79.293 788.0 
79.305 789.0 
79.316 790.0 
79.305 791.0 
79.316 792.0 
79.328 793.0 
79.316 794.0 
79.293 795.0 
79.305 796.0 
79.293 797.0 
79.293 798.0 
79.293 799.0 
79.305 800.0 
79.281 801.0 
79.246 802.0 
79.258 803.0 
79.27 804.0 
-0.001 805.0 
-0.001 806.0 
0.001 807.0 
0.01 808.0 
0.011 809.0 
0.006 810.0 
0.001 811.0 
0.001 812.0 
0.0 813.0 
-0.001 814.0 
0.0 815.0 
0.005 816.0 
0.005 817.0 
0.005 818.0 
-0.006 819.0 
-0.007 820.0 
-0.002 821.0 
-0.008 822.0 
-0.016 823.0 
-0.018 824.0 
-0.016 825.0 
-0.022 826.0 
-0.014 827.0 
-0.018 828.0 
-0.025 829.0 
