-0.062 257.0 
-0.054 258.0 
-0.097 259.0 
-0.046 260.0 
-0.071 261.0 
-0.048 262.0 
-0.052 263.0 
-0.031 264.0 
-0.049 265.0 
-0.041 266.0 
-0.054 267.0 
-0.032 268.0 
-0.043 269.0 
-0.047 270.0 
-0.042 271.0 
-0.065 272.0 
-0.054 273.0 
-0.04 274.0 
144.617 275.0 
141.557 276.0 
140.085 277.0 
138.17 278.0 
136.348 279.0 
134.059 280.0 
132.05 281.0 
129.667 282.0 
126.607 283.0 
124.645 284.0 
124.178 285.0 
123.792 286.0 
123.524 287.0 
123.278 288.0 
122.986 289.0 
122.718 290.0 
122.157 291.0 
121.865 292.0 
121.655 293.0 
121.561 294.0 
121.024 295.0 
120.861 296.0 
120.779 297.0 
120.242 298.0 
120.008 299.0 
119.915 300.0 
119.366 301.0 
119.214 302.0 
118.758 303.0 
118.606 304.0 
118.49 305.0 
117.801 306.0 
116.551 307.0 
114.308 308.0 
111.832 309.0 
108.597 310.0 
105.175 311.0 
101.239 312.0 
97.583 313.0 
93.659 314.0 
90.026 315.0 
86.125 316.0 
82.598 317.0 
79.608 318.0 
79.48 319.0 
79.211 320.0 
79.048 321.0 
79.083 322.0 
78.931 323.0 
78.978 324.0 
78.872 325.0 
79.001 326.0 
78.931 327.0 
78.849 328.0 
79.024 329.0 
78.978 330.0 
78.884 331.0 
78.907 332.0 
78.978 333.0 
78.837 334.0 
79.316 335.0 
78.966 336.0 
78.919 337.0 
78.849 338.0 
78.989 339.0 
78.896 340.0 
78.884 341.0 
78.861 342.0 
79.094 343.0 
78.896 344.0 
78.884 345.0 
78.861 346.0 
78.814 347.0 
78.978 348.0 
78.954 349.0 
78.919 350.0 
78.884 351.0 
78.896 352.0 
78.896 353.0 
78.721 354.0 
78.966 355.0 
78.872 356.0 
78.931 357.0 
78.884 358.0 
78.954 359.0 
78.942 360.0 
78.942 361.0 
78.896 362.0 
78.942 363.0 
78.872 364.0 
78.872 365.0 
78.907 366.0 
78.896 367.0 
78.837 368.0 
78.861 369.0 
78.907 370.0 
78.896 371.0 
78.919 372.0 
78.931 373.0 
78.954 374.0 
78.966 375.0 
78.966 376.0 
78.732 377.0 
78.907 378.0 
78.896 379.0 
78.872 380.0 
78.884 381.0 
78.978 382.0 
78.966 383.0 
78.849 384.0 
78.861 385.0 
79.001 386.0 
78.861 387.0 
78.861 388.0 
78.942 389.0 
78.942 390.0 
78.907 391.0 
78.849 392.0 
78.966 393.0 
78.802 394.0 
78.919 395.0 
78.978 396.0 
78.826 397.0 
78.931 398.0 
78.779 399.0 
78.802 400.0 
78.942 401.0 
78.919 402.0 
78.989 403.0 
78.919 404.0 
78.896 405.0 
78.837 406.0 
78.849 407.0 
78.884 408.0 
78.919 409.0 
78.861 410.0 
78.884 411.0 
78.907 412.0 
79.001 413.0 
78.907 414.0 
78.861 415.0 
78.896 416.0 
78.826 417.0 
79.048 418.0 
78.919 419.0 
78.849 420.0 
78.872 421.0 
78.919 422.0 
78.954 423.0 
78.884 424.0 
78.837 425.0 
78.907 426.0 
78.942 427.0 
78.861 428.0 
78.861 429.0 
78.849 430.0 
78.907 431.0 
78.907 432.0 
78.966 433.0 
78.826 434.0 
78.837 435.0 
78.896 436.0 
78.966 437.0 
78.814 438.0 
78.826 439.0 
78.861 440.0 
78.861 441.0 
78.849 442.0 
78.849 443.0 
78.872 444.0 
78.861 445.0 
78.802 446.0 
78.966 447.0 
78.966 448.0 
78.931 449.0 
79.27 450.0 
78.837 451.0 
78.814 452.0 
78.826 453.0 
78.826 454.0 
78.954 455.0 
78.896 456.0 
78.849 457.0 
78.826 458.0 
78.896 459.0 
78.907 460.0 
78.837 461.0 
78.849 462.0 
78.978 463.0 
78.919 464.0 
78.907 465.0 
78.966 466.0 
78.896 467.0 
78.837 468.0 
78.919 469.0 
78.884 470.0 
78.849 471.0 
78.861 472.0 
78.954 473.0 
78.884 474.0 
78.919 475.0 
78.861 476.0 
78.802 477.0 
78.884 478.0 
78.791 479.0 
78.837 480.0 
78.966 481.0 
78.872 482.0 
78.954 483.0 
78.837 484.0 
78.872 485.0 
78.837 486.0 
78.791 487.0 
78.931 488.0 
78.861 489.0 
78.896 490.0 
78.931 491.0 
78.896 492.0 
78.861 493.0 
78.907 494.0 
78.837 495.0 
78.756 496.0 
78.872 497.0 
78.907 498.0 
78.779 499.0 
78.814 500.0 
78.849 501.0 
78.896 502.0 
78.802 503.0 
78.826 504.0 
78.837 505.0 
78.849 506.0 
78.837 507.0 
79.013 508.0 
78.779 509.0 
78.849 510.0 
78.837 511.0 
78.826 512.0 
78.849 513.0 
78.896 514.0 
78.919 515.0 
78.861 516.0 
78.907 517.0 
78.709 518.0 
78.744 519.0 
78.756 520.0 
78.756 521.0 
78.802 522.0 
78.756 523.0 
78.779 524.0 
78.756 525.0 
78.767 526.0 
78.756 527.0 
78.65 528.0 
78.709 529.0 
78.686 530.0 
78.674 531.0 
78.814 532.0 
78.791 533.0 
78.744 534.0 
78.756 535.0 
78.732 536.0 
78.709 537.0 
78.557 538.0 
78.615 539.0 
78.557 540.0 
78.674 541.0 
78.569 542.0 
78.58 543.0 
78.569 544.0 
78.51 545.0 
78.464 546.0 
78.58 547.0 
78.534 548.0 
78.487 549.0 
78.44 550.0 
78.475 551.0 
78.452 552.0 
78.44 553.0 
78.347 554.0 
78.359 555.0 
78.487 556.0 
78.405 557.0 
78.37 558.0 
78.031 559.0 
78.44 560.0 
78.394 561.0 
78.323 562.0 
78.464 563.0 
78.417 564.0 
78.335 565.0 
78.429 566.0 
78.464 567.0 
78.3 568.0 
78.347 569.0 
78.347 570.0 
78.464 571.0 
78.417 572.0 
78.323 573.0 
78.359 574.0 
78.335 575.0 
78.44 576.0 
78.37 577.0 
78.382 578.0 
78.464 579.0 
78.417 580.0 
78.475 581.0 
78.417 582.0 
78.452 583.0 
78.464 584.0 
78.09 585.0 
78.452 586.0 
78.37 587.0 
78.44 588.0 
78.37 589.0 
78.499 590.0 
78.382 591.0 
78.452 592.0 
78.37 593.0 
78.429 594.0 
78.382 595.0 
78.417 596.0 
78.359 597.0 
78.429 598.0 
78.37 599.0 
78.44 600.0 
78.522 601.0 
78.429 602.0 
78.51 603.0 
78.417 604.0 
78.487 605.0 
78.394 606.0 
78.464 607.0 
78.359 608.0 
78.475 609.0 
78.522 610.0 
78.417 611.0 
78.499 612.0 
78.359 613.0 
78.452 614.0 
78.359 615.0 
78.417 616.0 
78.51 617.0 
78.323 618.0 
78.44 619.0 
78.23 620.0 
78.417 621.0 
78.464 622.0 
78.37 623.0 
78.405 624.0 
78.51 625.0 
78.37 626.0 
78.429 627.0 
78.522 628.0 
78.417 629.0 
78.475 630.0 
78.487 631.0 
78.382 632.0 
78.452 633.0 
78.802 634.0 
78.382 635.0 
78.452 636.0 
78.51 637.0 
78.37 638.0 
78.417 639.0 
78.475 640.0 
78.382 641.0 
78.37 642.0 
78.51 643.0 
78.347 644.0 
78.37 645.0 
78.464 646.0 
78.522 647.0 
78.37 648.0 
78.405 649.0 
78.487 650.0 
78.323 651.0 
78.312 652.0 
78.394 653.0 
78.487 654.0 
78.323 655.0 
78.382 656.0 
78.417 657.0 
78.487 658.0 
78.382 659.0 
78.405 660.0 
78.475 661.0 
78.452 662.0 
78.37 663.0 
78.429 664.0 
78.452 665.0 
78.557 666.0 
78.37 667.0 
78.44 668.0 
78.44 669.0 
78.51 670.0 
78.323 671.0 
78.394 672.0 
78.417 673.0 
78.464 674.0 
78.452 675.0 
78.347 676.0 
78.394 677.0 
78.405 678.0 
78.44 679.0 
78.487 680.0 
78.335 681.0 
78.394 682.0 
78.417 683.0 
78.452 684.0 
78.429 685.0 
78.499 686.0 
78.312 687.0 
78.382 688.0 
78.429 689.0 
78.464 690.0 
78.487 691.0 
78.475 692.0 
78.335 693.0 
78.394 694.0 
78.394 695.0 
78.429 696.0 
78.405 697.0 
78.475 698.0 
78.242 699.0 
78.359 700.0 
78.359 701.0 
78.394 702.0 
78.405 703.0 
78.464 704.0 
78.417 705.0 
78.522 706.0 
78.335 707.0 
78.37 708.0 
78.417 709.0 
78.417 710.0 
78.417 711.0 
78.44 712.0 
78.464 713.0 
78.522 714.0 
78.359 715.0 
78.347 716.0 
78.323 717.0 
78.347 718.0 
78.417 719.0 
78.394 720.0 
78.452 721.0 
78.464 722.0 
78.475 723.0 
78.487 724.0 
78.534 725.0 
78.312 726.0 
78.312 727.0 
78.37 728.0 
78.405 729.0 
78.417 730.0 
78.429 731.0 
78.417 732.0 
78.452 733.0 
78.452 734.0 
78.475 735.0 
78.464 736.0 
78.464 737.0 
78.464 738.0 
78.3 739.0 
78.335 740.0 
78.323 741.0 
78.335 742.0 
78.335 743.0 
78.359 744.0 
78.359 745.0 
78.394 746.0 
78.394 747.0 
78.394 748.0 
78.347 749.0 
78.405 750.0 
78.394 751.0 
78.394 752.0 
78.382 753.0 
78.417 754.0 
78.394 755.0 
78.405 756.0 
78.429 757.0 
78.37 758.0 
78.44 759.0 
78.429 760.0 
78.452 761.0 
78.417 762.0 
78.464 763.0 
78.475 764.0 
78.44 765.0 
78.44 766.0 
78.464 767.0 
78.464 768.0 
78.44 769.0 
78.464 770.0 
78.475 771.0 
78.405 772.0 
78.429 773.0 
78.452 774.0 
78.44 775.0 
78.464 776.0 
78.429 777.0 
78.44 778.0 
78.405 779.0 
78.417 780.0 
78.405 781.0 
78.44 782.0 
78.429 783.0 
78.452 784.0 
78.429 785.0 
78.452 786.0 
78.429 787.0 
78.452 788.0 
78.452 789.0 
78.429 790.0 
78.405 791.0 
78.44 792.0 
78.464 793.0 
78.44 794.0 
78.405 795.0 
78.417 796.0 
78.405 797.0 
78.417 798.0 
78.382 799.0 
78.394 800.0 
78.417 801.0 
78.429 802.0 
78.44 803.0 
78.405 804.0 
-0.002 805.0 
0.0 806.0 
-0.001 807.0 
0.0 808.0 
0.011 809.0 
0.002 810.0 
0.002 811.0 
0.0 812.0 
-0.016 813.0 
-0.012 814.0 
-0.016 815.0 
-0.018 816.0 
-0.018 817.0 
-0.02 818.0 
-0.023 819.0 
-0.018 820.0 
-0.031 821.0 
-0.032 822.0 
-0.03 823.0 
-0.035 824.0 
-0.03 825.0 
-0.031 826.0 
-0.025 827.0 
-0.028 828.0 
-0.023 829.0 
