-0.036 257.0 
-0.049 258.0 
-0.107 259.0 
-0.03 260.0 
-0.029 261.0 
-0.028 262.0 
-0.029 263.0 
-0.043 264.0 
-0.002 265.0 
-0.03 266.0 
-0.006 267.0 
-0.012 268.0 
-0.036 269.0 
-0.034 270.0 
-0.049 271.0 
-0.017 272.0 
-0.024 273.0 
-0.052 274.0 
147.245 275.0 
143.741 276.0 
142.258 277.0 
140.436 278.0 
138.298 279.0 
135.857 280.0 
133.708 281.0 
131.22 282.0 
127.88 283.0 
126.502 284.0 
126.023 285.0 
125.556 286.0 
125.381 287.0 
125.065 288.0 
124.773 289.0 
124.061 290.0 
123.897 291.0 
123.71 292.0 
123.535 293.0 
123.162 294.0 
122.905 295.0 
122.718 296.0 
122.566 297.0 
122.052 298.0 
121.818 299.0 
121.76 300.0 
121.234 301.0 
121.211 302.0 
120.72 303.0 
120.685 304.0 
120.557 305.0 
119.961 306.0 
118.898 307.0 
116.773 308.0 
114.238 309.0 
110.676 310.0 
107.114 311.0 
103.073 312.0 
99.277 313.0 
94.99 314.0 
90.762 315.0 
86.558 316.0 
82.75 317.0 
79.912 318.0 
79.702 319.0 
79.386 320.0 
79.211 321.0 
79.234 322.0 
79.059 323.0 
79.141 324.0 
79.048 325.0 
78.931 326.0 
79.059 327.0 
78.978 328.0 
79.748 329.0 
79.071 330.0 
78.978 331.0 
79.106 332.0 
79.129 333.0 
78.989 334.0 
78.931 335.0 
79.071 336.0 
79.083 337.0 
78.954 338.0 
79.059 339.0 
79.024 340.0 
79.048 341.0 
79.013 342.0 
79.059 343.0 
79.048 344.0 
79.024 345.0 
78.989 346.0 
78.954 347.0 
79.024 348.0 
79.036 349.0 
79.071 350.0 
78.978 351.0 
79.048 352.0 
79.036 353.0 
78.966 354.0 
78.896 355.0 
79.036 356.0 
79.036 357.0 
79.001 358.0 
79.083 359.0 
79.024 360.0 
79.071 361.0 
79.024 362.0 
79.036 363.0 
78.978 364.0 
79.001 365.0 
79.001 366.0 
79.059 367.0 
78.978 368.0 
78.966 369.0 
79.013 370.0 
79.048 371.0 
79.071 372.0 
79.071 373.0 
79.071 374.0 
79.094 375.0 
79.305 376.0 
78.966 377.0 
79.001 378.0 
79.001 379.0 
78.978 380.0 
79.013 381.0 
78.919 382.0 
79.001 383.0 
79.001 384.0 
79.001 385.0 
79.083 386.0 
78.978 387.0 
78.942 388.0 
78.989 389.0 
79.013 390.0 
78.989 391.0 
78.978 392.0 
79.059 393.0 
78.931 394.0 
79.024 395.0 
79.106 396.0 
78.966 397.0 
79.036 398.0 
78.896 399.0 
78.931 400.0 
79.071 401.0 
79.024 402.0 
79.071 403.0 
79.036 404.0 
78.978 405.0 
78.954 406.0 
79.024 407.0 
78.966 408.0 
79.013 409.0 
78.931 410.0 
79.024 411.0 
79.094 412.0 
79.468 413.0 
79.048 414.0 
78.942 415.0 
79.013 416.0 
78.931 417.0 
79.059 418.0 
79.013 419.0 
78.931 420.0 
78.966 421.0 
79.024 422.0 
79.024 423.0 
78.989 424.0 
78.989 425.0 
79.024 426.0 
79.048 427.0 
78.954 428.0 
78.978 429.0 
78.966 430.0 
79.071 431.0 
79.083 432.0 
79.071 433.0 
78.919 434.0 
78.954 435.0 
78.966 436.0 
78.989 437.0 
78.942 438.0 
78.907 439.0 
79.001 440.0 
78.978 441.0 
78.966 442.0 
78.989 443.0 
78.978 444.0 
78.989 445.0 
78.942 446.0 
79.048 447.0 
79.059 448.0 
79.024 449.0 
79.421 450.0 
78.989 451.0 
79.013 452.0 
79.001 453.0 
78.919 454.0 
79.013 455.0 
78.872 456.0 
78.954 457.0 
78.978 458.0 
79.059 459.0 
79.048 460.0 
78.989 461.0 
78.978 462.0 
79.083 463.0 
78.966 464.0 
79.013 465.0 
79.036 466.0 
79.013 467.0 
78.942 468.0 
79.024 469.0 
78.989 470.0 
78.931 471.0 
78.989 472.0 
78.861 473.0 
79.013 474.0 
79.059 475.0 
78.989 476.0 
78.931 477.0 
78.989 478.0 
78.884 479.0 
79.001 480.0 
79.071 481.0 
78.989 482.0 
79.071 483.0 
78.931 484.0 
79.013 485.0 
78.919 486.0 
78.978 487.0 
79.048 488.0 
78.966 489.0 
78.966 490.0 
79.013 491.0 
78.989 492.0 
79.013 493.0 
79.036 494.0 
78.966 495.0 
78.931 496.0 
78.978 497.0 
79.048 498.0 
78.919 499.0 
78.942 500.0 
78.989 501.0 
79.013 502.0 
78.896 503.0 
78.919 504.0 
78.931 505.0 
78.989 506.0 
78.907 507.0 
79.024 508.0 
78.896 509.0 
78.919 510.0 
78.942 511.0 
78.966 512.0 
78.978 513.0 
78.989 514.0 
79.013 515.0 
79.024 516.0 
79.316 517.0 
78.849 518.0 
78.872 519.0 
78.884 520.0 
78.896 521.0 
78.884 522.0 
78.896 523.0 
78.896 524.0 
78.884 525.0 
78.872 526.0 
78.884 527.0 
78.837 528.0 
78.837 529.0 
78.849 530.0 
78.849 531.0 
78.989 532.0 
78.978 533.0 
78.931 534.0 
78.919 535.0 
78.907 536.0 
78.872 537.0 
78.767 538.0 
78.744 539.0 
78.732 540.0 
78.861 541.0 
78.744 542.0 
78.721 543.0 
78.709 544.0 
78.686 545.0 
78.65 546.0 
78.791 547.0 
78.709 548.0 
78.662 549.0 
78.639 550.0 
78.58 551.0 
78.686 552.0 
78.639 553.0 
78.592 554.0 
78.569 555.0 
78.662 556.0 
78.674 557.0 
78.592 558.0 
78.218 559.0 
78.662 560.0 
78.604 561.0 
78.557 562.0 
78.674 563.0 
78.569 564.0 
78.522 565.0 
78.662 566.0 
78.662 567.0 
78.534 568.0 
78.592 569.0 
78.592 570.0 
78.709 571.0 
78.615 572.0 
78.557 573.0 
78.615 574.0 
78.58 575.0 
78.662 576.0 
78.604 577.0 
78.604 578.0 
78.709 579.0 
78.65 580.0 
78.732 581.0 
78.65 582.0 
78.697 583.0 
78.65 584.0 
78.183 585.0 
78.674 586.0 
78.592 587.0 
78.721 588.0 
78.58 589.0 
78.709 590.0 
78.58 591.0 
78.686 592.0 
78.639 593.0 
78.65 594.0 
78.604 595.0 
78.686 596.0 
78.58 597.0 
78.697 598.0 
78.58 599.0 
78.639 600.0 
78.732 601.0 
78.639 602.0 
78.732 603.0 
78.615 604.0 
78.709 605.0 
78.615 606.0 
78.662 607.0 
78.604 608.0 
78.662 609.0 
78.744 610.0 
78.627 611.0 
78.686 612.0 
78.627 613.0 
78.686 614.0 
78.557 615.0 
78.627 616.0 
78.686 617.0 
78.534 618.0 
78.686 619.0 
78.452 620.0 
78.615 621.0 
78.662 622.0 
78.569 623.0 
78.65 624.0 
78.732 625.0 
78.604 626.0 
78.674 627.0 
78.709 628.0 
78.569 629.0 
78.639 630.0 
78.732 631.0 
78.615 632.0 
78.697 633.0 
78.966 634.0 
78.592 635.0 
78.65 636.0 
78.721 637.0 
78.627 638.0 
78.674 639.0 
78.709 640.0 
78.58 641.0 
78.615 642.0 
78.686 643.0 
78.545 644.0 
78.615 645.0 
78.686 646.0 
78.721 647.0 
78.615 648.0 
78.627 649.0 
78.686 650.0 
78.569 651.0 
78.58 652.0 
78.65 653.0 
78.709 654.0 
78.569 655.0 
78.592 656.0 
78.65 657.0 
78.697 658.0 
78.615 659.0 
78.639 660.0 
78.686 661.0 
78.674 662.0 
78.592 663.0 
78.627 664.0 
78.697 665.0 
78.744 666.0 
78.569 667.0 
78.639 668.0 
78.697 669.0 
78.721 670.0 
78.569 671.0 
78.639 672.0 
78.674 673.0 
78.686 674.0 
78.627 675.0 
78.545 676.0 
78.604 677.0 
78.615 678.0 
78.662 679.0 
78.709 680.0 
78.58 681.0 
78.615 682.0 
78.639 683.0 
78.686 684.0 
78.639 685.0 
78.756 686.0 
78.534 687.0 
78.627 688.0 
78.627 689.0 
78.674 690.0 
78.709 691.0 
78.709 692.0 
78.557 693.0 
78.58 694.0 
78.627 695.0 
78.639 696.0 
78.674 697.0 
78.697 698.0 
78.487 699.0 
78.557 700.0 
78.604 701.0 
78.627 702.0 
78.662 703.0 
78.662 704.0 
78.65 705.0 
78.744 706.0 
78.534 707.0 
78.592 708.0 
78.592 709.0 
78.65 710.0 
78.639 711.0 
78.697 712.0 
78.721 713.0 
78.721 714.0 
78.499 715.0 
78.534 716.0 
78.557 717.0 
78.592 718.0 
78.615 719.0 
78.604 720.0 
78.662 721.0 
78.697 722.0 
78.686 723.0 
78.686 724.0 
78.732 725.0 
78.522 726.0 
78.545 727.0 
78.592 728.0 
78.604 729.0 
78.627 730.0 
78.627 731.0 
78.65 732.0 
78.674 733.0 
78.65 734.0 
78.686 735.0 
78.674 736.0 
78.674 737.0 
78.721 738.0 
78.44 739.0 
78.51 740.0 
78.557 741.0 
78.557 742.0 
78.569 743.0 
78.522 744.0 
78.58 745.0 
78.58 746.0 
78.569 747.0 
78.58 748.0 
78.615 749.0 
78.58 750.0 
78.604 751.0 
78.627 752.0 
78.627 753.0 
78.639 754.0 
78.615 755.0 
78.627 756.0 
78.615 757.0 
78.65 758.0 
78.674 759.0 
78.639 760.0 
78.639 761.0 
78.639 762.0 
78.65 763.0 
78.639 764.0 
78.674 765.0 
78.662 766.0 
78.65 767.0 
78.662 768.0 
78.662 769.0 
78.627 770.0 
78.604 771.0 
78.697 772.0 
78.674 773.0 
78.662 774.0 
78.639 775.0 
78.662 776.0 
78.65 777.0 
78.697 778.0 
78.65 779.0 
78.639 780.0 
78.65 781.0 
78.639 782.0 
78.639 783.0 
78.674 784.0 
78.662 785.0 
78.65 786.0 
78.639 787.0 
78.639 788.0 
78.662 789.0 
78.674 790.0 
78.639 791.0 
78.65 792.0 
78.65 793.0 
78.65 794.0 
78.674 795.0 
78.639 796.0 
78.65 797.0 
78.65 798.0 
78.65 799.0 
78.65 800.0 
78.662 801.0 
78.639 802.0 
78.662 803.0 
78.65 804.0 
0.01 805.0 
0.008 806.0 
0.005 807.0 
0.002 808.0 
0.0 809.0 
-0.001 810.0 
-0.007 811.0 
-0.023 812.0 
-0.028 813.0 
-0.029 814.0 
-0.042 815.0 
-0.048 816.0 
-0.044 817.0 
-0.047 818.0 
-0.049 819.0 
-0.062 820.0 
-0.061 821.0 
-0.048 822.0 
-0.048 823.0 
-0.06 824.0 
-0.054 825.0 
-0.044 826.0 
-0.037 827.0 
-0.041 828.0 
-0.035 829.0 
