-0.055 257.0 
-0.05 258.0 
-0.037 259.0 
-0.048 260.0 
-0.041 261.0 
-0.071 262.0 
-0.056 263.0 
-0.034 264.0 
-0.04 265.0 
-0.036 266.0 
-0.04 267.0 
-0.052 268.0 
-0.05 269.0 
-0.042 270.0 
-0.036 271.0 
-0.054 272.0 
-0.028 273.0 
-0.055 274.0 
798.294 275.0 
793.188 276.0 
790.867 277.0 
786.225 278.0 
781.583 279.0 
778.45 280.0 
775.2 281.0 
772.647 282.0 
770.558 283.0 
766.497 284.0 
763.944 285.0 
762.435 286.0 
761.391 287.0 
759.998 288.0 
758.838 289.0 
757.909 290.0 
754.892 291.0 
753.731 292.0 
753.151 293.0 
753.035 294.0 
750.018 295.0 
749.786 296.0 
749.67 297.0 
747.581 298.0 
747.001 299.0 
747.233 300.0 
745.028 301.0 
745.492 302.0 
742.591 303.0 
743.519 304.0 
743.983 305.0 
742.127 306.0 
742.243 307.0 
740.154 308.0 
741.314 309.0 
738.993 310.0 
739.574 311.0 
737.717 312.0 
738.065 313.0 
737.021 314.0 
737.485 315.0 
736.672 316.0 
737.137 317.0 
735.628 318.0 
736.44 319.0 
735.28 320.0 
732.959 321.0 
735.628 322.0 
734.584 323.0 
735.048 324.0 
734.584 325.0 
735.512 326.0 
734.119 327.0 
733.191 328.0 
734.584 329.0 
734.119 330.0 
733.307 331.0 
733.655 332.0 
733.887 333.0 
732.495 334.0 
737.253 335.0 
733.307 336.0 
732.843 337.0 
732.146 338.0 
733.771 339.0 
732.379 340.0 
732.611 341.0 
732.495 342.0 
733.655 343.0 
732.495 344.0 
732.379 345.0 
731.798 346.0 
731.334 347.0 
732.263 348.0 
732.611 349.0 
732.495 350.0 
731.566 351.0 
731.914 352.0 
731.334 353.0 
728.549 354.0 
732.263 355.0 
731.682 356.0 
731.914 357.0 
731.45 358.0 
732.146 359.0 
731.218 360.0 
731.798 361.0 
731.334 362.0 
731.218 363.0 
730.754 364.0 
731.102 365.0 
731.218 366.0 
731.102 367.0 
730.638 368.0 
730.986 369.0 
731.218 370.0 
731.218 371.0 
730.754 372.0 
731.102 373.0 
731.218 374.0 
731.566 375.0 
731.682 376.0 
729.361 377.0 
730.522 378.0 
730.522 379.0 
730.522 380.0 
730.29 381.0 
731.45 382.0 
730.638 383.0 
730.522 384.0 
730.29 385.0 
731.45 386.0 
729.826 387.0 
730.406 388.0 
731.218 389.0 
730.87 390.0 
731.334 391.0 
730.29 392.0 
731.218 393.0 
729.709 394.0 
730.522 395.0 
731.334 396.0 
729.942 397.0 
730.638 398.0 
729.593 399.0 
729.826 400.0 
731.102 401.0 
730.986 402.0 
731.566 403.0 
730.754 404.0 
730.29 405.0 
729.942 406.0 
730.522 407.0 
730.058 408.0 
730.754 409.0 
730.174 410.0 
730.29 411.0 
730.754 412.0 
733.771 413.0 
730.754 414.0 
729.942 415.0 
730.522 416.0 
729.593 417.0 
731.682 418.0 
730.29 419.0 
729.826 420.0 
730.174 421.0 
730.638 422.0 
730.522 423.0 
730.406 424.0 
730.174 425.0 
730.522 426.0 
730.986 427.0 
729.942 428.0 
730.174 429.0 
730.058 430.0 
730.754 431.0 
730.754 432.0 
730.638 433.0 
729.942 434.0 
730.174 435.0 
730.174 436.0 
731.218 437.0 
729.477 438.0 
730.058 439.0 
729.942 440.0 
730.406 441.0 
730.058 442.0 
730.29 443.0 
730.522 444.0 
729.942 445.0 
730.174 446.0 
731.218 447.0 
731.102 448.0 
730.754 449.0 
732.495 450.0 
730.174 451.0 
730.29 452.0 
729.826 453.0 
729.593 454.0 
730.638 455.0 
730.406 456.0 
730.29 457.0 
729.826 458.0 
730.638 459.0 
730.754 460.0 
730.406 461.0 
730.638 462.0 
731.334 463.0 
730.406 464.0 
730.522 465.0 
731.218 466.0 
730.29 467.0 
729.942 468.0 
730.87 469.0 
730.522 470.0 
729.942 471.0 
730.29 472.0 
730.986 473.0 
730.406 474.0 
731.334 475.0 
730.522 476.0 
729.709 477.0 
730.29 478.0 
729.245 479.0 
730.638 480.0 
730.87 481.0 
730.174 482.0 
730.87 483.0 
730.058 484.0 
730.522 485.0 
729.709 486.0 
729.826 487.0 
730.638 488.0 
729.942 489.0 
730.522 490.0 
730.29 491.0 
729.826 492.0 
729.826 493.0 
730.29 494.0 
729.593 495.0 
729.245 496.0 
729.826 497.0 
730.638 498.0 
729.593 499.0 
729.129 500.0 
729.942 501.0 
730.174 502.0 
729.129 503.0 
729.129 504.0 
729.361 505.0 
729.361 506.0 
727.04 507.0 
732.146 508.0 
729.013 509.0 
729.013 510.0 
729.245 511.0 
729.129 512.0 
729.129 513.0 
729.593 514.0 
729.593 515.0 
729.709 516.0 
730.986 517.0 
728.781 518.0 
728.317 519.0 
728.433 520.0 
728.781 521.0 
728.897 522.0 
728.781 523.0 
728.665 524.0 
728.665 525.0 
728.665 526.0 
728.781 527.0 
728.085 528.0 
728.665 529.0 
727.969 530.0 
728.317 531.0 
729.477 532.0 
729.129 533.0 
729.013 534.0 
729.245 535.0 
729.361 536.0 
729.245 537.0 
728.317 538.0 
728.549 539.0 
728.317 540.0 
729.593 541.0 
729.129 542.0 
729.245 543.0 
728.897 544.0 
728.781 545.0 
728.549 546.0 
729.477 547.0 
729.245 548.0 
728.665 549.0 
728.781 550.0 
728.433 551.0 
729.129 552.0 
728.781 553.0 
728.201 554.0 
728.433 555.0 
729.593 556.0 
728.549 557.0 
728.085 558.0 
724.255 559.0 
728.781 560.0 
728.665 561.0 
728.201 562.0 
729.245 563.0 
728.549 564.0 
727.505 565.0 
729.245 566.0 
729.245 567.0 
727.853 568.0 
729.013 569.0 
728.433 570.0 
729.593 571.0 
728.433 572.0 
727.737 573.0 
728.201 574.0 
728.317 575.0 
729.245 576.0 
728.781 577.0 
728.549 578.0 
729.361 579.0 
728.897 580.0 
729.826 581.0 
729.129 582.0 
729.361 583.0 
729.361 584.0 
730.406 585.0 
729.245 586.0 
728.433 587.0 
729.477 588.0 
728.781 589.0 
729.477 590.0 
728.433 591.0 
729.013 592.0 
728.665 593.0 
729.013 594.0 
728.433 595.0 
728.897 596.0 
728.433 597.0 
729.129 598.0 
728.433 599.0 
729.245 600.0 
729.709 601.0 
729.013 602.0 
729.826 603.0 
729.361 604.0 
729.593 605.0 
728.781 606.0 
729.361 607.0 
728.201 608.0 
729.013 609.0 
729.709 610.0 
728.897 611.0 
729.593 612.0 
728.549 613.0 
729.361 614.0 
728.201 615.0 
728.781 616.0 
729.593 617.0 
728.549 618.0 
729.245 619.0 
724.952 620.0 
728.781 621.0 
729.361 622.0 
728.781 623.0 
729.013 624.0 
729.709 625.0 
728.317 626.0 
729.245 627.0 
729.709 628.0 
728.897 629.0 
729.013 630.0 
729.826 631.0 
728.317 632.0 
729.593 633.0 
729.709 634.0 
728.433 635.0 
729.129 636.0 
729.709 637.0 
728.201 638.0 
728.665 639.0 
729.709 640.0 
728.201 641.0 
728.897 642.0 
729.709 643.0 
728.433 644.0 
728.781 645.0 
729.129 646.0 
729.942 647.0 
728.781 648.0 
729.013 649.0 
729.593 650.0 
727.969 651.0 
728.317 652.0 
728.897 653.0 
729.593 654.0 
728.201 655.0 
728.781 656.0 
729.013 657.0 
729.361 658.0 
728.317 659.0 
728.665 660.0 
729.477 661.0 
729.942 662.0 
728.433 663.0 
729.013 664.0 
729.477 665.0 
730.058 666.0 
728.317 667.0 
728.665 668.0 
729.477 669.0 
729.942 670.0 
728.433 671.0 
728.433 672.0 
729.013 673.0 
729.477 674.0 
729.593 675.0 
728.317 676.0 
728.665 677.0 
729.129 678.0 
729.129 679.0 
729.361 680.0 
728.201 681.0 
728.433 682.0 
729.013 683.0 
729.129 684.0 
729.593 685.0 
730.058 686.0 
728.085 687.0 
728.897 688.0 
729.245 689.0 
729.709 690.0 
729.477 691.0 
729.593 692.0 
727.969 693.0 
728.317 694.0 
728.781 695.0 
729.013 696.0 
729.477 697.0 
729.361 698.0 
727.04 699.0 
728.201 700.0 
728.665 701.0 
728.781 702.0 
729.013 703.0 
729.361 704.0 
729.709 705.0 
729.826 706.0 
728.549 707.0 
728.665 708.0 
728.549 709.0 
729.245 710.0 
729.013 711.0 
729.013 712.0 
729.477 713.0 
729.593 714.0 
729.709 715.0 
728.085 716.0 
728.433 717.0 
728.433 718.0 
729.013 719.0 
728.781 720.0 
729.013 721.0 
729.477 722.0 
729.361 723.0 
729.709 724.0 
729.942 725.0 
728.201 726.0 
728.433 727.0 
728.549 728.0 
728.781 729.0 
728.781 730.0 
729.013 731.0 
728.897 732.0 
728.781 733.0 
729.245 734.0 
729.361 735.0 
729.477 736.0 
729.245 737.0 
729.593 738.0 
727.505 739.0 
727.737 740.0 
728.201 741.0 
728.549 742.0 
728.433 743.0 
728.317 744.0 
728.549 745.0 
728.433 746.0 
728.549 747.0 
727.853 748.0 
729.129 749.0 
729.129 750.0 
728.665 751.0 
728.665 752.0 
728.549 753.0 
728.549 754.0 
729.129 755.0 
728.085 756.0 
729.013 757.0 
729.013 758.0 
729.129 759.0 
729.129 760.0 
728.897 761.0 
729.361 762.0 
729.013 763.0 
729.245 764.0 
729.709 765.0 
729.129 766.0 
729.245 767.0 
729.129 768.0 
729.129 769.0 
729.245 770.0 
729.013 771.0 
729.129 772.0 
729.129 773.0 
729.129 774.0 
729.361 775.0 
729.129 776.0 
729.129 777.0 
729.245 778.0 
729.129 779.0 
729.013 780.0 
729.245 781.0 
729.129 782.0 
729.129 783.0 
729.013 784.0 
728.897 785.0 
728.897 786.0 
729.129 787.0 
729.013 788.0 
729.013 789.0 
729.245 790.0 
728.897 791.0 
728.897 792.0 
728.897 793.0 
728.781 794.0 
729.013 795.0 
728.665 796.0 
728.781 797.0 
728.897 798.0 
728.897 799.0 
728.549 800.0 
728.549 801.0 
728.897 802.0 
728.897 803.0 
728.665 804.0 
0.093 805.0 
0.115 806.0 
0.104 807.0 
0.101 808.0 
0.103 809.0 
0.074 810.0 
0.042 811.0 
0.001 812.0 
-0.034 813.0 
-0.071 814.0 
-0.109 815.0 
-0.149 816.0 
-0.174 817.0 
-0.205 818.0 
-0.234 819.0 
-0.25 820.0 
-0.264 821.0 
-0.277 822.0 
-0.285 823.0 
-0.286 824.0 
-0.276 825.0 
-0.266 826.0 
-0.267 827.0 
-0.254 828.0 
-0.225 829.0 
