-0.016 257.0 
-0.019 258.0 
-0.048 259.0 
-0.048 260.0 
-0.02 261.0 
-0.019 262.0 
-0.023 263.0 
-0.031 264.0 
-0.016 265.0 
-0.023 266.0 
-0.018 267.0 
-0.014 268.0 
-0.05 269.0 
-0.043 270.0 
-0.046 271.0 
-0.036 272.0 
-0.035 273.0 
-0.047 274.0 
141.253 275.0 
138.181 276.0 
137.235 277.0 
135.787 278.0 
134.257 279.0 
132.388 280.0 
130.858 281.0 
128.838 282.0 
125.988 283.0 
124.727 284.0 
124.306 285.0 
124.014 286.0 
123.827 287.0 
123.582 288.0 
123.278 289.0 
122.671 290.0 
122.531 291.0 
122.344 292.0 
122.157 293.0 
121.912 294.0 
121.573 295.0 
121.398 296.0 
121.351 297.0 
120.802 298.0 
120.604 299.0 
120.545 300.0 
119.996 301.0 
119.938 302.0 
119.389 303.0 
119.307 304.0 
119.155 305.0 
118.571 306.0 
117.345 307.0 
115.103 308.0 
112.346 309.0 
108.62 310.0 
105.128 311.0 
101.134 312.0 
97.396 313.0 
93.332 314.0 
89.583 315.0 
85.845 316.0 
82.446 317.0 
79.655 318.0 
79.538 319.0 
79.305 320.0 
79.141 321.0 
79.141 322.0 
79.036 323.0 
79.048 324.0 
79.013 325.0 
78.919 326.0 
79.024 327.0 
78.919 328.0 
79.118 329.0 
79.024 330.0 
78.954 331.0 
79.036 332.0 
79.059 333.0 
78.942 334.0 
78.989 335.0 
79.036 336.0 
79.013 337.0 
78.919 338.0 
79.106 339.0 
78.978 340.0 
78.954 341.0 
78.954 342.0 
78.872 343.0 
78.966 344.0 
78.942 345.0 
78.931 346.0 
78.907 347.0 
78.907 348.0 
78.989 349.0 
79.001 350.0 
78.942 351.0 
79.001 352.0 
78.942 353.0 
78.919 354.0 
78.826 355.0 
78.978 356.0 
79.001 357.0 
78.942 358.0 
79.036 359.0 
78.966 360.0 
79.024 361.0 
78.966 362.0 
78.978 363.0 
78.919 364.0 
78.907 365.0 
78.954 366.0 
78.989 367.0 
78.907 368.0 
78.907 369.0 
78.978 370.0 
78.942 371.0 
78.978 372.0 
78.966 373.0 
79.013 374.0 
79.048 375.0 
79.328 376.0 
78.884 377.0 
78.931 378.0 
78.931 379.0 
78.931 380.0 
78.966 381.0 
79.036 382.0 
78.978 383.0 
78.942 384.0 
78.919 385.0 
79.013 386.0 
78.954 387.0 
78.849 388.0 
78.978 389.0 
78.942 390.0 
78.954 391.0 
78.907 392.0 
79.024 393.0 
78.896 394.0 
78.978 395.0 
79.036 396.0 
78.896 397.0 
78.978 398.0 
78.849 399.0 
78.884 400.0 
79.036 401.0 
79.001 402.0 
79.048 403.0 
78.989 404.0 
78.896 405.0 
78.861 406.0 
78.942 407.0 
78.896 408.0 
78.919 409.0 
78.872 410.0 
78.966 411.0 
79.013 412.0 
79.468 413.0 
79.024 414.0 
78.919 415.0 
78.978 416.0 
78.907 417.0 
78.954 418.0 
79.001 419.0 
78.907 420.0 
78.942 421.0 
78.966 422.0 
78.989 423.0 
78.919 424.0 
78.896 425.0 
78.966 426.0 
78.978 427.0 
78.896 428.0 
78.884 429.0 
78.896 430.0 
78.966 431.0 
78.966 432.0 
78.978 433.0 
78.849 434.0 
78.896 435.0 
78.907 436.0 
78.954 437.0 
78.861 438.0 
78.861 439.0 
78.907 440.0 
78.931 441.0 
78.907 442.0 
78.919 443.0 
78.931 444.0 
78.872 445.0 
78.861 446.0 
79.013 447.0 
78.966 448.0 
78.966 449.0 
79.316 450.0 
78.931 451.0 
78.907 452.0 
78.861 453.0 
78.837 454.0 
78.978 455.0 
78.931 456.0 
78.919 457.0 
78.861 458.0 
78.966 459.0 
79.001 460.0 
78.919 461.0 
78.872 462.0 
79.013 463.0 
78.942 464.0 
78.931 465.0 
78.989 466.0 
78.931 467.0 
78.849 468.0 
78.931 469.0 
78.884 470.0 
78.849 471.0 
78.884 472.0 
78.732 473.0 
78.931 474.0 
79.013 475.0 
78.931 476.0 
78.884 477.0 
78.931 478.0 
78.837 479.0 
78.919 480.0 
79.036 481.0 
78.907 482.0 
78.978 483.0 
78.861 484.0 
78.931 485.0 
78.849 486.0 
78.861 487.0 
78.978 488.0 
78.861 489.0 
78.919 490.0 
78.954 491.0 
78.896 492.0 
78.931 493.0 
78.954 494.0 
78.837 495.0 
78.907 496.0 
78.942 497.0 
78.966 498.0 
78.837 499.0 
78.896 500.0 
78.942 501.0 
78.942 502.0 
78.837 503.0 
78.826 504.0 
78.861 505.0 
78.884 506.0 
78.791 507.0 
78.978 508.0 
78.791 509.0 
78.826 510.0 
78.837 511.0 
78.872 512.0 
78.896 513.0 
78.907 514.0 
78.907 515.0 
78.919 516.0 
79.211 517.0 
78.732 518.0 
78.767 519.0 
78.814 520.0 
78.814 521.0 
78.802 522.0 
78.802 523.0 
78.814 524.0 
78.826 525.0 
78.802 526.0 
78.756 527.0 
78.767 528.0 
78.744 529.0 
78.686 530.0 
78.709 531.0 
78.849 532.0 
79.071 533.0 
78.767 534.0 
78.791 535.0 
78.756 536.0 
78.697 537.0 
78.662 538.0 
78.615 539.0 
78.569 540.0 
78.709 541.0 
78.592 542.0 
78.592 543.0 
78.545 544.0 
78.487 545.0 
78.452 546.0 
78.569 547.0 
78.534 548.0 
78.452 549.0 
78.417 550.0 
78.359 551.0 
78.475 552.0 
78.452 553.0 
78.394 554.0 
78.382 555.0 
78.487 556.0 
78.417 557.0 
78.394 558.0 
77.996 559.0 
78.487 560.0 
78.394 561.0 
78.323 562.0 
78.44 563.0 
78.382 564.0 
78.312 565.0 
78.452 566.0 
78.452 567.0 
78.323 568.0 
78.359 569.0 
78.382 570.0 
78.487 571.0 
78.394 572.0 
78.3 573.0 
78.417 574.0 
78.394 575.0 
78.779 576.0 
78.382 577.0 
78.394 578.0 
78.499 579.0 
78.405 580.0 
78.522 581.0 
78.44 582.0 
78.499 583.0 
78.487 584.0 
78.58 585.0 
78.464 586.0 
78.37 587.0 
78.464 588.0 
78.37 589.0 
78.464 590.0 
78.405 591.0 
78.522 592.0 
78.394 593.0 
78.452 594.0 
78.394 595.0 
78.382 596.0 
78.37 597.0 
78.452 598.0 
78.37 599.0 
78.44 600.0 
78.534 601.0 
78.452 602.0 
78.522 603.0 
78.417 604.0 
78.499 605.0 
78.394 606.0 
78.452 607.0 
78.359 608.0 
78.417 609.0 
78.51 610.0 
78.394 611.0 
78.475 612.0 
78.37 613.0 
78.44 614.0 
78.405 615.0 
78.359 616.0 
78.487 617.0 
78.323 618.0 
78.464 619.0 
78.207 620.0 
78.429 621.0 
78.464 622.0 
78.382 623.0 
78.452 624.0 
78.522 625.0 
78.405 626.0 
78.44 627.0 
78.499 628.0 
78.394 629.0 
78.429 630.0 
78.499 631.0 
78.394 632.0 
78.452 633.0 
78.732 634.0 
78.405 635.0 
78.452 636.0 
78.499 637.0 
78.382 638.0 
78.464 639.0 
78.51 640.0 
78.37 641.0 
78.429 642.0 
78.487 643.0 
78.359 644.0 
78.382 645.0 
78.452 646.0 
78.522 647.0 
78.347 648.0 
78.405 649.0 
78.44 650.0 
78.335 651.0 
78.312 652.0 
78.429 653.0 
78.487 654.0 
78.335 655.0 
78.37 656.0 
78.44 657.0 
78.51 658.0 
78.405 659.0 
78.429 660.0 
78.452 661.0 
78.464 662.0 
78.382 663.0 
78.405 664.0 
78.475 665.0 
78.487 666.0 
78.405 667.0 
78.417 668.0 
78.464 669.0 
78.499 670.0 
78.359 671.0 
78.37 672.0 
78.44 673.0 
78.475 674.0 
78.464 675.0 
78.335 676.0 
78.405 677.0 
78.452 678.0 
78.452 679.0 
78.499 680.0 
78.347 681.0 
78.394 682.0 
78.405 683.0 
78.475 684.0 
78.417 685.0 
78.51 686.0 
78.323 687.0 
78.37 688.0 
78.382 689.0 
78.464 690.0 
78.429 691.0 
78.51 692.0 
78.323 693.0 
78.382 694.0 
78.417 695.0 
78.464 696.0 
78.464 697.0 
78.475 698.0 
78.323 699.0 
78.37 700.0 
78.394 701.0 
78.429 702.0 
78.44 703.0 
78.452 704.0 
78.464 705.0 
78.499 706.0 
78.359 707.0 
78.37 708.0 
78.394 709.0 
78.394 710.0 
78.464 711.0 
78.44 712.0 
78.464 713.0 
78.499 714.0 
78.277 715.0 
78.347 716.0 
78.347 717.0 
78.382 718.0 
78.405 719.0 
78.417 720.0 
78.475 721.0 
78.464 722.0 
78.487 723.0 
78.475 724.0 
78.51 725.0 
78.347 726.0 
78.359 727.0 
78.335 728.0 
78.359 729.0 
78.382 730.0 
78.405 731.0 
78.417 732.0 
78.452 733.0 
78.44 734.0 
78.475 735.0 
78.51 736.0 
78.475 737.0 
78.51 738.0 
78.3 739.0 
78.323 740.0 
78.335 741.0 
78.335 742.0 
78.359 743.0 
78.359 744.0 
78.359 745.0 
78.37 746.0 
78.382 747.0 
78.359 748.0 
78.382 749.0 
78.37 750.0 
78.394 751.0 
78.405 752.0 
78.37 753.0 
78.405 754.0 
78.429 755.0 
78.452 756.0 
78.417 757.0 
78.417 758.0 
78.417 759.0 
78.464 760.0 
78.452 761.0 
78.452 762.0 
78.417 763.0 
78.429 764.0 
78.452 765.0 
78.452 766.0 
78.452 767.0 
78.429 768.0 
78.429 769.0 
78.417 770.0 
78.464 771.0 
78.429 772.0 
78.429 773.0 
78.452 774.0 
78.487 775.0 
78.464 776.0 
78.487 777.0 
78.452 778.0 
78.417 779.0 
78.475 780.0 
78.452 781.0 
78.452 782.0 
78.44 783.0 
78.429 784.0 
78.417 785.0 
78.44 786.0 
78.452 787.0 
78.429 788.0 
78.44 789.0 
78.429 790.0 
78.429 791.0 
78.429 792.0 
78.417 793.0 
78.452 794.0 
78.429 795.0 
78.405 796.0 
78.429 797.0 
78.417 798.0 
78.464 799.0 
78.464 800.0 
78.405 801.0 
78.44 802.0 
78.405 803.0 
78.394 804.0 
0.004 805.0 
0.005 806.0 
0.006 807.0 
0.002 808.0 
0.006 809.0 
-0.004 810.0 
-0.016 811.0 
-0.011 812.0 
-0.02 813.0 
-0.023 814.0 
-0.025 815.0 
-0.025 816.0 
-0.02 817.0 
-0.035 818.0 
-0.037 819.0 
-0.03 820.0 
-0.037 821.0 
-0.036 822.0 
-0.041 823.0 
-0.038 824.0 
-0.034 825.0 
-0.036 826.0 
-0.034 827.0 
-0.041 828.0 
-0.038 829.0 
