-0.054 257.0 
-0.011 258.0 
-0.035 259.0 
-0.036 260.0 
-0.04 261.0 
-0.031 262.0 
-0.026 263.0 
-0.028 264.0 
-0.018 265.0 
-0.036 266.0 
-0.023 267.0 
-0.013 268.0 
-0.044 269.0 
-0.035 270.0 
-0.034 271.0 
-0.024 272.0 
-0.032 273.0 
-0.018 274.0 
145.808 275.0 
141.872 276.0 
140.681 277.0 
139.186 278.0 
137.527 279.0 
135.413 280.0 
133.825 281.0 
131.723 282.0 
128.978 283.0 
127.81 284.0 
127.425 285.0 
127.086 286.0 
126.946 287.0 
126.677 288.0 
126.315 289.0 
125.661 290.0 
125.497 291.0 
125.264 292.0 
125.042 293.0 
124.937 294.0 
124.4 295.0 
124.201 296.0 
124.108 297.0 
123.57 298.0 
123.36 299.0 
123.243 300.0 
122.706 301.0 
122.624 302.0 
122.134 303.0 
122.052 304.0 
121.935 305.0 
121.339 306.0 
120.16 307.0 
118.022 308.0 
115.36 309.0 
111.552 310.0 
107.744 311.0 
103.551 312.0 
99.464 313.0 
95.119 314.0 
90.996 315.0 
86.908 316.0 
83.252 317.0 
80.437 318.0 
80.309 319.0 
80.075 320.0 
79.889 321.0 
79.912 322.0 
79.76 323.0 
79.854 324.0 
79.783 325.0 
79.678 326.0 
79.772 327.0 
79.702 328.0 
79.877 329.0 
79.807 330.0 
79.737 331.0 
79.818 332.0 
79.83 333.0 
79.748 334.0 
79.818 335.0 
79.807 336.0 
79.783 337.0 
79.737 338.0 
79.877 339.0 
79.748 340.0 
79.737 341.0 
79.713 342.0 
79.889 343.0 
79.737 344.0 
79.713 345.0 
79.713 346.0 
79.667 347.0 
79.702 348.0 
79.772 349.0 
79.725 350.0 
79.725 351.0 
79.795 352.0 
79.748 353.0 
79.667 354.0 
79.678 355.0 
79.783 356.0 
79.783 357.0 
79.76 358.0 
79.842 359.0 
79.737 360.0 
79.783 361.0 
79.725 362.0 
79.725 363.0 
79.69 364.0 
79.713 365.0 
79.76 366.0 
79.748 367.0 
79.702 368.0 
79.713 369.0 
79.725 370.0 
79.737 371.0 
79.795 372.0 
79.807 373.0 
79.795 374.0 
79.795 375.0 
80.099 376.0 
79.667 377.0 
79.772 378.0 
79.748 379.0 
79.748 380.0 
79.713 381.0 
79.795 382.0 
79.725 383.0 
79.678 384.0 
79.667 385.0 
79.795 386.0 
79.69 387.0 
79.655 388.0 
79.725 389.0 
79.737 390.0 
79.748 391.0 
79.713 392.0 
79.818 393.0 
79.667 394.0 
79.748 395.0 
79.83 396.0 
79.667 397.0 
79.737 398.0 
79.643 399.0 
79.667 400.0 
79.737 401.0 
79.725 402.0 
79.783 403.0 
79.748 404.0 
79.667 405.0 
79.667 406.0 
79.725 407.0 
79.678 408.0 
79.737 409.0 
79.62 410.0 
79.713 411.0 
79.795 412.0 
80.204 413.0 
79.795 414.0 
79.69 415.0 
79.748 416.0 
79.69 417.0 
79.76 418.0 
79.772 419.0 
79.655 420.0 
79.702 421.0 
79.725 422.0 
79.772 423.0 
79.667 424.0 
79.667 425.0 
79.725 426.0 
79.748 427.0 
79.678 428.0 
79.69 429.0 
79.667 430.0 
79.737 431.0 
79.76 432.0 
79.772 433.0 
79.632 434.0 
79.643 435.0 
79.702 436.0 
79.772 437.0 
79.643 438.0 
79.667 439.0 
79.678 440.0 
79.678 441.0 
79.667 442.0 
79.69 443.0 
79.69 444.0 
79.667 445.0 
79.632 446.0 
79.748 447.0 
79.76 448.0 
79.725 449.0 
80.064 450.0 
79.69 451.0 
79.702 452.0 
79.655 453.0 
79.608 454.0 
79.725 455.0 
79.62 456.0 
79.678 457.0 
79.655 458.0 
79.737 459.0 
79.713 460.0 
79.678 461.0 
79.678 462.0 
79.76 463.0 
79.713 464.0 
79.678 465.0 
79.772 466.0 
79.678 467.0 
79.62 468.0 
79.737 469.0 
79.69 470.0 
79.655 471.0 
79.725 472.0 
79.632 473.0 
79.702 474.0 
79.783 475.0 
79.702 476.0 
79.608 477.0 
79.702 478.0 
79.62 479.0 
79.702 480.0 
79.772 481.0 
79.667 482.0 
79.772 483.0 
79.667 484.0 
79.713 485.0 
79.667 486.0 
79.667 487.0 
79.76 488.0 
79.632 489.0 
79.643 490.0 
79.737 491.0 
79.667 492.0 
79.667 493.0 
79.713 494.0 
79.643 495.0 
79.655 496.0 
79.678 497.0 
79.76 498.0 
79.632 499.0 
79.643 500.0 
79.678 501.0 
79.678 502.0 
79.585 503.0 
79.632 504.0 
79.655 505.0 
79.667 506.0 
79.597 507.0 
79.713 508.0 
79.55 509.0 
79.597 510.0 
79.643 511.0 
79.678 512.0 
79.69 513.0 
79.678 514.0 
79.713 515.0 
79.69 516.0 
80.017 517.0 
79.526 518.0 
79.538 519.0 
79.538 520.0 
79.562 521.0 
79.526 522.0 
79.55 523.0 
79.55 524.0 
79.538 525.0 
79.538 526.0 
79.515 527.0 
79.468 528.0 
79.491 529.0 
79.456 530.0 
79.515 531.0 
79.597 532.0 
79.573 533.0 
79.526 534.0 
79.526 535.0 
79.515 536.0 
79.468 537.0 
79.41 538.0 
79.375 539.0 
79.351 540.0 
79.48 541.0 
79.363 542.0 
79.351 543.0 
79.305 544.0 
79.223 545.0 
79.234 546.0 
79.351 547.0 
79.305 548.0 
79.234 549.0 
79.188 550.0 
79.141 551.0 
79.281 552.0 
79.211 553.0 
79.176 554.0 
79.129 555.0 
79.258 556.0 
79.164 557.0 
79.188 558.0 
78.802 559.0 
79.211 560.0 
79.141 561.0 
79.118 562.0 
79.223 563.0 
79.153 564.0 
79.059 565.0 
79.211 566.0 
79.223 567.0 
79.083 568.0 
79.153 569.0 
79.141 570.0 
79.27 571.0 
79.188 572.0 
79.083 573.0 
79.164 574.0 
79.129 575.0 
79.246 576.0 
79.141 577.0 
79.188 578.0 
79.281 579.0 
79.153 580.0 
79.258 581.0 
79.223 582.0 
79.223 583.0 
79.223 584.0 
79.281 585.0 
79.223 586.0 
79.164 587.0 
79.246 588.0 
79.129 589.0 
79.234 590.0 
79.153 591.0 
79.223 592.0 
79.153 593.0 
79.211 594.0 
79.129 595.0 
79.153 596.0 
79.141 597.0 
79.246 598.0 
79.153 599.0 
79.176 600.0 
79.281 601.0 
79.188 602.0 
79.293 603.0 
79.164 604.0 
79.246 605.0 
79.141 606.0 
79.211 607.0 
79.106 608.0 
79.199 609.0 
79.246 610.0 
79.176 611.0 
79.246 612.0 
79.141 613.0 
79.211 614.0 
79.106 615.0 
79.199 616.0 
79.305 617.0 
79.106 618.0 
79.246 619.0 
78.954 620.0 
79.176 621.0 
79.234 622.0 
79.153 623.0 
79.223 624.0 
79.281 625.0 
79.141 626.0 
79.199 627.0 
79.246 628.0 
79.141 629.0 
79.211 630.0 
79.305 631.0 
79.176 632.0 
79.223 633.0 
79.515 634.0 
79.176 635.0 
79.258 636.0 
79.246 637.0 
79.141 638.0 
79.246 639.0 
79.258 640.0 
79.118 641.0 
79.129 642.0 
79.234 643.0 
79.094 644.0 
79.118 645.0 
79.199 646.0 
79.281 647.0 
79.153 648.0 
79.141 649.0 
79.27 650.0 
79.106 651.0 
79.106 652.0 
79.199 653.0 
79.258 654.0 
79.118 655.0 
79.164 656.0 
79.211 657.0 
79.258 658.0 
79.153 659.0 
79.188 660.0 
79.234 661.0 
79.246 662.0 
79.129 663.0 
79.188 664.0 
79.199 665.0 
79.246 666.0 
79.106 667.0 
79.199 668.0 
79.234 669.0 
79.305 670.0 
79.129 671.0 
79.141 672.0 
79.176 673.0 
79.223 674.0 
79.223 675.0 
79.118 676.0 
79.164 677.0 
79.223 678.0 
79.211 679.0 
79.27 680.0 
79.129 681.0 
79.118 682.0 
79.188 683.0 
79.223 684.0 
79.258 685.0 
79.27 686.0 
79.059 687.0 
79.164 688.0 
79.176 689.0 
79.211 690.0 
79.246 691.0 
79.316 692.0 
79.129 693.0 
79.153 694.0 
79.199 695.0 
79.188 696.0 
79.164 697.0 
79.27 698.0 
79.024 699.0 
79.153 700.0 
79.141 701.0 
79.153 702.0 
79.199 703.0 
79.211 704.0 
79.223 705.0 
79.27 706.0 
79.118 707.0 
79.129 708.0 
79.141 709.0 
79.176 710.0 
79.211 711.0 
79.211 712.0 
79.27 713.0 
79.27 714.0 
79.129 715.0 
79.106 716.0 
79.106 717.0 
79.153 718.0 
79.164 719.0 
79.176 720.0 
79.211 721.0 
79.199 722.0 
79.246 723.0 
79.258 724.0 
79.27 725.0 
79.024 726.0 
79.083 727.0 
79.118 728.0 
79.153 729.0 
79.188 730.0 
79.199 731.0 
79.211 732.0 
79.211 733.0 
79.211 734.0 
79.234 735.0 
79.27 736.0 
79.246 737.0 
79.27 738.0 
79.083 739.0 
79.106 740.0 
79.059 741.0 
79.118 742.0 
79.094 743.0 
79.141 744.0 
79.118 745.0 
79.118 746.0 
79.153 747.0 
79.118 748.0 
79.153 749.0 
79.153 750.0 
79.118 751.0 
79.164 752.0 
79.188 753.0 
79.199 754.0 
79.188 755.0 
79.153 756.0 
79.223 757.0 
79.164 758.0 
79.188 759.0 
79.211 760.0 
79.176 761.0 
79.188 762.0 
79.199 763.0 
79.211 764.0 
79.211 765.0 
79.188 766.0 
79.176 767.0 
79.234 768.0 
79.223 769.0 
79.211 770.0 
79.246 771.0 
79.199 772.0 
79.223 773.0 
79.211 774.0 
79.211 775.0 
79.188 776.0 
79.211 777.0 
79.234 778.0 
79.211 779.0 
79.176 780.0 
79.223 781.0 
79.199 782.0 
79.223 783.0 
79.199 784.0 
79.188 785.0 
79.199 786.0 
79.176 787.0 
79.199 788.0 
79.188 789.0 
79.199 790.0 
79.199 791.0 
79.188 792.0 
79.199 793.0 
79.199 794.0 
79.211 795.0 
79.211 796.0 
79.211 797.0 
79.188 798.0 
79.211 799.0 
79.176 800.0 
79.176 801.0 
79.164 802.0 
79.153 803.0 
79.199 804.0 
0.005 805.0 
-0.006 806.0 
0.004 807.0 
-0.004 808.0 
-0.006 809.0 
-0.001 810.0 
-0.008 811.0 
-0.024 812.0 
-0.029 813.0 
-0.038 814.0 
-0.035 815.0 
-0.036 816.0 
-0.042 817.0 
-0.034 818.0 
-0.032 819.0 
-0.04 820.0 
-0.042 821.0 
-0.037 822.0 
-0.03 823.0 
-0.042 824.0 
-0.04 825.0 
-0.041 826.0 
-0.032 827.0 
-0.019 828.0 
-0.014 829.0 
