-0.018 257.0 
-0.04 258.0 
-0.019 259.0 
-0.025 260.0 
-0.018 261.0 
-0.025 262.0 
-0.032 263.0 
-0.042 264.0 
-0.026 265.0 
-0.047 266.0 
-0.02 267.0 
-0.03 268.0 
-0.042 269.0 
-0.02 270.0 
-0.028 271.0 
-0.016 272.0 
-0.043 273.0 
-0.025 274.0 
141.942 275.0 
139.361 276.0 
138.473 277.0 
136.99 278.0 
135.612 279.0 
133.755 280.0 
132.237 281.0 
130.076 282.0 
127.086 283.0 
125.673 284.0 
125.311 285.0 
125.054 286.0 
124.878 287.0 
124.633 288.0 
124.329 289.0 
123.687 290.0 
123.594 291.0 
123.372 292.0 
123.138 293.0 
123.068 294.0 
122.542 295.0 
122.414 296.0 
122.414 297.0 
121.807 298.0 
121.62 299.0 
121.596 300.0 
121.083 301.0 
121.024 302.0 
120.534 303.0 
120.499 304.0 
120.44 305.0 
119.868 306.0 
118.77 307.0 
116.656 308.0 
114.086 309.0 
110.758 310.0 
107.301 311.0 
103.271 312.0 
99.3 313.0 
95.025 314.0 
90.972 315.0 
87.001 316.0 
83.287 317.0 
79.877 318.0 
79.748 319.0 
79.538 320.0 
79.41 321.0 
79.421 322.0 
79.328 323.0 
79.363 324.0 
79.328 325.0 
79.246 326.0 
79.375 327.0 
79.258 328.0 
79.48 329.0 
79.363 330.0 
79.281 331.0 
79.538 332.0 
79.363 333.0 
79.305 334.0 
79.234 335.0 
79.363 336.0 
79.375 337.0 
79.223 338.0 
79.398 339.0 
79.281 340.0 
79.293 341.0 
79.246 342.0 
79.398 343.0 
79.293 344.0 
79.328 345.0 
79.246 346.0 
79.199 347.0 
79.258 348.0 
79.328 349.0 
79.293 350.0 
79.27 351.0 
79.305 352.0 
79.246 353.0 
79.223 354.0 
79.386 355.0 
79.305 356.0 
79.363 357.0 
79.328 358.0 
79.351 359.0 
79.316 360.0 
79.328 361.0 
79.246 362.0 
79.293 363.0 
79.211 364.0 
79.234 365.0 
79.27 366.0 
79.316 367.0 
79.223 368.0 
79.293 369.0 
79.281 370.0 
79.305 371.0 
79.305 372.0 
79.34 373.0 
79.34 374.0 
79.351 375.0 
79.632 376.0 
79.211 377.0 
79.246 378.0 
79.293 379.0 
79.316 380.0 
79.223 381.0 
79.363 382.0 
79.27 383.0 
79.281 384.0 
79.246 385.0 
79.351 386.0 
79.211 387.0 
79.199 388.0 
79.328 389.0 
79.328 390.0 
79.328 391.0 
79.27 392.0 
79.328 393.0 
79.188 394.0 
79.316 395.0 
79.41 396.0 
79.27 397.0 
79.305 398.0 
79.258 399.0 
79.223 400.0 
79.351 401.0 
79.281 402.0 
79.34 403.0 
79.305 404.0 
79.246 405.0 
79.211 406.0 
79.316 407.0 
79.27 408.0 
79.293 409.0 
79.281 410.0 
79.281 411.0 
79.363 412.0 
79.772 413.0 
79.34 414.0 
79.281 415.0 
79.316 416.0 
79.223 417.0 
79.363 418.0 
79.316 419.0 
79.234 420.0 
79.281 421.0 
79.293 422.0 
79.316 423.0 
79.27 424.0 
79.281 425.0 
79.281 426.0 
79.316 427.0 
79.258 428.0 
79.258 429.0 
79.234 430.0 
79.305 431.0 
79.328 432.0 
79.34 433.0 
79.211 434.0 
79.246 435.0 
79.281 436.0 
79.34 437.0 
79.141 438.0 
79.234 439.0 
79.223 440.0 
79.223 441.0 
79.223 442.0 
79.234 443.0 
79.223 444.0 
79.188 445.0 
79.199 446.0 
79.351 447.0 
79.316 448.0 
79.316 449.0 
79.678 450.0 
79.258 451.0 
79.281 452.0 
79.234 453.0 
79.199 454.0 
79.34 455.0 
79.129 456.0 
79.27 457.0 
79.211 458.0 
79.27 459.0 
79.316 460.0 
79.258 461.0 
79.234 462.0 
79.316 463.0 
79.281 464.0 
79.293 465.0 
79.328 466.0 
79.281 467.0 
79.211 468.0 
79.305 469.0 
79.258 470.0 
79.281 471.0 
79.246 472.0 
79.363 473.0 
79.246 474.0 
79.351 475.0 
79.281 476.0 
79.199 477.0 
79.246 478.0 
79.164 479.0 
79.258 480.0 
79.305 481.0 
79.223 482.0 
79.351 483.0 
79.258 484.0 
79.305 485.0 
79.199 486.0 
79.164 487.0 
79.328 488.0 
79.293 489.0 
79.258 490.0 
79.281 491.0 
79.281 492.0 
79.246 493.0 
79.305 494.0 
79.234 495.0 
79.164 496.0 
79.281 497.0 
79.281 498.0 
79.188 499.0 
79.176 500.0 
79.246 501.0 
79.305 502.0 
79.129 503.0 
79.223 504.0 
79.223 505.0 
79.258 506.0 
79.199 507.0 
79.386 508.0 
79.188 509.0 
79.188 510.0 
79.258 511.0 
79.223 512.0 
79.258 513.0 
79.293 514.0 
79.27 515.0 
79.281 516.0 
79.608 517.0 
79.071 518.0 
79.129 519.0 
79.141 520.0 
79.153 521.0 
79.141 522.0 
79.153 523.0 
79.164 524.0 
79.153 525.0 
79.141 526.0 
79.118 527.0 
79.048 528.0 
79.083 529.0 
79.036 530.0 
79.071 531.0 
79.223 532.0 
79.164 533.0 
79.118 534.0 
79.118 535.0 
79.071 536.0 
79.036 537.0 
78.954 538.0 
78.896 539.0 
78.896 540.0 
78.989 541.0 
78.954 542.0 
78.884 543.0 
78.896 544.0 
78.826 545.0 
78.744 546.0 
78.907 547.0 
78.861 548.0 
78.791 549.0 
78.744 550.0 
78.639 551.0 
78.814 552.0 
78.767 553.0 
78.697 554.0 
78.709 555.0 
78.826 556.0 
78.802 557.0 
78.709 558.0 
78.347 559.0 
78.767 560.0 
78.721 561.0 
78.65 562.0 
78.791 563.0 
78.697 564.0 
78.592 565.0 
78.756 566.0 
78.814 567.0 
78.674 568.0 
78.791 569.0 
78.697 570.0 
78.802 571.0 
78.732 572.0 
78.686 573.0 
78.709 574.0 
78.697 575.0 
78.814 576.0 
78.756 577.0 
78.732 578.0 
78.767 579.0 
78.767 580.0 
78.779 581.0 
78.744 582.0 
78.791 583.0 
78.767 584.0 
78.872 585.0 
78.767 586.0 
78.721 587.0 
78.779 588.0 
78.732 589.0 
78.802 590.0 
78.697 591.0 
78.767 592.0 
78.732 593.0 
78.732 594.0 
78.744 595.0 
78.826 596.0 
78.732 597.0 
78.802 598.0 
78.732 599.0 
78.756 600.0 
78.837 601.0 
78.779 602.0 
78.814 603.0 
78.767 604.0 
78.802 605.0 
78.709 606.0 
78.767 607.0 
78.697 608.0 
78.791 609.0 
78.884 610.0 
78.721 611.0 
78.802 612.0 
78.732 613.0 
78.802 614.0 
78.674 615.0 
78.744 616.0 
78.826 617.0 
78.721 618.0 
78.802 619.0 
78.44 620.0 
78.732 621.0 
78.744 622.0 
78.674 623.0 
78.744 624.0 
78.837 625.0 
78.686 626.0 
78.756 627.0 
78.826 628.0 
78.697 629.0 
78.779 630.0 
78.837 631.0 
78.674 632.0 
78.814 633.0 
78.872 634.0 
78.721 635.0 
78.767 636.0 
78.826 637.0 
78.709 638.0 
78.779 639.0 
78.791 640.0 
78.686 641.0 
78.756 642.0 
78.791 643.0 
78.697 644.0 
78.732 645.0 
78.756 646.0 
78.849 647.0 
78.709 648.0 
78.744 649.0 
78.861 650.0 
78.627 651.0 
78.721 652.0 
78.756 653.0 
78.802 654.0 
78.697 655.0 
78.709 656.0 
78.756 657.0 
78.802 658.0 
78.674 659.0 
78.744 660.0 
78.826 661.0 
78.884 662.0 
78.615 663.0 
78.721 664.0 
78.802 665.0 
78.814 666.0 
78.686 667.0 
78.767 668.0 
78.767 669.0 
78.849 670.0 
78.721 671.0 
78.732 672.0 
78.791 673.0 
78.779 674.0 
78.837 675.0 
78.709 676.0 
78.732 677.0 
78.767 678.0 
78.732 679.0 
78.814 680.0 
78.674 681.0 
78.697 682.0 
78.779 683.0 
78.779 684.0 
78.791 685.0 
78.861 686.0 
78.697 687.0 
78.744 688.0 
78.744 689.0 
78.779 690.0 
78.814 691.0 
78.849 692.0 
78.662 693.0 
78.697 694.0 
78.744 695.0 
78.767 696.0 
78.791 697.0 
78.779 698.0 
78.323 699.0 
78.65 700.0 
78.721 701.0 
78.721 702.0 
78.756 703.0 
78.767 704.0 
78.779 705.0 
78.826 706.0 
78.686 707.0 
78.709 708.0 
78.721 709.0 
78.732 710.0 
78.767 711.0 
78.767 712.0 
78.814 713.0 
78.849 714.0 
78.861 715.0 
78.686 716.0 
78.709 717.0 
78.721 718.0 
78.697 719.0 
78.732 720.0 
78.779 721.0 
78.802 722.0 
78.779 723.0 
78.837 724.0 
78.884 725.0 
78.674 726.0 
78.686 727.0 
78.686 728.0 
78.732 729.0 
78.756 730.0 
78.732 731.0 
78.791 732.0 
78.779 733.0 
78.779 734.0 
78.802 735.0 
78.826 736.0 
78.826 737.0 
78.814 738.0 
78.288 739.0 
78.662 740.0 
78.65 741.0 
78.662 742.0 
78.686 743.0 
78.697 744.0 
78.686 745.0 
78.686 746.0 
78.721 747.0 
78.721 748.0 
78.732 749.0 
78.709 750.0 
78.697 751.0 
78.732 752.0 
78.756 753.0 
78.721 754.0 
78.732 755.0 
78.767 756.0 
78.756 757.0 
78.756 758.0 
78.744 759.0 
78.767 760.0 
78.732 761.0 
78.744 762.0 
78.779 763.0 
78.791 764.0 
78.791 765.0 
78.779 766.0 
78.767 767.0 
78.791 768.0 
78.779 769.0 
78.767 770.0 
78.779 771.0 
78.791 772.0 
78.756 773.0 
78.791 774.0 
78.779 775.0 
78.779 776.0 
78.802 777.0 
78.779 778.0 
78.744 779.0 
78.779 780.0 
78.779 781.0 
78.767 782.0 
78.744 783.0 
78.767 784.0 
78.779 785.0 
78.721 786.0 
78.744 787.0 
78.744 788.0 
78.779 789.0 
78.756 790.0 
78.779 791.0 
78.779 792.0 
78.756 793.0 
78.779 794.0 
78.779 795.0 
78.791 796.0 
78.767 797.0 
78.756 798.0 
78.767 799.0 
78.767 800.0 
78.779 801.0 
78.791 802.0 
78.756 803.0 
78.744 804.0 
0.011 805.0 
0.004 806.0 
0.013 807.0 
0.007 808.0 
0.012 809.0 
0.002 810.0 
-0.001 811.0 
-0.005 812.0 
-0.01 813.0 
-0.017 814.0 
-0.02 815.0 
-0.022 816.0 
-0.018 817.0 
-0.025 818.0 
-0.023 819.0 
-0.022 820.0 
-0.025 821.0 
-0.026 822.0 
-0.032 823.0 
-0.022 824.0 
-0.016 825.0 
-0.023 826.0 
-0.014 827.0 
-0.017 828.0 
-0.011 829.0 
