-0.043 257.0 
-0.031 258.0 
-0.024 259.0 
-0.042 260.0 
-0.046 261.0 
-0.043 262.0 
-0.062 263.0 
-0.04 264.0 
-0.038 265.0 
-0.034 266.0 
-0.05 267.0 
-0.046 268.0 
-0.037 269.0 
-0.035 270.0 
-0.047 271.0 
-0.025 272.0 
-0.044 273.0 
-0.035 274.0 
147.233 275.0 
143.928 276.0 
142.818 277.0 
141.242 278.0 
139.525 279.0 
137.411 280.0 
135.764 281.0 
133.405 282.0 
130.251 283.0 
129.141 284.0 
128.779 285.0 
128.487 286.0 
128.207 287.0 
127.892 288.0 
127.611 289.0 
127.378 290.0 
126.817 291.0 
126.514 292.0 
126.257 293.0 
126.105 294.0 
125.579 295.0 
125.416 296.0 
125.299 297.0 
124.703 298.0 
124.528 299.0 
124.458 300.0 
123.886 301.0 
123.781 302.0 
123.255 303.0 
123.138 304.0 
123.068 305.0 
122.461 306.0 
121.199 307.0 
118.782 308.0 
115.897 309.0 
112.136 310.0 
108.13 311.0 
103.575 312.0 
99.51 313.0 
95.399 314.0 
91.486 315.0 
87.515 316.0 
83.825 317.0 
80.788 318.0 
80.659 319.0 
80.426 320.0 
80.262 321.0 
80.286 322.0 
80.134 323.0 
80.204 324.0 
80.099 325.0 
80.064 326.0 
80.157 327.0 
80.075 328.0 
80.718 329.0 
80.204 330.0 
80.075 331.0 
80.145 332.0 
80.157 333.0 
80.075 334.0 
80.227 335.0 
80.134 336.0 
80.145 337.0 
80.04 338.0 
80.169 339.0 
80.087 340.0 
80.099 341.0 
80.099 342.0 
79.912 343.0 
80.087 344.0 
80.064 345.0 
80.064 346.0 
80.029 347.0 
80.192 348.0 
80.169 349.0 
80.134 350.0 
80.064 351.0 
80.122 352.0 
80.052 353.0 
79.877 354.0 
80.145 355.0 
80.122 356.0 
80.122 357.0 
80.075 358.0 
80.157 359.0 
80.11 360.0 
80.122 361.0 
80.075 362.0 
80.11 363.0 
80.04 364.0 
80.099 365.0 
80.064 366.0 
80.099 367.0 
80.075 368.0 
80.075 369.0 
80.087 370.0 
80.099 371.0 
80.122 372.0 
80.11 373.0 
80.145 374.0 
80.181 375.0 
80.134 376.0 
79.97 377.0 
80.087 378.0 
80.087 379.0 
80.064 380.0 
80.064 381.0 
80.204 382.0 
80.11 383.0 
80.087 384.0 
80.064 385.0 
80.157 386.0 
80.064 387.0 
80.005 388.0 
80.099 389.0 
80.122 390.0 
80.099 391.0 
80.064 392.0 
80.134 393.0 
79.994 394.0 
80.11 395.0 
80.145 396.0 
80.017 397.0 
80.145 398.0 
80.11 399.0 
80.005 400.0 
80.122 401.0 
80.11 402.0 
80.157 403.0 
80.11 404.0 
80.064 405.0 
80.017 406.0 
80.075 407.0 
80.099 408.0 
80.11 409.0 
80.029 410.0 
80.064 411.0 
80.11 412.0 
80.145 413.0 
80.134 414.0 
80.04 415.0 
80.122 416.0 
80.005 417.0 
80.286 418.0 
80.122 419.0 
80.017 420.0 
80.099 421.0 
80.099 422.0 
80.122 423.0 
80.052 424.0 
80.064 425.0 
80.099 426.0 
80.122 427.0 
80.04 428.0 
80.087 429.0 
80.064 430.0 
80.099 431.0 
80.122 432.0 
80.11 433.0 
80.029 434.0 
80.04 435.0 
80.075 436.0 
80.216 437.0 
80.005 438.0 
80.052 439.0 
80.005 440.0 
80.064 441.0 
80.04 442.0 
80.075 443.0 
80.064 444.0 
80.052 445.0 
80.04 446.0 
80.169 447.0 
80.099 448.0 
80.11 449.0 
80.367 450.0 
80.064 451.0 
80.04 452.0 
80.029 453.0 
79.994 454.0 
80.087 455.0 
80.064 456.0 
80.052 457.0 
80.029 458.0 
80.099 459.0 
80.11 460.0 
80.052 461.0 
80.04 462.0 
80.134 463.0 
80.099 464.0 
80.134 465.0 
80.122 466.0 
80.122 467.0 
79.959 468.0 
80.099 469.0 
80.075 470.0 
80.11 471.0 
80.087 472.0 
80.145 473.0 
80.075 474.0 
80.122 475.0 
80.064 476.0 
79.982 477.0 
80.052 478.0 
79.97 479.0 
80.064 480.0 
80.157 481.0 
80.052 482.0 
80.122 483.0 
80.029 484.0 
80.099 485.0 
80.017 486.0 
80.017 487.0 
80.134 488.0 
80.075 489.0 
80.099 490.0 
80.122 491.0 
80.099 492.0 
80.064 493.0 
80.087 494.0 
80.052 495.0 
80.04 496.0 
80.11 497.0 
80.134 498.0 
80.005 499.0 
80.005 500.0 
80.064 501.0 
80.11 502.0 
79.959 503.0 
80.005 504.0 
80.052 505.0 
80.075 506.0 
80.052 507.0 
80.134 508.0 
79.982 509.0 
79.994 510.0 
80.017 511.0 
80.017 512.0 
80.04 513.0 
80.064 514.0 
80.087 515.0 
80.075 516.0 
80.099 517.0 
79.912 518.0 
79.912 519.0 
79.912 520.0 
79.935 521.0 
79.947 522.0 
79.935 523.0 
79.947 524.0 
79.947 525.0 
79.9 526.0 
79.912 527.0 
79.865 528.0 
79.9 529.0 
79.854 530.0 
79.842 531.0 
79.959 532.0 
79.912 533.0 
79.889 534.0 
79.889 535.0 
79.83 536.0 
79.76 537.0 
79.76 538.0 
79.667 539.0 
79.667 540.0 
79.783 541.0 
79.737 542.0 
79.702 543.0 
79.678 544.0 
79.608 545.0 
79.562 546.0 
79.69 547.0 
79.632 548.0 
79.55 549.0 
79.538 550.0 
79.491 551.0 
79.55 552.0 
79.526 553.0 
79.48 554.0 
79.456 555.0 
79.55 556.0 
79.538 557.0 
79.456 558.0 
79.608 559.0 
79.526 560.0 
79.48 561.0 
79.433 562.0 
79.573 563.0 
79.515 564.0 
79.363 565.0 
79.573 566.0 
79.655 567.0 
79.445 568.0 
79.585 569.0 
79.491 570.0 
79.597 571.0 
79.48 572.0 
79.41 573.0 
79.55 574.0 
79.48 575.0 
79.597 576.0 
79.503 577.0 
79.503 578.0 
79.573 579.0 
79.491 580.0 
79.585 581.0 
79.515 582.0 
79.608 583.0 
79.585 584.0 
79.632 585.0 
79.562 586.0 
79.491 587.0 
79.585 588.0 
79.503 589.0 
79.562 590.0 
79.491 591.0 
79.55 592.0 
79.468 593.0 
79.538 594.0 
79.503 595.0 
79.597 596.0 
79.468 597.0 
79.55 598.0 
79.48 599.0 
79.526 600.0 
79.655 601.0 
79.538 602.0 
79.643 603.0 
79.503 604.0 
79.597 605.0 
79.503 606.0 
79.573 607.0 
79.468 608.0 
79.55 609.0 
79.632 610.0 
79.515 611.0 
79.597 612.0 
79.491 613.0 
79.538 614.0 
79.468 615.0 
79.515 616.0 
79.597 617.0 
79.48 618.0 
79.562 619.0 
79.118 620.0 
79.515 621.0 
79.538 622.0 
79.468 623.0 
79.526 624.0 
79.643 625.0 
79.456 626.0 
79.573 627.0 
79.632 628.0 
79.491 629.0 
79.55 630.0 
79.632 631.0 
79.456 632.0 
79.55 633.0 
79.655 634.0 
79.491 635.0 
79.562 636.0 
79.585 637.0 
79.468 638.0 
79.526 639.0 
79.608 640.0 
79.468 641.0 
79.538 642.0 
79.632 643.0 
79.468 644.0 
79.538 645.0 
79.55 646.0 
79.608 647.0 
79.491 648.0 
79.515 649.0 
79.632 650.0 
79.468 651.0 
79.468 652.0 
79.526 653.0 
79.573 654.0 
79.445 655.0 
79.515 656.0 
79.503 657.0 
79.573 658.0 
79.456 659.0 
79.503 660.0 
79.597 661.0 
79.62 662.0 
79.445 663.0 
79.538 664.0 
79.597 665.0 
79.608 666.0 
79.491 667.0 
79.491 668.0 
79.585 669.0 
79.632 670.0 
79.468 671.0 
79.491 672.0 
79.491 673.0 
79.491 674.0 
79.632 675.0 
79.445 676.0 
79.503 677.0 
79.526 678.0 
79.503 679.0 
79.585 680.0 
79.456 681.0 
79.503 682.0 
79.538 683.0 
79.573 684.0 
79.608 685.0 
79.62 686.0 
79.445 687.0 
79.503 688.0 
79.55 689.0 
79.538 690.0 
79.585 691.0 
79.643 692.0 
79.398 693.0 
79.503 694.0 
79.515 695.0 
79.538 696.0 
79.562 697.0 
79.597 698.0 
79.129 699.0 
79.445 700.0 
79.491 701.0 
79.515 702.0 
79.538 703.0 
79.573 704.0 
79.597 705.0 
79.62 706.0 
79.421 707.0 
79.503 708.0 
79.515 709.0 
79.562 710.0 
79.55 711.0 
79.573 712.0 
79.573 713.0 
79.597 714.0 
79.608 715.0 
79.445 716.0 
79.456 717.0 
79.48 718.0 
79.515 719.0 
79.503 720.0 
79.562 721.0 
79.538 722.0 
79.597 723.0 
79.597 724.0 
79.608 725.0 
79.445 726.0 
79.386 727.0 
79.491 728.0 
79.491 729.0 
79.515 730.0 
79.503 731.0 
79.538 732.0 
79.526 733.0 
79.562 734.0 
79.562 735.0 
79.597 736.0 
79.597 737.0 
79.643 738.0 
79.597 739.0 
79.433 740.0 
79.433 741.0 
79.468 742.0 
79.48 743.0 
79.48 744.0 
79.456 745.0 
79.456 746.0 
79.468 747.0 
79.48 748.0 
79.503 749.0 
79.515 750.0 
79.433 751.0 
79.503 752.0 
79.538 753.0 
79.515 754.0 
79.503 755.0 
79.503 756.0 
79.538 757.0 
79.515 758.0 
79.526 759.0 
79.515 760.0 
79.55 761.0 
79.562 762.0 
79.55 763.0 
79.55 764.0 
79.538 765.0 
79.526 766.0 
79.562 767.0 
79.573 768.0 
79.562 769.0 
79.515 770.0 
79.562 771.0 
79.55 772.0 
79.55 773.0 
79.55 774.0 
79.538 775.0 
79.55 776.0 
79.526 777.0 
79.55 778.0 
79.55 779.0 
79.526 780.0 
79.526 781.0 
79.55 782.0 
79.526 783.0 
79.515 784.0 
79.562 785.0 
79.526 786.0 
79.526 787.0 
79.562 788.0 
79.538 789.0 
79.585 790.0 
79.573 791.0 
79.526 792.0 
79.503 793.0 
79.573 794.0 
79.503 795.0 
79.526 796.0 
79.515 797.0 
79.538 798.0 
79.562 799.0 
79.55 800.0 
79.515 801.0 
79.526 802.0 
79.55 803.0 
79.55 804.0 
0.005 805.0 
0.004 806.0 
-0.001 807.0 
0.0 808.0 
0.002 809.0 
0.002 810.0 
0.0 811.0 
-0.013 812.0 
-0.008 813.0 
-0.007 814.0 
-0.008 815.0 
-0.017 816.0 
-0.025 817.0 
-0.02 818.0 
-0.023 819.0 
-0.023 820.0 
-0.025 821.0 
-0.034 822.0 
-0.029 823.0 
-0.028 824.0 
-0.026 825.0 
-0.028 826.0 
-0.04 827.0 
-0.029 828.0 
-0.026 829.0 
