-0.059 257.0 
-0.038 258.0 
-0.028 259.0 
-0.052 260.0 
-0.046 261.0 
-0.047 262.0 
-0.037 263.0 
-0.03 264.0 
-0.023 265.0 
-0.104 266.0 
-0.055 267.0 
-0.059 268.0 
-0.044 269.0 
-0.042 270.0 
-0.04 271.0 
-0.058 272.0 
-0.055 273.0 
-0.046 274.0 
143.554 275.0 
141.078 276.0 
139.922 277.0 
138.438 278.0 
136.92 279.0 
134.946 280.0 
133.323 281.0 
130.952 282.0 
127.705 283.0 
126.665 284.0 
126.327 285.0 
126.023 286.0 
125.778 287.0 
125.474 288.0 
125.194 289.0 
124.575 290.0 
124.458 291.0 
124.271 292.0 
124.073 293.0 
123.535 294.0 
123.477 295.0 
123.395 296.0 
123.278 297.0 
122.718 298.0 
122.542 299.0 
122.286 300.0 
121.923 301.0 
121.842 302.0 
121.304 303.0 
121.246 304.0 
120.954 305.0 
120.499 306.0 
119.249 307.0 
116.773 308.0 
113.946 309.0 
110.092 310.0 
106.203 311.0 
101.788 312.0 
97.63 313.0 
93.425 314.0 
89.805 315.0 
85.833 316.0 
82.224 317.0 
79.258 318.0 
79.106 319.0 
78.896 320.0 
78.732 321.0 
78.744 322.0 
78.627 323.0 
78.732 324.0 
78.65 325.0 
78.569 326.0 
78.627 327.0 
78.557 328.0 
78.686 329.0 
78.697 330.0 
78.58 331.0 
78.639 332.0 
78.697 333.0 
78.58 334.0 
78.545 335.0 
78.639 336.0 
78.662 337.0 
78.569 338.0 
78.814 339.0 
78.615 340.0 
78.627 341.0 
78.604 342.0 
78.65 343.0 
78.615 344.0 
78.615 345.0 
78.545 346.0 
78.534 347.0 
78.545 348.0 
78.639 349.0 
78.627 350.0 
78.545 351.0 
78.604 352.0 
78.569 353.0 
78.522 354.0 
78.51 355.0 
78.627 356.0 
78.686 357.0 
78.639 358.0 
78.697 359.0 
78.627 360.0 
78.662 361.0 
78.592 362.0 
78.65 363.0 
78.58 364.0 
78.569 365.0 
78.627 366.0 
78.639 367.0 
78.58 368.0 
78.58 369.0 
78.569 370.0 
78.615 371.0 
78.627 372.0 
78.639 373.0 
78.662 374.0 
78.65 375.0 
78.686 376.0 
78.569 377.0 
78.615 378.0 
78.604 379.0 
78.58 380.0 
78.569 381.0 
78.627 382.0 
78.615 383.0 
78.604 384.0 
78.604 385.0 
78.697 386.0 
78.569 387.0 
78.499 388.0 
78.627 389.0 
78.639 390.0 
78.604 391.0 
78.58 392.0 
78.65 393.0 
78.51 394.0 
78.604 395.0 
78.686 396.0 
78.557 397.0 
78.639 398.0 
78.51 399.0 
78.557 400.0 
78.639 401.0 
78.65 402.0 
78.697 403.0 
78.674 404.0 
78.662 405.0 
78.534 406.0 
78.569 407.0 
78.545 408.0 
78.627 409.0 
78.522 410.0 
78.569 411.0 
78.615 412.0 
79.001 413.0 
78.662 414.0 
78.569 415.0 
78.615 416.0 
78.557 417.0 
78.686 418.0 
78.639 419.0 
78.569 420.0 
78.569 421.0 
78.627 422.0 
78.662 423.0 
78.592 424.0 
78.58 425.0 
78.58 426.0 
78.639 427.0 
78.557 428.0 
78.545 429.0 
78.569 430.0 
78.592 431.0 
78.615 432.0 
78.686 433.0 
78.522 434.0 
78.534 435.0 
78.58 436.0 
78.615 437.0 
78.522 438.0 
78.522 439.0 
78.604 440.0 
78.557 441.0 
78.557 442.0 
78.569 443.0 
78.569 444.0 
78.569 445.0 
78.545 446.0 
78.686 447.0 
78.627 448.0 
78.604 449.0 
78.697 450.0 
78.592 451.0 
78.569 452.0 
78.534 453.0 
78.545 454.0 
78.604 455.0 
78.37 456.0 
78.58 457.0 
78.51 458.0 
78.627 459.0 
78.662 460.0 
78.58 461.0 
78.592 462.0 
78.662 463.0 
78.615 464.0 
78.592 465.0 
78.639 466.0 
78.627 467.0 
78.545 468.0 
78.627 469.0 
78.557 470.0 
78.522 471.0 
78.604 472.0 
78.569 473.0 
78.58 474.0 
78.674 475.0 
78.58 476.0 
78.522 477.0 
78.604 478.0 
78.499 479.0 
78.604 480.0 
78.639 481.0 
78.569 482.0 
78.65 483.0 
78.58 484.0 
78.639 485.0 
78.51 486.0 
78.534 487.0 
78.65 488.0 
78.592 489.0 
78.58 490.0 
78.627 491.0 
78.58 492.0 
78.604 493.0 
78.604 494.0 
78.534 495.0 
78.545 496.0 
78.615 497.0 
78.627 498.0 
78.522 499.0 
78.569 500.0 
78.615 501.0 
78.615 502.0 
78.522 503.0 
78.545 504.0 
78.569 505.0 
78.545 506.0 
78.487 507.0 
78.674 508.0 
78.464 509.0 
78.51 510.0 
78.499 511.0 
78.557 512.0 
78.58 513.0 
78.58 514.0 
78.604 515.0 
78.615 516.0 
78.837 517.0 
78.417 518.0 
78.452 519.0 
78.452 520.0 
78.487 521.0 
78.475 522.0 
78.452 523.0 
78.475 524.0 
78.452 525.0 
78.452 526.0 
78.44 527.0 
78.347 528.0 
78.37 529.0 
78.359 530.0 
78.335 531.0 
78.44 532.0 
78.417 533.0 
78.382 534.0 
78.347 535.0 
78.3 536.0 
78.242 537.0 
78.207 538.0 
78.148 539.0 
78.102 540.0 
78.207 541.0 
78.113 542.0 
78.102 543.0 
78.078 544.0 
78.043 545.0 
77.985 546.0 
78.078 547.0 
78.02 548.0 
77.973 549.0 
77.938 550.0 
77.856 551.0 
77.996 552.0 
77.926 553.0 
77.903 554.0 
77.868 555.0 
77.985 556.0 
77.903 557.0 
77.891 558.0 
77.553 559.0 
77.973 560.0 
77.891 561.0 
77.856 562.0 
77.973 563.0 
77.926 564.0 
77.833 565.0 
77.926 566.0 
77.996 567.0 
77.821 568.0 
77.973 569.0 
77.88 570.0 
78.008 571.0 
77.891 572.0 
77.821 573.0 
77.926 574.0 
77.845 575.0 
77.961 576.0 
77.891 577.0 
77.903 578.0 
77.985 579.0 
77.961 580.0 
78.02 581.0 
77.926 582.0 
77.961 583.0 
77.961 584.0 
78.113 585.0 
77.973 586.0 
77.903 587.0 
77.95 588.0 
77.903 589.0 
77.95 590.0 
77.88 591.0 
77.985 592.0 
77.868 593.0 
77.926 594.0 
77.856 595.0 
77.973 596.0 
77.856 597.0 
77.938 598.0 
77.856 599.0 
77.95 600.0 
78.067 601.0 
77.95 602.0 
78.02 603.0 
77.926 604.0 
78.008 605.0 
77.903 606.0 
77.973 607.0 
77.88 608.0 
77.938 609.0 
78.008 610.0 
77.938 611.0 
78.031 612.0 
77.891 613.0 
77.961 614.0 
77.845 615.0 
77.915 616.0 
78.02 617.0 
77.833 618.0 
77.973 619.0 
77.681 620.0 
77.95 621.0 
77.961 622.0 
77.88 623.0 
77.915 624.0 
78.031 625.0 
77.868 626.0 
77.961 627.0 
78.02 628.0 
77.938 629.0 
77.938 630.0 
78.031 631.0 
77.845 632.0 
77.95 633.0 
78.347 634.0 
77.903 635.0 
77.961 636.0 
78.02 637.0 
77.903 638.0 
77.996 639.0 
77.996 640.0 
77.868 641.0 
77.915 642.0 
77.985 643.0 
77.845 644.0 
77.926 645.0 
77.973 646.0 
78.02 647.0 
77.88 648.0 
77.915 649.0 
77.973 650.0 
77.833 651.0 
77.868 652.0 
77.938 653.0 
78.008 654.0 
77.856 655.0 
77.891 656.0 
77.915 657.0 
78.008 658.0 
77.926 659.0 
77.996 660.0 
77.985 661.0 
78.031 662.0 
77.88 663.0 
77.926 664.0 
77.985 665.0 
78.031 666.0 
77.88 667.0 
77.903 668.0 
77.973 669.0 
78.02 670.0 
77.88 671.0 
77.903 672.0 
77.926 673.0 
77.95 674.0 
77.95 675.0 
77.868 676.0 
77.856 677.0 
77.973 678.0 
77.973 679.0 
78.031 680.0 
77.868 681.0 
77.88 682.0 
77.915 683.0 
77.961 684.0 
77.996 685.0 
78.02 686.0 
77.88 687.0 
77.891 688.0 
77.938 689.0 
77.961 690.0 
77.996 691.0 
78.02 692.0 
77.833 693.0 
77.903 694.0 
77.926 695.0 
77.938 696.0 
77.973 697.0 
77.973 698.0 
77.728 699.0 
77.856 700.0 
77.88 701.0 
77.95 702.0 
77.95 703.0 
77.961 704.0 
78.008 705.0 
78.031 706.0 
77.833 707.0 
77.868 708.0 
77.891 709.0 
77.915 710.0 
77.938 711.0 
77.985 712.0 
77.996 713.0 
77.973 714.0 
77.833 715.0 
77.868 716.0 
77.833 717.0 
77.891 718.0 
77.938 719.0 
77.926 720.0 
77.961 721.0 
77.996 722.0 
77.985 723.0 
78.008 724.0 
78.02 725.0 
77.868 726.0 
77.833 727.0 
77.88 728.0 
77.868 729.0 
77.868 730.0 
77.95 731.0 
77.961 732.0 
77.938 733.0 
77.985 734.0 
77.973 735.0 
77.961 736.0 
78.02 737.0 
77.996 738.0 
77.728 739.0 
77.821 740.0 
77.856 741.0 
77.891 742.0 
77.856 743.0 
77.856 744.0 
77.856 745.0 
77.88 746.0 
77.88 747.0 
77.821 748.0 
77.88 749.0 
77.891 750.0 
77.891 751.0 
77.938 752.0 
77.926 753.0 
77.926 754.0 
77.891 755.0 
77.915 756.0 
77.915 757.0 
77.915 758.0 
77.95 759.0 
77.938 760.0 
77.926 761.0 
77.95 762.0 
77.95 763.0 
77.961 764.0 
77.95 765.0 
77.938 766.0 
77.973 767.0 
77.938 768.0 
77.938 769.0 
77.95 770.0 
77.938 771.0 
77.95 772.0 
77.95 773.0 
77.938 774.0 
77.973 775.0 
77.961 776.0 
77.961 777.0 
77.961 778.0 
77.938 779.0 
77.95 780.0 
77.926 781.0 
77.973 782.0 
77.926 783.0 
77.95 784.0 
77.961 785.0 
77.938 786.0 
77.903 787.0 
77.961 788.0 
77.938 789.0 
77.973 790.0 
77.996 791.0 
77.95 792.0 
77.973 793.0 
77.973 794.0 
77.95 795.0 
77.938 796.0 
77.938 797.0 
77.973 798.0 
77.973 799.0 
77.926 800.0 
77.95 801.0 
77.95 802.0 
77.973 803.0 
77.961 804.0 
0.002 805.0 
-0.006 806.0 
0.004 807.0 
0.0 808.0 
0.0 809.0 
-0.007 810.0 
-0.008 811.0 
-0.008 812.0 
-0.012 813.0 
-0.016 814.0 
-0.01 815.0 
-0.014 816.0 
-0.023 817.0 
-0.013 818.0 
-0.019 819.0 
-0.025 820.0 
-0.028 821.0 
-0.032 822.0 
-0.03 823.0 
-0.024 824.0 
-0.03 825.0 
-0.029 826.0 
-0.035 827.0 
-0.031 828.0 
-0.028 829.0 
