-0.023 257.0 
-0.035 258.0 
-0.113 259.0 
-0.041 260.0 
-0.043 261.0 
-0.029 262.0 
-0.047 263.0 
-0.047 264.0 
-0.025 265.0 
-0.049 266.0 
-0.041 267.0 
-0.042 268.0 
-0.034 269.0 
-0.022 270.0 
-0.052 271.0 
-0.022 272.0 
-0.032 273.0 
-0.058 274.0 
158.936 275.0 
155.456 276.0 
154.031 277.0 
152.851 278.0 
151.998 279.0 
151.158 280.0 
150.153 281.0 
149.23 282.0 
147.817 283.0 
147.35 284.0 
147.0 285.0 
146.638 286.0 
146.509 287.0 
146.264 288.0 
146.065 289.0 
145.353 290.0 
145.283 291.0 
145.072 292.0 
144.897 293.0 
144.757 294.0 
144.115 295.0 
143.94 296.0 
143.823 297.0 
143.204 298.0 
142.97 299.0 
142.9 300.0 
142.281 301.0 
142.234 302.0 
141.639 303.0 
141.604 304.0 
141.475 305.0 
141.02 306.0 
140.739 307.0 
140.19 308.0 
140.085 309.0 
139.513 310.0 
139.338 311.0 
138.765 312.0 
138.695 313.0 
138.193 314.0 
138.158 315.0 
137.796 316.0 
137.703 317.0 
137.235 318.0 
137.142 319.0 
136.827 320.0 
136.511 321.0 
136.43 322.0 
136.138 323.0 
136.138 324.0 
135.869 325.0 
135.577 326.0 
135.6 327.0 
135.332 328.0 
135.519 329.0 
135.343 330.0 
135.121 331.0 
135.215 332.0 
135.227 333.0 
135.016 334.0 
134.736 335.0 
135.121 336.0 
135.063 337.0 
134.853 338.0 
135.11 339.0 
134.9 340.0 
134.9 341.0 
134.818 342.0 
134.421 343.0 
134.841 344.0 
134.783 345.0 
134.724 346.0 
134.619 347.0 
134.643 348.0 
134.783 349.0 
134.713 350.0 
134.643 351.0 
134.689 352.0 
134.596 353.0 
134.572 354.0 
134.736 355.0 
134.643 356.0 
134.689 357.0 
134.549 358.0 
134.666 359.0 
134.608 360.0 
134.631 361.0 
134.526 362.0 
134.561 363.0 
134.444 364.0 
134.514 365.0 
134.537 366.0 
134.561 367.0 
134.421 368.0 
134.467 369.0 
134.479 370.0 
134.526 371.0 
134.549 372.0 
134.572 373.0 
134.619 374.0 
134.596 375.0 
134.514 376.0 
134.456 377.0 
134.444 378.0 
134.491 379.0 
134.491 380.0 
134.514 381.0 
134.608 382.0 
134.502 383.0 
134.456 384.0 
134.432 385.0 
134.572 386.0 
134.409 387.0 
134.339 388.0 
134.514 389.0 
134.467 390.0 
134.444 391.0 
134.386 392.0 
134.502 393.0 
134.327 394.0 
134.444 395.0 
134.596 396.0 
134.339 397.0 
134.444 398.0 
134.257 399.0 
134.316 400.0 
134.502 401.0 
134.444 402.0 
134.561 403.0 
134.467 404.0 
134.374 405.0 
134.28 406.0 
134.386 407.0 
134.304 408.0 
134.327 409.0 
134.222 410.0 
134.327 411.0 
134.456 412.0 
134.584 413.0 
134.456 414.0 
134.339 415.0 
134.409 416.0 
134.269 417.0 
134.362 418.0 
134.386 419.0 
134.269 420.0 
134.351 421.0 
134.386 422.0 
134.432 423.0 
134.28 424.0 
134.292 425.0 
134.374 426.0 
134.409 427.0 
134.222 428.0 
134.28 429.0 
134.21 430.0 
134.374 431.0 
134.386 432.0 
134.409 433.0 
134.222 434.0 
134.245 435.0 
134.269 436.0 
134.269 437.0 
134.222 438.0 
134.257 439.0 
134.269 440.0 
134.269 441.0 
134.28 442.0 
134.28 443.0 
134.28 444.0 
134.257 445.0 
134.245 446.0 
134.432 447.0 
134.374 448.0 
134.362 449.0 
134.351 450.0 
134.304 451.0 
134.257 452.0 
134.21 453.0 
134.152 454.0 
134.339 455.0 
134.304 456.0 
134.21 457.0 
134.21 458.0 
134.362 459.0 
134.351 460.0 
134.304 461.0 
134.257 462.0 
134.397 463.0 
134.339 464.0 
134.222 465.0 
134.409 466.0 
134.327 467.0 
134.222 468.0 
134.339 469.0 
134.304 470.0 
134.164 471.0 
134.28 472.0 
134.245 473.0 
134.304 474.0 
134.432 475.0 
134.327 476.0 
134.175 477.0 
134.28 478.0 
134.152 479.0 
134.269 480.0 
134.432 481.0 
134.292 482.0 
134.351 483.0 
134.21 484.0 
134.327 485.0 
134.175 486.0 
134.234 487.0 
134.339 488.0 
134.21 489.0 
134.245 490.0 
134.362 491.0 
134.164 492.0 
134.269 493.0 
134.327 494.0 
134.164 495.0 
134.199 496.0 
134.28 497.0 
134.374 498.0 
134.199 499.0 
134.21 500.0 
134.28 501.0 
134.316 502.0 
134.094 503.0 
134.164 504.0 
134.199 505.0 
134.257 506.0 
134.105 507.0 
133.872 508.0 
134.0 509.0 
134.14 510.0 
134.199 511.0 
134.21 512.0 
134.245 513.0 
134.28 514.0 
134.316 515.0 
134.129 516.0 
134.351 517.0 
133.988 518.0 
134.129 519.0 
134.117 520.0 
134.129 521.0 
134.129 522.0 
134.117 523.0 
134.129 524.0 
134.105 525.0 
134.129 526.0 
134.024 527.0 
134.047 528.0 
134.047 529.0 
134.059 530.0 
134.035 531.0 
134.269 532.0 
134.304 533.0 
134.187 534.0 
134.28 535.0 
134.21 536.0 
134.222 537.0 
134.14 538.0 
134.129 539.0 
134.07 540.0 
134.339 541.0 
134.257 542.0 
134.245 543.0 
134.175 544.0 
134.07 545.0 
134.082 546.0 
134.292 547.0 
134.175 548.0 
134.14 549.0 
134.059 550.0 
134.152 551.0 
134.21 552.0 
134.152 553.0 
134.07 554.0 
134.047 555.0 
134.222 556.0 
134.164 557.0 
134.07 558.0 
134.047 559.0 
134.187 560.0 
134.07 561.0 
134.0 562.0 
134.175 563.0 
134.047 564.0 
134.012 565.0 
134.187 566.0 
134.094 567.0 
133.988 568.0 
134.105 569.0 
134.07 570.0 
134.21 571.0 
134.094 572.0 
133.977 573.0 
134.152 574.0 
134.035 575.0 
134.304 576.0 
134.117 577.0 
134.094 578.0 
134.245 579.0 
134.129 580.0 
134.269 581.0 
134.164 582.0 
134.327 583.0 
134.199 584.0 
134.21 585.0 
134.199 586.0 
134.059 587.0 
134.245 588.0 
134.035 589.0 
134.234 590.0 
134.082 591.0 
134.175 592.0 
134.094 593.0 
134.187 594.0 
134.07 595.0 
134.21 596.0 
134.07 597.0 
134.105 598.0 
134.035 599.0 
134.164 600.0 
134.339 601.0 
134.129 602.0 
134.292 603.0 
134.07 604.0 
134.257 605.0 
134.082 606.0 
134.187 607.0 
134.035 608.0 
134.152 609.0 
134.292 610.0 
134.117 611.0 
134.269 612.0 
134.07 613.0 
134.152 614.0 
134.035 615.0 
134.082 616.0 
134.269 617.0 
134.024 618.0 
134.187 619.0 
134.035 620.0 
134.129 621.0 
134.222 622.0 
134.047 623.0 
134.164 624.0 
134.269 625.0 
134.047 626.0 
134.164 627.0 
134.28 628.0 
134.082 629.0 
134.187 630.0 
134.304 631.0 
134.117 632.0 
134.175 633.0 
134.07 634.0 
134.07 635.0 
134.187 636.0 
134.28 637.0 
134.07 638.0 
134.105 639.0 
134.234 640.0 
134.059 641.0 
134.094 642.0 
134.222 643.0 
134.024 644.0 
134.024 645.0 
134.21 646.0 
134.292 647.0 
134.012 648.0 
134.14 649.0 
134.222 650.0 
133.988 651.0 
134.024 652.0 
134.164 653.0 
134.257 654.0 
134.0 655.0 
134.059 656.0 
134.187 657.0 
134.269 658.0 
134.07 659.0 
134.14 660.0 
134.245 661.0 
134.292 662.0 
134.035 663.0 
134.175 664.0 
134.222 665.0 
134.327 666.0 
134.07 667.0 
134.129 668.0 
134.175 669.0 
134.269 670.0 
133.988 671.0 
134.094 672.0 
134.187 673.0 
134.21 674.0 
134.234 675.0 
133.965 676.0 
134.07 677.0 
134.175 678.0 
134.199 679.0 
134.28 680.0 
134.035 681.0 
134.07 682.0 
134.152 683.0 
134.175 684.0 
134.199 685.0 
134.327 686.0 
133.977 687.0 
134.082 688.0 
134.129 689.0 
134.187 690.0 
134.245 691.0 
134.292 692.0 
134.012 693.0 
134.07 694.0 
134.082 695.0 
134.175 696.0 
134.14 697.0 
134.257 698.0 
134.0 699.0 
134.024 700.0 
134.07 701.0 
134.117 702.0 
134.152 703.0 
134.187 704.0 
134.234 705.0 
134.292 706.0 
134.0 707.0 
134.012 708.0 
134.07 709.0 
134.07 710.0 
134.152 711.0 
134.199 712.0 
134.234 713.0 
134.269 714.0 
133.965 715.0 
134.012 716.0 
134.024 717.0 
134.07 718.0 
134.105 719.0 
134.14 720.0 
134.175 721.0 
134.175 722.0 
134.234 723.0 
134.269 724.0 
134.292 725.0 
134.0 726.0 
134.012 727.0 
134.0 728.0 
134.082 729.0 
134.129 730.0 
134.105 731.0 
134.14 732.0 
134.14 733.0 
134.175 734.0 
134.222 735.0 
134.222 736.0 
134.245 737.0 
134.257 738.0 
133.953 739.0 
133.965 740.0 
133.965 741.0 
134.024 742.0 
134.0 743.0 
134.024 744.0 
134.059 745.0 
134.047 746.0 
134.059 747.0 
134.024 748.0 
134.059 749.0 
134.094 750.0 
134.082 751.0 
134.07 752.0 
134.105 753.0 
134.105 754.0 
134.094 755.0 
134.117 756.0 
134.117 757.0 
134.129 758.0 
134.164 759.0 
134.152 760.0 
134.14 761.0 
134.187 762.0 
134.187 763.0 
134.164 764.0 
134.164 765.0 
134.199 766.0 
134.152 767.0 
134.175 768.0 
134.187 769.0 
134.152 770.0 
134.152 771.0 
134.175 772.0 
134.175 773.0 
134.152 774.0 
134.152 775.0 
134.129 776.0 
134.175 777.0 
134.164 778.0 
134.175 779.0 
134.187 780.0 
134.152 781.0 
134.14 782.0 
134.152 783.0 
134.152 784.0 
134.14 785.0 
134.14 786.0 
134.152 787.0 
134.129 788.0 
134.175 789.0 
134.175 790.0 
134.175 791.0 
134.164 792.0 
134.152 793.0 
134.14 794.0 
134.175 795.0 
134.152 796.0 
134.175 797.0 
134.14 798.0 
134.175 799.0 
134.164 800.0 
134.117 801.0 
134.152 802.0 
134.164 803.0 
134.164 804.0 
0.013 805.0 
0.01 806.0 
0.01 807.0 
-0.007 808.0 
-0.002 809.0 
-0.004 810.0 
-0.026 811.0 
-0.035 812.0 
-0.047 813.0 
-0.056 814.0 
-0.062 815.0 
-0.059 816.0 
-0.071 817.0 
-0.064 818.0 
-0.066 819.0 
-0.062 820.0 
-0.073 821.0 
-0.068 822.0 
-0.068 823.0 
-0.056 824.0 
-0.052 825.0 
-0.052 826.0 
-0.046 827.0 
-0.048 828.0 
-0.046 829.0 
