-0.028 257.0 
-0.008 258.0 
-0.049 259.0 
-0.031 260.0 
-0.032 261.0 
-0.019 262.0 
-0.037 263.0 
-0.032 264.0 
-0.02 265.0 
-0.044 266.0 
-0.031 267.0 
-0.025 268.0 
-0.034 269.0 
-0.01 270.0 
-0.017 271.0 
-0.018 272.0 
-0.032 273.0 
-0.032 274.0 
153.423 275.0 
149.674 276.0 
148.658 277.0 
147.257 278.0 
145.458 279.0 
143.274 280.0 
141.592 281.0 
139.478 282.0 
136.686 283.0 
134.643 284.0 
134.245 285.0 
133.93 286.0 
133.755 287.0 
133.486 288.0 
133.264 289.0 
133.171 290.0 
132.423 291.0 
132.155 292.0 
131.968 293.0 
131.816 294.0 
131.267 295.0 
131.057 296.0 
130.987 297.0 
130.473 298.0 
130.251 299.0 
130.181 300.0 
129.632 301.0 
129.562 302.0 
129.071 303.0 
128.955 304.0 
128.896 305.0 
128.23 306.0 
127.039 307.0 
124.656 308.0 
121.456 309.0 
117.193 310.0 
112.895 311.0 
108.095 312.0 
103.551 313.0 
98.938 314.0 
94.687 315.0 
90.564 316.0 
87.06 317.0 
84.338 318.0 
84.187 319.0 
83.941 320.0 
83.836 321.0 
83.825 322.0 
83.719 323.0 
83.778 324.0 
83.731 325.0 
83.591 326.0 
83.708 327.0 
83.614 328.0 
83.825 329.0 
83.754 330.0 
83.684 331.0 
83.743 332.0 
83.743 333.0 
83.673 334.0 
83.684 335.0 
83.743 336.0 
83.766 337.0 
83.626 338.0 
83.801 339.0 
83.661 340.0 
83.673 341.0 
83.661 342.0 
83.848 343.0 
83.684 344.0 
83.696 345.0 
83.626 346.0 
83.614 347.0 
83.661 348.0 
83.754 349.0 
83.719 350.0 
83.684 351.0 
83.708 352.0 
83.649 353.0 
83.556 354.0 
83.708 355.0 
83.696 356.0 
83.731 357.0 
83.673 358.0 
83.743 359.0 
83.673 360.0 
83.719 361.0 
83.684 362.0 
83.673 363.0 
83.614 364.0 
83.626 365.0 
83.673 366.0 
83.661 367.0 
83.638 368.0 
83.661 369.0 
83.684 370.0 
83.696 371.0 
83.719 372.0 
83.719 373.0 
83.731 374.0 
83.731 375.0 
84.023 376.0 
83.626 377.0 
83.684 378.0 
83.661 379.0 
83.673 380.0 
83.649 381.0 
83.766 382.0 
83.661 383.0 
83.661 384.0 
83.638 385.0 
83.719 386.0 
83.626 387.0 
83.603 388.0 
83.684 389.0 
83.673 390.0 
83.696 391.0 
83.649 392.0 
83.743 393.0 
83.603 394.0 
83.696 395.0 
83.778 396.0 
83.626 397.0 
83.731 398.0 
83.684 399.0 
83.649 400.0 
83.719 401.0 
83.684 402.0 
83.743 403.0 
83.708 404.0 
83.661 405.0 
83.579 406.0 
83.661 407.0 
83.591 408.0 
83.673 409.0 
83.649 410.0 
83.719 411.0 
83.731 412.0 
83.976 413.0 
83.731 414.0 
83.673 415.0 
83.684 416.0 
83.638 417.0 
83.731 418.0 
83.719 419.0 
83.603 420.0 
83.673 421.0 
83.708 422.0 
83.719 423.0 
83.638 424.0 
83.626 425.0 
83.673 426.0 
83.696 427.0 
83.591 428.0 
83.649 429.0 
83.626 430.0 
83.719 431.0 
83.719 432.0 
83.719 433.0 
83.591 434.0 
83.638 435.0 
83.661 436.0 
83.719 437.0 
83.591 438.0 
83.638 439.0 
83.673 440.0 
83.649 441.0 
83.638 442.0 
83.626 443.0 
83.673 444.0 
83.614 445.0 
83.591 446.0 
83.719 447.0 
83.743 448.0 
83.719 449.0 
83.988 450.0 
83.649 451.0 
83.638 452.0 
83.614 453.0 
83.591 454.0 
83.696 455.0 
83.673 456.0 
83.638 457.0 
83.614 458.0 
83.684 459.0 
83.708 460.0 
83.638 461.0 
83.614 462.0 
83.731 463.0 
83.673 464.0 
83.649 465.0 
83.743 466.0 
83.696 467.0 
83.591 468.0 
83.708 469.0 
83.649 470.0 
83.626 471.0 
83.684 472.0 
83.649 473.0 
83.649 474.0 
83.766 475.0 
83.661 476.0 
83.603 477.0 
83.649 478.0 
83.579 479.0 
83.649 480.0 
83.731 481.0 
83.614 482.0 
83.673 483.0 
83.614 484.0 
83.673 485.0 
83.568 486.0 
83.638 487.0 
83.696 488.0 
83.626 489.0 
83.661 490.0 
83.719 491.0 
83.638 492.0 
83.684 493.0 
83.696 494.0 
83.614 495.0 
83.579 496.0 
83.673 497.0 
83.743 498.0 
83.591 499.0 
83.568 500.0 
83.673 501.0 
83.708 502.0 
83.544 503.0 
83.591 504.0 
83.614 505.0 
83.614 506.0 
83.544 507.0 
83.661 508.0 
83.521 509.0 
83.568 510.0 
83.614 511.0 
83.626 512.0 
83.649 513.0 
83.649 514.0 
83.649 515.0 
83.673 516.0 
83.696 517.0 
83.486 518.0 
83.427 519.0 
83.521 520.0 
83.509 521.0 
83.521 522.0 
83.533 523.0 
83.509 524.0 
83.509 525.0 
83.521 526.0 
83.486 527.0 
83.416 528.0 
83.463 529.0 
83.427 530.0 
83.439 531.0 
83.591 532.0 
83.533 533.0 
83.521 534.0 
83.521 535.0 
83.474 536.0 
83.439 537.0 
83.322 538.0 
83.299 539.0 
83.276 540.0 
83.357 541.0 
83.264 542.0 
83.287 543.0 
83.194 544.0 
83.206 545.0 
83.135 546.0 
83.241 547.0 
83.182 548.0 
83.124 549.0 
83.1 550.0 
83.03 551.0 
83.159 552.0 
83.1 553.0 
83.054 554.0 
83.054 555.0 
83.159 556.0 
83.147 557.0 
83.054 558.0 
82.75 559.0 
83.112 560.0 
83.065 561.0 
82.984 562.0 
83.124 563.0 
83.03 564.0 
82.984 565.0 
83.124 566.0 
83.1 567.0 
82.984 568.0 
83.065 569.0 
83.03 570.0 
83.147 571.0 
83.1 572.0 
83.019 573.0 
83.077 574.0 
83.042 575.0 
83.147 576.0 
83.089 577.0 
83.042 578.0 
83.147 579.0 
83.089 580.0 
83.171 581.0 
83.112 582.0 
83.135 583.0 
83.124 584.0 
82.738 585.0 
83.124 586.0 
83.065 587.0 
83.147 588.0 
83.054 589.0 
83.171 590.0 
83.089 591.0 
83.182 592.0 
83.042 593.0 
83.147 594.0 
83.054 595.0 
83.077 596.0 
83.03 597.0 
83.124 598.0 
83.042 599.0 
83.135 600.0 
83.182 601.0 
83.112 602.0 
83.194 603.0 
83.089 604.0 
83.182 605.0 
83.054 606.0 
83.135 607.0 
83.03 608.0 
83.1 609.0 
83.182 610.0 
83.089 611.0 
83.171 612.0 
83.065 613.0 
83.135 614.0 
83.019 615.0 
83.1 616.0 
83.147 617.0 
82.96 618.0 
83.112 619.0 
82.843 620.0 
83.1 621.0 
83.135 622.0 
83.042 623.0 
83.054 624.0 
83.159 625.0 
83.03 626.0 
83.147 627.0 
83.194 628.0 
83.077 629.0 
83.112 630.0 
83.194 631.0 
83.054 632.0 
83.147 633.0 
83.463 634.0 
83.089 635.0 
83.135 636.0 
83.206 637.0 
83.089 638.0 
83.147 639.0 
83.159 640.0 
83.065 641.0 
83.135 642.0 
83.147 643.0 
83.007 644.0 
83.077 645.0 
83.124 646.0 
83.171 647.0 
83.03 648.0 
83.112 649.0 
83.159 650.0 
83.019 651.0 
83.007 652.0 
83.124 653.0 
83.194 654.0 
83.03 655.0 
83.054 656.0 
83.112 657.0 
83.194 658.0 
83.065 659.0 
83.077 660.0 
83.159 661.0 
83.217 662.0 
83.019 663.0 
83.124 664.0 
83.135 665.0 
83.182 666.0 
83.03 667.0 
83.1 668.0 
83.112 669.0 
83.171 670.0 
83.054 671.0 
83.065 672.0 
83.112 673.0 
83.135 674.0 
83.159 675.0 
83.019 676.0 
83.065 677.0 
83.089 678.0 
83.147 679.0 
83.182 680.0 
83.03 681.0 
83.03 682.0 
83.077 683.0 
83.147 684.0 
83.182 685.0 
83.206 686.0 
83.03 687.0 
83.03 688.0 
83.1 689.0 
83.171 690.0 
83.159 691.0 
83.206 692.0 
83.03 693.0 
83.065 694.0 
83.1 695.0 
83.124 696.0 
83.159 697.0 
83.147 698.0 
82.914 699.0 
83.007 700.0 
83.065 701.0 
83.1 702.0 
83.112 703.0 
83.112 704.0 
83.089 705.0 
83.182 706.0 
83.019 707.0 
83.03 708.0 
83.054 709.0 
83.1 710.0 
83.124 711.0 
83.1 712.0 
83.171 713.0 
83.159 714.0 
83.03 715.0 
82.995 716.0 
83.042 717.0 
83.065 718.0 
83.065 719.0 
83.1 720.0 
83.124 721.0 
83.124 722.0 
83.159 723.0 
83.171 724.0 
83.206 725.0 
83.019 726.0 
83.019 727.0 
83.019 728.0 
83.065 729.0 
83.054 730.0 
83.1 731.0 
83.124 732.0 
83.135 733.0 
83.089 734.0 
83.135 735.0 
83.159 736.0 
83.194 737.0 
83.194 738.0 
82.914 739.0 
82.96 740.0 
82.984 741.0 
83.019 742.0 
83.03 743.0 
83.03 744.0 
83.03 745.0 
83.03 746.0 
83.019 747.0 
83.042 748.0 
83.077 749.0 
83.089 750.0 
83.077 751.0 
83.065 752.0 
83.089 753.0 
83.089 754.0 
83.089 755.0 
83.077 756.0 
83.112 757.0 
83.054 758.0 
83.1 759.0 
83.1 760.0 
83.089 761.0 
83.112 762.0 
83.124 763.0 
83.1 764.0 
83.1 765.0 
83.112 766.0 
83.112 767.0 
83.089 768.0 
83.112 769.0 
83.147 770.0 
83.124 771.0 
83.135 772.0 
83.112 773.0 
83.112 774.0 
83.135 775.0 
83.1 776.0 
83.135 777.0 
83.1 778.0 
83.112 779.0 
83.1 780.0 
83.112 781.0 
83.112 782.0 
83.089 783.0 
83.112 784.0 
83.089 785.0 
83.1 786.0 
83.089 787.0 
83.1 788.0 
83.1 789.0 
83.135 790.0 
83.112 791.0 
83.112 792.0 
83.112 793.0 
83.112 794.0 
83.077 795.0 
83.089 796.0 
83.089 797.0 
83.1 798.0 
83.1 799.0 
83.1 800.0 
83.089 801.0 
83.1 802.0 
83.1 803.0 
83.054 804.0 
0.001 805.0 
0.004 806.0 
0.0 807.0 
0.001 808.0 
-0.005 809.0 
-0.008 810.0 
-0.013 811.0 
-0.012 812.0 
-0.023 813.0 
-0.028 814.0 
-0.029 815.0 
-0.038 816.0 
-0.036 817.0 
-0.036 818.0 
-0.053 819.0 
-0.048 820.0 
-0.041 821.0 
-0.05 822.0 
-0.049 823.0 
-0.053 824.0 
-0.05 825.0 
-0.046 826.0 
-0.047 827.0 
-0.041 828.0 
-0.038 829.0 
