-0.016 257.0 
-0.035 258.0 
-0.059 259.0 
-0.019 260.0 
-0.019 261.0 
-0.02 262.0 
-0.031 263.0 
-0.03 264.0 
-0.024 265.0 
-0.024 266.0 
-0.035 267.0 
-0.02 268.0 
-0.034 269.0 
-0.049 270.0 
-0.034 271.0 
-0.056 272.0 
-0.044 273.0 
-0.032 274.0 
148.039 275.0 
145.271 276.0 
144.15 277.0 
142.69 278.0 
141.183 279.0 
139.209 280.0 
137.574 281.0 
135.203 282.0 
131.804 283.0 
130.671 284.0 
130.309 285.0 
130.017 286.0 
129.749 287.0 
129.457 288.0 
129.176 289.0 
129.282 290.0 
128.441 291.0 
128.195 292.0 
128.032 293.0 
127.973 294.0 
127.401 295.0 
127.284 296.0 
127.214 297.0 
126.7 298.0 
126.537 299.0 
126.525 300.0 
125.941 301.0 
125.941 302.0 
125.392 303.0 
125.416 304.0 
125.311 305.0 
124.738 306.0 
123.5 307.0 
121.211 308.0 
118.431 309.0 
114.507 310.0 
110.618 311.0 
106.016 312.0 
101.718 313.0 
97.385 314.0 
93.577 315.0 
89.548 316.0 
85.95 317.0 
83.112 318.0 
83.019 319.0 
82.773 320.0 
82.633 321.0 
82.68 322.0 
82.528 323.0 
82.575 324.0 
82.528 325.0 
82.446 326.0 
82.505 327.0 
82.446 328.0 
82.668 329.0 
82.528 330.0 
82.47 331.0 
82.54 332.0 
82.587 333.0 
82.493 334.0 
82.505 335.0 
82.575 336.0 
82.575 337.0 
82.411 338.0 
82.68 339.0 
82.481 340.0 
82.516 341.0 
82.516 342.0 
82.703 343.0 
82.551 344.0 
82.493 345.0 
82.493 346.0 
82.458 347.0 
82.505 348.0 
82.551 349.0 
82.54 350.0 
82.481 351.0 
82.528 352.0 
82.458 353.0 
82.423 354.0 
82.411 355.0 
82.54 356.0 
82.563 357.0 
82.516 358.0 
82.587 359.0 
82.493 360.0 
82.551 361.0 
82.481 362.0 
82.505 363.0 
82.458 364.0 
82.446 365.0 
82.493 366.0 
82.493 367.0 
82.435 368.0 
82.458 369.0 
82.516 370.0 
82.54 371.0 
82.54 372.0 
82.528 373.0 
82.563 374.0 
82.575 375.0 
82.668 376.0 
82.446 377.0 
82.47 378.0 
82.516 379.0 
82.47 380.0 
82.47 381.0 
82.598 382.0 
82.493 383.0 
82.47 384.0 
82.47 385.0 
82.575 386.0 
82.446 387.0 
82.411 388.0 
82.516 389.0 
82.516 390.0 
82.481 391.0 
82.458 392.0 
82.575 393.0 
82.4 394.0 
82.528 395.0 
82.61 396.0 
82.423 397.0 
82.551 398.0 
82.516 399.0 
82.446 400.0 
82.587 401.0 
82.528 402.0 
82.598 403.0 
82.528 404.0 
82.481 405.0 
82.435 406.0 
82.493 407.0 
82.47 408.0 
82.481 409.0 
82.423 410.0 
82.493 411.0 
82.528 412.0 
82.867 413.0 
82.528 414.0 
82.47 415.0 
82.516 416.0 
82.458 417.0 
82.575 418.0 
82.54 419.0 
82.423 420.0 
82.505 421.0 
82.505 422.0 
82.54 423.0 
82.505 424.0 
82.47 425.0 
82.493 426.0 
82.493 427.0 
82.458 428.0 
82.481 429.0 
82.423 430.0 
82.528 431.0 
82.54 432.0 
82.551 433.0 
82.423 434.0 
82.411 435.0 
82.481 436.0 
82.563 437.0 
82.435 438.0 
82.435 439.0 
82.435 440.0 
82.481 441.0 
82.47 442.0 
82.481 443.0 
82.458 444.0 
82.47 445.0 
82.458 446.0 
82.551 447.0 
82.54 448.0 
82.528 449.0 
82.738 450.0 
82.47 451.0 
82.47 452.0 
82.446 453.0 
82.388 454.0 
82.493 455.0 
82.505 456.0 
82.47 457.0 
82.4 458.0 
82.551 459.0 
82.54 460.0 
82.481 461.0 
82.458 462.0 
82.528 463.0 
82.516 464.0 
82.493 465.0 
82.575 466.0 
82.47 467.0 
82.435 468.0 
82.551 469.0 
82.458 470.0 
82.411 471.0 
82.458 472.0 
82.376 473.0 
82.481 474.0 
82.563 475.0 
82.481 476.0 
82.4 477.0 
82.481 478.0 
82.435 479.0 
82.446 480.0 
82.587 481.0 
82.481 482.0 
82.563 483.0 
82.458 484.0 
82.493 485.0 
82.435 486.0 
82.411 487.0 
82.528 488.0 
82.446 489.0 
82.47 490.0 
82.528 491.0 
82.47 492.0 
82.458 493.0 
82.54 494.0 
82.411 495.0 
82.365 496.0 
82.505 497.0 
82.54 498.0 
82.411 499.0 
82.423 500.0 
82.481 501.0 
82.516 502.0 
82.376 503.0 
82.435 504.0 
82.458 505.0 
82.446 506.0 
82.388 507.0 
82.528 508.0 
82.365 509.0 
82.376 510.0 
82.423 511.0 
82.446 512.0 
82.458 513.0 
82.458 514.0 
82.458 515.0 
82.47 516.0 
82.481 517.0 
82.33 518.0 
82.341 519.0 
82.318 520.0 
82.341 521.0 
82.306 522.0 
82.341 523.0 
82.341 524.0 
82.271 525.0 
82.283 526.0 
82.306 527.0 
82.201 528.0 
82.248 529.0 
82.189 530.0 
82.166 531.0 
82.318 532.0 
82.306 533.0 
82.236 534.0 
82.26 535.0 
82.189 536.0 
82.108 537.0 
81.979 538.0 
82.038 539.0 
81.979 540.0 
82.084 541.0 
81.932 542.0 
81.944 543.0 
81.909 544.0 
81.862 545.0 
81.781 546.0 
81.921 547.0 
81.839 548.0 
81.792 549.0 
81.746 550.0 
81.699 551.0 
81.769 552.0 
81.746 553.0 
81.676 554.0 
81.629 555.0 
81.757 556.0 
81.746 557.0 
81.664 558.0 
81.395 559.0 
81.746 560.0 
81.687 561.0 
81.64 562.0 
81.769 563.0 
81.687 564.0 
81.629 565.0 
81.746 566.0 
81.746 567.0 
81.617 568.0 
81.722 569.0 
81.617 570.0 
81.769 571.0 
81.676 572.0 
81.664 573.0 
81.711 574.0 
81.664 575.0 
81.769 576.0 
81.722 577.0 
81.711 578.0 
81.792 579.0 
81.699 580.0 
81.816 581.0 
81.734 582.0 
81.757 583.0 
81.746 584.0 
81.851 585.0 
81.746 586.0 
81.676 587.0 
81.781 588.0 
81.664 589.0 
81.781 590.0 
81.676 591.0 
81.746 592.0 
81.711 593.0 
81.722 594.0 
81.699 595.0 
81.699 596.0 
81.676 597.0 
81.769 598.0 
81.699 599.0 
81.734 600.0 
81.839 601.0 
81.746 602.0 
81.816 603.0 
81.722 604.0 
81.804 605.0 
81.711 606.0 
81.746 607.0 
81.605 608.0 
81.711 609.0 
81.851 610.0 
81.699 611.0 
81.781 612.0 
81.676 613.0 
81.746 614.0 
81.64 615.0 
81.711 616.0 
81.804 617.0 
81.664 618.0 
81.804 619.0 
81.489 620.0 
81.699 621.0 
81.792 622.0 
81.676 623.0 
81.734 624.0 
81.792 625.0 
81.676 626.0 
81.734 627.0 
81.781 628.0 
81.699 629.0 
81.734 630.0 
81.804 631.0 
81.664 632.0 
81.792 633.0 
82.084 634.0 
81.699 635.0 
81.757 636.0 
81.827 637.0 
81.699 638.0 
81.734 639.0 
81.816 640.0 
81.64 641.0 
81.687 642.0 
81.816 643.0 
81.64 644.0 
81.687 645.0 
81.769 646.0 
81.792 647.0 
81.687 648.0 
81.699 649.0 
81.769 650.0 
81.652 651.0 
81.605 652.0 
81.757 653.0 
81.827 654.0 
81.617 655.0 
81.664 656.0 
81.711 657.0 
81.816 658.0 
81.699 659.0 
81.757 660.0 
81.781 661.0 
81.792 662.0 
81.664 663.0 
81.769 664.0 
81.827 665.0 
81.827 666.0 
81.676 667.0 
81.711 668.0 
81.757 669.0 
81.792 670.0 
81.652 671.0 
81.687 672.0 
81.722 673.0 
81.722 674.0 
81.711 675.0 
81.652 676.0 
81.722 677.0 
81.734 678.0 
81.781 679.0 
81.827 680.0 
81.664 681.0 
81.699 682.0 
81.757 683.0 
81.734 684.0 
81.792 685.0 
81.839 686.0 
81.64 687.0 
81.676 688.0 
81.699 689.0 
81.746 690.0 
81.804 691.0 
81.827 692.0 
81.617 693.0 
81.687 694.0 
81.699 695.0 
81.746 696.0 
81.757 697.0 
81.792 698.0 
81.559 699.0 
81.652 700.0 
81.699 701.0 
81.711 702.0 
81.746 703.0 
81.746 704.0 
81.746 705.0 
81.792 706.0 
81.629 707.0 
81.652 708.0 
81.664 709.0 
81.699 710.0 
81.722 711.0 
81.746 712.0 
81.781 713.0 
81.804 714.0 
81.57 715.0 
81.64 716.0 
81.64 717.0 
81.676 718.0 
81.699 719.0 
81.722 720.0 
81.734 721.0 
81.746 722.0 
81.792 723.0 
81.792 724.0 
81.827 725.0 
81.629 726.0 
81.617 727.0 
81.629 728.0 
81.687 729.0 
81.676 730.0 
81.722 731.0 
81.722 732.0 
81.757 733.0 
81.792 734.0 
81.769 735.0 
81.792 736.0 
81.781 737.0 
81.827 738.0 
81.64 739.0 
81.64 740.0 
81.64 741.0 
81.652 742.0 
81.652 743.0 
81.676 744.0 
81.664 745.0 
81.687 746.0 
81.664 747.0 
81.664 748.0 
81.652 749.0 
81.687 750.0 
81.676 751.0 
81.687 752.0 
81.687 753.0 
81.711 754.0 
81.687 755.0 
81.687 756.0 
81.711 757.0 
81.734 758.0 
81.734 759.0 
81.722 760.0 
81.734 761.0 
81.746 762.0 
81.757 763.0 
81.734 764.0 
81.757 765.0 
81.757 766.0 
81.734 767.0 
81.734 768.0 
81.734 769.0 
81.769 770.0 
81.746 771.0 
81.734 772.0 
81.746 773.0 
81.757 774.0 
81.757 775.0 
81.746 776.0 
81.722 777.0 
81.757 778.0 
81.746 779.0 
81.746 780.0 
81.746 781.0 
81.769 782.0 
81.722 783.0 
81.722 784.0 
81.734 785.0 
81.746 786.0 
81.722 787.0 
81.722 788.0 
81.711 789.0 
81.734 790.0 
81.746 791.0 
81.711 792.0 
81.746 793.0 
81.699 794.0 
81.676 795.0 
81.711 796.0 
81.734 797.0 
81.722 798.0 
81.734 799.0 
81.711 800.0 
81.734 801.0 
81.734 802.0 
81.734 803.0 
81.734 804.0 
0.002 805.0 
0.005 806.0 
0.008 807.0 
0.011 808.0 
0.005 809.0 
-0.004 810.0 
-0.01 811.0 
-0.013 812.0 
-0.018 813.0 
-0.018 814.0 
-0.026 815.0 
-0.028 816.0 
-0.032 817.0 
-0.043 818.0 
-0.031 819.0 
-0.047 820.0 
-0.037 821.0 
-0.035 822.0 
-0.04 823.0 
-0.043 824.0 
-0.038 825.0 
-0.042 826.0 
-0.042 827.0 
-0.031 828.0 
-0.026 829.0 
