-0.035 257.0 
-0.013 258.0 
-0.059 259.0 
-0.041 260.0 
-0.061 261.0 
-0.04 262.0 
-0.043 263.0 
-0.055 264.0 
-0.047 265.0 
-0.02 266.0 
-0.017 267.0 
-0.032 268.0 
-0.059 269.0 
-0.029 270.0 
-0.042 271.0 
-0.054 272.0 
-0.036 273.0 
-0.047 274.0 
146.532 275.0 
143.321 276.0 
142.012 277.0 
140.471 278.0 
138.824 279.0 
136.885 280.0 
135.075 281.0 
132.891 282.0 
129.492 283.0 
128.184 284.0 
127.798 285.0 
127.448 286.0 
127.179 287.0 
126.794 288.0 
126.479 289.0 
125.766 290.0 
125.579 291.0 
125.392 292.0 
125.159 293.0 
124.902 294.0 
124.563 295.0 
124.341 296.0 
124.201 297.0 
123.675 298.0 
123.442 299.0 
123.36 300.0 
122.729 301.0 
122.659 302.0 
122.087 303.0 
122.04 304.0 
122.029 305.0 
121.234 306.0 
119.915 307.0 
117.52 308.0 
114.857 309.0 
111.108 310.0 
107.406 311.0 
103.166 312.0 
99.335 313.0 
95.317 314.0 
91.486 315.0 
87.585 316.0 
84.105 317.0 
81.442 318.0 
81.29 319.0 
81.103 320.0 
81.01 321.0 
80.986 322.0 
80.893 323.0 
80.951 324.0 
80.87 325.0 
80.776 326.0 
80.881 327.0 
80.8 328.0 
80.951 329.0 
80.87 330.0 
80.8 331.0 
81.045 332.0 
80.916 333.0 
80.788 334.0 
80.823 335.0 
80.87 336.0 
80.835 337.0 
80.753 338.0 
80.951 339.0 
80.8 340.0 
80.788 341.0 
80.788 342.0 
81.033 343.0 
80.846 344.0 
80.823 345.0 
80.753 346.0 
80.718 347.0 
80.823 348.0 
80.858 349.0 
80.835 350.0 
80.8 351.0 
80.846 352.0 
80.823 353.0 
80.776 354.0 
80.8 355.0 
80.846 356.0 
80.893 357.0 
80.823 358.0 
80.916 359.0 
80.823 360.0 
80.881 361.0 
80.823 362.0 
80.823 363.0 
80.8 364.0 
80.788 365.0 
80.835 366.0 
80.858 367.0 
80.8 368.0 
80.8 369.0 
80.788 370.0 
80.846 371.0 
80.881 372.0 
80.881 373.0 
80.905 374.0 
80.905 375.0 
81.208 376.0 
80.741 377.0 
80.811 378.0 
80.788 379.0 
80.776 380.0 
80.8 381.0 
80.916 382.0 
80.8 383.0 
80.765 384.0 
80.765 385.0 
80.905 386.0 
80.753 387.0 
80.741 388.0 
80.835 389.0 
80.835 390.0 
80.835 391.0 
80.811 392.0 
80.87 393.0 
80.753 394.0 
80.846 395.0 
80.916 396.0 
80.741 397.0 
80.835 398.0 
80.694 399.0 
80.765 400.0 
80.881 401.0 
80.846 402.0 
80.881 403.0 
80.858 404.0 
80.788 405.0 
80.706 406.0 
80.835 407.0 
80.811 408.0 
80.846 409.0 
80.753 410.0 
80.835 411.0 
80.858 412.0 
81.325 413.0 
80.916 414.0 
80.753 415.0 
80.835 416.0 
80.753 417.0 
80.893 418.0 
80.858 419.0 
80.776 420.0 
80.776 421.0 
80.823 422.0 
80.858 423.0 
80.765 424.0 
80.776 425.0 
80.823 426.0 
80.881 427.0 
80.776 428.0 
80.788 429.0 
80.776 430.0 
80.835 431.0 
80.881 432.0 
80.916 433.0 
80.741 434.0 
80.8 435.0 
80.753 436.0 
80.811 437.0 
80.776 438.0 
80.753 439.0 
80.765 440.0 
80.776 441.0 
80.765 442.0 
80.776 443.0 
80.8 444.0 
80.8 445.0 
80.741 446.0 
80.881 447.0 
80.87 448.0 
80.846 449.0 
81.068 450.0 
80.776 451.0 
80.8 452.0 
80.741 453.0 
80.741 454.0 
80.823 455.0 
80.659 456.0 
80.753 457.0 
80.729 458.0 
80.881 459.0 
80.87 460.0 
80.835 461.0 
80.776 462.0 
80.858 463.0 
80.788 464.0 
80.788 465.0 
80.905 466.0 
80.811 467.0 
80.765 468.0 
80.846 469.0 
80.776 470.0 
80.753 471.0 
80.788 472.0 
80.659 473.0 
80.823 474.0 
80.893 475.0 
80.8 476.0 
80.718 477.0 
80.8 478.0 
80.706 479.0 
80.8 480.0 
80.893 481.0 
80.846 482.0 
80.846 483.0 
80.776 484.0 
80.835 485.0 
80.8 486.0 
80.776 487.0 
80.87 488.0 
80.8 489.0 
80.811 490.0 
80.846 491.0 
80.788 492.0 
80.823 493.0 
80.846 494.0 
80.765 495.0 
80.753 496.0 
80.811 497.0 
80.835 498.0 
80.741 499.0 
80.776 500.0 
80.788 501.0 
80.858 502.0 
80.694 503.0 
80.706 504.0 
80.765 505.0 
80.811 506.0 
80.718 507.0 
80.788 508.0 
80.671 509.0 
80.729 510.0 
80.776 511.0 
80.765 512.0 
80.776 513.0 
80.811 514.0 
80.823 515.0 
80.741 516.0 
81.15 517.0 
80.624 518.0 
80.683 519.0 
80.694 520.0 
80.694 521.0 
80.683 522.0 
80.729 523.0 
80.706 524.0 
80.706 525.0 
80.706 526.0 
80.706 527.0 
80.636 528.0 
80.683 529.0 
80.636 530.0 
80.578 531.0 
80.776 532.0 
80.998 533.0 
80.718 534.0 
80.706 535.0 
80.648 536.0 
80.613 537.0 
80.508 538.0 
80.496 539.0 
80.473 540.0 
80.589 541.0 
80.519 542.0 
80.473 543.0 
80.437 544.0 
80.426 545.0 
80.367 546.0 
80.484 547.0 
80.402 548.0 
80.402 549.0 
80.321 550.0 
80.262 551.0 
80.414 552.0 
80.344 553.0 
80.274 554.0 
80.262 555.0 
80.379 556.0 
80.356 557.0 
80.297 558.0 
79.912 559.0 
80.344 560.0 
80.297 561.0 
80.262 562.0 
80.367 563.0 
80.262 564.0 
80.227 565.0 
80.379 566.0 
80.484 567.0 
80.251 568.0 
80.286 569.0 
80.274 570.0 
80.379 571.0 
80.321 572.0 
80.262 573.0 
80.356 574.0 
80.297 575.0 
80.753 576.0 
80.297 577.0 
80.309 578.0 
80.414 579.0 
80.321 580.0 
80.414 581.0 
80.356 582.0 
80.391 583.0 
80.356 584.0 
79.994 585.0 
80.344 586.0 
80.297 587.0 
80.402 588.0 
80.321 589.0 
80.379 590.0 
80.309 591.0 
80.402 592.0 
80.297 593.0 
80.379 594.0 
80.297 595.0 
80.356 596.0 
80.286 597.0 
80.332 598.0 
80.274 599.0 
80.367 600.0 
80.449 601.0 
80.332 602.0 
80.449 603.0 
80.309 604.0 
80.402 605.0 
80.297 606.0 
80.402 607.0 
80.286 608.0 
80.367 609.0 
80.426 610.0 
80.344 611.0 
80.437 612.0 
80.344 613.0 
80.391 614.0 
80.274 615.0 
80.274 616.0 
80.391 617.0 
80.239 618.0 
80.356 619.0 
80.169 620.0 
80.309 621.0 
80.379 622.0 
80.262 623.0 
80.344 624.0 
80.414 625.0 
80.309 626.0 
80.379 627.0 
80.437 628.0 
80.321 629.0 
80.367 630.0 
80.426 631.0 
80.344 632.0 
80.391 633.0 
80.636 634.0 
80.321 635.0 
80.367 636.0 
80.414 637.0 
80.356 638.0 
80.309 639.0 
80.402 640.0 
80.297 641.0 
80.321 642.0 
80.391 643.0 
80.274 644.0 
80.216 645.0 
80.391 646.0 
80.437 647.0 
80.286 648.0 
80.379 649.0 
80.391 650.0 
80.262 651.0 
80.274 652.0 
80.367 653.0 
80.414 654.0 
80.251 655.0 
80.297 656.0 
80.367 657.0 
80.367 658.0 
80.321 659.0 
80.356 660.0 
80.379 661.0 
80.414 662.0 
80.321 663.0 
80.321 664.0 
80.414 665.0 
80.461 666.0 
80.309 667.0 
80.321 668.0 
80.379 669.0 
80.391 670.0 
80.251 671.0 
80.309 672.0 
80.367 673.0 
80.426 674.0 
80.402 675.0 
80.262 676.0 
80.286 677.0 
80.321 678.0 
80.367 679.0 
80.437 680.0 
80.251 681.0 
80.274 682.0 
80.321 683.0 
80.367 684.0 
80.367 685.0 
80.414 686.0 
80.251 687.0 
80.332 688.0 
80.332 689.0 
80.367 690.0 
80.426 691.0 
80.402 692.0 
80.286 693.0 
80.309 694.0 
80.356 695.0 
80.321 696.0 
80.286 697.0 
80.391 698.0 
80.204 699.0 
80.274 700.0 
80.297 701.0 
80.321 702.0 
80.379 703.0 
80.367 704.0 
80.414 705.0 
80.426 706.0 
80.274 707.0 
80.286 708.0 
80.309 709.0 
80.297 710.0 
80.356 711.0 
80.379 712.0 
80.391 713.0 
80.426 714.0 
80.227 715.0 
80.239 716.0 
80.251 717.0 
80.286 718.0 
80.321 719.0 
80.356 720.0 
80.321 721.0 
80.309 722.0 
80.402 723.0 
80.414 724.0 
80.437 725.0 
80.227 726.0 
80.227 727.0 
80.286 728.0 
80.309 729.0 
80.344 730.0 
80.332 731.0 
80.321 732.0 
80.367 733.0 
80.367 734.0 
80.391 735.0 
80.391 736.0 
80.402 737.0 
80.437 738.0 
80.216 739.0 
80.227 740.0 
80.251 741.0 
80.251 742.0 
80.251 743.0 
80.262 744.0 
80.321 745.0 
80.286 746.0 
80.309 747.0 
80.332 748.0 
80.332 749.0 
80.309 750.0 
80.332 751.0 
80.309 752.0 
80.321 753.0 
80.297 754.0 
80.332 755.0 
80.309 756.0 
80.321 757.0 
80.321 758.0 
80.367 759.0 
80.332 760.0 
80.367 761.0 
80.321 762.0 
80.356 763.0 
80.344 764.0 
80.367 765.0 
80.356 766.0 
80.344 767.0 
80.391 768.0 
80.344 769.0 
80.356 770.0 
80.379 771.0 
80.356 772.0 
80.367 773.0 
80.402 774.0 
80.344 775.0 
80.367 776.0 
80.356 777.0 
80.344 778.0 
80.367 779.0 
80.332 780.0 
80.356 781.0 
80.344 782.0 
80.332 783.0 
80.332 784.0 
80.356 785.0 
80.344 786.0 
80.356 787.0 
80.344 788.0 
80.356 789.0 
80.356 790.0 
80.367 791.0 
80.344 792.0 
80.367 793.0 
80.367 794.0 
80.344 795.0 
80.332 796.0 
80.344 797.0 
80.297 798.0 
80.321 799.0 
80.344 800.0 
80.344 801.0 
80.321 802.0 
80.332 803.0 
80.321 804.0 
0.002 805.0 
-0.002 806.0 
0.001 807.0 
0.007 808.0 
0.0 809.0 
-0.008 810.0 
-0.017 811.0 
-0.024 812.0 
-0.028 813.0 
-0.032 814.0 
-0.044 815.0 
-0.032 816.0 
-0.032 817.0 
-0.041 818.0 
-0.04 819.0 
-0.044 820.0 
-0.052 821.0 
-0.044 822.0 
-0.044 823.0 
-0.038 824.0 
-0.04 825.0 
-0.032 826.0 
-0.031 827.0 
-0.022 828.0 
-0.03 829.0 
