-0.038 257.0 
-0.031 258.0 
-0.055 259.0 
-0.032 260.0 
-0.02 261.0 
-0.037 262.0 
-0.049 263.0 
-0.026 264.0 
-0.018 265.0 
-0.09 266.0 
-0.044 267.0 
-0.026 268.0 
-0.034 269.0 
-0.028 270.0 
-0.03 271.0 
-0.018 272.0 
-0.054 273.0 
-0.018 274.0 
137.878 275.0 
134.549 276.0 
133.51 277.0 
131.91 278.0 
130.508 279.0 
128.92 280.0 
127.635 281.0 
125.883 282.0 
123.185 283.0 
122.087 284.0 
121.702 285.0 
121.41 286.0 
121.223 287.0 
120.942 288.0 
120.615 289.0 
120.51 290.0 
119.786 291.0 
119.623 292.0 
119.389 293.0 
119.074 294.0 
118.758 295.0 
118.677 296.0 
118.641 297.0 
118.093 298.0 
117.882 299.0 
117.789 300.0 
117.263 301.0 
117.182 302.0 
116.609 303.0 
116.492 304.0 
116.364 305.0 
115.722 306.0 
114.577 307.0 
112.334 308.0 
109.823 309.0 
106.553 310.0 
103.318 311.0 
99.487 312.0 
95.738 313.0 
91.767 314.0 
88.076 315.0 
84.654 316.0 
81.232 317.0 
78.055 318.0 
77.821 319.0 
77.553 320.0 
77.494 321.0 
77.389 322.0 
77.296 323.0 
77.307 324.0 
77.296 325.0 
77.202 326.0 
77.296 327.0 
77.214 328.0 
77.389 329.0 
77.296 330.0 
77.191 331.0 
77.284 332.0 
77.307 333.0 
77.249 334.0 
77.191 335.0 
77.284 336.0 
77.296 337.0 
77.214 338.0 
77.599 339.0 
77.249 340.0 
77.261 341.0 
77.226 342.0 
77.296 343.0 
77.261 344.0 
77.272 345.0 
77.214 346.0 
77.191 347.0 
77.237 348.0 
77.272 349.0 
77.237 350.0 
77.179 351.0 
77.284 352.0 
77.214 353.0 
77.179 354.0 
77.319 355.0 
77.249 356.0 
77.307 357.0 
77.272 358.0 
77.307 359.0 
77.226 360.0 
77.272 361.0 
77.202 362.0 
77.214 363.0 
77.179 364.0 
77.191 365.0 
77.237 366.0 
77.284 367.0 
77.167 368.0 
77.202 369.0 
77.214 370.0 
77.249 371.0 
77.284 372.0 
77.284 373.0 
77.296 374.0 
77.319 375.0 
77.506 376.0 
77.179 377.0 
77.237 378.0 
77.261 379.0 
77.261 380.0 
77.237 381.0 
77.331 382.0 
77.202 383.0 
77.226 384.0 
77.191 385.0 
77.284 386.0 
77.214 387.0 
77.156 388.0 
77.249 389.0 
77.237 390.0 
77.249 391.0 
77.249 392.0 
77.284 393.0 
77.156 394.0 
77.249 395.0 
77.319 396.0 
77.156 397.0 
77.272 398.0 
77.167 399.0 
77.202 400.0 
77.307 401.0 
77.237 402.0 
77.331 403.0 
77.261 404.0 
77.237 405.0 
77.179 406.0 
77.249 407.0 
77.167 408.0 
77.237 409.0 
77.144 410.0 
77.191 411.0 
77.261 412.0 
77.342 413.0 
77.296 414.0 
77.214 415.0 
77.237 416.0 
77.167 417.0 
77.296 418.0 
77.272 419.0 
77.202 420.0 
77.261 421.0 
77.272 422.0 
77.249 423.0 
77.179 424.0 
77.214 425.0 
77.272 426.0 
77.307 427.0 
77.179 428.0 
77.226 429.0 
77.156 430.0 
77.261 431.0 
77.249 432.0 
77.272 433.0 
77.179 434.0 
77.191 435.0 
77.179 436.0 
77.261 437.0 
77.144 438.0 
77.226 439.0 
77.226 440.0 
77.202 441.0 
77.179 442.0 
77.202 443.0 
77.214 444.0 
77.191 445.0 
77.191 446.0 
77.307 447.0 
77.261 448.0 
77.261 449.0 
77.529 450.0 
77.167 451.0 
77.202 452.0 
77.179 453.0 
77.179 454.0 
77.272 455.0 
77.085 456.0 
77.214 457.0 
77.167 458.0 
77.249 459.0 
77.284 460.0 
77.214 461.0 
77.226 462.0 
77.296 463.0 
77.237 464.0 
77.249 465.0 
77.284 466.0 
77.226 467.0 
77.156 468.0 
77.237 469.0 
77.202 470.0 
77.226 471.0 
77.226 472.0 
77.296 473.0 
77.226 474.0 
77.296 475.0 
77.226 476.0 
77.144 477.0 
77.261 478.0 
77.167 479.0 
77.214 480.0 
77.331 481.0 
77.226 482.0 
77.261 483.0 
77.167 484.0 
77.272 485.0 
77.156 486.0 
77.156 487.0 
77.261 488.0 
77.226 489.0 
77.202 490.0 
77.214 491.0 
77.202 492.0 
77.202 493.0 
77.237 494.0 
77.191 495.0 
77.085 496.0 
77.214 497.0 
77.237 498.0 
77.132 499.0 
77.167 500.0 
77.191 501.0 
77.261 502.0 
77.12 503.0 
77.156 504.0 
77.179 505.0 
77.214 506.0 
77.202 507.0 
77.272 508.0 
77.144 509.0 
77.132 510.0 
77.144 511.0 
77.167 512.0 
77.191 513.0 
77.202 514.0 
77.237 515.0 
77.237 516.0 
77.483 517.0 
77.039 518.0 
77.097 519.0 
77.109 520.0 
77.109 521.0 
77.12 522.0 
77.12 523.0 
77.109 524.0 
77.085 525.0 
77.097 526.0 
77.097 527.0 
77.015 528.0 
77.039 529.0 
77.027 530.0 
77.039 531.0 
77.167 532.0 
77.144 533.0 
77.097 534.0 
77.132 535.0 
77.074 536.0 
77.039 537.0 
77.015 538.0 
76.957 539.0 
76.957 540.0 
77.062 541.0 
76.992 542.0 
76.922 543.0 
76.934 544.0 
76.852 545.0 
76.817 546.0 
76.957 547.0 
76.887 548.0 
76.828 549.0 
76.805 550.0 
76.793 551.0 
76.864 552.0 
76.805 553.0 
76.77 554.0 
76.77 555.0 
76.887 556.0 
76.793 557.0 
76.793 558.0 
76.525 559.0 
76.864 560.0 
76.817 561.0 
76.735 562.0 
76.84 563.0 
76.782 564.0 
76.688 565.0 
76.852 566.0 
76.899 567.0 
76.712 568.0 
76.828 569.0 
76.723 570.0 
76.875 571.0 
76.793 572.0 
76.735 573.0 
76.747 574.0 
76.747 575.0 
76.864 576.0 
76.782 577.0 
76.793 578.0 
76.875 579.0 
76.84 580.0 
76.875 581.0 
76.817 582.0 
76.875 583.0 
76.852 584.0 
76.922 585.0 
76.84 586.0 
76.77 587.0 
76.84 588.0 
76.782 589.0 
76.864 590.0 
76.77 591.0 
76.84 592.0 
76.747 593.0 
76.793 594.0 
76.793 595.0 
76.875 596.0 
76.758 597.0 
76.84 598.0 
76.805 599.0 
76.852 600.0 
76.922 601.0 
76.828 602.0 
76.899 603.0 
76.817 604.0 
76.899 605.0 
76.793 606.0 
76.864 607.0 
76.747 608.0 
76.828 609.0 
76.899 610.0 
76.828 611.0 
76.852 612.0 
76.782 613.0 
76.875 614.0 
76.758 615.0 
76.805 616.0 
76.899 617.0 
76.758 618.0 
76.864 619.0 
76.513 620.0 
76.852 621.0 
76.828 622.0 
76.747 623.0 
76.828 624.0 
76.875 625.0 
76.782 626.0 
76.864 627.0 
76.887 628.0 
76.747 629.0 
76.828 630.0 
76.922 631.0 
76.677 632.0 
76.84 633.0 
76.91 634.0 
76.782 635.0 
76.828 636.0 
76.864 637.0 
76.782 638.0 
76.84 639.0 
76.864 640.0 
76.782 641.0 
76.817 642.0 
76.864 643.0 
76.747 644.0 
76.805 645.0 
76.84 646.0 
76.91 647.0 
76.747 648.0 
76.782 649.0 
76.875 650.0 
76.723 651.0 
76.805 652.0 
76.84 653.0 
76.875 654.0 
76.735 655.0 
76.782 656.0 
76.817 657.0 
76.899 658.0 
76.793 659.0 
76.805 660.0 
76.887 661.0 
76.934 662.0 
76.747 663.0 
76.828 664.0 
76.887 665.0 
76.91 666.0 
76.793 667.0 
76.793 668.0 
76.84 669.0 
76.899 670.0 
76.77 671.0 
76.758 672.0 
76.805 673.0 
76.828 674.0 
76.922 675.0 
76.723 676.0 
76.758 677.0 
76.817 678.0 
76.817 679.0 
76.899 680.0 
76.723 681.0 
76.782 682.0 
76.805 683.0 
76.828 684.0 
76.852 685.0 
76.887 686.0 
76.77 687.0 
76.782 688.0 
76.817 689.0 
76.84 690.0 
76.899 691.0 
76.899 692.0 
76.747 693.0 
76.735 694.0 
76.828 695.0 
76.817 696.0 
76.864 697.0 
76.852 698.0 
76.501 699.0 
76.723 700.0 
76.782 701.0 
76.793 702.0 
76.805 703.0 
76.793 704.0 
76.864 705.0 
76.899 706.0 
76.747 707.0 
76.77 708.0 
76.782 709.0 
76.805 710.0 
76.828 711.0 
76.828 712.0 
76.864 713.0 
76.887 714.0 
76.887 715.0 
76.712 716.0 
76.747 717.0 
76.758 718.0 
76.817 719.0 
76.84 720.0 
76.828 721.0 
76.887 722.0 
76.852 723.0 
76.875 724.0 
76.934 725.0 
76.735 726.0 
76.747 727.0 
76.747 728.0 
76.758 729.0 
76.793 730.0 
76.84 731.0 
76.84 732.0 
76.84 733.0 
76.852 734.0 
76.852 735.0 
76.864 736.0 
76.899 737.0 
76.91 738.0 
76.431 739.0 
76.735 740.0 
76.712 741.0 
76.723 742.0 
76.735 743.0 
76.735 744.0 
76.758 745.0 
76.782 746.0 
76.77 747.0 
76.747 748.0 
76.747 749.0 
76.77 750.0 
76.77 751.0 
76.805 752.0 
76.793 753.0 
76.817 754.0 
76.828 755.0 
76.805 756.0 
76.828 757.0 
76.84 758.0 
76.828 759.0 
76.828 760.0 
76.817 761.0 
76.84 762.0 
76.817 763.0 
76.817 764.0 
76.84 765.0 
76.864 766.0 
76.84 767.0 
76.84 768.0 
76.84 769.0 
76.852 770.0 
76.864 771.0 
76.84 772.0 
76.84 773.0 
76.828 774.0 
76.84 775.0 
76.84 776.0 
76.84 777.0 
76.817 778.0 
76.817 779.0 
76.84 780.0 
76.84 781.0 
76.875 782.0 
76.828 783.0 
76.817 784.0 
76.828 785.0 
76.84 786.0 
76.84 787.0 
76.817 788.0 
76.793 789.0 
76.852 790.0 
76.84 791.0 
76.84 792.0 
76.828 793.0 
76.828 794.0 
76.817 795.0 
76.805 796.0 
76.817 797.0 
76.852 798.0 
76.817 799.0 
76.864 800.0 
76.828 801.0 
76.817 802.0 
76.828 803.0 
76.852 804.0 
0.016 805.0 
0.008 806.0 
0.005 807.0 
-0.001 808.0 
0.0 809.0 
-0.006 810.0 
-0.006 811.0 
-0.007 812.0 
-0.02 813.0 
-0.028 814.0 
-0.022 815.0 
-0.026 816.0 
-0.023 817.0 
-0.025 818.0 
-0.036 819.0 
-0.028 820.0 
-0.024 821.0 
-0.024 822.0 
-0.035 823.0 
-0.024 824.0 
-0.02 825.0 
-0.023 826.0 
-0.013 827.0 
-0.025 828.0 
-0.016 829.0 
