-0.038 257.0 
-0.055 258.0 
-0.115 259.0 
-0.032 260.0 
-0.058 261.0 
-0.052 262.0 
-0.03 263.0 
-0.025 264.0 
-0.024 265.0 
-0.031 266.0 
-0.023 267.0 
-0.024 268.0 
-0.02 269.0 
-0.018 270.0 
-0.038 271.0 
-0.04 272.0 
-0.034 273.0 
-0.037 274.0 
147.362 275.0 
144.255 276.0 
143.099 277.0 
141.242 278.0 
139.022 279.0 
136.371 280.0 
133.977 281.0 
131.162 282.0 
126.899 283.0 
125.17 284.0 
124.738 285.0 
124.423 286.0 
124.178 287.0 
123.874 288.0 
123.687 289.0 
123.138 290.0 
122.916 291.0 
122.706 292.0 
122.554 293.0 
122.332 294.0 
122.04 295.0 
121.853 296.0 
121.83 297.0 
121.375 298.0 
121.223 299.0 
121.211 300.0 
120.709 301.0 
120.592 302.0 
120.183 303.0 
120.125 304.0 
120.043 305.0 
119.401 306.0 
118.244 307.0 
116.282 308.0 
114.145 309.0 
111.026 310.0 
107.861 311.0 
103.984 312.0 
100.059 313.0 
95.761 314.0 
91.615 315.0 
86.931 316.0 
82.692 317.0 
79.27 318.0 
79.013 319.0 
78.709 320.0 
78.429 321.0 
78.475 322.0 
78.347 323.0 
78.382 324.0 
78.3 325.0 
78.218 326.0 
78.323 327.0 
78.242 328.0 
78.569 329.0 
78.312 330.0 
78.253 331.0 
78.545 332.0 
78.347 333.0 
78.253 334.0 
78.218 335.0 
78.3 336.0 
78.288 337.0 
78.242 338.0 
78.405 339.0 
78.288 340.0 
78.23 341.0 
78.242 342.0 
78.44 343.0 
78.3 344.0 
78.253 345.0 
78.265 346.0 
78.23 347.0 
78.288 348.0 
78.312 349.0 
78.288 350.0 
78.23 351.0 
78.3 352.0 
78.253 353.0 
78.218 354.0 
78.37 355.0 
78.335 356.0 
78.335 357.0 
78.242 358.0 
78.37 359.0 
78.312 360.0 
78.312 361.0 
78.265 362.0 
78.242 363.0 
78.183 364.0 
78.242 365.0 
78.253 366.0 
78.288 367.0 
78.207 368.0 
78.277 369.0 
78.277 370.0 
78.277 371.0 
78.3 372.0 
78.323 373.0 
78.347 374.0 
78.335 375.0 
78.604 376.0 
78.183 377.0 
78.23 378.0 
78.265 379.0 
78.265 380.0 
78.242 381.0 
78.37 382.0 
78.277 383.0 
78.242 384.0 
78.253 385.0 
78.335 386.0 
78.218 387.0 
78.195 388.0 
78.3 389.0 
78.3 390.0 
78.288 391.0 
78.253 392.0 
78.347 393.0 
78.218 394.0 
78.312 395.0 
78.347 396.0 
78.218 397.0 
78.3 398.0 
78.242 399.0 
78.23 400.0 
78.312 401.0 
78.277 402.0 
78.359 403.0 
78.335 404.0 
78.242 405.0 
78.207 406.0 
78.253 407.0 
78.277 408.0 
78.277 409.0 
78.183 410.0 
78.265 411.0 
78.323 412.0 
78.347 413.0 
78.323 414.0 
78.277 415.0 
78.323 416.0 
78.218 417.0 
78.382 418.0 
78.277 419.0 
78.218 420.0 
78.242 421.0 
78.3 422.0 
78.288 423.0 
78.242 424.0 
78.23 425.0 
78.312 426.0 
78.312 427.0 
78.253 428.0 
78.195 429.0 
78.207 430.0 
78.3 431.0 
78.288 432.0 
78.3 433.0 
78.207 434.0 
78.218 435.0 
78.265 436.0 
78.335 437.0 
78.16 438.0 
78.23 439.0 
78.23 440.0 
78.23 441.0 
78.23 442.0 
78.23 443.0 
78.218 444.0 
78.253 445.0 
78.183 446.0 
78.312 447.0 
78.312 448.0 
78.3 449.0 
78.58 450.0 
78.253 451.0 
78.265 452.0 
78.23 453.0 
78.183 454.0 
78.3 455.0 
78.055 456.0 
78.207 457.0 
78.207 458.0 
78.277 459.0 
78.3 460.0 
78.23 461.0 
78.218 462.0 
78.335 463.0 
78.253 464.0 
78.23 465.0 
78.3 466.0 
78.265 467.0 
78.218 468.0 
78.3 469.0 
78.253 470.0 
78.207 471.0 
78.242 472.0 
78.148 473.0 
78.253 474.0 
78.382 475.0 
78.242 476.0 
78.183 477.0 
78.253 478.0 
78.148 479.0 
78.253 480.0 
78.335 481.0 
78.218 482.0 
78.288 483.0 
78.218 484.0 
78.3 485.0 
78.23 486.0 
78.218 487.0 
78.335 488.0 
78.207 489.0 
78.265 490.0 
78.323 491.0 
78.288 492.0 
78.253 493.0 
78.3 494.0 
78.195 495.0 
78.172 496.0 
78.253 497.0 
78.277 498.0 
78.183 499.0 
78.172 500.0 
78.23 501.0 
78.288 502.0 
78.16 503.0 
78.183 504.0 
78.183 505.0 
78.23 506.0 
78.172 507.0 
78.347 508.0 
78.148 509.0 
78.183 510.0 
78.195 511.0 
78.218 512.0 
78.242 513.0 
78.265 514.0 
78.277 515.0 
78.288 516.0 
78.557 517.0 
78.067 518.0 
78.09 519.0 
78.16 520.0 
78.137 521.0 
78.137 522.0 
78.183 523.0 
78.16 524.0 
78.172 525.0 
78.137 526.0 
78.113 527.0 
78.078 528.0 
78.113 529.0 
78.078 530.0 
78.078 531.0 
78.218 532.0 
78.452 533.0 
78.148 534.0 
78.113 535.0 
78.043 536.0 
78.02 537.0 
77.985 538.0 
77.938 539.0 
77.926 540.0 
78.008 541.0 
77.973 542.0 
77.95 543.0 
77.88 544.0 
77.845 545.0 
77.833 546.0 
77.95 547.0 
77.833 548.0 
77.81 549.0 
77.81 550.0 
77.728 551.0 
77.88 552.0 
77.798 553.0 
77.81 554.0 
77.739 555.0 
77.856 556.0 
77.798 557.0 
77.751 558.0 
77.891 559.0 
77.821 560.0 
77.751 561.0 
77.716 562.0 
77.798 563.0 
77.763 564.0 
77.658 565.0 
77.833 566.0 
77.903 567.0 
77.704 568.0 
77.845 569.0 
77.751 570.0 
77.833 571.0 
77.821 572.0 
77.716 573.0 
77.775 574.0 
77.763 575.0 
77.845 576.0 
77.81 577.0 
77.763 578.0 
77.868 579.0 
77.81 580.0 
77.868 581.0 
77.786 582.0 
77.845 583.0 
77.821 584.0 
77.938 585.0 
77.856 586.0 
77.775 587.0 
77.856 588.0 
77.763 589.0 
77.856 590.0 
77.786 591.0 
77.845 592.0 
77.763 593.0 
77.798 594.0 
77.786 595.0 
77.821 596.0 
77.786 597.0 
77.856 598.0 
77.81 599.0 
77.833 600.0 
77.891 601.0 
77.833 602.0 
77.903 603.0 
77.786 604.0 
77.88 605.0 
77.763 606.0 
77.856 607.0 
77.763 608.0 
77.845 609.0 
77.95 610.0 
77.798 611.0 
77.903 612.0 
77.775 613.0 
77.845 614.0 
77.763 615.0 
77.81 616.0 
77.868 617.0 
77.739 618.0 
77.833 619.0 
77.424 620.0 
77.81 621.0 
77.81 622.0 
77.739 623.0 
77.798 624.0 
77.88 625.0 
77.739 626.0 
77.833 627.0 
77.903 628.0 
77.763 629.0 
77.833 630.0 
77.915 631.0 
77.728 632.0 
77.856 633.0 
77.891 634.0 
77.786 635.0 
77.821 636.0 
77.88 637.0 
77.763 638.0 
77.798 639.0 
77.856 640.0 
77.763 641.0 
77.833 642.0 
77.856 643.0 
77.751 644.0 
77.798 645.0 
77.856 646.0 
77.915 647.0 
77.786 648.0 
77.798 649.0 
77.868 650.0 
77.739 651.0 
77.798 652.0 
77.821 653.0 
77.88 654.0 
77.739 655.0 
77.786 656.0 
77.798 657.0 
77.856 658.0 
77.775 659.0 
77.798 660.0 
77.856 661.0 
77.891 662.0 
77.716 663.0 
77.81 664.0 
77.845 665.0 
77.903 666.0 
77.763 667.0 
77.81 668.0 
77.845 669.0 
77.903 670.0 
77.763 671.0 
77.786 672.0 
77.81 673.0 
77.868 674.0 
77.915 675.0 
77.739 676.0 
77.751 677.0 
77.798 678.0 
77.786 679.0 
77.88 680.0 
77.739 681.0 
77.739 682.0 
77.786 683.0 
77.833 684.0 
77.856 685.0 
77.903 686.0 
77.763 687.0 
77.786 688.0 
77.798 689.0 
77.833 690.0 
77.891 691.0 
77.903 692.0 
77.751 693.0 
77.786 694.0 
77.798 695.0 
77.845 696.0 
77.88 697.0 
77.868 698.0 
77.483 699.0 
77.728 700.0 
77.786 701.0 
77.786 702.0 
77.798 703.0 
77.81 704.0 
77.868 705.0 
77.915 706.0 
77.763 707.0 
77.763 708.0 
77.786 709.0 
77.786 710.0 
77.845 711.0 
77.856 712.0 
77.868 713.0 
77.891 714.0 
77.903 715.0 
77.751 716.0 
77.763 717.0 
77.739 718.0 
77.798 719.0 
77.81 720.0 
77.821 721.0 
77.821 722.0 
77.868 723.0 
77.891 724.0 
77.891 725.0 
77.716 726.0 
77.751 727.0 
77.775 728.0 
77.751 729.0 
77.786 730.0 
77.81 731.0 
77.821 732.0 
77.833 733.0 
77.856 734.0 
77.868 735.0 
77.88 736.0 
77.856 737.0 
77.903 738.0 
77.424 739.0 
77.716 740.0 
77.728 741.0 
77.716 742.0 
77.739 743.0 
77.728 744.0 
77.739 745.0 
77.763 746.0 
77.763 747.0 
77.728 748.0 
77.751 749.0 
77.775 750.0 
77.798 751.0 
77.798 752.0 
77.798 753.0 
77.81 754.0 
77.798 755.0 
77.786 756.0 
77.775 757.0 
77.833 758.0 
77.833 759.0 
77.81 760.0 
77.821 761.0 
77.798 762.0 
77.81 763.0 
77.81 764.0 
77.821 765.0 
77.856 766.0 
77.833 767.0 
77.845 768.0 
77.845 769.0 
77.833 770.0 
77.81 771.0 
77.821 772.0 
77.833 773.0 
77.856 774.0 
77.81 775.0 
77.845 776.0 
77.821 777.0 
77.798 778.0 
77.833 779.0 
77.856 780.0 
77.856 781.0 
77.798 782.0 
77.81 783.0 
77.786 784.0 
77.81 785.0 
77.81 786.0 
77.821 787.0 
77.821 788.0 
77.821 789.0 
77.81 790.0 
77.845 791.0 
77.833 792.0 
77.821 793.0 
77.833 794.0 
77.821 795.0 
77.81 796.0 
77.775 797.0 
77.821 798.0 
77.821 799.0 
77.833 800.0 
77.821 801.0 
77.845 802.0 
77.833 803.0 
77.798 804.0 
0.001 805.0 
0.0 806.0 
-0.001 807.0 
-0.002 808.0 
0.01 809.0 
0.01 810.0 
0.002 811.0 
0.0 812.0 
0.006 813.0 
0.007 814.0 
0.0 815.0 
-0.001 816.0 
-0.014 817.0 
-0.004 818.0 
-0.001 819.0 
-0.006 820.0 
-0.01 821.0 
-0.023 822.0 
-0.004 823.0 
-0.006 824.0 
-0.013 825.0 
-0.007 826.0 
-0.014 827.0 
-0.016 828.0 
-0.017 829.0 
