-0.049 257.0 
-0.053 258.0 
-0.049 259.0 
-0.02 260.0 
-0.02 261.0 
-0.042 262.0 
-0.028 263.0 
-0.053 264.0 
-0.029 265.0 
-0.092 266.0 
-0.03 267.0 
-0.031 268.0 
-0.018 269.0 
-0.031 270.0 
-0.029 271.0 
-0.023 272.0 
-0.037 273.0 
-0.042 274.0 
144.43 275.0 
141.72 276.0 
140.494 277.0 
138.906 278.0 
137.212 279.0 
135.203 280.0 
133.358 281.0 
131.302 282.0 
127.611 283.0 
126.151 284.0 
125.848 285.0 
125.591 286.0 
125.404 287.0 
125.159 288.0 
124.89 289.0 
124.259 290.0 
124.143 291.0 
123.932 292.0 
123.757 293.0 
123.325 294.0 
123.197 295.0 
123.08 296.0 
122.986 297.0 
122.449 298.0 
122.239 299.0 
122.227 300.0 
121.69 301.0 
121.585 302.0 
121.094 303.0 
120.989 304.0 
120.814 305.0 
120.347 306.0 
119.062 307.0 
116.773 308.0 
114.005 309.0 
110.291 310.0 
106.635 311.0 
102.36 312.0 
98.331 313.0 
94.103 314.0 
90.237 315.0 
86.289 316.0 
82.692 317.0 
79.48 318.0 
79.305 319.0 
79.153 320.0 
79.001 321.0 
78.989 322.0 
78.872 323.0 
78.966 324.0 
78.919 325.0 
78.861 326.0 
78.954 327.0 
78.837 328.0 
78.837 329.0 
78.978 330.0 
78.896 331.0 
78.931 332.0 
78.954 333.0 
78.861 334.0 
78.826 335.0 
78.978 336.0 
78.919 337.0 
78.814 338.0 
79.094 339.0 
78.872 340.0 
78.872 341.0 
78.826 342.0 
78.942 343.0 
78.884 344.0 
78.872 345.0 
78.837 346.0 
78.826 347.0 
78.872 348.0 
78.942 349.0 
78.919 350.0 
78.884 351.0 
78.884 352.0 
78.837 353.0 
78.814 354.0 
78.849 355.0 
78.872 356.0 
78.931 357.0 
78.849 358.0 
78.954 359.0 
78.919 360.0 
78.931 361.0 
78.837 362.0 
78.861 363.0 
78.802 364.0 
78.814 365.0 
78.907 366.0 
78.884 367.0 
78.872 368.0 
78.837 369.0 
78.884 370.0 
78.896 371.0 
78.907 372.0 
78.919 373.0 
78.942 374.0 
78.966 375.0 
79.013 376.0 
78.802 377.0 
78.849 378.0 
78.837 379.0 
78.849 380.0 
78.849 381.0 
78.978 382.0 
78.849 383.0 
78.837 384.0 
78.849 385.0 
78.954 386.0 
78.837 387.0 
78.826 388.0 
78.919 389.0 
78.919 390.0 
78.896 391.0 
78.849 392.0 
78.954 393.0 
78.791 394.0 
78.919 395.0 
78.989 396.0 
78.814 397.0 
78.896 398.0 
78.779 399.0 
78.802 400.0 
78.942 401.0 
78.907 402.0 
78.954 403.0 
78.884 404.0 
78.849 405.0 
78.814 406.0 
78.872 407.0 
78.849 408.0 
78.872 409.0 
78.814 410.0 
78.907 411.0 
78.919 412.0 
79.211 413.0 
78.919 414.0 
78.837 415.0 
78.919 416.0 
78.837 417.0 
78.884 418.0 
78.919 419.0 
78.802 420.0 
78.849 421.0 
78.884 422.0 
78.931 423.0 
78.849 424.0 
78.861 425.0 
78.872 426.0 
78.919 427.0 
78.861 428.0 
78.872 429.0 
78.849 430.0 
78.896 431.0 
78.907 432.0 
78.942 433.0 
78.779 434.0 
78.826 435.0 
78.837 436.0 
78.884 437.0 
78.826 438.0 
78.802 439.0 
78.826 440.0 
78.849 441.0 
78.837 442.0 
78.861 443.0 
78.826 444.0 
78.837 445.0 
78.837 446.0 
78.919 447.0 
78.919 448.0 
78.907 449.0 
79.153 450.0 
78.861 451.0 
78.837 452.0 
78.814 453.0 
78.791 454.0 
78.896 455.0 
78.686 456.0 
78.849 457.0 
78.791 458.0 
78.884 459.0 
78.872 460.0 
78.861 461.0 
78.826 462.0 
78.931 463.0 
78.872 464.0 
78.849 465.0 
78.931 466.0 
78.872 467.0 
78.814 468.0 
78.896 469.0 
78.861 470.0 
78.861 471.0 
78.837 472.0 
78.744 473.0 
78.872 474.0 
78.978 475.0 
78.884 476.0 
78.802 477.0 
78.849 478.0 
78.791 479.0 
78.826 480.0 
78.931 481.0 
78.837 482.0 
78.884 483.0 
78.814 484.0 
78.884 485.0 
78.779 486.0 
78.791 487.0 
78.872 488.0 
78.861 489.0 
78.837 490.0 
78.884 491.0 
78.884 492.0 
78.849 493.0 
78.896 494.0 
78.814 495.0 
78.791 496.0 
78.884 497.0 
78.884 498.0 
78.767 499.0 
78.802 500.0 
78.884 501.0 
78.861 502.0 
78.744 503.0 
78.814 504.0 
78.826 505.0 
78.826 506.0 
78.779 507.0 
78.954 508.0 
78.791 509.0 
78.814 510.0 
78.837 511.0 
78.802 512.0 
78.884 513.0 
78.872 514.0 
78.872 515.0 
78.861 516.0 
78.884 517.0 
78.674 518.0 
78.686 519.0 
78.756 520.0 
78.744 521.0 
78.744 522.0 
78.744 523.0 
78.732 524.0 
78.732 525.0 
78.721 526.0 
78.709 527.0 
78.674 528.0 
78.686 529.0 
78.697 530.0 
78.697 531.0 
78.802 532.0 
78.791 533.0 
78.744 534.0 
78.744 535.0 
78.697 536.0 
78.65 537.0 
78.592 538.0 
78.545 539.0 
78.522 540.0 
78.627 541.0 
78.522 542.0 
78.545 543.0 
78.51 544.0 
78.475 545.0 
78.405 546.0 
78.545 547.0 
78.452 548.0 
78.429 549.0 
78.417 550.0 
78.335 551.0 
78.44 552.0 
78.405 553.0 
78.359 554.0 
78.382 555.0 
78.475 556.0 
78.394 557.0 
78.37 558.0 
77.973 559.0 
78.429 560.0 
78.37 561.0 
78.288 562.0 
78.429 563.0 
78.394 564.0 
78.253 565.0 
78.429 566.0 
78.44 567.0 
78.3 568.0 
78.44 569.0 
78.359 570.0 
78.405 571.0 
78.394 572.0 
78.323 573.0 
78.394 574.0 
78.347 575.0 
78.744 576.0 
78.382 577.0 
78.359 578.0 
78.475 579.0 
78.417 580.0 
78.51 581.0 
78.382 582.0 
78.452 583.0 
78.429 584.0 
77.95 585.0 
78.417 586.0 
78.335 587.0 
78.44 588.0 
78.359 589.0 
78.44 590.0 
78.382 591.0 
78.475 592.0 
78.394 593.0 
78.394 594.0 
78.394 595.0 
78.417 596.0 
78.394 597.0 
78.394 598.0 
78.37 599.0 
78.405 600.0 
78.51 601.0 
78.417 602.0 
78.499 603.0 
78.417 604.0 
78.464 605.0 
78.335 606.0 
78.417 607.0 
78.335 608.0 
78.405 609.0 
78.499 610.0 
78.417 611.0 
78.487 612.0 
78.394 613.0 
78.452 614.0 
78.347 615.0 
78.405 616.0 
78.475 617.0 
78.288 618.0 
78.429 619.0 
77.996 620.0 
78.382 621.0 
78.452 622.0 
78.359 623.0 
78.382 624.0 
78.475 625.0 
78.359 626.0 
78.429 627.0 
78.499 628.0 
78.359 629.0 
78.429 630.0 
78.522 631.0 
78.335 632.0 
78.429 633.0 
78.721 634.0 
78.382 635.0 
78.452 636.0 
78.51 637.0 
78.347 638.0 
78.429 639.0 
78.51 640.0 
78.323 641.0 
78.417 642.0 
78.475 643.0 
78.312 644.0 
78.37 645.0 
78.417 646.0 
78.51 647.0 
78.359 648.0 
78.417 649.0 
78.464 650.0 
78.323 651.0 
78.312 652.0 
78.429 653.0 
78.487 654.0 
78.37 655.0 
78.394 656.0 
78.417 657.0 
78.464 658.0 
78.347 659.0 
78.405 660.0 
78.44 661.0 
78.51 662.0 
78.335 663.0 
78.394 664.0 
78.452 665.0 
78.475 666.0 
78.347 667.0 
78.394 668.0 
78.417 669.0 
78.499 670.0 
78.323 671.0 
78.359 672.0 
78.417 673.0 
78.475 674.0 
78.487 675.0 
78.335 676.0 
78.394 677.0 
78.405 678.0 
78.429 679.0 
78.475 680.0 
78.323 681.0 
78.335 682.0 
78.429 683.0 
78.405 684.0 
78.464 685.0 
78.499 686.0 
78.312 687.0 
78.394 688.0 
78.44 689.0 
78.452 690.0 
78.452 691.0 
78.522 692.0 
78.359 693.0 
78.37 694.0 
78.394 695.0 
78.429 696.0 
78.44 697.0 
78.44 698.0 
78.207 699.0 
78.312 700.0 
78.335 701.0 
78.382 702.0 
78.405 703.0 
78.44 704.0 
78.394 705.0 
78.487 706.0 
78.312 707.0 
78.359 708.0 
78.359 709.0 
78.405 710.0 
78.44 711.0 
78.452 712.0 
78.464 713.0 
78.475 714.0 
78.3 715.0 
78.359 716.0 
78.335 717.0 
78.37 718.0 
78.394 719.0 
78.429 720.0 
78.405 721.0 
78.464 722.0 
78.475 723.0 
78.44 724.0 
78.499 725.0 
78.312 726.0 
78.335 727.0 
78.347 728.0 
78.382 729.0 
78.394 730.0 
78.405 731.0 
78.452 732.0 
78.464 733.0 
78.417 734.0 
78.464 735.0 
78.44 736.0 
78.475 737.0 
78.464 738.0 
78.172 739.0 
78.335 740.0 
78.335 741.0 
78.359 742.0 
78.359 743.0 
78.347 744.0 
78.323 745.0 
78.347 746.0 
78.37 747.0 
78.359 748.0 
78.382 749.0 
78.37 750.0 
78.382 751.0 
78.382 752.0 
78.382 753.0 
78.429 754.0 
78.417 755.0 
78.394 756.0 
78.382 757.0 
78.44 758.0 
78.417 759.0 
78.394 760.0 
78.394 761.0 
78.429 762.0 
78.405 763.0 
78.417 764.0 
78.405 765.0 
78.417 766.0 
78.429 767.0 
78.464 768.0 
78.417 769.0 
78.44 770.0 
78.429 771.0 
78.44 772.0 
78.429 773.0 
78.417 774.0 
78.394 775.0 
78.429 776.0 
78.405 777.0 
78.417 778.0 
78.429 779.0 
78.417 780.0 
78.394 781.0 
78.405 782.0 
78.394 783.0 
78.405 784.0 
78.44 785.0 
78.44 786.0 
78.394 787.0 
78.44 788.0 
78.44 789.0 
78.44 790.0 
78.382 791.0 
78.405 792.0 
78.405 793.0 
78.429 794.0 
78.464 795.0 
78.452 796.0 
78.405 797.0 
78.394 798.0 
78.394 799.0 
78.405 800.0 
78.417 801.0 
78.405 802.0 
78.429 803.0 
78.394 804.0 
0.005 805.0 
-0.004 806.0 
0.0 807.0 
0.0 808.0 
0.0 809.0 
-0.005 810.0 
-0.018 811.0 
-0.02 812.0 
-0.019 813.0 
-0.035 814.0 
-0.038 815.0 
-0.041 816.0 
-0.05 817.0 
-0.054 818.0 
-0.059 819.0 
-0.061 820.0 
-0.058 821.0 
-0.056 822.0 
-0.059 823.0 
-0.054 824.0 
-0.044 825.0 
-0.049 826.0 
-0.038 827.0 
-0.032 828.0 
-0.026 829.0 
