-0.056 257.0 
-0.046 258.0 
-0.046 259.0 
-0.037 260.0 
-0.043 261.0 
-0.052 262.0 
-0.043 263.0 
-0.013 264.0 
-0.017 265.0 
-0.044 266.0 
-0.04 267.0 
-0.037 268.0 
-0.032 269.0 
-0.024 270.0 
-0.058 271.0 
-0.047 272.0 
-0.054 273.0 
-0.026 274.0 
807.113 275.0 
801.659 276.0 
798.41 277.0 
792.259 278.0 
787.385 279.0 
782.859 280.0 
779.61 281.0 
776.593 282.0 
774.504 283.0 
770.558 284.0 
768.818 285.0 
766.961 286.0 
766.033 287.0 
765.22 288.0 
764.292 289.0 
763.363 290.0 
760.578 291.0 
759.766 292.0 
758.954 293.0 
759.07 294.0 
756.517 295.0 
756.401 296.0 
756.981 297.0 
754.196 298.0 
754.428 299.0 
754.892 300.0 
752.571 301.0 
752.803 302.0 
750.366 303.0 
751.41 304.0 
751.875 305.0 
750.366 306.0 
750.25 307.0 
748.625 308.0 
749.206 309.0 
747.465 310.0 
748.045 311.0 
746.304 312.0 
747.465 313.0 
745.492 314.0 
746.42 315.0 
745.956 316.0 
746.885 317.0 
745.376 318.0 
745.724 319.0 
745.028 320.0 
742.475 321.0 
745.028 322.0 
744.216 323.0 
744.912 324.0 
744.099 325.0 
747.117 326.0 
743.867 327.0 
743.055 328.0 
744.912 329.0 
744.216 330.0 
742.939 331.0 
743.635 332.0 
743.867 333.0 
742.939 334.0 
746.42 335.0 
743.751 336.0 
743.519 337.0 
742.707 338.0 
744.332 339.0 
743.403 340.0 
742.939 341.0 
742.823 342.0 
740.966 343.0 
743.403 344.0 
742.823 345.0 
742.591 346.0 
741.662 347.0 
741.662 348.0 
743.171 349.0 
742.939 350.0 
742.475 351.0 
742.707 352.0 
742.243 353.0 
740.618 354.0 
742.707 355.0 
742.591 356.0 
743.403 357.0 
742.475 358.0 
743.635 359.0 
742.591 360.0 
742.939 361.0 
742.243 362.0 
742.359 363.0 
742.127 364.0 
742.127 365.0 
742.243 366.0 
742.011 367.0 
741.895 368.0 
741.662 369.0 
742.011 370.0 
742.243 371.0 
742.011 372.0 
742.591 373.0 
742.707 374.0 
742.707 375.0 
745.26 376.0 
741.43 377.0 
742.011 378.0 
742.011 379.0 
741.895 380.0 
742.127 381.0 
743.403 382.0 
741.895 383.0 
741.895 384.0 
741.895 385.0 
742.475 386.0 
740.502 387.0 
740.966 388.0 
741.895 389.0 
742.011 390.0 
742.011 391.0 
741.546 392.0 
742.475 393.0 
740.966 394.0 
741.895 395.0 
742.939 396.0 
741.314 397.0 
742.127 398.0 
740.85 399.0 
741.546 400.0 
742.243 401.0 
742.127 402.0 
742.707 403.0 
742.359 404.0 
742.127 405.0 
741.082 406.0 
741.546 407.0 
741.43 408.0 
741.662 409.0 
741.198 410.0 
741.546 411.0 
742.011 412.0 
745.84 413.0 
742.243 414.0 
741.082 415.0 
741.895 416.0 
741.43 417.0 
742.823 418.0 
742.127 419.0 
740.966 420.0 
741.662 421.0 
742.243 422.0 
742.127 423.0 
741.662 424.0 
741.198 425.0 
741.895 426.0 
742.011 427.0 
741.546 428.0 
741.546 429.0 
741.546 430.0 
741.779 431.0 
742.011 432.0 
742.359 433.0 
741.082 434.0 
741.546 435.0 
741.895 436.0 
743.287 437.0 
741.082 438.0 
741.43 439.0 
741.546 440.0 
741.662 441.0 
741.43 442.0 
741.43 443.0 
741.43 444.0 
741.43 445.0 
741.198 446.0 
742.127 447.0 
741.779 448.0 
741.895 449.0 
744.099 450.0 
741.314 451.0 
741.314 452.0 
741.198 453.0 
740.734 454.0 
741.662 455.0 
741.546 456.0 
741.198 457.0 
741.314 458.0 
742.127 459.0 
742.127 460.0 
741.43 461.0 
741.43 462.0 
742.475 463.0 
741.662 464.0 
741.895 465.0 
742.243 466.0 
741.662 467.0 
740.85 468.0 
741.779 469.0 
741.198 470.0 
741.779 471.0 
741.546 472.0 
742.011 473.0 
741.314 474.0 
742.011 475.0 
742.011 476.0 
741.198 477.0 
741.662 478.0 
740.734 479.0 
741.662 480.0 
742.475 481.0 
741.314 482.0 
742.127 483.0 
741.662 484.0 
741.662 485.0 
740.85 486.0 
740.85 487.0 
742.127 488.0 
741.198 489.0 
741.198 490.0 
741.779 491.0 
741.546 492.0 
741.082 493.0 
741.43 494.0 
740.386 495.0 
740.502 496.0 
741.314 497.0 
741.662 498.0 
740.27 499.0 
740.618 500.0 
741.082 501.0 
741.546 502.0 
740.27 503.0 
740.386 504.0 
740.618 505.0 
740.502 506.0 
737.021 507.0 
741.314 508.0 
740.27 509.0 
740.154 510.0 
740.154 511.0 
740.502 512.0 
740.502 513.0 
740.85 514.0 
740.618 515.0 
741.198 516.0 
741.314 517.0 
739.69 518.0 
739.341 519.0 
740.038 520.0 
740.038 521.0 
739.922 522.0 
740.154 523.0 
740.154 524.0 
740.154 525.0 
739.922 526.0 
739.574 527.0 
739.341 528.0 
739.341 529.0 
739.109 530.0 
739.341 531.0 
740.734 532.0 
740.85 533.0 
740.038 534.0 
740.618 535.0 
740.502 536.0 
740.386 537.0 
740.154 538.0 
739.922 539.0 
739.574 540.0 
741.43 541.0 
740.618 542.0 
740.27 543.0 
740.386 544.0 
739.922 545.0 
739.458 546.0 
740.386 547.0 
740.386 548.0 
739.922 549.0 
739.69 550.0 
739.574 551.0 
740.386 552.0 
740.386 553.0 
739.574 554.0 
739.341 555.0 
740.734 556.0 
739.806 557.0 
739.806 558.0 
737.369 559.0 
740.386 560.0 
740.038 561.0 
739.109 562.0 
740.038 563.0 
740.154 564.0 
738.413 565.0 
740.502 566.0 
739.69 567.0 
739.109 568.0 
740.154 569.0 
739.341 570.0 
740.618 571.0 
739.922 572.0 
739.109 573.0 
739.341 574.0 
739.341 575.0 
740.502 576.0 
739.806 577.0 
740.154 578.0 
740.85 579.0 
739.922 580.0 
740.85 581.0 
740.386 582.0 
740.734 583.0 
740.386 584.0 
741.314 585.0 
740.502 586.0 
739.574 587.0 
740.502 588.0 
739.806 589.0 
740.386 590.0 
739.69 591.0 
740.27 592.0 
739.806 593.0 
740.038 594.0 
739.806 595.0 
740.618 596.0 
739.69 597.0 
740.618 598.0 
739.69 599.0 
740.502 600.0 
740.966 601.0 
740.386 602.0 
741.198 603.0 
740.27 604.0 
740.966 605.0 
739.458 606.0 
740.154 607.0 
739.458 608.0 
740.27 609.0 
740.85 610.0 
739.922 611.0 
740.85 612.0 
739.806 613.0 
740.502 614.0 
739.225 615.0 
740.27 616.0 
741.082 617.0 
738.993 618.0 
740.502 619.0 
736.672 620.0 
739.922 621.0 
740.502 622.0 
739.806 623.0 
740.386 624.0 
741.082 625.0 
739.806 626.0 
740.502 627.0 
740.85 628.0 
740.038 629.0 
740.27 630.0 
740.734 631.0 
739.225 632.0 
740.386 633.0 
741.198 634.0 
739.922 635.0 
740.502 636.0 
740.734 637.0 
739.806 638.0 
740.386 639.0 
740.966 640.0 
739.574 641.0 
740.038 642.0 
740.734 643.0 
739.458 644.0 
740.038 645.0 
740.154 646.0 
740.85 647.0 
739.69 648.0 
739.922 649.0 
740.618 650.0 
739.109 651.0 
739.922 652.0 
740.386 653.0 
740.502 654.0 
739.225 655.0 
739.922 656.0 
739.806 657.0 
740.734 658.0 
739.806 659.0 
740.038 660.0 
740.85 661.0 
741.314 662.0 
739.458 663.0 
740.27 664.0 
740.85 665.0 
740.734 666.0 
739.458 667.0 
740.27 668.0 
740.27 669.0 
740.734 670.0 
739.574 671.0 
740.038 672.0 
740.154 673.0 
740.27 674.0 
740.85 675.0 
739.574 676.0 
739.922 677.0 
740.386 678.0 
740.154 679.0 
740.966 680.0 
739.574 681.0 
740.038 682.0 
740.502 683.0 
740.618 684.0 
740.734 685.0 
740.85 686.0 
739.69 687.0 
739.574 688.0 
740.27 689.0 
740.734 690.0 
740.85 691.0 
741.082 692.0 
739.574 693.0 
739.458 694.0 
739.806 695.0 
740.386 696.0 
740.618 697.0 
740.27 698.0 
736.904 699.0 
739.574 700.0 
739.922 701.0 
740.154 702.0 
740.038 703.0 
740.502 704.0 
740.85 705.0 
740.85 706.0 
739.341 707.0 
739.458 708.0 
739.69 709.0 
740.154 710.0 
740.386 711.0 
740.27 712.0 
740.386 713.0 
740.734 714.0 
741.082 715.0 
739.458 716.0 
739.806 717.0 
739.806 718.0 
740.154 719.0 
740.038 720.0 
740.618 721.0 
740.85 722.0 
740.85 723.0 
740.85 724.0 
741.082 725.0 
739.574 726.0 
739.341 727.0 
739.574 728.0 
740.038 729.0 
740.038 730.0 
740.038 731.0 
740.154 732.0 
740.618 733.0 
740.502 734.0 
740.618 735.0 
740.618 736.0 
741.082 737.0 
741.082 738.0 
736.672 739.0 
739.574 740.0 
739.341 741.0 
739.574 742.0 
739.69 743.0 
739.922 744.0 
739.69 745.0 
739.574 746.0 
739.922 747.0 
739.806 748.0 
739.806 749.0 
739.806 750.0 
739.574 751.0 
740.154 752.0 
739.922 753.0 
740.154 754.0 
740.154 755.0 
740.038 756.0 
740.386 757.0 
740.154 758.0 
740.27 759.0 
740.27 760.0 
740.502 761.0 
740.502 762.0 
740.618 763.0 
740.734 764.0 
740.618 765.0 
740.038 766.0 
740.502 767.0 
740.27 768.0 
740.27 769.0 
740.27 770.0 
740.154 771.0 
740.154 772.0 
740.618 773.0 
740.502 774.0 
740.154 775.0 
740.618 776.0 
740.038 777.0 
740.502 778.0 
740.27 779.0 
740.502 780.0 
740.27 781.0 
740.154 782.0 
740.154 783.0 
740.502 784.0 
740.27 785.0 
739.922 786.0 
740.038 787.0 
739.922 788.0 
740.038 789.0 
740.27 790.0 
740.27 791.0 
740.038 792.0 
740.386 793.0 
739.922 794.0 
740.154 795.0 
740.27 796.0 
740.038 797.0 
740.154 798.0 
739.922 799.0 
740.154 800.0 
739.922 801.0 
739.922 802.0 
739.922 803.0 
740.502 804.0 
0.093 805.0 
0.114 806.0 
0.122 807.0 
0.144 808.0 
0.15 809.0 
0.157 810.0 
0.152 811.0 
0.149 812.0 
0.144 813.0 
0.132 814.0 
0.114 815.0 
0.099 816.0 
0.087 817.0 
0.074 818.0 
0.061 819.0 
0.04 820.0 
0.02 821.0 
0.001 822.0 
-0.004 823.0 
-0.014 824.0 
-0.029 825.0 
-0.044 826.0 
-0.059 827.0 
-0.074 828.0 
-0.084 829.0 
