-0.032 257.0 
-0.012 258.0 
-0.023 259.0 
-0.022 260.0 
-0.035 261.0 
-0.035 262.0 
-0.03 263.0 
-0.031 264.0 
-0.037 265.0 
-0.081 266.0 
-0.036 267.0 
-0.032 268.0 
-0.017 269.0 
-0.025 270.0 
-0.022 271.0 
-0.026 272.0 
-0.016 273.0 
-0.035 274.0 
136.535 275.0 
134.199 276.0 
133.264 277.0 
132.166 278.0 
130.999 279.0 
129.562 280.0 
128.149 281.0 
126.35 282.0 
123.313 283.0 
122.099 284.0 
121.853 285.0 
121.585 286.0 
121.456 287.0 
121.304 288.0 
121.141 289.0 
120.534 290.0 
120.464 291.0 
120.358 292.0 
120.242 293.0 
120.008 294.0 
119.809 295.0 
119.704 296.0 
119.693 297.0 
119.214 298.0 
119.109 299.0 
119.097 300.0 
118.595 301.0 
118.606 302.0 
118.151 303.0 
118.128 304.0 
117.917 305.0 
117.474 306.0 
116.446 307.0 
114.6 308.0 
112.44 309.0 
109.228 310.0 
106.214 311.0 
102.465 312.0 
98.926 313.0 
94.885 314.0 
90.739 315.0 
86.441 316.0 
82.645 317.0 
79.924 318.0 
79.76 319.0 
79.55 320.0 
79.48 321.0 
79.421 322.0 
79.305 323.0 
79.363 324.0 
79.328 325.0 
79.246 326.0 
79.316 327.0 
79.27 328.0 
80.005 329.0 
79.34 330.0 
79.281 331.0 
79.55 332.0 
79.386 333.0 
79.27 334.0 
79.223 335.0 
79.316 336.0 
79.328 337.0 
79.223 338.0 
79.503 339.0 
79.281 340.0 
79.27 341.0 
79.258 342.0 
79.316 343.0 
79.305 344.0 
79.258 345.0 
79.258 346.0 
79.223 347.0 
79.246 348.0 
79.351 349.0 
79.293 350.0 
79.258 351.0 
79.351 352.0 
79.258 353.0 
79.188 354.0 
79.234 355.0 
79.305 356.0 
79.316 357.0 
79.281 358.0 
79.328 359.0 
79.328 360.0 
79.293 361.0 
79.246 362.0 
79.281 363.0 
79.199 364.0 
79.234 365.0 
79.281 366.0 
79.293 367.0 
79.246 368.0 
79.246 369.0 
79.27 370.0 
79.27 371.0 
79.293 372.0 
79.305 373.0 
79.328 374.0 
79.34 375.0 
79.421 376.0 
79.211 377.0 
79.246 378.0 
79.246 379.0 
79.246 380.0 
79.246 381.0 
79.328 382.0 
79.246 383.0 
79.246 384.0 
79.246 385.0 
79.328 386.0 
79.234 387.0 
79.223 388.0 
79.281 389.0 
79.27 390.0 
79.27 391.0 
79.281 392.0 
79.351 393.0 
79.211 394.0 
79.293 395.0 
79.328 396.0 
79.211 397.0 
79.27 398.0 
79.153 399.0 
79.176 400.0 
79.305 401.0 
79.27 402.0 
79.34 403.0 
79.305 404.0 
79.211 405.0 
79.211 406.0 
79.293 407.0 
79.223 408.0 
79.27 409.0 
79.199 410.0 
79.258 411.0 
79.328 412.0 
79.772 413.0 
79.305 414.0 
79.234 415.0 
79.246 416.0 
79.176 417.0 
79.258 418.0 
79.234 419.0 
79.199 420.0 
79.258 421.0 
79.258 422.0 
79.293 423.0 
79.199 424.0 
79.246 425.0 
79.246 426.0 
79.328 427.0 
79.223 428.0 
79.223 429.0 
79.199 430.0 
79.246 431.0 
79.258 432.0 
79.328 433.0 
79.188 434.0 
79.199 435.0 
79.211 436.0 
79.246 437.0 
79.199 438.0 
79.106 439.0 
79.234 440.0 
79.199 441.0 
79.211 442.0 
79.223 443.0 
79.199 444.0 
79.199 445.0 
79.176 446.0 
79.305 447.0 
79.328 448.0 
79.293 449.0 
79.655 450.0 
79.199 451.0 
79.211 452.0 
79.188 453.0 
79.153 454.0 
79.27 455.0 
79.094 456.0 
79.176 457.0 
79.164 458.0 
79.258 459.0 
79.293 460.0 
79.211 461.0 
79.176 462.0 
79.27 463.0 
79.223 464.0 
79.199 465.0 
79.305 466.0 
79.211 467.0 
79.176 468.0 
79.246 469.0 
79.199 470.0 
79.199 471.0 
79.223 472.0 
79.129 473.0 
79.223 474.0 
79.316 475.0 
79.223 476.0 
79.164 477.0 
79.188 478.0 
79.118 479.0 
79.223 480.0 
79.305 481.0 
79.188 482.0 
79.281 483.0 
79.188 484.0 
79.246 485.0 
79.153 486.0 
79.199 487.0 
79.293 488.0 
79.199 489.0 
79.188 490.0 
79.281 491.0 
79.223 492.0 
79.234 493.0 
79.281 494.0 
79.188 495.0 
79.129 496.0 
79.223 497.0 
79.258 498.0 
79.129 499.0 
79.188 500.0 
79.234 501.0 
79.258 502.0 
79.118 503.0 
79.164 504.0 
79.176 505.0 
79.211 506.0 
79.176 507.0 
79.27 508.0 
79.129 509.0 
79.129 510.0 
79.153 511.0 
79.188 512.0 
79.211 513.0 
79.234 514.0 
79.234 515.0 
79.258 516.0 
79.62 517.0 
79.071 518.0 
79.106 519.0 
79.118 520.0 
79.094 521.0 
79.083 522.0 
79.106 523.0 
79.141 524.0 
79.118 525.0 
79.118 526.0 
79.118 527.0 
79.059 528.0 
79.083 529.0 
79.024 530.0 
79.036 531.0 
79.141 532.0 
79.141 533.0 
79.118 534.0 
79.106 535.0 
79.094 536.0 
79.036 537.0 
78.954 538.0 
78.907 539.0 
78.884 540.0 
79.013 541.0 
78.919 542.0 
78.919 543.0 
78.872 544.0 
78.861 545.0 
78.814 546.0 
78.942 547.0 
78.849 548.0 
78.802 549.0 
78.767 550.0 
78.732 551.0 
78.837 552.0 
78.802 553.0 
78.756 554.0 
78.709 555.0 
78.849 556.0 
78.756 557.0 
78.732 558.0 
78.382 559.0 
78.814 560.0 
78.767 561.0 
78.697 562.0 
78.802 563.0 
78.744 564.0 
78.65 565.0 
78.826 566.0 
78.791 567.0 
78.709 568.0 
78.802 569.0 
78.721 570.0 
78.837 571.0 
78.732 572.0 
78.686 573.0 
78.779 574.0 
78.732 575.0 
78.802 576.0 
78.767 577.0 
78.744 578.0 
78.837 579.0 
78.767 580.0 
78.849 581.0 
78.802 582.0 
78.872 583.0 
78.861 584.0 
78.51 585.0 
78.814 586.0 
78.709 587.0 
78.849 588.0 
78.732 589.0 
78.826 590.0 
78.744 591.0 
78.791 592.0 
78.732 593.0 
78.791 594.0 
78.732 595.0 
78.744 596.0 
78.732 597.0 
78.826 598.0 
78.732 599.0 
78.814 600.0 
78.896 601.0 
78.779 602.0 
78.849 603.0 
78.791 604.0 
78.849 605.0 
78.732 606.0 
78.849 607.0 
78.732 608.0 
78.802 609.0 
78.861 610.0 
78.779 611.0 
78.849 612.0 
78.756 613.0 
78.849 614.0 
78.709 615.0 
78.732 616.0 
78.849 617.0 
78.662 618.0 
78.814 619.0 
78.534 620.0 
78.756 621.0 
78.826 622.0 
78.732 623.0 
78.756 624.0 
78.907 625.0 
78.709 626.0 
78.802 627.0 
78.849 628.0 
78.756 629.0 
78.814 630.0 
78.872 631.0 
78.732 632.0 
78.814 633.0 
79.083 634.0 
78.756 635.0 
78.791 636.0 
78.884 637.0 
78.744 638.0 
78.837 639.0 
78.861 640.0 
78.697 641.0 
78.709 642.0 
78.802 643.0 
78.709 644.0 
78.767 645.0 
78.837 646.0 
78.849 647.0 
78.732 648.0 
78.767 649.0 
78.837 650.0 
78.709 651.0 
78.697 652.0 
78.791 653.0 
78.861 654.0 
78.709 655.0 
78.744 656.0 
78.756 657.0 
78.826 658.0 
78.744 659.0 
78.802 660.0 
78.826 661.0 
78.849 662.0 
78.721 663.0 
78.779 664.0 
78.849 665.0 
78.896 666.0 
78.732 667.0 
78.756 668.0 
78.814 669.0 
78.861 670.0 
78.721 671.0 
78.744 672.0 
78.802 673.0 
78.814 674.0 
78.872 675.0 
78.697 676.0 
78.756 677.0 
78.779 678.0 
78.767 679.0 
78.861 680.0 
78.674 681.0 
78.697 682.0 
78.756 683.0 
78.802 684.0 
78.814 685.0 
78.849 686.0 
78.744 687.0 
78.744 688.0 
78.779 689.0 
78.802 690.0 
78.837 691.0 
78.872 692.0 
78.709 693.0 
78.756 694.0 
78.779 695.0 
78.802 696.0 
78.826 697.0 
78.826 698.0 
78.569 699.0 
78.709 700.0 
78.767 701.0 
78.767 702.0 
78.767 703.0 
78.791 704.0 
78.779 705.0 
78.849 706.0 
78.709 707.0 
78.732 708.0 
78.744 709.0 
78.767 710.0 
78.802 711.0 
78.837 712.0 
78.826 713.0 
78.849 714.0 
78.767 715.0 
78.709 716.0 
78.756 717.0 
78.732 718.0 
78.767 719.0 
78.802 720.0 
78.779 721.0 
78.791 722.0 
78.849 723.0 
78.814 724.0 
78.884 725.0 
78.697 726.0 
78.697 727.0 
78.756 728.0 
78.732 729.0 
78.767 730.0 
78.779 731.0 
78.791 732.0 
78.779 733.0 
78.814 734.0 
78.837 735.0 
78.779 736.0 
78.826 737.0 
78.849 738.0 
78.615 739.0 
78.674 740.0 
78.686 741.0 
78.662 742.0 
78.697 743.0 
78.732 744.0 
78.744 745.0 
78.721 746.0 
78.732 747.0 
78.697 748.0 
78.744 749.0 
78.756 750.0 
78.732 751.0 
78.756 752.0 
78.779 753.0 
78.779 754.0 
78.779 755.0 
78.709 756.0 
78.767 757.0 
78.756 758.0 
78.779 759.0 
78.791 760.0 
78.814 761.0 
78.767 762.0 
78.779 763.0 
78.767 764.0 
78.814 765.0 
78.814 766.0 
78.791 767.0 
78.767 768.0 
78.791 769.0 
78.802 770.0 
78.802 771.0 
78.814 772.0 
78.802 773.0 
78.802 774.0 
78.826 775.0 
78.791 776.0 
78.791 777.0 
78.791 778.0 
78.791 779.0 
78.779 780.0 
78.802 781.0 
78.779 782.0 
78.791 783.0 
78.767 784.0 
78.767 785.0 
78.791 786.0 
78.802 787.0 
78.802 788.0 
78.802 789.0 
78.779 790.0 
78.814 791.0 
78.791 792.0 
78.802 793.0 
78.814 794.0 
78.802 795.0 
78.779 796.0 
78.779 797.0 
78.791 798.0 
78.802 799.0 
78.826 800.0 
78.767 801.0 
78.779 802.0 
78.814 803.0 
78.837 804.0 
0.012 805.0 
0.011 806.0 
0.007 807.0 
0.011 808.0 
0.007 809.0 
0.006 810.0 
-0.001 811.0 
0.001 812.0 
0.002 813.0 
-0.002 814.0 
-0.006 815.0 
-0.002 816.0 
-0.012 817.0 
-0.011 818.0 
-0.006 819.0 
-0.013 820.0 
-0.013 821.0 
-0.012 822.0 
-0.01 823.0 
-0.014 824.0 
-0.01 825.0 
-0.012 826.0 
-0.006 827.0 
-0.01 828.0 
-0.007 829.0 
