-0.026 257.0 
-0.041 258.0 
-0.035 259.0 
-0.025 260.0 
-0.025 261.0 
-0.029 262.0 
-0.064 263.0 
-0.026 264.0 
-0.037 265.0 
-0.023 266.0 
-0.012 267.0 
-0.032 268.0 
-0.04 269.0 
-0.016 270.0 
-0.017 271.0 
-0.02 272.0 
-0.036 273.0 
-0.043 274.0 
148.273 275.0 
145.072 276.0 
144.021 277.0 
142.445 278.0 
140.599 279.0 
138.17 280.0 
136.149 281.0 
133.545 282.0 
129.679 283.0 
128.102 284.0 
127.74 285.0 
127.413 286.0 
127.226 287.0 
126.922 288.0 
126.677 289.0 
126.07 290.0 
125.953 291.0 
125.731 292.0 
125.544 293.0 
125.462 294.0 
124.902 295.0 
124.797 296.0 
124.727 297.0 
124.154 298.0 
124.002 299.0 
123.944 300.0 
123.407 301.0 
123.395 302.0 
122.846 303.0 
122.753 304.0 
122.706 305.0 
122.075 306.0 
121.012 307.0 
118.793 308.0 
116.271 309.0 
112.907 310.0 
109.531 311.0 
105.63 312.0 
101.788 313.0 
97.466 314.0 
93.449 315.0 
89.232 316.0 
85.53 317.0 
82.213 318.0 
82.038 319.0 
81.827 320.0 
81.769 321.0 
81.699 322.0 
81.582 323.0 
81.617 324.0 
81.535 325.0 
81.43 326.0 
81.547 327.0 
81.454 328.0 
81.664 329.0 
81.57 330.0 
81.477 331.0 
81.769 332.0 
81.57 333.0 
81.512 334.0 
81.57 335.0 
81.559 336.0 
81.57 337.0 
81.454 338.0 
81.617 339.0 
81.512 340.0 
81.524 341.0 
81.547 342.0 
81.057 343.0 
81.5 344.0 
81.5 345.0 
81.465 346.0 
81.454 347.0 
81.407 348.0 
81.559 349.0 
81.547 350.0 
81.489 351.0 
81.547 352.0 
81.535 353.0 
81.454 354.0 
81.594 355.0 
81.559 356.0 
81.582 357.0 
81.5 358.0 
81.629 359.0 
81.559 360.0 
81.605 361.0 
81.547 362.0 
81.535 363.0 
81.465 364.0 
81.489 365.0 
81.547 366.0 
81.524 367.0 
81.489 368.0 
81.465 369.0 
81.512 370.0 
81.512 371.0 
81.535 372.0 
81.547 373.0 
81.594 374.0 
81.617 375.0 
81.851 376.0 
81.454 377.0 
81.535 378.0 
81.535 379.0 
81.535 380.0 
81.489 381.0 
81.617 382.0 
81.524 383.0 
81.489 384.0 
81.489 385.0 
81.57 386.0 
81.5 387.0 
81.43 388.0 
81.512 389.0 
81.5 390.0 
81.489 391.0 
81.489 392.0 
81.582 393.0 
81.43 394.0 
81.512 395.0 
81.64 396.0 
81.454 397.0 
81.535 398.0 
81.419 399.0 
81.43 400.0 
81.594 401.0 
81.559 402.0 
81.57 403.0 
81.559 404.0 
81.512 405.0 
81.43 406.0 
81.512 407.0 
81.465 408.0 
81.5 409.0 
81.442 410.0 
81.477 411.0 
81.582 412.0 
81.874 413.0 
81.57 414.0 
81.5 415.0 
81.524 416.0 
81.454 417.0 
81.57 418.0 
81.535 419.0 
81.454 420.0 
81.535 421.0 
81.535 422.0 
81.582 423.0 
81.454 424.0 
81.477 425.0 
81.5 426.0 
81.512 427.0 
81.454 428.0 
81.454 429.0 
81.419 430.0 
81.512 431.0 
81.559 432.0 
81.57 433.0 
81.442 434.0 
81.454 435.0 
81.524 436.0 
81.594 437.0 
81.395 438.0 
81.465 439.0 
81.524 440.0 
81.465 441.0 
81.465 442.0 
81.489 443.0 
81.465 444.0 
81.454 445.0 
81.442 446.0 
81.57 447.0 
81.512 448.0 
81.535 449.0 
81.5 450.0 
81.465 451.0 
81.442 452.0 
81.442 453.0 
81.407 454.0 
81.524 455.0 
81.465 456.0 
81.489 457.0 
81.454 458.0 
81.535 459.0 
81.57 460.0 
81.5 461.0 
81.465 462.0 
81.594 463.0 
81.489 464.0 
81.512 465.0 
81.57 466.0 
81.5 467.0 
81.395 468.0 
81.535 469.0 
81.465 470.0 
81.465 471.0 
81.5 472.0 
81.535 473.0 
81.489 474.0 
81.582 475.0 
81.535 476.0 
81.43 477.0 
81.512 478.0 
81.419 479.0 
81.465 480.0 
81.57 481.0 
81.489 482.0 
81.57 483.0 
81.442 484.0 
81.512 485.0 
81.419 486.0 
81.395 487.0 
81.559 488.0 
81.489 489.0 
81.477 490.0 
81.524 491.0 
81.477 492.0 
81.489 493.0 
81.512 494.0 
81.454 495.0 
81.372 496.0 
81.5 497.0 
81.559 498.0 
81.395 499.0 
81.442 500.0 
81.512 501.0 
81.524 502.0 
81.395 503.0 
81.419 504.0 
81.43 505.0 
81.465 506.0 
81.489 507.0 
81.57 508.0 
81.384 509.0 
81.419 510.0 
81.454 511.0 
81.454 512.0 
81.477 513.0 
81.489 514.0 
81.512 515.0 
81.5 516.0 
81.746 517.0 
81.302 518.0 
81.313 519.0 
81.36 520.0 
81.407 521.0 
81.36 522.0 
81.372 523.0 
81.36 524.0 
81.337 525.0 
81.36 526.0 
81.337 527.0 
81.243 528.0 
81.313 529.0 
81.255 530.0 
81.29 531.0 
81.384 532.0 
81.384 533.0 
81.395 534.0 
81.372 535.0 
81.325 536.0 
81.278 537.0 
81.127 538.0 
81.162 539.0 
81.138 540.0 
81.255 541.0 
81.15 542.0 
81.173 543.0 
81.08 544.0 
81.068 545.0 
80.998 546.0 
81.115 547.0 
81.103 548.0 
81.033 549.0 
80.986 550.0 
80.916 551.0 
81.01 552.0 
80.998 553.0 
80.94 554.0 
80.916 555.0 
81.033 556.0 
80.975 557.0 
80.928 558.0 
80.659 559.0 
81.01 560.0 
80.963 561.0 
80.893 562.0 
81.01 563.0 
80.928 564.0 
80.823 565.0 
80.986 566.0 
81.033 567.0 
80.846 568.0 
80.998 569.0 
80.928 570.0 
81.033 571.0 
80.963 572.0 
80.893 573.0 
80.986 574.0 
80.916 575.0 
80.998 576.0 
80.94 577.0 
80.916 578.0 
81.033 579.0 
80.975 580.0 
81.08 581.0 
81.033 582.0 
81.045 583.0 
80.986 584.0 
81.08 585.0 
81.021 586.0 
80.893 587.0 
81.021 588.0 
80.94 589.0 
81.021 590.0 
80.94 591.0 
81.01 592.0 
80.928 593.0 
81.021 594.0 
80.94 595.0 
80.998 596.0 
80.963 597.0 
81.033 598.0 
80.916 599.0 
81.033 600.0 
81.08 601.0 
81.01 602.0 
81.092 603.0 
80.951 604.0 
81.045 605.0 
80.94 606.0 
81.01 607.0 
80.905 608.0 
80.975 609.0 
81.08 610.0 
80.998 611.0 
81.021 612.0 
80.94 613.0 
81.045 614.0 
80.928 615.0 
80.975 616.0 
81.068 617.0 
80.928 618.0 
81.057 619.0 
80.636 620.0 
80.951 621.0 
81.021 622.0 
80.94 623.0 
80.986 624.0 
81.057 625.0 
80.905 626.0 
81.01 627.0 
81.068 628.0 
80.928 629.0 
80.998 630.0 
81.057 631.0 
80.893 632.0 
81.01 633.0 
81.068 634.0 
80.963 635.0 
81.033 636.0 
81.045 637.0 
80.963 638.0 
80.998 639.0 
81.057 640.0 
80.905 641.0 
80.986 642.0 
81.033 643.0 
80.893 644.0 
80.975 645.0 
81.01 646.0 
81.068 647.0 
80.916 648.0 
80.963 649.0 
81.033 650.0 
80.881 651.0 
80.951 652.0 
80.986 653.0 
81.057 654.0 
80.881 655.0 
80.963 656.0 
80.986 657.0 
81.057 658.0 
80.94 659.0 
80.986 660.0 
81.068 661.0 
81.103 662.0 
80.916 663.0 
80.986 664.0 
80.998 665.0 
81.068 666.0 
80.916 667.0 
80.963 668.0 
80.986 669.0 
81.033 670.0 
80.905 671.0 
80.905 672.0 
80.963 673.0 
80.998 674.0 
81.057 675.0 
80.916 676.0 
80.963 677.0 
80.975 678.0 
80.986 679.0 
81.045 680.0 
80.916 681.0 
80.951 682.0 
80.975 683.0 
80.986 684.0 
81.057 685.0 
81.057 686.0 
80.881 687.0 
80.916 688.0 
80.986 689.0 
80.986 690.0 
81.068 691.0 
81.068 692.0 
80.916 693.0 
80.951 694.0 
80.986 695.0 
81.01 696.0 
81.021 697.0 
80.998 698.0 
80.811 699.0 
80.916 700.0 
80.951 701.0 
80.986 702.0 
80.998 703.0 
80.975 704.0 
81.033 705.0 
81.057 706.0 
80.905 707.0 
80.928 708.0 
80.928 709.0 
80.986 710.0 
81.01 711.0 
81.01 712.0 
80.998 713.0 
81.092 714.0 
81.092 715.0 
80.905 716.0 
80.928 717.0 
80.951 718.0 
80.951 719.0 
80.963 720.0 
81.01 721.0 
81.033 722.0 
81.033 723.0 
81.045 724.0 
81.057 725.0 
80.905 726.0 
80.905 727.0 
80.94 728.0 
80.94 729.0 
80.963 730.0 
80.986 731.0 
80.951 732.0 
81.01 733.0 
81.033 734.0 
81.021 735.0 
81.033 736.0 
81.08 737.0 
81.08 738.0 
80.706 739.0 
80.905 740.0 
80.905 741.0 
80.905 742.0 
80.916 743.0 
80.905 744.0 
80.928 745.0 
80.916 746.0 
80.905 747.0 
80.893 748.0 
80.905 749.0 
80.963 750.0 
80.951 751.0 
80.951 752.0 
80.94 753.0 
80.951 754.0 
80.963 755.0 
80.986 756.0 
80.975 757.0 
81.01 758.0 
81.01 759.0 
80.975 760.0 
80.975 761.0 
81.021 762.0 
81.01 763.0 
80.998 764.0 
80.998 765.0 
80.986 766.0 
81.01 767.0 
80.986 768.0 
80.998 769.0 
80.986 770.0 
80.998 771.0 
80.975 772.0 
81.01 773.0 
81.01 774.0 
81.033 775.0 
80.986 776.0 
80.998 777.0 
80.998 778.0 
80.975 779.0 
81.01 780.0 
81.01 781.0 
80.998 782.0 
80.986 783.0 
81.01 784.0 
80.998 785.0 
80.998 786.0 
80.998 787.0 
80.998 788.0 
80.986 789.0 
80.975 790.0 
80.975 791.0 
80.975 792.0 
80.975 793.0 
81.021 794.0 
81.021 795.0 
80.998 796.0 
81.01 797.0 
81.021 798.0 
80.986 799.0 
80.986 800.0 
80.986 801.0 
81.021 802.0 
81.01 803.0 
80.975 804.0 
0.006 805.0 
0.007 806.0 
0.0 807.0 
0.0 808.0 
0.0 809.0 
0.001 810.0 
-0.001 811.0 
-0.001 812.0 
0.0 813.0 
0.0 814.0 
-0.002 815.0 
-0.001 816.0 
0.004 817.0 
-0.002 818.0 
-0.013 819.0 
-0.004 820.0 
-0.006 821.0 
-0.008 822.0 
-0.008 823.0 
-0.016 824.0 
-0.013 825.0 
-0.018 826.0 
-0.022 827.0 
-0.02 828.0 
-0.025 829.0 
