-0.034 257.0 
-0.02 258.0 
-0.018 259.0 
-0.018 260.0 
-0.002 261.0 
-0.035 262.0 
-0.03 263.0 
-0.008 264.0 
-0.038 265.0 
-0.02 266.0 
-0.01 267.0 
-0.018 268.0 
-0.022 269.0 
-0.008 270.0 
0.0 271.0 
-0.012 272.0 
-0.037 273.0 
-0.018 274.0 
126.443 275.0 
124.773 276.0 
124.353 277.0 
123.839 278.0 
123.489 279.0 
123.056 280.0 
122.566 281.0 
121.842 282.0 
120.884 283.0 
120.639 284.0 
120.569 285.0 
120.534 286.0 
120.604 287.0 
120.58 288.0 
120.569 289.0 
120.545 290.0 
120.242 291.0 
120.183 292.0 
120.172 293.0 
120.277 294.0 
119.961 295.0 
119.961 296.0 
120.113 297.0 
119.763 298.0 
119.751 299.0 
119.821 300.0 
119.506 301.0 
119.588 302.0 
119.237 303.0 
119.284 304.0 
119.319 305.0 
118.606 306.0 
116.644 307.0 
113.362 308.0 
109.777 309.0 
105.537 310.0 
100.912 311.0 
94.815 312.0 
86.896 313.0 
76.77 314.0 
66.866 315.0 
57.394 316.0 
49.206 317.0 
42.607 318.0 
42.14 319.0 
41.977 320.0 
41.276 321.0 
41.883 322.0 
41.871 323.0 
41.895 324.0 
41.871 325.0 
42.047 326.0 
41.895 327.0 
41.86 328.0 
41.93 329.0 
41.883 330.0 
41.883 331.0 
41.906 332.0 
41.883 333.0 
41.871 334.0 
42.0 335.0 
41.883 336.0 
41.883 337.0 
41.848 338.0 
41.906 339.0 
41.883 340.0 
41.848 341.0 
41.871 342.0 
41.614 343.0 
41.86 344.0 
41.895 345.0 
41.86 346.0 
41.836 347.0 
41.871 348.0 
41.895 349.0 
41.906 350.0 
41.871 351.0 
41.883 352.0 
41.836 353.0 
41.661 354.0 
41.918 355.0 
41.895 356.0 
41.906 357.0 
41.883 358.0 
41.895 359.0 
41.895 360.0 
41.918 361.0 
41.86 362.0 
41.895 363.0 
41.848 364.0 
41.871 365.0 
41.883 366.0 
41.895 367.0 
41.86 368.0 
41.883 369.0 
41.883 370.0 
41.918 371.0 
41.895 372.0 
41.906 373.0 
41.895 374.0 
41.906 375.0 
41.906 376.0 
41.766 377.0 
41.883 378.0 
41.871 379.0 
41.86 380.0 
41.871 381.0 
41.941 382.0 
41.871 383.0 
41.871 384.0 
41.86 385.0 
41.906 386.0 
41.743 387.0 
41.825 388.0 
41.918 389.0 
41.93 390.0 
41.918 391.0 
41.871 392.0 
41.918 393.0 
41.836 394.0 
41.883 395.0 
41.953 396.0 
41.848 397.0 
41.883 398.0 
41.801 399.0 
41.86 400.0 
41.871 401.0 
41.883 402.0 
41.941 403.0 
41.836 404.0 
41.871 405.0 
41.825 406.0 
41.86 407.0 
41.883 408.0 
41.883 409.0 
41.836 410.0 
41.871 411.0 
41.918 412.0 
41.93 413.0 
41.918 414.0 
41.778 415.0 
41.883 416.0 
41.883 417.0 
42.082 418.0 
41.86 419.0 
41.848 420.0 
41.848 421.0 
41.871 422.0 
41.918 423.0 
41.86 424.0 
41.86 425.0 
41.86 426.0 
41.906 427.0 
41.86 428.0 
41.836 429.0 
41.871 430.0 
41.895 431.0 
41.941 432.0 
41.93 433.0 
41.848 434.0 
41.871 435.0 
41.953 436.0 
42.117 437.0 
41.848 438.0 
41.86 439.0 
41.825 440.0 
41.836 441.0 
41.848 442.0 
41.86 443.0 
41.883 444.0 
41.883 445.0 
41.836 446.0 
41.918 447.0 
41.918 448.0 
41.918 449.0 
42.128 450.0 
41.871 451.0 
41.86 452.0 
41.871 453.0 
41.86 454.0 
41.871 455.0 
41.86 456.0 
41.871 457.0 
41.848 458.0 
41.895 459.0 
41.93 460.0 
41.883 461.0 
41.86 462.0 
41.906 463.0 
41.906 464.0 
41.941 465.0 
41.906 466.0 
41.86 467.0 
41.79 468.0 
41.895 469.0 
41.86 470.0 
41.918 471.0 
41.836 472.0 
41.93 473.0 
41.883 474.0 
41.906 475.0 
41.883 476.0 
41.836 477.0 
41.86 478.0 
41.825 479.0 
41.86 480.0 
41.895 481.0 
41.86 482.0 
41.918 483.0 
41.86 484.0 
41.883 485.0 
41.871 486.0 
41.871 487.0 
41.895 488.0 
41.871 489.0 
41.871 490.0 
41.906 491.0 
41.941 492.0 
41.86 493.0 
41.883 494.0 
41.836 495.0 
41.871 496.0 
41.871 497.0 
41.918 498.0 
41.848 499.0 
41.801 500.0 
41.86 501.0 
41.883 502.0 
41.801 503.0 
41.848 504.0 
41.86 505.0 
41.883 506.0 
41.451 507.0 
41.883 508.0 
41.825 509.0 
41.836 510.0 
41.86 511.0 
41.883 512.0 
41.871 513.0 
41.871 514.0 
41.871 515.0 
41.871 516.0 
41.883 517.0 
41.755 518.0 
41.778 519.0 
41.836 520.0 
41.836 521.0 
41.813 522.0 
41.836 523.0 
41.836 524.0 
41.86 525.0 
41.825 526.0 
41.836 527.0 
41.825 528.0 
41.825 529.0 
41.766 530.0 
41.813 531.0 
41.906 532.0 
41.848 533.0 
41.836 534.0 
41.895 535.0 
41.871 536.0 
41.86 537.0 
41.848 538.0 
41.836 539.0 
41.825 540.0 
41.883 541.0 
41.883 542.0 
41.871 543.0 
41.836 544.0 
41.836 545.0 
41.801 546.0 
41.86 547.0 
41.883 548.0 
41.86 549.0 
41.825 550.0 
41.649 551.0 
41.871 552.0 
41.836 553.0 
41.801 554.0 
41.813 555.0 
41.883 556.0 
41.825 557.0 
41.813 558.0 
41.883 559.0 
41.86 560.0 
41.836 561.0 
41.743 562.0 
41.883 563.0 
41.825 564.0 
41.673 565.0 
41.836 566.0 
41.965 567.0 
41.79 568.0 
41.836 569.0 
41.801 570.0 
41.883 571.0 
41.836 572.0 
41.79 573.0 
41.778 574.0 
41.801 575.0 
41.848 576.0 
41.836 577.0 
41.836 578.0 
41.871 579.0 
41.848 580.0 
41.86 581.0 
41.836 582.0 
41.883 583.0 
41.871 584.0 
41.883 585.0 
41.871 586.0 
41.813 587.0 
41.871 588.0 
41.825 589.0 
41.836 590.0 
41.848 591.0 
41.825 592.0 
41.813 593.0 
41.86 594.0 
41.801 595.0 
41.86 596.0 
41.801 597.0 
41.848 598.0 
41.813 599.0 
41.86 600.0 
41.86 601.0 
41.825 602.0 
41.883 603.0 
41.86 604.0 
41.895 605.0 
41.848 606.0 
41.86 607.0 
41.79 608.0 
41.86 609.0 
41.895 610.0 
41.848 611.0 
41.918 612.0 
41.86 613.0 
41.86 614.0 
41.801 615.0 
41.848 616.0 
41.883 617.0 
41.825 618.0 
41.86 619.0 
41.206 620.0 
41.836 621.0 
41.848 622.0 
41.848 623.0 
41.848 624.0 
41.895 625.0 
41.813 626.0 
41.836 627.0 
41.86 628.0 
41.813 629.0 
41.848 630.0 
41.895 631.0 
41.801 632.0 
41.883 633.0 
41.895 634.0 
41.825 635.0 
41.871 636.0 
41.848 637.0 
41.813 638.0 
41.86 639.0 
41.871 640.0 
41.825 641.0 
41.813 642.0 
41.86 643.0 
41.813 644.0 
41.848 645.0 
41.86 646.0 
41.895 647.0 
41.813 648.0 
41.801 649.0 
41.871 650.0 
41.79 651.0 
41.813 652.0 
41.86 653.0 
41.883 654.0 
41.801 655.0 
41.836 656.0 
41.801 657.0 
41.871 658.0 
41.813 659.0 
41.836 660.0 
41.86 661.0 
41.895 662.0 
41.766 663.0 
41.836 664.0 
41.883 665.0 
41.906 666.0 
41.848 667.0 
41.825 668.0 
41.883 669.0 
41.871 670.0 
41.836 671.0 
41.825 672.0 
41.825 673.0 
41.766 674.0 
41.906 675.0 
41.825 676.0 
41.801 677.0 
41.813 678.0 
41.79 679.0 
41.883 680.0 
41.801 681.0 
41.801 682.0 
41.86 683.0 
41.871 684.0 
41.86 685.0 
41.86 686.0 
41.825 687.0 
41.848 688.0 
41.848 689.0 
41.848 690.0 
41.871 691.0 
41.86 692.0 
41.766 693.0 
41.813 694.0 
41.836 695.0 
41.86 696.0 
41.836 697.0 
41.86 698.0 
41.287 699.0 
41.801 700.0 
41.836 701.0 
41.813 702.0 
41.825 703.0 
41.778 704.0 
41.895 705.0 
41.883 706.0 
41.801 707.0 
41.836 708.0 
41.825 709.0 
41.836 710.0 
41.86 711.0 
41.871 712.0 
41.848 713.0 
41.86 714.0 
41.883 715.0 
41.79 716.0 
41.79 717.0 
41.813 718.0 
41.825 719.0 
41.848 720.0 
41.836 721.0 
41.836 722.0 
41.825 723.0 
41.883 724.0 
41.86 725.0 
41.813 726.0 
41.755 727.0 
41.801 728.0 
41.813 729.0 
41.825 730.0 
41.836 731.0 
41.848 732.0 
41.836 733.0 
41.825 734.0 
41.871 735.0 
41.871 736.0 
41.871 737.0 
41.871 738.0 
41.871 739.0 
41.813 740.0 
41.79 741.0 
41.79 742.0 
41.825 743.0 
41.79 744.0 
41.825 745.0 
41.801 746.0 
41.825 747.0 
41.79 748.0 
41.825 749.0 
41.836 750.0 
41.848 751.0 
41.825 752.0 
41.825 753.0 
41.836 754.0 
41.871 755.0 
41.825 756.0 
41.825 757.0 
41.825 758.0 
41.848 759.0 
41.86 760.0 
41.86 761.0 
41.871 762.0 
41.86 763.0 
41.848 764.0 
41.86 765.0 
41.825 766.0 
41.848 767.0 
41.848 768.0 
41.871 769.0 
41.848 770.0 
41.871 771.0 
41.871 772.0 
41.848 773.0 
41.86 774.0 
41.871 775.0 
41.848 776.0 
41.86 777.0 
41.836 778.0 
41.883 779.0 
41.848 780.0 
41.836 781.0 
41.825 782.0 
41.848 783.0 
41.848 784.0 
41.848 785.0 
41.848 786.0 
41.86 787.0 
41.848 788.0 
41.848 789.0 
41.825 790.0 
41.883 791.0 
41.86 792.0 
41.836 793.0 
41.825 794.0 
41.848 795.0 
41.836 796.0 
41.848 797.0 
41.86 798.0 
41.836 799.0 
41.836 800.0 
41.836 801.0 
41.86 802.0 
41.836 803.0 
41.836 804.0 
0.007 805.0 
0.005 806.0 
0.001 807.0 
0.001 808.0 
0.001 809.0 
-0.001 810.0 
0.002 811.0 
-0.002 812.0 
-0.006 813.0 
-0.01 814.0 
-0.001 815.0 
-0.005 816.0 
-0.008 817.0 
-0.005 818.0 
-0.01 819.0 
-0.004 820.0 
-0.006 821.0 
-0.005 822.0 
-0.004 823.0 
-0.006 824.0 
-0.006 825.0 
0.004 826.0 
-0.001 827.0 
-0.004 828.0 
0.002 829.0 
