-0.052 257.0 
-0.035 258.0 
-0.054 259.0 
-0.053 260.0 
-0.02 261.0 
-0.03 262.0 
-0.024 263.0 
-0.038 264.0 
-0.038 265.0 
-0.017 266.0 
-0.065 267.0 
-0.038 268.0 
-0.042 269.0 
-0.049 270.0 
-0.05 271.0 
-0.032 272.0 
-0.05 273.0 
-0.052 274.0 
144.126 275.0 
140.541 276.0 
139.56 277.0 
138.24 278.0 
136.92 279.0 
135.18 280.0 
133.661 281.0 
131.606 282.0 
128.581 283.0 
127.203 284.0 
126.899 285.0 
126.607 286.0 
126.479 287.0 
126.233 288.0 
125.965 289.0 
125.311 290.0 
125.194 291.0 
124.995 292.0 
124.855 293.0 
124.75 294.0 
124.236 295.0 
124.108 296.0 
124.084 297.0 
123.547 298.0 
123.372 299.0 
123.302 300.0 
122.834 301.0 
122.799 302.0 
122.262 303.0 
122.157 304.0 
122.052 305.0 
121.468 306.0 
120.428 307.0 
118.396 308.0 
115.92 309.0 
112.451 310.0 
108.947 311.0 
104.976 312.0 
101.064 313.0 
96.497 314.0 
92.386 315.0 
88.193 316.0 
84.49 317.0 
81.384 318.0 
81.197 319.0 
80.998 320.0 
80.823 321.0 
80.835 322.0 
80.706 323.0 
80.718 324.0 
80.694 325.0 
80.578 326.0 
80.694 327.0 
80.601 328.0 
80.811 329.0 
80.706 330.0 
80.601 331.0 
80.706 332.0 
80.718 333.0 
80.636 334.0 
80.648 335.0 
80.706 336.0 
80.718 337.0 
80.613 338.0 
80.753 339.0 
80.648 340.0 
80.683 341.0 
80.624 342.0 
80.741 343.0 
80.648 344.0 
80.624 345.0 
80.601 346.0 
80.578 347.0 
80.613 348.0 
80.683 349.0 
80.624 350.0 
80.636 351.0 
80.683 352.0 
80.671 353.0 
80.554 354.0 
80.729 355.0 
80.671 356.0 
80.706 357.0 
80.671 358.0 
80.683 359.0 
80.694 360.0 
80.729 361.0 
80.683 362.0 
80.636 363.0 
80.578 364.0 
80.578 365.0 
80.648 366.0 
80.648 367.0 
80.578 368.0 
80.601 369.0 
80.636 370.0 
80.659 371.0 
80.659 372.0 
80.671 373.0 
80.683 374.0 
80.706 375.0 
80.986 376.0 
80.543 377.0 
80.636 378.0 
80.648 379.0 
80.648 380.0 
80.636 381.0 
80.741 382.0 
80.659 383.0 
80.601 384.0 
80.601 385.0 
80.706 386.0 
80.636 387.0 
80.566 388.0 
80.683 389.0 
80.659 390.0 
80.648 391.0 
80.613 392.0 
80.683 393.0 
80.578 394.0 
80.683 395.0 
80.753 396.0 
80.589 397.0 
80.671 398.0 
80.519 399.0 
80.624 400.0 
80.694 401.0 
80.694 402.0 
80.729 403.0 
80.659 404.0 
80.613 405.0 
80.566 406.0 
80.636 407.0 
80.589 408.0 
80.601 409.0 
80.554 410.0 
80.648 411.0 
80.683 412.0 
81.033 413.0 
80.671 414.0 
80.624 415.0 
80.659 416.0 
80.601 417.0 
80.718 418.0 
80.683 419.0 
80.613 420.0 
80.659 421.0 
80.671 422.0 
80.753 423.0 
80.601 424.0 
80.531 425.0 
80.671 426.0 
80.624 427.0 
80.566 428.0 
80.624 429.0 
80.636 430.0 
80.671 431.0 
80.683 432.0 
80.729 433.0 
80.566 434.0 
80.613 435.0 
80.624 436.0 
80.718 437.0 
80.566 438.0 
80.589 439.0 
80.613 440.0 
80.624 441.0 
80.601 442.0 
80.624 443.0 
80.636 444.0 
80.613 445.0 
80.601 446.0 
80.671 447.0 
80.659 448.0 
80.613 449.0 
80.613 450.0 
80.613 451.0 
80.578 452.0 
80.578 453.0 
80.531 454.0 
80.671 455.0 
80.624 456.0 
80.601 457.0 
80.578 458.0 
80.636 459.0 
80.706 460.0 
80.624 461.0 
80.624 462.0 
80.718 463.0 
80.671 464.0 
80.659 465.0 
80.694 466.0 
80.613 467.0 
80.554 468.0 
80.636 469.0 
80.601 470.0 
80.566 471.0 
80.601 472.0 
80.508 473.0 
80.636 474.0 
80.718 475.0 
80.624 476.0 
80.566 477.0 
80.648 478.0 
80.543 479.0 
80.648 480.0 
80.694 481.0 
80.636 482.0 
80.683 483.0 
80.578 484.0 
80.648 485.0 
80.531 486.0 
80.543 487.0 
80.671 488.0 
80.578 489.0 
80.636 490.0 
80.648 491.0 
80.613 492.0 
80.578 493.0 
80.671 494.0 
80.589 495.0 
80.566 496.0 
80.636 497.0 
80.683 498.0 
80.554 499.0 
80.589 500.0 
80.636 501.0 
80.671 502.0 
80.519 503.0 
80.543 504.0 
80.578 505.0 
80.601 506.0 
80.566 507.0 
80.636 508.0 
80.519 509.0 
80.508 510.0 
80.554 511.0 
80.589 512.0 
80.613 513.0 
80.613 514.0 
80.624 515.0 
80.659 516.0 
80.881 517.0 
80.437 518.0 
80.496 519.0 
80.496 520.0 
80.508 521.0 
80.508 522.0 
80.508 523.0 
80.484 524.0 
80.484 525.0 
80.496 526.0 
80.519 527.0 
80.391 528.0 
80.437 529.0 
80.402 530.0 
80.414 531.0 
80.519 532.0 
80.543 533.0 
80.461 534.0 
80.461 535.0 
80.437 536.0 
80.367 537.0 
80.321 538.0 
80.297 539.0 
80.274 540.0 
80.367 541.0 
80.227 542.0 
80.251 543.0 
80.181 544.0 
80.181 545.0 
80.11 546.0 
80.262 547.0 
80.157 548.0 
80.145 549.0 
80.052 550.0 
79.982 551.0 
80.145 552.0 
80.099 553.0 
80.064 554.0 
80.017 555.0 
80.157 556.0 
80.087 557.0 
80.04 558.0 
79.713 559.0 
80.087 560.0 
80.087 561.0 
80.017 562.0 
80.099 563.0 
79.982 564.0 
79.97 565.0 
80.11 566.0 
80.087 567.0 
79.959 568.0 
80.017 569.0 
80.005 570.0 
80.134 571.0 
80.064 572.0 
79.982 573.0 
80.052 574.0 
80.04 575.0 
80.473 576.0 
80.04 577.0 
80.052 578.0 
80.145 579.0 
80.075 580.0 
80.204 581.0 
80.11 582.0 
80.145 583.0 
80.11 584.0 
79.854 585.0 
80.157 586.0 
80.005 587.0 
80.11 588.0 
80.04 589.0 
80.134 590.0 
80.017 591.0 
80.11 592.0 
80.029 593.0 
80.134 594.0 
80.052 595.0 
80.11 596.0 
80.04 597.0 
80.064 598.0 
79.994 599.0 
80.087 600.0 
80.192 601.0 
80.087 602.0 
80.181 603.0 
80.064 604.0 
80.134 605.0 
80.04 606.0 
80.134 607.0 
80.017 608.0 
80.099 609.0 
80.192 610.0 
80.087 611.0 
80.157 612.0 
80.052 613.0 
80.087 614.0 
80.005 615.0 
80.075 616.0 
80.192 617.0 
79.994 618.0 
80.122 619.0 
79.924 620.0 
80.087 621.0 
80.169 622.0 
80.005 623.0 
80.075 624.0 
80.204 625.0 
80.052 626.0 
80.099 627.0 
80.181 628.0 
80.052 629.0 
80.11 630.0 
80.157 631.0 
80.005 632.0 
80.11 633.0 
80.414 634.0 
80.029 635.0 
80.122 636.0 
80.181 637.0 
80.052 638.0 
80.11 639.0 
80.181 640.0 
80.064 641.0 
80.029 642.0 
80.169 643.0 
80.005 644.0 
80.029 645.0 
80.11 646.0 
80.157 647.0 
80.064 648.0 
80.04 649.0 
80.122 650.0 
79.947 651.0 
79.97 652.0 
80.075 653.0 
80.157 654.0 
80.005 655.0 
80.099 656.0 
80.099 657.0 
80.157 658.0 
80.017 659.0 
80.087 660.0 
80.134 661.0 
80.157 662.0 
80.04 663.0 
80.099 664.0 
80.145 665.0 
80.181 666.0 
80.005 667.0 
80.087 668.0 
80.099 669.0 
80.134 670.0 
80.005 671.0 
80.052 672.0 
80.075 673.0 
80.11 674.0 
80.134 675.0 
80.017 676.0 
80.099 677.0 
80.087 678.0 
80.145 679.0 
80.169 680.0 
80.04 681.0 
80.064 682.0 
80.075 683.0 
80.11 684.0 
80.145 685.0 
80.181 686.0 
79.947 687.0 
80.064 688.0 
80.064 689.0 
80.122 690.0 
80.134 691.0 
80.134 692.0 
79.994 693.0 
80.017 694.0 
80.087 695.0 
80.087 696.0 
80.11 697.0 
80.134 698.0 
79.947 699.0 
80.052 700.0 
80.064 701.0 
80.087 702.0 
80.075 703.0 
80.11 704.0 
80.11 705.0 
80.169 706.0 
79.994 707.0 
80.017 708.0 
80.052 709.0 
79.994 710.0 
80.122 711.0 
80.145 712.0 
80.145 713.0 
80.157 714.0 
79.959 715.0 
80.017 716.0 
79.994 717.0 
80.04 718.0 
80.075 719.0 
80.11 720.0 
80.11 721.0 
80.134 722.0 
80.11 723.0 
80.169 724.0 
80.169 725.0 
80.005 726.0 
80.005 727.0 
80.017 728.0 
80.04 729.0 
80.064 730.0 
80.075 731.0 
80.099 732.0 
80.087 733.0 
80.145 734.0 
80.157 735.0 
80.145 736.0 
80.169 737.0 
80.169 738.0 
79.982 739.0 
79.982 740.0 
80.029 741.0 
80.005 742.0 
80.005 743.0 
80.005 744.0 
80.005 745.0 
80.005 746.0 
80.052 747.0 
80.04 748.0 
80.04 749.0 
80.04 750.0 
80.075 751.0 
80.087 752.0 
80.075 753.0 
80.075 754.0 
80.087 755.0 
80.075 756.0 
80.099 757.0 
80.064 758.0 
80.099 759.0 
80.087 760.0 
80.087 761.0 
80.11 762.0 
80.11 763.0 
80.075 764.0 
80.099 765.0 
80.11 766.0 
80.099 767.0 
80.064 768.0 
80.11 769.0 
80.122 770.0 
80.099 771.0 
80.11 772.0 
80.11 773.0 
80.099 774.0 
80.11 775.0 
80.122 776.0 
80.075 777.0 
80.064 778.0 
80.11 779.0 
80.11 780.0 
80.11 781.0 
80.134 782.0 
80.099 783.0 
80.087 784.0 
80.064 785.0 
80.11 786.0 
80.11 787.0 
80.099 788.0 
80.075 789.0 
80.087 790.0 
80.099 791.0 
80.064 792.0 
80.099 793.0 
80.11 794.0 
80.122 795.0 
80.099 796.0 
80.099 797.0 
80.075 798.0 
80.075 799.0 
80.087 800.0 
80.087 801.0 
80.075 802.0 
80.064 803.0 
80.064 804.0 
0.008 805.0 
0.006 806.0 
0.006 807.0 
0.005 808.0 
0.006 809.0 
-0.002 810.0 
-0.001 811.0 
-0.004 812.0 
0.0 813.0 
-0.002 814.0 
0.0 815.0 
0.01 816.0 
0.005 817.0 
0.0 818.0 
-0.006 819.0 
-0.017 820.0 
-0.012 821.0 
-0.011 822.0 
-0.004 823.0 
-0.012 824.0 
-0.011 825.0 
-0.017 826.0 
-0.014 827.0 
-0.022 828.0 
-0.025 829.0 
