-0.064 257.0 
-0.042 258.0 
-0.044 259.0 
-0.035 260.0 
-0.049 261.0 
-0.065 262.0 
-0.056 263.0 
-0.046 264.0 
-0.019 265.0 
-0.034 266.0 
-0.059 267.0 
-0.061 268.0 
-0.029 269.0 
-0.042 270.0 
-0.042 271.0 
-0.038 272.0 
-0.02 273.0 
-0.046 274.0 
146.124 275.0 
143.344 276.0 
142.339 277.0 
140.891 278.0 
139.361 279.0 
137.376 280.0 
135.647 281.0 
133.556 282.0 
130.309 283.0 
128.686 284.0 
128.371 285.0 
128.009 286.0 
127.752 287.0 
127.448 288.0 
127.191 289.0 
126.502 290.0 
126.408 291.0 
126.14 292.0 
125.93 293.0 
125.497 294.0 
125.205 295.0 
125.042 296.0 
124.925 297.0 
124.423 298.0 
124.166 299.0 
124.061 300.0 
123.442 301.0 
123.313 302.0 
122.753 303.0 
122.648 304.0 
122.507 305.0 
121.853 306.0 
120.65 307.0 
118.314 308.0 
115.546 309.0 
111.926 310.0 
108.025 311.0 
103.645 312.0 
99.347 313.0 
94.944 314.0 
90.902 315.0 
86.674 316.0 
83.112 317.0 
80.496 318.0 
80.332 319.0 
80.134 320.0 
80.005 321.0 
80.005 322.0 
79.865 323.0 
79.912 324.0 
79.854 325.0 
79.76 326.0 
79.83 327.0 
79.795 328.0 
79.994 329.0 
79.9 330.0 
79.818 331.0 
80.262 332.0 
79.924 333.0 
79.807 334.0 
79.877 335.0 
79.877 336.0 
79.854 337.0 
79.807 338.0 
80.274 339.0 
79.865 340.0 
79.83 341.0 
79.807 342.0 
79.982 343.0 
79.83 344.0 
79.807 345.0 
79.76 346.0 
79.76 347.0 
79.795 348.0 
79.889 349.0 
79.83 350.0 
79.795 351.0 
79.877 352.0 
79.807 353.0 
79.725 354.0 
79.912 355.0 
79.865 356.0 
79.912 357.0 
79.842 358.0 
79.9 359.0 
79.865 360.0 
79.912 361.0 
79.818 362.0 
79.865 363.0 
79.748 364.0 
79.795 365.0 
79.842 366.0 
79.854 367.0 
79.818 368.0 
79.807 369.0 
79.83 370.0 
79.854 371.0 
79.877 372.0 
79.877 373.0 
79.9 374.0 
79.935 375.0 
80.169 376.0 
79.748 377.0 
79.83 378.0 
79.842 379.0 
79.83 380.0 
79.83 381.0 
79.912 382.0 
79.818 383.0 
79.795 384.0 
79.807 385.0 
79.9 386.0 
79.795 387.0 
79.772 388.0 
79.854 389.0 
79.818 390.0 
79.854 391.0 
79.795 392.0 
79.935 393.0 
79.772 394.0 
79.83 395.0 
79.912 396.0 
79.783 397.0 
79.889 398.0 
79.713 399.0 
79.795 400.0 
79.889 401.0 
79.83 402.0 
79.9 403.0 
79.842 404.0 
79.818 405.0 
79.76 406.0 
79.807 407.0 
79.783 408.0 
79.854 409.0 
79.76 410.0 
79.818 411.0 
79.889 412.0 
80.297 413.0 
79.9 414.0 
79.772 415.0 
79.854 416.0 
79.76 417.0 
79.877 418.0 
79.877 419.0 
79.737 420.0 
79.842 421.0 
79.854 422.0 
79.9 423.0 
79.783 424.0 
79.795 425.0 
79.865 426.0 
79.854 427.0 
79.76 428.0 
79.818 429.0 
79.748 430.0 
79.83 431.0 
79.9 432.0 
79.877 433.0 
79.76 434.0 
79.772 435.0 
79.83 436.0 
79.9 437.0 
79.772 438.0 
79.748 439.0 
79.818 440.0 
79.818 441.0 
79.76 442.0 
79.795 443.0 
79.772 444.0 
79.807 445.0 
79.748 446.0 
79.877 447.0 
79.889 448.0 
79.842 449.0 
80.157 450.0 
79.783 451.0 
79.818 452.0 
79.748 453.0 
79.748 454.0 
79.842 455.0 
79.854 456.0 
79.818 457.0 
79.783 458.0 
79.877 459.0 
79.935 460.0 
79.818 461.0 
79.748 462.0 
79.865 463.0 
79.795 464.0 
79.818 465.0 
79.877 466.0 
79.818 467.0 
79.76 468.0 
79.854 469.0 
79.795 470.0 
79.76 471.0 
79.818 472.0 
79.783 473.0 
79.842 474.0 
79.889 475.0 
79.783 476.0 
79.737 477.0 
79.807 478.0 
79.748 479.0 
79.818 480.0 
79.889 481.0 
79.783 482.0 
79.877 483.0 
79.737 484.0 
79.854 485.0 
79.748 486.0 
79.772 487.0 
79.854 488.0 
79.748 489.0 
79.818 490.0 
79.865 491.0 
79.807 492.0 
79.807 493.0 
79.865 494.0 
79.737 495.0 
79.783 496.0 
79.83 497.0 
79.865 498.0 
79.748 499.0 
79.783 500.0 
79.807 501.0 
79.842 502.0 
79.713 503.0 
79.748 504.0 
79.748 505.0 
79.783 506.0 
79.748 507.0 
79.818 508.0 
79.702 509.0 
79.725 510.0 
79.76 511.0 
79.807 512.0 
79.807 513.0 
79.818 514.0 
79.807 515.0 
79.655 516.0 
80.157 517.0 
79.632 518.0 
79.725 519.0 
79.69 520.0 
79.69 521.0 
79.667 522.0 
79.702 523.0 
79.667 524.0 
79.69 525.0 
79.678 526.0 
79.62 527.0 
79.655 528.0 
79.62 529.0 
79.608 530.0 
79.608 531.0 
79.737 532.0 
79.713 533.0 
79.667 534.0 
79.643 535.0 
79.62 536.0 
79.573 537.0 
79.491 538.0 
79.48 539.0 
79.468 540.0 
79.562 541.0 
79.421 542.0 
79.456 543.0 
79.421 544.0 
79.351 545.0 
79.293 546.0 
79.41 547.0 
79.398 548.0 
79.34 549.0 
79.293 550.0 
79.199 551.0 
79.316 552.0 
79.27 553.0 
79.246 554.0 
79.246 555.0 
79.351 556.0 
79.281 557.0 
79.246 558.0 
78.861 559.0 
79.316 560.0 
79.281 561.0 
79.164 562.0 
79.305 563.0 
79.211 564.0 
79.188 565.0 
79.316 566.0 
79.27 567.0 
79.199 568.0 
79.176 569.0 
79.234 570.0 
79.351 571.0 
79.258 572.0 
79.211 573.0 
79.293 574.0 
79.234 575.0 
79.678 576.0 
79.258 577.0 
79.258 578.0 
79.351 579.0 
79.281 580.0 
79.375 581.0 
79.27 582.0 
79.34 583.0 
79.293 584.0 
78.989 585.0 
79.328 586.0 
79.27 587.0 
79.351 588.0 
79.27 589.0 
79.305 590.0 
79.223 591.0 
79.328 592.0 
79.293 593.0 
79.351 594.0 
79.281 595.0 
79.305 596.0 
79.258 597.0 
79.281 598.0 
79.223 599.0 
79.328 600.0 
79.398 601.0 
79.293 602.0 
79.351 603.0 
79.27 604.0 
79.351 605.0 
79.211 606.0 
79.316 607.0 
79.258 608.0 
79.316 609.0 
79.363 610.0 
79.27 611.0 
79.351 612.0 
79.258 613.0 
79.34 614.0 
79.199 615.0 
79.281 616.0 
79.386 617.0 
79.188 618.0 
79.316 619.0 
79.094 620.0 
79.281 621.0 
79.316 622.0 
79.211 623.0 
79.246 624.0 
79.386 625.0 
79.234 626.0 
79.293 627.0 
79.386 628.0 
79.234 629.0 
79.305 630.0 
79.41 631.0 
79.234 632.0 
79.328 633.0 
79.597 634.0 
79.27 635.0 
79.281 636.0 
79.41 637.0 
79.258 638.0 
79.305 639.0 
79.375 640.0 
79.234 641.0 
79.234 642.0 
79.351 643.0 
79.199 644.0 
79.258 645.0 
79.328 646.0 
79.375 647.0 
79.258 648.0 
79.258 649.0 
79.351 650.0 
79.199 651.0 
79.223 652.0 
79.316 653.0 
79.398 654.0 
79.223 655.0 
79.223 656.0 
79.293 657.0 
79.363 658.0 
79.246 659.0 
79.328 660.0 
79.34 661.0 
79.316 662.0 
79.246 663.0 
79.293 664.0 
79.328 665.0 
79.351 666.0 
79.234 667.0 
79.281 668.0 
79.305 669.0 
79.398 670.0 
79.199 671.0 
79.258 672.0 
79.305 673.0 
79.375 674.0 
79.351 675.0 
79.234 676.0 
79.246 677.0 
79.27 678.0 
79.328 679.0 
79.398 680.0 
79.211 681.0 
79.246 682.0 
79.305 683.0 
79.305 684.0 
79.34 685.0 
79.41 686.0 
79.129 687.0 
79.258 688.0 
79.281 689.0 
79.316 690.0 
79.363 691.0 
79.375 692.0 
79.246 693.0 
79.246 694.0 
79.258 695.0 
79.293 696.0 
79.305 697.0 
79.375 698.0 
79.141 699.0 
79.234 700.0 
79.234 701.0 
79.27 702.0 
79.293 703.0 
79.316 704.0 
79.316 705.0 
79.363 706.0 
79.211 707.0 
79.234 708.0 
79.258 709.0 
79.223 710.0 
79.293 711.0 
79.328 712.0 
79.398 713.0 
79.375 714.0 
79.199 715.0 
79.223 716.0 
79.164 717.0 
79.293 718.0 
79.281 719.0 
79.305 720.0 
79.305 721.0 
79.351 722.0 
79.293 723.0 
79.375 724.0 
79.351 725.0 
79.199 726.0 
79.188 727.0 
79.223 728.0 
79.246 729.0 
79.27 730.0 
79.281 731.0 
79.281 732.0 
79.328 733.0 
79.328 734.0 
79.34 735.0 
79.363 736.0 
79.375 737.0 
79.375 738.0 
79.188 739.0 
79.199 740.0 
79.223 741.0 
79.164 742.0 
79.199 743.0 
79.199 744.0 
79.234 745.0 
79.223 746.0 
79.246 747.0 
79.258 748.0 
79.223 749.0 
79.246 750.0 
79.246 751.0 
79.27 752.0 
79.27 753.0 
79.281 754.0 
79.281 755.0 
79.258 756.0 
79.293 757.0 
79.258 758.0 
79.316 759.0 
79.293 760.0 
79.293 761.0 
79.293 762.0 
79.27 763.0 
79.293 764.0 
79.281 765.0 
79.293 766.0 
79.258 767.0 
79.281 768.0 
79.293 769.0 
79.316 770.0 
79.281 771.0 
79.34 772.0 
79.305 773.0 
79.316 774.0 
79.316 775.0 
79.316 776.0 
79.305 777.0 
79.316 778.0 
79.328 779.0 
79.328 780.0 
79.293 781.0 
79.281 782.0 
79.328 783.0 
79.305 784.0 
79.293 785.0 
79.281 786.0 
79.258 787.0 
79.305 788.0 
79.316 789.0 
79.293 790.0 
79.293 791.0 
79.305 792.0 
79.316 793.0 
79.27 794.0 
79.305 795.0 
79.281 796.0 
79.27 797.0 
79.305 798.0 
79.293 799.0 
79.27 800.0 
79.281 801.0 
79.27 802.0 
79.281 803.0 
79.305 804.0 
0.0 805.0 
-0.006 806.0 
0.0 807.0 
-0.004 808.0 
0.005 809.0 
-0.002 810.0 
-0.018 811.0 
-0.028 812.0 
-0.03 813.0 
-0.031 814.0 
-0.041 815.0 
-0.041 816.0 
-0.043 817.0 
-0.049 818.0 
-0.053 819.0 
-0.056 820.0 
-0.055 821.0 
-0.06 822.0 
-0.053 823.0 
-0.05 824.0 
-0.054 825.0 
-0.05 826.0 
-0.054 827.0 
-0.05 828.0 
-0.044 829.0 
