-0.02 257.0 
-0.042 258.0 
-0.131 259.0 
-0.042 260.0 
-0.05 261.0 
-0.007 262.0 
-0.038 263.0 
-0.035 264.0 
-0.032 265.0 
-0.04 266.0 
-0.03 267.0 
-0.035 268.0 
-0.017 269.0 
-0.029 270.0 
-0.016 271.0 
-0.03 272.0 
-0.041 273.0 
-0.044 274.0 
137.936 275.0 
136.079 276.0 
135.413 277.0 
134.374 278.0 
133.218 279.0 
131.793 280.0 
130.531 281.0 
128.219 282.0 
125.369 283.0 
124.236 284.0 
123.909 285.0 
123.699 286.0 
123.605 287.0 
123.372 288.0 
123.197 289.0 
122.601 290.0 
122.554 291.0 
122.391 292.0 
122.169 293.0 
121.97 294.0 
121.702 295.0 
121.585 296.0 
121.491 297.0 
121.012 298.0 
120.907 299.0 
120.861 300.0 
120.37 301.0 
120.335 302.0 
119.786 303.0 
119.693 304.0 
119.552 305.0 
118.712 306.0 
116.831 307.0 
113.818 308.0 
110.945 309.0 
107.359 310.0 
103.913 311.0 
100.118 312.0 
96.509 313.0 
92.783 314.0 
89.349 315.0 
85.962 316.0 
82.692 317.0 
79.854 318.0 
79.737 319.0 
79.456 320.0 
79.246 321.0 
79.246 322.0 
79.106 323.0 
79.129 324.0 
79.036 325.0 
78.931 326.0 
79.059 327.0 
78.966 328.0 
79.118 329.0 
79.036 330.0 
78.989 331.0 
79.316 332.0 
79.071 333.0 
78.942 334.0 
78.978 335.0 
79.071 336.0 
79.036 337.0 
78.896 338.0 
79.258 339.0 
78.966 340.0 
79.001 341.0 
78.978 342.0 
79.071 343.0 
79.024 344.0 
78.966 345.0 
78.966 346.0 
78.954 347.0 
78.931 348.0 
79.036 349.0 
79.024 350.0 
78.989 351.0 
79.036 352.0 
78.954 353.0 
78.896 354.0 
79.071 355.0 
78.989 356.0 
79.059 357.0 
78.978 358.0 
79.071 359.0 
78.989 360.0 
79.048 361.0 
78.978 362.0 
78.966 363.0 
78.954 364.0 
78.954 365.0 
79.001 366.0 
79.024 367.0 
78.907 368.0 
78.966 369.0 
78.989 370.0 
79.024 371.0 
79.024 372.0 
79.024 373.0 
79.036 374.0 
79.048 375.0 
79.328 376.0 
78.942 377.0 
78.978 378.0 
78.989 379.0 
79.001 380.0 
78.978 381.0 
79.094 382.0 
78.978 383.0 
78.954 384.0 
78.966 385.0 
79.059 386.0 
78.954 387.0 
78.919 388.0 
79.001 389.0 
79.024 390.0 
79.024 391.0 
78.978 392.0 
79.048 393.0 
78.907 394.0 
78.966 395.0 
79.059 396.0 
78.919 397.0 
79.036 398.0 
78.884 399.0 
78.907 400.0 
79.024 401.0 
79.024 402.0 
79.106 403.0 
79.001 404.0 
78.978 405.0 
78.919 406.0 
79.013 407.0 
78.954 408.0 
78.989 409.0 
78.919 410.0 
78.978 411.0 
79.059 412.0 
79.059 413.0 
79.036 414.0 
78.954 415.0 
78.989 416.0 
78.896 417.0 
79.001 418.0 
79.013 419.0 
78.931 420.0 
78.989 421.0 
79.013 422.0 
79.024 423.0 
78.966 424.0 
78.989 425.0 
79.024 426.0 
79.048 427.0 
78.931 428.0 
78.966 429.0 
78.978 430.0 
79.001 431.0 
79.013 432.0 
79.013 433.0 
78.907 434.0 
78.907 435.0 
78.942 436.0 
79.059 437.0 
78.907 438.0 
78.896 439.0 
78.966 440.0 
78.919 441.0 
78.931 442.0 
78.954 443.0 
78.954 444.0 
78.931 445.0 
78.931 446.0 
79.048 447.0 
79.048 448.0 
79.013 449.0 
79.351 450.0 
78.966 451.0 
78.966 452.0 
78.919 453.0 
78.884 454.0 
79.013 455.0 
78.978 456.0 
78.966 457.0 
78.954 458.0 
79.001 459.0 
79.001 460.0 
78.978 461.0 
78.919 462.0 
79.036 463.0 
78.978 464.0 
78.989 465.0 
79.048 466.0 
78.978 467.0 
78.907 468.0 
79.001 469.0 
78.942 470.0 
78.919 471.0 
78.966 472.0 
78.884 473.0 
78.966 474.0 
79.036 475.0 
78.978 476.0 
78.907 477.0 
78.978 478.0 
78.884 479.0 
78.989 480.0 
79.036 481.0 
78.954 482.0 
79.013 483.0 
78.942 484.0 
79.013 485.0 
78.919 486.0 
78.884 487.0 
79.001 488.0 
78.954 489.0 
78.966 490.0 
79.013 491.0 
78.989 492.0 
78.966 493.0 
79.013 494.0 
78.907 495.0 
78.907 496.0 
78.954 497.0 
78.989 498.0 
78.884 499.0 
78.896 500.0 
78.978 501.0 
78.989 502.0 
78.861 503.0 
78.919 504.0 
78.931 505.0 
78.966 506.0 
78.896 507.0 
79.001 508.0 
78.837 509.0 
78.919 510.0 
78.942 511.0 
78.931 512.0 
78.954 513.0 
78.931 514.0 
78.954 515.0 
79.001 516.0 
79.316 517.0 
78.756 518.0 
78.814 519.0 
78.861 520.0 
78.837 521.0 
78.837 522.0 
78.884 523.0 
78.872 524.0 
78.849 525.0 
78.826 526.0 
78.861 527.0 
78.802 528.0 
78.814 529.0 
78.791 530.0 
78.767 531.0 
78.884 532.0 
78.931 533.0 
78.791 534.0 
78.779 535.0 
78.732 536.0 
78.697 537.0 
78.604 538.0 
78.627 539.0 
78.569 540.0 
78.674 541.0 
78.557 542.0 
78.604 543.0 
78.592 544.0 
78.534 545.0 
78.475 546.0 
78.604 547.0 
78.522 548.0 
78.499 549.0 
78.452 550.0 
78.394 551.0 
78.499 552.0 
78.44 553.0 
78.382 554.0 
78.37 555.0 
78.499 556.0 
78.452 557.0 
78.394 558.0 
78.043 559.0 
78.44 560.0 
78.417 561.0 
78.347 562.0 
78.464 563.0 
78.394 564.0 
78.312 565.0 
78.487 566.0 
78.499 567.0 
78.359 568.0 
78.405 569.0 
78.405 570.0 
78.534 571.0 
78.405 572.0 
78.335 573.0 
78.405 574.0 
78.359 575.0 
78.709 576.0 
78.417 577.0 
78.417 578.0 
78.487 579.0 
78.429 580.0 
78.522 581.0 
78.417 582.0 
78.534 583.0 
78.452 584.0 
78.218 585.0 
78.464 586.0 
78.394 587.0 
78.499 588.0 
78.382 589.0 
78.487 590.0 
78.429 591.0 
78.475 592.0 
78.382 593.0 
78.44 594.0 
78.405 595.0 
78.429 596.0 
78.394 597.0 
78.394 598.0 
78.382 599.0 
78.464 600.0 
78.534 601.0 
78.44 602.0 
78.499 603.0 
78.417 604.0 
78.522 605.0 
78.429 606.0 
78.487 607.0 
78.382 608.0 
78.44 609.0 
78.545 610.0 
78.429 611.0 
78.51 612.0 
78.394 613.0 
78.499 614.0 
78.359 615.0 
78.405 616.0 
78.534 617.0 
78.359 618.0 
78.464 619.0 
78.23 620.0 
78.44 621.0 
78.499 622.0 
78.382 623.0 
78.452 624.0 
78.475 625.0 
78.429 626.0 
78.475 627.0 
78.51 628.0 
78.405 629.0 
78.487 630.0 
78.545 631.0 
78.394 632.0 
78.452 633.0 
78.744 634.0 
78.417 635.0 
78.464 636.0 
78.51 637.0 
78.405 638.0 
78.429 639.0 
78.545 640.0 
78.394 641.0 
78.394 642.0 
78.51 643.0 
78.37 644.0 
78.382 645.0 
78.51 646.0 
78.51 647.0 
78.405 648.0 
78.44 649.0 
78.475 650.0 
78.335 651.0 
78.347 652.0 
78.429 653.0 
78.487 654.0 
78.347 655.0 
78.37 656.0 
78.44 657.0 
78.487 658.0 
78.405 659.0 
78.452 660.0 
78.464 661.0 
78.464 662.0 
78.394 663.0 
78.429 664.0 
78.51 665.0 
78.522 666.0 
78.417 667.0 
78.417 668.0 
78.452 669.0 
78.522 670.0 
78.394 671.0 
78.382 672.0 
78.429 673.0 
78.44 674.0 
78.487 675.0 
78.335 676.0 
78.382 677.0 
78.44 678.0 
78.487 679.0 
78.499 680.0 
78.335 681.0 
78.382 682.0 
78.464 683.0 
78.499 684.0 
78.475 685.0 
78.534 686.0 
78.382 687.0 
78.394 688.0 
78.417 689.0 
78.464 690.0 
78.499 691.0 
78.557 692.0 
78.347 693.0 
78.394 694.0 
78.405 695.0 
78.452 696.0 
78.429 697.0 
78.499 698.0 
78.312 699.0 
78.335 700.0 
78.394 701.0 
78.452 702.0 
78.44 703.0 
78.475 704.0 
78.499 705.0 
78.545 706.0 
78.359 707.0 
78.382 708.0 
78.417 709.0 
78.429 710.0 
78.44 711.0 
78.487 712.0 
78.487 713.0 
78.51 714.0 
78.51 715.0 
78.347 716.0 
78.359 717.0 
78.382 718.0 
78.417 719.0 
78.405 720.0 
78.464 721.0 
78.487 722.0 
78.51 723.0 
78.51 724.0 
78.545 725.0 
78.359 726.0 
78.359 727.0 
78.37 728.0 
78.394 729.0 
78.417 730.0 
78.464 731.0 
78.464 732.0 
78.464 733.0 
78.475 734.0 
78.51 735.0 
78.499 736.0 
78.51 737.0 
78.499 738.0 
78.312 739.0 
78.335 740.0 
78.323 741.0 
78.347 742.0 
78.347 743.0 
78.394 744.0 
78.37 745.0 
78.394 746.0 
78.394 747.0 
78.382 748.0 
78.405 749.0 
78.429 750.0 
78.417 751.0 
78.417 752.0 
78.405 753.0 
78.417 754.0 
78.394 755.0 
78.417 756.0 
78.44 757.0 
78.394 758.0 
78.44 759.0 
78.452 760.0 
78.417 761.0 
78.452 762.0 
78.452 763.0 
78.464 764.0 
78.44 765.0 
78.475 766.0 
78.464 767.0 
78.464 768.0 
78.464 769.0 
78.44 770.0 
78.464 771.0 
78.475 772.0 
78.464 773.0 
78.464 774.0 
78.429 775.0 
78.452 776.0 
78.429 777.0 
78.452 778.0 
78.429 779.0 
78.452 780.0 
78.464 781.0 
78.44 782.0 
78.464 783.0 
78.487 784.0 
78.429 785.0 
78.44 786.0 
78.464 787.0 
78.417 788.0 
78.475 789.0 
78.452 790.0 
78.464 791.0 
78.475 792.0 
78.44 793.0 
78.464 794.0 
78.417 795.0 
78.417 796.0 
78.405 797.0 
78.475 798.0 
78.429 799.0 
78.429 800.0 
78.452 801.0 
78.417 802.0 
78.475 803.0 
78.452 804.0 
0.001 805.0 
-0.001 806.0 
0.001 807.0 
0.0 808.0 
-0.001 809.0 
0.0 810.0 
0.001 811.0 
-0.001 812.0 
-0.011 813.0 
-0.01 814.0 
-0.013 815.0 
-0.01 816.0 
-0.017 817.0 
-0.022 818.0 
-0.016 819.0 
-0.018 820.0 
-0.018 821.0 
-0.013 822.0 
-0.016 823.0 
-0.02 824.0 
-0.011 825.0 
-0.013 826.0 
-0.014 827.0 
-0.02 828.0 
-0.02 829.0 
