-0.032 257.0 
-0.032 258.0 
-0.048 259.0 
-0.024 260.0 
-0.032 261.0 
-0.041 262.0 
-0.023 263.0 
-0.022 264.0 
-0.023 265.0 
-0.028 266.0 
-0.044 267.0 
-0.047 268.0 
-0.049 269.0 
-0.02 270.0 
-0.011 271.0 
-0.032 272.0 
-0.034 273.0 
-0.041 274.0 
157.208 275.0 
153.692 276.0 
152.466 277.0 
150.679 278.0 
148.763 279.0 
146.194 280.0 
144.068 281.0 
141.498 282.0 
137.773 283.0 
136.196 284.0 
135.799 285.0 
135.39 286.0 
135.168 287.0 
134.794 288.0 
134.444 289.0 
134.199 290.0 
133.545 291.0 
133.288 292.0 
133.066 293.0 
132.891 294.0 
132.237 295.0 
132.108 296.0 
132.015 297.0 
131.466 298.0 
131.279 299.0 
131.232 300.0 
130.671 301.0 
130.613 302.0 
130.123 303.0 
130.052 304.0 
129.994 305.0 
129.387 306.0 
128.265 307.0 
125.895 308.0 
122.776 309.0 
118.782 310.0 
114.507 311.0 
109.87 312.0 
105.432 313.0 
100.877 314.0 
96.625 315.0 
92.374 316.0 
88.415 317.0 
85.238 318.0 
85.028 319.0 
84.841 320.0 
84.829 321.0 
84.677 322.0 
84.607 323.0 
84.619 324.0 
84.56 325.0 
84.444 326.0 
84.572 327.0 
84.455 328.0 
84.654 329.0 
84.595 330.0 
84.49 331.0 
84.584 332.0 
84.584 333.0 
84.525 334.0 
84.572 335.0 
84.537 336.0 
84.56 337.0 
84.432 338.0 
84.607 339.0 
84.502 340.0 
84.49 341.0 
84.467 342.0 
84.665 343.0 
84.514 344.0 
84.525 345.0 
84.467 346.0 
84.479 347.0 
84.584 348.0 
84.549 349.0 
84.549 350.0 
84.502 351.0 
84.572 352.0 
84.479 353.0 
84.362 354.0 
84.595 355.0 
84.537 356.0 
84.56 357.0 
84.514 358.0 
84.584 359.0 
84.549 360.0 
84.584 361.0 
84.479 362.0 
84.525 363.0 
84.467 364.0 
84.49 365.0 
84.537 366.0 
84.56 367.0 
84.455 368.0 
84.479 369.0 
84.514 370.0 
84.549 371.0 
84.549 372.0 
84.537 373.0 
84.595 374.0 
84.595 375.0 
84.619 376.0 
84.385 377.0 
84.514 378.0 
84.514 379.0 
84.525 380.0 
84.502 381.0 
84.619 382.0 
84.525 383.0 
84.537 384.0 
84.49 385.0 
84.595 386.0 
84.479 387.0 
84.409 388.0 
84.514 389.0 
84.572 390.0 
84.514 391.0 
84.49 392.0 
84.56 393.0 
84.432 394.0 
84.514 395.0 
84.619 396.0 
84.42 397.0 
84.549 398.0 
84.374 399.0 
84.42 400.0 
84.56 401.0 
84.502 402.0 
84.607 403.0 
84.572 404.0 
84.479 405.0 
84.455 406.0 
84.537 407.0 
84.467 408.0 
84.49 409.0 
84.444 410.0 
84.49 411.0 
84.537 412.0 
84.852 413.0 
84.537 414.0 
84.444 415.0 
84.502 416.0 
84.444 417.0 
84.619 418.0 
84.537 419.0 
84.432 420.0 
84.479 421.0 
84.514 422.0 
84.549 423.0 
84.467 424.0 
84.467 425.0 
84.525 426.0 
84.572 427.0 
84.455 428.0 
84.49 429.0 
84.49 430.0 
84.525 431.0 
84.549 432.0 
84.572 433.0 
84.409 434.0 
84.479 435.0 
84.49 436.0 
84.677 437.0 
84.42 438.0 
84.467 439.0 
84.479 440.0 
84.479 441.0 
84.42 442.0 
84.467 443.0 
84.455 444.0 
84.455 445.0 
84.444 446.0 
84.595 447.0 
84.549 448.0 
84.537 449.0 
84.479 450.0 
84.467 451.0 
84.455 452.0 
84.455 453.0 
84.42 454.0 
84.502 455.0 
84.49 456.0 
84.444 457.0 
84.42 458.0 
84.502 459.0 
84.537 460.0 
84.479 461.0 
84.444 462.0 
84.549 463.0 
84.502 464.0 
84.525 465.0 
84.56 466.0 
84.514 467.0 
84.397 468.0 
84.525 469.0 
84.479 470.0 
84.502 471.0 
84.502 472.0 
84.56 473.0 
84.479 474.0 
84.572 475.0 
84.525 476.0 
84.42 477.0 
84.479 478.0 
84.385 479.0 
84.49 480.0 
84.572 481.0 
84.49 482.0 
84.537 483.0 
84.455 484.0 
84.56 485.0 
84.432 486.0 
84.409 487.0 
84.549 488.0 
84.467 489.0 
84.479 490.0 
84.537 491.0 
84.525 492.0 
84.455 493.0 
84.502 494.0 
84.455 495.0 
84.42 496.0 
84.525 497.0 
84.537 498.0 
84.374 499.0 
84.397 500.0 
84.49 501.0 
84.525 502.0 
84.397 503.0 
84.409 504.0 
84.432 505.0 
84.479 506.0 
84.572 507.0 
84.514 508.0 
84.374 509.0 
84.397 510.0 
84.42 511.0 
84.455 512.0 
84.455 513.0 
84.455 514.0 
84.49 515.0 
84.502 516.0 
84.502 517.0 
84.327 518.0 
84.268 519.0 
84.292 520.0 
84.35 521.0 
84.35 522.0 
84.327 523.0 
84.338 524.0 
84.362 525.0 
84.315 526.0 
84.338 527.0 
84.303 528.0 
84.268 529.0 
84.21 530.0 
84.28 531.0 
84.42 532.0 
84.362 533.0 
84.28 534.0 
84.303 535.0 
84.257 536.0 
84.21 537.0 
84.152 538.0 
84.035 539.0 
84.082 540.0 
84.175 541.0 
84.117 542.0 
84.07 543.0 
84.035 544.0 
83.988 545.0 
83.941 546.0 
84.046 547.0 
83.976 548.0 
83.941 549.0 
83.895 550.0 
83.86 551.0 
83.953 552.0 
83.918 553.0 
83.801 554.0 
83.825 555.0 
83.965 556.0 
83.895 557.0 
83.813 558.0 
83.976 559.0 
83.906 560.0 
83.86 561.0 
83.79 562.0 
83.895 563.0 
83.836 564.0 
83.766 565.0 
83.918 566.0 
84.0 567.0 
83.766 568.0 
83.918 569.0 
83.825 570.0 
83.918 571.0 
83.871 572.0 
83.778 573.0 
83.86 574.0 
83.825 575.0 
83.953 576.0 
83.871 577.0 
83.848 578.0 
83.941 579.0 
83.883 580.0 
83.93 581.0 
83.883 582.0 
84.011 583.0 
83.93 584.0 
84.011 585.0 
83.953 586.0 
83.836 587.0 
83.93 588.0 
83.836 589.0 
83.918 590.0 
83.86 591.0 
83.918 592.0 
83.895 593.0 
83.848 594.0 
83.848 595.0 
83.953 596.0 
83.871 597.0 
83.941 598.0 
83.883 599.0 
83.895 600.0 
84.0 601.0 
83.906 602.0 
83.976 603.0 
83.918 604.0 
83.953 605.0 
83.848 606.0 
83.918 607.0 
83.836 608.0 
83.906 609.0 
83.976 610.0 
83.918 611.0 
83.953 612.0 
83.86 613.0 
83.906 614.0 
83.836 615.0 
83.883 616.0 
83.965 617.0 
83.848 618.0 
83.93 619.0 
83.603 620.0 
83.895 621.0 
83.918 622.0 
83.836 623.0 
83.883 624.0 
84.0 625.0 
83.836 626.0 
83.906 627.0 
83.965 628.0 
83.86 629.0 
83.86 630.0 
84.023 631.0 
83.801 632.0 
83.93 633.0 
83.953 634.0 
83.871 635.0 
83.918 636.0 
83.941 637.0 
83.86 638.0 
83.918 639.0 
83.941 640.0 
83.848 641.0 
83.883 642.0 
83.953 643.0 
83.801 644.0 
83.883 645.0 
83.93 646.0 
83.988 647.0 
83.86 648.0 
83.836 649.0 
83.976 650.0 
83.778 651.0 
83.883 652.0 
83.906 653.0 
83.941 654.0 
83.825 655.0 
83.883 656.0 
83.836 657.0 
83.93 658.0 
83.848 659.0 
83.883 660.0 
83.965 661.0 
84.011 662.0 
83.79 663.0 
83.883 664.0 
83.953 665.0 
83.976 666.0 
83.848 667.0 
83.871 668.0 
83.941 669.0 
83.965 670.0 
83.825 671.0 
83.825 672.0 
83.895 673.0 
83.895 674.0 
83.965 675.0 
83.813 676.0 
83.86 677.0 
83.895 678.0 
83.895 679.0 
83.988 680.0 
83.813 681.0 
83.825 682.0 
83.906 683.0 
83.906 684.0 
83.988 685.0 
84.0 686.0 
83.825 687.0 
83.883 688.0 
83.895 689.0 
83.953 690.0 
83.953 691.0 
84.011 692.0 
83.801 693.0 
83.801 694.0 
83.848 695.0 
83.895 696.0 
83.93 697.0 
83.918 698.0 
83.591 699.0 
83.825 700.0 
83.836 701.0 
83.848 702.0 
83.93 703.0 
83.871 704.0 
83.976 705.0 
84.0 706.0 
83.813 707.0 
83.825 708.0 
83.848 709.0 
83.86 710.0 
83.93 711.0 
83.953 712.0 
83.941 713.0 
83.953 714.0 
83.976 715.0 
83.801 716.0 
83.825 717.0 
83.836 718.0 
83.895 719.0 
83.871 720.0 
83.93 721.0 
83.906 722.0 
83.988 723.0 
83.953 724.0 
84.0 725.0 
83.778 726.0 
83.813 727.0 
83.813 728.0 
83.848 729.0 
83.871 730.0 
83.906 731.0 
83.895 732.0 
83.918 733.0 
83.93 734.0 
83.941 735.0 
83.965 736.0 
83.953 737.0 
83.976 738.0 
83.976 739.0 
83.801 740.0 
83.813 741.0 
83.79 742.0 
83.836 743.0 
83.813 744.0 
83.836 745.0 
83.848 746.0 
83.836 747.0 
83.825 748.0 
83.871 749.0 
83.86 750.0 
83.871 751.0 
83.883 752.0 
83.86 753.0 
83.86 754.0 
83.871 755.0 
83.895 756.0 
83.906 757.0 
83.871 758.0 
83.906 759.0 
83.871 760.0 
83.895 761.0 
83.895 762.0 
83.906 763.0 
83.918 764.0 
83.895 765.0 
83.906 766.0 
83.906 767.0 
83.883 768.0 
83.906 769.0 
83.918 770.0 
83.953 771.0 
83.906 772.0 
83.941 773.0 
83.895 774.0 
83.93 775.0 
83.906 776.0 
83.906 777.0 
83.93 778.0 
83.871 779.0 
83.906 780.0 
83.906 781.0 
83.895 782.0 
83.93 783.0 
83.895 784.0 
83.895 785.0 
83.883 786.0 
83.906 787.0 
83.906 788.0 
83.918 789.0 
83.895 790.0 
83.93 791.0 
83.918 792.0 
83.883 793.0 
83.883 794.0 
83.848 795.0 
83.883 796.0 
83.883 797.0 
83.848 798.0 
83.86 799.0 
83.86 800.0 
83.883 801.0 
83.883 802.0 
83.86 803.0 
83.871 804.0 
0.011 805.0 
0.016 806.0 
0.011 807.0 
0.018 808.0 
0.011 809.0 
0.001 810.0 
0.006 811.0 
0.006 812.0 
0.0 813.0 
0.004 814.0 
0.001 815.0 
0.013 816.0 
-0.001 817.0 
-0.004 818.0 
-0.006 819.0 
-0.002 820.0 
-0.002 821.0 
0.0 822.0 
-0.01 823.0 
-0.022 824.0 
-0.008 825.0 
-0.007 826.0 
-0.012 827.0 
-0.008 828.0 
-0.016 829.0 
