-0.029 257.0 
-0.029 258.0 
-0.055 259.0 
-0.046 260.0 
-0.041 261.0 
-0.05 262.0 
-0.052 263.0 
-0.037 264.0 
-0.03 265.0 
-0.036 266.0 
-0.046 267.0 
-0.032 268.0 
-0.047 269.0 
-0.046 270.0 
-0.022 271.0 
-0.034 272.0 
-0.03 273.0 
-0.054 274.0 
153.634 275.0 
150.632 276.0 
149.114 277.0 
147.116 278.0 
145.096 279.0 
142.737 280.0 
140.809 281.0 
137.843 282.0 
135.343 283.0 
133.965 284.0 
133.475 285.0 
133.042 286.0 
132.715 287.0 
132.272 288.0 
131.933 289.0 
131.174 290.0 
130.999 291.0 
130.695 292.0 
130.473 293.0 
130.052 294.0 
129.702 295.0 
129.504 296.0 
129.363 297.0 
128.721 298.0 
128.429 299.0 
128.079 300.0 
127.565 301.0 
127.425 302.0 
126.782 303.0 
126.654 304.0 
126.572 305.0 
125.731 306.0 
124.236 307.0 
121.328 308.0 
118.034 309.0 
113.713 310.0 
109.356 311.0 
104.591 312.0 
100.141 313.0 
95.411 314.0 
91.066 315.0 
86.744 316.0 
83.019 317.0 
80.157 318.0 
80.017 319.0 
79.783 320.0 
79.62 321.0 
79.632 322.0 
79.515 323.0 
79.562 324.0 
79.48 325.0 
79.386 326.0 
79.491 327.0 
79.421 328.0 
79.421 329.0 
79.48 330.0 
79.456 331.0 
79.456 332.0 
79.55 333.0 
79.421 334.0 
79.398 335.0 
79.503 336.0 
79.456 337.0 
79.398 338.0 
79.678 339.0 
79.433 340.0 
79.445 341.0 
79.445 342.0 
79.55 343.0 
79.433 344.0 
79.433 345.0 
79.41 346.0 
79.351 347.0 
79.433 348.0 
79.456 349.0 
79.456 350.0 
79.456 351.0 
79.456 352.0 
79.433 353.0 
79.375 354.0 
79.398 355.0 
79.456 356.0 
79.538 357.0 
79.445 358.0 
79.538 359.0 
79.468 360.0 
79.491 361.0 
79.433 362.0 
79.491 363.0 
79.386 364.0 
79.421 365.0 
79.468 366.0 
79.468 367.0 
79.41 368.0 
79.445 369.0 
79.456 370.0 
79.456 371.0 
79.48 372.0 
79.503 373.0 
79.491 374.0 
79.503 375.0 
79.667 376.0 
79.398 377.0 
79.468 378.0 
79.433 379.0 
79.445 380.0 
79.421 381.0 
79.503 382.0 
79.456 383.0 
79.421 384.0 
79.398 385.0 
79.515 386.0 
79.363 387.0 
79.363 388.0 
79.491 389.0 
79.468 390.0 
79.456 391.0 
79.445 392.0 
79.526 393.0 
79.351 394.0 
79.433 395.0 
79.526 396.0 
79.351 397.0 
79.445 398.0 
79.316 399.0 
79.375 400.0 
79.538 401.0 
79.445 402.0 
79.526 403.0 
79.491 404.0 
79.421 405.0 
79.375 406.0 
79.48 407.0 
79.375 408.0 
79.468 409.0 
79.386 410.0 
79.433 411.0 
79.515 412.0 
79.854 413.0 
79.468 414.0 
79.375 415.0 
79.421 416.0 
79.386 417.0 
79.445 418.0 
79.456 419.0 
79.375 420.0 
79.41 421.0 
79.445 422.0 
79.48 423.0 
79.398 424.0 
79.421 425.0 
79.456 426.0 
79.456 427.0 
79.433 428.0 
79.386 429.0 
79.421 430.0 
79.445 431.0 
79.48 432.0 
79.515 433.0 
79.386 434.0 
79.41 435.0 
79.375 436.0 
79.445 437.0 
79.398 438.0 
79.316 439.0 
79.386 440.0 
79.386 441.0 
79.375 442.0 
79.433 443.0 
79.41 444.0 
79.375 445.0 
79.41 446.0 
79.503 447.0 
79.491 448.0 
79.445 449.0 
79.76 450.0 
79.421 451.0 
79.398 452.0 
79.386 453.0 
79.351 454.0 
79.445 455.0 
79.234 456.0 
79.398 457.0 
79.398 458.0 
79.48 459.0 
79.48 460.0 
79.433 461.0 
79.41 462.0 
79.503 463.0 
79.468 464.0 
79.41 465.0 
79.456 466.0 
79.398 467.0 
79.375 468.0 
79.456 469.0 
79.421 470.0 
79.41 471.0 
79.445 472.0 
79.363 473.0 
79.41 474.0 
79.503 475.0 
79.48 476.0 
79.363 477.0 
79.421 478.0 
79.316 479.0 
79.433 480.0 
79.503 481.0 
79.41 482.0 
79.445 483.0 
79.398 484.0 
79.433 485.0 
79.386 486.0 
79.351 487.0 
79.468 488.0 
79.41 489.0 
79.433 490.0 
79.433 491.0 
79.433 492.0 
79.421 493.0 
79.445 494.0 
79.375 495.0 
79.34 496.0 
79.41 497.0 
79.48 498.0 
79.328 499.0 
79.375 500.0 
79.41 501.0 
79.445 502.0 
79.305 503.0 
79.328 504.0 
79.41 505.0 
79.421 506.0 
79.34 507.0 
79.445 508.0 
79.375 509.0 
79.328 510.0 
79.375 511.0 
79.386 512.0 
79.421 513.0 
79.433 514.0 
79.41 515.0 
79.421 516.0 
79.737 517.0 
79.223 518.0 
79.281 519.0 
79.293 520.0 
79.293 521.0 
79.293 522.0 
79.316 523.0 
79.293 524.0 
79.305 525.0 
79.316 526.0 
79.246 527.0 
79.199 528.0 
79.258 529.0 
79.211 530.0 
79.234 531.0 
79.363 532.0 
79.608 533.0 
79.258 534.0 
79.293 535.0 
79.223 536.0 
79.199 537.0 
79.106 538.0 
79.083 539.0 
79.059 540.0 
79.153 541.0 
79.059 542.0 
79.083 543.0 
79.036 544.0 
78.989 545.0 
78.989 546.0 
79.094 547.0 
78.989 548.0 
78.978 549.0 
78.942 550.0 
78.861 551.0 
79.024 552.0 
78.966 553.0 
78.896 554.0 
78.884 555.0 
78.989 556.0 
78.942 557.0 
78.896 558.0 
78.534 559.0 
78.942 560.0 
78.907 561.0 
78.884 562.0 
78.954 563.0 
78.931 564.0 
78.826 565.0 
78.989 566.0 
78.966 567.0 
78.861 568.0 
78.942 569.0 
78.896 570.0 
79.024 571.0 
78.954 572.0 
78.861 573.0 
78.978 574.0 
78.907 575.0 
79.234 576.0 
78.896 577.0 
78.884 578.0 
78.989 579.0 
78.931 580.0 
78.989 581.0 
78.942 582.0 
78.989 583.0 
78.931 584.0 
79.094 585.0 
79.001 586.0 
78.884 587.0 
79.013 588.0 
78.919 589.0 
78.989 590.0 
78.931 591.0 
78.989 592.0 
78.884 593.0 
79.001 594.0 
78.919 595.0 
78.966 596.0 
78.896 597.0 
78.989 598.0 
78.872 599.0 
79.001 600.0 
79.036 601.0 
78.931 602.0 
79.024 603.0 
78.942 604.0 
79.036 605.0 
78.907 606.0 
78.966 607.0 
78.861 608.0 
78.966 609.0 
79.013 610.0 
78.907 611.0 
79.048 612.0 
78.907 613.0 
78.954 614.0 
78.861 615.0 
78.931 616.0 
79.013 617.0 
78.872 618.0 
78.942 619.0 
78.709 620.0 
78.919 621.0 
78.989 622.0 
78.896 623.0 
78.954 624.0 
79.001 625.0 
78.907 626.0 
78.954 627.0 
79.048 628.0 
78.896 629.0 
78.989 630.0 
79.024 631.0 
78.896 632.0 
78.966 633.0 
79.223 634.0 
78.896 635.0 
78.989 636.0 
79.036 637.0 
78.896 638.0 
78.966 639.0 
79.036 640.0 
78.861 641.0 
78.896 642.0 
79.001 643.0 
78.861 644.0 
78.942 645.0 
78.966 646.0 
79.013 647.0 
78.931 648.0 
78.919 649.0 
78.978 650.0 
78.872 651.0 
78.896 652.0 
78.954 653.0 
79.001 654.0 
78.872 655.0 
78.919 656.0 
78.919 657.0 
79.001 658.0 
78.907 659.0 
78.942 660.0 
78.989 661.0 
79.024 662.0 
78.849 663.0 
78.954 664.0 
78.989 665.0 
79.048 666.0 
78.861 667.0 
78.919 668.0 
78.978 669.0 
79.013 670.0 
78.884 671.0 
78.872 672.0 
78.942 673.0 
78.954 674.0 
78.954 675.0 
78.861 676.0 
78.884 677.0 
78.942 678.0 
78.942 679.0 
79.024 680.0 
78.907 681.0 
78.896 682.0 
78.931 683.0 
78.966 684.0 
79.024 685.0 
79.024 686.0 
78.872 687.0 
78.931 688.0 
78.942 689.0 
78.978 690.0 
79.024 691.0 
79.071 692.0 
78.896 693.0 
78.872 694.0 
78.919 695.0 
78.954 696.0 
78.954 697.0 
78.989 698.0 
78.756 699.0 
78.872 700.0 
78.896 701.0 
78.931 702.0 
78.942 703.0 
78.978 704.0 
78.942 705.0 
79.048 706.0 
78.884 707.0 
78.884 708.0 
78.896 709.0 
78.919 710.0 
78.954 711.0 
79.001 712.0 
79.013 713.0 
79.024 714.0 
78.791 715.0 
78.861 716.0 
78.884 717.0 
78.884 718.0 
78.931 719.0 
78.919 720.0 
78.954 721.0 
78.978 722.0 
78.989 723.0 
79.024 724.0 
79.048 725.0 
78.849 726.0 
78.884 727.0 
78.884 728.0 
78.919 729.0 
78.942 730.0 
78.954 731.0 
78.954 732.0 
78.966 733.0 
78.966 734.0 
78.989 735.0 
78.907 736.0 
79.013 737.0 
79.036 738.0 
78.779 739.0 
78.837 740.0 
78.849 741.0 
78.837 742.0 
78.884 743.0 
78.837 744.0 
78.872 745.0 
78.884 746.0 
78.907 747.0 
78.896 748.0 
78.907 749.0 
78.942 750.0 
78.931 751.0 
78.931 752.0 
78.942 753.0 
78.919 754.0 
78.919 755.0 
78.907 756.0 
78.966 757.0 
78.884 758.0 
78.931 759.0 
78.919 760.0 
78.954 761.0 
78.931 762.0 
78.919 763.0 
78.942 764.0 
78.966 765.0 
78.954 766.0 
79.001 767.0 
78.954 768.0 
78.966 769.0 
78.954 770.0 
78.966 771.0 
78.978 772.0 
78.954 773.0 
78.954 774.0 
78.978 775.0 
78.978 776.0 
78.942 777.0 
78.966 778.0 
78.954 779.0 
78.954 780.0 
78.966 781.0 
78.954 782.0 
78.942 783.0 
78.978 784.0 
78.954 785.0 
78.966 786.0 
78.954 787.0 
78.954 788.0 
78.966 789.0 
78.954 790.0 
78.966 791.0 
78.966 792.0 
78.931 793.0 
78.919 794.0 
78.942 795.0 
78.942 796.0 
78.942 797.0 
78.919 798.0 
78.978 799.0 
78.907 800.0 
78.954 801.0 
78.942 802.0 
78.978 803.0 
78.978 804.0 
0.0 805.0 
-0.005 806.0 
0.002 807.0 
0.001 808.0 
-0.004 809.0 
-0.001 810.0 
0.001 811.0 
0.006 812.0 
-0.004 813.0 
-0.006 814.0 
-0.004 815.0 
-0.004 816.0 
-0.008 817.0 
-0.013 818.0 
-0.016 819.0 
-0.012 820.0 
-0.004 821.0 
-0.019 822.0 
-0.016 823.0 
-0.023 824.0 
-0.03 825.0 
-0.018 826.0 
-0.02 827.0 
-0.02 828.0 
-0.023 829.0 
