-0.041 257.0 
-0.036 258.0 
-0.05 259.0 
-0.035 260.0 
-0.042 261.0 
-0.05 262.0 
-0.046 263.0 
-0.03 264.0 
-0.05 265.0 
-0.044 266.0 
-0.066 267.0 
-0.049 268.0 
-0.06 269.0 
-0.04 270.0 
-0.035 271.0 
-0.04 272.0 
-0.036 273.0 
-0.059 274.0 
152.804 275.0 
149.441 276.0 
147.595 277.0 
145.715 278.0 
143.589 279.0 
141.358 280.0 
139.478 281.0 
137.107 282.0 
134.514 283.0 
132.879 284.0 
132.353 285.0 
131.863 286.0 
131.524 287.0 
131.174 288.0 
130.765 289.0 
130.426 290.0 
129.784 291.0 
129.457 292.0 
129.13 293.0 
129.025 294.0 
128.452 295.0 
128.207 296.0 
128.079 297.0 
127.436 298.0 
127.109 299.0 
126.934 300.0 
126.268 301.0 
126.081 302.0 
125.626 303.0 
125.276 304.0 
125.054 305.0 
124.236 306.0 
122.507 307.0 
119.377 308.0 
115.663 309.0 
110.91 310.0 
106.331 311.0 
101.122 312.0 
96.555 313.0 
91.965 314.0 
88.064 315.0 
84.093 316.0 
80.729 317.0 
78.347 318.0 
78.207 319.0 
77.985 320.0 
77.961 321.0 
77.798 322.0 
77.704 323.0 
77.739 324.0 
77.681 325.0 
77.763 326.0 
77.681 327.0 
77.611 328.0 
77.775 329.0 
77.728 330.0 
77.646 331.0 
77.681 332.0 
77.739 333.0 
77.669 334.0 
77.95 335.0 
77.728 336.0 
77.716 337.0 
77.611 338.0 
77.728 339.0 
77.634 340.0 
77.669 341.0 
77.658 342.0 
77.763 343.0 
77.646 344.0 
77.634 345.0 
77.611 346.0 
77.576 347.0 
77.704 348.0 
77.669 349.0 
77.669 350.0 
77.634 351.0 
77.658 352.0 
77.646 353.0 
77.529 354.0 
77.751 355.0 
77.669 356.0 
77.716 357.0 
77.646 358.0 
77.728 359.0 
77.681 360.0 
77.739 361.0 
77.623 362.0 
77.681 363.0 
77.599 364.0 
77.599 365.0 
77.623 366.0 
77.658 367.0 
77.599 368.0 
77.658 369.0 
77.669 370.0 
77.693 371.0 
77.681 372.0 
77.693 373.0 
77.728 374.0 
77.716 375.0 
77.739 376.0 
77.448 377.0 
77.669 378.0 
77.658 379.0 
77.658 380.0 
77.634 381.0 
77.728 382.0 
77.646 383.0 
77.623 384.0 
77.576 385.0 
77.693 386.0 
77.611 387.0 
77.588 388.0 
77.681 389.0 
77.693 390.0 
77.704 391.0 
77.646 392.0 
77.693 393.0 
77.576 394.0 
77.658 395.0 
77.739 396.0 
77.611 397.0 
77.658 398.0 
77.716 399.0 
77.588 400.0 
77.704 401.0 
77.658 402.0 
77.739 403.0 
77.669 404.0 
77.646 405.0 
77.599 406.0 
77.658 407.0 
77.611 408.0 
77.658 409.0 
77.576 410.0 
77.669 411.0 
77.704 412.0 
77.751 413.0 
77.693 414.0 
77.576 415.0 
77.693 416.0 
77.588 417.0 
77.891 418.0 
77.646 419.0 
77.599 420.0 
77.658 421.0 
77.669 422.0 
77.669 423.0 
77.611 424.0 
77.564 425.0 
77.669 426.0 
77.704 427.0 
77.611 428.0 
77.623 429.0 
77.646 430.0 
77.669 431.0 
77.693 432.0 
77.704 433.0 
77.588 434.0 
77.599 435.0 
77.693 436.0 
77.938 437.0 
77.599 438.0 
77.646 439.0 
77.623 440.0 
77.599 441.0 
77.588 442.0 
77.611 443.0 
77.611 444.0 
77.599 445.0 
77.576 446.0 
77.646 447.0 
77.716 448.0 
77.681 449.0 
77.634 450.0 
77.588 451.0 
77.634 452.0 
77.588 453.0 
77.553 454.0 
77.669 455.0 
77.658 456.0 
77.623 457.0 
77.634 458.0 
77.658 459.0 
77.681 460.0 
77.611 461.0 
77.588 462.0 
77.693 463.0 
77.634 464.0 
77.728 465.0 
77.681 466.0 
77.658 467.0 
77.529 468.0 
77.658 469.0 
77.599 470.0 
77.728 471.0 
77.634 472.0 
77.704 473.0 
77.646 474.0 
77.704 475.0 
77.634 476.0 
77.576 477.0 
77.599 478.0 
77.553 479.0 
77.611 480.0 
77.704 481.0 
77.611 482.0 
77.681 483.0 
77.576 484.0 
77.646 485.0 
77.588 486.0 
77.576 487.0 
77.693 488.0 
77.634 489.0 
77.623 490.0 
77.693 491.0 
77.716 492.0 
77.634 493.0 
77.693 494.0 
77.623 495.0 
77.658 496.0 
77.646 497.0 
77.646 498.0 
77.564 499.0 
77.553 500.0 
77.623 501.0 
77.658 502.0 
77.541 503.0 
77.553 504.0 
77.599 505.0 
77.599 506.0 
77.646 507.0 
77.669 508.0 
77.553 509.0 
77.564 510.0 
77.611 511.0 
77.576 512.0 
77.588 513.0 
77.634 514.0 
77.646 515.0 
77.646 516.0 
77.681 517.0 
77.518 518.0 
77.459 519.0 
77.518 520.0 
77.494 521.0 
77.518 522.0 
77.529 523.0 
77.506 524.0 
77.494 525.0 
77.529 526.0 
77.506 527.0 
77.483 528.0 
77.494 529.0 
77.401 530.0 
77.459 531.0 
77.588 532.0 
77.553 533.0 
77.471 534.0 
77.518 535.0 
77.471 536.0 
77.424 537.0 
77.389 538.0 
77.272 539.0 
77.307 540.0 
77.389 541.0 
77.307 542.0 
77.307 543.0 
77.272 544.0 
77.237 545.0 
77.191 546.0 
77.296 547.0 
77.272 548.0 
77.226 549.0 
77.202 550.0 
77.167 551.0 
77.261 552.0 
77.179 553.0 
77.132 554.0 
77.12 555.0 
77.261 556.0 
77.179 557.0 
77.144 558.0 
77.237 559.0 
77.191 560.0 
77.156 561.0 
77.05 562.0 
77.202 563.0 
77.156 564.0 
76.98 565.0 
77.191 566.0 
77.319 567.0 
77.085 568.0 
77.179 569.0 
77.132 570.0 
77.226 571.0 
77.156 572.0 
77.097 573.0 
77.144 574.0 
77.132 575.0 
77.237 576.0 
77.191 577.0 
77.144 578.0 
77.226 579.0 
77.202 580.0 
77.202 581.0 
77.202 582.0 
77.261 583.0 
77.214 584.0 
77.296 585.0 
77.226 586.0 
77.167 587.0 
77.214 588.0 
77.144 589.0 
77.214 590.0 
77.132 591.0 
77.179 592.0 
77.132 593.0 
77.202 594.0 
77.156 595.0 
77.237 596.0 
77.167 597.0 
77.249 598.0 
77.167 599.0 
77.191 600.0 
77.296 601.0 
77.191 602.0 
77.272 603.0 
77.167 604.0 
77.249 605.0 
77.144 606.0 
77.202 607.0 
77.097 608.0 
77.167 609.0 
77.284 610.0 
77.179 611.0 
77.249 612.0 
77.144 613.0 
77.202 614.0 
77.12 615.0 
77.191 616.0 
77.226 617.0 
77.167 618.0 
77.179 619.0 
76.852 620.0 
77.191 621.0 
77.179 622.0 
77.12 623.0 
77.156 624.0 
77.272 625.0 
77.12 626.0 
77.202 627.0 
77.226 628.0 
77.156 629.0 
77.191 630.0 
77.272 631.0 
77.097 632.0 
77.214 633.0 
77.272 634.0 
77.191 635.0 
77.191 636.0 
77.249 637.0 
77.156 638.0 
77.202 639.0 
77.202 640.0 
77.12 641.0 
77.179 642.0 
77.237 643.0 
77.097 644.0 
77.179 645.0 
77.179 646.0 
77.284 647.0 
77.132 648.0 
77.144 649.0 
77.249 650.0 
77.062 651.0 
77.144 652.0 
77.179 653.0 
77.214 654.0 
77.12 655.0 
77.179 656.0 
77.156 657.0 
77.226 658.0 
77.132 659.0 
77.144 660.0 
77.214 661.0 
77.261 662.0 
77.109 663.0 
77.144 664.0 
77.202 665.0 
77.261 666.0 
77.132 667.0 
77.156 668.0 
77.202 669.0 
77.272 670.0 
77.132 671.0 
77.179 672.0 
77.191 673.0 
77.191 674.0 
77.296 675.0 
77.132 676.0 
77.179 677.0 
77.191 678.0 
77.167 679.0 
77.261 680.0 
77.144 681.0 
77.109 682.0 
77.167 683.0 
77.214 684.0 
77.226 685.0 
77.272 686.0 
77.12 687.0 
77.156 688.0 
77.179 689.0 
77.202 690.0 
77.249 691.0 
77.284 692.0 
77.097 693.0 
77.109 694.0 
77.191 695.0 
77.214 696.0 
77.237 697.0 
77.272 698.0 
76.548 699.0 
77.062 700.0 
77.144 701.0 
77.167 702.0 
77.179 703.0 
77.214 704.0 
77.261 705.0 
77.261 706.0 
77.109 707.0 
77.097 708.0 
77.144 709.0 
77.179 710.0 
77.191 711.0 
77.214 712.0 
77.237 713.0 
77.249 714.0 
77.249 715.0 
77.12 716.0 
77.156 717.0 
77.12 718.0 
77.156 719.0 
77.167 720.0 
77.214 721.0 
77.237 722.0 
77.214 723.0 
77.237 724.0 
77.237 725.0 
77.097 726.0 
77.039 727.0 
77.144 728.0 
77.144 729.0 
77.167 730.0 
77.179 731.0 
77.214 732.0 
77.191 733.0 
77.214 734.0 
77.237 735.0 
77.272 736.0 
77.249 737.0 
77.261 738.0 
77.284 739.0 
77.074 740.0 
77.074 741.0 
77.109 742.0 
77.097 743.0 
77.109 744.0 
77.12 745.0 
77.12 746.0 
77.12 747.0 
77.144 748.0 
77.167 749.0 
77.144 750.0 
77.144 751.0 
77.167 752.0 
77.191 753.0 
77.144 754.0 
77.179 755.0 
77.167 756.0 
77.202 757.0 
77.191 758.0 
77.214 759.0 
77.179 760.0 
77.226 761.0 
77.226 762.0 
77.191 763.0 
77.144 764.0 
77.191 765.0 
77.214 766.0 
77.202 767.0 
77.202 768.0 
77.226 769.0 
77.214 770.0 
77.214 771.0 
77.202 772.0 
77.191 773.0 
77.237 774.0 
77.226 775.0 
77.167 776.0 
77.202 777.0 
77.214 778.0 
77.191 779.0 
77.179 780.0 
77.191 781.0 
77.167 782.0 
77.202 783.0 
77.191 784.0 
77.202 785.0 
77.191 786.0 
77.214 787.0 
77.179 788.0 
77.191 789.0 
77.226 790.0 
77.202 791.0 
77.202 792.0 
77.191 793.0 
77.202 794.0 
77.214 795.0 
77.191 796.0 
77.191 797.0 
77.226 798.0 
77.191 799.0 
77.179 800.0 
77.191 801.0 
77.202 802.0 
77.202 803.0 
77.214 804.0 
0.0 805.0 
-0.006 806.0 
0.006 807.0 
0.002 808.0 
0.001 809.0 
0.0 810.0 
0.002 811.0 
-0.001 812.0 
0.006 813.0 
0.0 814.0 
-0.001 815.0 
-0.004 816.0 
-0.011 817.0 
-0.002 818.0 
-0.014 819.0 
-0.008 820.0 
-0.014 821.0 
-0.013 822.0 
-0.023 823.0 
-0.031 824.0 
-0.026 825.0 
-0.019 826.0 
-0.013 827.0 
-0.02 828.0 
-0.026 829.0 
