-0.091 257.0 
-0.059 258.0 
-0.056 259.0 
-0.062 260.0 
-0.049 261.0 
-0.093 262.0 
-0.048 263.0 
-0.017 264.0 
-0.029 265.0 
-0.158 266.0 
-0.077 267.0 
-0.05 268.0 
-0.035 269.0 
-0.054 270.0 
-0.067 271.0 
-0.064 272.0 
-0.052 273.0 
-0.026 274.0 
255.654 275.0 
252.404 276.0 
251.012 277.0 
249.039 278.0 
247.298 279.0 
244.745 280.0 
242.656 281.0 
240.916 282.0 
238.362 283.0 
238.827 284.0 
238.014 285.0 
237.55 286.0 
237.434 287.0 
237.318 288.0 
236.97 289.0 
236.854 290.0 
236.042 291.0 
235.693 292.0 
236.042 293.0 
234.185 294.0 
235.577 295.0 
235.229 296.0 
235.345 297.0 
234.997 298.0 
235.229 299.0 
233.14 300.0 
234.069 301.0 
234.417 302.0 
233.837 303.0 
234.185 304.0 
237.666 305.0 
233.953 306.0 
233.721 307.0 
233.605 308.0 
233.721 309.0 
233.488 310.0 
233.837 311.0 
233.488 312.0 
233.605 313.0 
233.256 314.0 
233.605 315.0 
233.14 316.0 
233.605 317.0 
233.372 318.0 
233.721 319.0 
233.488 320.0 
229.775 321.0 
233.024 322.0 
233.024 323.0 
233.372 324.0 
233.14 325.0 
233.721 326.0 
233.024 327.0 
232.908 328.0 
240.103 329.0 
233.024 330.0 
233.14 331.0 
234.649 332.0 
233.372 333.0 
232.908 334.0 
233.14 335.0 
233.372 336.0 
233.372 337.0 
232.908 338.0 
236.042 339.0 
233.256 340.0 
232.792 341.0 
232.908 342.0 
230.355 343.0 
232.908 344.0 
233.024 345.0 
232.676 346.0 
232.908 347.0 
231.864 348.0 
232.908 349.0 
232.792 350.0 
233.14 351.0 
233.256 352.0 
232.908 353.0 
231.864 354.0 
231.168 355.0 
233.372 356.0 
233.372 357.0 
233.024 358.0 
233.372 359.0 
233.14 360.0 
232.908 361.0 
232.908 362.0 
233.372 363.0 
233.024 364.0 
233.024 365.0 
232.676 366.0 
233.372 367.0 
232.792 368.0 
233.024 369.0 
233.024 370.0 
233.256 371.0 
233.372 372.0 
233.256 373.0 
233.605 374.0 
233.605 375.0 
234.881 376.0 
232.676 377.0 
233.14 378.0 
233.14 379.0 
233.372 380.0 
232.792 381.0 
233.488 382.0 
232.908 383.0 
233.024 384.0 
232.908 385.0 
233.372 386.0 
232.56 387.0 
233.14 388.0 
232.908 389.0 
233.14 390.0 
233.14 391.0 
233.14 392.0 
233.256 393.0 
233.256 394.0 
233.256 395.0 
233.721 396.0 
233.256 397.0 
233.372 398.0 
232.676 399.0 
232.792 400.0 
233.14 401.0 
233.372 402.0 
233.256 403.0 
233.024 404.0 
233.14 405.0 
232.908 406.0 
233.14 407.0 
233.14 408.0 
233.488 409.0 
232.908 410.0 
233.256 411.0 
233.605 412.0 
234.301 413.0 
233.256 414.0 
233.372 415.0 
233.14 416.0 
232.908 417.0 
233.372 418.0 
233.372 419.0 
233.14 420.0 
233.024 421.0 
233.256 422.0 
233.14 423.0 
233.14 424.0 
233.14 425.0 
232.792 426.0 
233.256 427.0 
233.024 428.0 
232.56 429.0 
232.792 430.0 
233.488 431.0 
233.372 432.0 
233.488 433.0 
233.14 434.0 
233.14 435.0 
233.256 436.0 
233.605 437.0 
233.024 438.0 
233.256 439.0 
233.14 440.0 
232.908 441.0 
232.676 442.0 
233.024 443.0 
233.256 444.0 
233.14 445.0 
233.256 446.0 
233.372 447.0 
233.605 448.0 
233.024 449.0 
233.14 450.0 
233.372 451.0 
233.488 452.0 
233.024 453.0 
233.372 454.0 
233.256 455.0 
231.864 456.0 
233.14 457.0 
233.256 458.0 
233.605 459.0 
233.605 460.0 
233.14 461.0 
232.908 462.0 
233.605 463.0 
233.488 464.0 
233.488 465.0 
233.488 466.0 
233.256 467.0 
232.908 468.0 
233.372 469.0 
233.488 470.0 
233.372 471.0 
233.488 472.0 
234.069 473.0 
233.372 474.0 
233.837 475.0 
233.488 476.0 
233.14 477.0 
233.256 478.0 
233.256 479.0 
233.14 480.0 
233.488 481.0 
233.256 482.0 
233.488 483.0 
233.14 484.0 
233.372 485.0 
233.024 486.0 
232.676 487.0 
233.605 488.0 
233.14 489.0 
233.256 490.0 
233.372 491.0 
233.372 492.0 
233.372 493.0 
233.605 494.0 
233.14 495.0 
232.908 496.0 
233.372 497.0 
233.605 498.0 
233.488 499.0 
233.14 500.0 
233.14 501.0 
233.14 502.0 
233.024 503.0 
232.792 504.0 
232.792 505.0 
233.024 506.0 
230.471 507.0 
236.042 508.0 
232.908 509.0 
233.14 510.0 
233.14 511.0 
233.372 512.0 
233.372 513.0 
233.488 514.0 
233.488 515.0 
232.676 516.0 
235.461 517.0 
232.792 518.0 
233.024 519.0 
233.14 520.0 
232.792 521.0 
233.024 522.0 
232.908 523.0 
233.14 524.0 
232.676 525.0 
233.372 526.0 
233.256 527.0 
232.444 528.0 
232.908 529.0 
232.56 530.0 
232.908 531.0 
233.721 532.0 
235.925 533.0 
233.024 534.0 
233.488 535.0 
233.256 536.0 
233.256 537.0 
232.676 538.0 
233.024 539.0 
233.14 540.0 
233.372 541.0 
232.56 542.0 
233.024 543.0 
233.024 544.0 
232.676 545.0 
233.024 546.0 
233.372 547.0 
232.792 548.0 
232.908 549.0 
233.024 550.0 
232.096 551.0 
233.488 552.0 
233.488 553.0 
232.908 554.0 
233.256 555.0 
233.256 556.0 
233.14 557.0 
233.024 558.0 
228.498 559.0 
233.256 560.0 
232.792 561.0 
232.328 562.0 
233.256 563.0 
233.14 564.0 
232.444 565.0 
233.256 566.0 
233.024 567.0 
232.676 568.0 
233.024 569.0 
233.256 570.0 
233.605 571.0 
233.256 572.0 
232.908 573.0 
232.908 574.0 
233.14 575.0 
235.809 576.0 
232.908 577.0 
233.14 578.0 
233.488 579.0 
232.908 580.0 
233.372 581.0 
233.024 582.0 
233.256 583.0 
233.14 584.0 
229.195 585.0 
233.14 586.0 
233.024 587.0 
233.024 588.0 
233.14 589.0 
233.256 590.0 
233.14 591.0 
233.372 592.0 
233.256 593.0 
233.024 594.0 
233.14 595.0 
233.024 596.0 
233.372 597.0 
233.024 598.0 
233.372 599.0 
233.372 600.0 
233.488 601.0 
233.024 602.0 
233.488 603.0 
233.256 604.0 
233.605 605.0 
233.024 606.0 
233.256 607.0 
232.908 608.0 
233.14 609.0 
233.372 610.0 
233.14 611.0 
233.372 612.0 
233.256 613.0 
233.372 614.0 
232.792 615.0 
232.676 616.0 
233.837 617.0 
232.444 618.0 
233.488 619.0 
229.427 620.0 
233.256 621.0 
232.792 622.0 
233.024 623.0 
233.256 624.0 
233.488 625.0 
232.908 626.0 
233.14 627.0 
233.372 628.0 
233.14 629.0 
233.488 630.0 
233.837 631.0 
233.372 632.0 
233.256 633.0 
235.577 634.0 
233.372 635.0 
233.372 636.0 
233.605 637.0 
233.14 638.0 
233.605 639.0 
233.605 640.0 
232.908 641.0 
233.14 642.0 
233.605 643.0 
233.256 644.0 
233.256 645.0 
232.908 646.0 
233.256 647.0 
233.256 648.0 
232.908 649.0 
233.372 650.0 
233.024 651.0 
233.256 652.0 
233.256 653.0 
233.721 654.0 
233.14 655.0 
233.14 656.0 
232.908 657.0 
233.605 658.0 
233.372 659.0 
233.488 660.0 
233.488 661.0 
233.256 662.0 
232.676 663.0 
233.024 664.0 
233.14 665.0 
233.837 666.0 
233.14 667.0 
233.024 668.0 
233.14 669.0 
233.256 670.0 
233.256 671.0 
233.024 672.0 
233.256 673.0 
233.721 674.0 
233.14 675.0 
232.908 676.0 
232.908 677.0 
233.372 678.0 
233.256 679.0 
233.605 680.0 
233.256 681.0 
232.908 682.0 
233.372 683.0 
233.14 684.0 
233.488 685.0 
233.256 686.0 
233.14 687.0 
233.256 688.0 
233.256 689.0 
233.14 690.0 
233.256 691.0 
233.605 692.0 
233.256 693.0 
233.372 694.0 
233.605 695.0 
233.14 696.0 
233.14 697.0 
233.372 698.0 
232.328 699.0 
233.024 700.0 
232.908 701.0 
233.256 702.0 
233.256 703.0 
233.024 704.0 
233.024 705.0 
233.721 706.0 
233.14 707.0 
232.792 708.0 
233.14 709.0 
233.372 710.0 
233.488 711.0 
233.372 712.0 
233.256 713.0 
233.605 714.0 
231.748 715.0 
232.908 716.0 
233.14 717.0 
233.024 718.0 
233.372 719.0 
233.372 720.0 
233.14 721.0 
233.14 722.0 
233.372 723.0 
233.488 724.0 
233.372 725.0 
233.14 726.0 
232.792 727.0 
233.024 728.0 
233.14 729.0 
233.024 730.0 
232.908 731.0 
233.256 732.0 
233.372 733.0 
233.256 734.0 
233.605 735.0 
233.372 736.0 
233.372 737.0 
233.488 738.0 
232.444 739.0 
233.256 740.0 
233.14 741.0 
233.024 742.0 
232.676 743.0 
233.024 744.0 
232.908 745.0 
233.024 746.0 
233.14 747.0 
233.024 748.0 
233.14 749.0 
233.14 750.0 
233.256 751.0 
233.372 752.0 
233.256 753.0 
233.256 754.0 
233.024 755.0 
233.14 756.0 
233.372 757.0 
233.372 758.0 
233.372 759.0 
233.488 760.0 
232.792 761.0 
233.14 762.0 
233.256 763.0 
233.256 764.0 
233.372 765.0 
233.14 766.0 
233.372 767.0 
233.14 768.0 
232.908 769.0 
233.372 770.0 
233.14 771.0 
233.256 772.0 
233.372 773.0 
233.605 774.0 
233.256 775.0 
233.14 776.0 
233.488 777.0 
233.256 778.0 
233.488 779.0 
233.256 780.0 
233.372 781.0 
233.14 782.0 
232.908 783.0 
233.256 784.0 
233.488 785.0 
233.256 786.0 
233.024 787.0 
233.256 788.0 
233.256 789.0 
233.024 790.0 
233.256 791.0 
233.488 792.0 
233.256 793.0 
233.372 794.0 
233.372 795.0 
233.372 796.0 
233.256 797.0 
233.256 798.0 
233.605 799.0 
233.256 800.0 
233.372 801.0 
233.14 802.0 
233.024 803.0 
233.256 804.0 
0.022 805.0 
0.029 806.0 
0.022 807.0 
0.034 808.0 
0.031 809.0 
0.03 810.0 
0.037 811.0 
0.041 812.0 
0.032 813.0 
0.029 814.0 
0.03 815.0 
0.028 816.0 
0.017 817.0 
0.012 818.0 
0.012 819.0 
0.006 820.0 
-0.008 821.0 
-0.016 822.0 
-0.006 823.0 
-0.013 824.0 
-0.019 825.0 
-0.026 826.0 
-0.028 827.0 
-0.025 828.0 
-0.041 829.0 
