-0.042 257.0 
-0.04 258.0 
-0.037 259.0 
-0.035 260.0 
-0.043 261.0 
-0.035 262.0 
-0.028 263.0 
-0.013 264.0 
-0.035 265.0 
-0.038 266.0 
-0.038 267.0 
-0.026 268.0 
-0.048 269.0 
-0.059 270.0 
-0.056 271.0 
-0.044 272.0 
-0.025 273.0 
-0.022 274.0 
132.377 275.0 
128.686 276.0 
128.102 277.0 
127.495 278.0 
126.992 279.0 
126.537 280.0 
125.906 281.0 
124.808 282.0 
124.271 283.0 
124.096 284.0 
124.084 285.0 
124.037 286.0 
124.084 287.0 
124.049 288.0 
124.026 289.0 
123.605 290.0 
123.652 291.0 
123.664 292.0 
123.64 293.0 
123.442 294.0 
123.407 295.0 
123.442 296.0 
123.559 297.0 
123.197 298.0 
123.15 299.0 
123.08 300.0 
122.881 301.0 
123.01 302.0 
122.636 303.0 
122.659 304.0 
122.507 305.0 
121.853 306.0 
119.576 307.0 
116.049 308.0 
112.51 309.0 
107.955 310.0 
103.306 311.0 
96.941 312.0 
88.894 313.0 
78.662 314.0 
67.859 315.0 
57.791 316.0 
49.393 317.0 
42.596 318.0 
42.07 319.0 
41.86 320.0 
41.72 321.0 
41.801 322.0 
41.79 323.0 
41.848 324.0 
41.801 325.0 
41.755 326.0 
41.778 327.0 
41.755 328.0 
42.128 329.0 
41.813 330.0 
41.766 331.0 
41.906 332.0 
41.825 333.0 
41.778 334.0 
41.801 335.0 
41.766 336.0 
41.79 337.0 
41.755 338.0 
42.117 339.0 
41.755 340.0 
41.778 341.0 
41.743 342.0 
41.696 343.0 
41.778 344.0 
41.755 345.0 
41.79 346.0 
41.778 347.0 
41.731 348.0 
41.778 349.0 
41.825 350.0 
41.731 351.0 
41.766 352.0 
41.79 353.0 
41.731 354.0 
41.685 355.0 
41.766 356.0 
41.848 357.0 
41.79 358.0 
41.813 359.0 
41.79 360.0 
41.836 361.0 
41.778 362.0 
41.801 363.0 
41.79 364.0 
41.778 365.0 
41.778 366.0 
41.79 367.0 
41.766 368.0 
41.79 369.0 
41.778 370.0 
41.79 371.0 
41.825 372.0 
41.825 373.0 
41.836 374.0 
41.813 375.0 
41.941 376.0 
41.731 377.0 
41.755 378.0 
41.766 379.0 
41.766 380.0 
41.778 381.0 
41.755 382.0 
41.79 383.0 
41.755 384.0 
41.766 385.0 
41.836 386.0 
41.743 387.0 
41.731 388.0 
41.766 389.0 
41.801 390.0 
41.848 391.0 
41.79 392.0 
41.836 393.0 
41.743 394.0 
41.813 395.0 
41.825 396.0 
41.766 397.0 
41.778 398.0 
41.696 399.0 
41.743 400.0 
41.836 401.0 
41.813 402.0 
41.848 403.0 
41.813 404.0 
41.778 405.0 
41.743 406.0 
41.79 407.0 
41.778 408.0 
41.778 409.0 
41.778 410.0 
41.825 411.0 
41.825 412.0 
42.047 413.0 
41.848 414.0 
41.778 415.0 
41.778 416.0 
41.755 417.0 
41.801 418.0 
41.79 419.0 
41.778 420.0 
41.755 421.0 
41.801 422.0 
41.825 423.0 
41.731 424.0 
41.755 425.0 
41.79 426.0 
41.825 427.0 
41.778 428.0 
41.801 429.0 
41.778 430.0 
41.836 431.0 
41.813 432.0 
41.813 433.0 
41.766 434.0 
41.766 435.0 
41.79 436.0 
41.813 437.0 
41.731 438.0 
41.72 439.0 
41.778 440.0 
41.743 441.0 
41.755 442.0 
41.778 443.0 
41.743 444.0 
41.743 445.0 
41.766 446.0 
41.813 447.0 
41.79 448.0 
42.047 449.0 
41.86 450.0 
41.801 451.0 
41.743 452.0 
41.79 453.0 
41.778 454.0 
41.79 455.0 
41.591 456.0 
41.766 457.0 
41.743 458.0 
41.801 459.0 
41.801 460.0 
41.79 461.0 
41.755 462.0 
41.825 463.0 
41.755 464.0 
41.79 465.0 
41.836 466.0 
41.79 467.0 
41.72 468.0 
41.801 469.0 
41.79 470.0 
41.79 471.0 
41.801 472.0 
41.696 473.0 
41.801 474.0 
41.813 475.0 
41.79 476.0 
41.731 477.0 
41.79 478.0 
41.731 479.0 
41.79 480.0 
41.825 481.0 
41.778 482.0 
41.801 483.0 
41.755 484.0 
41.825 485.0 
41.778 486.0 
41.801 487.0 
41.801 488.0 
41.778 489.0 
41.825 490.0 
41.836 491.0 
41.813 492.0 
41.79 493.0 
41.801 494.0 
41.731 495.0 
41.72 496.0 
41.813 497.0 
41.778 498.0 
41.743 499.0 
41.743 500.0 
41.79 501.0 
41.778 502.0 
41.731 503.0 
41.778 504.0 
41.766 505.0 
41.79 506.0 
41.614 507.0 
42.21 508.0 
41.731 509.0 
41.743 510.0 
41.755 511.0 
41.79 512.0 
41.801 513.0 
41.801 514.0 
41.79 515.0 
41.801 516.0 
42.222 517.0 
41.685 518.0 
41.696 519.0 
41.72 520.0 
41.72 521.0 
41.778 522.0 
41.708 523.0 
41.755 524.0 
41.72 525.0 
41.743 526.0 
41.743 527.0 
41.731 528.0 
41.708 529.0 
41.696 530.0 
41.72 531.0 
41.813 532.0 
42.082 533.0 
41.778 534.0 
41.755 535.0 
41.755 536.0 
41.778 537.0 
41.766 538.0 
41.708 539.0 
41.731 540.0 
41.79 541.0 
41.731 542.0 
41.801 543.0 
41.755 544.0 
41.696 545.0 
41.696 546.0 
41.79 547.0 
41.72 548.0 
41.766 549.0 
41.743 550.0 
41.649 551.0 
41.79 552.0 
41.766 553.0 
41.743 554.0 
41.708 555.0 
41.778 556.0 
41.755 557.0 
41.708 558.0 
41.066 559.0 
41.766 560.0 
41.72 561.0 
41.649 562.0 
41.766 563.0 
41.731 564.0 
41.661 565.0 
41.743 566.0 
41.79 567.0 
41.708 568.0 
41.731 569.0 
41.72 570.0 
41.766 571.0 
41.778 572.0 
41.72 573.0 
41.731 574.0 
41.743 575.0 
41.953 576.0 
41.731 577.0 
41.72 578.0 
41.778 579.0 
41.743 580.0 
41.79 581.0 
41.755 582.0 
41.79 583.0 
41.755 584.0 
41.322 585.0 
41.813 586.0 
41.743 587.0 
41.778 588.0 
41.731 589.0 
41.79 590.0 
41.755 591.0 
41.766 592.0 
41.755 593.0 
41.79 594.0 
41.731 595.0 
41.72 596.0 
41.72 597.0 
41.801 598.0 
41.755 599.0 
41.755 600.0 
41.801 601.0 
41.766 602.0 
41.79 603.0 
41.743 604.0 
41.79 605.0 
41.743 606.0 
41.801 607.0 
41.731 608.0 
41.79 609.0 
41.825 610.0 
41.743 611.0 
41.79 612.0 
41.72 613.0 
41.778 614.0 
41.708 615.0 
41.755 616.0 
41.766 617.0 
41.673 618.0 
41.755 619.0 
41.404 620.0 
41.731 621.0 
41.755 622.0 
41.673 623.0 
41.708 624.0 
41.825 625.0 
41.72 626.0 
41.778 627.0 
41.778 628.0 
41.755 629.0 
41.755 630.0 
41.79 631.0 
41.731 632.0 
41.801 633.0 
42.105 634.0 
41.743 635.0 
41.755 636.0 
41.766 637.0 
41.72 638.0 
41.766 639.0 
41.79 640.0 
41.708 641.0 
41.696 642.0 
41.801 643.0 
41.708 644.0 
41.778 645.0 
41.755 646.0 
41.778 647.0 
41.731 648.0 
41.766 649.0 
41.778 650.0 
41.72 651.0 
41.696 652.0 
41.731 653.0 
41.813 654.0 
41.685 655.0 
41.766 656.0 
41.755 657.0 
41.79 658.0 
41.731 659.0 
41.755 660.0 
41.743 661.0 
41.813 662.0 
41.731 663.0 
41.755 664.0 
41.766 665.0 
41.813 666.0 
41.72 667.0 
41.755 668.0 
41.79 669.0 
41.801 670.0 
41.731 671.0 
41.708 672.0 
41.766 673.0 
41.766 674.0 
41.755 675.0 
41.708 676.0 
41.708 677.0 
41.755 678.0 
41.778 679.0 
41.778 680.0 
41.731 681.0 
41.731 682.0 
41.755 683.0 
41.766 684.0 
41.778 685.0 
41.801 686.0 
41.696 687.0 
41.755 688.0 
41.79 689.0 
41.755 690.0 
41.766 691.0 
41.766 692.0 
41.731 693.0 
41.743 694.0 
41.755 695.0 
41.766 696.0 
41.778 697.0 
41.79 698.0 
41.591 699.0 
41.708 700.0 
41.72 701.0 
41.743 702.0 
41.755 703.0 
41.79 704.0 
41.731 705.0 
41.801 706.0 
41.731 707.0 
41.731 708.0 
41.72 709.0 
41.72 710.0 
41.755 711.0 
41.79 712.0 
41.813 713.0 
41.825 714.0 
41.568 715.0 
41.72 716.0 
41.638 717.0 
41.72 718.0 
41.731 719.0 
41.731 720.0 
41.766 721.0 
41.743 722.0 
41.778 723.0 
41.825 724.0 
41.801 725.0 
41.72 726.0 
41.696 727.0 
41.708 728.0 
41.731 729.0 
41.743 730.0 
41.743 731.0 
41.743 732.0 
41.766 733.0 
41.778 734.0 
41.778 735.0 
41.766 736.0 
41.766 737.0 
41.801 738.0 
41.626 739.0 
41.708 740.0 
41.696 741.0 
41.696 742.0 
41.708 743.0 
41.708 744.0 
41.72 745.0 
41.731 746.0 
41.72 747.0 
41.731 748.0 
41.731 749.0 
41.743 750.0 
41.755 751.0 
41.731 752.0 
41.755 753.0 
41.731 754.0 
41.708 755.0 
41.731 756.0 
41.72 757.0 
41.743 758.0 
41.743 759.0 
41.755 760.0 
41.743 761.0 
41.778 762.0 
41.766 763.0 
41.778 764.0 
41.743 765.0 
41.778 766.0 
41.778 767.0 
41.766 768.0 
41.778 769.0 
41.743 770.0 
41.755 771.0 
41.743 772.0 
41.755 773.0 
41.755 774.0 
41.743 775.0 
41.743 776.0 
41.755 777.0 
41.755 778.0 
41.766 779.0 
41.755 780.0 
41.766 781.0 
41.743 782.0 
41.755 783.0 
41.731 784.0 
41.731 785.0 
41.766 786.0 
41.778 787.0 
41.766 788.0 
41.766 789.0 
41.766 790.0 
41.766 791.0 
41.766 792.0 
41.766 793.0 
41.755 794.0 
41.743 795.0 
41.755 796.0 
41.755 797.0 
41.743 798.0 
41.766 799.0 
41.79 800.0 
41.755 801.0 
41.778 802.0 
41.731 803.0 
41.766 804.0 
0.002 805.0 
0.004 806.0 
-0.004 807.0 
0.002 808.0 
0.002 809.0 
-0.007 810.0 
-0.006 811.0 
-0.014 812.0 
-0.001 813.0 
-0.016 814.0 
-0.018 815.0 
-0.024 816.0 
-0.026 817.0 
-0.023 818.0 
-0.019 819.0 
-0.025 820.0 
-0.023 821.0 
-0.019 822.0 
-0.017 823.0 
-0.018 824.0 
-0.02 825.0 
-0.016 826.0 
-0.01 827.0 
-0.006 828.0 
-0.002 829.0 
