-0.02 257.0 
-0.031 258.0 
-0.025 259.0 
-0.023 260.0 
-0.046 261.0 
-0.032 262.0 
-0.032 263.0 
-0.05 264.0 
-0.038 265.0 
-0.069 266.0 
-0.031 267.0 
-0.04 268.0 
-0.042 269.0 
-0.037 270.0 
-0.032 271.0 
-0.053 272.0 
-0.04 273.0 
-0.041 274.0 
151.87 275.0 
148.611 276.0 
147.49 277.0 
145.89 278.0 
143.881 279.0 
141.487 280.0 
139.291 281.0 
136.196 282.0 
132.926 283.0 
131.197 284.0 
130.753 285.0 
130.403 286.0 
130.251 287.0 
129.936 288.0 
129.69 289.0 
129.013 290.0 
128.873 291.0 
128.721 292.0 
128.522 293.0 
128.055 294.0 
127.845 295.0 
127.74 296.0 
127.693 297.0 
127.203 298.0 
127.016 299.0 
126.735 300.0 
126.432 301.0 
126.42 302.0 
125.965 303.0 
125.941 304.0 
125.719 305.0 
125.334 306.0 
124.306 307.0 
122.391 308.0 
120.031 309.0 
116.773 310.0 
113.374 311.0 
109.496 312.0 
105.607 313.0 
100.994 314.0 
96.275 315.0 
91.743 316.0 
87.609 317.0 
84.233 318.0 
83.988 319.0 
83.766 320.0 
83.579 321.0 
83.579 322.0 
83.439 323.0 
83.521 324.0 
83.439 325.0 
83.346 326.0 
83.427 327.0 
83.369 328.0 
83.591 329.0 
83.416 330.0 
83.381 331.0 
83.614 332.0 
83.486 333.0 
83.346 334.0 
83.322 335.0 
83.416 336.0 
83.451 337.0 
83.311 338.0 
83.719 339.0 
83.392 340.0 
83.416 341.0 
83.381 342.0 
83.369 343.0 
83.416 344.0 
83.381 345.0 
83.346 346.0 
83.322 347.0 
83.346 348.0 
83.416 349.0 
83.427 350.0 
83.357 351.0 
83.427 352.0 
83.357 353.0 
83.334 354.0 
83.322 355.0 
83.404 356.0 
83.498 357.0 
83.346 358.0 
83.486 359.0 
83.369 360.0 
83.451 361.0 
83.392 362.0 
83.381 363.0 
83.322 364.0 
83.381 365.0 
83.404 366.0 
83.416 367.0 
83.322 368.0 
83.346 369.0 
83.357 370.0 
83.416 371.0 
83.439 372.0 
83.439 373.0 
83.474 374.0 
83.486 375.0 
83.544 376.0 
83.369 377.0 
83.369 378.0 
83.369 379.0 
83.381 380.0 
83.357 381.0 
83.451 382.0 
83.381 383.0 
83.357 384.0 
83.369 385.0 
83.463 386.0 
83.357 387.0 
83.334 388.0 
83.416 389.0 
83.416 390.0 
83.346 391.0 
83.346 392.0 
83.451 393.0 
83.276 394.0 
83.357 395.0 
83.486 396.0 
83.322 397.0 
83.392 398.0 
83.252 399.0 
83.299 400.0 
83.79 401.0 
83.381 402.0 
83.451 403.0 
83.392 404.0 
83.346 405.0 
83.322 406.0 
83.392 407.0 
83.334 408.0 
83.357 409.0 
83.311 410.0 
83.357 411.0 
83.463 412.0 
83.638 413.0 
83.416 414.0 
83.346 415.0 
83.392 416.0 
83.346 417.0 
83.392 418.0 
83.404 419.0 
83.322 420.0 
83.357 421.0 
83.392 422.0 
83.439 423.0 
83.357 424.0 
83.381 425.0 
83.404 426.0 
83.427 427.0 
83.334 428.0 
83.381 429.0 
83.381 430.0 
83.416 431.0 
83.416 432.0 
83.416 433.0 
83.311 434.0 
83.322 435.0 
83.322 436.0 
83.346 437.0 
83.334 438.0 
83.322 439.0 
83.299 440.0 
83.346 441.0 
83.357 442.0 
83.369 443.0 
83.346 444.0 
83.346 445.0 
83.346 446.0 
83.474 447.0 
83.719 448.0 
83.661 449.0 
83.392 450.0 
83.357 451.0 
83.369 452.0 
83.334 453.0 
83.264 454.0 
83.392 455.0 
83.194 456.0 
83.322 457.0 
83.334 458.0 
83.392 459.0 
83.439 460.0 
83.392 461.0 
83.346 462.0 
83.451 463.0 
83.311 464.0 
83.369 465.0 
83.463 466.0 
83.369 467.0 
83.334 468.0 
83.381 469.0 
83.346 470.0 
83.311 471.0 
83.381 472.0 
83.276 473.0 
83.381 474.0 
83.451 475.0 
83.357 476.0 
83.299 477.0 
83.346 478.0 
83.252 479.0 
83.357 480.0 
83.451 481.0 
83.369 482.0 
83.404 483.0 
83.299 484.0 
83.404 485.0 
83.287 486.0 
83.357 487.0 
83.427 488.0 
83.299 489.0 
83.311 490.0 
83.404 491.0 
83.346 492.0 
83.311 493.0 
83.381 494.0 
83.287 495.0 
83.299 496.0 
83.357 497.0 
83.427 498.0 
83.287 499.0 
83.322 500.0 
83.322 501.0 
83.381 502.0 
83.264 503.0 
83.276 504.0 
83.357 505.0 
83.357 506.0 
83.241 507.0 
83.287 508.0 
83.206 509.0 
83.241 510.0 
83.311 511.0 
83.346 512.0 
83.334 513.0 
83.369 514.0 
83.521 515.0 
83.264 516.0 
83.708 517.0 
83.194 518.0 
83.229 519.0 
83.252 520.0 
83.264 521.0 
83.252 522.0 
83.229 523.0 
83.252 524.0 
83.241 525.0 
83.264 526.0 
83.171 527.0 
83.229 528.0 
83.241 529.0 
83.206 530.0 
83.182 531.0 
83.322 532.0 
83.579 533.0 
83.229 534.0 
83.241 535.0 
83.182 536.0 
83.159 537.0 
83.077 538.0 
83.042 539.0 
83.007 540.0 
83.135 541.0 
83.089 542.0 
83.065 543.0 
83.007 544.0 
82.925 545.0 
82.914 546.0 
83.007 547.0 
82.984 548.0 
82.937 549.0 
82.902 550.0 
82.808 551.0 
82.96 552.0 
82.937 553.0 
82.843 554.0 
82.808 555.0 
82.949 556.0 
82.89 557.0 
82.808 558.0 
82.645 559.0 
82.925 560.0 
82.843 561.0 
82.785 562.0 
82.925 563.0 
82.855 564.0 
82.797 565.0 
82.937 566.0 
82.879 567.0 
82.808 568.0 
82.867 569.0 
82.855 570.0 
82.937 571.0 
82.902 572.0 
82.808 573.0 
82.89 574.0 
82.843 575.0 
83.381 576.0 
82.867 577.0 
82.832 578.0 
82.972 579.0 
82.89 580.0 
82.984 581.0 
82.879 582.0 
82.984 583.0 
82.902 584.0 
82.762 585.0 
82.925 586.0 
82.808 587.0 
82.937 588.0 
82.843 589.0 
82.972 590.0 
82.867 591.0 
82.96 592.0 
82.879 593.0 
82.937 594.0 
82.867 595.0 
82.925 596.0 
82.82 597.0 
82.867 598.0 
82.82 599.0 
82.867 600.0 
82.995 601.0 
82.843 602.0 
82.972 603.0 
82.867 604.0 
82.96 605.0 
82.867 606.0 
82.949 607.0 
82.82 608.0 
82.902 609.0 
82.972 610.0 
82.867 611.0 
82.984 612.0 
82.879 613.0 
82.855 614.0 
82.785 615.0 
82.82 616.0 
82.96 617.0 
82.843 618.0 
82.914 619.0 
82.773 620.0 
82.867 621.0 
82.914 622.0 
82.832 623.0 
82.867 624.0 
82.984 625.0 
82.879 626.0 
82.972 627.0 
82.984 628.0 
82.855 629.0 
82.914 630.0 
82.995 631.0 
82.843 632.0 
82.949 633.0 
83.217 634.0 
82.843 635.0 
82.937 636.0 
82.984 637.0 
82.867 638.0 
82.855 639.0 
82.984 640.0 
82.808 641.0 
82.832 642.0 
82.949 643.0 
82.797 644.0 
82.785 645.0 
82.949 646.0 
82.995 647.0 
82.797 648.0 
82.902 649.0 
82.925 650.0 
82.797 651.0 
82.855 652.0 
82.89 653.0 
82.949 654.0 
82.808 655.0 
82.773 656.0 
82.914 657.0 
82.949 658.0 
82.832 659.0 
82.914 660.0 
82.972 661.0 
82.949 662.0 
82.808 663.0 
82.89 664.0 
82.937 665.0 
82.984 666.0 
82.855 667.0 
82.867 668.0 
82.914 669.0 
82.995 670.0 
82.808 671.0 
82.867 672.0 
82.89 673.0 
82.925 674.0 
82.96 675.0 
82.832 676.0 
82.843 677.0 
82.902 678.0 
82.925 679.0 
82.984 680.0 
82.797 681.0 
82.867 682.0 
82.879 683.0 
82.914 684.0 
82.96 685.0 
83.019 686.0 
82.773 687.0 
82.832 688.0 
82.855 689.0 
82.914 690.0 
82.949 691.0 
82.949 692.0 
82.82 693.0 
82.855 694.0 
82.855 695.0 
82.914 696.0 
82.867 697.0 
82.984 698.0 
82.762 699.0 
82.832 700.0 
82.843 701.0 
82.89 702.0 
82.867 703.0 
82.937 704.0 
82.949 705.0 
82.96 706.0 
82.797 707.0 
82.832 708.0 
82.843 709.0 
82.843 710.0 
82.925 711.0 
82.925 712.0 
82.96 713.0 
82.96 714.0 
82.762 715.0 
82.785 716.0 
82.785 717.0 
82.82 718.0 
82.843 719.0 
82.914 720.0 
82.902 721.0 
82.914 722.0 
82.914 723.0 
82.96 724.0 
83.019 725.0 
82.762 726.0 
82.82 727.0 
82.82 728.0 
82.843 729.0 
82.867 730.0 
82.879 731.0 
82.867 732.0 
82.925 733.0 
82.949 734.0 
82.949 735.0 
82.914 736.0 
82.925 737.0 
82.96 738.0 
82.773 739.0 
82.762 740.0 
82.797 741.0 
82.797 742.0 
82.832 743.0 
82.797 744.0 
82.843 745.0 
82.843 746.0 
82.832 747.0 
82.879 748.0 
82.867 749.0 
82.879 750.0 
82.855 751.0 
82.902 752.0 
82.855 753.0 
82.843 754.0 
82.879 755.0 
82.867 756.0 
82.879 757.0 
82.89 758.0 
82.879 759.0 
82.89 760.0 
82.89 761.0 
82.902 762.0 
82.879 763.0 
82.89 764.0 
82.914 765.0 
82.914 766.0 
82.914 767.0 
82.902 768.0 
82.925 769.0 
82.914 770.0 
82.949 771.0 
82.925 772.0 
82.925 773.0 
82.914 774.0 
82.867 775.0 
82.925 776.0 
82.914 777.0 
82.902 778.0 
82.914 779.0 
82.902 780.0 
82.925 781.0 
82.89 782.0 
82.89 783.0 
82.925 784.0 
82.902 785.0 
82.879 786.0 
82.925 787.0 
82.914 788.0 
82.925 789.0 
82.925 790.0 
82.879 791.0 
82.914 792.0 
82.914 793.0 
82.89 794.0 
82.843 795.0 
82.867 796.0 
82.879 797.0 
82.832 798.0 
82.879 799.0 
82.879 800.0 
82.879 801.0 
82.902 802.0 
82.867 803.0 
82.855 804.0 
0.013 805.0 
0.011 806.0 
0.011 807.0 
0.011 808.0 
0.004 809.0 
-0.002 810.0 
-0.002 811.0 
-0.007 812.0 
-0.019 813.0 
-0.025 814.0 
-0.032 815.0 
-0.041 816.0 
-0.043 817.0 
-0.047 818.0 
-0.049 819.0 
-0.059 820.0 
-0.053 821.0 
-0.048 822.0 
-0.052 823.0 
-0.049 824.0 
-0.044 825.0 
-0.054 826.0 
-0.037 827.0 
-0.037 828.0 
-0.037 829.0 
