-0.023 257.0 
-0.032 258.0 
-0.049 259.0 
-0.04 260.0 
-0.038 261.0 
-0.026 262.0 
-0.019 263.0 
-0.052 264.0 
-0.05 265.0 
-0.167 266.0 
-0.037 267.0 
-0.022 268.0 
-0.04 269.0 
-0.038 270.0 
-0.042 271.0 
-0.023 272.0 
-0.032 273.0 
-0.055 274.0 
146.229 275.0 
143.531 276.0 
142.468 277.0 
141.09 278.0 
139.501 279.0 
137.411 280.0 
135.589 281.0 
133.206 282.0 
129.901 283.0 
128.406 284.0 
128.009 285.0 
127.682 286.0 
127.623 287.0 
127.366 288.0 
127.179 289.0 
126.514 290.0 
126.42 291.0 
126.28 292.0 
126.163 293.0 
125.953 294.0 
125.591 295.0 
125.451 296.0 
125.392 297.0 
124.843 298.0 
124.656 299.0 
124.645 300.0 
124.178 301.0 
124.119 302.0 
123.617 303.0 
123.57 304.0 
123.453 305.0 
122.811 306.0 
121.725 307.0 
119.529 308.0 
116.819 309.0 
113.187 310.0 
109.66 311.0 
105.759 312.0 
101.998 313.0 
97.793 314.0 
93.729 315.0 
89.781 316.0 
86.231 317.0 
83.217 318.0 
83.007 319.0 
82.855 320.0 
82.715 321.0 
82.738 322.0 
82.622 323.0 
82.645 324.0 
82.575 325.0 
82.505 326.0 
82.563 327.0 
82.505 328.0 
82.692 329.0 
82.633 330.0 
82.551 331.0 
82.785 332.0 
82.645 333.0 
82.563 334.0 
82.551 335.0 
82.645 336.0 
82.633 337.0 
82.528 338.0 
82.703 339.0 
82.575 340.0 
82.587 341.0 
82.563 342.0 
82.68 343.0 
82.598 344.0 
82.563 345.0 
82.516 346.0 
82.47 347.0 
82.528 348.0 
82.598 349.0 
82.575 350.0 
82.516 351.0 
82.575 352.0 
82.551 353.0 
82.47 354.0 
82.505 355.0 
82.587 356.0 
82.633 357.0 
82.563 358.0 
82.657 359.0 
82.587 360.0 
82.633 361.0 
82.598 362.0 
82.587 363.0 
82.505 364.0 
82.493 365.0 
82.528 366.0 
82.551 367.0 
82.54 368.0 
82.528 369.0 
82.516 370.0 
82.563 371.0 
82.622 372.0 
82.587 373.0 
82.61 374.0 
82.668 375.0 
82.914 376.0 
82.54 377.0 
82.54 378.0 
82.587 379.0 
82.563 380.0 
82.575 381.0 
82.657 382.0 
82.598 383.0 
82.551 384.0 
82.528 385.0 
82.622 386.0 
82.493 387.0 
82.516 388.0 
82.575 389.0 
82.575 390.0 
82.54 391.0 
82.54 392.0 
82.622 393.0 
82.493 394.0 
82.598 395.0 
82.668 396.0 
82.528 397.0 
82.598 398.0 
82.481 399.0 
82.493 400.0 
82.633 401.0 
82.61 402.0 
82.692 403.0 
82.563 404.0 
82.54 405.0 
82.493 406.0 
82.563 407.0 
82.516 408.0 
82.528 409.0 
82.493 410.0 
82.528 411.0 
82.587 412.0 
82.925 413.0 
82.587 414.0 
82.54 415.0 
82.575 416.0 
82.505 417.0 
82.61 418.0 
82.598 419.0 
82.516 420.0 
82.575 421.0 
82.575 422.0 
82.622 423.0 
82.516 424.0 
82.528 425.0 
82.563 426.0 
82.563 427.0 
82.516 428.0 
82.528 429.0 
82.551 430.0 
82.563 431.0 
82.563 432.0 
82.587 433.0 
82.516 434.0 
82.54 435.0 
82.54 436.0 
82.563 437.0 
82.505 438.0 
82.505 439.0 
82.47 440.0 
82.563 441.0 
82.528 442.0 
82.587 443.0 
82.54 444.0 
82.516 445.0 
82.505 446.0 
82.622 447.0 
82.563 448.0 
82.645 449.0 
82.587 450.0 
82.528 451.0 
82.493 452.0 
82.516 453.0 
82.47 454.0 
82.598 455.0 
82.423 456.0 
82.528 457.0 
82.493 458.0 
82.587 459.0 
82.598 460.0 
82.563 461.0 
82.54 462.0 
82.657 463.0 
82.587 464.0 
82.505 465.0 
82.598 466.0 
82.54 467.0 
82.47 468.0 
82.563 469.0 
82.54 470.0 
82.481 471.0 
82.481 472.0 
82.435 473.0 
82.54 474.0 
82.633 475.0 
82.551 476.0 
82.458 477.0 
82.551 478.0 
82.47 479.0 
82.551 480.0 
82.622 481.0 
82.54 482.0 
82.598 483.0 
82.505 484.0 
82.551 485.0 
82.435 486.0 
82.516 487.0 
82.587 488.0 
82.516 489.0 
82.516 490.0 
82.563 491.0 
82.505 492.0 
82.505 493.0 
82.587 494.0 
82.493 495.0 
82.47 496.0 
82.516 497.0 
82.61 498.0 
82.47 499.0 
82.493 500.0 
82.563 501.0 
82.587 502.0 
82.458 503.0 
82.481 504.0 
82.493 505.0 
82.528 506.0 
82.458 507.0 
82.563 508.0 
82.388 509.0 
82.47 510.0 
82.505 511.0 
82.493 512.0 
82.54 513.0 
82.516 514.0 
82.551 515.0 
82.54 516.0 
82.832 517.0 
82.388 518.0 
82.411 519.0 
82.423 520.0 
82.446 521.0 
82.458 522.0 
82.458 523.0 
82.435 524.0 
82.423 525.0 
82.4 526.0 
82.411 527.0 
82.4 528.0 
82.388 529.0 
82.33 530.0 
82.318 531.0 
82.481 532.0 
82.75 533.0 
82.423 534.0 
82.423 535.0 
82.388 536.0 
82.341 537.0 
82.283 538.0 
82.248 539.0 
82.189 540.0 
82.341 541.0 
82.236 542.0 
82.213 543.0 
82.178 544.0 
82.131 545.0 
82.096 546.0 
82.201 547.0 
82.119 548.0 
82.073 549.0 
82.026 550.0 
82.003 551.0 
82.108 552.0 
82.061 553.0 
82.003 554.0 
82.003 555.0 
82.119 556.0 
82.061 557.0 
81.991 558.0 
81.769 559.0 
82.073 560.0 
82.026 561.0 
81.968 562.0 
82.084 563.0 
81.944 564.0 
81.932 565.0 
82.084 566.0 
82.049 567.0 
81.944 568.0 
82.026 569.0 
81.991 570.0 
82.084 571.0 
82.003 572.0 
81.932 573.0 
82.073 574.0 
81.968 575.0 
82.4 576.0 
82.026 577.0 
81.991 578.0 
82.108 579.0 
82.026 580.0 
82.154 581.0 
82.049 582.0 
82.119 583.0 
82.073 584.0 
81.851 585.0 
82.073 586.0 
82.014 587.0 
82.073 588.0 
82.014 589.0 
82.108 590.0 
82.026 591.0 
82.084 592.0 
82.038 593.0 
82.119 594.0 
82.026 595.0 
82.096 596.0 
82.026 597.0 
82.061 598.0 
81.979 599.0 
82.003 600.0 
82.154 601.0 
82.084 602.0 
82.096 603.0 
82.026 604.0 
82.131 605.0 
81.991 606.0 
82.084 607.0 
81.968 608.0 
82.038 609.0 
82.119 610.0 
82.061 611.0 
82.119 612.0 
81.991 613.0 
82.096 614.0 
81.956 615.0 
81.991 616.0 
82.119 617.0 
81.979 618.0 
82.096 619.0 
81.921 620.0 
82.026 621.0 
82.131 622.0 
81.979 623.0 
82.014 624.0 
82.119 625.0 
82.003 626.0 
82.061 627.0 
82.119 628.0 
81.991 629.0 
82.061 630.0 
82.143 631.0 
82.003 632.0 
82.061 633.0 
82.388 634.0 
82.014 635.0 
82.108 636.0 
82.143 637.0 
82.014 638.0 
81.979 639.0 
82.131 640.0 
82.014 641.0 
82.003 642.0 
82.131 643.0 
81.944 644.0 
81.968 645.0 
82.073 646.0 
82.131 647.0 
82.026 648.0 
82.049 649.0 
82.131 650.0 
81.956 651.0 
81.968 652.0 
82.073 653.0 
82.108 654.0 
81.979 655.0 
82.014 656.0 
82.108 657.0 
82.131 658.0 
82.014 659.0 
82.084 660.0 
82.108 661.0 
82.131 662.0 
82.014 663.0 
82.049 664.0 
82.119 665.0 
82.143 666.0 
81.979 667.0 
82.038 668.0 
82.061 669.0 
82.131 670.0 
81.956 671.0 
82.014 672.0 
82.049 673.0 
82.096 674.0 
82.143 675.0 
81.991 676.0 
82.003 677.0 
82.061 678.0 
82.096 679.0 
82.143 680.0 
81.979 681.0 
82.014 682.0 
82.061 683.0 
82.084 684.0 
82.073 685.0 
82.119 686.0 
81.909 687.0 
82.014 688.0 
82.038 689.0 
82.073 690.0 
82.119 691.0 
82.143 692.0 
81.968 693.0 
82.026 694.0 
82.014 695.0 
82.084 696.0 
82.026 697.0 
82.131 698.0 
81.921 699.0 
82.014 700.0 
82.061 701.0 
82.038 702.0 
82.061 703.0 
82.073 704.0 
82.108 705.0 
82.143 706.0 
81.979 707.0 
82.003 708.0 
82.038 709.0 
81.956 710.0 
82.061 711.0 
82.073 712.0 
82.096 713.0 
82.131 714.0 
81.968 715.0 
81.979 716.0 
81.932 717.0 
82.014 718.0 
82.038 719.0 
82.038 720.0 
82.073 721.0 
82.061 722.0 
82.119 723.0 
82.131 724.0 
82.119 725.0 
81.909 726.0 
81.979 727.0 
81.991 728.0 
82.003 729.0 
82.026 730.0 
82.038 731.0 
82.014 732.0 
82.061 733.0 
82.096 734.0 
82.131 735.0 
82.049 736.0 
82.119 737.0 
82.143 738.0 
81.932 739.0 
81.956 740.0 
81.944 741.0 
81.968 742.0 
81.979 743.0 
81.979 744.0 
81.956 745.0 
81.968 746.0 
82.026 747.0 
82.014 748.0 
82.003 749.0 
81.991 750.0 
82.014 751.0 
82.026 752.0 
82.073 753.0 
82.038 754.0 
82.049 755.0 
82.061 756.0 
82.026 757.0 
82.049 758.0 
82.073 759.0 
82.061 760.0 
82.038 761.0 
82.073 762.0 
82.084 763.0 
82.073 764.0 
82.073 765.0 
82.026 766.0 
82.084 767.0 
82.096 768.0 
82.038 769.0 
82.073 770.0 
82.038 771.0 
82.073 772.0 
82.084 773.0 
82.096 774.0 
82.073 775.0 
82.073 776.0 
82.061 777.0 
82.049 778.0 
82.084 779.0 
82.049 780.0 
82.061 781.0 
82.049 782.0 
82.073 783.0 
82.049 784.0 
82.014 785.0 
82.061 786.0 
82.049 787.0 
82.073 788.0 
82.061 789.0 
82.084 790.0 
82.049 791.0 
82.049 792.0 
82.038 793.0 
82.038 794.0 
82.014 795.0 
82.026 796.0 
82.026 797.0 
82.014 798.0 
82.026 799.0 
82.049 800.0 
82.061 801.0 
82.026 802.0 
82.049 803.0 
82.014 804.0 
0.006 805.0 
-0.001 806.0 
-0.002 807.0 
-0.002 808.0 
-0.011 809.0 
-0.01 810.0 
-0.01 811.0 
-0.018 812.0 
-0.018 813.0 
-0.029 814.0 
-0.032 815.0 
-0.037 816.0 
-0.036 817.0 
-0.036 818.0 
-0.05 819.0 
-0.043 820.0 
-0.048 821.0 
-0.042 822.0 
-0.044 823.0 
-0.053 824.0 
-0.043 825.0 
-0.047 826.0 
-0.046 827.0 
-0.038 828.0 
-0.043 829.0 
