-0.024 257.0 
-0.029 258.0 
-0.037 259.0 
-0.031 260.0 
-0.019 261.0 
-0.02 262.0 
-0.022 263.0 
-0.032 264.0 
-0.022 265.0 
-0.028 266.0 
-0.028 267.0 
-0.029 268.0 
-0.028 269.0 
-0.023 270.0 
-0.02 271.0 
-0.014 272.0 
-0.026 273.0 
-0.013 274.0 
146.918 275.0 
144.056 276.0 
142.655 277.0 
140.879 278.0 
138.917 279.0 
136.5 280.0 
134.643 281.0 
132.33 282.0 
128.896 283.0 
127.471 284.0 
126.992 285.0 
126.7 286.0 
126.455 287.0 
126.151 288.0 
125.895 289.0 
125.311 290.0 
125.1 291.0 
124.902 292.0 
124.68 293.0 
124.575 294.0 
124.049 295.0 
123.886 296.0 
123.816 297.0 
123.325 298.0 
123.091 299.0 
122.998 300.0 
122.426 301.0 
122.356 302.0 
121.772 303.0 
121.631 304.0 
121.503 305.0 
120.826 306.0 
119.471 307.0 
117.03 308.0 
114.297 309.0 
110.618 310.0 
107.044 311.0 
102.781 312.0 
98.623 313.0 
94.441 314.0 
90.832 315.0 
87.165 316.0 
83.953 317.0 
81.208 318.0 
81.115 319.0 
80.905 320.0 
80.823 321.0 
80.788 322.0 
80.624 323.0 
80.694 324.0 
80.624 325.0 
80.694 326.0 
80.601 327.0 
80.543 328.0 
80.741 329.0 
80.636 330.0 
80.566 331.0 
80.636 332.0 
80.671 333.0 
80.554 334.0 
80.835 335.0 
80.671 336.0 
80.601 337.0 
80.519 338.0 
80.671 339.0 
80.566 340.0 
80.578 341.0 
80.578 342.0 
80.718 343.0 
80.613 344.0 
80.566 345.0 
80.566 346.0 
80.496 347.0 
80.519 348.0 
80.601 349.0 
80.578 350.0 
80.589 351.0 
80.671 352.0 
80.543 353.0 
80.543 354.0 
80.578 355.0 
80.648 356.0 
80.671 357.0 
80.636 358.0 
80.729 359.0 
80.589 360.0 
80.694 361.0 
80.601 362.0 
80.636 363.0 
80.589 364.0 
80.566 365.0 
80.624 366.0 
80.624 367.0 
80.578 368.0 
80.601 369.0 
80.613 370.0 
80.613 371.0 
80.624 372.0 
80.648 373.0 
80.659 374.0 
80.694 375.0 
80.94 376.0 
80.484 377.0 
80.566 378.0 
80.624 379.0 
80.601 380.0 
80.613 381.0 
80.706 382.0 
80.589 383.0 
80.589 384.0 
80.554 385.0 
80.683 386.0 
80.578 387.0 
80.531 388.0 
80.624 389.0 
80.624 390.0 
80.613 391.0 
80.566 392.0 
80.671 393.0 
80.519 394.0 
80.636 395.0 
80.729 396.0 
80.566 397.0 
80.601 398.0 
80.543 399.0 
80.554 400.0 
80.683 401.0 
80.648 402.0 
80.694 403.0 
80.636 404.0 
80.578 405.0 
80.543 406.0 
80.613 407.0 
80.531 408.0 
80.601 409.0 
80.519 410.0 
80.589 411.0 
80.601 412.0 
81.033 413.0 
80.659 414.0 
80.578 415.0 
80.648 416.0 
80.543 417.0 
80.659 418.0 
80.648 419.0 
80.554 420.0 
80.601 421.0 
80.648 422.0 
80.648 423.0 
80.578 424.0 
80.566 425.0 
80.589 426.0 
80.659 427.0 
80.554 428.0 
80.566 429.0 
80.578 430.0 
80.613 431.0 
80.613 432.0 
80.671 433.0 
80.554 434.0 
80.566 435.0 
80.566 436.0 
80.636 437.0 
80.554 438.0 
80.531 439.0 
80.543 440.0 
80.578 441.0 
80.578 442.0 
80.589 443.0 
80.578 444.0 
80.566 445.0 
80.519 446.0 
80.648 447.0 
80.671 448.0 
80.905 449.0 
80.671 450.0 
80.601 451.0 
80.531 452.0 
80.519 453.0 
80.508 454.0 
80.624 455.0 
80.601 456.0 
80.566 457.0 
80.519 458.0 
80.648 459.0 
80.636 460.0 
80.601 461.0 
80.554 462.0 
80.659 463.0 
80.601 464.0 
80.578 465.0 
80.636 466.0 
80.601 467.0 
80.508 468.0 
80.624 469.0 
80.531 470.0 
80.531 471.0 
80.578 472.0 
80.496 473.0 
80.601 474.0 
80.659 475.0 
80.613 476.0 
80.496 477.0 
80.578 478.0 
80.519 479.0 
80.589 480.0 
80.683 481.0 
80.578 482.0 
80.671 483.0 
80.531 484.0 
80.578 485.0 
80.508 486.0 
80.554 487.0 
80.613 488.0 
80.519 489.0 
80.566 490.0 
80.648 491.0 
80.566 492.0 
80.613 493.0 
80.636 494.0 
80.519 495.0 
80.554 496.0 
80.601 497.0 
80.659 498.0 
80.508 499.0 
80.566 500.0 
80.636 501.0 
80.624 502.0 
80.484 503.0 
80.508 504.0 
80.519 505.0 
80.566 506.0 
80.484 507.0 
80.589 508.0 
80.449 509.0 
80.508 510.0 
80.554 511.0 
80.543 512.0 
80.543 513.0 
80.589 514.0 
80.601 515.0 
80.601 516.0 
80.881 517.0 
80.379 518.0 
80.461 519.0 
80.484 520.0 
80.484 521.0 
80.496 522.0 
80.449 523.0 
80.449 524.0 
80.437 525.0 
80.449 526.0 
80.426 527.0 
80.402 528.0 
80.414 529.0 
80.391 530.0 
80.344 531.0 
80.508 532.0 
80.484 533.0 
80.437 534.0 
80.449 535.0 
80.426 536.0 
80.332 537.0 
80.274 538.0 
80.262 539.0 
80.216 540.0 
80.344 541.0 
80.274 542.0 
80.227 543.0 
80.145 544.0 
80.11 545.0 
80.075 546.0 
80.192 547.0 
80.122 548.0 
80.087 549.0 
80.04 550.0 
79.982 551.0 
80.087 552.0 
80.04 553.0 
80.017 554.0 
79.97 555.0 
80.099 556.0 
80.064 557.0 
80.005 558.0 
79.62 559.0 
80.075 560.0 
80.017 561.0 
79.97 562.0 
80.11 563.0 
79.982 564.0 
79.935 565.0 
80.087 566.0 
80.122 567.0 
79.947 568.0 
80.017 569.0 
79.97 570.0 
80.064 571.0 
80.017 572.0 
79.994 573.0 
80.064 574.0 
79.947 575.0 
80.402 576.0 
80.04 577.0 
80.017 578.0 
80.134 579.0 
80.029 580.0 
80.145 581.0 
80.064 582.0 
80.11 583.0 
80.052 584.0 
80.145 585.0 
80.064 586.0 
79.982 587.0 
80.134 588.0 
79.97 589.0 
80.075 590.0 
79.994 591.0 
80.075 592.0 
80.005 593.0 
80.099 594.0 
80.017 595.0 
80.087 596.0 
79.97 597.0 
80.04 598.0 
79.982 599.0 
80.075 600.0 
80.145 601.0 
80.04 602.0 
80.11 603.0 
80.029 604.0 
80.099 605.0 
80.052 606.0 
80.064 607.0 
79.959 608.0 
80.04 609.0 
80.145 610.0 
80.005 611.0 
80.075 612.0 
80.017 613.0 
80.099 614.0 
79.982 615.0 
80.04 616.0 
80.134 617.0 
79.9 618.0 
80.087 619.0 
79.865 620.0 
80.052 621.0 
80.087 622.0 
79.959 623.0 
80.064 624.0 
80.11 625.0 
79.994 626.0 
80.04 627.0 
80.099 628.0 
79.994 629.0 
80.064 630.0 
80.122 631.0 
80.017 632.0 
80.075 633.0 
80.367 634.0 
80.052 635.0 
80.075 636.0 
80.122 637.0 
79.994 638.0 
80.029 639.0 
80.122 640.0 
80.005 641.0 
80.04 642.0 
80.099 643.0 
79.982 644.0 
79.935 645.0 
80.064 646.0 
80.134 647.0 
80.017 648.0 
80.052 649.0 
80.087 650.0 
79.959 651.0 
79.947 652.0 
80.052 653.0 
80.122 654.0 
79.959 655.0 
79.994 656.0 
80.052 657.0 
80.145 658.0 
79.97 659.0 
80.075 660.0 
80.099 661.0 
80.099 662.0 
79.982 663.0 
80.04 664.0 
80.087 665.0 
80.122 666.0 
79.994 667.0 
80.017 668.0 
80.052 669.0 
80.099 670.0 
79.959 671.0 
80.017 672.0 
80.029 673.0 
80.064 674.0 
80.099 675.0 
79.97 676.0 
80.029 677.0 
80.052 678.0 
80.087 679.0 
80.157 680.0 
79.959 681.0 
80.005 682.0 
80.04 683.0 
80.075 684.0 
80.064 685.0 
80.122 686.0 
79.959 687.0 
79.994 688.0 
80.052 689.0 
80.075 690.0 
80.075 691.0 
80.087 692.0 
79.959 693.0 
79.982 694.0 
80.04 695.0 
80.052 696.0 
80.087 697.0 
80.122 698.0 
79.935 699.0 
79.97 700.0 
79.97 701.0 
80.017 702.0 
80.04 703.0 
80.087 704.0 
80.087 705.0 
80.134 706.0 
79.947 707.0 
79.982 708.0 
80.005 709.0 
79.947 710.0 
80.04 711.0 
80.064 712.0 
80.064 713.0 
80.122 714.0 
79.9 715.0 
79.994 716.0 
79.97 717.0 
79.994 718.0 
80.017 719.0 
80.052 720.0 
80.075 721.0 
80.017 722.0 
80.087 723.0 
80.099 724.0 
80.11 725.0 
79.9 726.0 
79.97 727.0 
79.994 728.0 
80.005 729.0 
80.029 730.0 
80.029 731.0 
80.04 732.0 
80.075 733.0 
80.087 734.0 
80.087 735.0 
80.099 736.0 
80.075 737.0 
80.11 738.0 
79.924 739.0 
79.924 740.0 
79.947 741.0 
79.994 742.0 
79.959 743.0 
79.959 744.0 
79.97 745.0 
79.994 746.0 
79.982 747.0 
79.959 748.0 
80.017 749.0 
80.029 750.0 
80.005 751.0 
80.005 752.0 
80.017 753.0 
80.029 754.0 
80.04 755.0 
80.029 756.0 
80.029 757.0 
80.064 758.0 
80.04 759.0 
80.064 760.0 
80.052 761.0 
80.075 762.0 
80.052 763.0 
80.04 764.0 
80.04 765.0 
80.029 766.0 
80.075 767.0 
80.087 768.0 
80.029 769.0 
80.04 770.0 
80.064 771.0 
80.064 772.0 
80.052 773.0 
80.052 774.0 
80.11 775.0 
80.075 776.0 
80.064 777.0 
80.052 778.0 
80.064 779.0 
80.017 780.0 
80.087 781.0 
80.04 782.0 
80.099 783.0 
80.029 784.0 
80.029 785.0 
80.04 786.0 
80.04 787.0 
80.087 788.0 
80.04 789.0 
80.04 790.0 
80.052 791.0 
80.04 792.0 
80.075 793.0 
80.04 794.0 
80.029 795.0 
80.04 796.0 
80.04 797.0 
80.017 798.0 
80.029 799.0 
80.029 800.0 
80.052 801.0 
80.029 802.0 
80.017 803.0 
80.005 804.0 
-0.005 805.0 
-0.001 806.0 
0.004 807.0 
-0.006 808.0 
-0.001 809.0 
-0.001 810.0 
0.007 811.0 
0.0 812.0 
-0.005 813.0 
-0.01 814.0 
-0.006 815.0 
-0.001 816.0 
-0.004 817.0 
-0.007 818.0 
-0.008 819.0 
-0.006 820.0 
-0.008 821.0 
-0.011 822.0 
-0.018 823.0 
-0.018 824.0 
-0.018 825.0 
-0.024 826.0 
-0.016 827.0 
-0.022 828.0 
-0.029 829.0 
