-0.023 257.0 
-0.036 258.0 
-0.041 259.0 
-0.048 260.0 
-0.035 261.0 
-0.012 262.0 
-0.029 263.0 
-0.03 264.0 
-0.035 265.0 
-0.044 266.0 
-0.02 267.0 
-0.049 268.0 
-0.052 269.0 
-0.054 270.0 
-0.038 271.0 
-0.041 272.0 
-0.035 273.0 
-0.044 274.0 
146.626 275.0 
143.846 276.0 
142.807 277.0 
141.335 278.0 
139.513 279.0 
137.294 280.0 
135.378 281.0 
132.856 282.0 
128.803 283.0 
127.203 284.0 
126.817 285.0 
126.502 286.0 
126.303 287.0 
126.023 288.0 
125.696 289.0 
125.497 290.0 
124.96 291.0 
124.762 292.0 
124.551 293.0 
124.458 294.0 
123.921 295.0 
123.757 296.0 
123.64 297.0 
123.091 298.0 
122.905 299.0 
122.846 300.0 
122.332 301.0 
122.25 302.0 
121.76 303.0 
121.667 304.0 
121.608 305.0 
120.989 306.0 
119.88 307.0 
117.707 308.0 
115.114 309.0 
111.692 310.0 
108.375 311.0 
104.474 312.0 
100.526 313.0 
96.298 314.0 
92.269 315.0 
88.216 316.0 
84.502 317.0 
81.29 318.0 
81.127 319.0 
80.835 320.0 
80.659 321.0 
80.694 322.0 
80.554 323.0 
80.578 324.0 
80.508 325.0 
80.379 326.0 
80.519 327.0 
80.391 328.0 
80.613 329.0 
80.496 330.0 
80.437 331.0 
80.543 332.0 
80.554 333.0 
80.473 334.0 
80.484 335.0 
80.543 336.0 
80.554 337.0 
80.437 338.0 
80.601 339.0 
80.449 340.0 
80.449 341.0 
80.449 342.0 
80.578 343.0 
80.461 344.0 
80.461 345.0 
80.426 346.0 
80.426 347.0 
80.379 348.0 
80.531 349.0 
80.484 350.0 
80.437 351.0 
80.461 352.0 
80.461 353.0 
80.332 354.0 
80.554 355.0 
80.508 356.0 
80.519 357.0 
80.449 358.0 
80.543 359.0 
80.473 360.0 
80.531 361.0 
80.461 362.0 
80.519 363.0 
80.414 364.0 
80.426 365.0 
80.473 366.0 
80.496 367.0 
80.379 368.0 
80.426 369.0 
80.449 370.0 
80.484 371.0 
80.519 372.0 
80.496 373.0 
80.531 374.0 
80.566 375.0 
80.566 376.0 
80.309 377.0 
80.449 378.0 
80.437 379.0 
80.473 380.0 
80.473 381.0 
80.589 382.0 
80.461 383.0 
80.437 384.0 
80.437 385.0 
80.531 386.0 
80.402 387.0 
80.379 388.0 
80.461 389.0 
80.484 390.0 
80.473 391.0 
80.449 392.0 
80.519 393.0 
80.402 394.0 
80.519 395.0 
80.578 396.0 
80.426 397.0 
80.484 398.0 
80.367 399.0 
80.426 400.0 
80.543 401.0 
80.519 402.0 
80.566 403.0 
80.508 404.0 
80.461 405.0 
80.402 406.0 
80.484 407.0 
80.426 408.0 
80.484 409.0 
80.391 410.0 
80.437 411.0 
80.531 412.0 
80.928 413.0 
80.508 414.0 
80.461 415.0 
80.508 416.0 
80.391 417.0 
80.589 418.0 
80.473 419.0 
80.414 420.0 
80.473 421.0 
80.508 422.0 
80.496 423.0 
80.437 424.0 
80.461 425.0 
80.496 426.0 
80.508 427.0 
80.414 428.0 
80.426 429.0 
80.414 430.0 
80.484 431.0 
80.519 432.0 
80.508 433.0 
80.402 434.0 
80.402 435.0 
80.437 436.0 
80.531 437.0 
80.414 438.0 
80.426 439.0 
80.461 440.0 
80.437 441.0 
80.426 442.0 
80.461 443.0 
80.426 444.0 
80.414 445.0 
80.391 446.0 
80.496 447.0 
80.484 448.0 
80.484 449.0 
80.811 450.0 
80.414 451.0 
80.379 452.0 
80.402 453.0 
80.367 454.0 
80.484 455.0 
80.449 456.0 
80.437 457.0 
80.367 458.0 
80.496 459.0 
80.531 460.0 
80.473 461.0 
80.449 462.0 
80.531 463.0 
80.437 464.0 
80.449 465.0 
80.531 466.0 
80.461 467.0 
80.379 468.0 
80.484 469.0 
80.449 470.0 
80.391 471.0 
80.484 472.0 
80.379 473.0 
80.473 474.0 
80.531 475.0 
80.496 476.0 
80.402 477.0 
80.461 478.0 
80.391 479.0 
80.461 480.0 
80.531 481.0 
80.449 482.0 
80.484 483.0 
80.426 484.0 
80.473 485.0 
80.414 486.0 
80.402 487.0 
80.496 488.0 
80.402 489.0 
80.449 490.0 
80.496 491.0 
80.402 492.0 
80.449 493.0 
80.519 494.0 
80.402 495.0 
80.367 496.0 
80.449 497.0 
80.519 498.0 
80.379 499.0 
80.391 500.0 
80.484 501.0 
80.461 502.0 
80.344 503.0 
80.391 504.0 
80.414 505.0 
80.414 506.0 
80.344 507.0 
80.519 508.0 
80.332 509.0 
80.356 510.0 
80.379 511.0 
80.379 512.0 
80.414 513.0 
80.449 514.0 
80.449 515.0 
80.461 516.0 
80.671 517.0 
80.239 518.0 
80.309 519.0 
80.309 520.0 
80.344 521.0 
80.332 522.0 
80.321 523.0 
80.274 524.0 
80.297 525.0 
80.297 526.0 
80.274 527.0 
80.192 528.0 
80.227 529.0 
80.227 530.0 
80.227 531.0 
80.356 532.0 
80.321 533.0 
80.286 534.0 
80.286 535.0 
80.262 536.0 
80.192 537.0 
80.087 538.0 
80.052 539.0 
80.064 540.0 
80.145 541.0 
80.122 542.0 
80.052 543.0 
79.994 544.0 
79.959 545.0 
79.9 546.0 
80.029 547.0 
79.959 548.0 
79.947 549.0 
79.854 550.0 
79.982 551.0 
79.912 552.0 
79.877 553.0 
79.83 554.0 
79.83 555.0 
79.947 556.0 
79.9 557.0 
79.83 558.0 
79.456 559.0 
79.912 560.0 
79.842 561.0 
79.83 562.0 
79.935 563.0 
79.795 564.0 
79.772 565.0 
79.889 566.0 
79.889 567.0 
79.772 568.0 
79.83 569.0 
79.83 570.0 
79.912 571.0 
79.854 572.0 
79.783 573.0 
79.854 574.0 
79.818 575.0 
79.912 576.0 
79.854 577.0 
79.854 578.0 
79.947 579.0 
79.865 580.0 
79.982 581.0 
79.912 582.0 
79.924 583.0 
79.912 584.0 
79.982 585.0 
79.912 586.0 
79.83 587.0 
79.912 588.0 
79.818 589.0 
79.924 590.0 
79.854 591.0 
79.924 592.0 
79.842 593.0 
79.924 594.0 
79.889 595.0 
79.854 596.0 
79.865 597.0 
79.9 598.0 
79.83 599.0 
79.912 600.0 
79.994 601.0 
79.935 602.0 
79.982 603.0 
79.877 604.0 
79.924 605.0 
79.818 606.0 
79.912 607.0 
79.807 608.0 
79.9 609.0 
79.947 610.0 
79.889 611.0 
79.947 612.0 
79.818 613.0 
79.97 614.0 
79.807 615.0 
79.865 616.0 
79.982 617.0 
79.807 618.0 
79.924 619.0 
79.69 620.0 
79.877 621.0 
79.935 622.0 
79.854 623.0 
79.889 624.0 
79.97 625.0 
79.842 626.0 
79.912 627.0 
79.924 628.0 
79.83 629.0 
79.924 630.0 
80.005 631.0 
79.842 632.0 
79.912 633.0 
80.286 634.0 
79.854 635.0 
79.935 636.0 
79.959 637.0 
79.842 638.0 
79.924 639.0 
79.982 640.0 
79.83 641.0 
79.889 642.0 
79.935 643.0 
79.807 644.0 
79.818 645.0 
79.889 646.0 
79.947 647.0 
79.842 648.0 
79.854 649.0 
79.924 650.0 
79.783 651.0 
79.795 652.0 
79.935 653.0 
79.959 654.0 
79.807 655.0 
79.842 656.0 
79.924 657.0 
79.97 658.0 
79.854 659.0 
79.889 660.0 
79.959 661.0 
79.97 662.0 
79.807 663.0 
79.854 664.0 
79.9 665.0 
79.97 666.0 
79.818 667.0 
79.854 668.0 
79.912 669.0 
79.9 670.0 
79.807 671.0 
79.83 672.0 
79.877 673.0 
79.9 674.0 
79.959 675.0 
79.807 676.0 
79.865 677.0 
79.924 678.0 
79.935 679.0 
79.982 680.0 
79.83 681.0 
79.83 682.0 
79.889 683.0 
79.912 684.0 
79.924 685.0 
79.959 686.0 
79.748 687.0 
79.842 688.0 
79.9 689.0 
79.9 690.0 
79.947 691.0 
79.959 692.0 
79.795 693.0 
79.865 694.0 
79.889 695.0 
79.912 696.0 
79.9 697.0 
79.959 698.0 
79.713 699.0 
79.818 700.0 
79.842 701.0 
79.889 702.0 
79.9 703.0 
79.912 704.0 
79.9 705.0 
80.005 706.0 
79.818 707.0 
79.818 708.0 
79.865 709.0 
79.854 710.0 
79.865 711.0 
79.935 712.0 
79.912 713.0 
79.982 714.0 
79.737 715.0 
79.795 716.0 
79.76 717.0 
79.865 718.0 
79.865 719.0 
79.854 720.0 
79.935 721.0 
79.912 722.0 
79.935 723.0 
79.959 724.0 
79.97 725.0 
79.795 726.0 
79.818 727.0 
79.83 728.0 
79.842 729.0 
79.83 730.0 
79.889 731.0 
79.877 732.0 
79.924 733.0 
79.935 734.0 
79.935 735.0 
79.947 736.0 
79.97 737.0 
79.97 738.0 
79.772 739.0 
79.783 740.0 
79.783 741.0 
79.807 742.0 
79.795 743.0 
79.807 744.0 
79.818 745.0 
79.854 746.0 
79.795 747.0 
79.842 748.0 
79.865 749.0 
79.854 750.0 
79.83 751.0 
79.854 752.0 
79.854 753.0 
79.889 754.0 
79.865 755.0 
79.865 756.0 
79.865 757.0 
79.889 758.0 
79.9 759.0 
79.889 760.0 
79.9 761.0 
79.9 762.0 
79.924 763.0 
79.889 764.0 
79.912 765.0 
79.877 766.0 
79.912 767.0 
79.9 768.0 
79.889 769.0 
79.912 770.0 
79.877 771.0 
79.877 772.0 
79.877 773.0 
79.912 774.0 
79.947 775.0 
79.924 776.0 
79.889 777.0 
79.912 778.0 
79.889 779.0 
79.912 780.0 
79.924 781.0 
79.912 782.0 
79.9 783.0 
79.865 784.0 
79.924 785.0 
79.9 786.0 
79.889 787.0 
79.912 788.0 
79.877 789.0 
79.889 790.0 
79.877 791.0 
79.889 792.0 
79.912 793.0 
79.9 794.0 
79.877 795.0 
79.9 796.0 
79.889 797.0 
79.865 798.0 
79.912 799.0 
79.9 800.0 
79.842 801.0 
79.854 802.0 
79.889 803.0 
79.865 804.0 
0.002 805.0 
0.004 806.0 
0.007 807.0 
0.0 808.0 
0.002 809.0 
0.005 810.0 
0.0 811.0 
0.005 812.0 
0.001 813.0 
0.004 814.0 
-0.007 815.0 
-0.001 816.0 
0.0 817.0 
-0.004 818.0 
0.004 819.0 
-0.006 820.0 
-0.004 821.0 
-0.008 822.0 
-0.008 823.0 
-0.008 824.0 
-0.012 825.0 
-0.011 826.0 
-0.008 827.0 
-0.012 828.0 
-0.023 829.0 
