-0.01 257.0 
-0.016 258.0 
-0.025 259.0 
0.011 260.0 
-0.04 261.0 
-0.013 262.0 
-0.028 263.0 
-0.035 264.0 
-0.013 265.0 
-0.036 266.0 
-0.03 267.0 
-0.02 268.0 
-0.011 269.0 
-0.022 270.0 
-0.047 271.0 
-0.052 272.0 
-0.048 273.0 
-0.032 274.0 
149.896 275.0 
146.859 276.0 
145.808 277.0 
144.232 278.0 
142.608 279.0 
140.249 280.0 
138.158 281.0 
135.612 282.0 
131.688 283.0 
130.228 284.0 
129.877 285.0 
129.48 286.0 
129.223 287.0 
128.92 288.0 
128.651 289.0 
128.406 290.0 
127.822 291.0 
127.53 292.0 
127.319 293.0 
127.203 294.0 
126.677 295.0 
126.479 296.0 
126.362 297.0 
125.778 298.0 
125.567 299.0 
125.521 300.0 
124.937 301.0 
124.82 302.0 
124.259 303.0 
124.154 304.0 
124.049 305.0 
123.337 306.0 
122.087 307.0 
119.529 308.0 
116.831 309.0 
113.012 310.0 
109.099 311.0 
104.579 312.0 
100.538 313.0 
96.275 314.0 
92.199 315.0 
87.994 316.0 
84.21 317.0 
81.255 318.0 
81.057 319.0 
80.858 320.0 
80.706 321.0 
80.694 322.0 
80.519 323.0 
80.613 324.0 
80.543 325.0 
80.613 326.0 
80.543 327.0 
80.449 328.0 
80.613 329.0 
80.531 330.0 
80.473 331.0 
80.589 332.0 
80.589 333.0 
80.473 334.0 
80.858 335.0 
80.554 336.0 
80.543 337.0 
80.437 338.0 
80.648 339.0 
80.519 340.0 
80.519 341.0 
80.426 342.0 
80.578 343.0 
80.484 344.0 
80.496 345.0 
80.473 346.0 
80.402 347.0 
80.332 348.0 
80.496 349.0 
80.496 350.0 
80.484 351.0 
80.508 352.0 
80.473 353.0 
80.402 354.0 
80.566 355.0 
80.508 356.0 
80.566 357.0 
80.508 358.0 
80.566 359.0 
80.531 360.0 
80.554 361.0 
80.473 362.0 
80.519 363.0 
80.449 364.0 
80.461 365.0 
80.496 366.0 
80.508 367.0 
80.437 368.0 
80.414 369.0 
80.461 370.0 
80.519 371.0 
80.496 372.0 
80.531 373.0 
80.554 374.0 
80.578 375.0 
80.578 376.0 
80.379 377.0 
80.508 378.0 
80.508 379.0 
80.484 380.0 
80.484 381.0 
80.578 382.0 
80.508 383.0 
80.496 384.0 
80.449 385.0 
80.531 386.0 
80.473 387.0 
80.426 388.0 
80.484 389.0 
80.519 390.0 
80.508 391.0 
80.449 392.0 
80.566 393.0 
80.437 394.0 
80.508 395.0 
80.601 396.0 
80.449 397.0 
80.531 398.0 
80.391 399.0 
80.473 400.0 
80.531 401.0 
80.484 402.0 
80.578 403.0 
80.531 404.0 
80.508 405.0 
80.391 406.0 
80.496 407.0 
80.437 408.0 
80.508 409.0 
80.391 410.0 
80.484 411.0 
80.566 412.0 
80.578 413.0 
80.543 414.0 
80.496 415.0 
80.508 416.0 
80.449 417.0 
80.531 418.0 
80.543 419.0 
80.449 420.0 
80.508 421.0 
80.519 422.0 
80.543 423.0 
80.461 424.0 
80.449 425.0 
80.531 426.0 
80.543 427.0 
80.414 428.0 
80.461 429.0 
80.484 430.0 
80.508 431.0 
80.496 432.0 
80.578 433.0 
80.437 434.0 
80.437 435.0 
80.496 436.0 
80.554 437.0 
80.391 438.0 
80.461 439.0 
80.484 440.0 
80.473 441.0 
80.449 442.0 
80.437 443.0 
80.449 444.0 
80.426 445.0 
80.426 446.0 
80.554 447.0 
80.531 448.0 
80.496 449.0 
80.835 450.0 
80.437 451.0 
80.449 452.0 
80.426 453.0 
80.391 454.0 
80.519 455.0 
80.449 456.0 
80.473 457.0 
80.449 458.0 
80.531 459.0 
80.566 460.0 
80.484 461.0 
80.402 462.0 
80.531 463.0 
80.519 464.0 
80.461 465.0 
80.508 466.0 
80.461 467.0 
80.402 468.0 
80.496 469.0 
80.449 470.0 
80.437 471.0 
80.461 472.0 
80.531 473.0 
80.461 474.0 
80.589 475.0 
80.484 476.0 
80.414 477.0 
80.461 478.0 
80.437 479.0 
80.496 480.0 
80.554 481.0 
80.461 482.0 
80.508 483.0 
80.437 484.0 
80.473 485.0 
80.414 486.0 
80.437 487.0 
80.508 488.0 
80.426 489.0 
80.437 490.0 
80.461 491.0 
80.461 492.0 
80.449 493.0 
80.531 494.0 
80.414 495.0 
80.379 496.0 
80.461 497.0 
80.566 498.0 
80.402 499.0 
80.379 500.0 
80.449 501.0 
80.484 502.0 
80.321 503.0 
80.391 504.0 
80.449 505.0 
80.437 506.0 
80.449 507.0 
80.589 508.0 
80.367 509.0 
80.367 510.0 
80.414 511.0 
80.437 512.0 
80.449 513.0 
80.473 514.0 
80.484 515.0 
80.484 516.0 
80.531 517.0 
80.344 518.0 
80.321 519.0 
80.391 520.0 
80.344 521.0 
80.356 522.0 
80.344 523.0 
80.379 524.0 
80.367 525.0 
80.344 526.0 
80.367 527.0 
80.274 528.0 
80.274 529.0 
80.262 530.0 
80.286 531.0 
80.414 532.0 
80.402 533.0 
80.286 534.0 
80.321 535.0 
80.274 536.0 
80.227 537.0 
80.145 538.0 
80.157 539.0 
80.134 540.0 
80.216 541.0 
80.075 542.0 
80.087 543.0 
80.052 544.0 
80.005 545.0 
79.924 546.0 
80.064 547.0 
80.005 548.0 
79.947 549.0 
79.947 550.0 
79.889 551.0 
79.959 552.0 
79.935 553.0 
79.865 554.0 
79.865 555.0 
79.935 556.0 
79.924 557.0 
79.865 558.0 
79.503 559.0 
79.924 560.0 
79.865 561.0 
79.795 562.0 
79.912 563.0 
79.877 564.0 
79.772 565.0 
79.912 566.0 
79.889 567.0 
79.818 568.0 
79.854 569.0 
79.854 570.0 
79.959 571.0 
79.889 572.0 
79.818 573.0 
79.9 574.0 
79.865 575.0 
80.005 576.0 
79.877 577.0 
79.854 578.0 
79.994 579.0 
79.912 580.0 
79.97 581.0 
79.935 582.0 
79.924 583.0 
79.947 584.0 
79.994 585.0 
79.912 586.0 
79.865 587.0 
79.959 588.0 
79.83 589.0 
79.935 590.0 
79.877 591.0 
79.947 592.0 
79.877 593.0 
79.947 594.0 
79.889 595.0 
79.877 596.0 
79.854 597.0 
79.97 598.0 
79.865 599.0 
79.982 600.0 
80.017 601.0 
79.9 602.0 
79.994 603.0 
79.889 604.0 
79.994 605.0 
79.889 606.0 
79.924 607.0 
79.83 608.0 
79.924 609.0 
80.005 610.0 
79.9 611.0 
79.97 612.0 
79.865 613.0 
79.97 614.0 
79.865 615.0 
79.889 616.0 
79.97 617.0 
79.83 618.0 
79.947 619.0 
79.69 620.0 
79.912 621.0 
79.924 622.0 
79.818 623.0 
79.9 624.0 
80.005 625.0 
79.865 626.0 
79.912 627.0 
79.97 628.0 
79.877 629.0 
79.9 630.0 
79.97 631.0 
79.865 632.0 
79.959 633.0 
80.286 634.0 
79.854 635.0 
79.947 636.0 
79.982 637.0 
79.842 638.0 
79.947 639.0 
79.994 640.0 
79.877 641.0 
79.842 642.0 
79.947 643.0 
79.795 644.0 
79.877 645.0 
79.935 646.0 
79.959 647.0 
79.842 648.0 
79.9 649.0 
79.947 650.0 
79.83 651.0 
79.842 652.0 
79.912 653.0 
80.005 654.0 
79.818 655.0 
79.865 656.0 
79.9 657.0 
80.005 658.0 
79.877 659.0 
79.924 660.0 
79.959 661.0 
79.924 662.0 
79.865 663.0 
79.889 664.0 
79.924 665.0 
80.005 666.0 
79.865 667.0 
79.935 668.0 
79.947 669.0 
79.994 670.0 
79.83 671.0 
79.865 672.0 
79.912 673.0 
79.97 674.0 
79.982 675.0 
79.865 676.0 
79.854 677.0 
79.935 678.0 
79.935 679.0 
79.982 680.0 
79.818 681.0 
79.865 682.0 
79.9 683.0 
79.97 684.0 
79.924 685.0 
79.982 686.0 
79.772 687.0 
79.854 688.0 
79.889 689.0 
79.912 690.0 
79.947 691.0 
80.005 692.0 
79.83 693.0 
79.865 694.0 
79.9 695.0 
79.935 696.0 
79.9 697.0 
79.97 698.0 
79.783 699.0 
79.865 700.0 
79.865 701.0 
79.865 702.0 
79.9 703.0 
79.935 704.0 
79.959 705.0 
79.959 706.0 
79.795 707.0 
79.818 708.0 
79.865 709.0 
79.889 710.0 
79.924 711.0 
79.97 712.0 
79.982 713.0 
79.935 714.0 
79.76 715.0 
79.807 716.0 
79.807 717.0 
79.9 718.0 
79.9 719.0 
79.912 720.0 
79.924 721.0 
79.924 722.0 
79.935 723.0 
79.97 724.0 
79.97 725.0 
79.818 726.0 
79.842 727.0 
79.865 728.0 
79.865 729.0 
79.877 730.0 
79.9 731.0 
79.9 732.0 
79.935 733.0 
79.97 734.0 
79.982 735.0 
79.889 736.0 
79.97 737.0 
80.04 738.0 
79.807 739.0 
79.83 740.0 
79.842 741.0 
79.818 742.0 
79.83 743.0 
79.807 744.0 
79.818 745.0 
79.865 746.0 
79.83 747.0 
79.854 748.0 
79.877 749.0 
79.865 750.0 
79.877 751.0 
79.865 752.0 
79.9 753.0 
79.889 754.0 
79.912 755.0 
79.9 756.0 
79.889 757.0 
79.924 758.0 
79.912 759.0 
79.947 760.0 
79.912 761.0 
79.912 762.0 
79.912 763.0 
79.935 764.0 
79.935 765.0 
79.924 766.0 
79.9 767.0 
79.959 768.0 
79.947 769.0 
79.935 770.0 
79.959 771.0 
79.947 772.0 
79.97 773.0 
79.924 774.0 
79.935 775.0 
79.935 776.0 
79.935 777.0 
79.935 778.0 
79.947 779.0 
79.9 780.0 
79.912 781.0 
79.935 782.0 
79.935 783.0 
79.924 784.0 
79.912 785.0 
79.912 786.0 
79.912 787.0 
79.912 788.0 
79.912 789.0 
79.924 790.0 
79.924 791.0 
79.912 792.0 
79.97 793.0 
79.959 794.0 
79.889 795.0 
79.912 796.0 
79.912 797.0 
79.924 798.0 
79.9 799.0 
79.924 800.0 
79.9 801.0 
79.9 802.0 
79.889 803.0 
79.912 804.0 
0.001 805.0 
0.004 806.0 
0.002 807.0 
0.0 808.0 
0.001 809.0 
0.0 810.0 
-0.002 811.0 
-0.014 812.0 
-0.018 813.0 
-0.011 814.0 
-0.013 815.0 
-0.023 816.0 
-0.024 817.0 
-0.028 818.0 
-0.035 819.0 
-0.028 820.0 
-0.036 821.0 
-0.044 822.0 
-0.037 823.0 
-0.03 824.0 
-0.041 825.0 
-0.04 826.0 
-0.044 827.0 
-0.04 828.0 
-0.042 829.0 
