-0.041 257.0 
-0.042 258.0 
-0.046 259.0 
-0.04 260.0 
-0.023 261.0 
-0.023 262.0 
-0.016 263.0 
-0.017 264.0 
-0.02 265.0 
-0.036 266.0 
-0.043 267.0 
-0.008 268.0 
-0.04 269.0 
-0.044 270.0 
-0.037 271.0 
-0.026 272.0 
-0.022 273.0 
-0.02 274.0 
149.733 275.0 
146.649 276.0 
145.411 277.0 
143.893 278.0 
142.281 279.0 
140.26 280.0 
138.38 281.0 
136.032 282.0 
132.715 283.0 
131.291 284.0 
130.87 285.0 
130.45 286.0 
130.216 287.0 
129.971 288.0 
129.714 289.0 
129.001 290.0 
128.826 291.0 
128.557 292.0 
128.347 293.0 
128.242 294.0 
127.658 295.0 
127.483 296.0 
127.354 297.0 
126.771 298.0 
126.595 299.0 
126.514 300.0 
125.93 301.0 
125.871 302.0 
125.299 303.0 
125.252 304.0 
125.112 305.0 
124.435 306.0 
123.173 307.0 
120.72 308.0 
117.777 309.0 
113.794 310.0 
109.578 311.0 
105.0 312.0 
100.924 313.0 
96.707 314.0 
92.689 315.0 
88.648 316.0 
85.074 317.0 
82.26 318.0 
82.096 319.0 
81.897 320.0 
81.769 321.0 
81.734 322.0 
81.617 323.0 
81.664 324.0 
81.617 325.0 
81.489 326.0 
81.605 327.0 
81.547 328.0 
81.734 329.0 
81.64 330.0 
81.5 331.0 
81.64 332.0 
81.64 333.0 
81.57 334.0 
81.722 335.0 
81.594 336.0 
81.582 337.0 
81.477 338.0 
81.664 339.0 
81.57 340.0 
81.57 341.0 
81.535 342.0 
81.722 343.0 
81.594 344.0 
81.535 345.0 
81.524 346.0 
81.512 347.0 
81.442 348.0 
81.64 349.0 
81.582 350.0 
81.5 351.0 
81.559 352.0 
81.535 353.0 
81.454 354.0 
81.652 355.0 
81.57 356.0 
81.617 357.0 
81.547 358.0 
81.664 359.0 
81.594 360.0 
81.617 361.0 
81.559 362.0 
81.582 363.0 
81.5 364.0 
81.559 365.0 
81.582 366.0 
81.605 367.0 
81.535 368.0 
81.559 369.0 
81.57 370.0 
81.559 371.0 
81.582 372.0 
81.617 373.0 
81.605 374.0 
81.617 375.0 
81.629 376.0 
81.43 377.0 
81.535 378.0 
81.535 379.0 
81.535 380.0 
81.559 381.0 
81.652 382.0 
81.582 383.0 
81.524 384.0 
81.512 385.0 
81.64 386.0 
81.512 387.0 
81.489 388.0 
81.582 389.0 
81.57 390.0 
81.559 391.0 
81.559 392.0 
81.64 393.0 
81.477 394.0 
81.559 395.0 
81.664 396.0 
81.524 397.0 
81.535 398.0 
81.454 399.0 
81.5 400.0 
81.582 401.0 
81.594 402.0 
81.652 403.0 
81.617 404.0 
81.547 405.0 
81.535 406.0 
81.559 407.0 
81.5 408.0 
81.605 409.0 
81.5 410.0 
81.535 411.0 
81.605 412.0 
82.038 413.0 
81.594 414.0 
81.535 415.0 
81.617 416.0 
81.5 417.0 
81.535 418.0 
81.57 419.0 
81.5 420.0 
81.57 421.0 
81.594 422.0 
81.582 423.0 
81.57 424.0 
81.5 425.0 
81.582 426.0 
81.617 427.0 
81.512 428.0 
81.559 429.0 
81.524 430.0 
81.594 431.0 
81.57 432.0 
81.594 433.0 
81.477 434.0 
81.5 435.0 
81.547 436.0 
81.64 437.0 
81.489 438.0 
81.489 439.0 
81.535 440.0 
81.535 441.0 
81.535 442.0 
81.535 443.0 
81.524 444.0 
81.5 445.0 
81.477 446.0 
81.652 447.0 
81.582 448.0 
81.605 449.0 
81.897 450.0 
81.477 451.0 
81.524 452.0 
81.512 453.0 
81.489 454.0 
81.582 455.0 
81.57 456.0 
81.512 457.0 
81.512 458.0 
81.57 459.0 
81.629 460.0 
81.57 461.0 
81.512 462.0 
81.629 463.0 
81.582 464.0 
81.57 465.0 
81.617 466.0 
81.547 467.0 
81.547 468.0 
81.582 469.0 
81.547 470.0 
81.5 471.0 
81.535 472.0 
81.465 473.0 
81.559 474.0 
81.664 475.0 
81.547 476.0 
81.465 477.0 
81.57 478.0 
81.465 479.0 
81.535 480.0 
81.64 481.0 
81.535 482.0 
81.594 483.0 
81.512 484.0 
81.57 485.0 
81.477 486.0 
81.512 487.0 
81.594 488.0 
81.489 489.0 
81.524 490.0 
81.605 491.0 
81.535 492.0 
81.535 493.0 
81.594 494.0 
81.489 495.0 
81.489 496.0 
81.547 497.0 
81.582 498.0 
81.442 499.0 
81.512 500.0 
81.547 501.0 
81.605 502.0 
81.454 503.0 
81.465 504.0 
81.524 505.0 
81.524 506.0 
81.419 507.0 
81.57 508.0 
81.419 509.0 
81.477 510.0 
81.489 511.0 
81.512 512.0 
81.547 513.0 
81.547 514.0 
81.559 515.0 
81.57 516.0 
81.559 517.0 
81.337 518.0 
81.384 519.0 
81.419 520.0 
81.442 521.0 
81.43 522.0 
81.454 523.0 
81.454 524.0 
81.43 525.0 
81.419 526.0 
81.419 527.0 
81.36 528.0 
81.372 529.0 
81.348 530.0 
81.337 531.0 
81.5 532.0 
81.5 533.0 
81.407 534.0 
81.442 535.0 
81.348 536.0 
81.348 537.0 
81.232 538.0 
81.232 539.0 
81.197 540.0 
81.313 541.0 
81.232 542.0 
81.255 543.0 
81.197 544.0 
81.15 545.0 
81.103 546.0 
81.22 547.0 
81.173 548.0 
81.138 549.0 
81.068 550.0 
81.021 551.0 
81.138 552.0 
81.103 553.0 
81.045 554.0 
81.01 555.0 
81.103 556.0 
81.057 557.0 
81.021 558.0 
80.776 559.0 
81.092 560.0 
81.092 561.0 
80.963 562.0 
81.103 563.0 
81.021 564.0 
80.975 565.0 
81.138 566.0 
81.092 567.0 
80.986 568.0 
80.986 569.0 
81.033 570.0 
81.15 571.0 
81.068 572.0 
80.986 573.0 
81.057 574.0 
80.986 575.0 
81.348 576.0 
81.045 577.0 
81.021 578.0 
81.162 579.0 
81.08 580.0 
81.197 581.0 
81.103 582.0 
81.173 583.0 
81.103 584.0 
80.846 585.0 
81.115 586.0 
81.033 587.0 
81.115 588.0 
81.057 589.0 
81.138 590.0 
81.021 591.0 
81.115 592.0 
81.057 593.0 
81.092 594.0 
81.033 595.0 
81.068 596.0 
81.033 597.0 
81.08 598.0 
81.033 599.0 
81.068 600.0 
81.197 601.0 
81.068 602.0 
81.173 603.0 
81.092 604.0 
81.138 605.0 
81.033 606.0 
81.127 607.0 
81.033 608.0 
81.138 609.0 
81.162 610.0 
81.08 611.0 
81.15 612.0 
81.045 613.0 
81.127 614.0 
80.998 615.0 
81.01 616.0 
81.127 617.0 
80.963 618.0 
81.115 619.0 
80.905 620.0 
81.057 621.0 
81.15 622.0 
81.045 623.0 
81.092 624.0 
81.162 625.0 
81.033 626.0 
81.103 627.0 
81.173 628.0 
81.057 629.0 
81.08 630.0 
81.197 631.0 
80.998 632.0 
81.127 633.0 
81.384 634.0 
81.057 635.0 
81.103 636.0 
81.173 637.0 
81.033 638.0 
81.068 639.0 
81.15 640.0 
81.01 641.0 
80.998 642.0 
81.15 643.0 
81.021 644.0 
80.986 645.0 
81.092 646.0 
81.162 647.0 
81.021 648.0 
81.092 649.0 
81.15 650.0 
80.986 651.0 
80.986 652.0 
81.103 653.0 
81.127 654.0 
81.01 655.0 
80.975 656.0 
81.092 657.0 
81.127 658.0 
81.045 659.0 
81.08 660.0 
81.127 661.0 
81.103 662.0 
81.068 663.0 
81.103 664.0 
81.127 665.0 
81.162 666.0 
81.033 667.0 
81.068 668.0 
81.127 669.0 
81.15 670.0 
80.986 671.0 
81.033 672.0 
81.08 673.0 
81.127 674.0 
81.115 675.0 
81.01 676.0 
81.033 677.0 
81.057 678.0 
81.092 679.0 
81.127 680.0 
81.021 681.0 
81.045 682.0 
81.068 683.0 
81.103 684.0 
81.115 685.0 
81.185 686.0 
80.916 687.0 
81.08 688.0 
81.103 689.0 
81.103 690.0 
81.127 691.0 
81.173 692.0 
80.975 693.0 
81.045 694.0 
81.045 695.0 
81.103 696.0 
81.068 697.0 
81.15 698.0 
80.928 699.0 
81.01 700.0 
81.045 701.0 
81.068 702.0 
81.115 703.0 
81.127 704.0 
81.115 705.0 
81.197 706.0 
81.021 707.0 
81.045 708.0 
81.057 709.0 
81.08 710.0 
81.057 711.0 
81.092 712.0 
81.127 713.0 
81.162 714.0 
80.951 715.0 
81.021 716.0 
80.951 717.0 
81.045 718.0 
81.045 719.0 
81.057 720.0 
81.115 721.0 
81.115 722.0 
81.138 723.0 
81.162 724.0 
81.162 725.0 
80.975 726.0 
81.033 727.0 
81.033 728.0 
81.033 729.0 
81.057 730.0 
81.057 731.0 
81.068 732.0 
81.103 733.0 
81.115 734.0 
81.092 735.0 
81.103 736.0 
81.162 737.0 
81.127 738.0 
80.916 739.0 
80.975 740.0 
80.975 741.0 
80.998 742.0 
81.01 743.0 
81.021 744.0 
81.033 745.0 
81.045 746.0 
81.01 747.0 
81.057 748.0 
81.033 749.0 
81.045 750.0 
81.057 751.0 
81.057 752.0 
81.057 753.0 
81.033 754.0 
81.057 755.0 
81.08 756.0 
81.068 757.0 
81.103 758.0 
81.08 759.0 
81.092 760.0 
81.092 761.0 
81.138 762.0 
81.08 763.0 
81.115 764.0 
81.092 765.0 
81.138 766.0 
81.115 767.0 
81.068 768.0 
81.092 769.0 
81.115 770.0 
81.092 771.0 
81.103 772.0 
81.08 773.0 
81.103 774.0 
81.127 775.0 
81.08 776.0 
81.057 777.0 
81.092 778.0 
81.068 779.0 
81.092 780.0 
81.092 781.0 
81.127 782.0 
81.068 783.0 
81.057 784.0 
81.115 785.0 
81.08 786.0 
81.068 787.0 
81.127 788.0 
81.092 789.0 
81.08 790.0 
81.103 791.0 
81.103 792.0 
81.092 793.0 
81.103 794.0 
81.068 795.0 
81.057 796.0 
81.068 797.0 
81.057 798.0 
81.068 799.0 
81.068 800.0 
81.068 801.0 
81.057 802.0 
81.092 803.0 
81.092 804.0 
0.005 805.0 
0.005 806.0 
0.008 807.0 
0.008 808.0 
0.008 809.0 
-0.008 810.0 
-0.016 811.0 
-0.012 812.0 
-0.023 813.0 
-0.022 814.0 
-0.028 815.0 
-0.036 816.0 
-0.035 817.0 
-0.04 818.0 
-0.035 819.0 
-0.038 820.0 
-0.038 821.0 
-0.037 822.0 
-0.023 823.0 
-0.022 824.0 
-0.028 825.0 
-0.026 826.0 
-0.023 827.0 
-0.031 828.0 
-0.023 829.0 
