-0.029 257.0 
-0.031 258.0 
-0.064 259.0 
-0.032 260.0 
-0.038 261.0 
-0.028 262.0 
-0.046 263.0 
-0.047 264.0 
-0.049 265.0 
-0.03 266.0 
-0.006 267.0 
-0.035 268.0 
-0.047 269.0 
-0.059 270.0 
-0.019 271.0 
-0.001 272.0 
-0.043 273.0 
-0.041 274.0 
149.008 275.0 
145.843 276.0 
144.839 277.0 
143.215 278.0 
141.498 279.0 
139.384 280.0 
137.633 281.0 
135.472 282.0 
132.213 283.0 
130.566 284.0 
130.088 285.0 
129.702 286.0 
129.515 287.0 
129.2 288.0 
128.873 289.0 
128.102 290.0 
127.962 291.0 
127.705 292.0 
127.483 293.0 
127.144 294.0 
126.782 295.0 
126.607 296.0 
126.549 297.0 
126.0 298.0 
125.743 299.0 
125.661 300.0 
125.112 301.0 
124.995 302.0 
124.435 303.0 
124.364 304.0 
124.213 305.0 
123.605 306.0 
122.402 307.0 
120.008 308.0 
117.053 309.0 
113.0 310.0 
109.228 311.0 
104.673 312.0 
100.375 313.0 
95.82 314.0 
91.837 315.0 
87.842 316.0 
84.385 317.0 
81.781 318.0 
81.594 319.0 
81.36 320.0 
81.255 321.0 
81.267 322.0 
81.138 323.0 
81.162 324.0 
81.115 325.0 
81.01 326.0 
81.127 327.0 
81.021 328.0 
81.559 329.0 
81.15 330.0 
81.068 331.0 
81.325 332.0 
81.173 333.0 
81.068 334.0 
81.08 335.0 
81.162 336.0 
81.15 337.0 
81.057 338.0 
81.232 339.0 
81.103 340.0 
81.103 341.0 
81.057 342.0 
81.162 343.0 
81.103 344.0 
81.08 345.0 
81.033 346.0 
81.01 347.0 
81.103 348.0 
81.127 349.0 
81.138 350.0 
81.092 351.0 
81.127 352.0 
81.092 353.0 
80.975 354.0 
81.173 355.0 
81.127 356.0 
81.162 357.0 
81.068 358.0 
81.162 359.0 
81.08 360.0 
81.138 361.0 
81.045 362.0 
81.092 363.0 
81.045 364.0 
81.057 365.0 
81.092 366.0 
81.103 367.0 
81.045 368.0 
81.068 369.0 
81.103 370.0 
81.103 371.0 
81.138 372.0 
81.138 373.0 
81.173 374.0 
81.173 375.0 
81.454 376.0 
81.033 377.0 
81.068 378.0 
81.08 379.0 
81.045 380.0 
81.057 381.0 
81.185 382.0 
81.08 383.0 
81.08 384.0 
81.045 385.0 
81.162 386.0 
81.033 387.0 
81.01 388.0 
81.115 389.0 
81.092 390.0 
81.115 391.0 
81.068 392.0 
81.185 393.0 
81.021 394.0 
81.092 395.0 
81.197 396.0 
81.045 397.0 
81.127 398.0 
80.963 399.0 
81.045 400.0 
81.138 401.0 
81.092 402.0 
81.173 403.0 
81.127 404.0 
81.045 405.0 
81.045 406.0 
81.103 407.0 
80.998 408.0 
81.103 409.0 
81.045 410.0 
81.092 411.0 
81.138 412.0 
81.594 413.0 
81.15 414.0 
81.103 415.0 
81.138 416.0 
81.068 417.0 
81.15 418.0 
81.115 419.0 
81.033 420.0 
81.092 421.0 
81.092 422.0 
81.15 423.0 
81.068 424.0 
81.08 425.0 
81.127 426.0 
81.115 427.0 
81.08 428.0 
81.103 429.0 
81.045 430.0 
81.127 431.0 
81.138 432.0 
81.15 433.0 
81.01 434.0 
81.057 435.0 
81.057 436.0 
81.092 437.0 
81.033 438.0 
80.975 439.0 
81.08 440.0 
81.057 441.0 
81.021 442.0 
81.08 443.0 
81.08 444.0 
81.068 445.0 
81.057 446.0 
81.115 447.0 
81.15 448.0 
81.068 449.0 
81.477 450.0 
81.068 451.0 
81.057 452.0 
81.033 453.0 
81.01 454.0 
81.092 455.0 
81.092 456.0 
81.045 457.0 
81.01 458.0 
81.127 459.0 
81.115 460.0 
81.08 461.0 
81.033 462.0 
81.162 463.0 
81.103 464.0 
81.092 465.0 
81.138 466.0 
81.103 467.0 
81.01 468.0 
81.115 469.0 
81.045 470.0 
80.986 471.0 
81.08 472.0 
81.01 473.0 
81.103 474.0 
81.162 475.0 
81.115 476.0 
81.033 477.0 
81.08 478.0 
80.975 479.0 
81.068 480.0 
81.15 481.0 
81.057 482.0 
81.103 483.0 
81.033 484.0 
81.092 485.0 
81.033 486.0 
81.045 487.0 
81.138 488.0 
81.045 489.0 
81.068 490.0 
81.15 491.0 
81.08 492.0 
81.092 493.0 
81.115 494.0 
81.033 495.0 
81.021 496.0 
81.08 497.0 
81.162 498.0 
80.975 499.0 
81.057 500.0 
81.103 501.0 
81.127 502.0 
80.963 503.0 
80.986 504.0 
81.045 505.0 
81.057 506.0 
80.975 507.0 
81.08 508.0 
80.905 509.0 
81.01 510.0 
81.033 511.0 
81.057 512.0 
81.08 513.0 
81.08 514.0 
81.068 515.0 
80.916 516.0 
81.43 517.0 
80.893 518.0 
80.94 519.0 
80.963 520.0 
80.951 521.0 
80.951 522.0 
80.975 523.0 
80.94 524.0 
80.951 525.0 
80.94 526.0 
80.94 527.0 
80.87 528.0 
80.893 529.0 
80.846 530.0 
80.87 531.0 
80.998 532.0 
80.998 533.0 
80.94 534.0 
80.94 535.0 
80.905 536.0 
80.858 537.0 
80.765 538.0 
80.741 539.0 
80.694 540.0 
80.765 541.0 
80.706 542.0 
80.718 543.0 
80.648 544.0 
80.648 545.0 
80.543 546.0 
80.729 547.0 
80.624 548.0 
80.613 549.0 
80.578 550.0 
80.508 551.0 
80.624 552.0 
80.566 553.0 
80.508 554.0 
80.508 555.0 
80.636 556.0 
80.519 557.0 
80.473 558.0 
80.227 559.0 
80.601 560.0 
80.578 561.0 
80.473 562.0 
80.554 563.0 
80.449 564.0 
80.437 565.0 
80.601 566.0 
80.589 567.0 
80.473 568.0 
80.496 569.0 
80.508 570.0 
80.636 571.0 
80.589 572.0 
80.484 573.0 
80.566 574.0 
80.473 575.0 
81.01 576.0 
80.531 577.0 
80.531 578.0 
80.636 579.0 
80.578 580.0 
80.671 581.0 
80.554 582.0 
80.683 583.0 
80.566 584.0 
80.262 585.0 
80.601 586.0 
80.496 587.0 
80.578 588.0 
80.531 589.0 
80.613 590.0 
80.508 591.0 
80.613 592.0 
80.554 593.0 
80.613 594.0 
80.519 595.0 
80.578 596.0 
80.543 597.0 
80.531 598.0 
80.508 599.0 
80.589 600.0 
80.683 601.0 
80.589 602.0 
80.636 603.0 
80.543 604.0 
80.636 605.0 
80.519 606.0 
80.554 607.0 
80.473 608.0 
80.566 609.0 
80.671 610.0 
80.566 611.0 
80.659 612.0 
80.496 613.0 
80.554 614.0 
80.508 615.0 
80.531 616.0 
80.636 617.0 
80.473 618.0 
80.589 619.0 
80.379 620.0 
80.531 621.0 
80.601 622.0 
80.508 623.0 
80.543 624.0 
80.671 625.0 
80.508 626.0 
80.578 627.0 
80.636 628.0 
80.496 629.0 
80.601 630.0 
80.671 631.0 
80.543 632.0 
80.578 633.0 
80.835 634.0 
80.508 635.0 
80.613 636.0 
80.648 637.0 
80.543 638.0 
80.531 639.0 
80.613 640.0 
80.508 641.0 
80.496 642.0 
80.624 643.0 
80.484 644.0 
80.461 645.0 
80.601 646.0 
80.636 647.0 
80.484 648.0 
80.578 649.0 
80.613 650.0 
80.484 651.0 
80.484 652.0 
80.578 653.0 
80.624 654.0 
80.519 655.0 
80.484 656.0 
80.613 657.0 
80.648 658.0 
80.508 659.0 
80.566 660.0 
80.624 661.0 
80.624 662.0 
80.496 663.0 
80.578 664.0 
80.624 665.0 
80.636 666.0 
80.473 667.0 
80.543 668.0 
80.578 669.0 
80.648 670.0 
80.484 671.0 
80.519 672.0 
80.578 673.0 
80.589 674.0 
80.624 675.0 
80.519 676.0 
80.554 677.0 
80.578 678.0 
80.601 679.0 
80.648 680.0 
80.449 681.0 
80.508 682.0 
80.566 683.0 
80.578 684.0 
80.554 685.0 
80.636 686.0 
80.426 687.0 
80.531 688.0 
80.554 689.0 
80.624 690.0 
80.624 691.0 
80.636 692.0 
80.508 693.0 
80.508 694.0 
80.531 695.0 
80.578 696.0 
80.531 697.0 
80.624 698.0 
80.437 699.0 
80.484 700.0 
80.496 701.0 
80.554 702.0 
80.589 703.0 
80.589 704.0 
80.613 705.0 
80.636 706.0 
80.449 707.0 
80.508 708.0 
80.519 709.0 
80.508 710.0 
80.589 711.0 
80.589 712.0 
80.624 713.0 
80.659 714.0 
80.461 715.0 
80.484 716.0 
80.414 717.0 
80.519 718.0 
80.484 719.0 
80.531 720.0 
80.578 721.0 
80.589 722.0 
80.624 723.0 
80.648 724.0 
80.659 725.0 
80.414 726.0 
80.461 727.0 
80.508 728.0 
80.473 729.0 
80.543 730.0 
80.554 731.0 
80.554 732.0 
80.601 733.0 
80.589 734.0 
80.613 735.0 
80.554 736.0 
80.648 737.0 
80.648 738.0 
80.437 739.0 
80.449 740.0 
80.449 741.0 
80.461 742.0 
80.508 743.0 
80.473 744.0 
80.496 745.0 
80.496 746.0 
80.508 747.0 
80.508 748.0 
80.508 749.0 
80.531 750.0 
80.543 751.0 
80.531 752.0 
80.566 753.0 
80.566 754.0 
80.554 755.0 
80.543 756.0 
80.589 757.0 
80.578 758.0 
80.589 759.0 
80.566 760.0 
80.554 761.0 
80.566 762.0 
80.531 763.0 
80.566 764.0 
80.589 765.0 
80.578 766.0 
80.578 767.0 
80.578 768.0 
80.578 769.0 
80.589 770.0 
80.589 771.0 
80.578 772.0 
80.578 773.0 
80.589 774.0 
80.543 775.0 
80.578 776.0 
80.624 777.0 
80.578 778.0 
80.566 779.0 
80.589 780.0 
80.589 781.0 
80.566 782.0 
80.566 783.0 
80.543 784.0 
80.566 785.0 
80.543 786.0 
80.566 787.0 
80.543 788.0 
80.566 789.0 
80.578 790.0 
80.566 791.0 
80.601 792.0 
80.589 793.0 
80.554 794.0 
80.578 795.0 
80.531 796.0 
80.554 797.0 
80.554 798.0 
80.543 799.0 
80.554 800.0 
80.554 801.0 
80.543 802.0 
80.543 803.0 
80.543 804.0 
0.006 805.0 
0.002 806.0 
0.005 807.0 
0.001 808.0 
0.0 809.0 
0.002 810.0 
0.01 811.0 
0.01 812.0 
0.006 813.0 
-0.012 814.0 
-0.001 815.0 
-0.006 816.0 
-0.004 817.0 
-0.007 818.0 
-0.004 819.0 
-0.007 820.0 
-0.011 821.0 
-0.014 822.0 
-0.023 823.0 
-0.03 824.0 
-0.022 825.0 
-0.024 826.0 
-0.022 827.0 
-0.019 828.0 
-0.018 829.0 
