-0.026 257.0 
-0.031 258.0 
-0.031 259.0 
-0.03 260.0 
-0.042 261.0 
-0.053 262.0 
-0.036 263.0 
-0.047 264.0 
-0.024 265.0 
-0.047 266.0 
-0.035 267.0 
-0.065 268.0 
-0.05 269.0 
-0.038 270.0 
-0.052 271.0 
-0.049 272.0 
-0.03 273.0 
-0.025 274.0 
150.095 275.0 
145.96 276.0 
144.886 277.0 
143.367 278.0 
141.755 279.0 
140.015 280.0 
138.193 281.0 
136.103 282.0 
132.75 283.0 
131.407 284.0 
131.045 285.0 
130.648 286.0 
130.485 287.0 
130.146 288.0 
129.842 289.0 
129.153 290.0 
128.943 291.0 
128.744 292.0 
128.511 293.0 
128.055 294.0 
127.845 295.0 
127.693 296.0 
127.611 297.0 
127.062 298.0 
126.887 299.0 
126.595 300.0 
126.187 301.0 
126.046 302.0 
125.439 303.0 
125.276 304.0 
125.054 305.0 
124.002 306.0 
121.97 307.0 
119.062 308.0 
115.862 309.0 
112.078 310.0 
108.095 311.0 
103.913 312.0 
99.826 313.0 
95.808 314.0 
91.813 315.0 
87.912 316.0 
84.362 317.0 
81.535 318.0 
81.372 319.0 
81.103 320.0 
80.986 321.0 
80.893 322.0 
80.788 323.0 
80.765 324.0 
80.741 325.0 
80.648 326.0 
80.718 327.0 
80.636 328.0 
80.659 329.0 
80.753 330.0 
80.706 331.0 
80.648 332.0 
80.753 333.0 
80.683 334.0 
80.636 335.0 
80.718 336.0 
80.753 337.0 
80.636 338.0 
80.811 339.0 
80.694 340.0 
80.671 341.0 
80.671 342.0 
80.262 343.0 
80.683 344.0 
80.648 345.0 
80.601 346.0 
80.613 347.0 
80.578 348.0 
80.729 349.0 
80.659 350.0 
80.636 351.0 
80.706 352.0 
80.648 353.0 
80.578 354.0 
80.636 355.0 
80.671 356.0 
80.753 357.0 
80.694 358.0 
80.741 359.0 
80.718 360.0 
80.753 361.0 
80.636 362.0 
80.648 363.0 
80.601 364.0 
80.636 365.0 
80.624 366.0 
80.683 367.0 
80.589 368.0 
80.648 369.0 
80.671 370.0 
80.659 371.0 
80.706 372.0 
80.671 373.0 
80.741 374.0 
80.729 375.0 
80.881 376.0 
80.624 377.0 
80.659 378.0 
80.683 379.0 
80.683 380.0 
80.683 381.0 
80.589 382.0 
80.636 383.0 
80.613 384.0 
80.613 385.0 
80.694 386.0 
80.624 387.0 
80.601 388.0 
80.694 389.0 
80.706 390.0 
80.659 391.0 
80.636 392.0 
80.741 393.0 
80.601 394.0 
80.683 395.0 
80.765 396.0 
80.601 397.0 
80.694 398.0 
80.566 399.0 
80.613 400.0 
80.741 401.0 
80.683 402.0 
80.741 403.0 
80.659 404.0 
80.624 405.0 
80.589 406.0 
80.671 407.0 
80.601 408.0 
80.613 409.0 
80.589 410.0 
80.636 411.0 
80.683 412.0 
81.115 413.0 
80.659 414.0 
80.613 415.0 
80.718 416.0 
80.601 417.0 
80.706 418.0 
80.718 419.0 
80.613 420.0 
80.659 421.0 
80.694 422.0 
80.706 423.0 
80.613 424.0 
80.578 425.0 
80.659 426.0 
80.671 427.0 
80.589 428.0 
80.601 429.0 
80.578 430.0 
80.671 431.0 
80.694 432.0 
80.706 433.0 
80.589 434.0 
80.636 435.0 
80.613 436.0 
80.706 437.0 
80.589 438.0 
80.648 439.0 
80.648 440.0 
80.613 441.0 
80.601 442.0 
80.636 443.0 
80.636 444.0 
80.601 445.0 
80.589 446.0 
80.718 447.0 
80.683 448.0 
80.963 449.0 
80.928 450.0 
80.624 451.0 
80.624 452.0 
80.613 453.0 
80.578 454.0 
80.683 455.0 
80.531 456.0 
80.601 457.0 
80.601 458.0 
80.694 459.0 
80.671 460.0 
80.648 461.0 
80.624 462.0 
80.718 463.0 
80.683 464.0 
80.648 465.0 
80.694 466.0 
80.659 467.0 
80.601 468.0 
80.683 469.0 
80.613 470.0 
80.589 471.0 
80.659 472.0 
80.624 473.0 
80.648 474.0 
80.729 475.0 
80.671 476.0 
80.589 477.0 
80.636 478.0 
80.554 479.0 
80.636 480.0 
80.694 481.0 
80.601 482.0 
80.671 483.0 
80.613 484.0 
80.648 485.0 
80.589 486.0 
80.578 487.0 
80.659 488.0 
80.624 489.0 
80.624 490.0 
80.683 491.0 
80.659 492.0 
80.624 493.0 
80.683 494.0 
80.589 495.0 
80.589 496.0 
80.659 497.0 
80.694 498.0 
80.566 499.0 
80.601 500.0 
80.624 501.0 
80.683 502.0 
80.543 503.0 
80.543 504.0 
80.601 505.0 
80.601 506.0 
80.601 507.0 
80.683 508.0 
80.531 509.0 
80.508 510.0 
80.578 511.0 
80.589 512.0 
80.624 513.0 
80.648 514.0 
80.671 515.0 
80.648 516.0 
80.928 517.0 
80.461 518.0 
80.519 519.0 
80.508 520.0 
80.543 521.0 
80.496 522.0 
80.484 523.0 
80.519 524.0 
80.496 525.0 
80.473 526.0 
80.461 527.0 
80.414 528.0 
80.461 529.0 
80.391 530.0 
80.391 531.0 
80.554 532.0 
80.683 533.0 
80.437 534.0 
80.449 535.0 
80.379 536.0 
80.356 537.0 
80.332 538.0 
80.309 539.0 
80.262 540.0 
80.379 541.0 
80.297 542.0 
80.274 543.0 
80.286 544.0 
80.239 545.0 
80.145 546.0 
80.274 547.0 
80.192 548.0 
80.192 549.0 
80.145 550.0 
80.122 551.0 
80.216 552.0 
80.192 553.0 
80.122 554.0 
80.134 555.0 
80.227 556.0 
80.181 557.0 
80.134 558.0 
79.818 559.0 
80.216 560.0 
80.11 561.0 
80.075 562.0 
80.169 563.0 
80.145 564.0 
80.04 565.0 
80.204 566.0 
80.227 567.0 
80.064 568.0 
80.192 569.0 
80.087 570.0 
80.227 571.0 
80.157 572.0 
80.052 573.0 
80.169 574.0 
80.11 575.0 
80.543 576.0 
80.134 577.0 
80.122 578.0 
80.227 579.0 
80.169 580.0 
80.274 581.0 
80.204 582.0 
80.216 583.0 
80.204 584.0 
80.321 585.0 
80.204 586.0 
80.122 587.0 
80.227 588.0 
80.122 589.0 
80.204 590.0 
80.11 591.0 
80.181 592.0 
80.145 593.0 
80.192 594.0 
80.145 595.0 
80.145 596.0 
80.122 597.0 
80.204 598.0 
80.134 599.0 
80.204 600.0 
80.286 601.0 
80.169 602.0 
80.251 603.0 
80.157 604.0 
80.227 605.0 
80.157 606.0 
80.204 607.0 
80.122 608.0 
80.192 609.0 
80.251 610.0 
80.134 611.0 
80.251 612.0 
80.122 613.0 
80.204 614.0 
80.087 615.0 
80.157 616.0 
80.251 617.0 
80.075 618.0 
80.216 619.0 
79.818 620.0 
80.157 621.0 
80.216 622.0 
80.087 623.0 
80.169 624.0 
80.251 625.0 
80.11 626.0 
80.181 627.0 
80.227 628.0 
80.145 629.0 
80.204 630.0 
80.239 631.0 
80.145 632.0 
80.204 633.0 
80.496 634.0 
80.157 635.0 
80.192 636.0 
80.262 637.0 
80.134 638.0 
80.169 639.0 
80.251 640.0 
80.157 641.0 
80.099 642.0 
80.204 643.0 
80.075 644.0 
80.145 645.0 
80.216 646.0 
80.239 647.0 
80.11 648.0 
80.157 649.0 
80.227 650.0 
80.087 651.0 
80.122 652.0 
80.192 653.0 
80.251 654.0 
80.075 655.0 
80.145 656.0 
80.157 657.0 
80.251 658.0 
80.122 659.0 
80.192 660.0 
80.227 661.0 
80.274 662.0 
80.04 663.0 
80.169 664.0 
80.227 665.0 
80.286 666.0 
80.11 667.0 
80.157 668.0 
80.204 669.0 
80.239 670.0 
80.122 671.0 
80.145 672.0 
80.181 673.0 
80.239 674.0 
80.204 675.0 
80.075 676.0 
80.134 677.0 
80.169 678.0 
80.216 679.0 
80.286 680.0 
80.122 681.0 
80.099 682.0 
80.169 683.0 
80.192 684.0 
80.239 685.0 
80.274 686.0 
80.099 687.0 
80.157 688.0 
80.145 689.0 
80.181 690.0 
80.251 691.0 
80.297 692.0 
80.087 693.0 
80.134 694.0 
80.157 695.0 
80.181 696.0 
80.239 697.0 
80.239 698.0 
79.924 699.0 
80.11 700.0 
80.122 701.0 
80.145 702.0 
80.157 703.0 
80.134 704.0 
80.216 705.0 
80.251 706.0 
80.087 707.0 
80.099 708.0 
80.145 709.0 
80.157 710.0 
80.169 711.0 
80.204 712.0 
80.227 713.0 
80.251 714.0 
80.262 715.0 
80.099 716.0 
80.087 717.0 
80.122 718.0 
80.169 719.0 
80.181 720.0 
80.192 721.0 
80.181 722.0 
80.204 723.0 
80.239 724.0 
80.297 725.0 
80.064 726.0 
80.087 727.0 
80.11 728.0 
80.11 729.0 
80.169 730.0 
80.181 731.0 
80.181 732.0 
80.181 733.0 
80.192 734.0 
80.227 735.0 
80.204 736.0 
80.262 737.0 
80.251 738.0 
79.982 739.0 
80.087 740.0 
80.087 741.0 
80.075 742.0 
80.075 743.0 
80.099 744.0 
80.099 745.0 
80.134 746.0 
80.134 747.0 
80.087 748.0 
80.11 749.0 
80.122 750.0 
80.11 751.0 
80.157 752.0 
80.134 753.0 
80.157 754.0 
80.134 755.0 
80.169 756.0 
80.181 757.0 
80.181 758.0 
80.157 759.0 
80.204 760.0 
80.192 761.0 
80.192 762.0 
80.169 763.0 
80.181 764.0 
80.192 765.0 
80.181 766.0 
80.181 767.0 
80.169 768.0 
80.169 769.0 
80.192 770.0 
80.181 771.0 
80.216 772.0 
80.181 773.0 
80.181 774.0 
80.204 775.0 
80.204 776.0 
80.204 777.0 
80.204 778.0 
80.204 779.0 
80.204 780.0 
80.204 781.0 
80.157 782.0 
80.169 783.0 
80.169 784.0 
80.204 785.0 
80.192 786.0 
80.181 787.0 
80.169 788.0 
80.181 789.0 
80.145 790.0 
80.204 791.0 
80.204 792.0 
80.192 793.0 
80.169 794.0 
80.192 795.0 
80.145 796.0 
80.169 797.0 
80.157 798.0 
80.192 799.0 
80.204 800.0 
80.192 801.0 
80.181 802.0 
80.157 803.0 
80.181 804.0 
0.01 805.0 
0.005 806.0 
-0.001 807.0 
-0.011 808.0 
-0.006 809.0 
-0.006 810.0 
-0.014 811.0 
-0.014 812.0 
-0.016 813.0 
-0.025 814.0 
-0.028 815.0 
-0.028 816.0 
-0.032 817.0 
-0.032 818.0 
-0.029 819.0 
-0.034 820.0 
-0.034 821.0 
-0.04 822.0 
-0.026 823.0 
-0.026 824.0 
-0.018 825.0 
-0.018 826.0 
-0.02 827.0 
-0.014 828.0 
-0.018 829.0 
