-0.046 257.0 
-0.042 258.0 
-0.09 259.0 
-0.048 260.0 
-0.062 261.0 
-0.069 262.0 
-0.064 263.0 
-0.052 264.0 
-0.024 265.0 
-0.06 266.0 
-0.049 267.0 
-0.054 268.0 
-0.061 269.0 
-0.053 270.0 
-0.064 271.0 
-0.066 272.0 
-0.072 273.0 
-0.042 274.0 
820.111 275.0 
813.844 276.0 
810.247 277.0 
803.516 278.0 
798.99 279.0 
794.464 280.0 
791.331 281.0 
788.662 282.0 
784.832 283.0 
782.511 284.0 
781.235 285.0 
779.842 286.0 
779.842 287.0 
778.566 288.0 
777.985 289.0 
775.897 290.0 
774.388 291.0 
773.576 292.0 
772.763 293.0 
771.139 294.0 
770.558 295.0 
770.79 296.0 
770.906 297.0 
768.121 298.0 
767.889 299.0 
768.47 300.0 
766.149 301.0 
766.613 302.0 
764.176 303.0 
765.336 304.0 
770.674 305.0 
764.06 306.0 
764.408 307.0 
762.435 308.0 
763.247 309.0 
761.391 310.0 
762.087 311.0 
760.926 312.0 
761.159 313.0 
759.998 314.0 
760.926 315.0 
760.23 316.0 
760.694 317.0 
759.07 318.0 
759.882 319.0 
759.07 320.0 
757.329 321.0 
759.07 322.0 
758.025 323.0 
758.605 324.0 
758.373 325.0 
757.909 326.0 
758.489 327.0 
757.445 328.0 
765.568 329.0 
758.025 330.0 
757.445 331.0 
761.507 332.0 
758.141 333.0 
757.329 334.0 
757.213 335.0 
758.141 336.0 
757.677 337.0 
756.401 338.0 
760.114 339.0 
756.749 340.0 
756.981 341.0 
756.749 342.0 
754.892 343.0 
756.981 344.0 
756.633 345.0 
755.936 346.0 
756.052 347.0 
755.82 348.0 
757.097 349.0 
756.865 350.0 
756.517 351.0 
756.749 352.0 
756.517 353.0 
755.356 354.0 
755.82 355.0 
756.865 356.0 
756.865 357.0 
755.936 358.0 
756.865 359.0 
756.284 360.0 
756.865 361.0 
756.284 362.0 
756.168 363.0 
755.82 364.0 
756.052 365.0 
756.168 366.0 
756.401 367.0 
755.82 368.0 
756.052 369.0 
756.284 370.0 
756.284 371.0 
756.517 372.0 
756.517 373.0 
756.865 374.0 
757.445 375.0 
759.998 376.0 
755.82 377.0 
755.82 378.0 
755.704 379.0 
756.052 380.0 
755.82 381.0 
756.865 382.0 
755.588 383.0 
755.82 384.0 
755.588 385.0 
756.284 386.0 
755.008 387.0 
755.24 388.0 
755.936 389.0 
756.284 390.0 
756.168 391.0 
755.704 392.0 
756.633 393.0 
755.124 394.0 
756.401 395.0 
757.213 396.0 
755.472 397.0 
755.588 398.0 
754.66 399.0 
755.472 400.0 
756.168 401.0 
756.052 402.0 
756.633 403.0 
756.052 404.0 
755.588 405.0 
755.008 406.0 
755.82 407.0 
755.008 408.0 
756.168 409.0 
755.24 410.0 
755.704 411.0 
756.401 412.0 
759.534 413.0 
756.168 414.0 
755.704 415.0 
756.284 416.0 
755.472 417.0 
756.284 418.0 
756.052 419.0 
755.124 420.0 
755.472 421.0 
755.82 422.0 
756.052 423.0 
755.356 424.0 
755.588 425.0 
755.704 426.0 
756.052 427.0 
755.472 428.0 
755.588 429.0 
755.472 430.0 
756.284 431.0 
756.284 432.0 
756.168 433.0 
755.24 434.0 
755.588 435.0 
755.588 436.0 
756.633 437.0 
755.24 438.0 
755.24 439.0 
755.588 440.0 
755.124 441.0 
755.356 442.0 
755.704 443.0 
755.704 444.0 
755.356 445.0 
755.124 446.0 
756.517 447.0 
756.284 448.0 
756.052 449.0 
758.141 450.0 
755.588 451.0 
755.588 452.0 
755.356 453.0 
755.124 454.0 
755.936 455.0 
754.428 456.0 
755.472 457.0 
755.124 458.0 
756.168 459.0 
756.168 460.0 
755.588 461.0 
755.24 462.0 
756.168 463.0 
755.704 464.0 
755.472 465.0 
756.401 466.0 
755.472 467.0 
755.24 468.0 
756.168 469.0 
755.472 470.0 
755.356 471.0 
755.704 472.0 
754.428 473.0 
755.704 474.0 
756.633 475.0 
755.704 476.0 
755.008 477.0 
755.588 478.0 
754.776 479.0 
755.588 480.0 
756.401 481.0 
755.472 482.0 
755.704 483.0 
755.24 484.0 
755.356 485.0 
754.776 486.0 
755.24 487.0 
756.052 488.0 
755.008 489.0 
755.472 490.0 
755.704 491.0 
755.124 492.0 
755.008 493.0 
755.472 494.0 
755.008 495.0 
754.776 496.0 
755.124 497.0 
755.24 498.0 
753.964 499.0 
754.428 500.0 
754.776 501.0 
755.24 502.0 
754.196 503.0 
754.08 504.0 
754.312 505.0 
754.196 506.0 
752.455 507.0 
757.677 508.0 
753.731 509.0 
754.196 510.0 
754.312 511.0 
754.428 512.0 
754.66 513.0 
754.776 514.0 
754.892 515.0 
754.892 516.0 
754.776 517.0 
752.803 518.0 
753.267 519.0 
753.615 520.0 
753.499 521.0 
753.383 522.0 
753.267 523.0 
753.151 524.0 
753.615 525.0 
753.151 526.0 
753.499 527.0 
753.383 528.0 
753.383 529.0 
752.803 530.0 
752.919 531.0 
754.66 532.0 
756.865 533.0 
754.196 534.0 
754.312 535.0 
754.08 536.0 
753.964 537.0 
753.151 538.0 
753.383 539.0 
753.035 540.0 
754.312 541.0 
753.615 542.0 
753.731 543.0 
753.499 544.0 
753.615 545.0 
752.687 546.0 
754.544 547.0 
754.312 548.0 
753.499 549.0 
753.267 550.0 
752.223 551.0 
754.428 552.0 
753.847 553.0 
753.151 554.0 
753.035 555.0 
754.312 556.0 
753.383 557.0 
753.035 558.0 
747.697 559.0 
753.847 560.0 
753.383 561.0 
752.571 562.0 
753.615 563.0 
753.035 564.0 
752.687 565.0 
753.847 566.0 
753.035 567.0 
752.687 568.0 
753.151 569.0 
753.151 570.0 
754.08 571.0 
753.499 572.0 
752.919 573.0 
753.731 574.0 
753.035 575.0 
757.677 576.0 
753.267 577.0 
753.267 578.0 
754.312 579.0 
753.267 580.0 
754.196 581.0 
753.615 582.0 
754.312 583.0 
754.08 584.0 
749.786 585.0 
754.196 586.0 
753.499 587.0 
754.196 588.0 
753.267 589.0 
754.196 590.0 
753.383 591.0 
754.196 592.0 
753.267 593.0 
754.08 594.0 
753.383 595.0 
754.08 596.0 
753.035 597.0 
753.499 598.0 
753.035 599.0 
753.847 600.0 
754.66 601.0 
753.847 602.0 
754.196 603.0 
753.499 604.0 
754.08 605.0 
753.267 606.0 
754.196 607.0 
753.035 608.0 
754.08 609.0 
754.66 610.0 
753.383 611.0 
754.544 612.0 
753.267 613.0 
754.08 614.0 
753.035 615.0 
753.267 616.0 
754.544 617.0 
752.803 618.0 
753.964 619.0 
750.83 620.0 
753.383 621.0 
753.847 622.0 
752.803 623.0 
753.847 624.0 
754.312 625.0 
753.035 626.0 
753.847 627.0 
754.66 628.0 
753.383 629.0 
753.731 630.0 
754.312 631.0 
753.499 632.0 
753.615 633.0 
756.865 634.0 
753.383 635.0 
754.428 636.0 
754.08 637.0 
753.035 638.0 
753.499 639.0 
754.428 640.0 
753.035 641.0 
753.151 642.0 
753.964 643.0 
752.919 644.0 
753.267 645.0 
753.731 646.0 
754.544 647.0 
753.267 648.0 
753.731 649.0 
754.428 650.0 
752.687 651.0 
752.687 652.0 
753.847 653.0 
754.312 654.0 
753.383 655.0 
753.615 656.0 
753.499 657.0 
754.08 658.0 
753.035 659.0 
753.615 660.0 
754.08 661.0 
754.196 662.0 
753.151 663.0 
753.731 664.0 
754.196 665.0 
754.196 666.0 
753.499 667.0 
753.499 668.0 
753.964 669.0 
754.312 670.0 
752.919 671.0 
753.267 672.0 
753.615 673.0 
754.08 674.0 
754.196 675.0 
753.035 676.0 
753.267 677.0 
753.615 678.0 
753.731 679.0 
754.428 680.0 
752.803 681.0 
753.383 682.0 
753.499 683.0 
753.964 684.0 
753.499 685.0 
754.312 686.0 
752.223 687.0 
753.267 688.0 
753.615 689.0 
754.08 690.0 
754.196 691.0 
754.776 692.0 
752.919 693.0 
753.383 694.0 
753.731 695.0 
754.312 696.0 
754.08 697.0 
753.964 698.0 
751.41 699.0 
752.803 700.0 
753.151 701.0 
753.267 702.0 
753.499 703.0 
754.08 704.0 
754.08 705.0 
754.428 706.0 
752.919 707.0 
753.499 708.0 
753.383 709.0 
753.499 710.0 
753.964 711.0 
754.196 712.0 
754.196 713.0 
754.544 714.0 
752.339 715.0 
753.151 716.0 
752.571 717.0 
753.267 718.0 
753.615 719.0 
753.499 720.0 
753.847 721.0 
754.08 722.0 
754.196 723.0 
754.544 724.0 
754.428 725.0 
752.571 726.0 
752.803 727.0 
753.267 728.0 
753.615 729.0 
753.383 730.0 
753.847 731.0 
754.08 732.0 
753.847 733.0 
754.196 734.0 
754.544 735.0 
754.544 736.0 
754.428 737.0 
754.196 738.0 
752.455 739.0 
752.687 740.0 
752.455 741.0 
752.919 742.0 
752.919 743.0 
753.267 744.0 
753.151 745.0 
753.035 746.0 
753.383 747.0 
753.731 748.0 
753.383 749.0 
753.499 750.0 
753.615 751.0 
753.615 752.0 
753.499 753.0 
753.731 754.0 
753.847 755.0 
753.847 756.0 
753.964 757.0 
752.919 758.0 
753.731 759.0 
753.731 760.0 
753.731 761.0 
753.499 762.0 
753.615 763.0 
753.964 764.0 
753.615 765.0 
753.964 766.0 
753.731 767.0 
754.196 768.0 
754.196 769.0 
753.847 770.0 
754.196 771.0 
753.964 772.0 
753.964 773.0 
753.731 774.0 
754.08 775.0 
754.196 776.0 
753.731 777.0 
753.964 778.0 
753.731 779.0 
753.847 780.0 
753.499 781.0 
753.847 782.0 
753.964 783.0 
753.383 784.0 
753.615 785.0 
753.383 786.0 
754.312 787.0 
753.615 788.0 
753.847 789.0 
753.731 790.0 
753.615 791.0 
753.731 792.0 
753.847 793.0 
754.08 794.0 
753.847 795.0 
753.964 796.0 
753.499 797.0 
753.615 798.0 
753.383 799.0 
753.615 800.0 
753.731 801.0 
753.615 802.0 
753.383 803.0 
753.499 804.0 
0.09 805.0 
0.102 806.0 
0.096 807.0 
0.068 808.0 
0.029 809.0 
-0.022 810.0 
-0.09 811.0 
-0.162 812.0 
-0.228 813.0 
-0.29 814.0 
-0.333 815.0 
-0.381 816.0 
-0.41 817.0 
-0.439 818.0 
-0.445 819.0 
-0.434 820.0 
-0.437 821.0 
-0.434 822.0 
-0.425 823.0 
-0.389 824.0 
-0.353 825.0 
-0.315 826.0 
-0.282 827.0 
-0.258 828.0 
-0.213 829.0 
