-0.048 257.0 
-0.061 258.0 
-0.035 259.0 
-0.035 260.0 
-0.03 261.0 
-0.05 262.0 
-0.053 263.0 
-0.026 264.0 
-0.022 265.0 
-0.037 266.0 
-0.044 267.0 
-0.049 268.0 
-0.031 269.0 
-0.03 270.0 
-0.041 271.0 
-0.025 272.0 
-0.046 273.0 
-0.044 274.0 
809.667 275.0 
803.864 276.0 
800.151 277.0 
793.768 278.0 
788.778 279.0 
784.252 280.0 
780.306 281.0 
778.102 282.0 
774.04 283.0 
772.183 284.0 
770.21 285.0 
769.398 286.0 
768.353 287.0 
767.425 288.0 
766.149 289.0 
767.657 290.0 
762.899 291.0 
761.971 292.0 
761.159 293.0 
761.042 294.0 
758.489 295.0 
758.141 296.0 
758.605 297.0 
756.401 298.0 
755.82 299.0 
756.517 300.0 
754.196 301.0 
754.66 302.0 
752.571 303.0 
753.035 304.0 
753.847 305.0 
752.107 306.0 
751.875 307.0 
750.714 308.0 
751.178 309.0 
749.554 310.0 
750.366 311.0 
748.509 312.0 
749.09 313.0 
747.581 314.0 
748.393 315.0 
747.697 316.0 
748.277 317.0 
747.117 318.0 
747.929 319.0 
746.536 320.0 
745.376 321.0 
746.769 322.0 
746.072 323.0 
746.885 324.0 
746.188 325.0 
748.045 326.0 
746.304 327.0 
745.028 328.0 
746.885 329.0 
745.84 330.0 
745.492 331.0 
746.072 332.0 
745.84 333.0 
744.796 334.0 
746.42 335.0 
745.724 336.0 
745.724 337.0 
744.448 338.0 
745.84 339.0 
745.144 340.0 
744.796 341.0 
744.564 342.0 
743.635 343.0 
745.028 344.0 
744.68 345.0 
744.796 346.0 
744.099 347.0 
743.751 348.0 
745.376 349.0 
745.028 350.0 
744.68 351.0 
745.144 352.0 
744.216 353.0 
742.823 354.0 
743.635 355.0 
744.796 356.0 
745.144 357.0 
744.216 358.0 
745.608 359.0 
744.216 360.0 
744.448 361.0 
744.332 362.0 
744.68 363.0 
744.099 364.0 
743.983 365.0 
744.68 366.0 
744.796 367.0 
743.983 368.0 
744.448 369.0 
744.332 370.0 
744.912 371.0 
744.448 372.0 
744.564 373.0 
744.448 374.0 
744.796 375.0 
747.581 376.0 
743.751 377.0 
744.099 378.0 
743.983 379.0 
743.867 380.0 
743.983 381.0 
744.796 382.0 
743.867 383.0 
743.867 384.0 
743.867 385.0 
745.144 386.0 
743.635 387.0 
743.403 388.0 
744.564 389.0 
744.564 390.0 
744.216 391.0 
743.867 392.0 
744.332 393.0 
743.287 394.0 
743.751 395.0 
745.028 396.0 
743.635 397.0 
743.983 398.0 
742.823 399.0 
743.403 400.0 
744.68 401.0 
744.216 402.0 
744.68 403.0 
744.332 404.0 
743.751 405.0 
743.635 406.0 
743.867 407.0 
743.751 408.0 
744.216 409.0 
743.055 410.0 
744.099 411.0 
744.216 412.0 
746.188 413.0 
744.216 414.0 
743.751 415.0 
744.099 416.0 
743.403 417.0 
744.099 418.0 
744.216 419.0 
743.055 420.0 
743.983 421.0 
744.099 422.0 
744.448 423.0 
743.635 424.0 
743.867 425.0 
744.332 426.0 
744.448 427.0 
743.867 428.0 
744.099 429.0 
743.751 430.0 
744.448 431.0 
744.332 432.0 
744.448 433.0 
743.287 434.0 
743.403 435.0 
744.099 436.0 
744.912 437.0 
743.403 438.0 
743.055 439.0 
743.867 440.0 
743.635 441.0 
743.751 442.0 
743.983 443.0 
743.867 444.0 
743.867 445.0 
743.403 446.0 
744.68 447.0 
744.216 448.0 
744.564 449.0 
745.724 450.0 
744.099 451.0 
743.751 452.0 
743.519 453.0 
743.287 454.0 
744.099 455.0 
744.099 456.0 
743.403 457.0 
743.403 458.0 
744.332 459.0 
744.448 460.0 
743.867 461.0 
743.519 462.0 
744.796 463.0 
744.216 464.0 
743.867 465.0 
744.564 466.0 
743.983 467.0 
743.635 468.0 
744.448 469.0 
743.635 470.0 
743.751 471.0 
743.867 472.0 
743.055 473.0 
743.867 474.0 
744.564 475.0 
743.751 476.0 
743.287 477.0 
743.635 478.0 
743.171 479.0 
744.216 480.0 
744.68 481.0 
743.519 482.0 
744.099 483.0 
743.403 484.0 
743.983 485.0 
743.055 486.0 
742.823 487.0 
744.216 488.0 
743.287 489.0 
743.403 490.0 
743.751 491.0 
743.403 492.0 
743.171 493.0 
743.519 494.0 
742.591 495.0 
742.243 496.0 
743.055 497.0 
743.287 498.0 
742.359 499.0 
742.939 500.0 
742.823 501.0 
743.403 502.0 
742.127 503.0 
742.591 504.0 
742.707 505.0 
742.591 506.0 
740.27 507.0 
745.724 508.0 
741.895 509.0 
742.127 510.0 
742.359 511.0 
742.127 512.0 
742.475 513.0 
742.591 514.0 
742.823 515.0 
742.823 516.0 
742.591 517.0 
740.966 518.0 
741.546 519.0 
741.662 520.0 
741.43 521.0 
741.662 522.0 
741.662 523.0 
741.779 524.0 
741.779 525.0 
741.662 526.0 
741.546 527.0 
740.734 528.0 
741.43 529.0 
740.85 530.0 
741.546 531.0 
742.707 532.0 
742.359 533.0 
742.011 534.0 
742.243 535.0 
742.127 536.0 
741.895 537.0 
741.546 538.0 
741.662 539.0 
741.43 540.0 
742.707 541.0 
742.243 542.0 
742.127 543.0 
742.011 544.0 
741.779 545.0 
741.43 546.0 
742.475 547.0 
742.243 548.0 
742.359 549.0 
741.662 550.0 
740.966 551.0 
742.475 552.0 
741.662 553.0 
741.082 554.0 
741.198 555.0 
742.359 556.0 
741.546 557.0 
741.43 558.0 
737.253 559.0 
742.011 560.0 
741.662 561.0 
740.85 562.0 
741.895 563.0 
741.662 564.0 
740.734 565.0 
741.895 566.0 
741.546 567.0 
740.85 568.0 
741.779 569.0 
741.662 570.0 
742.707 571.0 
741.546 572.0 
740.734 573.0 
741.779 574.0 
741.198 575.0 
742.127 576.0 
741.546 577.0 
741.662 578.0 
742.359 579.0 
741.895 580.0 
742.243 581.0 
741.895 582.0 
742.823 583.0 
742.243 584.0 
738.529 585.0 
742.243 586.0 
741.43 587.0 
742.475 588.0 
741.546 589.0 
742.475 590.0 
741.779 591.0 
742.475 592.0 
741.314 593.0 
742.011 594.0 
741.546 595.0 
741.895 596.0 
741.546 597.0 
742.475 598.0 
741.082 599.0 
742.011 600.0 
742.823 601.0 
742.127 602.0 
742.823 603.0 
741.895 604.0 
742.707 605.0 
741.546 606.0 
742.359 607.0 
741.314 608.0 
742.127 609.0 
742.707 610.0 
742.127 611.0 
742.823 612.0 
741.198 613.0 
742.359 614.0 
741.43 615.0 
742.011 616.0 
742.707 617.0 
741.314 618.0 
742.243 619.0 
739.458 620.0 
741.779 621.0 
742.127 622.0 
741.662 623.0 
742.011 624.0 
742.591 625.0 
741.43 626.0 
742.127 627.0 
742.707 628.0 
741.546 629.0 
742.011 630.0 
742.939 631.0 
741.43 632.0 
742.011 633.0 
742.939 634.0 
741.314 635.0 
742.127 636.0 
742.591 637.0 
741.546 638.0 
741.662 639.0 
742.475 640.0 
741.082 641.0 
740.966 642.0 
742.475 643.0 
741.546 644.0 
741.43 645.0 
742.243 646.0 
742.591 647.0 
741.546 648.0 
742.011 649.0 
742.359 650.0 
741.314 651.0 
741.314 652.0 
742.127 653.0 
742.591 654.0 
740.966 655.0 
741.198 656.0 
741.662 657.0 
742.591 658.0 
741.198 659.0 
741.662 660.0 
742.359 661.0 
742.359 662.0 
741.546 663.0 
742.127 664.0 
742.475 665.0 
743.287 666.0 
741.43 667.0 
741.779 668.0 
742.011 669.0 
742.475 670.0 
741.546 671.0 
741.546 672.0 
741.895 673.0 
742.359 674.0 
742.127 675.0 
740.966 676.0 
741.43 677.0 
741.895 678.0 
741.895 679.0 
742.707 680.0 
740.966 681.0 
741.779 682.0 
741.895 683.0 
742.243 684.0 
741.895 685.0 
742.939 686.0 
740.734 687.0 
741.546 688.0 
742.127 689.0 
742.243 690.0 
742.591 691.0 
743.055 692.0 
740.85 693.0 
741.43 694.0 
742.127 695.0 
742.243 696.0 
741.895 697.0 
742.127 698.0 
740.386 699.0 
740.966 700.0 
741.198 701.0 
741.546 702.0 
742.011 703.0 
742.475 704.0 
742.475 705.0 
742.707 706.0 
741.198 707.0 
741.314 708.0 
741.198 709.0 
741.546 710.0 
742.359 711.0 
742.359 712.0 
742.359 713.0 
742.359 714.0 
740.27 715.0 
741.198 716.0 
740.966 717.0 
741.546 718.0 
741.895 719.0 
742.127 720.0 
741.895 721.0 
742.011 722.0 
742.707 723.0 
742.823 724.0 
742.823 725.0 
741.198 726.0 
741.314 727.0 
741.314 728.0 
741.895 729.0 
742.011 730.0 
742.243 731.0 
742.011 732.0 
742.011 733.0 
742.243 734.0 
742.707 735.0 
742.359 736.0 
742.475 737.0 
743.055 738.0 
740.85 739.0 
740.734 740.0 
741.314 741.0 
741.082 742.0 
741.43 743.0 
741.43 744.0 
741.779 745.0 
741.662 746.0 
741.546 747.0 
741.779 748.0 
742.011 749.0 
741.895 750.0 
742.011 751.0 
742.011 752.0 
741.662 753.0 
741.779 754.0 
741.779 755.0 
741.779 756.0 
742.127 757.0 
741.43 758.0 
741.779 759.0 
741.895 760.0 
741.895 761.0 
741.895 762.0 
742.011 763.0 
742.011 764.0 
742.359 765.0 
742.243 766.0 
742.127 767.0 
742.243 768.0 
742.127 769.0 
742.475 770.0 
742.127 771.0 
742.475 772.0 
742.127 773.0 
742.011 774.0 
742.243 775.0 
742.127 776.0 
742.011 777.0 
742.243 778.0 
742.127 779.0 
742.011 780.0 
742.127 781.0 
742.127 782.0 
741.779 783.0 
742.243 784.0 
741.895 785.0 
742.127 786.0 
742.127 787.0 
742.243 788.0 
742.011 789.0 
742.011 790.0 
742.243 791.0 
742.359 792.0 
742.011 793.0 
741.662 794.0 
741.779 795.0 
742.011 796.0 
741.895 797.0 
741.895 798.0 
741.779 799.0 
742.011 800.0 
741.779 801.0 
741.895 802.0 
741.895 803.0 
741.895 804.0 
0.097 805.0 
0.119 806.0 
0.098 807.0 
0.097 808.0 
0.071 809.0 
0.062 810.0 
0.03 811.0 
-0.01 812.0 
-0.049 813.0 
-0.08 814.0 
-0.105 815.0 
-0.113 816.0 
-0.129 817.0 
-0.129 818.0 
-0.137 819.0 
-0.137 820.0 
-0.149 821.0 
-0.147 822.0 
-0.139 823.0 
-0.123 824.0 
-0.115 825.0 
-0.113 826.0 
-0.097 827.0 
-0.093 828.0 
-0.072 829.0 
