-0.052 257.0 
-0.055 258.0 
-0.086 259.0 
-0.044 260.0 
-0.066 261.0 
-0.038 262.0 
-0.056 263.0 
-0.042 264.0 
-0.024 265.0 
-0.035 266.0 
-0.065 267.0 
-0.047 268.0 
-0.026 269.0 
-0.035 270.0 
-0.05 271.0 
-0.055 272.0 
-0.04 273.0 
-0.034 274.0 
144.477 275.0 
141.639 276.0 
140.599 277.0 
139.198 278.0 
137.749 279.0 
135.857 280.0 
134.21 281.0 
131.98 282.0 
128.931 283.0 
127.67 284.0 
127.296 285.0 
126.981 286.0 
126.829 287.0 
126.572 288.0 
126.327 289.0 
126.011 290.0 
125.532 291.0 
125.276 292.0 
125.089 293.0 
125.054 294.0 
124.516 295.0 
124.364 296.0 
124.306 297.0 
123.781 298.0 
123.594 299.0 
123.547 300.0 
123.033 301.0 
122.998 302.0 
122.461 303.0 
122.437 304.0 
122.332 305.0 
121.725 306.0 
120.58 307.0 
118.279 308.0 
115.616 309.0 
112.007 310.0 
108.387 311.0 
104.287 312.0 
100.199 313.0 
95.82 314.0 
91.615 315.0 
87.62 316.0 
83.649 317.0 
80.543 318.0 
80.402 319.0 
80.169 320.0 
80.087 321.0 
80.029 322.0 
79.889 323.0 
79.959 324.0 
79.935 325.0 
79.737 326.0 
79.9 327.0 
79.854 328.0 
79.994 329.0 
79.97 330.0 
79.865 331.0 
79.947 332.0 
79.959 333.0 
79.865 334.0 
79.889 335.0 
79.947 336.0 
79.912 337.0 
79.795 338.0 
79.959 339.0 
79.877 340.0 
79.854 341.0 
79.842 342.0 
79.818 343.0 
79.865 344.0 
79.842 345.0 
79.795 346.0 
79.772 347.0 
79.795 348.0 
79.924 349.0 
79.865 350.0 
79.83 351.0 
79.889 352.0 
79.818 353.0 
79.783 354.0 
79.97 355.0 
79.912 356.0 
79.924 357.0 
79.854 358.0 
79.935 359.0 
79.9 360.0 
79.924 361.0 
79.83 362.0 
79.889 363.0 
79.807 364.0 
79.818 365.0 
79.842 366.0 
79.9 367.0 
79.83 368.0 
79.842 369.0 
79.854 370.0 
79.912 371.0 
79.877 372.0 
79.912 373.0 
79.924 374.0 
79.947 375.0 
80.251 376.0 
79.795 377.0 
79.865 378.0 
79.865 379.0 
79.865 380.0 
79.854 381.0 
79.935 382.0 
79.83 383.0 
79.818 384.0 
79.842 385.0 
79.889 386.0 
79.818 387.0 
79.772 388.0 
79.865 389.0 
79.9 390.0 
79.877 391.0 
79.818 392.0 
79.912 393.0 
79.783 394.0 
79.889 395.0 
79.959 396.0 
79.772 397.0 
79.865 398.0 
79.725 399.0 
79.795 400.0 
79.889 401.0 
79.889 402.0 
79.935 403.0 
79.889 404.0 
79.842 405.0 
79.76 406.0 
79.865 407.0 
79.83 408.0 
79.877 409.0 
79.795 410.0 
79.889 411.0 
79.9 412.0 
80.227 413.0 
79.912 414.0 
79.842 415.0 
79.9 416.0 
79.795 417.0 
79.924 418.0 
79.865 419.0 
79.807 420.0 
79.865 421.0 
79.9 422.0 
79.912 423.0 
79.854 424.0 
79.818 425.0 
79.877 426.0 
79.889 427.0 
79.842 428.0 
79.889 429.0 
79.76 430.0 
79.912 431.0 
79.947 432.0 
79.924 433.0 
79.795 434.0 
79.807 435.0 
79.854 436.0 
79.9 437.0 
79.795 438.0 
79.783 439.0 
79.807 440.0 
79.842 441.0 
79.818 442.0 
79.842 443.0 
79.818 444.0 
79.818 445.0 
79.783 446.0 
79.889 447.0 
79.9 448.0 
79.865 449.0 
80.181 450.0 
79.818 451.0 
79.807 452.0 
79.795 453.0 
79.772 454.0 
79.877 455.0 
79.877 456.0 
79.83 457.0 
79.818 458.0 
79.889 459.0 
79.9 460.0 
79.83 461.0 
79.795 462.0 
79.935 463.0 
79.9 464.0 
79.854 465.0 
79.9 466.0 
79.877 467.0 
79.772 468.0 
79.865 469.0 
79.842 470.0 
79.854 471.0 
79.865 472.0 
79.807 473.0 
79.854 474.0 
79.959 475.0 
79.865 476.0 
79.772 477.0 
79.842 478.0 
79.783 479.0 
79.865 480.0 
79.947 481.0 
79.818 482.0 
79.924 483.0 
79.83 484.0 
79.877 485.0 
79.772 486.0 
79.795 487.0 
79.9 488.0 
79.842 489.0 
79.854 490.0 
79.912 491.0 
79.924 492.0 
79.854 493.0 
79.935 494.0 
79.83 495.0 
79.76 496.0 
79.865 497.0 
79.9 498.0 
79.76 499.0 
79.783 500.0 
79.83 501.0 
79.842 502.0 
79.737 503.0 
79.76 504.0 
79.795 505.0 
79.83 506.0 
79.795 507.0 
79.9 508.0 
79.737 509.0 
79.76 510.0 
79.795 511.0 
79.807 512.0 
79.83 513.0 
79.842 514.0 
79.865 515.0 
79.865 516.0 
79.877 517.0 
79.678 518.0 
79.69 519.0 
79.713 520.0 
79.737 521.0 
79.737 522.0 
79.748 523.0 
79.748 524.0 
79.725 525.0 
79.748 526.0 
79.725 527.0 
79.667 528.0 
79.713 529.0 
79.678 530.0 
79.69 531.0 
79.818 532.0 
79.783 533.0 
79.737 534.0 
79.783 535.0 
79.76 536.0 
79.655 537.0 
79.55 538.0 
79.585 539.0 
79.55 540.0 
79.643 541.0 
79.655 542.0 
79.55 543.0 
79.538 544.0 
79.503 545.0 
79.468 546.0 
79.526 547.0 
79.503 548.0 
79.468 549.0 
79.421 550.0 
79.375 551.0 
79.515 552.0 
79.421 553.0 
79.41 554.0 
79.386 555.0 
79.491 556.0 
79.445 557.0 
79.398 558.0 
79.106 559.0 
79.456 560.0 
79.398 561.0 
79.34 562.0 
79.421 563.0 
79.375 564.0 
79.293 565.0 
79.433 566.0 
79.445 567.0 
79.34 568.0 
79.468 569.0 
79.363 570.0 
79.503 571.0 
79.433 572.0 
79.351 573.0 
79.41 574.0 
79.375 575.0 
79.515 576.0 
79.398 577.0 
79.386 578.0 
79.503 579.0 
79.433 580.0 
79.491 581.0 
79.421 582.0 
79.48 583.0 
79.445 584.0 
79.538 585.0 
79.433 586.0 
79.363 587.0 
79.468 588.0 
79.41 589.0 
79.491 590.0 
79.421 591.0 
79.445 592.0 
79.386 593.0 
79.398 594.0 
79.386 595.0 
79.433 596.0 
79.398 597.0 
79.468 598.0 
79.398 599.0 
79.456 600.0 
79.526 601.0 
79.41 602.0 
79.503 603.0 
79.421 604.0 
79.515 605.0 
79.363 606.0 
79.456 607.0 
79.375 608.0 
79.433 609.0 
79.515 610.0 
79.445 611.0 
79.503 612.0 
79.398 613.0 
79.445 614.0 
79.375 615.0 
79.445 616.0 
79.503 617.0 
79.316 618.0 
79.456 619.0 
79.048 620.0 
79.398 621.0 
79.445 622.0 
79.375 623.0 
79.433 624.0 
79.503 625.0 
79.386 626.0 
79.456 627.0 
79.503 628.0 
79.421 629.0 
79.445 630.0 
79.515 631.0 
79.375 632.0 
79.456 633.0 
79.562 634.0 
79.398 635.0 
79.468 636.0 
79.503 637.0 
79.386 638.0 
79.456 639.0 
79.515 640.0 
79.375 641.0 
79.445 642.0 
79.491 643.0 
79.351 644.0 
79.375 645.0 
79.421 646.0 
79.526 647.0 
79.375 648.0 
79.421 649.0 
79.491 650.0 
79.375 651.0 
79.386 652.0 
79.445 653.0 
79.503 654.0 
79.351 655.0 
79.41 656.0 
79.41 657.0 
79.515 658.0 
79.375 659.0 
79.445 660.0 
79.491 661.0 
79.491 662.0 
79.363 663.0 
79.456 664.0 
79.48 665.0 
79.526 666.0 
79.363 667.0 
79.445 668.0 
79.456 669.0 
79.538 670.0 
79.363 671.0 
79.375 672.0 
79.41 673.0 
79.48 674.0 
79.491 675.0 
79.375 676.0 
79.41 677.0 
79.433 678.0 
79.445 679.0 
79.515 680.0 
79.34 681.0 
79.34 682.0 
79.421 683.0 
79.48 684.0 
79.515 685.0 
79.538 686.0 
79.386 687.0 
79.421 688.0 
79.456 689.0 
79.48 690.0 
79.503 691.0 
79.538 692.0 
79.351 693.0 
79.386 694.0 
79.456 695.0 
79.468 696.0 
79.48 697.0 
79.421 698.0 
79.153 699.0 
79.375 700.0 
79.375 701.0 
79.41 702.0 
79.468 703.0 
79.421 704.0 
79.48 705.0 
79.491 706.0 
79.375 707.0 
79.34 708.0 
79.398 709.0 
79.445 710.0 
79.445 711.0 
79.456 712.0 
79.503 713.0 
79.538 714.0 
79.503 715.0 
79.351 716.0 
79.386 717.0 
79.375 718.0 
79.41 719.0 
79.41 720.0 
79.421 721.0 
79.445 722.0 
79.48 723.0 
79.503 724.0 
79.515 725.0 
79.305 726.0 
79.328 727.0 
79.398 728.0 
79.386 729.0 
79.398 730.0 
79.421 731.0 
79.445 732.0 
79.433 733.0 
79.48 734.0 
79.491 735.0 
79.503 736.0 
79.48 737.0 
79.503 738.0 
79.223 739.0 
79.34 740.0 
79.34 741.0 
79.363 742.0 
79.34 743.0 
79.363 744.0 
79.363 745.0 
79.363 746.0 
79.375 747.0 
79.386 748.0 
79.41 749.0 
79.386 750.0 
79.41 751.0 
79.41 752.0 
79.398 753.0 
79.41 754.0 
79.398 755.0 
79.363 756.0 
79.41 757.0 
79.445 758.0 
79.433 759.0 
79.433 760.0 
79.445 761.0 
79.421 762.0 
79.433 763.0 
79.445 764.0 
79.433 765.0 
79.421 766.0 
79.456 767.0 
79.445 768.0 
79.468 769.0 
79.433 770.0 
79.433 771.0 
79.48 772.0 
79.445 773.0 
79.468 774.0 
79.468 775.0 
79.433 776.0 
79.421 777.0 
79.433 778.0 
79.433 779.0 
79.445 780.0 
79.421 781.0 
79.445 782.0 
79.421 783.0 
79.41 784.0 
79.445 785.0 
79.421 786.0 
79.48 787.0 
79.468 788.0 
79.468 789.0 
79.468 790.0 
79.468 791.0 
79.433 792.0 
79.445 793.0 
79.445 794.0 
79.421 795.0 
79.433 796.0 
79.433 797.0 
79.398 798.0 
79.433 799.0 
79.386 800.0 
79.398 801.0 
79.433 802.0 
79.456 803.0 
79.421 804.0 
0.0 805.0 
0.0 806.0 
-0.002 807.0 
-0.006 808.0 
-0.011 809.0 
-0.019 810.0 
-0.024 811.0 
-0.041 812.0 
-0.041 813.0 
-0.046 814.0 
-0.044 815.0 
-0.047 816.0 
-0.054 817.0 
-0.054 818.0 
-0.058 819.0 
-0.055 820.0 
-0.058 821.0 
-0.054 822.0 
-0.061 823.0 
-0.054 824.0 
-0.048 825.0 
-0.038 826.0 
-0.044 827.0 
-0.043 828.0 
-0.042 829.0 
