-0.035 257.0 
-0.016 258.0 
-0.02 259.0 
-0.046 260.0 
-0.026 261.0 
-0.025 262.0 
-0.025 263.0 
-0.042 264.0 
-0.041 265.0 
-0.037 266.0 
-0.025 267.0 
-0.028 268.0 
-0.043 269.0 
-0.035 270.0 
-0.03 271.0 
-0.014 272.0 
-0.041 273.0 
-0.036 274.0 
145.832 275.0 
142.842 276.0 
141.65 277.0 
140.097 278.0 
138.38 279.0 
136.43 280.0 
134.572 281.0 
131.699 282.0 
128.931 283.0 
127.6 284.0 
127.261 285.0 
126.864 286.0 
126.7 287.0 
126.467 288.0 
126.292 289.0 
125.661 290.0 
125.509 291.0 
125.322 292.0 
125.112 293.0 
124.727 294.0 
124.505 295.0 
124.364 296.0 
124.364 297.0 
123.781 298.0 
123.675 299.0 
123.418 300.0 
123.045 301.0 
123.033 302.0 
122.554 303.0 
122.496 304.0 
122.169 305.0 
121.725 306.0 
120.522 307.0 
118.349 308.0 
115.687 309.0 
111.867 310.0 
108.001 311.0 
103.645 312.0 
99.697 313.0 
95.317 314.0 
91.101 315.0 
86.78 316.0 
82.89 317.0 
79.959 318.0 
79.865 319.0 
79.585 320.0 
79.433 321.0 
79.433 322.0 
79.34 323.0 
79.41 324.0 
79.363 325.0 
79.246 326.0 
79.328 327.0 
79.27 328.0 
79.281 329.0 
79.363 330.0 
79.293 331.0 
79.433 332.0 
79.398 333.0 
79.293 334.0 
79.223 335.0 
79.363 336.0 
79.351 337.0 
79.293 338.0 
79.48 339.0 
79.316 340.0 
79.328 341.0 
79.281 342.0 
79.515 343.0 
79.328 344.0 
79.293 345.0 
79.305 346.0 
79.199 347.0 
79.27 348.0 
79.351 349.0 
79.34 350.0 
79.27 351.0 
79.34 352.0 
79.27 353.0 
79.258 354.0 
79.27 355.0 
79.316 356.0 
79.386 357.0 
79.305 358.0 
79.433 359.0 
79.305 360.0 
79.375 361.0 
79.305 362.0 
79.316 363.0 
79.258 364.0 
79.258 365.0 
79.281 366.0 
79.363 367.0 
79.258 368.0 
79.305 369.0 
79.305 370.0 
79.328 371.0 
79.34 372.0 
79.34 373.0 
79.351 374.0 
79.398 375.0 
79.538 376.0 
79.258 377.0 
79.328 378.0 
79.293 379.0 
79.293 380.0 
79.27 381.0 
79.386 382.0 
79.281 383.0 
79.293 384.0 
79.258 385.0 
79.375 386.0 
79.258 387.0 
79.234 388.0 
79.316 389.0 
79.328 390.0 
79.305 391.0 
79.27 392.0 
79.375 393.0 
79.211 394.0 
79.316 395.0 
79.398 396.0 
79.234 397.0 
79.316 398.0 
79.211 399.0 
79.234 400.0 
79.34 401.0 
79.328 402.0 
79.398 403.0 
79.305 404.0 
79.258 405.0 
79.246 406.0 
79.328 407.0 
79.234 408.0 
79.305 409.0 
79.234 410.0 
79.281 411.0 
79.34 412.0 
79.713 413.0 
79.351 414.0 
79.27 415.0 
79.316 416.0 
79.281 417.0 
79.363 418.0 
79.363 419.0 
79.258 420.0 
79.258 421.0 
79.316 422.0 
79.375 423.0 
79.27 424.0 
79.234 425.0 
79.316 426.0 
79.328 427.0 
79.258 428.0 
79.305 429.0 
79.258 430.0 
79.328 431.0 
79.363 432.0 
79.328 433.0 
79.258 434.0 
79.27 435.0 
79.27 436.0 
79.316 437.0 
79.281 438.0 
79.199 439.0 
79.305 440.0 
79.27 441.0 
79.246 442.0 
79.281 443.0 
79.305 444.0 
79.234 445.0 
79.223 446.0 
79.34 447.0 
79.305 448.0 
79.562 449.0 
79.526 450.0 
79.258 451.0 
79.246 452.0 
79.246 453.0 
79.199 454.0 
79.328 455.0 
79.083 456.0 
79.293 457.0 
79.258 458.0 
79.34 459.0 
79.363 460.0 
79.281 461.0 
79.27 462.0 
79.34 463.0 
79.328 464.0 
79.281 465.0 
79.328 466.0 
79.258 467.0 
79.223 468.0 
79.328 469.0 
79.246 470.0 
79.258 471.0 
79.293 472.0 
79.188 473.0 
79.281 474.0 
79.375 475.0 
79.316 476.0 
79.234 477.0 
79.305 478.0 
79.234 479.0 
79.305 480.0 
79.351 481.0 
79.27 482.0 
79.351 483.0 
79.258 484.0 
79.316 485.0 
79.223 486.0 
79.223 487.0 
79.305 488.0 
79.258 489.0 
79.293 490.0 
79.34 491.0 
79.293 492.0 
79.293 493.0 
79.305 494.0 
79.234 495.0 
79.246 496.0 
79.293 497.0 
79.351 498.0 
79.199 499.0 
79.27 500.0 
79.246 501.0 
79.305 502.0 
79.188 503.0 
79.223 504.0 
79.234 505.0 
79.246 506.0 
79.234 507.0 
79.305 508.0 
79.176 509.0 
79.234 510.0 
79.234 511.0 
79.258 512.0 
79.305 513.0 
79.293 514.0 
79.316 515.0 
79.211 516.0 
79.655 517.0 
79.141 518.0 
79.164 519.0 
79.176 520.0 
79.141 521.0 
79.153 522.0 
79.141 523.0 
79.164 524.0 
79.164 525.0 
79.141 526.0 
79.153 527.0 
79.094 528.0 
79.118 529.0 
79.129 530.0 
79.129 531.0 
79.246 532.0 
79.468 533.0 
79.188 534.0 
79.188 535.0 
79.118 536.0 
79.141 537.0 
79.048 538.0 
79.036 539.0 
78.966 540.0 
79.129 541.0 
79.001 542.0 
79.024 543.0 
78.954 544.0 
78.942 545.0 
78.907 546.0 
79.036 547.0 
79.001 548.0 
78.907 549.0 
78.861 550.0 
78.826 551.0 
78.942 552.0 
78.896 553.0 
78.849 554.0 
78.814 555.0 
78.907 556.0 
78.896 557.0 
78.896 558.0 
78.475 559.0 
78.907 560.0 
78.837 561.0 
78.814 562.0 
78.919 563.0 
78.849 564.0 
78.721 565.0 
78.896 566.0 
78.931 567.0 
78.744 568.0 
78.884 569.0 
78.814 570.0 
78.919 571.0 
78.837 572.0 
78.814 573.0 
78.896 574.0 
78.837 575.0 
79.153 576.0 
78.884 577.0 
78.872 578.0 
78.954 579.0 
78.884 580.0 
78.978 581.0 
78.861 582.0 
78.907 583.0 
78.919 584.0 
79.001 585.0 
78.931 586.0 
78.861 587.0 
78.919 588.0 
78.837 589.0 
78.954 590.0 
78.837 591.0 
78.942 592.0 
78.814 593.0 
78.931 594.0 
78.837 595.0 
78.861 596.0 
78.861 597.0 
78.942 598.0 
78.872 599.0 
78.896 600.0 
78.978 601.0 
78.872 602.0 
78.989 603.0 
78.896 604.0 
78.942 605.0 
78.861 606.0 
78.919 607.0 
78.826 608.0 
78.884 609.0 
78.954 610.0 
78.872 611.0 
78.942 612.0 
78.849 613.0 
78.919 614.0 
78.814 615.0 
78.861 616.0 
78.954 617.0 
78.779 618.0 
78.919 619.0 
78.639 620.0 
78.861 621.0 
78.931 622.0 
78.791 623.0 
78.872 624.0 
78.954 625.0 
78.814 626.0 
78.896 627.0 
78.989 628.0 
78.837 629.0 
78.896 630.0 
78.989 631.0 
78.802 632.0 
78.896 633.0 
78.978 634.0 
78.861 635.0 
78.907 636.0 
78.978 637.0 
78.884 638.0 
78.931 639.0 
78.942 640.0 
78.802 641.0 
78.896 642.0 
78.907 643.0 
78.814 644.0 
78.849 645.0 
78.907 646.0 
78.942 647.0 
78.849 648.0 
78.884 649.0 
78.954 650.0 
78.814 651.0 
78.884 652.0 
78.884 653.0 
78.966 654.0 
78.837 655.0 
78.837 656.0 
78.884 657.0 
78.954 658.0 
78.826 659.0 
78.861 660.0 
78.931 661.0 
79.024 662.0 
78.802 663.0 
78.872 664.0 
78.919 665.0 
78.978 666.0 
78.791 667.0 
78.861 668.0 
78.907 669.0 
78.966 670.0 
78.802 671.0 
78.826 672.0 
78.907 673.0 
78.919 674.0 
78.931 675.0 
78.826 676.0 
78.837 677.0 
78.931 678.0 
78.942 679.0 
78.966 680.0 
78.802 681.0 
78.791 682.0 
78.837 683.0 
78.884 684.0 
78.919 685.0 
78.942 686.0 
78.837 687.0 
78.849 688.0 
78.884 689.0 
78.907 690.0 
78.931 691.0 
78.978 692.0 
78.814 693.0 
78.861 694.0 
78.884 695.0 
78.919 696.0 
78.931 697.0 
78.919 698.0 
78.639 699.0 
78.791 700.0 
78.837 701.0 
78.872 702.0 
78.919 703.0 
78.884 704.0 
78.907 705.0 
78.966 706.0 
78.814 707.0 
78.861 708.0 
78.802 709.0 
78.872 710.0 
78.907 711.0 
78.919 712.0 
78.919 713.0 
78.954 714.0 
78.849 715.0 
78.779 716.0 
78.837 717.0 
78.849 718.0 
78.872 719.0 
78.861 720.0 
78.884 721.0 
78.919 722.0 
78.919 723.0 
78.931 724.0 
78.978 725.0 
78.802 726.0 
78.814 727.0 
78.791 728.0 
78.814 729.0 
78.849 730.0 
78.884 731.0 
78.884 732.0 
78.931 733.0 
78.919 734.0 
78.931 735.0 
78.942 736.0 
78.966 737.0 
78.966 738.0 
78.709 739.0 
78.767 740.0 
78.767 741.0 
78.791 742.0 
78.802 743.0 
78.802 744.0 
78.826 745.0 
78.826 746.0 
78.884 747.0 
78.849 748.0 
78.837 749.0 
78.849 750.0 
78.849 751.0 
78.861 752.0 
78.872 753.0 
78.884 754.0 
78.872 755.0 
78.849 756.0 
78.849 757.0 
78.884 758.0 
78.896 759.0 
78.861 760.0 
78.872 761.0 
78.884 762.0 
78.907 763.0 
78.907 764.0 
78.872 765.0 
78.896 766.0 
78.907 767.0 
78.896 768.0 
78.872 769.0 
78.884 770.0 
78.919 771.0 
78.907 772.0 
78.931 773.0 
78.931 774.0 
78.896 775.0 
78.896 776.0 
78.907 777.0 
78.931 778.0 
78.872 779.0 
78.896 780.0 
78.907 781.0 
78.884 782.0 
78.884 783.0 
78.872 784.0 
78.884 785.0 
78.896 786.0 
78.884 787.0 
78.896 788.0 
78.872 789.0 
78.872 790.0 
78.884 791.0 
78.919 792.0 
78.896 793.0 
78.907 794.0 
78.896 795.0 
78.884 796.0 
78.907 797.0 
78.896 798.0 
78.919 799.0 
78.907 800.0 
78.884 801.0 
78.896 802.0 
78.896 803.0 
78.872 804.0 
0.005 805.0 
0.008 806.0 
-0.002 807.0 
0.0 808.0 
-0.001 809.0 
-0.008 810.0 
-0.017 811.0 
-0.02 812.0 
-0.023 813.0 
-0.031 814.0 
-0.041 815.0 
-0.029 816.0 
-0.041 817.0 
-0.044 818.0 
-0.041 819.0 
-0.044 820.0 
-0.048 821.0 
-0.048 822.0 
-0.04 823.0 
-0.036 824.0 
-0.044 825.0 
-0.035 826.0 
-0.026 827.0 
-0.03 828.0 
-0.029 829.0 
