-0.049 257.0 
-0.024 258.0 
-0.018 259.0 
-0.03 260.0 
-0.044 261.0 
-0.044 262.0 
-0.018 263.0 
-0.022 264.0 
-0.04 265.0 
-0.036 266.0 
-0.05 267.0 
-0.036 268.0 
-0.035 269.0 
-0.02 270.0 
-0.032 271.0 
-0.048 272.0 
-0.031 273.0 
-0.007 274.0 
145.236 275.0 
142.281 276.0 
141.23 277.0 
139.548 278.0 
137.668 279.0 
135.378 280.0 
133.405 281.0 
130.508 282.0 
127.191 283.0 
125.696 284.0 
125.334 285.0 
125.03 286.0 
124.82 287.0 
124.563 288.0 
124.341 289.0 
123.699 290.0 
123.629 291.0 
123.383 292.0 
123.185 293.0 
122.788 294.0 
122.601 295.0 
122.367 296.0 
122.321 297.0 
121.83 298.0 
121.643 299.0 
121.386 300.0 
121.036 301.0 
120.977 302.0 
120.51 303.0 
120.44 304.0 
120.183 305.0 
119.693 306.0 
118.525 307.0 
116.317 308.0 
113.829 309.0 
110.559 310.0 
107.16 311.0 
102.897 312.0 
98.821 313.0 
94.301 314.0 
89.991 315.0 
85.331 316.0 
81.337 317.0 
78.452 318.0 
78.359 319.0 
78.16 320.0 
77.985 321.0 
77.961 322.0 
77.833 323.0 
77.903 324.0 
77.856 325.0 
77.739 326.0 
77.833 327.0 
77.751 328.0 
77.739 329.0 
77.856 330.0 
77.775 331.0 
77.775 332.0 
77.88 333.0 
77.798 334.0 
77.739 335.0 
77.856 336.0 
77.845 337.0 
77.739 338.0 
77.95 339.0 
77.798 340.0 
77.775 341.0 
77.763 342.0 
77.845 343.0 
77.798 344.0 
77.798 345.0 
77.751 346.0 
77.739 347.0 
77.739 348.0 
77.81 349.0 
77.81 350.0 
77.739 351.0 
77.833 352.0 
77.786 353.0 
77.739 354.0 
77.751 355.0 
77.821 356.0 
77.856 357.0 
77.833 358.0 
77.891 359.0 
77.821 360.0 
77.856 361.0 
77.751 362.0 
77.821 363.0 
77.763 364.0 
77.775 365.0 
77.798 366.0 
77.798 367.0 
77.763 368.0 
77.751 369.0 
77.798 370.0 
77.821 371.0 
77.798 372.0 
77.856 373.0 
77.856 374.0 
77.891 375.0 
78.172 376.0 
77.751 377.0 
77.786 378.0 
77.798 379.0 
77.786 380.0 
77.786 381.0 
77.739 382.0 
77.786 383.0 
77.786 384.0 
77.763 385.0 
77.868 386.0 
77.751 387.0 
77.728 388.0 
77.821 389.0 
77.786 390.0 
77.821 391.0 
77.775 392.0 
77.856 393.0 
77.728 394.0 
77.833 395.0 
77.891 396.0 
77.763 397.0 
77.833 398.0 
77.704 399.0 
77.728 400.0 
77.856 401.0 
77.81 402.0 
77.891 403.0 
77.821 404.0 
77.763 405.0 
77.716 406.0 
77.81 407.0 
77.739 408.0 
77.786 409.0 
77.739 410.0 
77.798 411.0 
77.868 412.0 
78.242 413.0 
77.868 414.0 
77.786 415.0 
77.833 416.0 
77.763 417.0 
77.868 418.0 
77.81 419.0 
77.739 420.0 
77.763 421.0 
77.786 422.0 
77.821 423.0 
77.763 424.0 
77.775 425.0 
77.775 426.0 
77.833 427.0 
77.751 428.0 
77.798 429.0 
77.763 430.0 
77.786 431.0 
77.845 432.0 
77.821 433.0 
77.763 434.0 
77.751 435.0 
77.786 436.0 
77.775 437.0 
77.751 438.0 
77.681 439.0 
77.775 440.0 
77.728 441.0 
77.763 442.0 
77.751 443.0 
77.775 444.0 
77.739 445.0 
77.716 446.0 
77.88 447.0 
77.845 448.0 
77.798 449.0 
77.915 450.0 
77.786 451.0 
77.775 452.0 
77.763 453.0 
77.693 454.0 
77.81 455.0 
77.599 456.0 
77.728 457.0 
77.775 458.0 
77.845 459.0 
77.891 460.0 
77.775 461.0 
77.763 462.0 
77.821 463.0 
77.775 464.0 
77.751 465.0 
77.833 466.0 
77.763 467.0 
77.728 468.0 
77.798 469.0 
77.739 470.0 
77.728 471.0 
77.763 472.0 
77.716 473.0 
77.798 474.0 
77.833 475.0 
77.798 476.0 
77.704 477.0 
77.751 478.0 
77.693 479.0 
77.786 480.0 
77.868 481.0 
77.751 482.0 
77.798 483.0 
77.751 484.0 
77.775 485.0 
77.716 486.0 
77.716 487.0 
77.81 488.0 
77.763 489.0 
77.775 490.0 
77.81 491.0 
77.798 492.0 
77.751 493.0 
77.821 494.0 
77.739 495.0 
77.681 496.0 
77.751 497.0 
77.845 498.0 
77.728 499.0 
77.739 500.0 
77.775 501.0 
77.798 502.0 
77.646 503.0 
77.693 504.0 
77.728 505.0 
77.728 506.0 
77.728 507.0 
77.856 508.0 
77.634 509.0 
77.739 510.0 
77.728 511.0 
77.739 512.0 
77.786 513.0 
77.775 514.0 
77.786 515.0 
77.798 516.0 
78.067 517.0 
77.599 518.0 
77.658 519.0 
77.658 520.0 
77.658 521.0 
77.634 522.0 
77.681 523.0 
77.658 524.0 
77.669 525.0 
77.623 526.0 
77.646 527.0 
77.599 528.0 
77.623 529.0 
77.623 530.0 
77.599 531.0 
77.751 532.0 
77.716 533.0 
77.669 534.0 
77.646 535.0 
77.623 536.0 
77.588 537.0 
77.518 538.0 
77.494 539.0 
77.436 540.0 
77.553 541.0 
77.412 542.0 
77.436 543.0 
77.401 544.0 
77.366 545.0 
77.342 546.0 
77.459 547.0 
77.354 548.0 
77.342 549.0 
77.284 550.0 
77.214 551.0 
77.377 552.0 
77.307 553.0 
77.307 554.0 
77.261 555.0 
77.366 556.0 
77.331 557.0 
77.249 558.0 
76.934 559.0 
77.319 560.0 
77.284 561.0 
77.191 562.0 
77.331 563.0 
77.296 564.0 
77.156 565.0 
77.319 566.0 
77.319 567.0 
77.191 568.0 
77.284 569.0 
77.214 570.0 
77.366 571.0 
77.296 572.0 
77.214 573.0 
77.296 574.0 
77.261 575.0 
77.342 576.0 
77.261 577.0 
77.261 578.0 
77.366 579.0 
77.319 580.0 
77.389 581.0 
77.272 582.0 
77.342 583.0 
77.319 584.0 
77.401 585.0 
77.366 586.0 
77.272 587.0 
77.307 588.0 
77.261 589.0 
77.342 590.0 
77.284 591.0 
77.354 592.0 
77.249 593.0 
77.296 594.0 
77.284 595.0 
77.261 596.0 
77.272 597.0 
77.319 598.0 
77.261 599.0 
77.307 600.0 
77.412 601.0 
77.307 602.0 
77.412 603.0 
77.296 604.0 
77.331 605.0 
77.261 606.0 
77.354 607.0 
77.214 608.0 
77.307 609.0 
77.354 610.0 
77.284 611.0 
77.389 612.0 
77.261 613.0 
77.354 614.0 
77.226 615.0 
77.307 616.0 
77.377 617.0 
77.202 618.0 
77.319 619.0 
76.992 620.0 
77.284 621.0 
77.319 622.0 
77.226 623.0 
77.284 624.0 
77.389 625.0 
77.249 626.0 
77.319 627.0 
77.377 628.0 
77.284 629.0 
77.296 630.0 
77.389 631.0 
77.202 632.0 
77.342 633.0 
77.401 634.0 
77.272 635.0 
77.331 636.0 
77.401 637.0 
77.261 638.0 
77.307 639.0 
77.389 640.0 
77.261 641.0 
77.284 642.0 
77.342 643.0 
77.202 644.0 
77.272 645.0 
77.366 646.0 
77.401 647.0 
77.237 648.0 
77.272 649.0 
77.331 650.0 
77.226 651.0 
77.226 652.0 
77.296 653.0 
77.342 654.0 
77.249 655.0 
77.261 656.0 
77.319 657.0 
77.366 658.0 
77.261 659.0 
77.342 660.0 
77.342 661.0 
77.401 662.0 
77.214 663.0 
77.307 664.0 
77.342 665.0 
77.412 666.0 
77.261 667.0 
77.272 668.0 
77.342 669.0 
77.389 670.0 
77.237 671.0 
77.261 672.0 
77.296 673.0 
77.331 674.0 
77.331 675.0 
77.249 676.0 
77.249 677.0 
77.307 678.0 
77.319 679.0 
77.377 680.0 
77.226 681.0 
77.237 682.0 
77.307 683.0 
77.342 684.0 
77.377 685.0 
77.389 686.0 
77.191 687.0 
77.272 688.0 
77.284 689.0 
77.296 690.0 
77.377 691.0 
77.412 692.0 
77.214 693.0 
77.307 694.0 
77.284 695.0 
77.284 696.0 
77.354 697.0 
77.366 698.0 
77.085 699.0 
77.214 700.0 
77.249 701.0 
77.296 702.0 
77.319 703.0 
77.296 704.0 
77.342 705.0 
77.366 706.0 
77.226 707.0 
77.272 708.0 
77.272 709.0 
77.272 710.0 
77.342 711.0 
77.342 712.0 
77.342 713.0 
77.377 714.0 
77.249 715.0 
77.237 716.0 
77.261 717.0 
77.272 718.0 
77.272 719.0 
77.272 720.0 
77.296 721.0 
77.307 722.0 
77.331 723.0 
77.377 724.0 
77.401 725.0 
77.226 726.0 
77.191 727.0 
77.226 728.0 
77.249 729.0 
77.284 730.0 
77.284 731.0 
77.319 732.0 
77.296 733.0 
77.307 734.0 
77.354 735.0 
77.366 736.0 
77.366 737.0 
77.389 738.0 
77.085 739.0 
77.191 740.0 
77.214 741.0 
77.202 742.0 
77.179 743.0 
77.202 744.0 
77.202 745.0 
77.249 746.0 
77.226 747.0 
77.226 748.0 
77.261 749.0 
77.249 750.0 
77.237 751.0 
77.307 752.0 
77.284 753.0 
77.284 754.0 
77.296 755.0 
77.284 756.0 
77.284 757.0 
77.296 758.0 
77.284 759.0 
77.307 760.0 
77.296 761.0 
77.307 762.0 
77.307 763.0 
77.331 764.0 
77.296 765.0 
77.284 766.0 
77.296 767.0 
77.296 768.0 
77.319 769.0 
77.307 770.0 
77.331 771.0 
77.342 772.0 
77.342 773.0 
77.331 774.0 
77.319 775.0 
77.331 776.0 
77.342 777.0 
77.319 778.0 
77.307 779.0 
77.342 780.0 
77.284 781.0 
77.307 782.0 
77.296 783.0 
77.272 784.0 
77.296 785.0 
77.249 786.0 
77.331 787.0 
77.261 788.0 
77.307 789.0 
77.319 790.0 
77.331 791.0 
77.307 792.0 
77.319 793.0 
77.296 794.0 
77.331 795.0 
77.307 796.0 
77.307 797.0 
77.307 798.0 
77.307 799.0 
77.319 800.0 
77.296 801.0 
77.331 802.0 
77.319 803.0 
77.296 804.0 
0.008 805.0 
0.006 806.0 
0.004 807.0 
0.0 808.0 
0.008 809.0 
0.01 810.0 
0.002 811.0 
0.004 812.0 
0.01 813.0 
0.004 814.0 
-0.001 815.0 
0.0 816.0 
-0.004 817.0 
-0.004 818.0 
0.002 819.0 
-0.001 820.0 
-0.011 821.0 
-0.014 822.0 
-0.014 823.0 
-0.005 824.0 
-0.011 825.0 
-0.013 826.0 
-0.02 827.0 
-0.017 828.0 
-0.02 829.0 
