-0.066 257.0 
-0.061 258.0 
-0.028 259.0 
-0.047 260.0 
-0.035 261.0 
-0.041 262.0 
-0.053 263.0 
-0.032 264.0 
-0.016 265.0 
-0.041 266.0 
-0.049 267.0 
-0.02 268.0 
-0.026 269.0 
-0.043 270.0 
-0.032 271.0 
-0.038 272.0 
-0.054 273.0 
-0.04 274.0 
144.337 275.0 
141.218 276.0 
139.723 277.0 
137.796 278.0 
135.565 279.0 
133.218 280.0 
131.244 281.0 
128.09 282.0 
125.229 283.0 
123.827 284.0 
123.395 285.0 
123.033 286.0 
122.788 287.0 
122.554 288.0 
122.309 289.0 
121.678 290.0 
121.503 291.0 
121.269 292.0 
121.001 293.0 
120.615 294.0 
120.417 295.0 
120.288 296.0 
120.207 297.0 
119.634 298.0 
119.424 299.0 
119.05 300.0 
118.758 301.0 
118.665 302.0 
118.139 303.0 
118.034 304.0 
117.801 305.0 
117.322 306.0 
116.014 307.0 
113.736 308.0 
111.155 309.0 
107.873 310.0 
104.311 311.0 
100.246 312.0 
96.497 313.0 
92.503 314.0 
88.625 315.0 
84.444 316.0 
80.951 317.0 
78.37 318.0 
78.183 319.0 
77.961 320.0 
77.775 321.0 
77.786 322.0 
77.704 323.0 
77.704 324.0 
77.646 325.0 
77.599 326.0 
77.634 327.0 
77.553 328.0 
77.623 329.0 
77.646 330.0 
77.588 331.0 
77.634 332.0 
77.704 333.0 
77.576 334.0 
77.564 335.0 
77.704 336.0 
77.658 337.0 
77.599 338.0 
77.763 339.0 
77.634 340.0 
77.646 341.0 
77.588 342.0 
77.646 343.0 
77.623 344.0 
77.646 345.0 
77.576 346.0 
77.541 347.0 
77.529 348.0 
77.646 349.0 
77.623 350.0 
77.588 351.0 
77.646 352.0 
77.576 353.0 
77.541 354.0 
77.599 355.0 
77.646 356.0 
77.681 357.0 
77.634 358.0 
77.681 359.0 
77.658 360.0 
77.669 361.0 
77.588 362.0 
77.588 363.0 
77.553 364.0 
77.599 365.0 
77.599 366.0 
77.599 367.0 
77.541 368.0 
77.564 369.0 
77.599 370.0 
77.599 371.0 
77.623 372.0 
77.646 373.0 
77.669 374.0 
77.669 375.0 
77.775 376.0 
77.564 377.0 
77.564 378.0 
77.588 379.0 
77.599 380.0 
77.623 381.0 
77.611 382.0 
77.564 383.0 
77.576 384.0 
77.564 385.0 
77.658 386.0 
77.576 387.0 
77.506 388.0 
77.623 389.0 
77.623 390.0 
77.611 391.0 
77.623 392.0 
77.669 393.0 
77.541 394.0 
77.669 395.0 
77.669 396.0 
77.541 397.0 
77.623 398.0 
77.494 399.0 
77.518 400.0 
77.658 401.0 
77.611 402.0 
77.681 403.0 
77.634 404.0 
77.623 405.0 
77.541 406.0 
77.611 407.0 
77.541 408.0 
77.611 409.0 
77.529 410.0 
77.599 411.0 
77.669 412.0 
77.833 413.0 
77.669 414.0 
77.576 415.0 
77.599 416.0 
77.564 417.0 
77.611 418.0 
77.646 419.0 
77.529 420.0 
77.611 421.0 
77.599 422.0 
77.634 423.0 
77.588 424.0 
77.564 425.0 
77.611 426.0 
77.634 427.0 
77.553 428.0 
77.564 429.0 
77.588 430.0 
77.658 431.0 
77.634 432.0 
77.646 433.0 
77.529 434.0 
77.564 435.0 
77.576 436.0 
77.588 437.0 
77.599 438.0 
77.494 439.0 
77.588 440.0 
77.576 441.0 
77.576 442.0 
77.541 443.0 
77.564 444.0 
77.541 445.0 
77.518 446.0 
77.646 447.0 
77.669 448.0 
77.634 449.0 
77.856 450.0 
77.588 451.0 
77.553 452.0 
77.588 453.0 
77.541 454.0 
77.623 455.0 
77.354 456.0 
77.599 457.0 
77.564 458.0 
77.623 459.0 
77.669 460.0 
77.611 461.0 
77.553 462.0 
77.658 463.0 
77.588 464.0 
77.599 465.0 
77.646 466.0 
77.623 467.0 
77.541 468.0 
77.588 469.0 
77.553 470.0 
77.541 471.0 
77.576 472.0 
77.471 473.0 
77.611 474.0 
77.704 475.0 
77.599 476.0 
77.494 477.0 
77.588 478.0 
77.529 479.0 
77.576 480.0 
77.646 481.0 
77.541 482.0 
77.623 483.0 
77.553 484.0 
77.611 485.0 
77.494 486.0 
77.553 487.0 
77.623 488.0 
77.541 489.0 
77.564 490.0 
77.634 491.0 
77.553 492.0 
77.564 493.0 
77.646 494.0 
77.564 495.0 
77.553 496.0 
77.599 497.0 
77.658 498.0 
77.529 499.0 
77.564 500.0 
77.599 501.0 
77.588 502.0 
77.483 503.0 
77.541 504.0 
77.564 505.0 
77.576 506.0 
77.494 507.0 
77.588 508.0 
77.459 509.0 
77.506 510.0 
77.553 511.0 
77.541 512.0 
77.588 513.0 
77.576 514.0 
77.588 515.0 
77.623 516.0 
77.915 517.0 
77.389 518.0 
77.448 519.0 
77.494 520.0 
77.483 521.0 
77.459 522.0 
77.483 523.0 
77.494 524.0 
77.494 525.0 
77.494 526.0 
77.424 527.0 
77.389 528.0 
77.436 529.0 
77.389 530.0 
77.412 531.0 
77.553 532.0 
77.541 533.0 
77.483 534.0 
77.471 535.0 
77.471 536.0 
77.483 537.0 
77.401 538.0 
77.342 539.0 
77.354 540.0 
77.424 541.0 
77.296 542.0 
77.366 543.0 
77.354 544.0 
77.284 545.0 
77.261 546.0 
77.354 547.0 
77.296 548.0 
77.249 549.0 
77.191 550.0 
77.144 551.0 
77.296 552.0 
77.272 553.0 
77.202 554.0 
77.167 555.0 
77.284 556.0 
77.226 557.0 
77.191 558.0 
76.899 559.0 
77.261 560.0 
77.214 561.0 
77.156 562.0 
77.226 563.0 
77.214 564.0 
77.097 565.0 
77.284 566.0 
77.284 567.0 
77.156 568.0 
77.214 569.0 
77.12 570.0 
77.249 571.0 
77.214 572.0 
77.109 573.0 
77.214 574.0 
77.167 575.0 
77.296 576.0 
77.202 577.0 
77.179 578.0 
77.284 579.0 
77.226 580.0 
77.331 581.0 
77.237 582.0 
77.261 583.0 
77.249 584.0 
77.389 585.0 
77.272 586.0 
77.179 587.0 
77.284 588.0 
77.191 589.0 
77.237 590.0 
77.179 591.0 
77.272 592.0 
77.191 593.0 
77.249 594.0 
77.191 595.0 
77.226 596.0 
77.202 597.0 
77.261 598.0 
77.214 599.0 
77.296 600.0 
77.331 601.0 
77.226 602.0 
77.307 603.0 
77.226 604.0 
77.296 605.0 
77.214 606.0 
77.272 607.0 
77.179 608.0 
77.226 609.0 
77.307 610.0 
77.226 611.0 
77.307 612.0 
77.237 613.0 
77.249 614.0 
77.156 615.0 
77.261 616.0 
77.307 617.0 
77.144 618.0 
77.272 619.0 
77.015 620.0 
77.226 621.0 
77.272 622.0 
77.214 623.0 
77.226 624.0 
77.319 625.0 
77.156 626.0 
77.237 627.0 
77.307 628.0 
77.191 629.0 
77.249 630.0 
77.307 631.0 
77.202 632.0 
77.284 633.0 
77.658 634.0 
77.191 635.0 
77.237 636.0 
77.296 637.0 
77.191 638.0 
77.261 639.0 
77.296 640.0 
77.156 641.0 
77.226 642.0 
77.272 643.0 
77.132 644.0 
77.214 645.0 
77.226 646.0 
77.284 647.0 
77.226 648.0 
77.214 649.0 
77.284 650.0 
77.167 651.0 
77.214 652.0 
77.237 653.0 
77.319 654.0 
77.179 655.0 
77.202 656.0 
77.249 657.0 
77.307 658.0 
77.214 659.0 
77.214 660.0 
77.307 661.0 
77.331 662.0 
77.132 663.0 
77.226 664.0 
77.284 665.0 
77.307 666.0 
77.144 667.0 
77.202 668.0 
77.261 669.0 
77.296 670.0 
77.132 671.0 
77.214 672.0 
77.237 673.0 
77.272 674.0 
77.296 675.0 
77.191 676.0 
77.214 677.0 
77.272 678.0 
77.249 679.0 
77.319 680.0 
77.156 681.0 
77.179 682.0 
77.214 683.0 
77.237 684.0 
77.296 685.0 
77.331 686.0 
77.179 687.0 
77.202 688.0 
77.237 689.0 
77.237 690.0 
77.284 691.0 
77.354 692.0 
77.156 693.0 
77.167 694.0 
77.202 695.0 
77.249 696.0 
77.237 697.0 
77.296 698.0 
77.097 699.0 
77.191 700.0 
77.202 701.0 
77.226 702.0 
77.237 703.0 
77.261 704.0 
77.214 705.0 
77.319 706.0 
77.156 707.0 
77.191 708.0 
77.202 709.0 
77.226 710.0 
77.272 711.0 
77.272 712.0 
77.261 713.0 
77.331 714.0 
77.109 715.0 
77.156 716.0 
77.179 717.0 
77.202 718.0 
77.226 719.0 
77.249 720.0 
77.226 721.0 
77.261 722.0 
77.272 723.0 
77.296 724.0 
77.296 725.0 
77.132 726.0 
77.132 727.0 
77.144 728.0 
77.191 729.0 
77.191 730.0 
77.226 731.0 
77.249 732.0 
77.237 733.0 
77.284 734.0 
77.249 735.0 
77.284 736.0 
77.296 737.0 
77.307 738.0 
77.027 739.0 
77.144 740.0 
77.156 741.0 
77.109 742.0 
77.132 743.0 
77.156 744.0 
77.156 745.0 
77.179 746.0 
77.167 747.0 
77.167 748.0 
77.179 749.0 
77.191 750.0 
77.202 751.0 
77.202 752.0 
77.214 753.0 
77.214 754.0 
77.237 755.0 
77.214 756.0 
77.214 757.0 
77.249 758.0 
77.237 759.0 
77.237 760.0 
77.272 761.0 
77.226 762.0 
77.237 763.0 
77.237 764.0 
77.249 765.0 
77.261 766.0 
77.237 767.0 
77.249 768.0 
77.237 769.0 
77.249 770.0 
77.237 771.0 
77.237 772.0 
77.237 773.0 
77.237 774.0 
77.237 775.0 
77.237 776.0 
77.226 777.0 
77.237 778.0 
77.261 779.0 
77.237 780.0 
77.249 781.0 
77.214 782.0 
77.226 783.0 
77.237 784.0 
77.226 785.0 
77.237 786.0 
77.249 787.0 
77.249 788.0 
77.261 789.0 
77.237 790.0 
77.261 791.0 
77.249 792.0 
77.284 793.0 
77.261 794.0 
77.237 795.0 
77.261 796.0 
77.261 797.0 
77.261 798.0 
77.249 799.0 
77.237 800.0 
77.214 801.0 
77.249 802.0 
77.237 803.0 
77.237 804.0 
0.008 805.0 
0.007 806.0 
0.004 807.0 
0.005 808.0 
0.0 809.0 
0.008 810.0 
-0.002 811.0 
0.002 812.0 
0.001 813.0 
-0.008 814.0 
-0.005 815.0 
-0.012 816.0 
-0.008 817.0 
-0.017 818.0 
-0.017 819.0 
-0.007 820.0 
-0.028 821.0 
-0.031 822.0 
-0.025 823.0 
-0.018 824.0 
-0.034 825.0 
-0.031 826.0 
-0.028 827.0 
-0.026 828.0 
-0.047 829.0 
