-0.04 257.0 
-0.048 258.0 
-0.098 259.0 
-0.085 260.0 
-0.036 261.0 
-0.042 262.0 
-0.04 263.0 
-0.048 264.0 
-0.055 265.0 
-0.038 266.0 
-0.044 267.0 
-0.037 268.0 
-0.044 269.0 
-0.034 270.0 
-0.019 271.0 
-0.029 272.0 
-0.034 273.0 
-0.043 274.0 
144.383 275.0 
141.37 276.0 
140.366 277.0 
138.952 278.0 
137.2 279.0 
134.981 280.0 
133.194 281.0 
131.115 282.0 
127.927 283.0 
126.467 284.0 
126.046 285.0 
125.743 286.0 
125.486 287.0 
125.147 288.0 
124.902 289.0 
124.259 290.0 
124.119 291.0 
123.909 292.0 
123.745 293.0 
123.43 294.0 
123.021 295.0 
122.916 296.0 
122.811 297.0 
122.274 298.0 
122.075 299.0 
122.04 300.0 
121.468 301.0 
121.41 302.0 
120.896 303.0 
120.826 304.0 
120.685 305.0 
120.066 306.0 
118.84 307.0 
116.434 308.0 
113.736 309.0 
109.964 310.0 
106.296 311.0 
102.232 312.0 
98.167 313.0 
93.986 314.0 
90.05 315.0 
86.219 316.0 
82.657 317.0 
79.702 318.0 
79.562 319.0 
79.328 320.0 
79.153 321.0 
79.153 322.0 
79.083 323.0 
79.153 324.0 
79.059 325.0 
79.013 326.0 
79.071 327.0 
79.001 328.0 
79.818 329.0 
79.094 330.0 
79.024 331.0 
79.421 332.0 
79.094 333.0 
78.978 334.0 
79.118 335.0 
79.071 336.0 
79.083 337.0 
78.942 338.0 
79.445 339.0 
79.036 340.0 
79.036 341.0 
79.001 342.0 
79.141 343.0 
79.083 344.0 
79.036 345.0 
79.013 346.0 
78.978 347.0 
79.048 348.0 
79.083 349.0 
79.059 350.0 
79.036 351.0 
79.071 352.0 
79.024 353.0 
78.942 354.0 
79.024 355.0 
79.059 356.0 
79.106 357.0 
79.013 358.0 
79.106 359.0 
79.048 360.0 
79.094 361.0 
78.989 362.0 
79.059 363.0 
79.001 364.0 
78.978 365.0 
79.048 366.0 
79.036 367.0 
79.024 368.0 
78.978 369.0 
79.059 370.0 
79.071 371.0 
79.083 372.0 
79.083 373.0 
79.083 374.0 
79.094 375.0 
79.375 376.0 
78.954 377.0 
79.001 378.0 
79.024 379.0 
79.013 380.0 
79.013 381.0 
79.106 382.0 
79.013 383.0 
79.001 384.0 
78.989 385.0 
79.153 386.0 
79.001 387.0 
78.966 388.0 
79.048 389.0 
79.036 390.0 
79.059 391.0 
79.059 392.0 
79.106 393.0 
78.978 394.0 
79.048 395.0 
79.153 396.0 
78.978 397.0 
79.083 398.0 
78.919 399.0 
78.954 400.0 
79.048 401.0 
79.001 402.0 
79.129 403.0 
79.036 404.0 
79.048 405.0 
78.966 406.0 
79.024 407.0 
78.978 408.0 
79.048 409.0 
79.001 410.0 
79.071 411.0 
79.118 412.0 
79.538 413.0 
79.083 414.0 
78.989 415.0 
79.048 416.0 
78.978 417.0 
79.071 418.0 
79.059 419.0 
78.954 420.0 
79.001 421.0 
78.989 422.0 
79.094 423.0 
79.001 424.0 
79.001 425.0 
79.059 426.0 
79.059 427.0 
79.013 428.0 
78.989 429.0 
78.989 430.0 
79.071 431.0 
79.071 432.0 
79.106 433.0 
78.978 434.0 
78.966 435.0 
79.001 436.0 
79.071 437.0 
78.966 438.0 
78.896 439.0 
78.978 440.0 
78.966 441.0 
78.989 442.0 
78.966 443.0 
79.024 444.0 
79.013 445.0 
78.954 446.0 
79.094 447.0 
79.083 448.0 
79.094 449.0 
79.328 450.0 
79.048 451.0 
79.024 452.0 
78.978 453.0 
78.931 454.0 
79.059 455.0 
79.013 456.0 
78.954 457.0 
78.978 458.0 
79.048 459.0 
79.036 460.0 
79.048 461.0 
79.024 462.0 
79.083 463.0 
79.048 464.0 
79.048 465.0 
79.071 466.0 
79.036 467.0 
78.978 468.0 
79.059 469.0 
79.013 470.0 
78.966 471.0 
79.013 472.0 
78.919 473.0 
79.013 474.0 
79.094 475.0 
78.978 476.0 
78.966 477.0 
79.048 478.0 
78.931 479.0 
78.989 480.0 
79.048 481.0 
78.989 482.0 
79.094 483.0 
78.966 484.0 
79.036 485.0 
78.942 486.0 
78.978 487.0 
79.024 488.0 
78.942 489.0 
78.989 490.0 
79.048 491.0 
79.048 492.0 
79.001 493.0 
79.001 494.0 
78.954 495.0 
78.919 496.0 
79.001 497.0 
79.048 498.0 
78.931 499.0 
78.954 500.0 
79.013 501.0 
79.059 502.0 
78.919 503.0 
78.942 504.0 
79.001 505.0 
78.989 506.0 
78.931 507.0 
79.071 508.0 
78.931 509.0 
78.954 510.0 
78.966 511.0 
79.013 512.0 
78.978 513.0 
79.001 514.0 
78.989 515.0 
79.048 516.0 
79.024 517.0 
78.779 518.0 
78.849 519.0 
78.884 520.0 
78.907 521.0 
78.884 522.0 
78.907 523.0 
78.919 524.0 
78.884 525.0 
78.907 526.0 
78.884 527.0 
78.849 528.0 
78.849 529.0 
78.837 530.0 
78.826 531.0 
79.001 532.0 
78.978 533.0 
78.872 534.0 
78.884 535.0 
78.849 536.0 
78.791 537.0 
78.732 538.0 
78.744 539.0 
78.697 540.0 
78.814 541.0 
78.686 542.0 
78.744 543.0 
78.686 544.0 
78.627 545.0 
78.615 546.0 
78.732 547.0 
78.639 548.0 
78.604 549.0 
78.569 550.0 
78.51 551.0 
78.639 552.0 
78.58 553.0 
78.487 554.0 
78.534 555.0 
78.615 556.0 
78.557 557.0 
78.487 558.0 
78.137 559.0 
78.557 560.0 
78.557 561.0 
78.475 562.0 
78.58 563.0 
78.499 564.0 
78.475 565.0 
78.627 566.0 
78.604 567.0 
78.464 568.0 
78.569 569.0 
78.51 570.0 
78.65 571.0 
78.58 572.0 
78.534 573.0 
78.569 574.0 
78.522 575.0 
78.931 576.0 
78.545 577.0 
78.522 578.0 
78.627 579.0 
78.557 580.0 
78.639 581.0 
78.604 582.0 
78.65 583.0 
78.569 584.0 
78.674 585.0 
78.627 586.0 
78.557 587.0 
78.639 588.0 
78.534 589.0 
78.639 590.0 
78.545 591.0 
78.639 592.0 
78.522 593.0 
78.569 594.0 
78.522 595.0 
78.58 596.0 
78.522 597.0 
78.58 598.0 
78.534 599.0 
78.615 600.0 
78.674 601.0 
78.58 602.0 
78.639 603.0 
78.569 604.0 
78.627 605.0 
78.534 606.0 
78.604 607.0 
78.487 608.0 
78.557 609.0 
78.639 610.0 
78.534 611.0 
78.639 612.0 
78.534 613.0 
78.615 614.0 
78.51 615.0 
78.557 616.0 
78.639 617.0 
78.522 618.0 
78.604 619.0 
78.242 620.0 
78.569 621.0 
78.604 622.0 
78.522 623.0 
78.58 624.0 
78.639 625.0 
78.545 626.0 
78.627 627.0 
78.674 628.0 
78.545 629.0 
78.58 630.0 
78.639 631.0 
78.522 632.0 
78.58 633.0 
78.65 634.0 
78.522 635.0 
78.627 636.0 
78.639 637.0 
78.557 638.0 
78.58 639.0 
78.627 640.0 
78.487 641.0 
78.557 642.0 
78.615 643.0 
78.499 644.0 
78.58 645.0 
78.604 646.0 
78.65 647.0 
78.499 648.0 
78.569 649.0 
78.627 650.0 
78.51 651.0 
78.51 652.0 
78.604 653.0 
78.639 654.0 
78.51 655.0 
78.545 656.0 
78.557 657.0 
78.627 658.0 
78.534 659.0 
78.592 660.0 
78.627 661.0 
78.569 662.0 
78.499 663.0 
78.569 664.0 
78.627 665.0 
78.662 666.0 
78.51 667.0 
78.58 668.0 
78.604 669.0 
78.65 670.0 
78.499 671.0 
78.545 672.0 
78.569 673.0 
78.604 674.0 
78.557 675.0 
78.51 676.0 
78.534 677.0 
78.592 678.0 
78.604 679.0 
78.639 680.0 
78.475 681.0 
78.51 682.0 
78.58 683.0 
78.615 684.0 
78.639 685.0 
78.674 686.0 
78.499 687.0 
78.557 688.0 
78.58 689.0 
78.615 690.0 
78.639 691.0 
78.674 692.0 
78.475 693.0 
78.499 694.0 
78.534 695.0 
78.569 696.0 
78.58 697.0 
78.639 698.0 
78.37 699.0 
78.51 700.0 
78.534 701.0 
78.545 702.0 
78.569 703.0 
78.604 704.0 
78.545 705.0 
78.709 706.0 
78.452 707.0 
78.499 708.0 
78.557 709.0 
78.58 710.0 
78.592 711.0 
78.604 712.0 
78.615 713.0 
78.65 714.0 
78.65 715.0 
78.487 716.0 
78.522 717.0 
78.534 718.0 
78.534 719.0 
78.534 720.0 
78.604 721.0 
78.604 722.0 
78.615 723.0 
78.65 724.0 
78.662 725.0 
78.487 726.0 
78.475 727.0 
78.487 728.0 
78.545 729.0 
78.545 730.0 
78.58 731.0 
78.58 732.0 
78.604 733.0 
78.627 734.0 
78.592 735.0 
78.65 736.0 
78.627 737.0 
78.662 738.0 
78.417 739.0 
78.475 740.0 
78.487 741.0 
78.475 742.0 
78.475 743.0 
78.51 744.0 
78.51 745.0 
78.522 746.0 
78.545 747.0 
78.545 748.0 
78.569 749.0 
78.557 750.0 
78.58 751.0 
78.545 752.0 
78.569 753.0 
78.557 754.0 
78.58 755.0 
78.51 756.0 
78.557 757.0 
78.58 758.0 
78.569 759.0 
78.58 760.0 
78.604 761.0 
78.557 762.0 
78.592 763.0 
78.615 764.0 
78.58 765.0 
78.604 766.0 
78.592 767.0 
78.604 768.0 
78.604 769.0 
78.627 770.0 
78.604 771.0 
78.592 772.0 
78.592 773.0 
78.592 774.0 
78.545 775.0 
78.557 776.0 
78.569 777.0 
78.604 778.0 
78.58 779.0 
78.592 780.0 
78.58 781.0 
78.58 782.0 
78.58 783.0 
78.615 784.0 
78.58 785.0 
78.604 786.0 
78.545 787.0 
78.569 788.0 
78.604 789.0 
78.592 790.0 
78.604 791.0 
78.615 792.0 
78.627 793.0 
78.545 794.0 
78.545 795.0 
78.569 796.0 
78.569 797.0 
78.522 798.0 
78.569 799.0 
78.592 800.0 
78.58 801.0 
78.557 802.0 
78.569 803.0 
78.569 804.0 
-0.002 805.0 
-0.005 806.0 
0.0 807.0 
-0.005 808.0 
-0.006 809.0 
-0.001 810.0 
0.01 811.0 
0.0 812.0 
0.001 813.0 
-0.007 814.0 
-0.012 815.0 
-0.006 816.0 
-0.011 817.0 
-0.017 818.0 
-0.018 819.0 
-0.023 820.0 
-0.012 821.0 
-0.013 822.0 
-0.022 823.0 
-0.02 824.0 
-0.018 825.0 
-0.026 826.0 
-0.024 827.0 
-0.032 828.0 
-0.024 829.0 
