-0.042 257.0 
-0.055 258.0 
-0.029 259.0 
-0.042 260.0 
-0.02 261.0 
-0.035 262.0 
-0.028 263.0 
-0.022 264.0 
-0.004 265.0 
-0.025 266.0 
-0.016 267.0 
0.002 268.0 
-0.029 269.0 
-0.028 270.0 
-0.022 271.0 
-0.043 272.0 
-0.03 273.0 
-0.031 274.0 
150.725 275.0 
147.397 276.0 
146.018 277.0 
144.232 278.0 
142.071 279.0 
139.443 280.0 
137.189 281.0 
134.386 282.0 
130.52 283.0 
129.025 284.0 
128.663 285.0 
128.265 286.0 
127.962 287.0 
127.553 288.0 
127.261 289.0 
126.887 290.0 
126.42 291.0 
126.163 292.0 
125.918 293.0 
125.778 294.0 
125.264 295.0 
125.112 296.0 
125.007 297.0 
124.353 298.0 
124.154 299.0 
124.073 300.0 
123.547 301.0 
123.5 302.0 
122.963 303.0 
122.916 304.0 
122.858 305.0 
122.227 306.0 
121.047 307.0 
118.817 308.0 
116.282 309.0 
112.837 310.0 
109.345 311.0 
105.187 312.0 
101.239 313.0 
96.836 314.0 
92.818 315.0 
88.438 316.0 
84.245 317.0 
80.718 318.0 
80.508 319.0 
80.181 320.0 
80.099 321.0 
79.982 322.0 
79.83 323.0 
79.83 324.0 
79.795 325.0 
79.643 326.0 
79.783 327.0 
79.69 328.0 
79.854 329.0 
79.76 330.0 
79.69 331.0 
79.772 332.0 
79.818 333.0 
79.725 334.0 
79.76 335.0 
79.783 336.0 
79.772 337.0 
79.69 338.0 
79.842 339.0 
79.725 340.0 
79.713 341.0 
79.737 342.0 
79.585 343.0 
79.772 344.0 
79.76 345.0 
79.713 346.0 
79.643 347.0 
79.807 348.0 
79.725 349.0 
79.748 350.0 
79.748 351.0 
79.748 352.0 
79.69 353.0 
79.608 354.0 
79.783 355.0 
79.76 356.0 
79.783 357.0 
79.713 358.0 
79.83 359.0 
79.748 360.0 
79.783 361.0 
79.702 362.0 
79.737 363.0 
79.678 364.0 
79.725 365.0 
79.748 366.0 
79.76 367.0 
79.69 368.0 
79.737 369.0 
79.725 370.0 
79.725 371.0 
79.748 372.0 
79.772 373.0 
79.807 374.0 
79.772 375.0 
80.04 376.0 
79.608 377.0 
79.725 378.0 
79.713 379.0 
79.713 380.0 
79.725 381.0 
79.818 382.0 
79.702 383.0 
79.725 384.0 
79.702 385.0 
79.807 386.0 
79.667 387.0 
79.643 388.0 
79.725 389.0 
79.748 390.0 
79.737 391.0 
79.69 392.0 
79.748 393.0 
79.643 394.0 
79.737 395.0 
79.842 396.0 
79.678 397.0 
79.783 398.0 
79.748 399.0 
79.655 400.0 
79.807 401.0 
79.748 402.0 
79.83 403.0 
79.76 404.0 
79.737 405.0 
79.632 406.0 
79.713 407.0 
79.655 408.0 
79.725 409.0 
79.643 410.0 
79.737 411.0 
79.795 412.0 
80.099 413.0 
79.783 414.0 
79.69 415.0 
79.748 416.0 
79.713 417.0 
79.795 418.0 
79.748 419.0 
79.702 420.0 
79.702 421.0 
79.76 422.0 
79.783 423.0 
79.702 424.0 
79.69 425.0 
79.76 426.0 
79.76 427.0 
79.713 428.0 
79.713 429.0 
79.678 430.0 
79.748 431.0 
79.748 432.0 
79.807 433.0 
79.678 434.0 
79.643 435.0 
79.702 436.0 
79.807 437.0 
79.667 438.0 
79.655 439.0 
79.678 440.0 
79.702 441.0 
79.69 442.0 
79.713 443.0 
79.678 444.0 
79.667 445.0 
79.655 446.0 
79.737 447.0 
79.748 448.0 
79.76 449.0 
79.994 450.0 
79.655 451.0 
79.655 452.0 
79.655 453.0 
79.632 454.0 
79.725 455.0 
79.713 456.0 
79.702 457.0 
79.667 458.0 
79.737 459.0 
79.772 460.0 
79.737 461.0 
79.678 462.0 
79.783 463.0 
79.725 464.0 
79.748 465.0 
79.795 466.0 
79.713 467.0 
79.655 468.0 
79.772 469.0 
79.702 470.0 
79.678 471.0 
79.69 472.0 
79.772 473.0 
79.678 474.0 
79.76 475.0 
79.76 476.0 
79.643 477.0 
79.702 478.0 
79.643 479.0 
79.725 480.0 
79.783 481.0 
79.725 482.0 
79.783 483.0 
79.667 484.0 
79.748 485.0 
79.667 486.0 
79.678 487.0 
79.725 488.0 
79.667 489.0 
79.69 490.0 
79.748 491.0 
79.737 492.0 
79.713 493.0 
79.748 494.0 
79.643 495.0 
79.643 496.0 
79.713 497.0 
79.783 498.0 
79.655 499.0 
79.667 500.0 
79.725 501.0 
79.783 502.0 
79.608 503.0 
79.678 504.0 
79.69 505.0 
79.737 506.0 
79.643 507.0 
79.772 508.0 
79.632 509.0 
79.62 510.0 
79.667 511.0 
79.643 512.0 
79.678 513.0 
79.702 514.0 
79.725 515.0 
79.713 516.0 
79.737 517.0 
79.573 518.0 
79.597 519.0 
79.562 520.0 
79.62 521.0 
79.62 522.0 
79.597 523.0 
79.62 524.0 
79.608 525.0 
79.573 526.0 
79.55 527.0 
79.491 528.0 
79.526 529.0 
79.515 530.0 
79.526 531.0 
79.632 532.0 
79.632 533.0 
79.573 534.0 
79.562 535.0 
79.55 536.0 
79.48 537.0 
79.363 538.0 
79.421 539.0 
79.351 540.0 
79.445 541.0 
79.328 542.0 
79.363 543.0 
79.281 544.0 
79.258 545.0 
79.199 546.0 
79.293 547.0 
79.281 548.0 
79.199 549.0 
79.176 550.0 
79.281 551.0 
79.199 552.0 
79.176 553.0 
79.118 554.0 
79.106 555.0 
79.246 556.0 
79.188 557.0 
79.153 558.0 
78.826 559.0 
79.188 560.0 
79.164 561.0 
79.083 562.0 
79.188 563.0 
79.153 564.0 
79.059 565.0 
79.141 566.0 
79.176 567.0 
79.059 568.0 
79.129 569.0 
79.083 570.0 
79.211 571.0 
79.141 572.0 
79.083 573.0 
79.141 574.0 
79.118 575.0 
79.211 576.0 
79.129 577.0 
79.129 578.0 
79.258 579.0 
79.129 580.0 
79.211 581.0 
79.188 582.0 
79.211 583.0 
79.211 584.0 
79.27 585.0 
79.199 586.0 
79.094 587.0 
79.223 588.0 
79.106 589.0 
79.176 590.0 
79.106 591.0 
79.164 592.0 
79.141 593.0 
79.176 594.0 
79.129 595.0 
79.141 596.0 
79.118 597.0 
79.223 598.0 
79.106 599.0 
79.188 600.0 
79.305 601.0 
79.188 602.0 
79.246 603.0 
79.164 604.0 
79.246 605.0 
79.141 606.0 
79.188 607.0 
79.071 608.0 
79.164 609.0 
79.246 610.0 
79.164 611.0 
79.258 612.0 
79.129 613.0 
79.211 614.0 
79.071 615.0 
79.153 616.0 
79.234 617.0 
79.106 618.0 
79.234 619.0 
78.931 620.0 
79.176 621.0 
79.211 622.0 
79.094 623.0 
79.176 624.0 
79.27 625.0 
79.106 626.0 
79.164 627.0 
79.258 628.0 
79.094 629.0 
79.176 630.0 
79.258 631.0 
79.118 632.0 
79.188 633.0 
79.258 634.0 
79.141 635.0 
79.211 636.0 
79.246 637.0 
79.141 638.0 
79.199 639.0 
79.234 640.0 
79.083 641.0 
79.176 642.0 
79.223 643.0 
79.071 644.0 
79.129 645.0 
79.211 646.0 
79.223 647.0 
79.118 648.0 
79.141 649.0 
79.188 650.0 
79.059 651.0 
79.106 652.0 
79.188 653.0 
79.211 654.0 
79.094 655.0 
79.141 656.0 
79.164 657.0 
79.223 658.0 
79.141 659.0 
79.176 660.0 
79.211 661.0 
79.27 662.0 
79.094 663.0 
79.176 664.0 
79.223 665.0 
79.234 666.0 
79.094 667.0 
79.141 668.0 
79.176 669.0 
79.223 670.0 
79.106 671.0 
79.129 672.0 
79.176 673.0 
79.211 674.0 
79.199 675.0 
79.071 676.0 
79.129 677.0 
79.176 678.0 
79.153 679.0 
79.234 680.0 
79.094 681.0 
79.106 682.0 
79.176 683.0 
79.211 684.0 
79.258 685.0 
79.258 686.0 
79.094 687.0 
79.106 688.0 
79.153 689.0 
79.164 690.0 
79.211 691.0 
79.27 692.0 
79.094 693.0 
79.118 694.0 
79.141 695.0 
79.199 696.0 
79.188 697.0 
79.211 698.0 
78.978 699.0 
79.106 700.0 
79.164 701.0 
79.164 702.0 
79.141 703.0 
79.188 704.0 
79.223 705.0 
79.281 706.0 
79.071 707.0 
79.083 708.0 
79.129 709.0 
79.153 710.0 
79.188 711.0 
79.188 712.0 
79.176 713.0 
79.246 714.0 
79.129 715.0 
79.083 716.0 
79.118 717.0 
79.129 718.0 
79.153 719.0 
79.164 720.0 
79.176 721.0 
79.176 722.0 
79.211 723.0 
79.246 724.0 
79.258 725.0 
79.071 726.0 
79.083 727.0 
79.094 728.0 
79.153 729.0 
79.141 730.0 
79.164 731.0 
79.129 732.0 
79.176 733.0 
79.211 734.0 
79.211 735.0 
79.199 736.0 
79.27 737.0 
79.234 738.0 
78.978 739.0 
79.094 740.0 
79.048 741.0 
79.094 742.0 
79.141 743.0 
79.106 744.0 
79.118 745.0 
79.094 746.0 
79.106 747.0 
79.083 748.0 
79.118 749.0 
79.141 750.0 
79.118 751.0 
79.118 752.0 
79.141 753.0 
79.129 754.0 
79.141 755.0 
79.106 756.0 
79.164 757.0 
79.188 758.0 
79.164 759.0 
79.188 760.0 
79.176 761.0 
79.164 762.0 
79.164 763.0 
79.199 764.0 
79.176 765.0 
79.188 766.0 
79.164 767.0 
79.211 768.0 
79.164 769.0 
79.176 770.0 
79.164 771.0 
79.176 772.0 
79.164 773.0 
79.153 774.0 
79.199 775.0 
79.164 776.0 
79.199 777.0 
79.164 778.0 
79.211 779.0 
79.176 780.0 
79.188 781.0 
79.176 782.0 
79.188 783.0 
79.199 784.0 
79.211 785.0 
79.164 786.0 
79.176 787.0 
79.141 788.0 
79.176 789.0 
79.129 790.0 
79.199 791.0 
79.164 792.0 
79.141 793.0 
79.176 794.0 
79.164 795.0 
79.141 796.0 
79.141 797.0 
79.176 798.0 
79.164 799.0 
79.153 800.0 
79.164 801.0 
79.164 802.0 
79.141 803.0 
79.129 804.0 
0.002 805.0 
0.004 806.0 
-0.01 807.0 
-0.008 808.0 
-0.005 809.0 
-0.011 810.0 
-0.005 811.0 
-0.01 812.0 
-0.019 813.0 
-0.02 814.0 
-0.03 815.0 
-0.037 816.0 
-0.037 817.0 
-0.044 818.0 
-0.054 819.0 
-0.049 820.0 
-0.06 821.0 
-0.054 822.0 
-0.055 823.0 
-0.052 824.0 
-0.047 825.0 
-0.044 826.0 
-0.052 827.0 
-0.043 828.0 
-0.034 829.0 
