-0.048 257.0 
-0.037 258.0 
-0.058 259.0 
-0.04 260.0 
-0.055 261.0 
-0.044 262.0 
-0.04 263.0 
-0.049 264.0 
-0.041 265.0 
-0.026 266.0 
-0.02 267.0 
-0.035 268.0 
-0.037 269.0 
-0.067 270.0 
-0.025 271.0 
-0.044 272.0 
-0.035 273.0 
-0.048 274.0 
136.348 275.0 
133.626 276.0 
132.692 277.0 
131.396 278.0 
129.959 279.0 
128.23 280.0 
126.782 281.0 
124.995 282.0 
122.706 283.0 
121.129 284.0 
120.72 285.0 
120.417 286.0 
120.242 287.0 
119.95 288.0 
119.588 289.0 
119.284 290.0 
118.735 291.0 
118.49 292.0 
118.326 293.0 
118.186 294.0 
117.684 295.0 
117.567 296.0 
117.509 297.0 
117.041 298.0 
116.819 299.0 
116.738 300.0 
116.177 301.0 
116.072 302.0 
115.523 303.0 
115.383 304.0 
115.161 305.0 
114.437 306.0 
113.094 307.0 
110.664 308.0 
107.721 309.0 
104.159 310.0 
100.69 311.0 
96.649 312.0 
92.83 313.0 
88.753 314.0 
85.016 315.0 
81.524 316.0 
78.347 317.0 
75.964 318.0 
75.859 319.0 
75.661 320.0 
75.672 321.0 
75.555 322.0 
75.462 323.0 
75.485 324.0 
75.439 325.0 
75.31 326.0 
75.427 327.0 
75.369 328.0 
75.509 329.0 
75.45 330.0 
75.345 331.0 
75.427 332.0 
75.462 333.0 
75.392 334.0 
75.404 335.0 
75.415 336.0 
75.439 337.0 
75.322 338.0 
75.485 339.0 
75.415 340.0 
75.392 341.0 
75.345 342.0 
75.52 343.0 
75.404 344.0 
75.404 345.0 
75.38 346.0 
75.357 347.0 
75.45 348.0 
75.427 349.0 
75.369 350.0 
75.38 351.0 
75.427 352.0 
75.38 353.0 
75.228 354.0 
75.462 355.0 
75.392 356.0 
75.427 357.0 
75.392 358.0 
75.462 359.0 
75.404 360.0 
75.427 361.0 
75.38 362.0 
75.427 363.0 
75.345 364.0 
75.357 365.0 
75.415 366.0 
75.439 367.0 
75.357 368.0 
75.415 369.0 
75.392 370.0 
75.439 371.0 
75.439 372.0 
75.427 373.0 
75.45 374.0 
75.462 375.0 
75.462 376.0 
75.263 377.0 
75.38 378.0 
75.404 379.0 
75.404 380.0 
75.369 381.0 
75.474 382.0 
75.392 383.0 
75.427 384.0 
75.357 385.0 
75.462 386.0 
75.38 387.0 
75.357 388.0 
75.404 389.0 
75.415 390.0 
75.439 391.0 
75.415 392.0 
75.415 393.0 
75.31 394.0 
75.38 395.0 
75.485 396.0 
75.369 397.0 
75.427 398.0 
75.333 399.0 
75.345 400.0 
75.45 401.0 
75.415 402.0 
75.52 403.0 
75.427 404.0 
75.392 405.0 
75.31 406.0 
75.427 407.0 
75.369 408.0 
75.369 409.0 
75.31 410.0 
75.427 411.0 
75.45 412.0 
75.485 413.0 
75.415 414.0 
75.369 415.0 
75.415 416.0 
75.333 417.0 
75.579 418.0 
75.427 419.0 
75.357 420.0 
75.404 421.0 
75.427 422.0 
75.439 423.0 
75.404 424.0 
75.322 425.0 
75.404 426.0 
75.439 427.0 
75.369 428.0 
75.38 429.0 
75.392 430.0 
75.415 431.0 
75.415 432.0 
75.462 433.0 
75.333 434.0 
75.369 435.0 
75.427 436.0 
75.52 437.0 
75.345 438.0 
75.369 439.0 
75.357 440.0 
75.345 441.0 
75.357 442.0 
75.357 443.0 
75.357 444.0 
75.345 445.0 
75.345 446.0 
75.485 447.0 
75.415 448.0 
75.404 449.0 
75.404 450.0 
75.357 451.0 
75.345 452.0 
75.333 453.0 
75.322 454.0 
75.38 455.0 
75.38 456.0 
75.322 457.0 
75.333 458.0 
75.427 459.0 
75.497 460.0 
75.333 461.0 
75.392 462.0 
75.462 463.0 
75.427 464.0 
75.427 465.0 
75.462 466.0 
75.38 467.0 
75.31 468.0 
75.404 469.0 
75.357 470.0 
75.439 471.0 
75.345 472.0 
75.427 473.0 
75.345 474.0 
75.439 475.0 
75.369 476.0 
75.322 477.0 
75.369 478.0 
75.298 479.0 
75.392 480.0 
75.45 481.0 
75.357 482.0 
75.427 483.0 
75.345 484.0 
75.404 485.0 
75.357 486.0 
75.357 487.0 
75.439 488.0 
75.38 489.0 
75.345 490.0 
75.404 491.0 
75.474 492.0 
75.369 493.0 
75.415 494.0 
75.345 495.0 
75.38 496.0 
75.369 497.0 
75.427 498.0 
75.298 499.0 
75.287 500.0 
75.392 501.0 
75.427 502.0 
75.275 503.0 
75.322 504.0 
75.345 505.0 
75.369 506.0 
75.217 507.0 
75.392 508.0 
75.287 509.0 
75.298 510.0 
75.31 511.0 
75.357 512.0 
75.357 513.0 
75.392 514.0 
75.38 515.0 
75.404 516.0 
75.404 517.0 
75.263 518.0 
75.182 519.0 
75.263 520.0 
75.263 521.0 
75.287 522.0 
75.263 523.0 
75.298 524.0 
75.275 525.0 
75.275 526.0 
75.252 527.0 
75.228 528.0 
75.205 529.0 
75.147 530.0 
75.158 531.0 
75.31 532.0 
75.298 533.0 
75.182 534.0 
75.228 535.0 
75.205 536.0 
75.158 537.0 
75.1 538.0 
75.053 539.0 
75.041 540.0 
75.17 541.0 
75.112 542.0 
75.053 543.0 
75.041 544.0 
75.018 545.0 
74.983 546.0 
75.053 547.0 
75.041 548.0 
74.983 549.0 
74.948 550.0 
74.925 551.0 
75.006 552.0 
74.948 553.0 
74.89 554.0 
74.878 555.0 
75.006 556.0 
74.96 557.0 
74.925 558.0 
75.03 559.0 
74.983 560.0 
74.925 561.0 
74.82 562.0 
74.971 563.0 
74.936 564.0 
74.726 565.0 
75.006 566.0 
75.065 567.0 
74.866 568.0 
74.936 569.0 
74.89 570.0 
75.006 571.0 
74.948 572.0 
74.866 573.0 
74.901 574.0 
74.901 575.0 
74.971 576.0 
74.925 577.0 
74.901 578.0 
75.006 579.0 
74.96 580.0 
74.983 581.0 
74.96 582.0 
75.053 583.0 
74.96 584.0 
75.077 585.0 
75.006 586.0 
74.913 587.0 
74.971 588.0 
74.901 589.0 
74.96 590.0 
74.913 591.0 
74.96 592.0 
74.913 593.0 
74.936 594.0 
74.89 595.0 
74.983 596.0 
74.925 597.0 
74.983 598.0 
74.936 599.0 
74.995 600.0 
75.053 601.0 
74.96 602.0 
75.053 603.0 
74.96 604.0 
75.03 605.0 
74.901 606.0 
75.006 607.0 
74.913 608.0 
74.925 609.0 
75.065 610.0 
74.925 611.0 
75.006 612.0 
74.913 613.0 
74.983 614.0 
74.843 615.0 
74.96 616.0 
75.006 617.0 
74.913 618.0 
74.971 619.0 
74.633 620.0 
74.925 621.0 
74.983 622.0 
74.878 623.0 
74.925 624.0 
75.018 625.0 
74.89 626.0 
74.96 627.0 
74.983 628.0 
74.89 629.0 
74.936 630.0 
75.041 631.0 
74.831 632.0 
74.96 633.0 
75.03 634.0 
74.913 635.0 
75.006 636.0 
74.995 637.0 
74.878 638.0 
74.995 639.0 
75.006 640.0 
74.901 641.0 
74.936 642.0 
74.983 643.0 
74.878 644.0 
74.913 645.0 
74.96 646.0 
75.03 647.0 
74.901 648.0 
74.925 649.0 
74.971 650.0 
74.843 651.0 
74.901 652.0 
74.948 653.0 
75.03 654.0 
74.855 655.0 
74.913 656.0 
74.878 657.0 
74.983 658.0 
74.925 659.0 
74.983 660.0 
75.018 661.0 
75.053 662.0 
74.866 663.0 
74.89 664.0 
74.983 665.0 
75.041 666.0 
74.89 667.0 
74.971 668.0 
74.995 669.0 
74.971 670.0 
74.878 671.0 
74.913 672.0 
74.948 673.0 
74.948 674.0 
75.006 675.0 
74.878 676.0 
74.925 677.0 
74.948 678.0 
75.006 679.0 
75.03 680.0 
74.855 681.0 
74.855 682.0 
74.96 683.0 
74.983 684.0 
75.018 685.0 
75.053 686.0 
74.878 687.0 
74.901 688.0 
74.948 689.0 
74.948 690.0 
75.006 691.0 
75.018 692.0 
74.843 693.0 
74.89 694.0 
74.96 695.0 
74.971 696.0 
74.983 697.0 
75.006 698.0 
74.166 699.0 
74.843 700.0 
74.89 701.0 
74.948 702.0 
74.925 703.0 
74.983 704.0 
74.983 705.0 
75.006 706.0 
74.878 707.0 
74.89 708.0 
74.855 709.0 
74.925 710.0 
74.96 711.0 
74.948 712.0 
74.983 713.0 
75.041 714.0 
75.03 715.0 
74.878 716.0 
74.866 717.0 
74.925 718.0 
74.936 719.0 
74.948 720.0 
74.971 721.0 
74.995 722.0 
74.96 723.0 
74.995 724.0 
75.018 725.0 
74.901 726.0 
74.878 727.0 
74.901 728.0 
74.878 729.0 
74.913 730.0 
74.925 731.0 
74.948 732.0 
74.971 733.0 
74.983 734.0 
74.936 735.0 
75.006 736.0 
74.995 737.0 
75.006 738.0 
75.053 739.0 
74.855 740.0 
74.866 741.0 
74.855 742.0 
74.855 743.0 
74.89 744.0 
74.89 745.0 
74.901 746.0 
74.878 747.0 
74.901 748.0 
74.901 749.0 
74.878 750.0 
74.901 751.0 
74.913 752.0 
74.925 753.0 
74.925 754.0 
74.936 755.0 
74.96 756.0 
74.925 757.0 
74.96 758.0 
74.936 759.0 
74.948 760.0 
74.925 761.0 
74.971 762.0 
74.96 763.0 
74.96 764.0 
74.948 765.0 
74.936 766.0 
74.971 767.0 
74.971 768.0 
74.96 769.0 
74.936 770.0 
74.983 771.0 
74.936 772.0 
74.96 773.0 
74.96 774.0 
74.96 775.0 
74.936 776.0 
74.983 777.0 
74.948 778.0 
74.983 779.0 
74.971 780.0 
74.96 781.0 
74.936 782.0 
74.983 783.0 
74.936 784.0 
74.948 785.0 
74.936 786.0 
74.948 787.0 
74.936 788.0 
74.948 789.0 
74.96 790.0 
74.936 791.0 
74.96 792.0 
74.948 793.0 
74.971 794.0 
74.971 795.0 
74.983 796.0 
74.948 797.0 
74.96 798.0 
74.971 799.0 
74.995 800.0 
74.971 801.0 
74.948 802.0 
74.983 803.0 
74.96 804.0 
0.002 805.0 
0.01 806.0 
0.004 807.0 
-0.005 808.0 
0.001 809.0 
0.001 810.0 
0.001 811.0 
0.0 812.0 
-0.006 813.0 
0.0 814.0 
0.001 815.0 
-0.001 816.0 
-0.008 817.0 
0.0 818.0 
-0.006 819.0 
-0.01 820.0 
-0.011 821.0 
-0.006 822.0 
-0.014 823.0 
-0.019 824.0 
-0.018 825.0 
-0.011 826.0 
-0.01 827.0 
-0.02 828.0 
-0.02 829.0 
