-0.04 257.0 
-0.031 258.0 
-0.075 259.0 
-0.034 260.0 
-0.066 261.0 
-0.048 262.0 
-0.046 263.0 
-0.035 264.0 
-0.04 265.0 
-0.049 266.0 
-0.047 267.0 
-0.047 268.0 
-0.03 269.0 
-0.042 270.0 
-0.065 271.0 
-0.048 272.0 
-0.03 273.0 
-0.04 274.0 
141.779 275.0 
138.287 276.0 
137.387 277.0 
136.067 278.0 
134.608 279.0 
132.599 280.0 
130.87 281.0 
128.744 282.0 
125.696 283.0 
124.423 284.0 
124.061 285.0 
123.722 286.0 
123.43 287.0 
123.115 288.0 
122.834 289.0 
122.624 290.0 
122.04 291.0 
121.842 292.0 
121.62 293.0 
121.328 294.0 
121.071 295.0 
120.861 296.0 
120.779 297.0 
120.277 298.0 
120.043 299.0 
119.996 300.0 
119.424 301.0 
119.284 302.0 
118.793 303.0 
118.7 304.0 
118.548 305.0 
117.882 306.0 
116.609 307.0 
114.32 308.0 
111.669 309.0 
108.025 310.0 
104.322 311.0 
100.188 312.0 
96.333 313.0 
92.432 314.0 
88.473 315.0 
84.315 316.0 
80.788 317.0 
78.335 318.0 
78.207 319.0 
77.985 320.0 
77.693 321.0 
77.868 322.0 
77.798 323.0 
77.81 324.0 
77.763 325.0 
77.693 326.0 
77.798 327.0 
77.704 328.0 
77.88 329.0 
77.775 330.0 
77.716 331.0 
77.868 332.0 
77.81 333.0 
77.716 334.0 
77.681 335.0 
77.775 336.0 
77.775 337.0 
77.681 338.0 
77.821 339.0 
77.739 340.0 
77.739 341.0 
77.693 342.0 
77.856 343.0 
77.704 344.0 
77.693 345.0 
77.693 346.0 
77.646 347.0 
77.798 348.0 
77.763 349.0 
77.786 350.0 
77.728 351.0 
77.739 352.0 
77.728 353.0 
77.658 354.0 
77.798 355.0 
77.728 356.0 
77.775 357.0 
77.704 358.0 
77.81 359.0 
77.716 360.0 
77.798 361.0 
77.716 362.0 
77.751 363.0 
77.646 364.0 
77.693 365.0 
77.693 366.0 
77.739 367.0 
77.704 368.0 
77.728 369.0 
77.728 370.0 
77.739 371.0 
77.739 372.0 
77.751 373.0 
77.81 374.0 
77.786 375.0 
78.043 376.0 
77.599 377.0 
77.716 378.0 
77.716 379.0 
77.704 380.0 
77.728 381.0 
77.833 382.0 
77.728 383.0 
77.704 384.0 
77.728 385.0 
77.786 386.0 
77.681 387.0 
77.646 388.0 
77.739 389.0 
77.716 390.0 
77.704 391.0 
77.716 392.0 
77.775 393.0 
77.646 394.0 
77.751 395.0 
77.798 396.0 
77.658 397.0 
77.739 398.0 
77.623 399.0 
77.658 400.0 
77.798 401.0 
77.739 402.0 
77.821 403.0 
77.739 404.0 
77.728 405.0 
77.669 406.0 
77.739 407.0 
77.739 408.0 
77.728 409.0 
77.646 410.0 
77.728 411.0 
77.775 412.0 
78.148 413.0 
77.739 414.0 
77.681 415.0 
77.693 416.0 
77.646 417.0 
77.798 418.0 
77.728 419.0 
77.681 420.0 
77.704 421.0 
77.739 422.0 
77.775 423.0 
77.704 424.0 
77.716 425.0 
77.739 426.0 
77.763 427.0 
77.716 428.0 
77.704 429.0 
77.634 430.0 
77.751 431.0 
77.763 432.0 
77.775 433.0 
77.716 434.0 
77.669 435.0 
77.693 436.0 
77.821 437.0 
77.611 438.0 
77.669 439.0 
77.704 440.0 
77.658 441.0 
77.669 442.0 
77.704 443.0 
77.634 444.0 
77.681 445.0 
77.658 446.0 
77.751 447.0 
77.763 448.0 
77.739 449.0 
78.031 450.0 
77.728 451.0 
77.669 452.0 
77.681 453.0 
77.669 454.0 
77.739 455.0 
77.529 456.0 
77.693 457.0 
77.658 458.0 
77.751 459.0 
77.775 460.0 
77.716 461.0 
77.693 462.0 
77.751 463.0 
77.704 464.0 
77.704 465.0 
77.763 466.0 
77.716 467.0 
77.646 468.0 
77.728 469.0 
77.681 470.0 
77.716 471.0 
77.693 472.0 
77.669 473.0 
77.716 474.0 
77.81 475.0 
77.681 476.0 
77.658 477.0 
77.693 478.0 
77.611 479.0 
77.704 480.0 
77.798 481.0 
77.704 482.0 
77.728 483.0 
77.634 484.0 
77.728 485.0 
77.669 486.0 
77.658 487.0 
77.751 488.0 
77.681 489.0 
77.716 490.0 
77.751 491.0 
77.739 492.0 
77.693 493.0 
77.763 494.0 
77.669 495.0 
77.564 496.0 
77.693 497.0 
77.728 498.0 
77.611 499.0 
77.611 500.0 
77.693 501.0 
77.728 502.0 
77.599 503.0 
77.646 504.0 
77.693 505.0 
77.658 506.0 
77.693 507.0 
77.973 508.0 
77.634 509.0 
77.646 510.0 
77.623 511.0 
77.658 512.0 
77.704 513.0 
77.704 514.0 
77.728 515.0 
77.704 516.0 
77.926 517.0 
77.506 518.0 
77.576 519.0 
77.599 520.0 
77.634 521.0 
77.623 522.0 
77.599 523.0 
77.588 524.0 
77.599 525.0 
77.564 526.0 
77.599 527.0 
77.553 528.0 
77.576 529.0 
77.494 530.0 
77.529 531.0 
77.658 532.0 
77.646 533.0 
77.623 534.0 
77.599 535.0 
77.541 536.0 
77.553 537.0 
77.471 538.0 
77.412 539.0 
77.436 540.0 
77.494 541.0 
77.448 542.0 
77.412 543.0 
77.389 544.0 
77.331 545.0 
77.296 546.0 
77.401 547.0 
77.366 548.0 
77.331 549.0 
77.307 550.0 
77.202 551.0 
77.342 552.0 
77.307 553.0 
77.249 554.0 
77.261 555.0 
77.307 556.0 
77.261 557.0 
77.249 558.0 
77.366 559.0 
77.272 560.0 
77.272 561.0 
77.191 562.0 
77.319 563.0 
77.261 564.0 
77.12 565.0 
77.307 566.0 
77.436 567.0 
77.202 568.0 
77.296 569.0 
77.237 570.0 
77.319 571.0 
77.272 572.0 
77.249 573.0 
77.261 574.0 
77.214 575.0 
77.319 576.0 
77.249 577.0 
77.249 578.0 
77.331 579.0 
77.296 580.0 
77.331 581.0 
77.307 582.0 
77.331 583.0 
77.296 584.0 
77.389 585.0 
77.307 586.0 
77.237 587.0 
77.319 588.0 
77.237 589.0 
77.319 590.0 
77.226 591.0 
77.284 592.0 
77.249 593.0 
77.307 594.0 
77.249 595.0 
77.307 596.0 
77.249 597.0 
77.319 598.0 
77.249 599.0 
77.296 600.0 
77.401 601.0 
77.296 602.0 
77.366 603.0 
77.261 604.0 
77.342 605.0 
77.249 606.0 
77.331 607.0 
77.214 608.0 
77.307 609.0 
77.366 610.0 
77.261 611.0 
77.342 612.0 
77.237 613.0 
77.342 614.0 
77.237 615.0 
77.284 616.0 
77.342 617.0 
77.249 618.0 
77.296 619.0 
76.969 620.0 
77.237 621.0 
77.296 622.0 
77.226 623.0 
77.272 624.0 
77.354 625.0 
77.191 626.0 
77.284 627.0 
77.342 628.0 
77.261 629.0 
77.284 630.0 
77.366 631.0 
77.179 632.0 
77.331 633.0 
77.424 634.0 
77.272 635.0 
77.307 636.0 
77.331 637.0 
77.249 638.0 
77.284 639.0 
77.331 640.0 
77.237 641.0 
77.272 642.0 
77.331 643.0 
77.179 644.0 
77.249 645.0 
77.284 646.0 
77.377 647.0 
77.249 648.0 
77.296 649.0 
77.319 650.0 
77.226 651.0 
77.284 652.0 
77.284 653.0 
77.354 654.0 
77.202 655.0 
77.249 656.0 
77.272 657.0 
77.366 658.0 
77.249 659.0 
77.284 660.0 
77.296 661.0 
77.377 662.0 
77.191 663.0 
77.261 664.0 
77.319 665.0 
77.412 666.0 
77.249 667.0 
77.284 668.0 
77.284 669.0 
77.354 670.0 
77.191 671.0 
77.272 672.0 
77.272 673.0 
77.342 674.0 
77.354 675.0 
77.214 676.0 
77.249 677.0 
77.272 678.0 
77.307 679.0 
77.377 680.0 
77.226 681.0 
77.237 682.0 
77.296 683.0 
77.307 684.0 
77.377 685.0 
77.389 686.0 
77.214 687.0 
77.261 688.0 
77.307 689.0 
77.296 690.0 
77.354 691.0 
77.401 692.0 
77.214 693.0 
77.261 694.0 
77.272 695.0 
77.307 696.0 
77.319 697.0 
77.296 698.0 
76.957 699.0 
77.214 700.0 
77.226 701.0 
77.272 702.0 
77.284 703.0 
77.319 704.0 
77.354 705.0 
77.377 706.0 
77.191 707.0 
77.237 708.0 
77.261 709.0 
77.284 710.0 
77.296 711.0 
77.307 712.0 
77.319 713.0 
77.354 714.0 
77.401 715.0 
77.191 716.0 
77.226 717.0 
77.237 718.0 
77.272 719.0 
77.261 720.0 
77.319 721.0 
77.331 722.0 
77.366 723.0 
77.354 724.0 
77.377 725.0 
77.191 726.0 
77.191 727.0 
77.226 728.0 
77.202 729.0 
77.261 730.0 
77.272 731.0 
77.307 732.0 
77.296 733.0 
77.307 734.0 
77.342 735.0 
77.331 736.0 
77.377 737.0 
77.354 738.0 
76.98 739.0 
77.191 740.0 
77.214 741.0 
77.202 742.0 
77.191 743.0 
77.202 744.0 
77.202 745.0 
77.261 746.0 
77.226 747.0 
77.237 748.0 
77.226 749.0 
77.214 750.0 
77.249 751.0 
77.261 752.0 
77.272 753.0 
77.261 754.0 
77.319 755.0 
77.237 756.0 
77.307 757.0 
77.284 758.0 
77.284 759.0 
77.307 760.0 
77.319 761.0 
77.284 762.0 
77.307 763.0 
77.319 764.0 
77.307 765.0 
77.296 766.0 
77.296 767.0 
77.296 768.0 
77.296 769.0 
77.319 770.0 
77.319 771.0 
77.307 772.0 
77.331 773.0 
77.296 774.0 
77.307 775.0 
77.284 776.0 
77.296 777.0 
77.284 778.0 
77.261 779.0 
77.307 780.0 
77.296 781.0 
77.272 782.0 
77.307 783.0 
77.272 784.0 
77.296 785.0 
77.296 786.0 
77.319 787.0 
77.319 788.0 
77.307 789.0 
77.261 790.0 
77.331 791.0 
77.284 792.0 
77.284 793.0 
77.319 794.0 
77.296 795.0 
77.296 796.0 
77.296 797.0 
77.307 798.0 
77.284 799.0 
77.296 800.0 
77.307 801.0 
77.272 802.0 
77.272 803.0 
77.249 804.0 
0.0 805.0 
0.002 806.0 
-0.002 807.0 
-0.002 808.0 
0.0 809.0 
0.0 810.0 
-0.002 811.0 
-0.005 812.0 
-0.005 813.0 
0.001 814.0 
-0.008 815.0 
-0.011 816.0 
-0.011 817.0 
-0.007 818.0 
-0.006 819.0 
-0.017 820.0 
-0.017 821.0 
-0.011 822.0 
-0.011 823.0 
-0.016 824.0 
-0.02 825.0 
-0.019 826.0 
-0.016 827.0 
-0.016 828.0 
-0.013 829.0 
