-0.054 257.0 
-0.043 258.0 
-0.049 259.0 
-0.046 260.0 
-0.044 261.0 
-0.038 262.0 
-0.031 263.0 
-0.022 264.0 
-0.03 265.0 
-0.046 266.0 
-0.046 267.0 
-0.041 268.0 
-0.013 269.0 
-0.058 270.0 
-0.054 271.0 
-0.035 272.0 
-0.05 273.0 
-0.042 274.0 
145.621 275.0 
141.428 276.0 
140.436 277.0 
139.268 278.0 
137.948 279.0 
136.278 280.0 
134.537 281.0 
131.886 282.0 
129.212 283.0 
127.763 284.0 
127.401 285.0 
127.156 286.0 
127.016 287.0 
126.817 288.0 
126.595 289.0 
125.965 290.0 
125.859 291.0 
125.638 292.0 
125.509 293.0 
125.299 294.0 
124.937 295.0 
124.855 296.0 
124.867 297.0 
124.353 298.0 
124.189 299.0 
123.921 300.0 
123.582 301.0 
123.489 302.0 
122.905 303.0 
122.788 304.0 
122.461 305.0 
121.725 306.0 
120.078 307.0 
117.59 308.0 
115.044 309.0 
111.715 310.0 
108.422 311.0 
104.684 312.0 
101.017 313.0 
96.906 314.0 
92.748 315.0 
88.566 316.0 
84.887 317.0 
81.734 318.0 
81.045 319.0 
81.29 320.0 
81.115 321.0 
81.103 322.0 
80.951 323.0 
80.986 324.0 
80.916 325.0 
80.823 326.0 
80.916 327.0 
80.835 328.0 
80.765 329.0 
80.916 330.0 
80.8 331.0 
80.881 332.0 
80.893 333.0 
80.823 334.0 
80.753 335.0 
80.893 336.0 
80.881 337.0 
80.765 338.0 
80.858 339.0 
80.846 340.0 
80.823 341.0 
80.811 342.0 
80.846 343.0 
80.846 344.0 
80.858 345.0 
80.8 346.0 
80.765 347.0 
80.776 348.0 
80.916 349.0 
80.87 350.0 
80.811 351.0 
80.87 352.0 
80.823 353.0 
80.788 354.0 
80.765 355.0 
80.858 356.0 
80.893 357.0 
80.846 358.0 
80.928 359.0 
80.846 360.0 
80.905 361.0 
80.811 362.0 
80.835 363.0 
80.776 364.0 
80.776 365.0 
80.835 366.0 
80.846 367.0 
80.823 368.0 
80.811 369.0 
80.835 370.0 
80.835 371.0 
80.835 372.0 
80.858 373.0 
80.881 374.0 
80.893 375.0 
80.893 376.0 
80.788 377.0 
80.8 378.0 
80.788 379.0 
80.835 380.0 
80.823 381.0 
80.858 382.0 
80.8 383.0 
80.811 384.0 
80.788 385.0 
80.905 386.0 
80.788 387.0 
80.776 388.0 
80.881 389.0 
80.846 390.0 
80.811 391.0 
80.753 392.0 
80.858 393.0 
80.729 394.0 
80.835 395.0 
80.8 396.0 
80.788 397.0 
80.858 398.0 
80.718 399.0 
80.823 400.0 
80.905 401.0 
80.823 402.0 
80.94 403.0 
80.858 404.0 
80.823 405.0 
80.741 406.0 
80.846 407.0 
80.765 408.0 
80.87 409.0 
80.765 410.0 
80.8 411.0 
80.846 412.0 
81.033 413.0 
80.87 414.0 
80.788 415.0 
80.823 416.0 
80.753 417.0 
80.811 418.0 
80.858 419.0 
80.788 420.0 
80.811 421.0 
80.858 422.0 
80.87 423.0 
80.8 424.0 
80.811 425.0 
80.846 426.0 
80.893 427.0 
80.8 428.0 
80.823 429.0 
80.8 430.0 
80.846 431.0 
80.858 432.0 
80.846 433.0 
80.753 434.0 
80.8 435.0 
80.811 436.0 
80.788 437.0 
80.776 438.0 
80.765 439.0 
80.741 440.0 
80.846 441.0 
80.788 442.0 
80.811 443.0 
80.835 444.0 
80.788 445.0 
80.776 446.0 
80.893 447.0 
81.103 448.0 
80.986 449.0 
80.858 450.0 
80.811 451.0 
80.753 452.0 
80.765 453.0 
80.718 454.0 
80.87 455.0 
80.624 456.0 
80.776 457.0 
80.753 458.0 
80.835 459.0 
80.87 460.0 
80.846 461.0 
80.823 462.0 
80.87 463.0 
80.835 464.0 
80.8 465.0 
80.858 466.0 
80.823 467.0 
80.765 468.0 
80.87 469.0 
80.823 470.0 
80.741 471.0 
80.8 472.0 
80.671 473.0 
80.811 474.0 
80.905 475.0 
80.823 476.0 
80.729 477.0 
80.823 478.0 
80.718 479.0 
80.835 480.0 
80.905 481.0 
80.788 482.0 
80.893 483.0 
80.788 484.0 
80.835 485.0 
80.741 486.0 
80.776 487.0 
80.858 488.0 
80.765 489.0 
80.8 490.0 
80.835 491.0 
80.776 492.0 
80.8 493.0 
80.823 494.0 
80.788 495.0 
80.753 496.0 
80.835 497.0 
80.846 498.0 
80.729 499.0 
80.776 500.0 
80.823 501.0 
80.846 502.0 
80.694 503.0 
80.753 504.0 
80.765 505.0 
80.788 506.0 
80.729 507.0 
80.8 508.0 
80.624 509.0 
80.753 510.0 
80.776 511.0 
80.729 512.0 
80.8 513.0 
80.8 514.0 
80.811 515.0 
80.671 516.0 
81.103 517.0 
80.659 518.0 
80.718 519.0 
80.683 520.0 
80.683 521.0 
80.718 522.0 
80.718 523.0 
80.683 524.0 
80.683 525.0 
80.659 526.0 
80.648 527.0 
80.613 528.0 
80.624 529.0 
80.578 530.0 
80.543 531.0 
80.671 532.0 
80.905 533.0 
80.624 534.0 
80.624 535.0 
80.566 536.0 
80.531 537.0 
80.484 538.0 
80.437 539.0 
80.414 540.0 
80.543 541.0 
80.437 542.0 
80.449 543.0 
80.402 544.0 
80.391 545.0 
80.332 546.0 
80.437 547.0 
80.391 548.0 
80.391 549.0 
80.286 550.0 
80.239 551.0 
80.356 552.0 
80.321 553.0 
80.286 554.0 
80.239 555.0 
80.344 556.0 
80.297 557.0 
80.274 558.0 
80.099 559.0 
80.321 560.0 
80.286 561.0 
80.239 562.0 
80.367 563.0 
80.216 564.0 
80.216 565.0 
80.344 566.0 
80.309 567.0 
80.204 568.0 
80.286 569.0 
80.262 570.0 
80.344 571.0 
80.251 572.0 
80.227 573.0 
80.297 574.0 
80.274 575.0 
80.753 576.0 
80.286 577.0 
80.286 578.0 
80.379 579.0 
80.321 580.0 
80.414 581.0 
80.321 582.0 
80.379 583.0 
80.356 584.0 
80.075 585.0 
80.356 586.0 
80.262 587.0 
80.402 588.0 
80.286 589.0 
80.356 590.0 
80.286 591.0 
80.356 592.0 
80.286 593.0 
80.344 594.0 
80.239 595.0 
80.321 596.0 
80.262 597.0 
80.274 598.0 
80.216 599.0 
80.344 600.0 
80.414 601.0 
80.286 602.0 
80.402 603.0 
80.274 604.0 
80.379 605.0 
80.297 606.0 
80.344 607.0 
80.262 608.0 
80.321 609.0 
80.367 610.0 
80.309 611.0 
80.379 612.0 
80.251 613.0 
80.321 614.0 
80.227 615.0 
80.262 616.0 
80.379 617.0 
80.227 618.0 
80.344 619.0 
80.134 620.0 
80.332 621.0 
80.344 622.0 
80.262 623.0 
80.321 624.0 
80.414 625.0 
80.297 626.0 
80.321 627.0 
80.379 628.0 
80.297 629.0 
80.321 630.0 
80.379 631.0 
80.262 632.0 
80.344 633.0 
80.496 634.0 
80.286 635.0 
80.356 636.0 
80.402 637.0 
80.274 638.0 
80.239 639.0 
80.356 640.0 
80.262 641.0 
80.262 642.0 
80.391 643.0 
80.262 644.0 
80.251 645.0 
80.356 646.0 
80.402 647.0 
80.286 648.0 
80.332 649.0 
80.367 650.0 
80.216 651.0 
80.204 652.0 
80.321 653.0 
80.414 654.0 
80.262 655.0 
80.204 656.0 
80.332 657.0 
80.367 658.0 
80.251 659.0 
80.332 660.0 
80.356 661.0 
80.379 662.0 
80.286 663.0 
80.309 664.0 
80.379 665.0 
80.414 666.0 
80.262 667.0 
80.297 668.0 
80.356 669.0 
80.391 670.0 
80.239 671.0 
80.262 672.0 
80.309 673.0 
80.379 674.0 
80.379 675.0 
80.227 676.0 
80.274 677.0 
80.309 678.0 
80.356 679.0 
80.402 680.0 
80.251 681.0 
80.297 682.0 
80.309 683.0 
80.344 684.0 
80.332 685.0 
80.461 686.0 
80.204 687.0 
80.309 688.0 
80.344 689.0 
80.356 690.0 
80.379 691.0 
80.391 692.0 
80.251 693.0 
80.274 694.0 
80.309 695.0 
80.309 696.0 
80.321 697.0 
80.379 698.0 
80.192 699.0 
80.216 700.0 
80.262 701.0 
80.274 702.0 
80.321 703.0 
80.344 704.0 
80.379 705.0 
80.379 706.0 
80.239 707.0 
80.262 708.0 
80.262 709.0 
80.274 710.0 
80.321 711.0 
80.297 712.0 
80.367 713.0 
80.367 714.0 
80.216 715.0 
80.227 716.0 
80.204 717.0 
80.286 718.0 
80.286 719.0 
80.332 720.0 
80.344 721.0 
80.367 722.0 
80.379 723.0 
80.379 724.0 
80.426 725.0 
80.145 726.0 
80.239 727.0 
80.286 728.0 
80.309 729.0 
80.251 730.0 
80.297 731.0 
80.309 732.0 
80.344 733.0 
80.356 734.0 
80.391 735.0 
80.356 736.0 
80.379 737.0 
80.391 738.0 
80.181 739.0 
80.239 740.0 
80.204 741.0 
80.227 742.0 
80.227 743.0 
80.251 744.0 
80.262 745.0 
80.251 746.0 
80.251 747.0 
80.274 748.0 
80.274 749.0 
80.274 750.0 
80.286 751.0 
80.297 752.0 
80.274 753.0 
80.309 754.0 
80.297 755.0 
80.297 756.0 
80.309 757.0 
80.297 758.0 
80.332 759.0 
80.286 760.0 
80.321 761.0 
80.332 762.0 
80.356 763.0 
80.344 764.0 
80.321 765.0 
80.344 766.0 
80.344 767.0 
80.321 768.0 
80.344 769.0 
80.297 770.0 
80.321 771.0 
80.332 772.0 
80.332 773.0 
80.332 774.0 
80.309 775.0 
80.321 776.0 
80.309 777.0 
80.297 778.0 
80.332 779.0 
80.321 780.0 
80.344 781.0 
80.332 782.0 
80.344 783.0 
80.344 784.0 
80.321 785.0 
80.367 786.0 
80.321 787.0 
80.321 788.0 
80.344 789.0 
80.309 790.0 
80.309 791.0 
80.332 792.0 
80.321 793.0 
80.309 794.0 
80.332 795.0 
80.344 796.0 
80.321 797.0 
80.309 798.0 
80.321 799.0 
80.344 800.0 
80.332 801.0 
80.332 802.0 
80.344 803.0 
80.321 804.0 
0.002 805.0 
-0.002 806.0 
0.002 807.0 
-0.001 808.0 
0.006 809.0 
0.0 810.0 
0.001 811.0 
-0.002 812.0 
0.0 813.0 
-0.002 814.0 
-0.001 815.0 
-0.007 816.0 
-0.016 817.0 
-0.012 818.0 
-0.007 819.0 
-0.006 820.0 
-0.01 821.0 
-0.011 822.0 
-0.02 823.0 
-0.011 824.0 
-0.017 825.0 
-0.023 826.0 
-0.018 827.0 
-0.014 828.0 
-0.012 829.0 
