-0.043 257.0 
-0.032 258.0 
-0.035 259.0 
-0.032 260.0 
-0.035 261.0 
-0.036 262.0 
-0.042 263.0 
-0.052 264.0 
-0.031 265.0 
-0.042 266.0 
-0.04 267.0 
-0.05 268.0 
-0.056 269.0 
-0.04 270.0 
-0.03 271.0 
-0.04 272.0 
-0.036 273.0 
-0.058 274.0 
139.723 275.0 
137.574 276.0 
136.71 277.0 
135.46 278.0 
134.094 279.0 
132.599 280.0 
130.999 281.0 
128.347 282.0 
125.708 283.0 
124.435 284.0 
124.084 285.0 
123.827 286.0 
123.769 287.0 
123.594 288.0 
123.418 289.0 
122.799 290.0 
122.741 291.0 
122.613 292.0 
122.472 293.0 
122.204 294.0 
121.958 295.0 
121.807 296.0 
121.772 297.0 
121.304 298.0 
121.199 299.0 
120.989 300.0 
120.662 301.0 
120.557 302.0 
120.043 303.0 
119.938 304.0 
119.634 305.0 
118.922 306.0 
117.24 307.0 
114.589 308.0 
111.949 309.0 
108.702 310.0 
105.175 311.0 
101.472 312.0 
97.84 313.0 
93.916 314.0 
90.143 315.0 
86.16 316.0 
82.738 317.0 
79.854 318.0 
79.632 319.0 
79.386 320.0 
79.188 321.0 
79.153 322.0 
79.013 323.0 
79.036 324.0 
79.001 325.0 
78.884 326.0 
78.989 327.0 
78.907 328.0 
78.942 329.0 
79.001 330.0 
78.907 331.0 
79.071 332.0 
79.013 333.0 
78.954 334.0 
78.884 335.0 
78.954 336.0 
78.966 337.0 
78.861 338.0 
79.153 339.0 
78.942 340.0 
78.931 341.0 
78.907 342.0 
79.059 343.0 
78.931 344.0 
78.896 345.0 
78.861 346.0 
78.849 347.0 
78.872 348.0 
78.966 349.0 
78.919 350.0 
78.896 351.0 
78.978 352.0 
78.931 353.0 
78.837 354.0 
78.872 355.0 
78.931 356.0 
78.978 357.0 
78.942 358.0 
79.036 359.0 
78.942 360.0 
78.989 361.0 
78.931 362.0 
78.942 363.0 
78.849 364.0 
78.872 365.0 
78.919 366.0 
78.966 367.0 
78.861 368.0 
78.907 369.0 
78.931 370.0 
78.954 371.0 
78.942 372.0 
78.966 373.0 
78.978 374.0 
79.013 375.0 
79.024 376.0 
78.884 377.0 
78.896 378.0 
78.978 379.0 
78.966 380.0 
78.907 381.0 
78.907 382.0 
78.872 383.0 
78.872 384.0 
78.896 385.0 
78.989 386.0 
78.884 387.0 
78.849 388.0 
78.978 389.0 
78.942 390.0 
78.942 391.0 
78.907 392.0 
78.978 393.0 
78.849 394.0 
78.931 395.0 
79.036 396.0 
78.872 397.0 
78.966 398.0 
78.814 399.0 
78.861 400.0 
79.001 401.0 
78.907 402.0 
78.989 403.0 
78.942 404.0 
78.884 405.0 
78.849 406.0 
78.907 407.0 
78.896 408.0 
78.931 409.0 
78.837 410.0 
78.919 411.0 
79.001 412.0 
79.246 413.0 
78.966 414.0 
78.907 415.0 
78.942 416.0 
78.872 417.0 
78.954 418.0 
78.954 419.0 
78.884 420.0 
78.931 421.0 
78.919 422.0 
78.989 423.0 
78.884 424.0 
78.896 425.0 
78.919 426.0 
78.966 427.0 
78.861 428.0 
78.884 429.0 
78.884 430.0 
78.942 431.0 
78.954 432.0 
78.978 433.0 
78.872 434.0 
78.872 435.0 
78.884 436.0 
78.907 437.0 
78.849 438.0 
78.837 439.0 
78.896 440.0 
78.919 441.0 
78.872 442.0 
78.896 443.0 
78.907 444.0 
78.861 445.0 
78.872 446.0 
78.978 447.0 
78.942 448.0 
79.258 449.0 
79.024 450.0 
78.931 451.0 
78.896 452.0 
78.884 453.0 
78.837 454.0 
78.954 455.0 
78.767 456.0 
78.907 457.0 
78.861 458.0 
78.966 459.0 
78.989 460.0 
78.919 461.0 
78.919 462.0 
78.954 463.0 
78.896 464.0 
78.931 465.0 
78.989 466.0 
78.942 467.0 
78.826 468.0 
78.942 469.0 
78.884 470.0 
78.837 471.0 
78.884 472.0 
78.756 473.0 
78.954 474.0 
78.989 475.0 
78.896 476.0 
78.849 477.0 
78.907 478.0 
78.861 479.0 
78.907 480.0 
79.001 481.0 
78.896 482.0 
78.954 483.0 
78.884 484.0 
78.919 485.0 
78.861 486.0 
78.884 487.0 
78.954 488.0 
78.861 489.0 
78.872 490.0 
78.954 491.0 
78.872 492.0 
78.907 493.0 
78.896 494.0 
78.849 495.0 
78.896 496.0 
78.907 497.0 
78.966 498.0 
78.872 499.0 
78.896 500.0 
78.919 501.0 
78.942 502.0 
78.814 503.0 
78.837 504.0 
78.884 505.0 
78.919 506.0 
78.802 507.0 
78.872 508.0 
78.756 509.0 
78.802 510.0 
78.826 511.0 
78.872 512.0 
78.872 513.0 
78.919 514.0 
78.931 515.0 
78.826 516.0 
79.293 517.0 
78.779 518.0 
78.802 519.0 
78.756 520.0 
78.802 521.0 
78.767 522.0 
78.767 523.0 
78.779 524.0 
78.779 525.0 
78.756 526.0 
78.686 527.0 
78.686 528.0 
78.697 529.0 
78.697 530.0 
78.65 531.0 
78.802 532.0 
79.188 533.0 
78.709 534.0 
78.697 535.0 
78.639 536.0 
78.604 537.0 
78.557 538.0 
78.51 539.0 
78.499 540.0 
78.604 541.0 
78.487 542.0 
78.44 543.0 
78.417 544.0 
78.37 545.0 
78.323 546.0 
78.452 547.0 
78.347 548.0 
78.347 549.0 
78.323 550.0 
78.218 551.0 
78.3 552.0 
78.3 553.0 
78.3 554.0 
78.23 555.0 
78.359 556.0 
78.277 557.0 
78.23 558.0 
77.996 559.0 
78.335 560.0 
78.277 561.0 
78.242 562.0 
78.3 563.0 
78.23 564.0 
78.183 565.0 
78.277 566.0 
78.3 567.0 
78.195 568.0 
78.242 569.0 
78.218 570.0 
78.323 571.0 
78.288 572.0 
78.242 573.0 
78.253 574.0 
78.265 575.0 
78.662 576.0 
78.265 577.0 
78.265 578.0 
78.359 579.0 
78.312 580.0 
78.394 581.0 
78.3 582.0 
78.405 583.0 
78.312 584.0 
78.055 585.0 
78.323 586.0 
78.253 587.0 
78.37 588.0 
78.242 589.0 
78.359 590.0 
78.277 591.0 
78.335 592.0 
78.277 593.0 
78.312 594.0 
78.277 595.0 
78.335 596.0 
78.242 597.0 
78.277 598.0 
78.242 599.0 
78.3 600.0 
78.394 601.0 
78.323 602.0 
78.37 603.0 
78.288 604.0 
78.37 605.0 
78.23 606.0 
78.347 607.0 
78.207 608.0 
78.288 609.0 
78.37 610.0 
78.265 611.0 
78.382 612.0 
78.265 613.0 
78.3 614.0 
78.242 615.0 
78.23 616.0 
78.347 617.0 
78.23 618.0 
78.323 619.0 
78.148 620.0 
78.323 621.0 
78.312 622.0 
78.218 623.0 
78.3 624.0 
78.359 625.0 
78.242 626.0 
78.323 627.0 
78.382 628.0 
78.23 629.0 
78.335 630.0 
78.37 631.0 
78.242 632.0 
78.277 633.0 
78.639 634.0 
78.277 635.0 
78.347 636.0 
78.382 637.0 
78.253 638.0 
78.265 639.0 
78.37 640.0 
78.253 641.0 
78.265 642.0 
78.323 643.0 
78.242 644.0 
78.23 645.0 
78.335 646.0 
78.37 647.0 
78.218 648.0 
78.3 649.0 
78.3 650.0 
78.23 651.0 
78.242 652.0 
78.312 653.0 
78.394 654.0 
78.218 655.0 
78.207 656.0 
78.3 657.0 
78.335 658.0 
78.265 659.0 
78.323 660.0 
78.37 661.0 
78.359 662.0 
78.23 663.0 
78.265 664.0 
78.347 665.0 
78.359 666.0 
78.218 667.0 
78.277 668.0 
78.288 669.0 
78.347 670.0 
78.183 671.0 
78.288 672.0 
78.288 673.0 
78.347 674.0 
78.359 675.0 
78.218 676.0 
78.277 677.0 
78.312 678.0 
78.347 679.0 
78.394 680.0 
78.253 681.0 
78.277 682.0 
78.3 683.0 
78.335 684.0 
78.3 685.0 
78.405 686.0 
78.125 687.0 
78.253 688.0 
78.3 689.0 
78.312 690.0 
78.347 691.0 
78.37 692.0 
78.253 693.0 
78.265 694.0 
78.288 695.0 
78.312 696.0 
78.323 697.0 
78.347 698.0 
78.183 699.0 
78.23 700.0 
78.265 701.0 
78.3 702.0 
78.3 703.0 
78.323 704.0 
78.323 705.0 
78.394 706.0 
78.218 707.0 
78.218 708.0 
78.265 709.0 
78.23 710.0 
78.3 711.0 
78.323 712.0 
78.288 713.0 
78.382 714.0 
78.183 715.0 
78.195 716.0 
78.242 717.0 
78.265 718.0 
78.242 719.0 
78.312 720.0 
78.37 721.0 
78.3 722.0 
78.335 723.0 
78.359 724.0 
78.394 725.0 
78.137 726.0 
78.218 727.0 
78.242 728.0 
78.253 729.0 
78.277 730.0 
78.265 731.0 
78.323 732.0 
78.312 733.0 
78.312 734.0 
78.335 735.0 
78.335 736.0 
78.347 737.0 
78.359 738.0 
78.195 739.0 
78.183 740.0 
78.207 741.0 
78.207 742.0 
78.195 743.0 
78.242 744.0 
78.242 745.0 
78.23 746.0 
78.23 747.0 
78.253 748.0 
78.277 749.0 
78.242 750.0 
78.265 751.0 
78.265 752.0 
78.265 753.0 
78.3 754.0 
78.3 755.0 
78.312 756.0 
78.312 757.0 
78.288 758.0 
78.288 759.0 
78.347 760.0 
78.3 761.0 
78.3 762.0 
78.277 763.0 
78.312 764.0 
78.3 765.0 
78.323 766.0 
78.335 767.0 
78.323 768.0 
78.335 769.0 
78.323 770.0 
78.3 771.0 
78.3 772.0 
78.335 773.0 
78.312 774.0 
78.288 775.0 
78.3 776.0 
78.335 777.0 
78.277 778.0 
78.3 779.0 
78.323 780.0 
78.323 781.0 
78.3 782.0 
78.277 783.0 
78.312 784.0 
78.323 785.0 
78.3 786.0 
78.323 787.0 
78.3 788.0 
78.323 789.0 
78.288 790.0 
78.3 791.0 
78.3 792.0 
78.323 793.0 
78.312 794.0 
78.3 795.0 
78.323 796.0 
78.312 797.0 
78.323 798.0 
78.288 799.0 
78.335 800.0 
78.312 801.0 
78.312 802.0 
78.3 803.0 
78.288 804.0 
0.011 805.0 
0.005 806.0 
0.005 807.0 
-0.002 808.0 
-0.01 809.0 
-0.012 810.0 
-0.01 811.0 
-0.017 812.0 
-0.023 813.0 
-0.029 814.0 
-0.024 815.0 
-0.035 816.0 
-0.035 817.0 
-0.034 818.0 
-0.035 819.0 
-0.031 820.0 
-0.032 821.0 
-0.037 822.0 
-0.042 823.0 
-0.036 824.0 
-0.024 825.0 
-0.034 826.0 
-0.024 827.0 
-0.026 828.0 
-0.022 829.0 
