-0.038 257.0 
-0.059 258.0 
-0.138 259.0 
-0.047 260.0 
-0.037 261.0 
-0.052 262.0 
-0.037 263.0 
-0.028 264.0 
-0.036 265.0 
-0.04 266.0 
-0.042 267.0 
-0.043 268.0 
-0.044 269.0 
-0.034 270.0 
-0.042 271.0 
-0.041 272.0 
-0.035 273.0 
-0.046 274.0 
139.349 275.0 
136.43 276.0 
135.075 277.0 
133.673 278.0 
132.143 279.0 
130.356 280.0 
128.908 281.0 
126.817 282.0 
124.341 283.0 
123.01 284.0 
122.566 285.0 
122.227 286.0 
122.064 287.0 
121.76 288.0 
121.573 289.0 
121.328 290.0 
120.826 291.0 
120.627 292.0 
120.382 293.0 
120.358 294.0 
119.844 295.0 
119.763 296.0 
119.716 297.0 
119.179 298.0 
119.015 299.0 
118.957 300.0 
118.455 301.0 
118.373 302.0 
117.917 303.0 
117.789 304.0 
117.707 305.0 
117.041 306.0 
115.757 307.0 
113.456 308.0 
110.734 309.0 
107.102 310.0 
103.762 311.0 
99.767 312.0 
96.112 313.0 
92.129 314.0 
88.718 315.0 
85.039 316.0 
81.722 317.0 
79.071 318.0 
78.942 319.0 
78.732 320.0 
78.732 321.0 
78.615 322.0 
78.534 323.0 
78.604 324.0 
78.557 325.0 
78.417 326.0 
78.534 327.0 
78.499 328.0 
78.65 329.0 
78.592 330.0 
78.51 331.0 
78.592 332.0 
78.58 333.0 
78.487 334.0 
78.627 335.0 
78.604 336.0 
78.522 337.0 
78.475 338.0 
78.604 339.0 
78.499 340.0 
78.487 341.0 
78.452 342.0 
78.639 343.0 
78.522 344.0 
78.51 345.0 
78.475 346.0 
78.44 347.0 
78.475 348.0 
78.569 349.0 
78.58 350.0 
78.487 351.0 
78.557 352.0 
78.51 353.0 
78.382 354.0 
78.604 355.0 
78.522 356.0 
78.58 357.0 
78.522 358.0 
78.615 359.0 
78.534 360.0 
78.569 361.0 
78.499 362.0 
78.534 363.0 
78.44 364.0 
78.487 365.0 
78.522 366.0 
78.534 367.0 
78.464 368.0 
78.51 369.0 
78.499 370.0 
78.557 371.0 
78.545 372.0 
78.545 373.0 
78.557 374.0 
78.592 375.0 
78.58 376.0 
78.405 377.0 
78.499 378.0 
78.475 379.0 
78.522 380.0 
78.499 381.0 
78.604 382.0 
78.487 383.0 
78.499 384.0 
78.487 385.0 
78.65 386.0 
78.487 387.0 
78.44 388.0 
78.545 389.0 
78.51 390.0 
78.569 391.0 
78.464 392.0 
78.592 393.0 
78.417 394.0 
78.51 395.0 
78.569 396.0 
78.464 397.0 
78.51 398.0 
78.347 399.0 
78.452 400.0 
78.58 401.0 
78.51 402.0 
78.58 403.0 
78.534 404.0 
78.522 405.0 
78.44 406.0 
78.51 407.0 
78.475 408.0 
78.499 409.0 
78.464 410.0 
78.499 411.0 
78.557 412.0 
78.954 413.0 
78.534 414.0 
78.452 415.0 
78.545 416.0 
78.464 417.0 
78.627 418.0 
78.522 419.0 
78.429 420.0 
78.452 421.0 
78.51 422.0 
78.557 423.0 
78.464 424.0 
78.487 425.0 
78.545 426.0 
78.545 427.0 
78.464 428.0 
78.499 429.0 
78.417 430.0 
78.557 431.0 
78.569 432.0 
78.557 433.0 
78.417 434.0 
78.475 435.0 
78.499 436.0 
78.615 437.0 
78.475 438.0 
78.452 439.0 
78.487 440.0 
78.475 441.0 
78.464 442.0 
78.487 443.0 
78.499 444.0 
78.452 445.0 
78.452 446.0 
78.557 447.0 
78.557 448.0 
78.534 449.0 
78.826 450.0 
78.475 451.0 
78.522 452.0 
78.429 453.0 
78.429 454.0 
78.51 455.0 
78.499 456.0 
78.475 457.0 
78.405 458.0 
78.522 459.0 
78.545 460.0 
78.44 461.0 
78.452 462.0 
78.557 463.0 
78.51 464.0 
78.534 465.0 
78.592 466.0 
78.475 467.0 
78.394 468.0 
78.51 469.0 
78.429 470.0 
78.534 471.0 
78.51 472.0 
78.545 473.0 
78.487 474.0 
78.545 475.0 
78.475 476.0 
78.429 477.0 
78.499 478.0 
78.405 479.0 
78.464 480.0 
78.58 481.0 
78.44 482.0 
78.522 483.0 
78.464 484.0 
78.499 485.0 
78.475 486.0 
78.429 487.0 
78.487 488.0 
78.499 489.0 
78.487 490.0 
78.557 491.0 
78.545 492.0 
78.464 493.0 
78.534 494.0 
78.464 495.0 
78.464 496.0 
78.499 497.0 
78.545 498.0 
78.417 499.0 
78.429 500.0 
78.44 501.0 
78.475 502.0 
78.382 503.0 
78.417 504.0 
78.464 505.0 
78.487 506.0 
78.58 507.0 
78.51 508.0 
78.405 509.0 
78.417 510.0 
78.429 511.0 
78.475 512.0 
78.452 513.0 
78.487 514.0 
78.487 515.0 
78.51 516.0 
78.522 517.0 
78.37 518.0 
78.288 519.0 
78.347 520.0 
78.347 521.0 
78.359 522.0 
78.335 523.0 
78.347 524.0 
78.323 525.0 
78.37 526.0 
78.347 527.0 
78.3 528.0 
78.277 529.0 
78.265 530.0 
78.265 531.0 
78.405 532.0 
78.37 533.0 
78.3 534.0 
78.323 535.0 
78.277 536.0 
78.23 537.0 
78.183 538.0 
78.113 539.0 
78.09 540.0 
78.195 541.0 
78.125 542.0 
78.078 543.0 
78.055 544.0 
78.043 545.0 
77.973 546.0 
78.09 547.0 
78.055 548.0 
77.973 549.0 
77.903 550.0 
77.903 551.0 
77.996 552.0 
77.891 553.0 
77.868 554.0 
77.88 555.0 
77.961 556.0 
77.938 557.0 
77.868 558.0 
77.564 559.0 
77.938 560.0 
77.88 561.0 
77.798 562.0 
77.95 563.0 
77.915 564.0 
77.798 565.0 
77.961 566.0 
78.02 567.0 
77.81 568.0 
77.915 569.0 
77.868 570.0 
77.985 571.0 
77.95 572.0 
77.821 573.0 
77.891 574.0 
77.833 575.0 
77.973 576.0 
77.856 577.0 
77.868 578.0 
77.985 579.0 
77.915 580.0 
77.961 581.0 
77.938 582.0 
77.985 583.0 
77.938 584.0 
78.02 585.0 
77.961 586.0 
77.868 587.0 
77.95 588.0 
77.88 589.0 
77.961 590.0 
77.903 591.0 
77.961 592.0 
77.903 593.0 
77.961 594.0 
77.868 595.0 
77.985 596.0 
77.891 597.0 
77.938 598.0 
77.88 599.0 
77.95 600.0 
78.02 601.0 
77.88 602.0 
77.996 603.0 
77.903 604.0 
77.996 605.0 
77.915 606.0 
77.95 607.0 
77.856 608.0 
77.926 609.0 
78.008 610.0 
77.915 611.0 
77.973 612.0 
77.891 613.0 
77.915 614.0 
77.856 615.0 
77.95 616.0 
77.985 617.0 
77.868 618.0 
77.926 619.0 
77.529 620.0 
77.903 621.0 
77.926 622.0 
77.845 623.0 
77.915 624.0 
77.985 625.0 
77.833 626.0 
77.938 627.0 
78.008 628.0 
77.891 629.0 
77.926 630.0 
78.02 631.0 
77.845 632.0 
77.926 633.0 
78.02 634.0 
77.88 635.0 
77.926 636.0 
77.985 637.0 
77.88 638.0 
77.926 639.0 
77.996 640.0 
77.845 641.0 
77.903 642.0 
77.973 643.0 
77.845 644.0 
77.926 645.0 
77.961 646.0 
78.031 647.0 
77.868 648.0 
77.891 649.0 
77.973 650.0 
77.81 651.0 
77.903 652.0 
77.915 653.0 
77.996 654.0 
77.833 655.0 
77.868 656.0 
77.88 657.0 
77.961 658.0 
77.88 659.0 
77.938 660.0 
77.961 661.0 
78.02 662.0 
77.81 663.0 
77.938 664.0 
77.95 665.0 
78.02 666.0 
77.891 667.0 
77.903 668.0 
77.961 669.0 
77.973 670.0 
77.868 671.0 
77.891 672.0 
77.915 673.0 
77.961 674.0 
77.996 675.0 
77.81 676.0 
77.88 677.0 
77.915 678.0 
77.915 679.0 
77.996 680.0 
77.88 681.0 
77.833 682.0 
77.915 683.0 
77.95 684.0 
77.996 685.0 
78.055 686.0 
77.88 687.0 
77.915 688.0 
77.915 689.0 
77.973 690.0 
77.996 691.0 
77.996 692.0 
77.81 693.0 
77.856 694.0 
77.88 695.0 
77.95 696.0 
77.961 697.0 
77.915 698.0 
77.599 699.0 
77.833 700.0 
77.856 701.0 
77.868 702.0 
77.938 703.0 
77.95 704.0 
78.008 705.0 
78.02 706.0 
77.798 707.0 
77.88 708.0 
77.868 709.0 
77.903 710.0 
77.95 711.0 
77.938 712.0 
77.985 713.0 
77.973 714.0 
78.02 715.0 
77.856 716.0 
77.868 717.0 
77.868 718.0 
77.891 719.0 
77.915 720.0 
77.938 721.0 
77.915 722.0 
77.996 723.0 
78.02 724.0 
78.031 725.0 
77.833 726.0 
77.856 727.0 
77.856 728.0 
77.868 729.0 
77.926 730.0 
77.938 731.0 
77.903 732.0 
77.938 733.0 
77.973 734.0 
77.95 735.0 
77.95 736.0 
77.985 737.0 
77.973 738.0 
77.471 739.0 
77.81 740.0 
77.786 741.0 
77.81 742.0 
77.81 743.0 
77.856 744.0 
77.868 745.0 
77.868 746.0 
77.868 747.0 
77.88 748.0 
77.845 749.0 
77.856 750.0 
77.868 751.0 
77.926 752.0 
77.88 753.0 
77.903 754.0 
77.891 755.0 
77.926 756.0 
77.915 757.0 
77.926 758.0 
77.926 759.0 
77.915 760.0 
77.915 761.0 
77.961 762.0 
77.95 763.0 
77.938 764.0 
77.95 765.0 
77.926 766.0 
77.926 767.0 
77.961 768.0 
77.938 769.0 
77.903 770.0 
77.961 771.0 
77.938 772.0 
77.926 773.0 
77.915 774.0 
77.926 775.0 
77.961 776.0 
77.903 777.0 
77.915 778.0 
77.915 779.0 
77.961 780.0 
77.95 781.0 
77.926 782.0 
77.915 783.0 
77.926 784.0 
77.938 785.0 
77.95 786.0 
77.95 787.0 
77.926 788.0 
77.926 789.0 
77.926 790.0 
77.926 791.0 
77.938 792.0 
77.926 793.0 
77.926 794.0 
77.926 795.0 
77.95 796.0 
77.891 797.0 
77.915 798.0 
77.938 799.0 
77.926 800.0 
77.926 801.0 
77.903 802.0 
77.95 803.0 
77.915 804.0 
0.006 805.0 
0.0 806.0 
-0.006 807.0 
0.005 808.0 
-0.004 809.0 
-0.005 810.0 
-0.01 811.0 
-0.013 812.0 
-0.01 813.0 
-0.02 814.0 
-0.02 815.0 
-0.007 816.0 
-0.016 817.0 
-0.026 818.0 
-0.024 819.0 
-0.02 820.0 
-0.022 821.0 
-0.031 822.0 
-0.023 823.0 
-0.018 824.0 
-0.023 825.0 
-0.025 826.0 
-0.019 827.0 
-0.014 828.0 
-0.019 829.0 
