-0.032 257.0 
-0.047 258.0 
-0.077 259.0 
-0.046 260.0 
-0.042 261.0 
-0.03 262.0 
-0.038 263.0 
-0.034 264.0 
-0.032 265.0 
-0.017 266.0 
-0.038 267.0 
-0.031 268.0 
-0.043 269.0 
-0.044 270.0 
-0.016 271.0 
-0.029 272.0 
-0.034 273.0 
-0.047 274.0 
137.901 275.0 
135.273 276.0 
134.024 277.0 
132.727 278.0 
131.244 279.0 
129.55 280.0 
128.032 281.0 
125.953 282.0 
123.056 283.0 
122.029 284.0 
121.678 285.0 
121.421 286.0 
121.293 287.0 
121.059 288.0 
120.826 289.0 
120.242 290.0 
120.172 291.0 
120.008 292.0 
119.856 293.0 
119.821 294.0 
119.296 295.0 
119.214 296.0 
119.19 297.0 
118.712 298.0 
118.525 299.0 
118.513 300.0 
118.011 301.0 
117.952 302.0 
117.415 303.0 
117.345 304.0 
117.217 305.0 
116.586 306.0 
115.383 307.0 
113.129 308.0 
110.653 309.0 
107.172 310.0 
103.937 311.0 
100.141 312.0 
96.345 313.0 
92.397 314.0 
88.625 315.0 
84.759 316.0 
81.454 317.0 
78.931 318.0 
78.837 319.0 
78.639 320.0 
78.51 321.0 
78.487 322.0 
78.359 323.0 
78.394 324.0 
78.429 325.0 
78.253 326.0 
78.37 327.0 
78.277 328.0 
78.475 329.0 
78.429 330.0 
78.3 331.0 
78.592 332.0 
78.37 333.0 
78.312 334.0 
78.359 335.0 
78.359 336.0 
78.394 337.0 
78.277 338.0 
78.452 339.0 
78.312 340.0 
78.382 341.0 
78.347 342.0 
77.915 343.0 
78.3 344.0 
78.3 345.0 
78.3 346.0 
78.3 347.0 
78.335 348.0 
78.37 349.0 
78.382 350.0 
78.323 351.0 
78.37 352.0 
78.288 353.0 
78.242 354.0 
78.3 355.0 
78.37 356.0 
78.452 357.0 
78.347 358.0 
78.429 359.0 
78.359 360.0 
78.394 361.0 
78.335 362.0 
78.335 363.0 
78.277 364.0 
78.3 365.0 
78.312 366.0 
78.335 367.0 
78.288 368.0 
78.312 369.0 
78.312 370.0 
78.323 371.0 
78.359 372.0 
78.394 373.0 
78.382 374.0 
78.394 375.0 
78.639 376.0 
78.265 377.0 
78.3 378.0 
78.312 379.0 
78.347 380.0 
78.312 381.0 
78.44 382.0 
78.323 383.0 
78.323 384.0 
78.312 385.0 
78.417 386.0 
78.312 387.0 
78.23 388.0 
78.312 389.0 
78.335 390.0 
78.312 391.0 
78.312 392.0 
78.382 393.0 
78.277 394.0 
78.359 395.0 
78.44 396.0 
78.265 397.0 
78.323 398.0 
78.218 399.0 
78.253 400.0 
78.382 401.0 
78.347 402.0 
78.405 403.0 
78.37 404.0 
78.335 405.0 
78.277 406.0 
78.335 407.0 
78.265 408.0 
78.323 409.0 
78.242 410.0 
78.312 411.0 
78.347 412.0 
78.861 413.0 
78.37 414.0 
78.323 415.0 
78.335 416.0 
78.265 417.0 
78.429 418.0 
78.37 419.0 
78.277 420.0 
78.323 421.0 
78.335 422.0 
78.347 423.0 
78.288 424.0 
78.277 425.0 
78.335 426.0 
78.359 427.0 
78.288 428.0 
78.323 429.0 
78.265 430.0 
78.335 431.0 
78.323 432.0 
78.359 433.0 
78.242 434.0 
78.3 435.0 
78.312 436.0 
78.347 437.0 
78.253 438.0 
78.277 439.0 
78.3 440.0 
78.312 441.0 
78.277 442.0 
78.3 443.0 
78.277 444.0 
78.242 445.0 
78.277 446.0 
78.394 447.0 
78.382 448.0 
78.323 449.0 
78.639 450.0 
78.312 451.0 
78.312 452.0 
78.265 453.0 
78.242 454.0 
78.347 455.0 
78.172 456.0 
78.3 457.0 
78.288 458.0 
78.37 459.0 
78.37 460.0 
78.335 461.0 
78.277 462.0 
78.347 463.0 
78.312 464.0 
78.277 465.0 
78.359 466.0 
78.3 467.0 
78.218 468.0 
78.347 469.0 
78.277 470.0 
78.253 471.0 
78.3 472.0 
78.335 473.0 
78.323 474.0 
78.359 475.0 
78.312 476.0 
78.242 477.0 
78.265 478.0 
78.218 479.0 
78.323 480.0 
78.394 481.0 
78.3 482.0 
78.37 483.0 
78.265 484.0 
78.277 485.0 
78.265 486.0 
78.218 487.0 
78.347 488.0 
78.253 489.0 
78.265 490.0 
78.323 491.0 
78.288 492.0 
78.3 493.0 
78.382 494.0 
78.277 495.0 
78.23 496.0 
78.335 497.0 
78.359 498.0 
78.242 499.0 
78.23 500.0 
78.3 501.0 
78.347 502.0 
78.207 503.0 
78.242 504.0 
78.253 505.0 
78.265 506.0 
78.265 507.0 
78.394 508.0 
78.195 509.0 
78.23 510.0 
78.242 511.0 
78.265 512.0 
78.253 513.0 
78.312 514.0 
78.3 515.0 
78.335 516.0 
78.615 517.0 
78.137 518.0 
78.16 519.0 
78.207 520.0 
78.207 521.0 
78.183 522.0 
78.16 523.0 
78.172 524.0 
78.183 525.0 
78.16 526.0 
78.183 527.0 
78.102 528.0 
78.148 529.0 
78.102 530.0 
78.137 531.0 
78.265 532.0 
78.172 533.0 
78.218 534.0 
78.16 535.0 
78.148 536.0 
78.125 537.0 
78.043 538.0 
77.996 539.0 
77.985 540.0 
78.09 541.0 
78.067 542.0 
77.996 543.0 
77.95 544.0 
77.915 545.0 
77.868 546.0 
77.985 547.0 
77.926 548.0 
77.868 549.0 
77.833 550.0 
77.751 551.0 
77.891 552.0 
77.845 553.0 
77.775 554.0 
77.81 555.0 
77.903 556.0 
77.856 557.0 
77.775 558.0 
77.529 559.0 
77.88 560.0 
77.775 561.0 
77.751 562.0 
77.856 563.0 
77.775 564.0 
77.681 565.0 
77.856 566.0 
77.891 567.0 
77.728 568.0 
77.856 569.0 
77.786 570.0 
77.868 571.0 
77.751 572.0 
77.728 573.0 
77.81 574.0 
77.821 575.0 
77.891 576.0 
77.798 577.0 
77.798 578.0 
77.88 579.0 
77.798 580.0 
77.88 581.0 
77.845 582.0 
77.856 583.0 
77.856 584.0 
77.938 585.0 
77.88 586.0 
77.751 587.0 
77.88 588.0 
77.786 589.0 
77.845 590.0 
77.786 591.0 
77.833 592.0 
77.786 593.0 
77.856 594.0 
77.775 595.0 
77.821 596.0 
77.798 597.0 
77.868 598.0 
77.786 599.0 
77.891 600.0 
77.95 601.0 
77.845 602.0 
77.903 603.0 
77.81 604.0 
77.88 605.0 
77.763 606.0 
77.856 607.0 
77.763 608.0 
77.821 609.0 
77.891 610.0 
77.81 611.0 
77.88 612.0 
77.775 613.0 
77.88 614.0 
77.751 615.0 
77.833 616.0 
77.88 617.0 
77.775 618.0 
77.88 619.0 
77.553 620.0 
77.845 621.0 
77.856 622.0 
77.786 623.0 
77.81 624.0 
77.891 625.0 
77.763 626.0 
77.856 627.0 
77.891 628.0 
77.798 629.0 
77.845 630.0 
77.926 631.0 
77.728 632.0 
77.88 633.0 
77.903 634.0 
77.81 635.0 
77.868 636.0 
77.903 637.0 
77.81 638.0 
77.833 639.0 
77.926 640.0 
77.775 641.0 
77.833 642.0 
77.915 643.0 
77.763 644.0 
77.798 645.0 
77.845 646.0 
77.891 647.0 
77.775 648.0 
77.798 649.0 
77.891 650.0 
77.763 651.0 
77.798 652.0 
77.833 653.0 
77.926 654.0 
77.763 655.0 
77.821 656.0 
77.833 657.0 
77.891 658.0 
77.775 659.0 
77.856 660.0 
77.891 661.0 
77.926 662.0 
77.739 663.0 
77.821 664.0 
77.856 665.0 
77.891 666.0 
77.775 667.0 
77.821 668.0 
77.868 669.0 
77.926 670.0 
77.786 671.0 
77.821 672.0 
77.81 673.0 
77.891 674.0 
77.915 675.0 
77.763 676.0 
77.798 677.0 
77.845 678.0 
77.833 679.0 
77.891 680.0 
77.739 681.0 
77.775 682.0 
77.81 683.0 
77.845 684.0 
77.903 685.0 
77.926 686.0 
77.751 687.0 
77.798 688.0 
77.821 689.0 
77.845 690.0 
77.891 691.0 
77.891 692.0 
77.775 693.0 
77.786 694.0 
77.81 695.0 
77.856 696.0 
77.845 697.0 
77.891 698.0 
77.518 699.0 
77.751 700.0 
77.81 701.0 
77.833 702.0 
77.856 703.0 
77.833 704.0 
77.868 705.0 
77.903 706.0 
77.739 707.0 
77.751 708.0 
77.798 709.0 
77.81 710.0 
77.845 711.0 
77.833 712.0 
77.903 713.0 
77.903 714.0 
77.926 715.0 
77.763 716.0 
77.751 717.0 
77.786 718.0 
77.798 719.0 
77.833 720.0 
77.856 721.0 
77.88 722.0 
77.891 723.0 
77.903 724.0 
77.938 725.0 
77.739 726.0 
77.739 727.0 
77.763 728.0 
77.751 729.0 
77.763 730.0 
77.786 731.0 
77.833 732.0 
77.833 733.0 
77.88 734.0 
77.903 735.0 
77.88 736.0 
77.926 737.0 
77.926 738.0 
77.658 739.0 
77.728 740.0 
77.739 741.0 
77.775 742.0 
77.739 743.0 
77.751 744.0 
77.763 745.0 
77.763 746.0 
77.751 747.0 
77.751 748.0 
77.786 749.0 
77.775 750.0 
77.798 751.0 
77.775 752.0 
77.833 753.0 
77.81 754.0 
77.798 755.0 
77.786 756.0 
77.845 757.0 
77.868 758.0 
77.833 759.0 
77.845 760.0 
77.845 761.0 
77.81 762.0 
77.833 763.0 
77.845 764.0 
77.833 765.0 
77.833 766.0 
77.856 767.0 
77.856 768.0 
77.868 769.0 
77.856 770.0 
77.845 771.0 
77.845 772.0 
77.821 773.0 
77.856 774.0 
77.868 775.0 
77.856 776.0 
77.833 777.0 
77.868 778.0 
77.833 779.0 
77.845 780.0 
77.833 781.0 
77.868 782.0 
77.845 783.0 
77.81 784.0 
77.856 785.0 
77.833 786.0 
77.833 787.0 
77.856 788.0 
77.821 789.0 
77.845 790.0 
77.845 791.0 
77.845 792.0 
77.833 793.0 
77.868 794.0 
77.833 795.0 
77.845 796.0 
77.868 797.0 
77.833 798.0 
77.821 799.0 
77.821 800.0 
77.81 801.0 
77.856 802.0 
77.845 803.0 
77.856 804.0 
0.005 805.0 
0.002 806.0 
-0.004 807.0 
-0.001 808.0 
-0.001 809.0 
0.0 810.0 
-0.001 811.0 
0.001 812.0 
0.001 813.0 
-0.007 814.0 
-0.006 815.0 
-0.001 816.0 
-0.004 817.0 
-0.011 818.0 
-0.013 819.0 
-0.011 820.0 
-0.017 821.0 
-0.017 822.0 
-0.019 823.0 
-0.017 824.0 
-0.022 825.0 
-0.024 826.0 
-0.019 827.0 
-0.016 828.0 
-0.034 829.0 
