-0.04 257.0 
-0.035 258.0 
-0.034 259.0 
-0.055 260.0 
-0.02 261.0 
-0.035 262.0 
-0.06 263.0 
-0.038 264.0 
-0.005 265.0 
-0.019 266.0 
-0.028 267.0 
-0.035 268.0 
-0.032 269.0 
-0.022 270.0 
-0.018 271.0 
-0.028 272.0 
-0.026 273.0 
-0.043 274.0 
141.79 275.0 
139.069 276.0 
137.586 277.0 
135.799 278.0 
133.72 279.0 
131.267 280.0 
129.41 281.0 
126.981 282.0 
123.477 283.0 
122.145 284.0 
121.702 285.0 
121.339 286.0 
121.141 287.0 
120.884 288.0 
120.685 289.0 
120.277 290.0 
119.926 291.0 
119.716 292.0 
119.482 293.0 
119.319 294.0 
118.898 295.0 
118.793 296.0 
118.758 297.0 
118.221 298.0 
117.976 299.0 
117.929 300.0 
117.403 301.0 
117.298 302.0 
116.784 303.0 
116.714 304.0 
116.539 305.0 
115.862 306.0 
114.437 307.0 
111.949 308.0 
109.029 309.0 
105.28 310.0 
101.729 311.0 
97.712 312.0 
93.974 313.0 
90.225 314.0 
86.791 315.0 
83.287 316.0 
80.04 317.0 
77.342 318.0 
77.226 319.0 
77.004 320.0 
76.84 321.0 
76.864 322.0 
76.747 323.0 
76.805 324.0 
76.758 325.0 
76.653 326.0 
76.747 327.0 
76.63 328.0 
76.84 329.0 
76.723 330.0 
76.723 331.0 
77.132 332.0 
76.723 333.0 
76.677 334.0 
76.688 335.0 
76.758 336.0 
76.735 337.0 
76.63 338.0 
76.793 339.0 
76.688 340.0 
76.7 341.0 
76.63 342.0 
76.747 343.0 
76.7 344.0 
76.7 345.0 
76.63 346.0 
76.653 347.0 
76.653 348.0 
76.735 349.0 
76.688 350.0 
76.7 351.0 
76.712 352.0 
76.653 353.0 
76.583 354.0 
76.77 355.0 
76.688 356.0 
76.747 357.0 
76.712 358.0 
76.747 359.0 
76.677 360.0 
76.735 361.0 
76.653 362.0 
76.7 363.0 
76.63 364.0 
76.7 365.0 
76.7 366.0 
76.712 367.0 
76.653 368.0 
76.688 369.0 
76.688 370.0 
76.747 371.0 
76.735 372.0 
76.712 373.0 
76.77 374.0 
76.747 375.0 
77.144 376.0 
76.63 377.0 
76.677 378.0 
76.7 379.0 
76.677 380.0 
76.688 381.0 
76.782 382.0 
76.688 383.0 
76.7 384.0 
76.677 385.0 
76.735 386.0 
76.63 387.0 
76.653 388.0 
76.688 389.0 
76.712 390.0 
76.712 391.0 
76.665 392.0 
76.747 393.0 
76.607 394.0 
76.688 395.0 
76.758 396.0 
76.63 397.0 
76.712 398.0 
76.665 399.0 
76.63 400.0 
76.735 401.0 
76.688 402.0 
76.758 403.0 
76.735 404.0 
76.688 405.0 
76.618 406.0 
76.7 407.0 
76.653 408.0 
76.712 409.0 
76.595 410.0 
76.735 411.0 
76.758 412.0 
77.226 413.0 
76.77 414.0 
76.677 415.0 
76.735 416.0 
76.63 417.0 
76.747 418.0 
76.7 419.0 
76.642 420.0 
76.677 421.0 
76.688 422.0 
76.747 423.0 
76.653 424.0 
76.677 425.0 
76.723 426.0 
76.735 427.0 
76.665 428.0 
76.665 429.0 
76.63 430.0 
76.712 431.0 
76.723 432.0 
76.735 433.0 
76.63 434.0 
76.653 435.0 
76.688 436.0 
76.805 437.0 
76.536 438.0 
76.618 439.0 
76.618 440.0 
76.665 441.0 
76.642 442.0 
76.665 443.0 
76.665 444.0 
76.653 445.0 
76.63 446.0 
76.735 447.0 
76.712 448.0 
76.712 449.0 
77.015 450.0 
76.7 451.0 
76.653 452.0 
76.607 453.0 
76.595 454.0 
76.677 455.0 
76.712 456.0 
76.63 457.0 
76.642 458.0 
76.7 459.0 
76.688 460.0 
76.677 461.0 
76.618 462.0 
76.735 463.0 
76.712 464.0 
76.677 465.0 
76.723 466.0 
76.688 467.0 
76.642 468.0 
76.712 469.0 
76.642 470.0 
76.665 471.0 
76.642 472.0 
76.618 473.0 
76.677 474.0 
76.758 475.0 
76.677 476.0 
76.642 477.0 
76.653 478.0 
76.572 479.0 
76.665 480.0 
76.735 481.0 
76.688 482.0 
76.747 483.0 
76.595 484.0 
76.688 485.0 
76.607 486.0 
76.618 487.0 
76.712 488.0 
76.653 489.0 
76.677 490.0 
76.723 491.0 
76.7 492.0 
76.688 493.0 
76.735 494.0 
76.618 495.0 
76.595 496.0 
76.677 497.0 
76.712 498.0 
76.618 499.0 
76.63 500.0 
76.665 501.0 
76.677 502.0 
76.572 503.0 
76.642 504.0 
76.653 505.0 
76.665 506.0 
76.548 507.0 
76.782 508.0 
76.618 509.0 
76.618 510.0 
76.63 511.0 
76.653 512.0 
76.665 513.0 
76.642 514.0 
76.688 515.0 
76.665 516.0 
76.98 517.0 
76.466 518.0 
76.536 519.0 
76.56 520.0 
76.607 521.0 
76.572 522.0 
76.607 523.0 
76.595 524.0 
76.595 525.0 
76.572 526.0 
76.56 527.0 
76.513 528.0 
76.513 529.0 
76.501 530.0 
76.513 531.0 
76.63 532.0 
76.607 533.0 
76.56 534.0 
76.548 535.0 
76.501 536.0 
76.455 537.0 
76.338 538.0 
76.373 539.0 
76.303 540.0 
76.455 541.0 
76.291 542.0 
76.315 543.0 
76.28 544.0 
76.245 545.0 
76.221 546.0 
76.338 547.0 
76.268 548.0 
76.209 549.0 
76.151 550.0 
76.081 551.0 
76.268 552.0 
76.163 553.0 
76.163 554.0 
76.139 555.0 
76.221 556.0 
76.151 557.0 
76.128 558.0 
75.719 559.0 
76.186 560.0 
76.139 561.0 
76.069 562.0 
76.233 563.0 
76.163 564.0 
76.069 565.0 
76.198 566.0 
76.198 567.0 
76.093 568.0 
76.186 569.0 
76.128 570.0 
76.256 571.0 
76.163 572.0 
76.081 573.0 
76.186 574.0 
76.139 575.0 
76.221 576.0 
76.116 577.0 
76.151 578.0 
76.245 579.0 
76.186 580.0 
76.28 581.0 
76.198 582.0 
76.268 583.0 
76.209 584.0 
75.929 585.0 
76.221 586.0 
76.151 587.0 
76.198 588.0 
76.174 589.0 
76.268 590.0 
76.151 591.0 
76.221 592.0 
76.151 593.0 
76.198 594.0 
76.116 595.0 
76.198 596.0 
76.151 597.0 
76.174 598.0 
76.116 599.0 
76.233 600.0 
76.268 601.0 
76.163 602.0 
76.268 603.0 
76.186 604.0 
76.291 605.0 
76.139 606.0 
76.221 607.0 
76.104 608.0 
76.221 609.0 
76.291 610.0 
76.163 611.0 
76.268 612.0 
76.151 613.0 
76.233 614.0 
76.093 615.0 
76.198 616.0 
76.221 617.0 
76.093 618.0 
76.221 619.0 
75.964 620.0 
76.163 621.0 
76.209 622.0 
76.128 623.0 
76.198 624.0 
76.291 625.0 
76.116 626.0 
76.198 627.0 
76.256 628.0 
76.186 629.0 
76.174 630.0 
76.315 631.0 
76.093 632.0 
76.221 633.0 
76.501 634.0 
76.116 635.0 
76.186 636.0 
76.256 637.0 
76.163 638.0 
76.174 639.0 
76.221 640.0 
76.139 641.0 
76.128 642.0 
76.221 643.0 
76.104 644.0 
76.139 645.0 
76.221 646.0 
76.233 647.0 
76.139 648.0 
76.198 649.0 
76.256 650.0 
76.116 651.0 
76.093 652.0 
76.174 653.0 
76.245 654.0 
76.116 655.0 
76.151 656.0 
76.174 657.0 
76.268 658.0 
76.128 659.0 
76.186 660.0 
76.221 661.0 
76.174 662.0 
76.093 663.0 
76.186 664.0 
76.198 665.0 
76.28 666.0 
76.139 667.0 
76.151 668.0 
76.221 669.0 
76.268 670.0 
76.116 671.0 
76.151 672.0 
76.198 673.0 
76.221 674.0 
76.186 675.0 
76.128 676.0 
76.151 677.0 
76.209 678.0 
76.209 679.0 
76.221 680.0 
76.116 681.0 
76.139 682.0 
76.163 683.0 
76.209 684.0 
76.186 685.0 
76.28 686.0 
76.093 687.0 
76.139 688.0 
76.186 689.0 
76.221 690.0 
76.245 691.0 
76.303 692.0 
76.093 693.0 
76.128 694.0 
76.174 695.0 
76.186 696.0 
76.151 697.0 
76.233 698.0 
76.034 699.0 
76.104 700.0 
76.151 701.0 
76.163 702.0 
76.209 703.0 
76.221 704.0 
76.186 705.0 
76.28 706.0 
76.093 707.0 
76.093 708.0 
76.116 709.0 
76.174 710.0 
76.174 711.0 
76.221 712.0 
76.245 713.0 
76.245 714.0 
76.023 715.0 
76.069 716.0 
76.046 717.0 
76.128 718.0 
76.174 719.0 
76.139 720.0 
76.186 721.0 
76.209 722.0 
76.233 723.0 
76.245 724.0 
76.28 725.0 
76.104 726.0 
76.093 727.0 
76.151 728.0 
76.128 729.0 
76.186 730.0 
76.209 731.0 
76.186 732.0 
76.174 733.0 
76.221 734.0 
76.209 735.0 
76.268 736.0 
76.233 737.0 
76.245 738.0 
76.069 739.0 
76.093 740.0 
76.104 741.0 
76.069 742.0 
76.081 743.0 
76.128 744.0 
76.116 745.0 
76.151 746.0 
76.139 747.0 
76.128 748.0 
76.163 749.0 
76.151 750.0 
76.139 751.0 
76.163 752.0 
76.174 753.0 
76.163 754.0 
76.163 755.0 
76.116 756.0 
76.198 757.0 
76.174 758.0 
76.233 759.0 
76.198 760.0 
76.198 761.0 
76.186 762.0 
76.209 763.0 
76.186 764.0 
76.198 765.0 
76.221 766.0 
76.198 767.0 
76.198 768.0 
76.198 769.0 
76.221 770.0 
76.221 771.0 
76.209 772.0 
76.186 773.0 
76.209 774.0 
76.174 775.0 
76.174 776.0 
76.186 777.0 
76.186 778.0 
76.209 779.0 
76.186 780.0 
76.163 781.0 
76.174 782.0 
76.198 783.0 
76.163 784.0 
76.186 785.0 
76.174 786.0 
76.198 787.0 
76.163 788.0 
76.186 789.0 
76.198 790.0 
76.198 791.0 
76.221 792.0 
76.163 793.0 
76.186 794.0 
76.198 795.0 
76.233 796.0 
76.163 797.0 
76.198 798.0 
76.186 799.0 
76.186 800.0 
76.198 801.0 
76.186 802.0 
76.209 803.0 
76.174 804.0 
0.002 805.0 
0.01 806.0 
0.004 807.0 
0.0 808.0 
-0.004 809.0 
-0.001 810.0 
0.007 811.0 
0.0 812.0 
-0.002 813.0 
-0.012 814.0 
-0.008 815.0 
-0.005 816.0 
-0.006 817.0 
-0.011 818.0 
-0.004 819.0 
-0.002 820.0 
-0.011 821.0 
-0.013 822.0 
-0.017 823.0 
-0.016 824.0 
-0.011 825.0 
-0.013 826.0 
-0.011 827.0 
-0.022 828.0 
-0.023 829.0 
