-0.042 257.0 
-0.023 258.0 
-0.026 259.0 
-0.029 260.0 
-0.053 261.0 
-0.037 262.0 
-0.047 263.0 
-0.032 264.0 
-0.053 265.0 
-0.14 266.0 
-0.059 267.0 
-0.03 268.0 
-0.036 269.0 
-0.038 270.0 
-0.041 271.0 
-0.035 272.0 
-0.043 273.0 
-0.032 274.0 
146.953 275.0 
144.138 276.0 
143.029 277.0 
141.066 278.0 
138.871 279.0 
135.974 280.0 
133.65 281.0 
130.975 282.0 
126.467 283.0 
124.47 284.0 
124.096 285.0 
123.827 286.0 
123.605 287.0 
123.407 288.0 
123.115 289.0 
122.472 290.0 
122.367 291.0 
122.169 292.0 
122.017 293.0 
121.503 294.0 
121.445 295.0 
121.316 296.0 
121.269 297.0 
120.779 298.0 
120.615 299.0 
120.253 300.0 
120.031 301.0 
119.95 302.0 
119.424 303.0 
119.389 304.0 
119.039 305.0 
118.606 306.0 
117.31 307.0 
114.834 308.0 
112.078 309.0 
108.387 310.0 
104.661 311.0 
100.596 312.0 
96.614 313.0 
92.561 314.0 
88.707 315.0 
84.794 316.0 
81.208 317.0 
78.3 318.0 
77.88 319.0 
77.926 320.0 
77.751 321.0 
77.833 322.0 
77.669 323.0 
77.739 324.0 
77.658 325.0 
77.611 326.0 
77.681 327.0 
77.576 328.0 
77.693 329.0 
77.716 330.0 
77.599 331.0 
77.704 332.0 
77.681 333.0 
77.623 334.0 
77.529 335.0 
77.658 336.0 
77.681 337.0 
77.576 338.0 
77.623 339.0 
77.611 340.0 
77.646 341.0 
77.634 342.0 
77.611 343.0 
77.634 344.0 
77.646 345.0 
77.576 346.0 
77.576 347.0 
77.541 348.0 
77.669 349.0 
77.669 350.0 
77.646 351.0 
77.658 352.0 
77.623 353.0 
77.553 354.0 
77.564 355.0 
77.646 356.0 
77.693 357.0 
77.611 358.0 
77.704 359.0 
77.646 360.0 
77.716 361.0 
77.623 362.0 
77.646 363.0 
77.611 364.0 
77.611 365.0 
77.634 366.0 
77.658 367.0 
77.576 368.0 
77.634 369.0 
77.646 370.0 
77.669 371.0 
77.658 372.0 
77.669 373.0 
77.681 374.0 
77.915 375.0 
77.669 376.0 
77.611 377.0 
77.623 378.0 
77.634 379.0 
77.599 380.0 
77.658 381.0 
77.576 382.0 
77.611 383.0 
77.646 384.0 
77.623 385.0 
77.693 386.0 
77.588 387.0 
77.564 388.0 
77.658 389.0 
77.973 390.0 
77.658 391.0 
77.634 392.0 
77.693 393.0 
77.588 394.0 
77.634 395.0 
77.716 396.0 
77.588 397.0 
77.681 398.0 
77.506 399.0 
77.564 400.0 
77.775 401.0 
77.669 402.0 
77.704 403.0 
77.693 404.0 
77.646 405.0 
77.599 406.0 
77.623 407.0 
77.599 408.0 
77.634 409.0 
77.599 410.0 
77.634 411.0 
77.669 412.0 
77.739 413.0 
77.704 414.0 
77.611 415.0 
77.646 416.0 
77.588 417.0 
77.634 418.0 
77.658 419.0 
77.553 420.0 
77.611 421.0 
77.868 422.0 
77.716 423.0 
77.599 424.0 
77.623 425.0 
77.658 426.0 
77.669 427.0 
77.588 428.0 
77.611 429.0 
77.646 430.0 
77.646 431.0 
77.681 432.0 
77.669 433.0 
77.529 434.0 
77.588 435.0 
77.623 436.0 
77.669 437.0 
77.611 438.0 
77.599 439.0 
77.564 440.0 
77.553 441.0 
77.611 442.0 
77.623 443.0 
77.611 444.0 
77.588 445.0 
77.564 446.0 
77.728 447.0 
77.681 448.0 
77.95 449.0 
77.739 450.0 
77.623 451.0 
77.669 452.0 
77.564 453.0 
77.518 454.0 
77.623 455.0 
77.401 456.0 
77.611 457.0 
77.576 458.0 
77.634 459.0 
77.669 460.0 
77.669 461.0 
77.599 462.0 
77.693 463.0 
77.564 464.0 
77.611 465.0 
77.669 466.0 
77.623 467.0 
77.588 468.0 
77.658 469.0 
77.611 470.0 
77.553 471.0 
77.634 472.0 
77.483 473.0 
77.611 474.0 
77.704 475.0 
77.623 476.0 
77.553 477.0 
77.623 478.0 
77.576 479.0 
77.646 480.0 
77.681 481.0 
77.611 482.0 
77.669 483.0 
77.611 484.0 
77.634 485.0 
77.588 486.0 
77.611 487.0 
77.658 488.0 
77.623 489.0 
77.576 490.0 
77.669 491.0 
77.611 492.0 
77.611 493.0 
77.693 494.0 
77.553 495.0 
77.588 496.0 
77.646 497.0 
77.669 498.0 
77.529 499.0 
77.576 500.0 
77.588 501.0 
77.646 502.0 
77.518 503.0 
77.553 504.0 
77.588 505.0 
77.588 506.0 
77.529 507.0 
77.588 508.0 
77.448 509.0 
77.553 510.0 
77.576 511.0 
77.611 512.0 
77.588 513.0 
77.623 514.0 
77.646 515.0 
77.506 516.0 
77.95 517.0 
77.459 518.0 
77.518 519.0 
77.483 520.0 
77.553 521.0 
77.529 522.0 
77.529 523.0 
77.518 524.0 
77.529 525.0 
77.506 526.0 
77.448 527.0 
77.483 528.0 
77.448 529.0 
77.471 530.0 
77.448 531.0 
77.599 532.0 
77.938 533.0 
77.471 534.0 
77.506 535.0 
77.459 536.0 
77.424 537.0 
77.331 538.0 
77.284 539.0 
77.261 540.0 
77.389 541.0 
77.331 542.0 
77.284 543.0 
77.237 544.0 
77.132 545.0 
77.132 546.0 
77.284 547.0 
77.156 548.0 
77.179 549.0 
77.132 550.0 
77.085 551.0 
77.191 552.0 
77.156 553.0 
77.097 554.0 
77.027 555.0 
77.167 556.0 
77.132 557.0 
77.085 558.0 
76.887 559.0 
77.12 560.0 
77.109 561.0 
77.039 562.0 
77.156 563.0 
77.074 564.0 
77.039 565.0 
77.144 566.0 
77.097 567.0 
77.015 568.0 
77.097 569.0 
77.085 570.0 
77.179 571.0 
77.132 572.0 
77.015 573.0 
77.132 574.0 
77.074 575.0 
77.623 576.0 
77.074 577.0 
77.074 578.0 
77.202 579.0 
77.109 580.0 
77.202 581.0 
77.132 582.0 
77.226 583.0 
77.167 584.0 
76.91 585.0 
77.167 586.0 
77.097 587.0 
77.156 588.0 
77.085 589.0 
77.179 590.0 
77.085 591.0 
77.179 592.0 
77.085 593.0 
77.156 594.0 
77.074 595.0 
77.156 596.0 
77.062 597.0 
77.109 598.0 
77.062 599.0 
77.12 600.0 
77.249 601.0 
77.085 602.0 
77.226 603.0 
77.074 604.0 
77.179 605.0 
77.074 606.0 
77.144 607.0 
77.062 608.0 
77.144 609.0 
77.214 610.0 
77.109 611.0 
77.202 612.0 
77.085 613.0 
77.085 614.0 
77.062 615.0 
77.074 616.0 
77.191 617.0 
77.074 618.0 
77.167 619.0 
76.969 620.0 
77.12 621.0 
77.156 622.0 
77.085 623.0 
77.12 624.0 
77.214 625.0 
77.05 626.0 
77.132 627.0 
77.214 628.0 
77.097 629.0 
77.132 630.0 
77.226 631.0 
77.097 632.0 
77.191 633.0 
77.354 634.0 
77.097 635.0 
77.191 636.0 
77.214 637.0 
77.097 638.0 
77.085 639.0 
77.214 640.0 
77.097 641.0 
77.132 642.0 
77.191 643.0 
77.039 644.0 
77.109 645.0 
77.179 646.0 
77.226 647.0 
77.062 648.0 
77.144 649.0 
77.191 650.0 
77.039 651.0 
77.085 652.0 
77.132 653.0 
77.156 654.0 
77.05 655.0 
77.039 656.0 
77.144 657.0 
77.202 658.0 
77.085 659.0 
77.144 660.0 
77.202 661.0 
77.179 662.0 
77.085 663.0 
77.109 664.0 
77.167 665.0 
77.214 666.0 
77.062 667.0 
77.097 668.0 
77.167 669.0 
77.202 670.0 
77.097 671.0 
77.109 672.0 
77.109 673.0 
77.191 674.0 
77.214 675.0 
77.05 676.0 
77.109 677.0 
77.144 678.0 
77.156 679.0 
77.202 680.0 
77.074 681.0 
77.05 682.0 
77.132 683.0 
77.156 684.0 
77.191 685.0 
77.226 686.0 
77.062 687.0 
77.085 688.0 
77.109 689.0 
77.179 690.0 
77.167 691.0 
77.191 692.0 
77.05 693.0 
77.05 694.0 
77.12 695.0 
77.144 696.0 
77.167 697.0 
77.179 698.0 
77.027 699.0 
77.074 700.0 
77.097 701.0 
77.062 702.0 
77.12 703.0 
77.191 704.0 
77.202 705.0 
77.191 706.0 
77.05 707.0 
77.05 708.0 
77.085 709.0 
77.074 710.0 
77.144 711.0 
77.156 712.0 
77.179 713.0 
77.191 714.0 
77.027 715.0 
77.062 716.0 
77.074 717.0 
77.085 718.0 
77.109 719.0 
77.109 720.0 
77.109 721.0 
77.062 722.0 
77.191 723.0 
77.191 724.0 
77.237 725.0 
76.98 726.0 
77.039 727.0 
77.085 728.0 
77.12 729.0 
77.109 730.0 
77.109 731.0 
77.144 732.0 
77.132 733.0 
77.144 734.0 
77.156 735.0 
77.132 736.0 
77.202 737.0 
77.214 738.0 
77.004 739.0 
77.05 740.0 
77.039 741.0 
77.062 742.0 
77.027 743.0 
77.039 744.0 
77.062 745.0 
77.085 746.0 
77.085 747.0 
77.085 748.0 
77.074 749.0 
77.085 750.0 
77.109 751.0 
77.12 752.0 
77.12 753.0 
77.097 754.0 
77.085 755.0 
77.132 756.0 
77.109 757.0 
77.132 758.0 
77.132 759.0 
77.132 760.0 
77.144 761.0 
77.12 762.0 
77.156 763.0 
77.144 764.0 
77.132 765.0 
77.156 766.0 
77.12 767.0 
77.156 768.0 
77.191 769.0 
77.167 770.0 
77.167 771.0 
77.167 772.0 
77.179 773.0 
77.144 774.0 
77.132 775.0 
77.144 776.0 
77.167 777.0 
77.12 778.0 
77.179 779.0 
77.132 780.0 
77.144 781.0 
77.132 782.0 
77.109 783.0 
77.132 784.0 
77.109 785.0 
77.12 786.0 
77.132 787.0 
77.12 788.0 
77.167 789.0 
77.109 790.0 
77.167 791.0 
77.12 792.0 
77.144 793.0 
77.12 794.0 
77.132 795.0 
77.132 796.0 
77.12 797.0 
77.144 798.0 
77.132 799.0 
77.132 800.0 
77.12 801.0 
77.12 802.0 
77.144 803.0 
77.156 804.0 
-0.007 805.0 
-0.001 806.0 
-0.006 807.0 
-0.004 808.0 
-0.002 809.0 
0.0 810.0 
0.011 811.0 
-0.002 812.0 
0.001 813.0 
-0.013 814.0 
-0.006 815.0 
-0.007 816.0 
-0.007 817.0 
-0.008 818.0 
-0.012 819.0 
-0.013 820.0 
-0.02 821.0 
-0.022 822.0 
-0.02 823.0 
-0.019 824.0 
-0.023 825.0 
-0.02 826.0 
-0.028 827.0 
-0.022 828.0 
-0.03 829.0 
