-0.042 257.0 
-0.032 258.0 
-0.032 259.0 
-0.019 260.0 
-0.023 261.0 
-0.031 262.0 
-0.034 263.0 
-0.042 264.0 
-0.011 265.0 
-0.011 266.0 
-0.023 267.0 
-0.01 268.0 
-0.016 269.0 
-0.019 270.0 
-0.008 271.0 
-0.016 272.0 
-0.029 273.0 
-0.042 274.0 
142.246 275.0 
139.478 276.0 
138.333 277.0 
136.978 278.0 
135.378 279.0 
133.486 280.0 
131.734 281.0 
129.457 282.0 
126.151 283.0 
124.762 284.0 
124.353 285.0 
124.037 286.0 
123.839 287.0 
123.547 288.0 
123.29 289.0 
122.578 290.0 
122.426 291.0 
122.262 292.0 
121.994 293.0 
121.713 294.0 
121.363 295.0 
121.258 296.0 
121.188 297.0 
120.604 298.0 
120.417 299.0 
120.323 300.0 
119.798 301.0 
119.716 302.0 
119.202 303.0 
119.074 304.0 
119.085 305.0 
118.256 306.0 
116.89 307.0 
114.32 308.0 
111.4 309.0 
107.523 310.0 
103.645 311.0 
99.312 312.0 
95.201 313.0 
91.276 314.0 
87.574 315.0 
83.93 316.0 
80.578 317.0 
77.903 318.0 
77.775 319.0 
77.611 320.0 
77.459 321.0 
77.448 322.0 
77.366 323.0 
77.436 324.0 
77.331 325.0 
77.249 326.0 
77.377 327.0 
77.319 328.0 
77.518 329.0 
77.436 330.0 
77.319 331.0 
77.553 332.0 
77.401 333.0 
77.342 334.0 
77.261 335.0 
77.366 336.0 
77.377 337.0 
77.272 338.0 
77.564 339.0 
77.331 340.0 
77.319 341.0 
77.331 342.0 
77.389 343.0 
77.342 344.0 
77.272 345.0 
77.307 346.0 
77.249 347.0 
77.342 348.0 
77.342 349.0 
77.342 350.0 
77.319 351.0 
77.366 352.0 
77.319 353.0 
77.261 354.0 
77.261 355.0 
77.331 356.0 
77.389 357.0 
77.307 358.0 
77.389 359.0 
77.354 360.0 
77.377 361.0 
77.296 362.0 
77.342 363.0 
77.261 364.0 
77.261 365.0 
77.331 366.0 
77.342 367.0 
77.272 368.0 
77.319 369.0 
77.319 370.0 
77.342 371.0 
77.342 372.0 
77.377 373.0 
77.377 374.0 
77.424 375.0 
77.471 376.0 
77.237 377.0 
77.319 378.0 
77.296 379.0 
77.307 380.0 
77.354 381.0 
77.424 382.0 
77.284 383.0 
77.284 384.0 
77.296 385.0 
77.377 386.0 
77.237 387.0 
77.261 388.0 
77.354 389.0 
77.331 390.0 
77.366 391.0 
77.331 392.0 
77.366 393.0 
77.261 394.0 
77.354 395.0 
77.424 396.0 
77.261 397.0 
77.331 398.0 
77.202 399.0 
77.226 400.0 
77.366 401.0 
77.354 402.0 
77.389 403.0 
77.319 404.0 
77.296 405.0 
77.214 406.0 
77.319 407.0 
77.272 408.0 
77.307 409.0 
77.272 410.0 
77.296 411.0 
77.366 412.0 
77.553 413.0 
77.331 414.0 
77.319 415.0 
77.354 416.0 
77.272 417.0 
77.331 418.0 
77.342 419.0 
77.272 420.0 
77.296 421.0 
77.331 422.0 
77.366 423.0 
77.296 424.0 
77.284 425.0 
77.354 426.0 
77.342 427.0 
77.272 428.0 
77.319 429.0 
77.307 430.0 
77.342 431.0 
77.354 432.0 
77.354 433.0 
77.272 434.0 
77.249 435.0 
77.307 436.0 
77.331 437.0 
77.272 438.0 
77.214 439.0 
77.272 440.0 
77.296 441.0 
77.284 442.0 
77.296 443.0 
77.319 444.0 
77.272 445.0 
77.284 446.0 
77.377 447.0 
77.389 448.0 
77.354 449.0 
77.658 450.0 
77.307 451.0 
77.296 452.0 
77.261 453.0 
77.226 454.0 
77.366 455.0 
77.144 456.0 
77.261 457.0 
77.237 458.0 
77.331 459.0 
77.331 460.0 
77.342 461.0 
77.249 462.0 
77.366 463.0 
77.272 464.0 
77.296 465.0 
77.354 466.0 
77.307 467.0 
77.261 468.0 
77.342 469.0 
77.284 470.0 
77.226 471.0 
77.284 472.0 
77.156 473.0 
77.307 474.0 
77.377 475.0 
77.319 476.0 
77.226 477.0 
77.272 478.0 
77.237 479.0 
77.331 480.0 
77.389 481.0 
77.307 482.0 
77.342 483.0 
77.272 484.0 
77.319 485.0 
77.261 486.0 
77.261 487.0 
77.319 488.0 
77.272 489.0 
77.284 490.0 
77.342 491.0 
77.319 492.0 
77.307 493.0 
77.331 494.0 
77.272 495.0 
77.261 496.0 
77.319 497.0 
77.331 498.0 
77.226 499.0 
77.249 500.0 
77.284 501.0 
77.331 502.0 
77.214 503.0 
77.191 504.0 
77.237 505.0 
77.307 506.0 
77.202 507.0 
77.319 508.0 
77.156 509.0 
77.249 510.0 
77.237 511.0 
77.272 512.0 
77.296 513.0 
77.307 514.0 
77.331 515.0 
77.237 516.0 
77.588 517.0 
77.12 518.0 
77.191 519.0 
77.156 520.0 
77.156 521.0 
77.167 522.0 
77.202 523.0 
77.179 524.0 
77.167 525.0 
77.156 526.0 
77.156 527.0 
77.144 528.0 
77.12 529.0 
77.097 530.0 
77.109 531.0 
77.249 532.0 
77.541 533.0 
77.179 534.0 
77.202 535.0 
77.156 536.0 
77.144 537.0 
77.039 538.0 
77.004 539.0 
76.98 540.0 
77.074 541.0 
76.98 542.0 
76.969 543.0 
76.945 544.0 
76.922 545.0 
76.887 546.0 
76.992 547.0 
76.934 548.0 
76.864 549.0 
76.828 550.0 
76.758 551.0 
76.922 552.0 
76.84 553.0 
76.817 554.0 
76.805 555.0 
76.875 556.0 
76.852 557.0 
76.805 558.0 
76.572 559.0 
76.852 560.0 
76.782 561.0 
76.758 562.0 
76.864 563.0 
76.723 564.0 
76.712 565.0 
76.864 566.0 
76.852 567.0 
76.758 568.0 
76.793 569.0 
76.817 570.0 
76.887 571.0 
76.828 572.0 
76.77 573.0 
76.84 574.0 
76.793 575.0 
77.226 576.0 
76.817 577.0 
76.805 578.0 
76.899 579.0 
76.828 580.0 
76.945 581.0 
76.817 582.0 
76.922 583.0 
76.864 584.0 
76.595 585.0 
76.852 586.0 
76.793 587.0 
76.887 588.0 
76.817 589.0 
76.887 590.0 
76.793 591.0 
76.875 592.0 
76.77 593.0 
76.875 594.0 
76.793 595.0 
76.852 596.0 
76.793 597.0 
76.84 598.0 
76.77 599.0 
76.852 600.0 
76.957 601.0 
76.84 602.0 
76.922 603.0 
76.805 604.0 
76.91 605.0 
76.793 606.0 
76.852 607.0 
76.77 608.0 
76.864 609.0 
76.91 610.0 
76.84 611.0 
76.899 612.0 
76.817 613.0 
76.852 614.0 
76.805 615.0 
76.817 616.0 
76.91 617.0 
76.723 618.0 
76.84 619.0 
76.63 620.0 
76.828 621.0 
76.887 622.0 
76.782 623.0 
76.828 624.0 
76.922 625.0 
76.782 626.0 
76.864 627.0 
76.922 628.0 
76.817 629.0 
76.864 630.0 
76.922 631.0 
76.817 632.0 
76.864 633.0 
77.167 634.0 
76.817 635.0 
76.899 636.0 
76.945 637.0 
76.805 638.0 
76.817 639.0 
76.887 640.0 
76.805 641.0 
76.77 642.0 
76.887 643.0 
76.793 644.0 
76.782 645.0 
76.84 646.0 
76.887 647.0 
76.805 648.0 
76.84 649.0 
76.899 650.0 
76.758 651.0 
76.793 652.0 
76.852 653.0 
76.922 654.0 
76.805 655.0 
76.77 656.0 
76.84 657.0 
76.899 658.0 
76.817 659.0 
76.852 660.0 
76.864 661.0 
76.84 662.0 
76.782 663.0 
76.828 664.0 
76.899 665.0 
76.922 666.0 
76.793 667.0 
76.828 668.0 
76.875 669.0 
76.899 670.0 
76.782 671.0 
76.793 672.0 
76.852 673.0 
76.864 674.0 
76.91 675.0 
76.747 676.0 
76.805 677.0 
76.875 678.0 
76.875 679.0 
76.922 680.0 
76.747 681.0 
76.805 682.0 
76.817 683.0 
76.864 684.0 
76.817 685.0 
76.922 686.0 
76.688 687.0 
76.805 688.0 
76.852 689.0 
76.875 690.0 
76.922 691.0 
76.899 692.0 
76.747 693.0 
76.782 694.0 
76.817 695.0 
76.875 696.0 
76.828 697.0 
76.899 698.0 
76.665 699.0 
76.793 700.0 
76.805 701.0 
76.805 702.0 
76.864 703.0 
76.864 704.0 
76.852 705.0 
76.922 706.0 
76.77 707.0 
76.805 708.0 
76.817 709.0 
76.805 710.0 
76.84 711.0 
76.852 712.0 
76.887 713.0 
76.934 714.0 
76.723 715.0 
76.758 716.0 
76.723 717.0 
76.817 718.0 
76.817 719.0 
76.852 720.0 
76.84 721.0 
76.887 722.0 
76.91 723.0 
76.957 724.0 
76.899 725.0 
76.735 726.0 
76.782 727.0 
76.782 728.0 
76.817 729.0 
76.852 730.0 
76.84 731.0 
76.899 732.0 
76.899 733.0 
76.887 734.0 
76.899 735.0 
76.875 736.0 
76.91 737.0 
76.922 738.0 
76.712 739.0 
76.747 740.0 
76.77 741.0 
76.758 742.0 
76.735 743.0 
76.782 744.0 
76.782 745.0 
76.782 746.0 
76.782 747.0 
76.805 748.0 
76.793 749.0 
76.84 750.0 
76.828 751.0 
76.817 752.0 
76.817 753.0 
76.817 754.0 
76.852 755.0 
76.817 756.0 
76.828 757.0 
76.793 758.0 
76.84 759.0 
76.84 760.0 
76.84 761.0 
76.852 762.0 
76.864 763.0 
76.828 764.0 
76.84 765.0 
76.84 766.0 
76.84 767.0 
76.852 768.0 
76.875 769.0 
76.899 770.0 
76.852 771.0 
76.875 772.0 
76.875 773.0 
76.864 774.0 
76.852 775.0 
76.852 776.0 
76.864 777.0 
76.828 778.0 
76.84 779.0 
76.864 780.0 
76.828 781.0 
76.84 782.0 
76.84 783.0 
76.864 784.0 
76.84 785.0 
76.84 786.0 
76.864 787.0 
76.852 788.0 
76.875 789.0 
76.887 790.0 
76.864 791.0 
76.852 792.0 
76.864 793.0 
76.852 794.0 
76.852 795.0 
76.852 796.0 
76.793 797.0 
76.805 798.0 
76.84 799.0 
76.817 800.0 
76.852 801.0 
76.852 802.0 
76.817 803.0 
76.84 804.0 
0.01 805.0 
0.004 806.0 
0.002 807.0 
0.0 808.0 
0.011 809.0 
0.004 810.0 
-0.01 811.0 
-0.023 812.0 
-0.03 813.0 
-0.029 814.0 
-0.038 815.0 
-0.041 816.0 
-0.042 817.0 
-0.043 818.0 
-0.049 819.0 
-0.043 820.0 
-0.059 821.0 
-0.059 822.0 
-0.059 823.0 
-0.048 824.0 
-0.053 825.0 
-0.04 826.0 
-0.043 827.0 
-0.04 828.0 
-0.035 829.0 
