-0.037 257.0 
-0.023 258.0 
-0.028 259.0 
-0.036 260.0 
-0.035 261.0 
-0.028 262.0 
-0.038 263.0 
-0.024 264.0 
-0.018 265.0 
-0.011 266.0 
-0.014 267.0 
-0.034 268.0 
-0.047 269.0 
-0.028 270.0 
-0.023 271.0 
-0.028 272.0 
-0.05 273.0 
-0.035 274.0 
153.236 275.0 
150.223 276.0 
149.184 277.0 
147.478 278.0 
145.61 279.0 
143.426 280.0 
141.37 281.0 
138.018 282.0 
134.666 283.0 
132.961 284.0 
132.575 285.0 
132.166 286.0 
131.921 287.0 
131.594 288.0 
131.22 289.0 
130.543 290.0 
130.38 291.0 
130.123 292.0 
129.912 293.0 
129.375 294.0 
129.247 295.0 
129.048 296.0 
128.966 297.0 
128.382 298.0 
128.137 299.0 
127.787 300.0 
127.46 301.0 
127.343 302.0 
126.759 303.0 
126.56 304.0 
126.081 305.0 
125.509 306.0 
123.804 307.0 
120.977 308.0 
118.034 309.0 
114.285 310.0 
110.804 311.0 
106.752 312.0 
102.629 313.0 
98.354 314.0 
94.184 315.0 
90.12 316.0 
86.289 317.0 
82.575 318.0 
82.271 319.0 
81.968 320.0 
81.722 321.0 
81.699 322.0 
81.559 323.0 
81.547 324.0 
81.454 325.0 
81.419 326.0 
81.442 327.0 
81.36 328.0 
81.325 329.0 
81.465 330.0 
81.384 331.0 
81.384 332.0 
81.512 333.0 
81.395 334.0 
81.302 335.0 
81.442 336.0 
81.477 337.0 
81.325 338.0 
81.407 339.0 
81.384 340.0 
81.395 341.0 
81.384 342.0 
81.419 343.0 
81.407 344.0 
81.384 345.0 
81.337 346.0 
81.337 347.0 
81.325 348.0 
81.419 349.0 
81.43 350.0 
81.372 351.0 
81.43 352.0 
81.384 353.0 
81.337 354.0 
81.372 355.0 
81.419 356.0 
81.442 357.0 
81.395 358.0 
81.465 359.0 
81.43 360.0 
81.454 361.0 
81.384 362.0 
81.395 363.0 
81.337 364.0 
81.384 365.0 
81.407 366.0 
81.372 367.0 
81.36 368.0 
81.395 369.0 
81.372 370.0 
81.395 371.0 
81.43 372.0 
81.454 373.0 
81.465 374.0 
81.454 375.0 
81.605 376.0 
81.337 377.0 
81.372 378.0 
81.395 379.0 
81.36 380.0 
81.384 381.0 
81.5 382.0 
81.395 383.0 
81.384 384.0 
81.337 385.0 
81.454 386.0 
81.337 387.0 
81.313 388.0 
81.395 389.0 
81.407 390.0 
81.395 391.0 
81.384 392.0 
81.465 393.0 
81.325 394.0 
81.442 395.0 
81.465 396.0 
81.313 397.0 
81.395 398.0 
81.255 399.0 
81.325 400.0 
81.43 401.0 
81.419 402.0 
81.477 403.0 
81.43 404.0 
81.395 405.0 
81.302 406.0 
81.395 407.0 
81.325 408.0 
81.372 409.0 
81.313 410.0 
81.395 411.0 
81.407 412.0 
81.594 413.0 
81.454 414.0 
81.372 415.0 
81.395 416.0 
81.313 417.0 
81.384 418.0 
81.442 419.0 
81.29 420.0 
81.372 421.0 
81.407 422.0 
81.419 423.0 
81.325 424.0 
81.372 425.0 
81.372 426.0 
81.43 427.0 
81.36 428.0 
81.372 429.0 
81.36 430.0 
81.419 431.0 
81.43 432.0 
81.442 433.0 
81.325 434.0 
81.36 435.0 
81.36 436.0 
81.384 437.0 
81.348 438.0 
81.313 439.0 
81.267 440.0 
81.29 441.0 
81.384 442.0 
81.407 443.0 
81.337 444.0 
81.302 445.0 
81.325 446.0 
81.454 447.0 
81.442 448.0 
81.64 449.0 
81.442 450.0 
81.384 451.0 
81.337 452.0 
81.325 453.0 
81.302 454.0 
81.442 455.0 
81.127 456.0 
81.372 457.0 
81.337 458.0 
81.419 459.0 
81.442 460.0 
81.407 461.0 
81.348 462.0 
81.454 463.0 
81.407 464.0 
81.36 465.0 
81.442 466.0 
81.384 467.0 
81.325 468.0 
81.384 469.0 
81.337 470.0 
81.313 471.0 
81.372 472.0 
81.243 473.0 
81.36 474.0 
81.442 475.0 
81.36 476.0 
81.302 477.0 
81.384 478.0 
81.29 479.0 
81.372 480.0 
81.419 481.0 
81.36 482.0 
81.43 483.0 
81.325 484.0 
81.384 485.0 
81.302 486.0 
81.325 487.0 
81.395 488.0 
81.302 489.0 
81.337 490.0 
81.407 491.0 
81.348 492.0 
81.372 493.0 
81.395 494.0 
81.313 495.0 
81.325 496.0 
81.419 497.0 
81.43 498.0 
81.302 499.0 
81.313 500.0 
81.395 501.0 
81.407 502.0 
81.278 503.0 
81.29 504.0 
81.313 505.0 
81.348 506.0 
81.278 507.0 
81.337 508.0 
81.22 509.0 
81.267 510.0 
81.325 511.0 
81.337 512.0 
81.337 513.0 
81.384 514.0 
81.348 515.0 
81.267 516.0 
81.734 517.0 
81.208 518.0 
81.243 519.0 
81.243 520.0 
81.302 521.0 
81.29 522.0 
81.232 523.0 
81.267 524.0 
81.255 525.0 
81.232 526.0 
81.22 527.0 
81.15 528.0 
81.162 529.0 
81.138 530.0 
81.138 531.0 
81.243 532.0 
81.652 533.0 
81.232 534.0 
81.173 535.0 
81.138 536.0 
81.115 537.0 
81.068 538.0 
81.01 539.0 
80.963 540.0 
81.103 541.0 
80.963 542.0 
80.998 543.0 
80.986 544.0 
80.893 545.0 
80.87 546.0 
80.986 547.0 
80.893 548.0 
80.858 549.0 
80.835 550.0 
80.765 551.0 
80.893 552.0 
80.811 553.0 
80.811 554.0 
80.788 555.0 
80.87 556.0 
80.835 557.0 
80.788 558.0 
80.449 559.0 
80.846 560.0 
80.823 561.0 
80.753 562.0 
80.87 563.0 
80.8 564.0 
80.683 565.0 
80.835 566.0 
80.881 567.0 
80.718 568.0 
80.765 569.0 
80.753 570.0 
80.893 571.0 
80.823 572.0 
80.741 573.0 
80.835 574.0 
80.776 575.0 
81.115 576.0 
80.823 577.0 
80.788 578.0 
80.916 579.0 
80.823 580.0 
80.916 581.0 
80.87 582.0 
80.846 583.0 
80.846 584.0 
80.928 585.0 
80.893 586.0 
80.823 587.0 
80.87 588.0 
80.8 589.0 
80.881 590.0 
80.788 591.0 
80.881 592.0 
80.765 593.0 
80.846 594.0 
80.788 595.0 
80.835 596.0 
80.788 597.0 
80.846 598.0 
80.8 599.0 
80.858 600.0 
80.928 601.0 
80.846 602.0 
80.928 603.0 
80.811 604.0 
80.881 605.0 
80.765 606.0 
80.905 607.0 
80.765 608.0 
80.823 609.0 
80.94 610.0 
80.811 611.0 
80.916 612.0 
80.811 613.0 
80.881 614.0 
80.776 615.0 
80.835 616.0 
80.905 617.0 
80.741 618.0 
80.846 619.0 
80.648 620.0 
80.823 621.0 
80.881 622.0 
80.765 623.0 
80.811 624.0 
80.905 625.0 
80.788 626.0 
80.87 627.0 
80.893 628.0 
80.788 629.0 
80.87 630.0 
80.928 631.0 
80.823 632.0 
80.858 633.0 
81.208 634.0 
80.776 635.0 
80.881 636.0 
80.928 637.0 
80.776 638.0 
80.87 639.0 
80.916 640.0 
80.776 641.0 
80.8 642.0 
80.881 643.0 
80.718 644.0 
80.811 645.0 
80.858 646.0 
80.916 647.0 
80.765 648.0 
80.811 649.0 
80.905 650.0 
80.753 651.0 
80.729 652.0 
80.858 653.0 
80.905 654.0 
80.729 655.0 
80.8 656.0 
80.846 657.0 
80.905 658.0 
80.811 659.0 
80.858 660.0 
80.893 661.0 
80.916 662.0 
80.776 663.0 
80.823 664.0 
80.893 665.0 
80.94 666.0 
80.753 667.0 
80.823 668.0 
80.858 669.0 
80.928 670.0 
80.753 671.0 
80.811 672.0 
80.835 673.0 
80.87 674.0 
80.823 675.0 
80.776 676.0 
80.8 677.0 
80.846 678.0 
80.87 679.0 
80.905 680.0 
80.776 681.0 
80.811 682.0 
80.823 683.0 
80.87 684.0 
80.893 685.0 
80.928 686.0 
80.753 687.0 
80.811 688.0 
80.858 689.0 
80.881 690.0 
80.916 691.0 
80.928 692.0 
80.765 693.0 
80.8 694.0 
80.835 695.0 
80.846 696.0 
80.87 697.0 
80.893 698.0 
80.694 699.0 
80.765 700.0 
80.8 701.0 
80.835 702.0 
80.835 703.0 
80.835 704.0 
80.87 705.0 
80.905 706.0 
80.741 707.0 
80.788 708.0 
80.811 709.0 
80.846 710.0 
80.835 711.0 
80.87 712.0 
80.893 713.0 
80.893 714.0 
80.765 715.0 
80.753 716.0 
80.8 717.0 
80.823 718.0 
80.835 719.0 
80.858 720.0 
80.835 721.0 
80.893 722.0 
80.881 723.0 
80.881 724.0 
80.893 725.0 
80.765 726.0 
80.729 727.0 
80.729 728.0 
80.776 729.0 
80.823 730.0 
80.8 731.0 
80.846 732.0 
80.87 733.0 
80.893 734.0 
80.858 735.0 
80.893 736.0 
80.905 737.0 
80.916 738.0 
80.706 739.0 
80.741 740.0 
80.741 741.0 
80.729 742.0 
80.765 743.0 
80.741 744.0 
80.753 745.0 
80.788 746.0 
80.788 747.0 
80.788 748.0 
80.8 749.0 
80.8 750.0 
80.8 751.0 
80.788 752.0 
80.8 753.0 
80.846 754.0 
80.835 755.0 
80.823 756.0 
80.823 757.0 
80.811 758.0 
80.823 759.0 
80.835 760.0 
80.835 761.0 
80.846 762.0 
80.835 763.0 
80.835 764.0 
80.835 765.0 
80.846 766.0 
80.835 767.0 
80.87 768.0 
80.846 769.0 
80.823 770.0 
80.835 771.0 
80.846 772.0 
80.858 773.0 
80.881 774.0 
80.87 775.0 
80.881 776.0 
80.87 777.0 
80.811 778.0 
80.893 779.0 
80.87 780.0 
80.858 781.0 
80.846 782.0 
80.858 783.0 
80.811 784.0 
80.835 785.0 
80.823 786.0 
80.881 787.0 
80.846 788.0 
80.858 789.0 
80.835 790.0 
80.823 791.0 
80.846 792.0 
80.846 793.0 
80.835 794.0 
80.881 795.0 
80.846 796.0 
80.846 797.0 
80.835 798.0 
80.846 799.0 
80.846 800.0 
80.87 801.0 
80.858 802.0 
80.835 803.0 
80.846 804.0 
-0.005 805.0 
0.006 806.0 
0.012 807.0 
0.007 808.0 
-0.001 809.0 
-0.006 810.0 
-0.005 811.0 
-0.005 812.0 
-0.018 813.0 
-0.02 814.0 
-0.026 815.0 
-0.024 816.0 
-0.026 817.0 
-0.029 818.0 
-0.042 819.0 
-0.044 820.0 
-0.038 821.0 
-0.038 822.0 
-0.042 823.0 
-0.044 824.0 
-0.037 825.0 
-0.032 826.0 
-0.028 827.0 
-0.037 828.0 
-0.04 829.0 
