-0.041 257.0 
-0.058 258.0 
-0.047 259.0 
-0.025 260.0 
-0.026 261.0 
-0.014 262.0 
-0.03 263.0 
-0.029 264.0 
-0.022 265.0 
-0.022 266.0 
-0.006 267.0 
-0.02 268.0 
-0.013 269.0 
-0.011 270.0 
-0.032 271.0 
-0.028 272.0 
-0.043 273.0 
-0.031 274.0 
147.186 275.0 
144.325 276.0 
142.865 277.0 
141.043 278.0 
139.104 279.0 
136.757 280.0 
134.841 281.0 
132.342 282.0 
128.99 283.0 
127.588 284.0 
127.109 285.0 
126.817 286.0 
126.607 287.0 
126.268 288.0 
126.0 289.0 
125.381 290.0 
125.276 291.0 
125.042 292.0 
124.82 293.0 
124.575 294.0 
124.213 295.0 
124.143 296.0 
124.073 297.0 
123.477 298.0 
123.278 299.0 
123.197 300.0 
122.706 301.0 
122.554 302.0 
122.029 303.0 
122.005 304.0 
121.853 305.0 
121.269 306.0 
119.961 307.0 
117.509 308.0 
114.565 309.0 
110.886 310.0 
107.137 311.0 
102.792 312.0 
98.704 313.0 
94.71 314.0 
90.809 315.0 
87.188 316.0 
83.603 317.0 
80.671 318.0 
80.554 319.0 
80.274 320.0 
80.192 321.0 
80.157 322.0 
80.04 323.0 
80.087 324.0 
80.017 325.0 
79.935 326.0 
80.005 327.0 
79.924 328.0 
80.134 329.0 
80.075 330.0 
79.994 331.0 
80.251 332.0 
80.064 333.0 
79.947 334.0 
79.912 335.0 
80.087 336.0 
80.017 337.0 
79.935 338.0 
80.239 339.0 
79.982 340.0 
79.994 341.0 
79.959 342.0 
80.099 343.0 
80.04 344.0 
79.994 345.0 
79.994 346.0 
79.935 347.0 
79.982 348.0 
80.04 349.0 
79.994 350.0 
80.005 351.0 
80.017 352.0 
79.959 353.0 
79.877 354.0 
79.947 355.0 
80.029 356.0 
80.04 357.0 
79.959 358.0 
80.052 359.0 
80.017 360.0 
80.075 361.0 
79.97 362.0 
80.005 363.0 
79.947 364.0 
79.959 365.0 
80.005 366.0 
79.982 367.0 
79.889 368.0 
79.97 369.0 
79.982 370.0 
80.029 371.0 
80.017 372.0 
80.029 373.0 
80.075 374.0 
80.052 375.0 
80.239 376.0 
79.959 377.0 
79.959 378.0 
79.959 379.0 
79.97 380.0 
79.982 381.0 
80.075 382.0 
79.97 383.0 
79.994 384.0 
79.947 385.0 
80.099 386.0 
79.935 387.0 
79.9 388.0 
79.994 389.0 
80.005 390.0 
80.029 391.0 
79.924 392.0 
80.017 393.0 
79.9 394.0 
79.994 395.0 
80.087 396.0 
79.935 397.0 
79.994 398.0 
79.889 399.0 
79.924 400.0 
80.052 401.0 
80.029 402.0 
80.087 403.0 
80.005 404.0 
79.982 405.0 
79.924 406.0 
79.97 407.0 
79.912 408.0 
79.982 409.0 
79.912 410.0 
80.005 411.0 
80.005 412.0 
80.449 413.0 
80.029 414.0 
79.935 415.0 
79.982 416.0 
79.9 417.0 
80.005 418.0 
80.005 419.0 
79.912 420.0 
79.97 421.0 
79.994 422.0 
80.005 423.0 
79.97 424.0 
79.959 425.0 
80.017 426.0 
80.04 427.0 
79.947 428.0 
79.935 429.0 
79.912 430.0 
80.017 431.0 
80.005 432.0 
80.052 433.0 
79.912 434.0 
79.924 435.0 
79.947 436.0 
80.017 437.0 
79.912 438.0 
79.959 439.0 
79.97 440.0 
79.935 441.0 
79.935 442.0 
79.935 443.0 
79.935 444.0 
79.947 445.0 
79.959 446.0 
80.04 447.0 
79.982 448.0 
80.005 449.0 
80.274 450.0 
79.982 451.0 
79.924 452.0 
79.947 453.0 
79.889 454.0 
80.029 455.0 
79.772 456.0 
79.924 457.0 
79.924 458.0 
79.994 459.0 
80.064 460.0 
80.005 461.0 
79.947 462.0 
80.052 463.0 
80.005 464.0 
79.959 465.0 
80.04 466.0 
79.982 467.0 
79.877 468.0 
79.994 469.0 
79.947 470.0 
79.97 471.0 
79.924 472.0 
80.017 473.0 
79.994 474.0 
80.017 475.0 
79.97 476.0 
79.9 477.0 
79.959 478.0 
79.865 479.0 
79.982 480.0 
80.075 481.0 
79.959 482.0 
80.017 483.0 
79.947 484.0 
79.994 485.0 
79.97 486.0 
79.889 487.0 
80.017 488.0 
79.947 489.0 
79.935 490.0 
80.017 491.0 
79.947 492.0 
79.935 493.0 
79.994 494.0 
79.912 495.0 
79.889 496.0 
79.959 497.0 
80.029 498.0 
79.912 499.0 
79.9 500.0 
79.982 501.0 
80.005 502.0 
79.877 503.0 
79.865 504.0 
79.935 505.0 
79.97 506.0 
79.924 507.0 
80.087 508.0 
79.889 509.0 
79.889 510.0 
79.9 511.0 
79.912 512.0 
79.959 513.0 
79.935 514.0 
79.959 515.0 
80.017 516.0 
79.994 517.0 
79.772 518.0 
79.83 519.0 
79.83 520.0 
79.889 521.0 
79.889 522.0 
79.877 523.0 
79.865 524.0 
79.865 525.0 
79.865 526.0 
79.842 527.0 
79.748 528.0 
79.795 529.0 
79.783 530.0 
79.783 531.0 
79.889 532.0 
79.924 533.0 
79.842 534.0 
79.865 535.0 
79.854 536.0 
79.795 537.0 
79.69 538.0 
79.702 539.0 
79.655 540.0 
79.818 541.0 
79.748 542.0 
79.69 543.0 
79.667 544.0 
79.608 545.0 
79.597 546.0 
79.702 547.0 
79.667 548.0 
79.585 549.0 
79.562 550.0 
79.503 551.0 
79.597 552.0 
79.55 553.0 
79.526 554.0 
79.491 555.0 
79.608 556.0 
79.538 557.0 
79.526 558.0 
79.176 559.0 
79.55 560.0 
79.538 561.0 
79.456 562.0 
79.562 563.0 
79.515 564.0 
79.41 565.0 
79.608 566.0 
79.608 567.0 
79.433 568.0 
79.562 569.0 
79.503 570.0 
79.608 571.0 
79.538 572.0 
79.445 573.0 
79.538 574.0 
79.468 575.0 
79.912 576.0 
79.526 577.0 
79.55 578.0 
79.62 579.0 
79.573 580.0 
79.632 581.0 
79.573 582.0 
79.643 583.0 
79.597 584.0 
79.305 585.0 
79.573 586.0 
79.538 587.0 
79.608 588.0 
79.515 589.0 
79.597 590.0 
79.491 591.0 
79.608 592.0 
79.503 593.0 
79.538 594.0 
79.503 595.0 
79.538 596.0 
79.491 597.0 
79.62 598.0 
79.515 599.0 
79.573 600.0 
79.667 601.0 
79.538 602.0 
79.655 603.0 
79.562 604.0 
79.62 605.0 
79.491 606.0 
79.597 607.0 
79.468 608.0 
79.55 609.0 
79.643 610.0 
79.55 611.0 
79.62 612.0 
79.491 613.0 
79.585 614.0 
79.468 615.0 
79.503 616.0 
79.62 617.0 
79.445 618.0 
79.62 619.0 
79.316 620.0 
79.562 621.0 
79.597 622.0 
79.515 623.0 
79.573 624.0 
79.632 625.0 
79.491 626.0 
79.55 627.0 
79.667 628.0 
79.526 629.0 
79.573 630.0 
79.655 631.0 
79.515 632.0 
79.562 633.0 
79.877 634.0 
79.515 635.0 
79.573 636.0 
79.643 637.0 
79.503 638.0 
79.573 639.0 
79.62 640.0 
79.503 641.0 
79.526 642.0 
79.597 643.0 
79.48 644.0 
79.503 645.0 
79.573 646.0 
79.667 647.0 
79.503 648.0 
79.585 649.0 
79.597 650.0 
79.468 651.0 
79.48 652.0 
79.562 653.0 
79.632 654.0 
79.468 655.0 
79.515 656.0 
79.55 657.0 
79.632 658.0 
79.526 659.0 
79.55 660.0 
79.597 661.0 
79.632 662.0 
79.48 663.0 
79.585 664.0 
79.608 665.0 
79.655 666.0 
79.456 667.0 
79.55 668.0 
79.585 669.0 
79.643 670.0 
79.48 671.0 
79.526 672.0 
79.55 673.0 
79.608 674.0 
79.55 675.0 
79.468 676.0 
79.491 677.0 
79.55 678.0 
79.608 679.0 
79.632 680.0 
79.491 681.0 
79.48 682.0 
79.55 683.0 
79.597 684.0 
79.632 685.0 
79.678 686.0 
79.48 687.0 
79.503 688.0 
79.538 689.0 
79.562 690.0 
79.608 691.0 
79.643 692.0 
79.515 693.0 
79.503 694.0 
79.526 695.0 
79.562 696.0 
79.573 697.0 
79.597 698.0 
79.398 699.0 
79.456 700.0 
79.515 701.0 
79.55 702.0 
79.526 703.0 
79.597 704.0 
79.562 705.0 
79.632 706.0 
79.48 707.0 
79.48 708.0 
79.491 709.0 
79.526 710.0 
79.573 711.0 
79.573 712.0 
79.597 713.0 
79.608 714.0 
79.41 715.0 
79.468 716.0 
79.48 717.0 
79.515 718.0 
79.538 719.0 
79.562 720.0 
79.597 721.0 
79.585 722.0 
79.608 723.0 
79.62 724.0 
79.667 725.0 
79.48 726.0 
79.48 727.0 
79.468 728.0 
79.503 729.0 
79.515 730.0 
79.526 731.0 
79.562 732.0 
79.538 733.0 
79.597 734.0 
79.597 735.0 
79.597 736.0 
79.62 737.0 
79.655 738.0 
79.433 739.0 
79.491 740.0 
79.503 741.0 
79.445 742.0 
79.48 743.0 
79.48 744.0 
79.468 745.0 
79.538 746.0 
79.48 747.0 
79.491 748.0 
79.526 749.0 
79.538 750.0 
79.503 751.0 
79.526 752.0 
79.526 753.0 
79.538 754.0 
79.538 755.0 
79.573 756.0 
79.55 757.0 
79.55 758.0 
79.538 759.0 
79.55 760.0 
79.573 761.0 
79.55 762.0 
79.55 763.0 
79.562 764.0 
79.597 765.0 
79.573 766.0 
79.55 767.0 
79.585 768.0 
79.562 769.0 
79.585 770.0 
79.562 771.0 
79.585 772.0 
79.573 773.0 
79.562 774.0 
79.55 775.0 
79.585 776.0 
79.585 777.0 
79.55 778.0 
79.562 779.0 
79.585 780.0 
79.608 781.0 
79.573 782.0 
79.573 783.0 
79.597 784.0 
79.573 785.0 
79.597 786.0 
79.585 787.0 
79.585 788.0 
79.562 789.0 
79.597 790.0 
79.55 791.0 
79.562 792.0 
79.573 793.0 
79.562 794.0 
79.526 795.0 
79.538 796.0 
79.55 797.0 
79.55 798.0 
79.573 799.0 
79.562 800.0 
79.585 801.0 
79.562 802.0 
79.526 803.0 
79.562 804.0 
0.001 805.0 
-0.001 806.0 
0.002 807.0 
0.0 808.0 
0.0 809.0 
-0.006 810.0 
-0.022 811.0 
-0.028 812.0 
-0.046 813.0 
-0.047 814.0 
-0.061 815.0 
-0.048 816.0 
-0.053 817.0 
-0.055 818.0 
-0.056 819.0 
-0.064 820.0 
-0.061 821.0 
-0.06 822.0 
-0.06 823.0 
-0.049 824.0 
-0.046 825.0 
-0.038 826.0 
-0.034 827.0 
-0.043 828.0 
-0.028 829.0 
