-0.053 257.0 
-0.044 258.0 
-0.071 259.0 
-0.034 260.0 
-0.023 261.0 
-0.052 262.0 
-0.04 263.0 
-0.047 264.0 
-0.043 265.0 
-0.05 266.0 
-0.041 267.0 
-0.046 268.0 
-0.04 269.0 
-0.047 270.0 
-0.037 271.0 
-0.034 272.0 
-0.055 273.0 
-0.043 274.0 
98.973 275.0 
97.174 276.0 
97.058 277.0 
96.859 278.0 
96.66 279.0 
95.855 280.0 
94.441 281.0 
92.199 282.0 
91.019 283.0 
90.657 284.0 
90.634 285.0 
90.634 286.0 
90.739 287.0 
90.739 288.0 
90.692 289.0 
90.505 290.0 
90.575 291.0 
90.599 292.0 
90.634 293.0 
90.47 294.0 
90.529 295.0 
90.634 296.0 
91.031 297.0 
90.552 298.0 
90.599 299.0 
90.517 300.0 
90.494 301.0 
90.634 302.0 
90.435 303.0 
90.587 304.0 
90.727 305.0 
90.564 306.0 
90.494 307.0 
89.98 308.0 
89.279 309.0 
87.807 310.0 
85.939 311.0 
83.357 312.0 
80.473 313.0 
77.307 314.0 
74.422 315.0 
71.678 316.0 
69.354 317.0 
67.461 318.0 
67.275 319.0 
67.006 320.0 
66.784 321.0 
66.737 322.0 
66.632 323.0 
66.585 324.0 
66.515 325.0 
66.457 326.0 
66.515 327.0 
66.422 328.0 
66.772 329.0 
66.48 330.0 
66.352 331.0 
66.27 332.0 
66.41 333.0 
66.364 334.0 
66.317 335.0 
66.34 336.0 
66.422 337.0 
66.317 338.0 
66.34 339.0 
66.457 340.0 
66.399 341.0 
66.375 342.0 
66.364 343.0 
66.352 344.0 
66.317 345.0 
66.317 346.0 
66.445 347.0 
66.352 348.0 
66.282 349.0 
66.282 350.0 
66.34 351.0 
66.399 352.0 
66.445 353.0 
66.375 354.0 
66.375 355.0 
66.329 356.0 
66.352 357.0 
66.34 358.0 
66.41 359.0 
66.399 360.0 
66.387 361.0 
66.317 362.0 
66.387 363.0 
66.34 364.0 
66.34 365.0 
66.387 366.0 
66.422 367.0 
66.329 368.0 
66.34 369.0 
66.364 370.0 
66.375 371.0 
66.387 372.0 
66.399 373.0 
66.399 374.0 
66.574 375.0 
66.375 376.0 
66.34 377.0 
66.375 378.0 
66.34 379.0 
66.364 380.0 
66.329 381.0 
66.352 382.0 
66.364 383.0 
66.364 384.0 
66.352 385.0 
66.434 386.0 
66.352 387.0 
66.282 388.0 
66.352 389.0 
66.41 390.0 
66.375 391.0 
66.352 392.0 
66.422 393.0 
66.293 394.0 
66.41 395.0 
66.352 396.0 
66.293 397.0 
66.375 398.0 
66.293 399.0 
66.282 400.0 
66.41 401.0 
66.375 402.0 
66.469 403.0 
66.399 404.0 
66.387 405.0 
66.329 406.0 
66.375 407.0 
66.329 408.0 
66.352 409.0 
66.317 410.0 
66.352 411.0 
66.387 412.0 
66.597 413.0 
66.387 414.0 
66.317 415.0 
66.352 416.0 
66.305 417.0 
66.364 418.0 
66.399 419.0 
66.329 420.0 
66.364 421.0 
66.364 422.0 
66.422 423.0 
66.34 424.0 
66.352 425.0 
66.41 426.0 
66.375 427.0 
66.329 428.0 
66.422 429.0 
66.34 430.0 
66.364 431.0 
66.375 432.0 
66.329 433.0 
66.364 434.0 
66.364 435.0 
66.399 436.0 
66.387 437.0 
66.27 438.0 
66.293 439.0 
66.305 440.0 
66.34 441.0 
66.317 442.0 
66.329 443.0 
66.305 444.0 
66.305 445.0 
66.293 446.0 
66.422 447.0 
66.714 448.0 
66.34 449.0 
66.293 450.0 
66.387 451.0 
66.399 452.0 
66.364 453.0 
66.329 454.0 
66.317 455.0 
66.282 456.0 
66.375 457.0 
66.305 458.0 
66.352 459.0 
66.317 460.0 
66.422 461.0 
66.352 462.0 
66.282 463.0 
66.41 464.0 
66.41 465.0 
66.434 466.0 
66.387 467.0 
66.317 468.0 
66.387 469.0 
66.305 470.0 
66.305 471.0 
66.34 472.0 
66.305 473.0 
66.375 474.0 
66.714 475.0 
66.352 476.0 
66.305 477.0 
66.34 478.0 
66.293 479.0 
66.375 480.0 
66.434 481.0 
66.364 482.0 
66.434 483.0 
66.329 484.0 
66.387 485.0 
66.305 486.0 
66.352 487.0 
66.399 488.0 
66.317 489.0 
66.375 490.0 
66.387 491.0 
66.317 492.0 
66.34 493.0 
66.41 494.0 
66.27 495.0 
66.293 496.0 
66.364 497.0 
66.399 498.0 
66.293 499.0 
66.34 500.0 
66.375 501.0 
66.364 502.0 
66.317 503.0 
66.305 504.0 
66.317 505.0 
66.375 506.0 
66.258 507.0 
66.41 508.0 
66.247 509.0 
66.27 510.0 
66.305 511.0 
66.317 512.0 
66.364 513.0 
65.966 514.0 
66.656 515.0 
66.212 516.0 
66.422 517.0 
66.235 518.0 
66.27 519.0 
66.258 520.0 
66.247 521.0 
66.293 522.0 
66.293 523.0 
66.235 524.0 
66.247 525.0 
66.247 526.0 
66.177 527.0 
66.2 528.0 
66.2 529.0 
66.188 530.0 
66.177 531.0 
66.317 532.0 
66.656 533.0 
66.258 534.0 
66.27 535.0 
66.247 536.0 
66.212 537.0 
66.142 538.0 
66.13 539.0 
66.107 540.0 
66.212 541.0 
66.142 542.0 
66.13 543.0 
66.048 544.0 
65.978 545.0 
66.001 546.0 
66.13 547.0 
66.001 548.0 
66.025 549.0 
65.99 550.0 
65.931 551.0 
66.048 552.0 
66.025 553.0 
65.99 554.0 
65.943 555.0 
66.001 556.0 
65.955 557.0 
65.955 558.0 
65.745 559.0 
66.037 560.0 
65.943 561.0 
65.92 562.0 
66.037 563.0 
65.955 564.0 
65.908 565.0 
66.025 566.0 
65.99 567.0 
65.885 568.0 
65.978 569.0 
65.896 570.0 
66.037 571.0 
65.966 572.0 
65.92 573.0 
66.001 574.0 
65.955 575.0 
66.235 576.0 
65.955 577.0 
65.978 578.0 
66.048 579.0 
65.978 580.0 
66.048 581.0 
65.978 582.0 
66.06 583.0 
66.037 584.0 
65.604 585.0 
66.037 586.0 
65.966 587.0 
66.037 588.0 
65.955 589.0 
66.013 590.0 
65.931 591.0 
66.037 592.0 
65.978 593.0 
66.025 594.0 
65.943 595.0 
66.001 596.0 
65.931 597.0 
65.943 598.0 
65.931 599.0 
66.001 600.0 
66.095 601.0 
65.978 602.0 
66.037 603.0 
65.92 604.0 
66.037 605.0 
65.955 606.0 
66.037 607.0 
65.931 608.0 
65.99 609.0 
66.037 610.0 
65.943 611.0 
66.06 612.0 
65.966 613.0 
66.025 614.0 
65.92 615.0 
66.001 616.0 
66.037 617.0 
65.931 618.0 
66.013 619.0 
65.511 620.0 
65.978 621.0 
66.001 622.0 
65.99 623.0 
66.025 624.0 
66.072 625.0 
65.943 626.0 
66.037 627.0 
66.048 628.0 
65.955 629.0 
65.99 630.0 
66.083 631.0 
65.92 632.0 
66.001 633.0 
66.317 634.0 
65.931 635.0 
66.013 636.0 
66.037 637.0 
65.943 638.0 
65.931 639.0 
66.072 640.0 
65.943 641.0 
65.978 642.0 
66.037 643.0 
65.908 644.0 
65.931 645.0 
66.037 646.0 
66.06 647.0 
65.99 648.0 
65.99 649.0 
66.037 650.0 
65.92 651.0 
65.92 652.0 
66.013 653.0 
66.037 654.0 
65.931 655.0 
65.931 656.0 
65.978 657.0 
66.048 658.0 
65.99 659.0 
65.99 660.0 
66.048 661.0 
66.025 662.0 
65.931 663.0 
65.978 664.0 
66.001 665.0 
66.083 666.0 
65.955 667.0 
66.013 668.0 
66.025 669.0 
66.037 670.0 
65.943 671.0 
65.943 672.0 
65.99 673.0 
66.025 674.0 
66.037 675.0 
65.943 676.0 
65.943 677.0 
65.99 678.0 
66.06 679.0 
66.083 680.0 
65.931 681.0 
65.943 682.0 
65.99 683.0 
66.037 684.0 
66.001 685.0 
66.072 686.0 
65.896 687.0 
65.966 688.0 
65.978 689.0 
66.001 690.0 
66.037 691.0 
66.083 692.0 
65.896 693.0 
65.955 694.0 
65.99 695.0 
65.99 696.0 
65.966 697.0 
66.048 698.0 
65.885 699.0 
65.943 700.0 
65.966 701.0 
66.013 702.0 
65.99 703.0 
66.037 704.0 
66.048 705.0 
66.083 706.0 
65.908 707.0 
65.955 708.0 
65.978 709.0 
65.99 710.0 
66.001 711.0 
66.037 712.0 
66.013 713.0 
66.072 714.0 
65.885 715.0 
65.896 716.0 
65.92 717.0 
65.955 718.0 
65.955 719.0 
65.99 720.0 
65.99 721.0 
66.001 722.0 
66.013 723.0 
66.037 724.0 
66.083 725.0 
65.896 726.0 
65.943 727.0 
65.955 728.0 
65.92 729.0 
65.966 730.0 
66.048 731.0 
65.978 732.0 
66.025 733.0 
65.99 734.0 
66.013 735.0 
66.013 736.0 
66.037 737.0 
66.037 738.0 
65.92 739.0 
65.92 740.0 
65.943 741.0 
65.931 742.0 
65.943 743.0 
65.943 744.0 
65.955 745.0 
65.943 746.0 
65.978 747.0 
65.966 748.0 
65.955 749.0 
65.99 750.0 
65.955 751.0 
65.978 752.0 
65.943 753.0 
65.931 754.0 
65.966 755.0 
65.99 756.0 
65.978 757.0 
65.978 758.0 
66.037 759.0 
65.978 760.0 
65.966 761.0 
65.99 762.0 
65.99 763.0 
66.025 764.0 
66.001 765.0 
66.001 766.0 
66.025 767.0 
65.99 768.0 
65.99 769.0 
66.001 770.0 
66.001 771.0 
66.037 772.0 
66.025 773.0 
66.013 774.0 
66.013 775.0 
65.978 776.0 
65.99 777.0 
66.025 778.0 
66.025 779.0 
65.99 780.0 
66.025 781.0 
66.013 782.0 
65.99 783.0 
66.013 784.0 
66.001 785.0 
66.013 786.0 
66.013 787.0 
66.013 788.0 
65.99 789.0 
65.966 790.0 
66.013 791.0 
65.978 792.0 
66.001 793.0 
65.955 794.0 
65.99 795.0 
65.978 796.0 
65.966 797.0 
65.99 798.0 
65.99 799.0 
65.955 800.0 
65.978 801.0 
65.99 802.0 
65.978 803.0 
65.99 804.0 
0.0 805.0 
-0.005 806.0 
0.004 807.0 
-0.007 808.0 
-0.006 809.0 
-0.01 810.0 
-0.001 811.0 
-0.001 812.0 
-0.011 813.0 
-0.017 814.0 
-0.001 815.0 
-0.013 816.0 
-0.017 817.0 
-0.014 818.0 
-0.018 819.0 
-0.024 820.0 
-0.016 821.0 
-0.014 822.0 
-0.02 823.0 
-0.024 824.0 
-0.023 825.0 
-0.023 826.0 
-0.023 827.0 
-0.022 828.0 
-0.026 829.0 
