-0.041 257.0 
-0.05 258.0 
-0.055 259.0 
-0.048 260.0 
-0.04 261.0 
-0.05 262.0 
-0.05 263.0 
-0.053 264.0 
-0.044 265.0 
-0.103 266.0 
-0.044 267.0 
-0.056 268.0 
-0.042 269.0 
-0.031 270.0 
-0.04 271.0 
-0.029 272.0 
-0.048 273.0 
-0.043 274.0 
258.671 275.0 
255.654 276.0 
254.493 277.0 
252.52 278.0 
250.315 279.0 
247.994 280.0 
246.254 281.0 
246.486 282.0 
242.308 283.0 
241.844 284.0 
241.38 285.0 
241.148 286.0 
241.032 287.0 
240.799 288.0 
240.451 289.0 
240.103 290.0 
239.407 291.0 
239.639 292.0 
239.175 293.0 
236.854 294.0 
238.362 295.0 
238.827 296.0 
238.827 297.0 
238.014 298.0 
237.666 299.0 
236.506 300.0 
237.898 301.0 
237.898 302.0 
237.434 303.0 
237.898 304.0 
240.335 305.0 
237.434 306.0 
237.666 307.0 
237.086 308.0 
237.434 309.0 
236.97 310.0 
237.55 311.0 
237.202 312.0 
237.202 313.0 
236.622 314.0 
236.97 315.0 
236.622 316.0 
236.854 317.0 
236.854 318.0 
233.256 319.0 
236.622 320.0 
236.042 321.0 
236.622 322.0 
236.39 323.0 
236.854 324.0 
236.854 325.0 
236.622 326.0 
236.622 327.0 
236.622 328.0 
238.711 329.0 
236.97 330.0 
236.97 331.0 
237.318 332.0 
236.854 333.0 
236.39 334.0 
236.506 335.0 
236.506 336.0 
236.39 337.0 
236.158 338.0 
238.246 339.0 
236.274 340.0 
236.39 341.0 
236.042 342.0 
233.953 343.0 
236.39 344.0 
236.738 345.0 
236.738 346.0 
236.274 347.0 
236.158 348.0 
236.854 349.0 
236.738 350.0 
237.086 351.0 
236.97 352.0 
236.39 353.0 
235.693 354.0 
235.693 355.0 
236.506 356.0 
236.622 357.0 
236.854 358.0 
236.97 359.0 
236.622 360.0 
236.854 361.0 
236.506 362.0 
236.506 363.0 
236.506 364.0 
236.738 365.0 
236.97 366.0 
236.622 367.0 
236.506 368.0 
236.854 369.0 
236.854 370.0 
236.854 371.0 
236.738 372.0 
236.854 373.0 
236.97 374.0 
236.622 375.0 
237.318 376.0 
236.506 377.0 
236.506 378.0 
236.738 379.0 
236.39 380.0 
236.158 381.0 
234.765 382.0 
236.738 383.0 
236.622 384.0 
236.622 385.0 
237.202 386.0 
236.506 387.0 
236.622 388.0 
236.738 389.0 
236.97 390.0 
236.97 391.0 
237.202 392.0 
236.854 393.0 
236.158 394.0 
236.622 395.0 
236.854 396.0 
236.274 397.0 
236.622 398.0 
235.693 399.0 
236.158 400.0 
236.854 401.0 
236.97 402.0 
237.202 403.0 
237.086 404.0 
236.506 405.0 
236.39 406.0 
236.738 407.0 
236.506 408.0 
236.854 409.0 
236.506 410.0 
236.854 411.0 
237.086 412.0 
237.434 413.0 
236.738 414.0 
236.622 415.0 
236.506 416.0 
236.622 417.0 
236.97 418.0 
236.738 419.0 
236.39 420.0 
236.738 421.0 
236.506 422.0 
236.97 423.0 
236.506 424.0 
236.738 425.0 
236.738 426.0 
237.086 427.0 
236.854 428.0 
236.738 429.0 
236.738 430.0 
237.202 431.0 
237.086 432.0 
236.97 433.0 
236.39 434.0 
236.506 435.0 
236.738 436.0 
237.086 437.0 
236.506 438.0 
236.158 439.0 
237.086 440.0 
236.506 441.0 
236.622 442.0 
236.738 443.0 
236.97 444.0 
236.39 445.0 
236.97 446.0 
237.318 447.0 
236.854 448.0 
238.479 449.0 
237.086 450.0 
236.97 451.0 
236.97 452.0 
236.738 453.0 
236.39 454.0 
236.97 455.0 
234.997 456.0 
236.506 457.0 
236.738 458.0 
236.97 459.0 
237.086 460.0 
236.97 461.0 
236.738 462.0 
236.97 463.0 
236.622 464.0 
236.97 465.0 
237.318 466.0 
236.854 467.0 
236.738 468.0 
237.086 469.0 
236.622 470.0 
236.97 471.0 
237.086 472.0 
234.997 473.0 
236.506 474.0 
236.97 475.0 
236.97 476.0 
236.506 477.0 
236.622 478.0 
236.506 479.0 
236.854 480.0 
237.434 481.0 
236.738 482.0 
236.738 483.0 
236.97 484.0 
237.086 485.0 
237.086 486.0 
236.854 487.0 
236.97 488.0 
236.738 489.0 
237.318 490.0 
237.086 491.0 
237.318 492.0 
236.854 493.0 
236.738 494.0 
236.622 495.0 
236.622 496.0 
236.854 497.0 
237.086 498.0 
236.622 499.0 
236.622 500.0 
236.854 501.0 
236.622 502.0 
236.39 503.0 
236.738 504.0 
236.738 505.0 
236.97 506.0 
234.765 507.0 
238.479 508.0 
236.506 509.0 
236.506 510.0 
236.738 511.0 
236.854 512.0 
236.622 513.0 
236.622 514.0 
236.738 515.0 
236.39 516.0 
238.595 517.0 
235.925 518.0 
236.274 519.0 
236.506 520.0 
236.39 521.0 
236.158 522.0 
236.506 523.0 
236.854 524.0 
237.086 525.0 
236.854 526.0 
236.39 527.0 
236.274 528.0 
236.854 529.0 
236.274 530.0 
236.738 531.0 
236.97 532.0 
236.854 533.0 
236.506 534.0 
236.738 535.0 
236.854 536.0 
236.97 537.0 
236.158 538.0 
236.506 539.0 
236.506 540.0 
236.622 541.0 
236.506 542.0 
236.738 543.0 
236.854 544.0 
236.738 545.0 
236.39 546.0 
236.622 547.0 
236.622 548.0 
236.506 549.0 
236.506 550.0 
235.693 551.0 
237.202 552.0 
236.738 553.0 
236.158 554.0 
236.506 555.0 
236.97 556.0 
236.506 557.0 
236.39 558.0 
230.935 559.0 
236.738 560.0 
236.622 561.0 
235.925 562.0 
237.086 563.0 
236.39 564.0 
236.39 565.0 
236.854 566.0 
236.274 567.0 
236.506 568.0 
236.042 569.0 
236.622 570.0 
236.738 571.0 
237.086 572.0 
236.506 573.0 
236.39 574.0 
236.274 575.0 
239.175 576.0 
236.622 577.0 
236.39 578.0 
236.738 579.0 
236.622 580.0 
236.738 581.0 
236.622 582.0 
236.738 583.0 
236.854 584.0 
231.98 585.0 
236.854 586.0 
236.39 587.0 
236.738 588.0 
236.738 589.0 
236.738 590.0 
236.854 591.0 
236.854 592.0 
236.622 593.0 
236.738 594.0 
236.506 595.0 
236.042 596.0 
236.506 597.0 
236.506 598.0 
236.622 599.0 
236.39 600.0 
236.854 601.0 
236.506 602.0 
237.086 603.0 
237.086 604.0 
236.97 605.0 
236.506 606.0 
236.738 607.0 
236.274 608.0 
236.738 609.0 
237.086 610.0 
236.854 611.0 
237.086 612.0 
236.622 613.0 
236.738 614.0 
236.158 615.0 
236.274 616.0 
236.854 617.0 
236.39 618.0 
236.738 619.0 
234.649 620.0 
236.506 621.0 
236.97 622.0 
236.854 623.0 
236.622 624.0 
236.854 625.0 
236.97 626.0 
236.854 627.0 
236.854 628.0 
236.506 629.0 
236.738 630.0 
236.97 631.0 
236.622 632.0 
236.622 633.0 
239.639 634.0 
236.39 635.0 
236.97 636.0 
236.97 637.0 
236.622 638.0 
236.622 639.0 
236.97 640.0 
236.506 641.0 
235.925 642.0 
236.738 643.0 
236.738 644.0 
236.506 645.0 
236.738 646.0 
237.202 647.0 
236.738 648.0 
236.622 649.0 
236.97 650.0 
236.738 651.0 
236.042 652.0 
236.738 653.0 
236.622 654.0 
236.39 655.0 
236.274 656.0 
236.622 657.0 
236.738 658.0 
236.506 659.0 
236.97 660.0 
236.854 661.0 
236.274 662.0 
236.738 663.0 
236.854 664.0 
237.202 665.0 
237.202 666.0 
236.622 667.0 
236.738 668.0 
236.854 669.0 
236.854 670.0 
236.39 671.0 
236.97 672.0 
236.622 673.0 
236.622 674.0 
236.506 675.0 
236.622 676.0 
236.506 677.0 
236.622 678.0 
236.274 679.0 
236.97 680.0 
236.39 681.0 
236.506 682.0 
236.622 683.0 
236.854 684.0 
236.39 685.0 
237.202 686.0 
236.042 687.0 
236.622 688.0 
236.622 689.0 
236.738 690.0 
237.202 691.0 
237.086 692.0 
236.158 693.0 
236.39 694.0 
236.622 695.0 
236.738 696.0 
236.274 697.0 
236.738 698.0 
235.809 699.0 
236.506 700.0 
236.506 701.0 
236.506 702.0 
236.738 703.0 
236.97 704.0 
236.506 705.0 
236.97 706.0 
236.738 707.0 
236.622 708.0 
236.738 709.0 
236.738 710.0 
236.854 711.0 
236.738 712.0 
236.854 713.0 
236.97 714.0 
235.577 715.0 
236.622 716.0 
236.158 717.0 
236.738 718.0 
236.506 719.0 
236.854 720.0 
236.622 721.0 
236.738 722.0 
236.97 723.0 
237.086 724.0 
236.97 725.0 
236.738 726.0 
236.622 727.0 
236.506 728.0 
236.622 729.0 
236.506 730.0 
236.738 731.0 
236.622 732.0 
236.854 733.0 
236.854 734.0 
236.622 735.0 
236.39 736.0 
236.97 737.0 
236.738 738.0 
236.39 739.0 
236.39 740.0 
236.158 741.0 
236.738 742.0 
236.622 743.0 
236.274 744.0 
236.622 745.0 
236.854 746.0 
236.622 747.0 
236.506 748.0 
236.854 749.0 
236.854 750.0 
236.97 751.0 
236.738 752.0 
236.506 753.0 
236.39 754.0 
236.506 755.0 
236.738 756.0 
236.854 757.0 
236.622 758.0 
236.854 759.0 
236.738 760.0 
236.738 761.0 
236.622 762.0 
236.622 763.0 
236.622 764.0 
237.086 765.0 
237.086 766.0 
236.622 767.0 
236.97 768.0 
236.738 769.0 
236.97 770.0 
236.97 771.0 
236.854 772.0 
236.622 773.0 
236.622 774.0 
237.086 775.0 
236.97 776.0 
236.854 777.0 
236.97 778.0 
236.738 779.0 
236.854 780.0 
236.506 781.0 
236.738 782.0 
236.854 783.0 
236.854 784.0 
236.854 785.0 
236.738 786.0 
237.086 787.0 
236.622 788.0 
236.738 789.0 
236.738 790.0 
237.086 791.0 
237.086 792.0 
236.854 793.0 
236.622 794.0 
236.738 795.0 
236.854 796.0 
236.506 797.0 
236.39 798.0 
236.622 799.0 
236.738 800.0 
236.97 801.0 
236.738 802.0 
236.506 803.0 
236.97 804.0 
0.036 805.0 
0.037 806.0 
0.035 807.0 
0.04 808.0 
0.038 809.0 
0.04 810.0 
0.04 811.0 
0.047 812.0 
0.038 813.0 
0.025 814.0 
0.031 815.0 
0.024 816.0 
0.02 817.0 
0.011 818.0 
0.011 819.0 
0.011 820.0 
0.006 821.0 
-0.001 822.0 
-0.006 823.0 
-0.006 824.0 
-0.012 825.0 
-0.016 826.0 
-0.018 827.0 
-0.017 828.0 
-0.028 829.0 
