-0.04 257.0 
-0.048 258.0 
-0.093 259.0 
-0.061 260.0 
-0.042 261.0 
-0.059 262.0 
-0.062 263.0 
-0.058 264.0 
-0.054 265.0 
-0.044 266.0 
-0.043 267.0 
-0.041 268.0 
-0.011 269.0 
-0.047 270.0 
-0.047 271.0 
-0.042 272.0 
-0.04 273.0 
-0.031 274.0 
258.091 275.0 
253.913 276.0 
252.752 277.0 
251.244 278.0 
249.735 279.0 
247.298 280.0 
245.906 281.0 
244.281 282.0 
242.192 283.0 
241.728 284.0 
241.264 285.0 
241.148 286.0 
241.38 287.0 
241.38 288.0 
241.032 289.0 
240.567 290.0 
239.755 291.0 
239.639 292.0 
240.103 293.0 
239.755 294.0 
239.059 295.0 
239.059 296.0 
239.175 297.0 
238.827 298.0 
238.479 299.0 
238.595 300.0 
238.246 301.0 
238.479 302.0 
236.738 303.0 
238.362 304.0 
238.246 305.0 
237.898 306.0 
238.014 307.0 
237.434 308.0 
238.13 309.0 
237.55 310.0 
237.666 311.0 
236.97 312.0 
237.666 313.0 
237.318 314.0 
237.666 315.0 
237.666 316.0 
237.318 317.0 
236.97 318.0 
237.434 319.0 
236.97 320.0 
234.649 321.0 
237.202 322.0 
236.97 323.0 
237.318 324.0 
237.086 325.0 
237.55 326.0 
236.97 327.0 
237.086 328.0 
243.236 329.0 
237.202 330.0 
237.202 331.0 
239.523 332.0 
237.434 333.0 
236.97 334.0 
238.014 335.0 
237.318 336.0 
237.086 337.0 
236.622 338.0 
237.434 339.0 
236.97 340.0 
236.97 341.0 
236.622 342.0 
232.676 343.0 
237.086 344.0 
236.97 345.0 
236.854 346.0 
237.086 347.0 
235.229 348.0 
237.434 349.0 
237.086 350.0 
237.086 351.0 
237.086 352.0 
236.97 353.0 
235.345 354.0 
237.55 355.0 
237.086 356.0 
237.086 357.0 
236.854 358.0 
237.202 359.0 
236.97 360.0 
237.434 361.0 
236.97 362.0 
236.738 363.0 
236.97 364.0 
236.506 365.0 
236.97 366.0 
237.202 367.0 
236.854 368.0 
236.97 369.0 
237.086 370.0 
237.318 371.0 
237.318 372.0 
237.086 373.0 
237.434 374.0 
237.318 375.0 
237.318 376.0 
236.274 377.0 
237.086 378.0 
237.086 379.0 
236.854 380.0 
236.854 381.0 
237.202 382.0 
236.854 383.0 
236.97 384.0 
236.97 385.0 
237.318 386.0 
236.854 387.0 
236.97 388.0 
237.318 389.0 
237.086 390.0 
237.318 391.0 
236.854 392.0 
237.318 393.0 
236.97 394.0 
237.434 395.0 
237.55 396.0 
236.738 397.0 
237.086 398.0 
235.345 399.0 
236.854 400.0 
237.318 401.0 
237.086 402.0 
237.434 403.0 
236.854 404.0 
236.854 405.0 
236.622 406.0 
237.202 407.0 
237.086 408.0 
237.202 409.0 
237.202 410.0 
236.97 411.0 
237.55 412.0 
239.407 413.0 
237.55 414.0 
236.97 415.0 
237.434 416.0 
236.97 417.0 
237.434 418.0 
236.854 419.0 
236.854 420.0 
237.086 421.0 
236.854 422.0 
237.202 423.0 
237.086 424.0 
236.854 425.0 
236.97 426.0 
237.434 427.0 
237.086 428.0 
237.086 429.0 
236.97 430.0 
237.55 431.0 
237.434 432.0 
237.55 433.0 
237.318 434.0 
237.318 435.0 
237.55 436.0 
237.666 437.0 
236.39 438.0 
237.086 439.0 
237.318 440.0 
237.318 441.0 
236.97 442.0 
237.086 443.0 
236.97 444.0 
237.202 445.0 
237.202 446.0 
237.318 447.0 
237.55 448.0 
237.318 449.0 
238.246 450.0 
237.202 451.0 
237.318 452.0 
236.97 453.0 
237.202 454.0 
237.318 455.0 
236.97 456.0 
236.738 457.0 
237.086 458.0 
237.318 459.0 
237.55 460.0 
237.086 461.0 
237.202 462.0 
237.318 463.0 
237.202 464.0 
237.666 465.0 
237.318 466.0 
237.318 467.0 
236.738 468.0 
237.202 469.0 
236.97 470.0 
237.434 471.0 
237.55 472.0 
237.666 473.0 
237.318 474.0 
237.666 475.0 
237.086 476.0 
236.622 477.0 
236.97 478.0 
236.97 479.0 
236.97 480.0 
237.434 481.0 
237.202 482.0 
237.318 483.0 
237.086 484.0 
237.202 485.0 
237.086 486.0 
236.622 487.0 
237.55 488.0 
237.086 489.0 
237.086 490.0 
237.666 491.0 
237.434 492.0 
237.318 493.0 
237.666 494.0 
237.086 495.0 
236.97 496.0 
236.854 497.0 
237.666 498.0 
236.97 499.0 
236.854 500.0 
237.318 501.0 
237.202 502.0 
236.854 503.0 
236.97 504.0 
237.086 505.0 
237.086 506.0 
234.185 507.0 
240.799 508.0 
236.97 509.0 
237.086 510.0 
237.202 511.0 
237.318 512.0 
237.55 513.0 
237.434 514.0 
237.55 515.0 
237.55 516.0 
240.335 517.0 
236.39 518.0 
236.738 519.0 
236.738 520.0 
236.97 521.0 
236.622 522.0 
237.202 523.0 
236.854 524.0 
236.622 525.0 
237.086 526.0 
237.086 527.0 
236.506 528.0 
236.854 529.0 
236.738 530.0 
236.622 531.0 
237.318 532.0 
237.318 533.0 
237.318 534.0 
237.318 535.0 
237.202 536.0 
236.854 537.0 
236.97 538.0 
236.97 539.0 
237.086 540.0 
237.318 541.0 
236.622 542.0 
237.202 543.0 
236.854 544.0 
236.97 545.0 
236.274 546.0 
237.666 547.0 
237.202 548.0 
237.086 549.0 
236.622 550.0 
235.345 551.0 
237.202 552.0 
236.97 553.0 
236.854 554.0 
237.086 555.0 
237.202 556.0 
236.97 557.0 
236.97 558.0 
233.721 559.0 
237.434 560.0 
237.086 561.0 
236.39 562.0 
236.97 563.0 
236.854 564.0 
236.274 565.0 
236.97 566.0 
236.738 567.0 
236.854 568.0 
237.202 569.0 
236.97 570.0 
237.202 571.0 
236.97 572.0 
237.086 573.0 
236.622 574.0 
236.97 575.0 
237.202 576.0 
236.854 577.0 
236.854 578.0 
237.318 579.0 
236.854 580.0 
237.318 581.0 
237.086 582.0 
236.854 583.0 
237.086 584.0 
237.318 585.0 
237.086 586.0 
237.202 587.0 
237.55 588.0 
236.854 589.0 
237.318 590.0 
237.086 591.0 
237.086 592.0 
236.97 593.0 
236.97 594.0 
237.202 595.0 
237.434 596.0 
236.622 597.0 
237.086 598.0 
237.202 599.0 
237.318 600.0 
237.434 601.0 
237.318 602.0 
237.086 603.0 
236.97 604.0 
237.434 605.0 
236.97 606.0 
237.55 607.0 
237.318 608.0 
237.202 609.0 
237.666 610.0 
237.202 611.0 
237.434 612.0 
237.086 613.0 
237.666 614.0 
237.434 615.0 
237.086 616.0 
237.434 617.0 
236.506 618.0 
237.202 619.0 
234.533 620.0 
237.202 621.0 
237.086 622.0 
236.738 623.0 
236.854 624.0 
237.202 625.0 
236.738 626.0 
237.202 627.0 
237.318 628.0 
237.202 629.0 
237.202 630.0 
237.318 631.0 
236.738 632.0 
237.434 633.0 
237.55 634.0 
237.086 635.0 
237.434 636.0 
237.086 637.0 
237.202 638.0 
237.086 639.0 
237.202 640.0 
237.086 641.0 
237.202 642.0 
237.434 643.0 
237.086 644.0 
236.738 645.0 
237.318 646.0 
237.782 647.0 
237.086 648.0 
237.202 649.0 
236.97 650.0 
237.086 651.0 
237.202 652.0 
237.202 653.0 
237.55 654.0 
237.318 655.0 
237.318 656.0 
236.854 657.0 
236.97 658.0 
236.738 659.0 
237.202 660.0 
237.202 661.0 
237.782 662.0 
236.622 663.0 
237.202 664.0 
237.086 665.0 
237.434 666.0 
236.97 667.0 
237.434 668.0 
237.086 669.0 
237.55 670.0 
236.854 671.0 
237.202 672.0 
237.434 673.0 
237.202 674.0 
237.086 675.0 
236.854 676.0 
237.086 677.0 
237.202 678.0 
237.086 679.0 
237.434 680.0 
236.854 681.0 
237.086 682.0 
237.202 683.0 
236.738 684.0 
237.202 685.0 
237.434 686.0 
237.318 687.0 
237.202 688.0 
237.086 689.0 
237.202 690.0 
237.666 691.0 
237.55 692.0 
237.086 693.0 
237.202 694.0 
237.434 695.0 
237.318 696.0 
237.086 697.0 
236.738 698.0 
234.881 699.0 
236.854 700.0 
236.854 701.0 
237.086 702.0 
237.086 703.0 
236.854 704.0 
236.854 705.0 
237.55 706.0 
236.738 707.0 
237.086 708.0 
237.202 709.0 
237.434 710.0 
237.202 711.0 
237.318 712.0 
237.434 713.0 
237.318 714.0 
237.55 715.0 
236.97 716.0 
236.97 717.0 
236.738 718.0 
236.854 719.0 
237.086 720.0 
237.202 721.0 
237.202 722.0 
237.318 723.0 
237.434 724.0 
237.318 725.0 
236.738 726.0 
236.97 727.0 
236.97 728.0 
237.086 729.0 
237.202 730.0 
237.434 731.0 
237.55 732.0 
237.434 733.0 
237.202 734.0 
237.434 735.0 
237.55 736.0 
237.202 737.0 
237.434 738.0 
233.837 739.0 
236.738 740.0 
236.506 741.0 
236.622 742.0 
236.854 743.0 
236.97 744.0 
236.854 745.0 
236.854 746.0 
237.086 747.0 
236.97 748.0 
237.202 749.0 
237.086 750.0 
237.318 751.0 
237.086 752.0 
237.086 753.0 
236.622 754.0 
237.202 755.0 
237.202 756.0 
237.202 757.0 
236.854 758.0 
237.202 759.0 
237.202 760.0 
237.318 761.0 
237.086 762.0 
237.202 763.0 
237.086 764.0 
237.318 765.0 
237.318 766.0 
237.55 767.0 
237.202 768.0 
237.202 769.0 
237.434 770.0 
237.434 771.0 
237.318 772.0 
237.202 773.0 
237.434 774.0 
237.898 775.0 
237.55 776.0 
236.97 777.0 
237.318 778.0 
236.97 779.0 
237.202 780.0 
237.202 781.0 
236.97 782.0 
236.97 783.0 
237.318 784.0 
236.97 785.0 
236.854 786.0 
237.434 787.0 
237.55 788.0 
237.318 789.0 
237.086 790.0 
237.434 791.0 
237.086 792.0 
237.318 793.0 
236.97 794.0 
237.318 795.0 
237.318 796.0 
236.97 797.0 
237.202 798.0 
237.318 799.0 
236.97 800.0 
237.086 801.0 
237.318 802.0 
237.086 803.0 
237.086 804.0 
0.032 805.0 
0.025 806.0 
0.03 807.0 
0.036 808.0 
0.028 809.0 
0.017 810.0 
0.0 811.0 
-0.004 812.0 
-0.026 813.0 
-0.041 814.0 
-0.058 815.0 
-0.061 816.0 
-0.078 817.0 
-0.092 818.0 
-0.093 819.0 
-0.101 820.0 
-0.111 821.0 
-0.114 822.0 
-0.114 823.0 
-0.104 824.0 
-0.111 825.0 
-0.108 826.0 
-0.103 827.0 
-0.102 828.0 
-0.09 829.0 
