-0.037 257.0 
-0.035 258.0 
-0.046 259.0 
-0.075 260.0 
-0.056 261.0 
-0.035 262.0 
-0.046 263.0 
-0.061 264.0 
-0.048 265.0 
-0.055 266.0 
-0.031 267.0 
-0.03 268.0 
-0.036 269.0 
-0.042 270.0 
-0.046 271.0 
-0.047 272.0 
-0.025 273.0 
-0.052 274.0 
263.081 275.0 
258.787 276.0 
257.394 277.0 
255.538 278.0 
253.681 279.0 
251.708 280.0 
249.735 281.0 
250.548 282.0 
246.834 283.0 
246.138 284.0 
245.674 285.0 
245.093 286.0 
245.441 287.0 
245.209 288.0 
244.629 289.0 
244.629 290.0 
244.049 291.0 
244.049 292.0 
243.585 293.0 
242.54 294.0 
242.888 295.0 
243.004 296.0 
242.772 297.0 
242.308 298.0 
242.076 299.0 
242.772 300.0 
242.076 301.0 
242.076 302.0 
241.38 303.0 
241.844 304.0 
246.022 305.0 
241.844 306.0 
241.844 307.0 
241.496 308.0 
241.496 309.0 
241.148 310.0 
241.728 311.0 
241.264 312.0 
241.38 313.0 
240.567 314.0 
241.148 315.0 
240.916 316.0 
240.916 317.0 
240.567 318.0 
240.683 319.0 
240.567 320.0 
238.595 321.0 
240.683 322.0 
240.683 323.0 
240.799 324.0 
240.567 325.0 
240.683 326.0 
240.916 327.0 
240.567 328.0 
245.906 329.0 
241.148 330.0 
240.335 331.0 
242.192 332.0 
241.032 333.0 
240.335 334.0 
240.335 335.0 
240.799 336.0 
240.799 337.0 
240.451 338.0 
241.728 339.0 
240.567 340.0 
240.567 341.0 
240.451 342.0 
238.479 343.0 
240.683 344.0 
240.683 345.0 
240.335 346.0 
240.683 347.0 
239.755 348.0 
240.916 349.0 
240.683 350.0 
240.683 351.0 
240.683 352.0 
240.799 353.0 
239.059 354.0 
239.175 355.0 
240.335 356.0 
240.916 357.0 
240.683 358.0 
240.916 359.0 
240.683 360.0 
240.683 361.0 
240.683 362.0 
240.916 363.0 
240.451 364.0 
240.451 365.0 
240.683 366.0 
241.032 367.0 
240.799 368.0 
240.799 369.0 
240.799 370.0 
240.799 371.0 
241.496 372.0 
240.916 373.0 
240.567 374.0 
240.799 375.0 
241.728 376.0 
240.219 377.0 
240.683 378.0 
240.451 379.0 
240.799 380.0 
240.683 381.0 
241.032 382.0 
240.567 383.0 
240.567 384.0 
240.567 385.0 
240.916 386.0 
240.335 387.0 
240.683 388.0 
240.799 389.0 
240.567 390.0 
240.916 391.0 
240.683 392.0 
241.148 393.0 
240.335 394.0 
240.799 395.0 
240.799 396.0 
240.799 397.0 
240.683 398.0 
239.871 399.0 
240.219 400.0 
240.799 401.0 
240.567 402.0 
241.032 403.0 
240.683 404.0 
240.799 405.0 
240.451 406.0 
240.683 407.0 
240.683 408.0 
241.032 409.0 
240.683 410.0 
241.148 411.0 
240.916 412.0 
241.612 413.0 
240.799 414.0 
240.567 415.0 
240.567 416.0 
241.148 417.0 
240.799 418.0 
240.683 419.0 
240.683 420.0 
240.335 421.0 
240.683 422.0 
241.032 423.0 
240.916 424.0 
240.799 425.0 
241.032 426.0 
241.148 427.0 
240.683 428.0 
240.683 429.0 
240.683 430.0 
241.032 431.0 
241.38 432.0 
241.032 433.0 
240.103 434.0 
240.683 435.0 
240.799 436.0 
241.032 437.0 
240.567 438.0 
240.451 439.0 
239.987 440.0 
240.916 441.0 
240.567 442.0 
240.916 443.0 
240.683 444.0 
240.799 445.0 
241.032 446.0 
240.799 447.0 
241.148 448.0 
244.165 449.0 
241.148 450.0 
241.148 451.0 
240.916 452.0 
240.799 453.0 
240.451 454.0 
240.567 455.0 
238.711 456.0 
240.567 457.0 
240.683 458.0 
240.799 459.0 
241.032 460.0 
240.916 461.0 
240.683 462.0 
241.38 463.0 
240.916 464.0 
241.032 465.0 
241.032 466.0 
241.032 467.0 
240.683 468.0 
240.916 469.0 
240.916 470.0 
240.683 471.0 
241.032 472.0 
238.827 473.0 
240.451 474.0 
241.148 475.0 
240.799 476.0 
240.567 477.0 
240.683 478.0 
240.683 479.0 
240.916 480.0 
241.148 481.0 
240.683 482.0 
241.032 483.0 
241.032 484.0 
240.916 485.0 
240.683 486.0 
240.567 487.0 
241.264 488.0 
240.916 489.0 
240.916 490.0 
241.264 491.0 
241.264 492.0 
241.032 493.0 
241.148 494.0 
240.683 495.0 
240.567 496.0 
240.916 497.0 
241.148 498.0 
240.451 499.0 
240.451 500.0 
241.032 501.0 
240.916 502.0 
240.567 503.0 
240.799 504.0 
241.032 505.0 
240.799 506.0 
237.782 507.0 
244.049 508.0 
240.799 509.0 
240.799 510.0 
240.799 511.0 
241.148 512.0 
241.032 513.0 
241.032 514.0 
241.032 515.0 
241.032 516.0 
241.38 517.0 
240.219 518.0 
240.567 519.0 
240.451 520.0 
240.683 521.0 
240.451 522.0 
240.567 523.0 
240.799 524.0 
240.567 525.0 
240.567 526.0 
240.683 527.0 
240.567 528.0 
240.567 529.0 
240.451 530.0 
240.335 531.0 
241.148 532.0 
241.264 533.0 
240.683 534.0 
240.799 535.0 
241.032 536.0 
240.683 537.0 
240.219 538.0 
240.451 539.0 
240.451 540.0 
240.916 541.0 
240.451 542.0 
240.916 543.0 
240.683 544.0 
240.683 545.0 
240.683 546.0 
240.916 547.0 
240.799 548.0 
240.799 549.0 
240.567 550.0 
239.407 551.0 
240.916 552.0 
240.683 553.0 
240.335 554.0 
240.567 555.0 
240.335 556.0 
240.799 557.0 
240.683 558.0 
234.765 559.0 
240.567 560.0 
240.451 561.0 
239.987 562.0 
240.567 563.0 
240.799 564.0 
240.335 565.0 
240.916 566.0 
240.335 567.0 
240.451 568.0 
240.567 569.0 
240.335 570.0 
240.916 571.0 
240.683 572.0 
240.451 573.0 
240.451 574.0 
240.451 575.0 
244.049 576.0 
240.567 577.0 
240.451 578.0 
240.799 579.0 
240.683 580.0 
240.799 581.0 
240.567 582.0 
240.799 583.0 
240.799 584.0 
239.987 585.0 
240.799 586.0 
240.567 587.0 
240.567 588.0 
240.916 589.0 
240.799 590.0 
240.916 591.0 
240.799 592.0 
240.567 593.0 
240.451 594.0 
240.335 595.0 
240.335 596.0 
240.799 597.0 
240.451 598.0 
240.567 599.0 
241.032 600.0 
241.264 601.0 
240.799 602.0 
241.032 603.0 
240.799 604.0 
241.148 605.0 
240.916 606.0 
241.032 607.0 
240.799 608.0 
240.799 609.0 
240.916 610.0 
240.916 611.0 
240.916 612.0 
240.916 613.0 
240.799 614.0 
240.335 615.0 
240.335 616.0 
241.148 617.0 
239.987 618.0 
240.683 619.0 
238.362 620.0 
240.799 621.0 
240.683 622.0 
240.567 623.0 
240.567 624.0 
241.032 625.0 
240.451 626.0 
241.148 627.0 
241.032 628.0 
240.567 629.0 
241.032 630.0 
241.032 631.0 
240.567 632.0 
240.916 633.0 
241.032 634.0 
240.567 635.0 
240.683 636.0 
240.683 637.0 
240.799 638.0 
240.683 639.0 
240.916 640.0 
240.916 641.0 
240.567 642.0 
240.799 643.0 
240.567 644.0 
240.567 645.0 
240.683 646.0 
240.799 647.0 
240.799 648.0 
240.799 649.0 
241.264 650.0 
240.567 651.0 
240.219 652.0 
240.916 653.0 
240.916 654.0 
240.799 655.0 
240.683 656.0 
240.799 657.0 
240.916 658.0 
240.567 659.0 
240.567 660.0 
240.799 661.0 
240.683 662.0 
240.567 663.0 
240.799 664.0 
241.148 665.0 
241.496 666.0 
240.799 667.0 
240.916 668.0 
240.799 669.0 
241.032 670.0 
240.799 671.0 
240.916 672.0 
240.916 673.0 
240.916 674.0 
240.683 675.0 
240.799 676.0 
240.451 677.0 
240.683 678.0 
240.567 679.0 
240.799 680.0 
240.335 681.0 
240.683 682.0 
240.451 683.0 
240.916 684.0 
241.032 685.0 
241.38 686.0 
240.219 687.0 
240.799 688.0 
240.799 689.0 
241.264 690.0 
241.148 691.0 
241.496 692.0 
240.567 693.0 
240.451 694.0 
240.567 695.0 
240.799 696.0 
240.799 697.0 
241.032 698.0 
239.755 699.0 
240.799 700.0 
240.335 701.0 
240.567 702.0 
240.683 703.0 
240.799 704.0 
240.567 705.0 
241.264 706.0 
240.799 707.0 
240.916 708.0 
240.916 709.0 
240.567 710.0 
241.032 711.0 
241.032 712.0 
241.148 713.0 
240.799 714.0 
238.827 715.0 
240.567 716.0 
240.683 717.0 
240.567 718.0 
240.916 719.0 
240.799 720.0 
240.683 721.0 
240.916 722.0 
240.799 723.0 
241.032 724.0 
241.264 725.0 
240.916 726.0 
240.799 727.0 
241.032 728.0 
240.683 729.0 
240.916 730.0 
240.916 731.0 
241.032 732.0 
240.683 733.0 
241.032 734.0 
240.335 735.0 
240.799 736.0 
241.032 737.0 
241.032 738.0 
240.219 739.0 
240.683 740.0 
240.335 741.0 
240.567 742.0 
240.567 743.0 
240.683 744.0 
240.799 745.0 
240.567 746.0 
240.683 747.0 
240.567 748.0 
240.683 749.0 
240.916 750.0 
240.799 751.0 
240.567 752.0 
241.032 753.0 
240.683 754.0 
240.683 755.0 
240.916 756.0 
240.451 757.0 
240.683 758.0 
240.683 759.0 
240.799 760.0 
240.916 761.0 
240.451 762.0 
240.683 763.0 
241.032 764.0 
240.799 765.0 
240.916 766.0 
240.916 767.0 
240.799 768.0 
241.032 769.0 
240.799 770.0 
241.264 771.0 
241.38 772.0 
241.264 773.0 
240.567 774.0 
241.032 775.0 
240.683 776.0 
240.567 777.0 
240.916 778.0 
240.916 779.0 
240.567 780.0 
240.683 781.0 
240.799 782.0 
240.916 783.0 
240.683 784.0 
240.916 785.0 
240.567 786.0 
240.799 787.0 
240.683 788.0 
241.032 789.0 
240.916 790.0 
240.799 791.0 
241.38 792.0 
241.148 793.0 
240.916 794.0 
240.567 795.0 
240.916 796.0 
240.799 797.0 
240.683 798.0 
240.683 799.0 
240.683 800.0 
240.683 801.0 
240.567 802.0 
240.683 803.0 
240.799 804.0 
0.022 805.0 
0.02 806.0 
0.036 807.0 
0.034 808.0 
0.034 809.0 
0.032 810.0 
0.032 811.0 
0.012 812.0 
0.013 813.0 
0.01 814.0 
0.0 815.0 
-0.016 816.0 
-0.018 817.0 
-0.02 818.0 
-0.032 819.0 
-0.044 820.0 
-0.047 821.0 
-0.044 822.0 
-0.059 823.0 
-0.059 824.0 
-0.069 825.0 
-0.06 826.0 
-0.061 827.0 
-0.064 828.0 
-0.068 829.0 
