-0.014 257.0 
-0.018 258.0 
0.001 259.0 
-0.011 260.0 
-0.018 261.0 
-0.005 262.0 
-0.011 263.0 
-0.038 264.0 
-0.034 265.0 
-0.043 266.0 
-0.032 267.0 
-0.007 268.0 
-0.029 269.0 
-0.03 270.0 
-0.042 271.0 
-0.042 272.0 
-0.023 273.0 
-0.012 274.0 
134.105 275.0 
128.487 276.0 
127.39 277.0 
126.782 278.0 
126.42 279.0 
126.163 280.0 
125.918 281.0 
125.638 282.0 
125.416 283.0 
124.89 284.0 
124.867 285.0 
124.82 286.0 
124.913 287.0 
124.948 288.0 
124.902 289.0 
124.902 290.0 
124.551 291.0 
124.47 292.0 
124.493 293.0 
124.633 294.0 
124.248 295.0 
124.329 296.0 
124.4 297.0 
124.061 298.0 
124.014 299.0 
124.108 300.0 
123.781 301.0 
123.827 302.0 
123.5 303.0 
123.559 304.0 
123.489 305.0 
122.636 306.0 
120.277 307.0 
116.609 308.0 
112.685 309.0 
107.99 310.0 
103.096 311.0 
96.485 312.0 
88.742 313.0 
78.58 314.0 
68.326 315.0 
58.036 316.0 
49.253 317.0 
42.222 318.0 
41.79 319.0 
41.591 320.0 
41.614 321.0 
41.556 322.0 
41.486 323.0 
41.544 324.0 
41.544 325.0 
41.556 326.0 
41.533 327.0 
41.509 328.0 
41.591 329.0 
41.579 330.0 
41.533 331.0 
41.579 332.0 
41.579 333.0 
41.521 334.0 
42.047 335.0 
41.591 336.0 
41.591 337.0 
41.521 338.0 
41.638 339.0 
41.556 340.0 
41.533 341.0 
41.533 342.0 
41.603 343.0 
41.544 344.0 
41.521 345.0 
41.533 346.0 
41.486 347.0 
41.591 348.0 
41.556 349.0 
41.579 350.0 
41.544 351.0 
41.568 352.0 
41.533 353.0 
40.937 354.0 
41.591 355.0 
41.568 356.0 
41.603 357.0 
41.591 358.0 
41.614 359.0 
41.556 360.0 
41.521 361.0 
41.544 362.0 
41.556 363.0 
41.544 364.0 
41.521 365.0 
41.544 366.0 
41.521 367.0 
41.533 368.0 
41.521 369.0 
41.533 370.0 
41.509 371.0 
41.579 372.0 
41.579 373.0 
41.568 374.0 
41.603 375.0 
41.521 376.0 
41.439 377.0 
41.568 378.0 
41.544 379.0 
41.556 380.0 
41.498 381.0 
41.556 382.0 
41.521 383.0 
41.521 384.0 
41.521 385.0 
41.556 386.0 
41.404 387.0 
41.498 388.0 
41.568 389.0 
41.544 390.0 
41.521 391.0 
41.521 392.0 
41.603 393.0 
41.509 394.0 
41.568 395.0 
41.579 396.0 
41.521 397.0 
41.568 398.0 
41.451 399.0 
41.556 400.0 
41.544 401.0 
41.591 402.0 
41.603 403.0 
41.463 404.0 
41.544 405.0 
41.486 406.0 
41.521 407.0 
41.579 408.0 
41.556 409.0 
41.474 410.0 
41.509 411.0 
41.579 412.0 
41.603 413.0 
41.556 414.0 
41.509 415.0 
41.556 416.0 
41.556 417.0 
41.778 418.0 
41.579 419.0 
41.521 420.0 
41.521 421.0 
41.579 422.0 
41.591 423.0 
41.521 424.0 
41.451 425.0 
41.568 426.0 
41.556 427.0 
41.509 428.0 
41.486 429.0 
41.474 430.0 
41.544 431.0 
41.603 432.0 
41.556 433.0 
41.509 434.0 
41.544 435.0 
41.579 436.0 
41.766 437.0 
41.521 438.0 
41.544 439.0 
41.521 440.0 
41.521 441.0 
41.521 442.0 
41.533 443.0 
41.498 444.0 
41.533 445.0 
41.498 446.0 
41.568 447.0 
41.579 448.0 
41.568 449.0 
41.801 450.0 
41.556 451.0 
41.556 452.0 
41.544 453.0 
41.498 454.0 
41.544 455.0 
41.556 456.0 
41.521 457.0 
41.521 458.0 
41.579 459.0 
41.591 460.0 
41.509 461.0 
41.509 462.0 
41.579 463.0 
41.556 464.0 
41.591 465.0 
41.568 466.0 
41.521 467.0 
41.416 468.0 
41.533 469.0 
41.544 470.0 
41.568 471.0 
41.544 472.0 
41.591 473.0 
41.533 474.0 
41.556 475.0 
41.579 476.0 
41.509 477.0 
41.544 478.0 
41.509 479.0 
41.544 480.0 
41.579 481.0 
41.533 482.0 
41.568 483.0 
41.498 484.0 
41.544 485.0 
41.533 486.0 
41.498 487.0 
41.556 488.0 
41.544 489.0 
41.533 490.0 
41.568 491.0 
41.579 492.0 
41.568 493.0 
41.591 494.0 
41.544 495.0 
41.509 496.0 
41.544 497.0 
41.603 498.0 
41.486 499.0 
41.463 500.0 
41.521 501.0 
41.568 502.0 
41.509 503.0 
41.521 504.0 
41.509 505.0 
41.533 506.0 
41.136 507.0 
41.544 508.0 
41.486 509.0 
41.509 510.0 
41.509 511.0 
41.533 512.0 
41.533 513.0 
41.533 514.0 
41.544 515.0 
41.556 516.0 
41.579 517.0 
41.474 518.0 
41.463 519.0 
41.498 520.0 
41.498 521.0 
41.463 522.0 
41.486 523.0 
41.486 524.0 
41.486 525.0 
41.486 526.0 
41.509 527.0 
41.474 528.0 
41.463 529.0 
41.428 530.0 
41.509 531.0 
41.556 532.0 
41.556 533.0 
41.498 534.0 
41.544 535.0 
41.533 536.0 
41.544 537.0 
41.521 538.0 
41.521 539.0 
41.509 540.0 
41.556 541.0 
41.533 542.0 
41.544 543.0 
41.509 544.0 
41.486 545.0 
41.474 546.0 
41.533 547.0 
41.521 548.0 
41.474 549.0 
41.463 550.0 
41.299 551.0 
41.579 552.0 
41.521 553.0 
41.498 554.0 
41.463 555.0 
41.533 556.0 
41.498 557.0 
41.498 558.0 
41.556 559.0 
41.533 560.0 
41.486 561.0 
41.334 562.0 
41.521 563.0 
41.498 564.0 
41.287 565.0 
41.544 566.0 
41.603 567.0 
41.451 568.0 
41.498 569.0 
41.463 570.0 
41.556 571.0 
41.509 572.0 
41.474 573.0 
41.451 574.0 
41.509 575.0 
41.544 576.0 
41.498 577.0 
41.544 578.0 
41.579 579.0 
41.521 580.0 
41.521 581.0 
41.521 582.0 
41.579 583.0 
41.521 584.0 
41.579 585.0 
41.533 586.0 
41.498 587.0 
41.533 588.0 
41.486 589.0 
41.509 590.0 
41.521 591.0 
41.498 592.0 
41.463 593.0 
41.509 594.0 
41.498 595.0 
41.556 596.0 
41.486 597.0 
41.533 598.0 
41.509 599.0 
41.521 600.0 
41.544 601.0 
41.498 602.0 
41.544 603.0 
41.509 604.0 
41.533 605.0 
41.498 606.0 
41.521 607.0 
41.451 608.0 
41.486 609.0 
41.556 610.0 
41.509 611.0 
41.544 612.0 
41.486 613.0 
41.509 614.0 
41.463 615.0 
41.498 616.0 
41.521 617.0 
41.521 618.0 
41.556 619.0 
41.112 620.0 
41.509 621.0 
41.533 622.0 
41.498 623.0 
41.474 624.0 
41.544 625.0 
41.439 626.0 
41.498 627.0 
41.521 628.0 
41.486 629.0 
41.498 630.0 
41.568 631.0 
41.463 632.0 
41.509 633.0 
41.544 634.0 
41.486 635.0 
41.521 636.0 
41.544 637.0 
41.486 638.0 
41.521 639.0 
41.544 640.0 
41.451 641.0 
41.509 642.0 
41.556 643.0 
41.451 644.0 
41.509 645.0 
41.509 646.0 
41.533 647.0 
41.498 648.0 
41.439 649.0 
41.533 650.0 
41.474 651.0 
41.521 652.0 
41.509 653.0 
41.544 654.0 
41.463 655.0 
41.498 656.0 
41.498 657.0 
41.556 658.0 
41.474 659.0 
41.498 660.0 
41.568 661.0 
41.568 662.0 
41.439 663.0 
41.498 664.0 
41.533 665.0 
41.568 666.0 
41.439 667.0 
41.509 668.0 
41.521 669.0 
41.556 670.0 
41.498 671.0 
41.486 672.0 
41.509 673.0 
41.509 674.0 
41.556 675.0 
41.463 676.0 
41.463 677.0 
41.521 678.0 
41.463 679.0 
41.568 680.0 
41.474 681.0 
41.451 682.0 
41.509 683.0 
41.521 684.0 
41.568 685.0 
41.544 686.0 
41.463 687.0 
41.486 688.0 
41.498 689.0 
41.509 690.0 
41.568 691.0 
41.556 692.0 
41.451 693.0 
41.486 694.0 
41.498 695.0 
41.486 696.0 
41.509 697.0 
41.568 698.0 
41.042 699.0 
41.474 700.0 
41.463 701.0 
41.474 702.0 
41.498 703.0 
41.521 704.0 
41.521 705.0 
41.556 706.0 
41.451 707.0 
41.486 708.0 
41.474 709.0 
41.509 710.0 
41.533 711.0 
41.556 712.0 
41.544 713.0 
41.556 714.0 
41.568 715.0 
41.463 716.0 
41.486 717.0 
41.486 718.0 
41.509 719.0 
41.521 720.0 
41.509 721.0 
41.521 722.0 
41.521 723.0 
41.556 724.0 
41.556 725.0 
41.439 726.0 
41.416 727.0 
41.463 728.0 
41.474 729.0 
41.498 730.0 
41.486 731.0 
41.533 732.0 
41.498 733.0 
41.509 734.0 
41.521 735.0 
41.544 736.0 
41.556 737.0 
41.556 738.0 
41.568 739.0 
41.474 740.0 
41.474 741.0 
41.474 742.0 
41.463 743.0 
41.463 744.0 
41.486 745.0 
41.498 746.0 
41.474 747.0 
41.474 748.0 
41.486 749.0 
41.509 750.0 
41.533 751.0 
41.498 752.0 
41.521 753.0 
41.498 754.0 
41.486 755.0 
41.509 756.0 
41.533 757.0 
41.533 758.0 
41.521 759.0 
41.521 760.0 
41.521 761.0 
41.509 762.0 
41.509 763.0 
41.521 764.0 
41.486 765.0 
41.521 766.0 
41.498 767.0 
41.498 768.0 
41.509 769.0 
41.556 770.0 
41.533 771.0 
41.544 772.0 
41.521 773.0 
41.509 774.0 
41.533 775.0 
41.509 776.0 
41.533 777.0 
41.521 778.0 
41.544 779.0 
41.521 780.0 
41.533 781.0 
41.533 782.0 
41.521 783.0 
41.509 784.0 
41.521 785.0 
41.521 786.0 
41.521 787.0 
41.533 788.0 
41.486 789.0 
41.533 790.0 
41.533 791.0 
41.521 792.0 
41.521 793.0 
41.521 794.0 
41.521 795.0 
41.533 796.0 
41.533 797.0 
41.521 798.0 
41.544 799.0 
41.533 800.0 
41.498 801.0 
41.498 802.0 
41.486 803.0 
41.521 804.0 
0.002 805.0 
0.005 806.0 
0.005 807.0 
0.01 808.0 
0.004 809.0 
-0.006 810.0 
-0.005 811.0 
-0.011 812.0 
-0.014 813.0 
-0.02 814.0 
-0.025 815.0 
-0.028 816.0 
-0.019 817.0 
-0.017 818.0 
-0.022 819.0 
-0.023 820.0 
-0.017 821.0 
-0.017 822.0 
-0.014 823.0 
-0.019 824.0 
-0.016 825.0 
-0.02 826.0 
-0.018 827.0 
-0.013 828.0 
-0.005 829.0 
