-0.028 257.0 
-0.026 258.0 
-0.058 259.0 
-0.03 260.0 
-0.054 261.0 
-0.052 262.0 
-0.053 263.0 
-0.03 264.0 
-0.049 265.0 
-0.024 266.0 
-0.016 267.0 
-0.02 268.0 
-0.035 269.0 
-0.014 270.0 
-0.041 271.0 
-0.031 272.0 
-0.02 273.0 
-0.012 274.0 
147.619 275.0 
144.559 276.0 
143.145 277.0 
141.23 278.0 
139.174 279.0 
136.85 280.0 
134.923 281.0 
132.61 282.0 
129.504 283.0 
127.88 284.0 
127.413 285.0 
127.027 286.0 
126.794 287.0 
126.502 288.0 
126.163 289.0 
125.848 290.0 
125.205 291.0 
124.972 292.0 
124.75 293.0 
124.621 294.0 
124.037 295.0 
123.874 296.0 
123.734 297.0 
123.138 298.0 
122.963 299.0 
122.799 300.0 
122.157 301.0 
122.075 302.0 
121.503 303.0 
121.339 304.0 
121.211 305.0 
120.51 306.0 
119.167 307.0 
116.726 308.0 
114.04 309.0 
110.419 310.0 
106.658 311.0 
102.524 312.0 
98.553 313.0 
94.336 314.0 
90.494 315.0 
86.733 316.0 
83.369 317.0 
80.823 318.0 
80.671 319.0 
80.391 320.0 
80.262 321.0 
80.251 322.0 
80.122 323.0 
80.145 324.0 
80.087 325.0 
80.029 326.0 
80.099 327.0 
80.029 328.0 
80.192 329.0 
80.099 330.0 
80.017 331.0 
80.075 332.0 
80.134 333.0 
80.017 334.0 
80.017 335.0 
80.087 336.0 
80.064 337.0 
79.982 338.0 
80.262 339.0 
80.075 340.0 
80.064 341.0 
80.029 342.0 
80.262 343.0 
80.005 344.0 
80.017 345.0 
80.005 346.0 
79.982 347.0 
80.11 348.0 
80.075 349.0 
80.04 350.0 
79.982 351.0 
80.029 352.0 
79.982 353.0 
79.877 354.0 
80.087 355.0 
80.04 356.0 
80.064 357.0 
80.029 358.0 
80.075 359.0 
80.052 360.0 
80.064 361.0 
80.04 362.0 
80.017 363.0 
80.005 364.0 
79.994 365.0 
80.04 366.0 
80.064 367.0 
80.017 368.0 
79.994 369.0 
80.04 370.0 
80.017 371.0 
80.075 372.0 
80.075 373.0 
80.052 374.0 
80.052 375.0 
80.064 376.0 
79.9 377.0 
80.017 378.0 
80.005 379.0 
80.005 380.0 
79.994 381.0 
80.134 382.0 
80.017 383.0 
80.017 384.0 
79.959 385.0 
80.087 386.0 
79.97 387.0 
79.982 388.0 
80.04 389.0 
80.04 390.0 
80.029 391.0 
79.982 392.0 
80.064 393.0 
79.924 394.0 
80.017 395.0 
80.11 396.0 
79.935 397.0 
80.04 398.0 
79.9 399.0 
79.959 400.0 
80.052 401.0 
80.04 402.0 
80.122 403.0 
80.029 404.0 
79.97 405.0 
79.924 406.0 
80.017 407.0 
79.97 408.0 
80.017 409.0 
79.924 410.0 
79.97 411.0 
80.052 412.0 
80.426 413.0 
80.04 414.0 
79.935 415.0 
80.017 416.0 
79.947 417.0 
80.11 418.0 
80.017 419.0 
79.935 420.0 
79.97 421.0 
80.017 422.0 
80.052 423.0 
80.005 424.0 
79.982 425.0 
80.017 426.0 
80.064 427.0 
80.005 428.0 
79.982 429.0 
79.924 430.0 
80.075 431.0 
80.04 432.0 
80.04 433.0 
79.935 434.0 
79.947 435.0 
79.994 436.0 
80.04 437.0 
79.935 438.0 
79.994 439.0 
79.982 440.0 
79.97 441.0 
79.994 442.0 
79.959 443.0 
79.982 444.0 
79.947 445.0 
79.97 446.0 
80.087 447.0 
80.075 448.0 
80.075 449.0 
80.216 450.0 
79.982 451.0 
79.982 452.0 
79.924 453.0 
79.9 454.0 
79.994 455.0 
80.005 456.0 
79.935 457.0 
79.912 458.0 
80.029 459.0 
80.04 460.0 
79.994 461.0 
79.947 462.0 
80.052 463.0 
79.994 464.0 
79.994 465.0 
80.064 466.0 
80.017 467.0 
79.924 468.0 
80.017 469.0 
79.947 470.0 
79.947 471.0 
79.97 472.0 
79.889 473.0 
79.982 474.0 
80.04 475.0 
79.97 476.0 
79.912 477.0 
79.982 478.0 
79.924 479.0 
79.982 480.0 
80.052 481.0 
79.982 482.0 
80.029 483.0 
79.935 484.0 
79.994 485.0 
79.924 486.0 
79.947 487.0 
80.04 488.0 
79.97 489.0 
79.982 490.0 
79.994 491.0 
79.982 492.0 
79.982 493.0 
80.017 494.0 
79.959 495.0 
79.924 496.0 
80.005 497.0 
80.017 498.0 
79.9 499.0 
79.947 500.0 
79.97 501.0 
80.04 502.0 
79.889 503.0 
79.912 504.0 
79.982 505.0 
79.982 506.0 
79.924 507.0 
79.994 508.0 
79.865 509.0 
79.889 510.0 
79.924 511.0 
79.912 512.0 
79.959 513.0 
79.97 514.0 
79.959 515.0 
79.982 516.0 
79.994 517.0 
79.737 518.0 
79.854 519.0 
79.854 520.0 
79.865 521.0 
79.877 522.0 
79.877 523.0 
79.865 524.0 
79.865 525.0 
79.877 526.0 
79.865 527.0 
79.807 528.0 
79.83 529.0 
79.818 530.0 
79.807 531.0 
79.924 532.0 
79.9 533.0 
79.83 534.0 
79.842 535.0 
79.795 536.0 
79.783 537.0 
79.678 538.0 
79.678 539.0 
79.643 540.0 
79.772 541.0 
79.667 542.0 
79.667 543.0 
79.62 544.0 
79.573 545.0 
79.538 546.0 
79.62 547.0 
79.62 548.0 
79.562 549.0 
79.445 550.0 
79.433 551.0 
79.55 552.0 
79.48 553.0 
79.433 554.0 
79.445 555.0 
79.526 556.0 
79.503 557.0 
79.421 558.0 
79.036 559.0 
79.526 560.0 
79.468 561.0 
79.398 562.0 
79.526 563.0 
79.433 564.0 
79.363 565.0 
79.515 566.0 
79.48 567.0 
79.398 568.0 
79.503 569.0 
79.421 570.0 
79.562 571.0 
79.48 572.0 
79.375 573.0 
79.48 574.0 
79.433 575.0 
79.795 576.0 
79.456 577.0 
79.468 578.0 
79.562 579.0 
79.491 580.0 
79.573 581.0 
79.538 582.0 
79.585 583.0 
79.515 584.0 
79.27 585.0 
79.515 586.0 
79.456 587.0 
79.55 588.0 
79.456 589.0 
79.515 590.0 
79.468 591.0 
79.515 592.0 
79.468 593.0 
79.526 594.0 
79.468 595.0 
79.491 596.0 
79.445 597.0 
79.456 598.0 
79.445 599.0 
79.538 600.0 
79.62 601.0 
79.515 602.0 
79.608 603.0 
79.491 604.0 
79.562 605.0 
79.445 606.0 
79.562 607.0 
79.421 608.0 
79.491 609.0 
79.562 610.0 
79.456 611.0 
79.538 612.0 
79.445 613.0 
79.526 614.0 
79.41 615.0 
79.468 616.0 
79.573 617.0 
79.375 618.0 
79.538 619.0 
79.305 620.0 
79.48 621.0 
79.515 622.0 
79.421 623.0 
79.491 624.0 
79.573 625.0 
79.445 626.0 
79.515 627.0 
79.573 628.0 
79.433 629.0 
79.491 630.0 
79.573 631.0 
79.421 632.0 
79.515 633.0 
79.83 634.0 
79.468 635.0 
79.503 636.0 
79.585 637.0 
79.445 638.0 
79.503 639.0 
79.55 640.0 
79.445 641.0 
79.48 642.0 
79.538 643.0 
79.398 644.0 
79.468 645.0 
79.491 646.0 
79.55 647.0 
79.468 648.0 
79.48 649.0 
79.562 650.0 
79.398 651.0 
79.421 652.0 
79.491 653.0 
79.585 654.0 
79.421 655.0 
79.456 656.0 
79.491 657.0 
79.562 658.0 
79.468 659.0 
79.491 660.0 
79.585 661.0 
79.491 662.0 
79.491 663.0 
79.491 664.0 
79.526 665.0 
79.573 666.0 
79.468 667.0 
79.515 668.0 
79.515 669.0 
79.573 670.0 
79.421 671.0 
79.48 672.0 
79.515 673.0 
79.48 674.0 
79.538 675.0 
79.421 676.0 
79.456 677.0 
79.515 678.0 
79.503 679.0 
79.585 680.0 
79.421 681.0 
79.456 682.0 
79.445 683.0 
79.503 684.0 
79.515 685.0 
79.608 686.0 
79.398 687.0 
79.48 688.0 
79.526 689.0 
79.503 690.0 
79.55 691.0 
79.573 692.0 
79.41 693.0 
79.421 694.0 
79.468 695.0 
79.491 696.0 
79.503 697.0 
79.562 698.0 
79.351 699.0 
79.421 700.0 
79.445 701.0 
79.491 702.0 
79.491 703.0 
79.48 704.0 
79.526 705.0 
79.608 706.0 
79.41 707.0 
79.421 708.0 
79.48 709.0 
79.433 710.0 
79.503 711.0 
79.526 712.0 
79.562 713.0 
79.562 714.0 
79.34 715.0 
79.41 716.0 
79.386 717.0 
79.445 718.0 
79.503 719.0 
79.491 720.0 
79.515 721.0 
79.515 722.0 
79.526 723.0 
79.562 724.0 
79.585 725.0 
79.421 726.0 
79.41 727.0 
79.456 728.0 
79.456 729.0 
79.468 730.0 
79.445 731.0 
79.48 732.0 
79.503 733.0 
79.515 734.0 
79.503 735.0 
79.538 736.0 
79.562 737.0 
79.526 738.0 
79.34 739.0 
79.41 740.0 
79.41 741.0 
79.41 742.0 
79.398 743.0 
79.421 744.0 
79.456 745.0 
79.41 746.0 
79.456 747.0 
79.456 748.0 
79.456 749.0 
79.456 750.0 
79.456 751.0 
79.491 752.0 
79.468 753.0 
79.48 754.0 
79.433 755.0 
79.456 756.0 
79.468 757.0 
79.468 758.0 
79.491 759.0 
79.491 760.0 
79.503 761.0 
79.526 762.0 
79.515 763.0 
79.491 764.0 
79.515 765.0 
79.515 766.0 
79.515 767.0 
79.503 768.0 
79.491 769.0 
79.503 770.0 
79.538 771.0 
79.48 772.0 
79.48 773.0 
79.515 774.0 
79.503 775.0 
79.515 776.0 
79.503 777.0 
79.515 778.0 
79.48 779.0 
79.515 780.0 
79.491 781.0 
79.526 782.0 
79.515 783.0 
79.503 784.0 
79.48 785.0 
79.515 786.0 
79.491 787.0 
79.491 788.0 
79.48 789.0 
79.503 790.0 
79.491 791.0 
79.515 792.0 
79.48 793.0 
79.503 794.0 
79.491 795.0 
79.491 796.0 
79.468 797.0 
79.48 798.0 
79.468 799.0 
79.48 800.0 
79.515 801.0 
79.503 802.0 
79.48 803.0 
79.468 804.0 
0.007 805.0 
0.007 806.0 
0.005 807.0 
0.01 808.0 
-0.002 809.0 
-0.004 810.0 
-0.011 811.0 
-0.022 812.0 
-0.026 813.0 
-0.042 814.0 
-0.041 815.0 
-0.041 816.0 
-0.047 817.0 
-0.047 818.0 
-0.055 819.0 
-0.059 820.0 
-0.058 821.0 
-0.058 822.0 
-0.056 823.0 
-0.049 824.0 
-0.049 825.0 
-0.048 826.0 
-0.042 827.0 
-0.037 828.0 
-0.038 829.0 
