-0.048 257.0 
-0.06 258.0 
-0.103 259.0 
-0.041 260.0 
-0.042 261.0 
-0.066 262.0 
-0.047 263.0 
-0.049 264.0 
-0.065 265.0 
-0.03 266.0 
-0.053 267.0 
-0.067 268.0 
-0.043 269.0 
-0.034 270.0 
-0.04 271.0 
-0.031 272.0 
-0.072 273.0 
-0.049 274.0 
138.567 275.0 
135.694 276.0 
134.456 277.0 
133.077 278.0 
131.664 279.0 
129.831 280.0 
128.23 281.0 
126.105 282.0 
122.963 283.0 
121.515 284.0 
121.234 285.0 
121.036 286.0 
120.919 287.0 
120.744 288.0 
120.464 289.0 
119.903 290.0 
119.809 291.0 
119.681 292.0 
119.576 293.0 
119.354 294.0 
119.097 295.0 
119.027 296.0 
118.98 297.0 
118.466 298.0 
118.326 299.0 
118.268 300.0 
117.801 301.0 
117.754 302.0 
117.275 303.0 
117.228 304.0 
117.053 305.0 
116.644 306.0 
115.616 307.0 
113.666 308.0 
111.587 309.0 
108.702 310.0 
105.63 311.0 
102.068 312.0 
98.611 313.0 
94.5 314.0 
90.645 315.0 
86.441 316.0 
82.54 317.0 
79.842 318.0 
79.725 319.0 
79.468 320.0 
79.433 321.0 
79.398 322.0 
79.305 323.0 
79.375 324.0 
79.316 325.0 
79.211 326.0 
79.34 327.0 
79.281 328.0 
79.316 329.0 
79.386 330.0 
79.246 331.0 
79.562 332.0 
79.398 333.0 
79.293 334.0 
79.246 335.0 
79.375 336.0 
79.316 337.0 
79.234 338.0 
79.445 339.0 
79.293 340.0 
79.305 341.0 
79.258 342.0 
79.375 343.0 
79.328 344.0 
79.246 345.0 
79.246 346.0 
79.223 347.0 
79.328 348.0 
79.328 349.0 
79.34 350.0 
79.246 351.0 
79.34 352.0 
79.281 353.0 
79.223 354.0 
79.258 355.0 
79.316 356.0 
79.351 357.0 
79.27 358.0 
79.375 359.0 
79.293 360.0 
79.34 361.0 
79.281 362.0 
79.281 363.0 
79.223 364.0 
79.281 365.0 
79.305 366.0 
79.328 367.0 
79.258 368.0 
79.293 369.0 
79.316 370.0 
79.316 371.0 
79.328 372.0 
79.316 373.0 
79.363 374.0 
79.375 375.0 
79.456 376.0 
79.223 377.0 
79.246 378.0 
79.305 379.0 
79.293 380.0 
79.27 381.0 
79.386 382.0 
79.316 383.0 
79.305 384.0 
79.27 385.0 
79.363 386.0 
79.246 387.0 
79.234 388.0 
79.316 389.0 
79.328 390.0 
79.281 391.0 
79.258 392.0 
79.375 393.0 
79.223 394.0 
79.305 395.0 
79.363 396.0 
79.234 397.0 
79.316 398.0 
79.176 399.0 
79.223 400.0 
79.363 401.0 
79.293 402.0 
79.41 403.0 
79.328 404.0 
79.258 405.0 
79.188 406.0 
79.27 407.0 
79.258 408.0 
79.305 409.0 
79.188 410.0 
79.293 411.0 
79.34 412.0 
79.783 413.0 
79.34 414.0 
79.281 415.0 
79.305 416.0 
79.234 417.0 
79.34 418.0 
79.305 419.0 
79.246 420.0 
79.258 421.0 
79.246 422.0 
79.34 423.0 
79.234 424.0 
79.246 425.0 
79.305 426.0 
79.34 427.0 
79.246 428.0 
79.27 429.0 
79.199 430.0 
79.305 431.0 
79.328 432.0 
79.328 433.0 
79.223 434.0 
79.293 435.0 
79.316 436.0 
79.34 437.0 
79.188 438.0 
79.223 439.0 
79.246 440.0 
79.199 441.0 
79.211 442.0 
79.223 443.0 
79.211 444.0 
79.246 445.0 
79.211 446.0 
79.351 447.0 
79.34 448.0 
79.305 449.0 
79.702 450.0 
79.258 451.0 
79.27 452.0 
79.211 453.0 
79.199 454.0 
79.305 455.0 
79.083 456.0 
79.258 457.0 
79.199 458.0 
79.281 459.0 
79.316 460.0 
79.281 461.0 
79.199 462.0 
79.328 463.0 
79.316 464.0 
79.27 465.0 
79.328 466.0 
79.27 467.0 
79.211 468.0 
79.305 469.0 
79.234 470.0 
79.211 471.0 
79.27 472.0 
79.258 473.0 
79.27 474.0 
79.351 475.0 
79.27 476.0 
79.199 477.0 
79.27 478.0 
79.188 479.0 
79.27 480.0 
79.328 481.0 
79.246 482.0 
79.316 483.0 
79.234 484.0 
79.293 485.0 
79.176 486.0 
79.246 487.0 
79.293 488.0 
79.199 489.0 
79.234 490.0 
79.258 491.0 
79.258 492.0 
79.27 493.0 
79.305 494.0 
79.258 495.0 
79.188 496.0 
79.258 497.0 
79.328 498.0 
79.188 499.0 
79.188 500.0 
79.27 501.0 
79.305 502.0 
79.176 503.0 
79.199 504.0 
79.234 505.0 
79.234 506.0 
79.223 507.0 
79.328 508.0 
79.188 509.0 
79.199 510.0 
79.211 511.0 
79.223 512.0 
79.258 513.0 
79.293 514.0 
79.281 515.0 
79.27 516.0 
79.597 517.0 
79.036 518.0 
79.129 519.0 
79.129 520.0 
79.153 521.0 
79.153 522.0 
79.141 523.0 
79.153 524.0 
79.164 525.0 
79.141 526.0 
79.141 527.0 
79.083 528.0 
79.118 529.0 
79.083 530.0 
79.083 531.0 
79.223 532.0 
79.503 533.0 
79.188 534.0 
79.188 535.0 
79.153 536.0 
79.083 537.0 
79.059 538.0 
79.024 539.0 
78.978 540.0 
79.106 541.0 
79.013 542.0 
78.989 543.0 
78.989 544.0 
78.919 545.0 
78.884 546.0 
79.013 547.0 
78.931 548.0 
78.919 549.0 
78.861 550.0 
78.814 551.0 
78.954 552.0 
78.907 553.0 
78.849 554.0 
78.826 555.0 
78.954 556.0 
78.872 557.0 
78.861 558.0 
78.545 559.0 
78.884 560.0 
78.861 561.0 
78.767 562.0 
78.907 563.0 
78.872 564.0 
78.732 565.0 
78.907 566.0 
78.919 567.0 
78.767 568.0 
78.907 569.0 
78.826 570.0 
78.954 571.0 
78.872 572.0 
78.767 573.0 
78.872 574.0 
78.837 575.0 
79.188 576.0 
78.861 577.0 
78.849 578.0 
78.919 579.0 
78.872 580.0 
78.966 581.0 
78.884 582.0 
78.896 583.0 
78.919 584.0 
78.989 585.0 
78.942 586.0 
78.861 587.0 
78.931 588.0 
78.826 589.0 
78.942 590.0 
78.849 591.0 
78.919 592.0 
78.884 593.0 
78.919 594.0 
78.861 595.0 
78.907 596.0 
78.837 597.0 
78.884 598.0 
78.872 599.0 
78.907 600.0 
78.989 601.0 
78.896 602.0 
78.954 603.0 
78.884 604.0 
78.966 605.0 
78.849 606.0 
78.931 607.0 
78.791 608.0 
78.907 609.0 
78.966 610.0 
78.861 611.0 
78.954 612.0 
78.826 613.0 
78.907 614.0 
78.849 615.0 
78.907 616.0 
78.931 617.0 
78.791 618.0 
78.919 619.0 
78.615 620.0 
78.861 621.0 
78.907 622.0 
78.826 623.0 
78.896 624.0 
78.954 625.0 
78.849 626.0 
78.907 627.0 
78.989 628.0 
78.861 629.0 
78.907 630.0 
78.966 631.0 
78.837 632.0 
78.919 633.0 
79.363 634.0 
78.849 635.0 
78.907 636.0 
78.978 637.0 
78.826 638.0 
78.896 639.0 
78.954 640.0 
78.791 641.0 
78.849 642.0 
78.954 643.0 
78.802 644.0 
78.826 645.0 
78.919 646.0 
78.978 647.0 
78.849 648.0 
78.814 649.0 
78.942 650.0 
78.814 651.0 
78.837 652.0 
78.896 653.0 
78.954 654.0 
78.814 655.0 
78.884 656.0 
78.907 657.0 
78.931 658.0 
78.837 659.0 
78.896 660.0 
78.919 661.0 
78.978 662.0 
78.791 663.0 
78.861 664.0 
78.931 665.0 
78.966 666.0 
78.814 667.0 
78.861 668.0 
78.896 669.0 
78.931 670.0 
78.826 671.0 
78.872 672.0 
78.896 673.0 
78.907 674.0 
78.884 675.0 
78.802 676.0 
78.849 677.0 
78.872 678.0 
78.907 679.0 
78.954 680.0 
78.826 681.0 
78.849 682.0 
78.861 683.0 
78.919 684.0 
78.954 685.0 
79.013 686.0 
78.849 687.0 
78.872 688.0 
78.872 689.0 
78.919 690.0 
78.954 691.0 
78.989 692.0 
78.802 693.0 
78.861 694.0 
78.872 695.0 
78.884 696.0 
78.907 697.0 
78.931 698.0 
78.662 699.0 
78.791 700.0 
78.826 701.0 
78.872 702.0 
78.919 703.0 
78.919 704.0 
78.872 705.0 
78.978 706.0 
78.826 707.0 
78.826 708.0 
78.884 709.0 
78.861 710.0 
78.907 711.0 
78.919 712.0 
78.954 713.0 
78.978 714.0 
78.791 715.0 
78.814 716.0 
78.802 717.0 
78.849 718.0 
78.896 719.0 
78.896 720.0 
78.931 721.0 
78.907 722.0 
78.919 723.0 
78.966 724.0 
78.954 725.0 
78.826 726.0 
78.791 727.0 
78.872 728.0 
78.849 729.0 
78.872 730.0 
78.872 731.0 
78.861 732.0 
78.919 733.0 
78.966 734.0 
78.942 735.0 
78.884 736.0 
78.954 737.0 
78.954 738.0 
78.744 739.0 
78.756 740.0 
78.802 741.0 
78.802 742.0 
78.814 743.0 
78.837 744.0 
78.814 745.0 
78.849 746.0 
78.826 747.0 
78.861 748.0 
78.872 749.0 
78.872 750.0 
78.849 751.0 
78.884 752.0 
78.872 753.0 
78.872 754.0 
78.884 755.0 
78.872 756.0 
78.872 757.0 
78.861 758.0 
78.884 759.0 
78.919 760.0 
78.907 761.0 
78.896 762.0 
78.907 763.0 
78.919 764.0 
78.896 765.0 
78.907 766.0 
78.884 767.0 
78.907 768.0 
78.907 769.0 
78.919 770.0 
78.907 771.0 
78.919 772.0 
78.907 773.0 
78.907 774.0 
78.896 775.0 
78.884 776.0 
78.884 777.0 
78.907 778.0 
78.942 779.0 
78.896 780.0 
78.896 781.0 
78.896 782.0 
78.907 783.0 
78.884 784.0 
78.884 785.0 
78.884 786.0 
78.907 787.0 
78.907 788.0 
78.896 789.0 
78.907 790.0 
78.896 791.0 
78.896 792.0 
78.907 793.0 
78.884 794.0 
78.872 795.0 
78.896 796.0 
78.861 797.0 
78.872 798.0 
78.872 799.0 
78.872 800.0 
78.872 801.0 
78.872 802.0 
78.872 803.0 
78.884 804.0 
-0.001 805.0 
0.0 806.0 
-0.006 807.0 
-0.01 808.0 
0.0 809.0 
-0.001 810.0 
-0.012 811.0 
-0.011 812.0 
-0.012 813.0 
-0.025 814.0 
-0.023 815.0 
-0.025 816.0 
-0.036 817.0 
-0.042 818.0 
-0.04 819.0 
-0.038 820.0 
-0.048 821.0 
-0.044 822.0 
-0.047 823.0 
-0.052 824.0 
-0.046 825.0 
-0.04 826.0 
-0.049 827.0 
-0.049 828.0 
-0.032 829.0 
