-0.031 257.0 
-0.032 258.0 
-0.096 259.0 
-0.017 260.0 
-0.019 261.0 
-0.024 262.0 
-0.023 263.0 
-0.031 264.0 
-0.013 265.0 
-0.032 266.0 
-0.036 267.0 
-0.042 268.0 
-0.034 269.0 
-0.016 270.0 
-0.029 271.0 
-0.023 272.0 
-0.06 273.0 
-0.008 274.0 
138.368 275.0 
136.208 276.0 
135.343 277.0 
134.012 278.0 
132.529 279.0 
130.823 280.0 
129.282 281.0 
127.296 282.0 
124.773 283.0 
123.594 284.0 
123.29 285.0 
123.068 286.0 
122.916 287.0 
122.671 288.0 
122.519 289.0 
121.9 290.0 
121.865 291.0 
121.667 292.0 
121.48 293.0 
121.456 294.0 
120.931 295.0 
120.849 296.0 
120.756 297.0 
120.288 298.0 
120.148 299.0 
120.125 300.0 
119.611 301.0 
119.564 302.0 
119.062 303.0 
118.969 304.0 
118.863 305.0 
118.268 306.0 
117.17 307.0 
115.044 308.0 
112.533 309.0 
108.982 310.0 
105.572 311.0 
101.659 312.0 
97.642 313.0 
93.402 314.0 
89.197 315.0 
85.249 316.0 
81.384 317.0 
78.615 318.0 
78.487 319.0 
78.3 320.0 
78.137 321.0 
78.137 322.0 
78.067 323.0 
78.067 324.0 
78.067 325.0 
77.95 326.0 
78.031 327.0 
77.973 328.0 
78.137 329.0 
78.043 330.0 
77.985 331.0 
78.078 332.0 
78.067 333.0 
77.985 334.0 
78.031 335.0 
78.043 336.0 
78.031 337.0 
77.938 338.0 
78.137 339.0 
78.031 340.0 
77.985 341.0 
77.996 342.0 
78.031 343.0 
78.02 344.0 
77.973 345.0 
77.973 346.0 
77.926 347.0 
77.891 348.0 
78.043 349.0 
78.02 350.0 
77.938 351.0 
78.067 352.0 
77.95 353.0 
77.926 354.0 
78.055 355.0 
78.031 356.0 
78.055 357.0 
77.973 358.0 
78.09 359.0 
78.043 360.0 
78.055 361.0 
77.985 362.0 
77.985 363.0 
77.926 364.0 
77.95 365.0 
77.961 366.0 
78.008 367.0 
77.961 368.0 
77.985 369.0 
77.961 370.0 
78.02 371.0 
78.02 372.0 
78.02 373.0 
78.043 374.0 
78.055 375.0 
78.3 376.0 
77.915 377.0 
78.008 378.0 
77.985 379.0 
78.031 380.0 
77.973 381.0 
78.078 382.0 
77.973 383.0 
77.973 384.0 
77.961 385.0 
78.043 386.0 
77.95 387.0 
77.926 388.0 
78.008 389.0 
78.043 390.0 
77.996 391.0 
77.973 392.0 
78.055 393.0 
77.915 394.0 
78.031 395.0 
78.09 396.0 
77.915 397.0 
78.02 398.0 
77.891 399.0 
77.95 400.0 
78.055 401.0 
78.043 402.0 
78.078 403.0 
77.996 404.0 
77.973 405.0 
77.891 406.0 
77.973 407.0 
77.926 408.0 
77.996 409.0 
77.926 410.0 
77.95 411.0 
78.02 412.0 
78.429 413.0 
78.043 414.0 
77.996 415.0 
77.996 416.0 
77.95 417.0 
78.055 418.0 
78.02 419.0 
77.95 420.0 
77.996 421.0 
78.02 422.0 
78.008 423.0 
77.95 424.0 
77.961 425.0 
78.031 426.0 
78.031 427.0 
77.938 428.0 
77.938 429.0 
77.926 430.0 
77.985 431.0 
78.055 432.0 
78.031 433.0 
77.95 434.0 
77.961 435.0 
77.996 436.0 
78.043 437.0 
77.926 438.0 
77.961 439.0 
77.961 440.0 
77.961 441.0 
77.95 442.0 
77.926 443.0 
77.938 444.0 
77.973 445.0 
77.891 446.0 
78.02 447.0 
78.02 448.0 
78.008 449.0 
78.37 450.0 
77.961 451.0 
77.961 452.0 
77.95 453.0 
77.915 454.0 
78.02 455.0 
77.985 456.0 
77.95 457.0 
77.961 458.0 
78.008 459.0 
78.031 460.0 
77.996 461.0 
77.938 462.0 
78.008 463.0 
77.985 464.0 
77.985 465.0 
78.043 466.0 
77.985 467.0 
77.891 468.0 
78.008 469.0 
77.996 470.0 
77.891 471.0 
77.961 472.0 
77.88 473.0 
77.973 474.0 
78.055 475.0 
78.02 476.0 
77.915 477.0 
77.985 478.0 
77.915 479.0 
77.996 480.0 
78.067 481.0 
77.938 482.0 
78.031 483.0 
77.915 484.0 
78.008 485.0 
77.891 486.0 
77.926 487.0 
78.031 488.0 
77.938 489.0 
77.961 490.0 
78.031 491.0 
77.985 492.0 
77.973 493.0 
78.008 494.0 
77.915 495.0 
77.88 496.0 
77.996 497.0 
78.043 498.0 
77.88 499.0 
77.938 500.0 
78.008 501.0 
78.008 502.0 
77.88 503.0 
77.891 504.0 
77.926 505.0 
77.961 506.0 
77.903 507.0 
78.067 508.0 
77.88 509.0 
77.891 510.0 
77.938 511.0 
77.903 512.0 
77.938 513.0 
77.95 514.0 
77.961 515.0 
77.996 516.0 
78.008 517.0 
77.786 518.0 
77.81 519.0 
77.856 520.0 
77.891 521.0 
77.88 522.0 
77.845 523.0 
77.856 524.0 
77.856 525.0 
77.845 526.0 
77.845 527.0 
77.763 528.0 
77.833 529.0 
77.786 530.0 
77.763 531.0 
77.903 532.0 
77.868 533.0 
77.891 534.0 
77.868 535.0 
77.833 536.0 
77.786 537.0 
77.716 538.0 
77.739 539.0 
77.681 540.0 
77.798 541.0 
77.658 542.0 
77.658 543.0 
77.588 544.0 
77.541 545.0 
77.529 546.0 
77.634 547.0 
77.576 548.0 
77.529 549.0 
77.471 550.0 
77.424 551.0 
77.518 552.0 
77.483 553.0 
77.448 554.0 
77.424 555.0 
77.564 556.0 
77.518 557.0 
77.459 558.0 
77.109 559.0 
77.518 560.0 
77.459 561.0 
77.389 562.0 
77.494 563.0 
77.412 564.0 
77.377 565.0 
77.518 566.0 
77.494 567.0 
77.401 568.0 
77.448 569.0 
77.448 570.0 
77.518 571.0 
77.459 572.0 
77.424 573.0 
77.483 574.0 
77.424 575.0 
77.541 576.0 
77.448 577.0 
77.448 578.0 
77.541 579.0 
77.494 580.0 
77.564 581.0 
77.518 582.0 
77.599 583.0 
77.529 584.0 
77.097 585.0 
77.541 586.0 
77.459 587.0 
77.541 588.0 
77.448 589.0 
77.541 590.0 
77.448 591.0 
77.518 592.0 
77.436 593.0 
77.506 594.0 
77.471 595.0 
77.483 596.0 
77.424 597.0 
77.529 598.0 
77.436 599.0 
77.553 600.0 
77.576 601.0 
77.506 602.0 
77.564 603.0 
77.494 604.0 
77.541 605.0 
77.448 606.0 
77.529 607.0 
77.424 608.0 
77.518 609.0 
77.588 610.0 
77.459 611.0 
77.564 612.0 
77.471 613.0 
77.541 614.0 
77.448 615.0 
77.412 616.0 
77.541 617.0 
77.389 618.0 
77.553 619.0 
77.272 620.0 
77.494 621.0 
77.529 622.0 
77.424 623.0 
77.459 624.0 
77.564 625.0 
77.424 626.0 
77.529 627.0 
77.564 628.0 
77.448 629.0 
77.483 630.0 
77.564 631.0 
77.459 632.0 
77.553 633.0 
77.786 634.0 
77.483 635.0 
77.529 636.0 
77.588 637.0 
77.448 638.0 
77.494 639.0 
77.611 640.0 
77.436 641.0 
77.494 642.0 
77.529 643.0 
77.377 644.0 
77.494 645.0 
77.506 646.0 
77.576 647.0 
77.448 648.0 
77.471 649.0 
77.564 650.0 
77.424 651.0 
77.389 652.0 
77.483 653.0 
77.553 654.0 
77.412 655.0 
77.459 656.0 
77.506 657.0 
77.553 658.0 
77.424 659.0 
77.494 660.0 
77.541 661.0 
77.541 662.0 
77.424 663.0 
77.471 664.0 
77.553 665.0 
77.634 666.0 
77.448 667.0 
77.448 668.0 
77.518 669.0 
77.564 670.0 
77.412 671.0 
77.448 672.0 
77.494 673.0 
77.564 674.0 
77.553 675.0 
77.412 676.0 
77.459 677.0 
77.494 678.0 
77.553 679.0 
77.564 680.0 
77.412 681.0 
77.448 682.0 
77.494 683.0 
77.553 684.0 
77.483 685.0 
77.588 686.0 
77.377 687.0 
77.471 688.0 
77.483 689.0 
77.529 690.0 
77.553 691.0 
77.564 692.0 
77.436 693.0 
77.459 694.0 
77.471 695.0 
77.506 696.0 
77.483 697.0 
77.576 698.0 
77.331 699.0 
77.401 700.0 
77.471 701.0 
77.494 702.0 
77.494 703.0 
77.518 704.0 
77.483 705.0 
77.553 706.0 
77.401 707.0 
77.424 708.0 
77.459 709.0 
77.506 710.0 
77.471 711.0 
77.564 712.0 
77.553 713.0 
77.564 714.0 
77.354 715.0 
77.401 716.0 
77.354 717.0 
77.448 718.0 
77.436 719.0 
77.471 720.0 
77.529 721.0 
77.529 722.0 
77.541 723.0 
77.576 724.0 
77.588 725.0 
77.412 726.0 
77.424 727.0 
77.436 728.0 
77.459 729.0 
77.459 730.0 
77.459 731.0 
77.483 732.0 
77.529 733.0 
77.506 734.0 
77.529 735.0 
77.541 736.0 
77.518 737.0 
77.576 738.0 
77.366 739.0 
77.377 740.0 
77.389 741.0 
77.377 742.0 
77.401 743.0 
77.412 744.0 
77.424 745.0 
77.436 746.0 
77.494 747.0 
77.436 748.0 
77.448 749.0 
77.459 750.0 
77.448 751.0 
77.471 752.0 
77.506 753.0 
77.483 754.0 
77.494 755.0 
77.506 756.0 
77.494 757.0 
77.483 758.0 
77.506 759.0 
77.494 760.0 
77.518 761.0 
77.506 762.0 
77.518 763.0 
77.494 764.0 
77.494 765.0 
77.494 766.0 
77.518 767.0 
77.518 768.0 
77.529 769.0 
77.518 770.0 
77.483 771.0 
77.518 772.0 
77.459 773.0 
77.518 774.0 
77.506 775.0 
77.494 776.0 
77.506 777.0 
77.518 778.0 
77.529 779.0 
77.506 780.0 
77.506 781.0 
77.494 782.0 
77.483 783.0 
77.494 784.0 
77.506 785.0 
77.471 786.0 
77.494 787.0 
77.506 788.0 
77.518 789.0 
77.494 790.0 
77.494 791.0 
77.483 792.0 
77.529 793.0 
77.518 794.0 
77.506 795.0 
77.494 796.0 
77.494 797.0 
77.494 798.0 
77.494 799.0 
77.483 800.0 
77.483 801.0 
77.471 802.0 
77.494 803.0 
77.459 804.0 
-0.001 805.0 
0.002 806.0 
0.006 807.0 
-0.004 808.0 
-0.013 809.0 
-0.006 810.0 
-0.016 811.0 
-0.022 812.0 
-0.032 813.0 
-0.032 814.0 
-0.03 815.0 
-0.036 816.0 
-0.042 817.0 
-0.034 818.0 
-0.035 819.0 
-0.043 820.0 
-0.034 821.0 
-0.041 822.0 
-0.041 823.0 
-0.042 824.0 
-0.037 825.0 
-0.032 826.0 
-0.02 827.0 
-0.024 828.0 
-0.031 829.0 
