-0.031 257.0 
-0.052 258.0 
-0.043 259.0 
-0.02 260.0 
-0.026 261.0 
-0.02 262.0 
-0.01 263.0 
-0.004 264.0 
-0.018 265.0 
-0.032 266.0 
-0.034 267.0 
-0.018 268.0 
-0.014 269.0 
-0.036 270.0 
-0.022 271.0 
-0.004 272.0 
-0.022 273.0 
-0.037 274.0 
145.166 275.0 
142.421 276.0 
141.113 277.0 
139.431 278.0 
137.481 279.0 
135.273 280.0 
133.521 281.0 
131.174 282.0 
128.09 283.0 
126.724 284.0 
126.327 285.0 
126.035 286.0 
125.848 287.0 
125.556 288.0 
125.299 289.0 
125.1 290.0 
124.575 291.0 
124.353 292.0 
124.166 293.0 
124.061 294.0 
123.512 295.0 
123.372 296.0 
123.278 297.0 
122.706 298.0 
122.531 299.0 
122.391 300.0 
121.877 301.0 
121.818 302.0 
121.328 303.0 
121.141 304.0 
121.059 305.0 
120.393 306.0 
119.12 307.0 
116.703 308.0 
113.748 309.0 
109.73 310.0 
106.074 311.0 
101.566 312.0 
97.233 313.0 
92.841 314.0 
89.08 315.0 
85.261 316.0 
81.921 317.0 
79.118 318.0 
78.966 319.0 
78.732 320.0 
78.604 321.0 
78.615 322.0 
78.499 323.0 
78.534 324.0 
78.499 325.0 
78.288 326.0 
78.464 327.0 
78.394 328.0 
78.545 329.0 
78.487 330.0 
78.394 331.0 
78.464 332.0 
78.487 333.0 
78.44 334.0 
78.522 335.0 
78.51 336.0 
78.522 337.0 
78.405 338.0 
78.545 339.0 
78.429 340.0 
78.429 341.0 
78.429 342.0 
78.534 343.0 
78.44 344.0 
78.429 345.0 
78.394 346.0 
78.37 347.0 
78.522 348.0 
78.464 349.0 
78.44 350.0 
78.382 351.0 
78.44 352.0 
78.382 353.0 
78.323 354.0 
78.534 355.0 
78.475 356.0 
78.51 357.0 
78.429 358.0 
78.499 359.0 
78.452 360.0 
78.51 361.0 
78.405 362.0 
78.452 363.0 
78.359 364.0 
78.417 365.0 
78.44 366.0 
78.464 367.0 
78.382 368.0 
78.417 369.0 
78.394 370.0 
78.429 371.0 
78.487 372.0 
78.499 373.0 
78.51 374.0 
78.487 375.0 
78.51 376.0 
78.312 377.0 
78.429 378.0 
78.44 379.0 
78.405 380.0 
78.417 381.0 
78.545 382.0 
78.394 383.0 
78.405 384.0 
78.37 385.0 
78.499 386.0 
78.37 387.0 
78.347 388.0 
78.464 389.0 
78.452 390.0 
78.417 391.0 
78.394 392.0 
78.475 393.0 
78.323 394.0 
78.429 395.0 
78.51 396.0 
78.347 397.0 
78.44 398.0 
78.335 399.0 
78.335 400.0 
78.464 401.0 
78.44 402.0 
78.499 403.0 
78.44 404.0 
78.417 405.0 
78.335 406.0 
78.417 407.0 
78.382 408.0 
78.417 409.0 
78.347 410.0 
78.405 411.0 
78.44 412.0 
78.919 413.0 
78.452 414.0 
78.394 415.0 
78.429 416.0 
78.359 417.0 
78.487 418.0 
78.429 419.0 
78.359 420.0 
78.394 421.0 
78.44 422.0 
78.475 423.0 
78.347 424.0 
78.359 425.0 
78.44 426.0 
78.44 427.0 
78.347 428.0 
78.359 429.0 
78.312 430.0 
78.405 431.0 
78.44 432.0 
78.464 433.0 
78.347 434.0 
78.347 435.0 
78.429 436.0 
78.475 437.0 
78.277 438.0 
78.359 439.0 
78.37 440.0 
78.382 441.0 
78.405 442.0 
78.382 443.0 
78.37 444.0 
78.347 445.0 
78.323 446.0 
78.44 447.0 
78.394 448.0 
78.429 449.0 
78.697 450.0 
78.359 451.0 
78.347 452.0 
78.335 453.0 
78.312 454.0 
78.405 455.0 
78.429 456.0 
78.359 457.0 
78.323 458.0 
78.44 459.0 
78.429 460.0 
78.417 461.0 
78.394 462.0 
78.475 463.0 
78.405 464.0 
78.382 465.0 
78.429 466.0 
78.417 467.0 
78.323 468.0 
78.44 469.0 
78.335 470.0 
78.323 471.0 
78.382 472.0 
78.44 473.0 
78.382 474.0 
78.464 475.0 
78.382 476.0 
78.323 477.0 
78.394 478.0 
78.3 479.0 
78.37 480.0 
78.452 481.0 
78.382 482.0 
78.429 483.0 
78.323 484.0 
78.405 485.0 
78.323 486.0 
78.347 487.0 
78.417 488.0 
78.347 489.0 
78.335 490.0 
78.417 491.0 
78.394 492.0 
78.359 493.0 
78.405 494.0 
78.335 495.0 
78.265 496.0 
78.37 497.0 
78.429 498.0 
78.323 499.0 
78.3 500.0 
78.37 501.0 
78.429 502.0 
78.277 503.0 
78.277 504.0 
78.359 505.0 
78.347 506.0 
78.347 507.0 
78.382 508.0 
78.323 509.0 
78.277 510.0 
78.335 511.0 
78.359 512.0 
78.335 513.0 
78.359 514.0 
78.394 515.0 
78.429 516.0 
78.394 517.0 
78.183 518.0 
78.23 519.0 
78.265 520.0 
78.3 521.0 
78.288 522.0 
78.288 523.0 
78.3 524.0 
78.242 525.0 
78.3 526.0 
78.265 527.0 
78.172 528.0 
78.23 529.0 
78.207 530.0 
78.183 531.0 
78.312 532.0 
78.323 533.0 
78.253 534.0 
78.288 535.0 
78.242 536.0 
78.183 537.0 
78.113 538.0 
78.078 539.0 
78.067 540.0 
78.172 541.0 
78.043 542.0 
78.09 543.0 
78.031 544.0 
77.973 545.0 
77.95 546.0 
78.043 547.0 
78.031 548.0 
77.938 549.0 
77.903 550.0 
77.891 551.0 
77.985 552.0 
77.915 553.0 
77.868 554.0 
77.88 555.0 
77.973 556.0 
77.95 557.0 
77.856 558.0 
77.564 559.0 
77.961 560.0 
77.891 561.0 
77.856 562.0 
77.938 563.0 
77.868 564.0 
77.798 565.0 
77.95 566.0 
77.938 567.0 
77.868 568.0 
77.926 569.0 
77.88 570.0 
77.961 571.0 
77.903 572.0 
77.845 573.0 
77.95 574.0 
77.891 575.0 
77.973 576.0 
77.915 577.0 
77.868 578.0 
77.996 579.0 
77.95 580.0 
78.043 581.0 
77.973 582.0 
77.985 583.0 
77.961 584.0 
78.067 585.0 
77.973 586.0 
77.856 587.0 
77.961 588.0 
77.868 589.0 
77.996 590.0 
77.856 591.0 
77.973 592.0 
77.88 593.0 
77.985 594.0 
77.915 595.0 
77.95 596.0 
77.891 597.0 
77.973 598.0 
77.88 599.0 
77.95 600.0 
78.031 601.0 
77.926 602.0 
78.02 603.0 
77.903 604.0 
77.996 605.0 
77.88 606.0 
77.985 607.0 
77.845 608.0 
77.915 609.0 
78.02 610.0 
77.926 611.0 
78.008 612.0 
77.903 613.0 
77.996 614.0 
77.868 615.0 
77.926 616.0 
77.996 617.0 
77.833 618.0 
77.95 619.0 
77.704 620.0 
77.926 621.0 
78.008 622.0 
77.868 623.0 
77.915 624.0 
78.02 625.0 
77.845 626.0 
77.926 627.0 
77.985 628.0 
77.88 629.0 
77.938 630.0 
78.02 631.0 
77.868 632.0 
77.95 633.0 
78.277 634.0 
77.938 635.0 
77.95 636.0 
78.02 637.0 
77.868 638.0 
77.926 639.0 
78.043 640.0 
77.891 641.0 
77.891 642.0 
77.961 643.0 
77.856 644.0 
77.891 645.0 
77.95 646.0 
78.02 647.0 
77.845 648.0 
77.88 649.0 
77.961 650.0 
77.833 651.0 
77.81 652.0 
77.938 653.0 
77.996 654.0 
77.856 655.0 
77.891 656.0 
77.926 657.0 
77.985 658.0 
77.891 659.0 
77.903 660.0 
77.985 661.0 
78.02 662.0 
77.868 663.0 
77.915 664.0 
77.961 665.0 
78.031 666.0 
77.856 667.0 
77.903 668.0 
77.95 669.0 
77.996 670.0 
77.868 671.0 
77.915 672.0 
77.926 673.0 
77.961 674.0 
77.938 675.0 
77.833 676.0 
77.903 677.0 
77.95 678.0 
77.926 679.0 
77.996 680.0 
77.845 681.0 
77.891 682.0 
77.926 683.0 
77.961 684.0 
77.973 685.0 
78.031 686.0 
77.856 687.0 
77.868 688.0 
77.926 689.0 
77.95 690.0 
77.996 691.0 
78.008 692.0 
77.833 693.0 
77.903 694.0 
77.903 695.0 
77.938 696.0 
77.926 697.0 
77.938 698.0 
77.763 699.0 
77.821 700.0 
77.891 701.0 
77.903 702.0 
77.926 703.0 
77.926 704.0 
77.926 705.0 
77.996 706.0 
77.845 707.0 
77.845 708.0 
77.891 709.0 
77.926 710.0 
77.938 711.0 
77.961 712.0 
77.985 713.0 
78.031 714.0 
77.775 715.0 
77.845 716.0 
77.821 717.0 
77.891 718.0 
77.903 719.0 
77.903 720.0 
77.938 721.0 
77.973 722.0 
77.973 723.0 
78.008 724.0 
77.996 725.0 
77.81 726.0 
77.868 727.0 
77.856 728.0 
77.868 729.0 
77.891 730.0 
77.88 731.0 
77.926 732.0 
77.926 733.0 
77.938 734.0 
77.95 735.0 
77.985 736.0 
77.996 737.0 
78.008 738.0 
77.833 739.0 
77.821 740.0 
77.833 741.0 
77.868 742.0 
77.821 743.0 
77.833 744.0 
77.88 745.0 
77.856 746.0 
77.891 747.0 
77.868 748.0 
77.891 749.0 
77.903 750.0 
77.868 751.0 
77.88 752.0 
77.915 753.0 
77.95 754.0 
77.891 755.0 
77.891 756.0 
77.915 757.0 
77.926 758.0 
77.938 759.0 
77.903 760.0 
77.938 761.0 
77.95 762.0 
77.926 763.0 
77.903 764.0 
77.903 765.0 
77.938 766.0 
77.961 767.0 
77.938 768.0 
77.938 769.0 
77.95 770.0 
77.95 771.0 
77.95 772.0 
77.95 773.0 
77.938 774.0 
77.95 775.0 
77.926 776.0 
77.95 777.0 
77.961 778.0 
77.938 779.0 
77.926 780.0 
77.926 781.0 
77.938 782.0 
77.926 783.0 
77.938 784.0 
77.903 785.0 
77.938 786.0 
77.961 787.0 
77.891 788.0 
77.926 789.0 
77.938 790.0 
77.938 791.0 
77.938 792.0 
77.95 793.0 
77.938 794.0 
77.926 795.0 
77.926 796.0 
77.926 797.0 
77.915 798.0 
77.891 799.0 
77.903 800.0 
77.926 801.0 
77.915 802.0 
77.891 803.0 
77.903 804.0 
0.006 805.0 
0.002 806.0 
0.011 807.0 
0.002 808.0 
0.008 809.0 
0.002 810.0 
0.006 811.0 
0.001 812.0 
0.004 813.0 
0.005 814.0 
0.01 815.0 
0.004 816.0 
0.007 817.0 
-0.004 818.0 
-0.004 819.0 
0.0 820.0 
-0.005 821.0 
-0.005 822.0 
-0.007 823.0 
-0.012 824.0 
-0.005 825.0 
-0.002 826.0 
-0.011 827.0 
-0.017 828.0 
-0.029 829.0 
