-0.037 257.0 
-0.038 258.0 
-0.037 259.0 
-0.053 260.0 
-0.059 261.0 
-0.032 262.0 
-0.037 263.0 
-0.04 264.0 
-0.032 265.0 
-0.05 266.0 
-0.037 267.0 
-0.023 268.0 
-0.034 269.0 
-0.043 270.0 
-0.044 271.0 
-0.028 272.0 
-0.025 273.0 
-0.037 274.0 
136.838 275.0 
133.872 276.0 
132.961 277.0 
131.723 278.0 
130.333 279.0 
128.417 280.0 
126.829 281.0 
124.832 282.0 
121.877 283.0 
120.802 284.0 
120.358 285.0 
120.031 286.0 
119.833 287.0 
119.541 288.0 
119.272 289.0 
118.712 290.0 
118.501 291.0 
118.291 292.0 
118.151 293.0 
117.882 294.0 
117.544 295.0 
117.403 296.0 
117.333 297.0 
116.866 298.0 
116.714 299.0 
116.633 300.0 
116.107 301.0 
115.99 302.0 
115.535 303.0 
115.418 304.0 
115.231 305.0 
114.519 306.0 
113.21 307.0 
110.956 308.0 
108.235 309.0 
104.801 310.0 
101.309 311.0 
97.56 312.0 
94.079 313.0 
90.061 314.0 
86.207 315.0 
82.446 316.0 
79.118 317.0 
76.607 318.0 
76.466 319.0 
76.256 320.0 
76.163 321.0 
76.116 322.0 
76.023 323.0 
76.081 324.0 
76.023 325.0 
75.941 326.0 
76.034 327.0 
75.941 328.0 
76.104 329.0 
76.058 330.0 
75.964 331.0 
76.081 332.0 
76.081 333.0 
75.964 334.0 
76.151 335.0 
76.023 336.0 
76.034 337.0 
75.906 338.0 
76.058 339.0 
75.988 340.0 
75.964 341.0 
75.929 342.0 
76.093 343.0 
75.988 344.0 
75.999 345.0 
75.953 346.0 
75.906 347.0 
75.988 348.0 
76.023 349.0 
75.999 350.0 
75.929 351.0 
75.999 352.0 
75.976 353.0 
75.906 354.0 
76.023 355.0 
75.988 356.0 
76.034 357.0 
75.964 358.0 
76.034 359.0 
75.964 360.0 
76.034 361.0 
75.953 362.0 
75.953 363.0 
75.906 364.0 
75.941 365.0 
75.964 366.0 
75.988 367.0 
75.929 368.0 
75.941 369.0 
76.023 370.0 
75.999 371.0 
76.011 372.0 
76.023 373.0 
76.034 374.0 
76.023 375.0 
76.28 376.0 
75.871 377.0 
75.953 378.0 
75.917 379.0 
75.964 380.0 
75.941 381.0 
76.034 382.0 
75.964 383.0 
75.917 384.0 
75.917 385.0 
76.058 386.0 
75.929 387.0 
75.882 388.0 
75.964 389.0 
76.023 390.0 
75.999 391.0 
75.953 392.0 
76.023 393.0 
75.871 394.0 
75.988 395.0 
76.011 396.0 
75.917 397.0 
75.988 398.0 
75.871 399.0 
75.906 400.0 
75.999 401.0 
75.976 402.0 
76.023 403.0 
75.988 404.0 
75.964 405.0 
75.906 406.0 
75.941 407.0 
75.906 408.0 
75.953 409.0 
75.906 410.0 
75.976 411.0 
75.976 412.0 
76.28 413.0 
76.011 414.0 
75.882 415.0 
75.929 416.0 
75.906 417.0 
76.093 418.0 
75.976 419.0 
75.871 420.0 
75.917 421.0 
75.964 422.0 
75.988 423.0 
75.917 424.0 
75.917 425.0 
75.976 426.0 
75.964 427.0 
75.906 428.0 
75.917 429.0 
75.882 430.0 
75.976 431.0 
75.999 432.0 
75.988 433.0 
75.859 434.0 
75.894 435.0 
75.917 436.0 
76.023 437.0 
75.847 438.0 
75.917 439.0 
75.906 440.0 
75.882 441.0 
75.906 442.0 
75.882 443.0 
75.882 444.0 
75.917 445.0 
75.906 446.0 
75.999 447.0 
75.964 448.0 
75.988 449.0 
76.35 450.0 
75.953 451.0 
75.906 452.0 
75.894 453.0 
75.871 454.0 
75.953 455.0 
75.824 456.0 
75.894 457.0 
75.882 458.0 
75.976 459.0 
75.976 460.0 
75.917 461.0 
75.894 462.0 
75.976 463.0 
75.941 464.0 
75.964 465.0 
75.999 466.0 
75.953 467.0 
75.859 468.0 
75.976 469.0 
75.882 470.0 
75.929 471.0 
75.929 472.0 
76.011 473.0 
75.964 474.0 
76.023 475.0 
75.917 476.0 
75.847 477.0 
75.917 478.0 
75.847 479.0 
75.906 480.0 
76.011 481.0 
75.882 482.0 
75.988 483.0 
75.894 484.0 
75.941 485.0 
75.894 486.0 
75.894 487.0 
75.964 488.0 
75.906 489.0 
75.929 490.0 
75.953 491.0 
75.964 492.0 
75.917 493.0 
75.941 494.0 
75.871 495.0 
75.859 496.0 
75.929 497.0 
75.941 498.0 
75.824 499.0 
75.859 500.0 
75.917 501.0 
75.964 502.0 
75.836 503.0 
75.836 504.0 
75.882 505.0 
75.906 506.0 
75.894 507.0 
75.964 508.0 
75.801 509.0 
75.859 510.0 
75.871 511.0 
75.894 512.0 
75.917 513.0 
75.929 514.0 
75.917 515.0 
75.941 516.0 
75.929 517.0 
75.707 518.0 
75.719 519.0 
75.789 520.0 
75.801 521.0 
75.812 522.0 
75.766 523.0 
75.812 524.0 
75.789 525.0 
75.789 526.0 
75.812 527.0 
75.742 528.0 
75.742 529.0 
75.742 530.0 
75.731 531.0 
75.847 532.0 
75.847 533.0 
75.777 534.0 
75.789 535.0 
75.731 536.0 
75.707 537.0 
75.625 538.0 
75.579 539.0 
75.567 540.0 
75.637 541.0 
75.625 542.0 
75.555 543.0 
75.509 544.0 
75.497 545.0 
75.439 546.0 
75.544 547.0 
75.497 548.0 
75.474 549.0 
75.427 550.0 
75.333 551.0 
75.462 552.0 
75.439 553.0 
75.38 554.0 
75.322 555.0 
75.439 556.0 
75.392 557.0 
75.38 558.0 
75.439 559.0 
75.439 560.0 
75.357 561.0 
75.322 562.0 
75.427 563.0 
75.38 564.0 
75.263 565.0 
75.427 566.0 
75.509 567.0 
75.31 568.0 
75.404 569.0 
75.345 570.0 
75.45 571.0 
75.38 572.0 
75.322 573.0 
75.333 574.0 
75.322 575.0 
75.427 576.0 
75.369 577.0 
75.345 578.0 
75.462 579.0 
75.404 580.0 
75.485 581.0 
75.415 582.0 
75.474 583.0 
75.45 584.0 
75.544 585.0 
75.427 586.0 
75.357 587.0 
75.474 588.0 
75.392 589.0 
75.485 590.0 
75.38 591.0 
75.474 592.0 
75.415 593.0 
75.38 594.0 
75.369 595.0 
75.439 596.0 
75.369 597.0 
75.45 598.0 
75.369 599.0 
75.427 600.0 
75.474 601.0 
75.427 602.0 
75.497 603.0 
75.392 604.0 
75.497 605.0 
75.357 606.0 
75.45 607.0 
75.31 608.0 
75.427 609.0 
75.509 610.0 
75.404 611.0 
75.462 612.0 
75.369 613.0 
75.415 614.0 
75.322 615.0 
75.392 616.0 
75.45 617.0 
75.404 618.0 
75.404 619.0 
75.006 620.0 
75.357 621.0 
75.404 622.0 
75.369 623.0 
75.392 624.0 
75.474 625.0 
75.38 626.0 
75.45 627.0 
75.509 628.0 
75.369 629.0 
75.439 630.0 
75.485 631.0 
75.322 632.0 
75.462 633.0 
75.52 634.0 
75.333 635.0 
75.462 636.0 
75.462 637.0 
75.357 638.0 
75.404 639.0 
75.462 640.0 
75.357 641.0 
75.392 642.0 
75.45 643.0 
75.31 644.0 
75.404 645.0 
75.427 646.0 
75.52 647.0 
75.357 648.0 
75.38 649.0 
75.474 650.0 
75.333 651.0 
75.392 652.0 
75.415 653.0 
75.497 654.0 
75.298 655.0 
75.392 656.0 
75.333 657.0 
75.45 658.0 
75.357 659.0 
75.404 660.0 
75.462 661.0 
75.45 662.0 
75.322 663.0 
75.38 664.0 
75.45 665.0 
75.497 666.0 
75.345 667.0 
75.404 668.0 
75.45 669.0 
75.427 670.0 
75.357 671.0 
75.357 672.0 
75.404 673.0 
75.404 674.0 
75.462 675.0 
75.322 676.0 
75.333 677.0 
75.38 678.0 
75.38 679.0 
75.497 680.0 
75.31 681.0 
75.369 682.0 
75.404 683.0 
75.45 684.0 
75.474 685.0 
75.532 686.0 
75.357 687.0 
75.404 688.0 
75.415 689.0 
75.415 690.0 
75.462 691.0 
75.497 692.0 
75.333 693.0 
75.392 694.0 
75.392 695.0 
75.415 696.0 
75.45 697.0 
75.439 698.0 
75.123 699.0 
75.31 700.0 
75.345 701.0 
75.38 702.0 
75.404 703.0 
75.38 704.0 
75.45 705.0 
75.509 706.0 
75.31 707.0 
75.345 708.0 
75.357 709.0 
75.415 710.0 
75.392 711.0 
75.427 712.0 
75.439 713.0 
75.474 714.0 
75.474 715.0 
75.333 716.0 
75.31 717.0 
75.345 718.0 
75.404 719.0 
75.392 720.0 
75.38 721.0 
75.439 722.0 
75.462 723.0 
75.45 724.0 
75.485 725.0 
75.322 726.0 
75.322 727.0 
75.333 728.0 
75.369 729.0 
75.38 730.0 
75.404 731.0 
75.404 732.0 
75.427 733.0 
75.439 734.0 
75.427 735.0 
75.462 736.0 
75.45 737.0 
75.485 738.0 
74.82 739.0 
75.287 740.0 
75.322 741.0 
75.322 742.0 
75.333 743.0 
75.345 744.0 
75.333 745.0 
75.369 746.0 
75.357 747.0 
75.38 748.0 
75.345 749.0 
75.415 750.0 
75.38 751.0 
75.38 752.0 
75.427 753.0 
75.392 754.0 
75.392 755.0 
75.38 756.0 
75.415 757.0 
75.404 758.0 
75.392 759.0 
75.357 760.0 
75.415 761.0 
75.45 762.0 
75.439 763.0 
75.404 764.0 
75.415 765.0 
75.427 766.0 
75.404 767.0 
75.427 768.0 
75.415 769.0 
75.415 770.0 
75.45 771.0 
75.427 772.0 
75.45 773.0 
75.427 774.0 
75.392 775.0 
75.427 776.0 
75.392 777.0 
75.427 778.0 
75.439 779.0 
75.404 780.0 
75.415 781.0 
75.415 782.0 
75.415 783.0 
75.404 784.0 
75.427 785.0 
75.404 786.0 
75.415 787.0 
75.427 788.0 
75.415 789.0 
75.427 790.0 
75.439 791.0 
75.427 792.0 
75.427 793.0 
75.415 794.0 
75.427 795.0 
75.427 796.0 
75.404 797.0 
75.404 798.0 
75.404 799.0 
75.404 800.0 
75.427 801.0 
75.392 802.0 
75.404 803.0 
75.427 804.0 
0.011 805.0 
0.002 806.0 
0.007 807.0 
0.004 808.0 
-0.011 809.0 
-0.001 810.0 
-0.006 811.0 
-0.023 812.0 
-0.013 813.0 
-0.028 814.0 
-0.036 815.0 
-0.043 816.0 
-0.036 817.0 
-0.038 818.0 
-0.064 819.0 
-0.054 820.0 
-0.052 821.0 
-0.053 822.0 
-0.053 823.0 
-0.049 824.0 
-0.047 825.0 
-0.052 826.0 
-0.046 827.0 
-0.036 828.0 
-0.04 829.0 
