-0.059 257.0 
-0.047 258.0 
-0.025 259.0 
-0.049 260.0 
-0.044 261.0 
-0.035 262.0 
-0.03 263.0 
-0.024 264.0 
-0.055 265.0 
-0.036 266.0 
-0.034 267.0 
-0.037 268.0 
-0.042 269.0 
-0.025 270.0 
-0.035 271.0 
-0.03 272.0 
-0.02 273.0 
-0.041 274.0 
142.853 275.0 
140.272 276.0 
139.163 277.0 
137.878 278.0 
136.348 279.0 
134.374 280.0 
132.552 281.0 
130.274 282.0 
127.728 283.0 
126.116 284.0 
125.719 285.0 
125.427 286.0 
125.252 287.0 
125.054 288.0 
124.808 289.0 
124.598 290.0 
124.014 291.0 
123.851 292.0 
123.675 293.0 
123.605 294.0 
123.103 295.0 
122.94 296.0 
122.893 297.0 
122.391 298.0 
122.274 299.0 
122.215 300.0 
121.667 301.0 
121.573 302.0 
121.059 303.0 
121.036 304.0 
120.884 305.0 
120.242 306.0 
119.097 307.0 
116.913 308.0 
114.378 309.0 
110.781 310.0 
107.207 311.0 
103.049 312.0 
99.102 313.0 
94.897 314.0 
90.587 315.0 
86.196 316.0 
82.446 317.0 
79.456 318.0 
79.375 319.0 
79.141 320.0 
79.001 321.0 
78.978 322.0 
78.861 323.0 
78.919 324.0 
78.872 325.0 
78.744 326.0 
78.884 327.0 
78.779 328.0 
78.954 329.0 
78.861 330.0 
78.791 331.0 
78.884 332.0 
78.907 333.0 
78.802 334.0 
79.048 335.0 
78.861 336.0 
78.849 337.0 
78.732 338.0 
78.931 339.0 
78.791 340.0 
78.814 341.0 
78.779 342.0 
78.931 343.0 
78.837 344.0 
78.802 345.0 
78.756 346.0 
78.732 347.0 
78.907 348.0 
78.861 349.0 
78.849 350.0 
78.779 351.0 
78.802 352.0 
78.779 353.0 
78.686 354.0 
78.896 355.0 
78.814 356.0 
78.849 357.0 
78.826 358.0 
78.931 359.0 
78.791 360.0 
78.826 361.0 
78.826 362.0 
78.826 363.0 
78.744 364.0 
78.744 365.0 
78.814 366.0 
78.826 367.0 
78.744 368.0 
78.791 369.0 
78.802 370.0 
78.814 371.0 
78.826 372.0 
78.861 373.0 
78.861 374.0 
78.861 375.0 
79.153 376.0 
78.674 377.0 
78.802 378.0 
78.767 379.0 
78.791 380.0 
78.791 381.0 
78.872 382.0 
78.814 383.0 
78.767 384.0 
78.767 385.0 
78.884 386.0 
78.779 387.0 
78.721 388.0 
78.802 389.0 
78.814 390.0 
78.826 391.0 
78.791 392.0 
78.884 393.0 
78.767 394.0 
78.814 395.0 
78.896 396.0 
78.767 397.0 
78.837 398.0 
78.709 399.0 
78.732 400.0 
78.849 401.0 
78.826 402.0 
78.907 403.0 
78.849 404.0 
78.814 405.0 
78.756 406.0 
78.779 407.0 
78.732 408.0 
78.802 409.0 
78.744 410.0 
78.791 411.0 
78.861 412.0 
79.223 413.0 
78.872 414.0 
78.767 415.0 
78.826 416.0 
78.709 417.0 
78.907 418.0 
78.802 419.0 
78.756 420.0 
78.779 421.0 
78.802 422.0 
78.872 423.0 
78.767 424.0 
78.744 425.0 
78.791 426.0 
78.861 427.0 
78.767 428.0 
78.756 429.0 
78.744 430.0 
78.826 431.0 
78.837 432.0 
78.861 433.0 
78.767 434.0 
78.744 435.0 
78.826 436.0 
78.884 437.0 
78.709 438.0 
78.779 439.0 
78.767 440.0 
78.767 441.0 
78.756 442.0 
78.779 443.0 
78.744 444.0 
78.779 445.0 
78.721 446.0 
78.872 447.0 
78.837 448.0 
78.849 449.0 
78.791 450.0 
78.767 451.0 
78.767 452.0 
78.732 453.0 
78.709 454.0 
78.802 455.0 
78.802 456.0 
78.767 457.0 
78.721 458.0 
78.826 459.0 
78.826 460.0 
78.744 461.0 
78.756 462.0 
78.826 463.0 
78.814 464.0 
78.779 465.0 
78.849 466.0 
78.802 467.0 
78.721 468.0 
78.826 469.0 
78.779 470.0 
78.767 471.0 
78.814 472.0 
78.744 473.0 
78.802 474.0 
78.861 475.0 
78.791 476.0 
78.732 477.0 
78.767 478.0 
78.732 479.0 
78.767 480.0 
78.814 481.0 
78.767 482.0 
78.837 483.0 
78.744 484.0 
78.802 485.0 
78.756 486.0 
78.709 487.0 
78.826 488.0 
78.791 489.0 
78.802 490.0 
78.849 491.0 
78.802 492.0 
78.779 493.0 
78.837 494.0 
78.721 495.0 
78.674 496.0 
78.791 497.0 
78.837 498.0 
78.697 499.0 
78.721 500.0 
78.767 501.0 
78.826 502.0 
78.697 503.0 
78.709 504.0 
78.721 505.0 
78.767 506.0 
78.744 507.0 
78.907 508.0 
78.709 509.0 
78.709 510.0 
78.744 511.0 
78.767 512.0 
78.767 513.0 
78.779 514.0 
78.791 515.0 
78.791 516.0 
78.779 517.0 
78.627 518.0 
78.604 519.0 
78.627 520.0 
78.65 521.0 
78.639 522.0 
78.662 523.0 
78.662 524.0 
78.627 525.0 
78.639 526.0 
78.639 527.0 
78.58 528.0 
78.592 529.0 
78.58 530.0 
78.592 531.0 
78.732 532.0 
78.686 533.0 
78.65 534.0 
78.65 535.0 
78.569 536.0 
78.58 537.0 
78.44 538.0 
78.475 539.0 
78.429 540.0 
78.545 541.0 
78.452 542.0 
78.452 543.0 
78.405 544.0 
78.37 545.0 
78.312 546.0 
78.44 547.0 
78.394 548.0 
78.312 549.0 
78.277 550.0 
78.288 551.0 
78.359 552.0 
78.347 553.0 
78.242 554.0 
78.253 555.0 
78.347 556.0 
78.277 557.0 
78.265 558.0 
77.891 559.0 
78.323 560.0 
78.253 561.0 
78.195 562.0 
78.312 563.0 
78.23 564.0 
78.207 565.0 
78.312 566.0 
78.3 567.0 
78.207 568.0 
78.265 569.0 
78.207 570.0 
78.335 571.0 
78.288 572.0 
78.218 573.0 
78.312 574.0 
78.23 575.0 
78.323 576.0 
78.242 577.0 
78.218 578.0 
78.359 579.0 
78.277 580.0 
78.335 581.0 
78.312 582.0 
78.347 583.0 
78.323 584.0 
78.44 585.0 
78.335 586.0 
78.242 587.0 
78.335 588.0 
78.288 589.0 
78.312 590.0 
78.3 591.0 
78.335 592.0 
78.253 593.0 
78.277 594.0 
78.265 595.0 
78.3 596.0 
78.23 597.0 
78.312 598.0 
78.242 599.0 
78.312 600.0 
78.382 601.0 
78.3 602.0 
78.359 603.0 
78.265 604.0 
78.359 605.0 
78.265 606.0 
78.335 607.0 
78.265 608.0 
78.312 609.0 
78.347 610.0 
78.3 611.0 
78.37 612.0 
78.242 613.0 
78.359 614.0 
78.218 615.0 
78.253 616.0 
78.37 617.0 
78.277 618.0 
78.323 619.0 
77.996 620.0 
78.265 621.0 
78.323 622.0 
78.195 623.0 
78.323 624.0 
78.335 625.0 
78.23 626.0 
78.312 627.0 
78.394 628.0 
78.253 629.0 
78.335 630.0 
78.405 631.0 
78.242 632.0 
78.359 633.0 
78.709 634.0 
78.265 635.0 
78.312 636.0 
78.359 637.0 
78.265 638.0 
78.265 639.0 
78.323 640.0 
78.242 641.0 
78.288 642.0 
78.347 643.0 
78.195 644.0 
78.288 645.0 
78.3 646.0 
78.37 647.0 
78.242 648.0 
78.277 649.0 
78.335 650.0 
78.195 651.0 
78.207 652.0 
78.3 653.0 
78.382 654.0 
78.207 655.0 
78.242 656.0 
78.288 657.0 
78.335 658.0 
78.277 659.0 
78.3 660.0 
78.312 661.0 
78.417 662.0 
78.207 663.0 
78.288 664.0 
78.347 665.0 
78.382 666.0 
78.242 667.0 
78.277 668.0 
78.359 669.0 
78.37 670.0 
78.253 671.0 
78.253 672.0 
78.277 673.0 
78.359 674.0 
78.394 675.0 
78.218 676.0 
78.265 677.0 
78.3 678.0 
78.288 679.0 
78.37 680.0 
78.207 681.0 
78.218 682.0 
78.288 683.0 
78.312 684.0 
78.359 685.0 
78.394 686.0 
78.242 687.0 
78.277 688.0 
78.288 689.0 
78.3 690.0 
78.37 691.0 
78.417 692.0 
78.23 693.0 
78.242 694.0 
78.277 695.0 
78.3 696.0 
78.347 697.0 
78.335 698.0 
78.09 699.0 
78.23 700.0 
78.253 701.0 
78.277 702.0 
78.277 703.0 
78.312 704.0 
78.288 705.0 
78.417 706.0 
78.23 707.0 
78.242 708.0 
78.277 709.0 
78.277 710.0 
78.3 711.0 
78.335 712.0 
78.37 713.0 
78.359 714.0 
78.394 715.0 
78.183 716.0 
78.218 717.0 
78.265 718.0 
78.288 719.0 
78.3 720.0 
78.3 721.0 
78.323 722.0 
78.335 723.0 
78.347 724.0 
78.359 725.0 
78.207 726.0 
78.218 727.0 
78.23 728.0 
78.23 729.0 
78.277 730.0 
78.288 731.0 
78.3 732.0 
78.323 733.0 
78.359 734.0 
78.323 735.0 
78.347 736.0 
78.335 737.0 
78.37 738.0 
78.125 739.0 
78.195 740.0 
78.207 741.0 
78.23 742.0 
78.207 743.0 
78.195 744.0 
78.242 745.0 
78.253 746.0 
78.253 747.0 
78.23 748.0 
78.277 749.0 
78.265 750.0 
78.253 751.0 
78.288 752.0 
78.288 753.0 
78.277 754.0 
78.288 755.0 
78.253 756.0 
78.277 757.0 
78.3 758.0 
78.288 759.0 
78.3 760.0 
78.312 761.0 
78.3 762.0 
78.288 763.0 
78.312 764.0 
78.288 765.0 
78.323 766.0 
78.312 767.0 
78.312 768.0 
78.335 769.0 
78.312 770.0 
78.3 771.0 
78.335 772.0 
78.323 773.0 
78.335 774.0 
78.312 775.0 
78.323 776.0 
78.288 777.0 
78.323 778.0 
78.323 779.0 
78.288 780.0 
78.277 781.0 
78.277 782.0 
78.277 783.0 
78.3 784.0 
78.3 785.0 
78.3 786.0 
78.312 787.0 
78.323 788.0 
78.288 789.0 
78.323 790.0 
78.312 791.0 
78.323 792.0 
78.312 793.0 
78.3 794.0 
78.265 795.0 
78.253 796.0 
78.277 797.0 
78.265 798.0 
78.242 799.0 
78.277 800.0 
78.288 801.0 
78.253 802.0 
78.277 803.0 
78.265 804.0 
-0.011 805.0 
0.0 806.0 
0.007 807.0 
0.004 808.0 
0.002 809.0 
0.005 810.0 
-0.002 811.0 
0.001 812.0 
-0.013 813.0 
-0.016 814.0 
-0.02 815.0 
-0.014 816.0 
-0.025 817.0 
-0.02 818.0 
-0.022 819.0 
-0.019 820.0 
-0.023 821.0 
-0.025 822.0 
-0.026 823.0 
-0.024 824.0 
-0.029 825.0 
-0.024 826.0 
-0.023 827.0 
-0.017 828.0 
-0.02 829.0 
