-0.048 257.0 
-0.049 258.0 
-0.053 259.0 
-0.029 260.0 
-0.055 261.0 
-0.071 262.0 
-0.044 263.0 
-0.025 264.0 
-0.023 265.0 
-0.048 266.0 
-0.054 267.0 
-0.038 268.0 
-0.046 269.0 
-0.028 270.0 
-0.047 271.0 
-0.031 272.0 
-0.026 273.0 
-0.043 274.0 
148.249 275.0 
145.131 276.0 
143.823 277.0 
141.989 278.0 
139.887 279.0 
137.598 280.0 
135.635 281.0 
133.183 282.0 
129.527 283.0 
128.055 284.0 
127.623 285.0 
127.296 286.0 
127.168 287.0 
126.946 288.0 
126.724 289.0 
126.187 290.0 
126.035 291.0 
125.859 292.0 
125.696 293.0 
125.603 294.0 
125.124 295.0 
124.995 296.0 
124.925 297.0 
124.423 298.0 
124.259 299.0 
124.236 300.0 
123.652 301.0 
123.652 302.0 
123.197 303.0 
123.115 304.0 
123.056 305.0 
122.461 306.0 
121.421 307.0 
119.272 308.0 
116.819 309.0 
113.362 310.0 
109.8 311.0 
105.712 312.0 
101.729 313.0 
97.233 314.0 
92.993 315.0 
88.438 316.0 
84.49 317.0 
81.092 318.0 
80.975 319.0 
80.753 320.0 
80.566 321.0 
80.601 322.0 
80.519 323.0 
80.566 324.0 
80.508 325.0 
80.379 326.0 
80.519 327.0 
80.426 328.0 
81.08 329.0 
80.531 330.0 
80.473 331.0 
80.741 332.0 
80.554 333.0 
80.473 334.0 
80.437 335.0 
80.519 336.0 
80.496 337.0 
80.414 338.0 
80.928 339.0 
80.496 340.0 
80.437 341.0 
80.437 342.0 
80.508 343.0 
80.473 344.0 
80.461 345.0 
80.414 346.0 
80.379 347.0 
80.437 348.0 
80.496 349.0 
80.473 350.0 
80.461 351.0 
80.508 352.0 
80.449 353.0 
80.344 354.0 
80.414 355.0 
80.473 356.0 
80.519 357.0 
80.473 358.0 
80.554 359.0 
80.484 360.0 
80.484 361.0 
80.461 362.0 
80.473 363.0 
80.402 364.0 
80.426 365.0 
80.473 366.0 
80.473 367.0 
80.426 368.0 
80.449 369.0 
80.414 370.0 
80.473 371.0 
80.519 372.0 
80.508 373.0 
80.496 374.0 
80.554 375.0 
80.8 376.0 
80.426 377.0 
80.484 378.0 
80.484 379.0 
80.473 380.0 
80.426 381.0 
80.566 382.0 
80.473 383.0 
80.426 384.0 
80.426 385.0 
80.543 386.0 
80.402 387.0 
80.367 388.0 
80.484 389.0 
80.473 390.0 
80.484 391.0 
80.461 392.0 
80.554 393.0 
80.391 394.0 
80.496 395.0 
80.554 396.0 
80.391 397.0 
80.496 398.0 
80.426 399.0 
80.426 400.0 
80.519 401.0 
80.461 402.0 
80.554 403.0 
80.473 404.0 
80.449 405.0 
80.379 406.0 
80.449 407.0 
80.391 408.0 
80.449 409.0 
80.402 410.0 
80.461 411.0 
80.496 412.0 
80.975 413.0 
80.508 414.0 
80.449 415.0 
80.461 416.0 
80.414 417.0 
80.531 418.0 
80.496 419.0 
80.437 420.0 
80.426 421.0 
80.461 422.0 
80.519 423.0 
80.402 424.0 
80.414 425.0 
80.473 426.0 
80.496 427.0 
80.402 428.0 
80.414 429.0 
80.391 430.0 
80.473 431.0 
80.508 432.0 
80.519 433.0 
80.391 434.0 
80.426 435.0 
80.437 436.0 
80.496 437.0 
80.414 438.0 
80.379 439.0 
80.473 440.0 
80.414 441.0 
80.402 442.0 
80.426 443.0 
80.414 444.0 
80.391 445.0 
80.379 446.0 
80.508 447.0 
80.473 448.0 
80.461 449.0 
80.846 450.0 
80.473 451.0 
80.437 452.0 
80.367 453.0 
80.379 454.0 
80.473 455.0 
80.297 456.0 
80.437 457.0 
80.437 458.0 
80.508 459.0 
80.508 460.0 
80.402 461.0 
80.414 462.0 
80.531 463.0 
80.426 464.0 
80.449 465.0 
80.508 466.0 
80.449 467.0 
80.391 468.0 
80.473 469.0 
80.437 470.0 
80.449 471.0 
80.461 472.0 
80.367 473.0 
80.426 474.0 
80.519 475.0 
80.461 476.0 
80.367 477.0 
80.449 478.0 
80.402 479.0 
80.473 480.0 
80.473 481.0 
80.426 482.0 
80.508 483.0 
80.402 484.0 
80.414 485.0 
80.391 486.0 
80.391 487.0 
80.496 488.0 
80.391 489.0 
80.437 490.0 
80.473 491.0 
80.461 492.0 
80.484 493.0 
80.496 494.0 
80.414 495.0 
80.379 496.0 
80.473 497.0 
80.484 498.0 
80.379 499.0 
80.414 500.0 
80.437 501.0 
80.461 502.0 
80.344 503.0 
80.402 504.0 
80.414 505.0 
80.437 506.0 
80.344 507.0 
80.519 508.0 
80.309 509.0 
80.391 510.0 
80.414 511.0 
80.449 512.0 
80.437 513.0 
80.484 514.0 
80.461 515.0 
80.473 516.0 
80.484 517.0 
80.251 518.0 
80.297 519.0 
80.356 520.0 
80.332 521.0 
80.332 522.0 
80.344 523.0 
80.344 524.0 
80.321 525.0 
80.321 526.0 
80.344 527.0 
80.239 528.0 
80.286 529.0 
80.274 530.0 
80.286 531.0 
80.402 532.0 
80.379 533.0 
80.321 534.0 
80.356 535.0 
80.262 536.0 
80.239 537.0 
80.192 538.0 
80.157 539.0 
80.11 540.0 
80.239 541.0 
80.157 542.0 
80.134 543.0 
80.075 544.0 
80.04 545.0 
80.005 546.0 
80.122 547.0 
80.099 548.0 
80.017 549.0 
79.982 550.0 
79.9 551.0 
80.064 552.0 
79.982 553.0 
79.97 554.0 
79.924 555.0 
80.029 556.0 
79.982 557.0 
79.959 558.0 
79.55 559.0 
80.017 560.0 
79.947 561.0 
79.889 562.0 
80.005 563.0 
79.947 564.0 
79.865 565.0 
80.017 566.0 
80.029 567.0 
79.877 568.0 
80.005 569.0 
79.947 570.0 
80.064 571.0 
79.947 572.0 
79.912 573.0 
79.97 574.0 
79.912 575.0 
80.064 576.0 
79.959 577.0 
79.982 578.0 
80.052 579.0 
80.005 580.0 
80.087 581.0 
79.982 582.0 
80.005 583.0 
80.04 584.0 
80.122 585.0 
80.04 586.0 
79.959 587.0 
80.029 588.0 
79.935 589.0 
80.064 590.0 
79.947 591.0 
80.052 592.0 
79.959 593.0 
80.017 594.0 
79.947 595.0 
79.97 596.0 
79.935 597.0 
80.04 598.0 
79.959 599.0 
80.017 600.0 
80.099 601.0 
79.994 602.0 
80.064 603.0 
79.994 604.0 
80.075 605.0 
79.935 606.0 
80.04 607.0 
79.924 608.0 
79.97 609.0 
80.11 610.0 
79.994 611.0 
80.064 612.0 
79.947 613.0 
80.052 614.0 
79.9 615.0 
79.982 616.0 
80.075 617.0 
79.9 618.0 
80.017 619.0 
79.597 620.0 
80.005 621.0 
80.029 622.0 
79.9 623.0 
79.994 624.0 
80.04 625.0 
79.935 626.0 
79.994 627.0 
80.064 628.0 
79.97 629.0 
80.052 630.0 
80.087 631.0 
79.924 632.0 
80.017 633.0 
80.379 634.0 
79.994 635.0 
80.017 636.0 
80.064 637.0 
79.982 638.0 
80.075 639.0 
80.087 640.0 
79.924 641.0 
79.982 642.0 
80.029 643.0 
79.912 644.0 
79.982 645.0 
80.017 646.0 
80.075 647.0 
79.947 648.0 
79.97 649.0 
80.064 650.0 
79.924 651.0 
79.982 652.0 
80.005 653.0 
80.087 654.0 
79.912 655.0 
79.97 656.0 
80.017 657.0 
80.04 658.0 
79.97 659.0 
80.029 660.0 
80.029 661.0 
80.064 662.0 
79.912 663.0 
79.994 664.0 
80.029 665.0 
80.099 666.0 
79.924 667.0 
79.982 668.0 
80.029 669.0 
80.087 670.0 
79.947 671.0 
79.982 672.0 
80.017 673.0 
80.04 674.0 
80.064 675.0 
79.912 676.0 
79.959 677.0 
79.982 678.0 
80.04 679.0 
80.087 680.0 
79.889 681.0 
79.912 682.0 
80.017 683.0 
80.017 684.0 
80.075 685.0 
80.099 686.0 
79.924 687.0 
79.947 688.0 
79.982 689.0 
80.005 690.0 
80.04 691.0 
80.075 692.0 
79.9 693.0 
79.959 694.0 
79.959 695.0 
80.029 696.0 
80.029 697.0 
80.064 698.0 
79.76 699.0 
79.947 700.0 
79.97 701.0 
79.97 702.0 
79.994 703.0 
80.017 704.0 
80.075 705.0 
80.087 706.0 
79.9 707.0 
79.959 708.0 
79.912 709.0 
79.947 710.0 
80.017 711.0 
80.029 712.0 
80.04 713.0 
80.075 714.0 
80.087 715.0 
79.935 716.0 
79.982 717.0 
79.959 718.0 
80.005 719.0 
79.97 720.0 
79.994 721.0 
80.017 722.0 
80.064 723.0 
80.064 724.0 
80.064 725.0 
79.912 726.0 
79.9 727.0 
79.947 728.0 
79.935 729.0 
79.982 730.0 
79.994 731.0 
80.017 732.0 
80.029 733.0 
80.04 734.0 
80.04 735.0 
80.064 736.0 
80.087 737.0 
80.075 738.0 
79.818 739.0 
79.889 740.0 
79.912 741.0 
79.912 742.0 
79.912 743.0 
79.9 744.0 
79.947 745.0 
79.935 746.0 
79.924 747.0 
79.854 748.0 
79.959 749.0 
79.912 750.0 
79.982 751.0 
79.994 752.0 
80.005 753.0 
79.97 754.0 
79.982 755.0 
79.982 756.0 
79.97 757.0 
79.994 758.0 
80.005 759.0 
80.029 760.0 
79.982 761.0 
79.994 762.0 
80.005 763.0 
79.982 764.0 
79.994 765.0 
80.005 766.0 
79.982 767.0 
79.97 768.0 
80.005 769.0 
80.052 770.0 
80.029 771.0 
80.029 772.0 
80.04 773.0 
80.005 774.0 
80.005 775.0 
80.017 776.0 
79.994 777.0 
80.017 778.0 
80.029 779.0 
80.017 780.0 
79.982 781.0 
80.017 782.0 
79.994 783.0 
80.017 784.0 
79.994 785.0 
80.005 786.0 
80.04 787.0 
80.005 788.0 
79.994 789.0 
79.994 790.0 
80.005 791.0 
80.005 792.0 
80.052 793.0 
80.017 794.0 
80.029 795.0 
80.029 796.0 
79.994 797.0 
80.029 798.0 
80.04 799.0 
80.005 800.0 
80.017 801.0 
80.005 802.0 
80.005 803.0 
80.017 804.0 
0.0 805.0 
0.0 806.0 
-0.002 807.0 
0.005 808.0 
0.008 809.0 
0.006 810.0 
0.006 811.0 
0.0 812.0 
-0.006 813.0 
-0.017 814.0 
-0.006 815.0 
-0.012 816.0 
-0.012 817.0 
-0.011 818.0 
-0.004 819.0 
-0.001 820.0 
-0.011 821.0 
-0.013 822.0 
-0.006 823.0 
-0.02 824.0 
-0.018 825.0 
-0.02 826.0 
-0.017 827.0 
-0.02 828.0 
-0.02 829.0 
