-0.023 257.0 
-0.014 258.0 
-0.091 259.0 
-0.007 260.0 
-0.019 261.0 
-0.025 262.0 
-0.035 263.0 
-0.042 264.0 
-0.032 265.0 
-0.029 266.0 
-0.04 267.0 
-0.037 268.0 
-0.029 269.0 
-0.032 270.0 
-0.026 271.0 
-0.032 272.0 
-0.048 273.0 
-0.016 274.0 
257.046 275.0 
252.404 276.0 
251.36 277.0 
249.503 278.0 
247.53 279.0 
245.79 280.0 
244.513 281.0 
243.236 282.0 
241.032 283.0 
240.799 284.0 
240.567 285.0 
240.219 286.0 
239.987 287.0 
239.987 288.0 
240.103 289.0 
239.639 290.0 
239.059 291.0 
238.827 292.0 
238.943 293.0 
239.175 294.0 
238.13 295.0 
238.362 296.0 
238.711 297.0 
237.55 298.0 
237.55 299.0 
238.014 300.0 
237.318 301.0 
237.434 302.0 
236.622 303.0 
236.97 304.0 
237.318 305.0 
236.97 306.0 
237.434 307.0 
236.854 308.0 
237.086 309.0 
236.622 310.0 
236.854 311.0 
236.622 312.0 
237.086 313.0 
236.274 314.0 
236.738 315.0 
236.738 316.0 
236.854 317.0 
236.506 318.0 
236.506 319.0 
236.158 320.0 
228.847 321.0 
236.274 322.0 
235.693 323.0 
236.274 324.0 
236.158 325.0 
237.898 326.0 
236.042 327.0 
236.042 328.0 
236.622 329.0 
236.39 330.0 
236.158 331.0 
239.407 332.0 
236.738 333.0 
236.158 334.0 
237.086 335.0 
236.506 336.0 
236.506 337.0 
235.809 338.0 
236.506 339.0 
236.274 340.0 
236.158 341.0 
236.158 342.0 
230.471 343.0 
236.042 344.0 
236.274 345.0 
235.925 346.0 
235.925 347.0 
234.301 348.0 
236.622 349.0 
236.39 350.0 
236.506 351.0 
236.39 352.0 
236.158 353.0 
232.792 354.0 
236.506 355.0 
236.506 356.0 
236.738 357.0 
236.274 358.0 
235.925 359.0 
236.158 360.0 
236.622 361.0 
236.042 362.0 
236.39 363.0 
235.577 364.0 
236.042 365.0 
236.042 366.0 
236.158 367.0 
235.925 368.0 
236.738 369.0 
236.39 370.0 
236.506 371.0 
236.39 372.0 
236.39 373.0 
236.738 374.0 
236.39 375.0 
239.871 376.0 
235.577 377.0 
236.274 378.0 
236.158 379.0 
236.158 380.0 
236.39 381.0 
236.622 382.0 
235.809 383.0 
236.274 384.0 
236.274 385.0 
236.274 386.0 
235.229 387.0 
236.39 388.0 
236.506 389.0 
236.506 390.0 
236.622 391.0 
236.39 392.0 
236.622 393.0 
236.39 394.0 
236.274 395.0 
236.738 396.0 
236.274 397.0 
236.506 398.0 
234.417 399.0 
236.274 400.0 
236.738 401.0 
236.274 402.0 
236.506 403.0 
235.809 404.0 
236.274 405.0 
235.925 406.0 
236.39 407.0 
236.274 408.0 
236.506 409.0 
236.158 410.0 
236.39 411.0 
236.738 412.0 
236.854 413.0 
236.622 414.0 
235.693 415.0 
236.506 416.0 
236.506 417.0 
236.97 418.0 
236.506 419.0 
236.158 420.0 
236.042 421.0 
236.506 422.0 
236.39 423.0 
236.274 424.0 
236.042 425.0 
236.39 426.0 
236.39 427.0 
236.158 428.0 
235.925 429.0 
236.158 430.0 
236.506 431.0 
236.622 432.0 
236.506 433.0 
236.158 434.0 
236.39 435.0 
236.738 436.0 
236.97 437.0 
236.042 438.0 
236.158 439.0 
236.274 440.0 
236.158 441.0 
236.274 442.0 
236.506 443.0 
236.39 444.0 
236.506 445.0 
236.042 446.0 
236.622 447.0 
236.506 448.0 
236.738 449.0 
237.086 450.0 
236.39 451.0 
236.506 452.0 
236.158 453.0 
236.506 454.0 
236.39 455.0 
236.506 456.0 
236.39 457.0 
236.39 458.0 
236.622 459.0 
236.158 460.0 
236.506 461.0 
236.39 462.0 
236.622 463.0 
236.39 464.0 
236.506 465.0 
236.97 466.0 
236.158 467.0 
235.809 468.0 
236.622 469.0 
236.39 470.0 
236.506 471.0 
236.738 472.0 
237.086 473.0 
236.506 474.0 
237.086 475.0 
236.506 476.0 
236.622 477.0 
236.506 478.0 
235.925 479.0 
236.158 480.0 
236.854 481.0 
236.39 482.0 
237.086 483.0 
236.158 484.0 
236.274 485.0 
236.158 486.0 
235.925 487.0 
236.738 488.0 
236.274 489.0 
236.854 490.0 
236.854 491.0 
236.622 492.0 
236.39 493.0 
236.854 494.0 
236.39 495.0 
236.158 496.0 
236.622 497.0 
236.854 498.0 
236.39 499.0 
236.158 500.0 
236.506 501.0 
236.622 502.0 
236.042 503.0 
236.39 504.0 
236.39 505.0 
236.158 506.0 
231.284 507.0 
239.523 508.0 
236.158 509.0 
236.622 510.0 
236.274 511.0 
236.39 512.0 
236.506 513.0 
236.854 514.0 
236.622 515.0 
236.854 516.0 
238.711 517.0 
235.809 518.0 
235.577 519.0 
236.158 520.0 
236.042 521.0 
235.809 522.0 
236.39 523.0 
236.39 524.0 
236.39 525.0 
236.274 526.0 
236.274 527.0 
235.461 528.0 
236.158 529.0 
235.693 530.0 
236.158 531.0 
236.738 532.0 
236.39 533.0 
236.39 534.0 
236.39 535.0 
236.738 536.0 
236.506 537.0 
236.158 538.0 
236.042 539.0 
236.158 540.0 
236.506 541.0 
236.506 542.0 
236.274 543.0 
236.042 544.0 
236.158 545.0 
235.925 546.0 
236.506 547.0 
236.622 548.0 
236.39 549.0 
236.274 550.0 
234.765 551.0 
236.738 552.0 
236.274 553.0 
236.274 554.0 
236.158 555.0 
236.506 556.0 
236.39 557.0 
236.274 558.0 
232.56 559.0 
236.39 560.0 
236.042 561.0 
235.461 562.0 
236.506 563.0 
236.274 564.0 
235.113 565.0 
236.506 566.0 
235.577 567.0 
235.925 568.0 
236.622 569.0 
235.925 570.0 
236.738 571.0 
236.158 572.0 
236.158 573.0 
236.274 574.0 
236.158 575.0 
236.738 576.0 
236.506 577.0 
236.158 578.0 
236.158 579.0 
236.158 580.0 
236.39 581.0 
236.39 582.0 
236.622 583.0 
236.39 584.0 
236.622 585.0 
236.506 586.0 
235.693 587.0 
236.39 588.0 
236.274 589.0 
236.506 590.0 
236.158 591.0 
236.506 592.0 
236.39 593.0 
236.042 594.0 
236.042 595.0 
236.854 596.0 
236.506 597.0 
236.622 598.0 
236.274 599.0 
236.158 600.0 
236.506 601.0 
236.158 602.0 
236.506 603.0 
236.274 604.0 
236.506 605.0 
236.042 606.0 
236.274 607.0 
236.042 608.0 
236.158 609.0 
236.506 610.0 
236.274 611.0 
236.622 612.0 
236.274 613.0 
236.738 614.0 
236.158 615.0 
236.39 616.0 
236.622 617.0 
236.622 618.0 
236.39 619.0 
232.096 620.0 
236.39 621.0 
236.158 622.0 
236.042 623.0 
236.158 624.0 
236.854 625.0 
236.158 626.0 
236.274 627.0 
236.39 628.0 
236.39 629.0 
236.042 630.0 
236.622 631.0 
235.809 632.0 
236.506 633.0 
236.97 634.0 
236.158 635.0 
236.738 636.0 
236.854 637.0 
236.274 638.0 
236.506 639.0 
236.506 640.0 
236.042 641.0 
236.622 642.0 
236.622 643.0 
236.158 644.0 
236.622 645.0 
236.274 646.0 
236.506 647.0 
236.274 648.0 
236.158 649.0 
236.738 650.0 
236.158 651.0 
236.274 652.0 
236.274 653.0 
236.506 654.0 
236.39 655.0 
236.158 656.0 
236.042 657.0 
236.39 658.0 
236.158 659.0 
236.39 660.0 
236.274 661.0 
236.738 662.0 
235.229 663.0 
236.274 664.0 
236.158 665.0 
236.506 666.0 
236.042 667.0 
236.158 668.0 
236.622 669.0 
236.738 670.0 
236.158 671.0 
236.274 672.0 
236.506 673.0 
236.506 674.0 
236.854 675.0 
236.042 676.0 
236.274 677.0 
236.39 678.0 
236.042 679.0 
236.738 680.0 
236.158 681.0 
236.274 682.0 
236.39 683.0 
236.39 684.0 
236.622 685.0 
236.506 686.0 
236.274 687.0 
236.158 688.0 
236.738 689.0 
236.622 690.0 
236.506 691.0 
236.39 692.0 
236.042 693.0 
236.39 694.0 
236.39 695.0 
236.506 696.0 
237.086 697.0 
236.738 698.0 
233.372 699.0 
236.158 700.0 
236.158 701.0 
235.809 702.0 
236.274 703.0 
236.274 704.0 
236.622 705.0 
236.506 706.0 
236.042 707.0 
236.042 708.0 
236.158 709.0 
236.506 710.0 
236.622 711.0 
236.39 712.0 
236.506 713.0 
236.622 714.0 
236.738 715.0 
236.158 716.0 
236.622 717.0 
236.158 718.0 
235.925 719.0 
236.39 720.0 
236.042 721.0 
236.39 722.0 
236.506 723.0 
236.738 724.0 
236.622 725.0 
236.042 726.0 
235.693 727.0 
236.274 728.0 
236.39 729.0 
236.39 730.0 
236.274 731.0 
236.506 732.0 
236.39 733.0 
236.622 734.0 
236.622 735.0 
236.622 736.0 
236.854 737.0 
236.506 738.0 
231.864 739.0 
235.925 740.0 
236.158 741.0 
236.274 742.0 
236.042 743.0 
236.274 744.0 
236.274 745.0 
236.39 746.0 
236.158 747.0 
236.158 748.0 
236.39 749.0 
236.506 750.0 
236.39 751.0 
236.158 752.0 
236.39 753.0 
236.39 754.0 
236.622 755.0 
236.506 756.0 
236.622 757.0 
236.158 758.0 
236.158 759.0 
236.506 760.0 
236.39 761.0 
236.506 762.0 
236.39 763.0 
236.738 764.0 
236.506 765.0 
236.39 766.0 
236.274 767.0 
236.274 768.0 
236.738 769.0 
236.39 770.0 
236.39 771.0 
236.39 772.0 
236.506 773.0 
236.39 774.0 
236.274 775.0 
236.738 776.0 
236.39 777.0 
236.738 778.0 
236.39 779.0 
236.158 780.0 
236.39 781.0 
236.158 782.0 
236.738 783.0 
236.39 784.0 
236.274 785.0 
236.39 786.0 
236.39 787.0 
236.39 788.0 
236.738 789.0 
236.506 790.0 
236.738 791.0 
236.622 792.0 
236.506 793.0 
236.738 794.0 
236.622 795.0 
236.274 796.0 
236.622 797.0 
236.274 798.0 
236.274 799.0 
236.506 800.0 
236.506 801.0 
236.39 802.0 
236.042 803.0 
236.158 804.0 
0.028 805.0 
0.029 806.0 
0.025 807.0 
0.032 808.0 
0.035 809.0 
0.032 810.0 
0.037 811.0 
0.028 812.0 
0.023 813.0 
0.022 814.0 
0.016 815.0 
0.022 816.0 
0.014 817.0 
0.008 818.0 
-0.001 819.0 
-0.002 820.0 
-0.016 821.0 
-0.02 822.0 
-0.024 823.0 
-0.031 824.0 
-0.02 825.0 
-0.03 826.0 
-0.037 827.0 
-0.041 828.0 
-0.05 829.0 
