-0.044 257.0 
-0.05 258.0 
-0.034 259.0 
-0.023 260.0 
-0.036 261.0 
-0.03 262.0 
-0.071 263.0 
-0.03 264.0 
-0.024 265.0 
-0.04 266.0 
-0.031 267.0 
-0.03 268.0 
-0.043 269.0 
-0.035 270.0 
-0.03 271.0 
-0.046 272.0 
-0.031 273.0 
-0.026 274.0 
152.466 275.0 
149.289 276.0 
147.911 277.0 
145.89 278.0 
143.94 279.0 
141.475 280.0 
139.525 281.0 
137.259 282.0 
134.024 283.0 
132.704 284.0 
132.213 285.0 
131.723 286.0 
131.396 287.0 
130.975 288.0 
130.601 289.0 
129.854 290.0 
129.62 291.0 
129.27 292.0 
129.025 293.0 
128.639 294.0 
128.265 295.0 
128.032 296.0 
127.845 297.0 
127.179 298.0 
126.841 299.0 
126.619 300.0 
125.871 301.0 
125.684 302.0 
124.995 303.0 
124.808 304.0 
124.575 305.0 
123.757 306.0 
122.017 307.0 
118.933 308.0 
115.289 309.0 
110.863 310.0 
106.214 311.0 
101.204 312.0 
96.567 313.0 
91.848 314.0 
87.784 315.0 
83.708 316.0 
80.169 317.0 
77.693 318.0 
77.541 319.0 
77.307 320.0 
77.179 321.0 
77.167 322.0 
77.027 323.0 
77.097 324.0 
77.05 325.0 
76.945 326.0 
77.085 327.0 
77.015 328.0 
77.015 329.0 
77.085 330.0 
77.004 331.0 
77.05 332.0 
77.109 333.0 
77.015 334.0 
76.969 335.0 
77.097 336.0 
77.085 337.0 
76.945 338.0 
77.191 339.0 
76.98 340.0 
77.015 341.0 
76.957 342.0 
77.179 343.0 
77.027 344.0 
76.957 345.0 
76.969 346.0 
76.969 347.0 
76.992 348.0 
77.027 349.0 
77.004 350.0 
76.992 351.0 
77.05 352.0 
77.015 353.0 
76.922 354.0 
76.98 355.0 
77.015 356.0 
77.05 357.0 
77.004 358.0 
77.062 359.0 
77.062 360.0 
77.039 361.0 
76.992 362.0 
77.015 363.0 
76.957 364.0 
77.004 365.0 
77.004 366.0 
77.027 367.0 
77.004 368.0 
76.992 369.0 
77.039 370.0 
77.027 371.0 
77.027 372.0 
77.027 373.0 
77.05 374.0 
77.074 375.0 
77.261 376.0 
76.934 377.0 
77.015 378.0 
76.98 379.0 
76.98 380.0 
77.015 381.0 
77.097 382.0 
77.004 383.0 
76.969 384.0 
76.969 385.0 
77.085 386.0 
76.957 387.0 
76.969 388.0 
77.015 389.0 
77.015 390.0 
76.992 391.0 
76.98 392.0 
77.05 393.0 
76.934 394.0 
77.039 395.0 
77.097 396.0 
76.945 397.0 
77.015 398.0 
76.864 399.0 
76.957 400.0 
77.085 401.0 
77.004 402.0 
77.085 403.0 
77.039 404.0 
77.004 405.0 
76.922 406.0 
77.015 407.0 
76.957 408.0 
77.05 409.0 
76.945 410.0 
76.992 411.0 
77.074 412.0 
77.506 413.0 
77.027 414.0 
76.992 415.0 
77.039 416.0 
76.945 417.0 
77.027 418.0 
77.027 419.0 
76.945 420.0 
77.015 421.0 
77.015 422.0 
77.085 423.0 
76.957 424.0 
76.992 425.0 
77.05 426.0 
77.039 427.0 
77.004 428.0 
77.027 429.0 
76.969 430.0 
77.039 431.0 
77.039 432.0 
77.05 433.0 
76.969 434.0 
76.992 435.0 
76.969 436.0 
77.027 437.0 
76.969 438.0 
76.957 439.0 
76.969 440.0 
76.98 441.0 
76.992 442.0 
76.992 443.0 
76.969 444.0 
76.969 445.0 
76.945 446.0 
77.062 447.0 
77.074 448.0 
77.004 449.0 
77.272 450.0 
77.027 451.0 
76.969 452.0 
76.922 453.0 
76.922 454.0 
77.05 455.0 
76.852 456.0 
76.98 457.0 
76.934 458.0 
77.039 459.0 
77.05 460.0 
77.015 461.0 
76.98 462.0 
77.074 463.0 
77.015 464.0 
77.015 465.0 
77.039 466.0 
77.004 467.0 
76.934 468.0 
77.015 469.0 
76.957 470.0 
76.969 471.0 
77.015 472.0 
76.91 473.0 
77.015 474.0 
77.062 475.0 
76.98 476.0 
76.969 477.0 
76.969 478.0 
76.91 479.0 
77.027 480.0 
77.085 481.0 
76.969 482.0 
77.062 483.0 
76.98 484.0 
77.027 485.0 
76.945 486.0 
76.969 487.0 
77.05 488.0 
76.969 489.0 
76.98 490.0 
77.039 491.0 
76.98 492.0 
76.992 493.0 
77.062 494.0 
76.934 495.0 
76.922 496.0 
77.004 497.0 
77.027 498.0 
76.945 499.0 
76.934 500.0 
76.992 501.0 
77.015 502.0 
76.91 503.0 
76.91 504.0 
76.98 505.0 
76.969 506.0 
76.899 507.0 
77.109 508.0 
76.887 509.0 
76.922 510.0 
76.957 511.0 
76.98 512.0 
77.004 513.0 
76.992 514.0 
77.004 515.0 
77.004 516.0 
77.249 517.0 
76.817 518.0 
76.887 519.0 
76.852 520.0 
76.875 521.0 
76.887 522.0 
76.91 523.0 
76.887 524.0 
76.852 525.0 
76.875 526.0 
76.899 527.0 
76.817 528.0 
76.852 529.0 
76.84 530.0 
76.84 531.0 
76.969 532.0 
77.191 533.0 
76.922 534.0 
76.922 535.0 
76.84 536.0 
76.852 537.0 
76.805 538.0 
76.747 539.0 
76.712 540.0 
76.852 541.0 
76.817 542.0 
76.77 543.0 
76.735 544.0 
76.665 545.0 
76.63 546.0 
76.782 547.0 
76.677 548.0 
76.665 549.0 
76.607 550.0 
76.583 551.0 
76.7 552.0 
76.677 553.0 
76.607 554.0 
76.56 555.0 
76.688 556.0 
76.63 557.0 
76.63 558.0 
76.291 559.0 
76.677 560.0 
76.63 561.0 
76.548 562.0 
76.653 563.0 
76.607 564.0 
76.455 565.0 
76.665 566.0 
76.723 567.0 
76.536 568.0 
76.665 569.0 
76.583 570.0 
76.688 571.0 
76.595 572.0 
76.572 573.0 
76.653 574.0 
76.572 575.0 
76.934 576.0 
76.607 577.0 
76.618 578.0 
76.677 579.0 
76.63 580.0 
76.735 581.0 
76.665 582.0 
76.677 583.0 
76.642 584.0 
76.747 585.0 
76.7 586.0 
76.618 587.0 
76.7 588.0 
76.618 589.0 
76.7 590.0 
76.618 591.0 
76.665 592.0 
76.618 593.0 
76.653 594.0 
76.595 595.0 
76.653 596.0 
76.607 597.0 
76.7 598.0 
76.595 599.0 
76.677 600.0 
76.758 601.0 
76.665 602.0 
76.7 603.0 
76.595 604.0 
76.688 605.0 
76.607 606.0 
76.665 607.0 
76.583 608.0 
76.653 609.0 
76.735 610.0 
76.653 611.0 
76.712 612.0 
76.607 613.0 
76.688 614.0 
76.595 615.0 
76.688 616.0 
76.735 617.0 
76.595 618.0 
76.665 619.0 
76.256 620.0 
76.618 621.0 
76.677 622.0 
76.548 623.0 
76.63 624.0 
76.712 625.0 
76.548 626.0 
76.653 627.0 
76.735 628.0 
76.607 629.0 
76.665 630.0 
76.747 631.0 
76.583 632.0 
76.688 633.0 
76.723 634.0 
76.618 635.0 
76.665 636.0 
76.7 637.0 
76.618 638.0 
76.642 639.0 
76.712 640.0 
76.595 641.0 
76.595 642.0 
76.677 643.0 
76.572 644.0 
76.618 645.0 
76.677 646.0 
76.712 647.0 
76.63 648.0 
76.63 649.0 
76.665 650.0 
76.56 651.0 
76.63 652.0 
76.63 653.0 
76.712 654.0 
76.595 655.0 
76.618 656.0 
76.618 657.0 
76.712 658.0 
76.595 659.0 
76.653 660.0 
76.7 661.0 
76.723 662.0 
76.572 663.0 
76.653 664.0 
76.688 665.0 
76.735 666.0 
76.572 667.0 
76.63 668.0 
76.688 669.0 
76.735 670.0 
76.595 671.0 
76.583 672.0 
76.63 673.0 
76.677 674.0 
76.688 675.0 
76.583 676.0 
76.618 677.0 
76.618 678.0 
76.653 679.0 
76.712 680.0 
76.56 681.0 
76.595 682.0 
76.63 683.0 
76.677 684.0 
76.735 685.0 
76.735 686.0 
76.595 687.0 
76.618 688.0 
76.665 689.0 
76.688 690.0 
76.712 691.0 
76.735 692.0 
76.572 693.0 
76.572 694.0 
76.63 695.0 
76.677 696.0 
76.677 697.0 
76.688 698.0 
76.233 699.0 
76.56 700.0 
76.595 701.0 
76.642 702.0 
76.665 703.0 
76.63 704.0 
76.677 705.0 
76.723 706.0 
76.536 707.0 
76.618 708.0 
76.607 709.0 
76.595 710.0 
76.653 711.0 
76.653 712.0 
76.7 713.0 
76.723 714.0 
76.723 715.0 
76.583 716.0 
76.56 717.0 
76.618 718.0 
76.618 719.0 
76.63 720.0 
76.665 721.0 
76.642 722.0 
76.677 723.0 
76.7 724.0 
76.723 725.0 
76.548 726.0 
76.536 727.0 
76.583 728.0 
76.642 729.0 
76.607 730.0 
76.665 731.0 
76.653 732.0 
76.665 733.0 
76.677 734.0 
76.677 735.0 
76.688 736.0 
76.712 737.0 
76.688 738.0 
76.443 739.0 
76.513 740.0 
76.548 741.0 
76.536 742.0 
76.583 743.0 
76.56 744.0 
76.583 745.0 
76.583 746.0 
76.595 747.0 
76.583 748.0 
76.583 749.0 
76.595 750.0 
76.607 751.0 
76.618 752.0 
76.63 753.0 
76.63 754.0 
76.642 755.0 
76.63 756.0 
76.642 757.0 
76.63 758.0 
76.642 759.0 
76.653 760.0 
76.653 761.0 
76.665 762.0 
76.653 763.0 
76.665 764.0 
76.677 765.0 
76.665 766.0 
76.642 767.0 
76.665 768.0 
76.665 769.0 
76.665 770.0 
76.665 771.0 
76.677 772.0 
76.712 773.0 
76.665 774.0 
76.665 775.0 
76.63 776.0 
76.642 777.0 
76.642 778.0 
76.642 779.0 
76.642 780.0 
76.653 781.0 
76.677 782.0 
76.665 783.0 
76.653 784.0 
76.63 785.0 
76.653 786.0 
76.653 787.0 
76.677 788.0 
76.677 789.0 
76.653 790.0 
76.653 791.0 
76.642 792.0 
76.677 793.0 
76.653 794.0 
76.688 795.0 
76.653 796.0 
76.642 797.0 
76.63 798.0 
76.618 799.0 
76.642 800.0 
76.653 801.0 
76.63 802.0 
76.642 803.0 
76.653 804.0 
0.005 805.0 
0.002 806.0 
-0.002 807.0 
-0.004 808.0 
-0.016 809.0 
-0.016 810.0 
-0.026 811.0 
-0.031 812.0 
-0.038 813.0 
-0.048 814.0 
-0.044 815.0 
-0.052 816.0 
-0.053 817.0 
-0.053 818.0 
-0.066 819.0 
-0.073 820.0 
-0.068 821.0 
-0.061 822.0 
-0.054 823.0 
-0.052 824.0 
-0.044 825.0 
-0.052 826.0 
-0.056 827.0 
-0.041 828.0 
-0.029 829.0 
