-0.024 257.0 
-0.032 258.0 
-0.041 259.0 
-0.055 260.0 
-0.046 261.0 
-0.037 262.0 
-0.029 263.0 
-0.03 264.0 
-0.066 265.0 
-0.049 266.0 
-0.05 267.0 
-0.048 268.0 
-0.044 269.0 
-0.066 270.0 
-0.049 271.0 
-0.042 272.0 
-0.042 273.0 
-0.032 274.0 
147.058 275.0 
143.975 276.0 
142.328 277.0 
140.319 278.0 
137.971 279.0 
135.32 280.0 
133.194 281.0 
130.648 282.0 
127.098 283.0 
125.299 284.0 
124.937 285.0 
124.575 286.0 
124.353 287.0 
124.108 288.0 
123.874 289.0 
123.278 290.0 
123.103 291.0 
122.893 292.0 
122.729 293.0 
122.671 294.0 
122.134 295.0 
122.005 296.0 
121.935 297.0 
121.41 298.0 
121.246 299.0 
121.164 300.0 
120.615 301.0 
120.545 302.0 
120.078 303.0 
120.008 304.0 
119.915 305.0 
119.261 306.0 
118.069 307.0 
115.943 308.0 
113.491 309.0 
109.952 310.0 
106.46 311.0 
102.582 312.0 
98.903 313.0 
94.815 314.0 
90.879 315.0 
86.628 316.0 
83.054 317.0 
79.959 318.0 
79.842 319.0 
79.597 320.0 
79.456 321.0 
79.445 322.0 
79.386 323.0 
79.421 324.0 
79.328 325.0 
79.246 326.0 
79.351 327.0 
79.281 328.0 
79.445 329.0 
79.375 330.0 
79.316 331.0 
79.433 332.0 
79.41 333.0 
79.316 334.0 
79.421 335.0 
79.351 336.0 
79.41 337.0 
79.27 338.0 
79.445 339.0 
79.328 340.0 
79.293 341.0 
79.27 342.0 
79.433 343.0 
79.328 344.0 
79.293 345.0 
79.234 346.0 
79.246 347.0 
79.246 348.0 
79.363 349.0 
79.305 350.0 
79.328 351.0 
79.34 352.0 
79.305 353.0 
79.164 354.0 
79.421 355.0 
79.351 356.0 
79.398 357.0 
79.316 358.0 
79.421 359.0 
79.328 360.0 
79.375 361.0 
79.328 362.0 
79.328 363.0 
79.246 364.0 
79.258 365.0 
79.305 366.0 
79.34 367.0 
79.27 368.0 
79.27 369.0 
79.305 370.0 
79.375 371.0 
79.34 372.0 
79.386 373.0 
79.375 374.0 
79.386 375.0 
79.702 376.0 
79.223 377.0 
79.328 378.0 
79.305 379.0 
79.305 380.0 
79.316 381.0 
79.41 382.0 
79.316 383.0 
79.281 384.0 
79.281 385.0 
79.351 386.0 
79.293 387.0 
79.258 388.0 
79.316 389.0 
79.316 390.0 
79.34 391.0 
79.305 392.0 
79.375 393.0 
79.211 394.0 
79.34 395.0 
79.398 396.0 
79.293 397.0 
79.375 398.0 
79.281 399.0 
79.27 400.0 
79.351 401.0 
79.316 402.0 
79.386 403.0 
79.34 404.0 
79.281 405.0 
79.258 406.0 
79.316 407.0 
79.258 408.0 
79.316 409.0 
79.246 410.0 
79.305 411.0 
79.34 412.0 
79.702 413.0 
79.34 414.0 
79.316 415.0 
79.328 416.0 
79.305 417.0 
79.491 418.0 
79.363 419.0 
79.27 420.0 
79.316 421.0 
79.328 422.0 
79.351 423.0 
79.27 424.0 
79.258 425.0 
79.316 426.0 
79.351 427.0 
79.258 428.0 
79.328 429.0 
79.223 430.0 
79.375 431.0 
79.363 432.0 
79.34 433.0 
79.246 434.0 
79.305 435.0 
79.316 436.0 
79.433 437.0 
79.246 438.0 
79.316 439.0 
79.258 440.0 
79.305 441.0 
79.281 442.0 
79.281 443.0 
79.27 444.0 
79.27 445.0 
79.234 446.0 
79.375 447.0 
79.34 448.0 
79.328 449.0 
79.632 450.0 
79.305 451.0 
79.293 452.0 
79.293 453.0 
79.246 454.0 
79.351 455.0 
79.176 456.0 
79.27 457.0 
79.27 458.0 
79.363 459.0 
79.375 460.0 
79.305 461.0 
79.27 462.0 
79.386 463.0 
79.328 464.0 
79.305 465.0 
79.351 466.0 
79.316 467.0 
79.223 468.0 
79.305 469.0 
79.305 470.0 
79.316 471.0 
79.281 472.0 
79.398 473.0 
79.328 474.0 
79.386 475.0 
79.281 476.0 
79.211 477.0 
79.293 478.0 
79.223 479.0 
79.281 480.0 
79.41 481.0 
79.305 482.0 
79.363 483.0 
79.281 484.0 
79.305 485.0 
79.258 486.0 
79.246 487.0 
79.351 488.0 
79.258 489.0 
79.305 490.0 
79.316 491.0 
79.281 492.0 
79.305 493.0 
79.328 494.0 
79.281 495.0 
79.211 496.0 
79.328 497.0 
79.398 498.0 
79.234 499.0 
79.258 500.0 
79.305 501.0 
79.328 502.0 
79.188 503.0 
79.234 504.0 
79.223 505.0 
79.258 506.0 
79.246 507.0 
79.597 508.0 
79.199 509.0 
79.211 510.0 
79.258 511.0 
79.281 512.0 
79.293 513.0 
79.293 514.0 
79.293 515.0 
79.328 516.0 
79.328 517.0 
79.118 518.0 
79.164 519.0 
79.176 520.0 
79.188 521.0 
79.188 522.0 
79.211 523.0 
79.199 524.0 
79.199 525.0 
79.164 526.0 
79.188 527.0 
79.094 528.0 
79.141 529.0 
79.129 530.0 
79.164 531.0 
79.281 532.0 
79.234 533.0 
79.176 534.0 
79.164 535.0 
79.176 536.0 
79.106 537.0 
79.106 538.0 
79.048 539.0 
79.001 540.0 
79.083 541.0 
79.048 542.0 
79.013 543.0 
78.978 544.0 
78.907 545.0 
78.896 546.0 
79.013 547.0 
78.966 548.0 
78.919 549.0 
78.896 550.0 
78.791 551.0 
78.954 552.0 
78.907 553.0 
78.849 554.0 
78.837 555.0 
78.942 556.0 
78.884 557.0 
78.861 558.0 
78.545 559.0 
78.884 560.0 
78.896 561.0 
78.826 562.0 
78.919 563.0 
78.872 564.0 
78.779 565.0 
78.942 566.0 
78.954 567.0 
78.802 568.0 
78.907 569.0 
78.837 570.0 
78.966 571.0 
78.861 572.0 
78.814 573.0 
78.896 574.0 
78.814 575.0 
79.211 576.0 
78.849 577.0 
78.872 578.0 
78.989 579.0 
78.884 580.0 
78.954 581.0 
78.919 582.0 
78.942 583.0 
78.896 584.0 
79.001 585.0 
78.919 586.0 
78.837 587.0 
78.942 588.0 
78.849 589.0 
78.919 590.0 
78.872 591.0 
78.931 592.0 
78.849 593.0 
78.884 594.0 
78.849 595.0 
78.954 596.0 
78.849 597.0 
78.942 598.0 
78.861 599.0 
78.931 600.0 
79.001 601.0 
78.931 602.0 
78.989 603.0 
78.896 604.0 
78.954 605.0 
78.837 606.0 
78.931 607.0 
78.826 608.0 
78.907 609.0 
78.989 610.0 
78.896 611.0 
78.989 612.0 
78.896 613.0 
78.954 614.0 
78.837 615.0 
78.907 616.0 
78.966 617.0 
78.861 618.0 
78.966 619.0 
78.534 620.0 
78.907 621.0 
78.931 622.0 
78.814 623.0 
78.849 624.0 
78.978 625.0 
78.849 626.0 
78.919 627.0 
78.954 628.0 
78.872 629.0 
78.907 630.0 
79.013 631.0 
78.826 632.0 
78.907 633.0 
78.989 634.0 
78.872 635.0 
78.919 636.0 
78.989 637.0 
78.861 638.0 
78.942 639.0 
78.954 640.0 
78.837 641.0 
78.896 642.0 
78.931 643.0 
78.802 644.0 
78.872 645.0 
78.907 646.0 
78.989 647.0 
78.837 648.0 
78.872 649.0 
78.931 650.0 
78.791 651.0 
78.884 652.0 
78.907 653.0 
78.966 654.0 
78.826 655.0 
78.884 656.0 
78.907 657.0 
78.978 658.0 
78.872 659.0 
78.942 660.0 
78.954 661.0 
79.001 662.0 
78.802 663.0 
78.884 664.0 
78.919 665.0 
78.989 666.0 
78.826 667.0 
78.861 668.0 
78.931 669.0 
78.978 670.0 
78.837 671.0 
78.849 672.0 
78.896 673.0 
78.907 674.0 
78.978 675.0 
78.814 676.0 
78.849 677.0 
78.907 678.0 
78.931 679.0 
78.954 680.0 
78.814 681.0 
78.849 682.0 
78.896 683.0 
78.919 684.0 
78.954 685.0 
78.989 686.0 
78.849 687.0 
78.837 688.0 
78.896 689.0 
78.942 690.0 
78.989 691.0 
79.036 692.0 
78.826 693.0 
78.861 694.0 
78.872 695.0 
78.919 696.0 
78.954 697.0 
78.942 698.0 
78.744 699.0 
78.802 700.0 
78.861 701.0 
78.919 702.0 
78.884 703.0 
78.896 704.0 
78.942 705.0 
78.978 706.0 
78.791 707.0 
78.849 708.0 
78.837 709.0 
78.861 710.0 
78.896 711.0 
78.931 712.0 
78.954 713.0 
78.978 714.0 
79.013 715.0 
78.849 716.0 
78.849 717.0 
78.861 718.0 
78.884 719.0 
78.919 720.0 
78.907 721.0 
78.931 722.0 
78.942 723.0 
78.966 724.0 
78.978 725.0 
78.802 726.0 
78.849 727.0 
78.826 728.0 
78.849 729.0 
78.861 730.0 
78.907 731.0 
78.896 732.0 
78.907 733.0 
78.931 734.0 
78.931 735.0 
78.954 736.0 
78.966 737.0 
78.978 738.0 
78.627 739.0 
78.791 740.0 
78.791 741.0 
78.791 742.0 
78.826 743.0 
78.814 744.0 
78.837 745.0 
78.791 746.0 
78.861 747.0 
78.849 748.0 
78.884 749.0 
78.872 750.0 
78.872 751.0 
78.872 752.0 
78.884 753.0 
78.872 754.0 
78.884 755.0 
78.896 756.0 
78.896 757.0 
78.896 758.0 
78.919 759.0 
78.919 760.0 
78.884 761.0 
78.884 762.0 
78.919 763.0 
78.919 764.0 
78.896 765.0 
78.896 766.0 
78.919 767.0 
78.907 768.0 
78.907 769.0 
78.884 770.0 
78.919 771.0 
78.931 772.0 
78.919 773.0 
78.907 774.0 
78.954 775.0 
78.907 776.0 
78.942 777.0 
78.896 778.0 
78.919 779.0 
78.907 780.0 
78.907 781.0 
78.919 782.0 
78.896 783.0 
78.884 784.0 
78.896 785.0 
78.931 786.0 
78.919 787.0 
78.919 788.0 
78.931 789.0 
78.919 790.0 
78.954 791.0 
78.931 792.0 
78.907 793.0 
78.907 794.0 
78.919 795.0 
78.896 796.0 
78.919 797.0 
78.896 798.0 
78.919 799.0 
78.884 800.0 
78.896 801.0 
78.907 802.0 
78.896 803.0 
78.931 804.0 
-0.008 805.0 
-0.007 806.0 
-0.006 807.0 
-0.014 808.0 
-0.013 809.0 
-0.007 810.0 
-0.019 811.0 
-0.02 812.0 
-0.029 813.0 
-0.031 814.0 
-0.032 815.0 
-0.034 816.0 
-0.037 817.0 
-0.031 818.0 
-0.029 819.0 
-0.037 820.0 
-0.036 821.0 
-0.029 822.0 
-0.036 823.0 
-0.034 824.0 
-0.044 825.0 
-0.044 826.0 
-0.034 827.0 
-0.031 828.0 
-0.022 829.0 
