-0.042 257.0 
-0.037 258.0 
-0.091 259.0 
-0.037 260.0 
-0.023 261.0 
-0.058 262.0 
-0.034 263.0 
-0.042 264.0 
-0.024 265.0 
-0.046 266.0 
-0.06 267.0 
-0.023 268.0 
-0.056 269.0 
-0.062 270.0 
-0.044 271.0 
-0.069 272.0 
-0.019 273.0 
-0.049 274.0 
141.312 275.0 
137.422 276.0 
136.523 277.0 
135.203 278.0 
133.615 279.0 
131.746 280.0 
130.239 281.0 
128.301 282.0 
125.532 283.0 
124.108 284.0 
123.827 285.0 
123.524 286.0 
123.477 287.0 
123.255 288.0 
123.068 289.0 
122.519 290.0 
122.461 291.0 
122.25 292.0 
122.11 293.0 
121.912 294.0 
121.608 295.0 
121.48 296.0 
121.445 297.0 
120.966 298.0 
120.802 299.0 
120.791 300.0 
120.277 301.0 
120.207 302.0 
119.728 303.0 
119.646 304.0 
119.494 305.0 
118.875 306.0 
117.812 307.0 
115.827 308.0 
113.561 309.0 
110.08 310.0 
106.693 311.0 
102.535 312.0 
98.646 313.0 
94.068 314.0 
89.676 315.0 
85.226 316.0 
81.255 317.0 
78.172 318.0 
78.067 319.0 
77.833 320.0 
77.716 321.0 
77.704 322.0 
77.623 323.0 
77.669 324.0 
77.634 325.0 
77.529 326.0 
77.646 327.0 
77.564 328.0 
77.751 329.0 
77.623 330.0 
77.588 331.0 
77.891 332.0 
77.611 333.0 
77.588 334.0 
77.599 335.0 
77.634 336.0 
77.669 337.0 
77.553 338.0 
77.681 339.0 
77.611 340.0 
77.576 341.0 
77.553 342.0 
77.693 343.0 
77.564 344.0 
77.576 345.0 
77.506 346.0 
77.518 347.0 
77.576 348.0 
77.634 349.0 
77.599 350.0 
77.564 351.0 
77.646 352.0 
77.599 353.0 
77.553 354.0 
77.494 355.0 
77.611 356.0 
77.658 357.0 
77.611 358.0 
77.669 359.0 
77.634 360.0 
77.623 361.0 
77.576 362.0 
77.599 363.0 
77.541 364.0 
77.529 365.0 
77.588 366.0 
77.588 367.0 
77.564 368.0 
77.576 369.0 
77.611 370.0 
77.599 371.0 
77.623 372.0 
77.646 373.0 
77.669 374.0 
77.681 375.0 
77.961 376.0 
77.564 377.0 
77.611 378.0 
77.634 379.0 
77.576 380.0 
77.599 381.0 
77.681 382.0 
77.576 383.0 
77.553 384.0 
77.553 385.0 
77.646 386.0 
77.599 387.0 
77.494 388.0 
77.588 389.0 
77.611 390.0 
77.599 391.0 
77.576 392.0 
77.669 393.0 
77.541 394.0 
77.588 395.0 
77.669 396.0 
77.564 397.0 
77.599 398.0 
77.541 399.0 
77.553 400.0 
77.634 401.0 
77.623 402.0 
77.658 403.0 
77.611 404.0 
77.553 405.0 
77.518 406.0 
77.564 407.0 
77.541 408.0 
77.541 409.0 
77.518 410.0 
77.599 411.0 
77.658 412.0 
78.031 413.0 
77.634 414.0 
77.553 415.0 
77.623 416.0 
77.529 417.0 
77.623 418.0 
77.599 419.0 
77.553 420.0 
77.564 421.0 
77.553 422.0 
77.646 423.0 
77.541 424.0 
77.564 425.0 
77.599 426.0 
77.646 427.0 
77.541 428.0 
77.553 429.0 
77.588 430.0 
77.623 431.0 
77.611 432.0 
77.646 433.0 
77.529 434.0 
77.576 435.0 
77.599 436.0 
77.599 437.0 
77.553 438.0 
77.529 439.0 
77.553 440.0 
77.564 441.0 
77.518 442.0 
77.541 443.0 
77.564 444.0 
77.541 445.0 
77.518 446.0 
77.658 447.0 
77.623 448.0 
77.611 449.0 
77.763 450.0 
77.576 451.0 
77.518 452.0 
77.564 453.0 
77.541 454.0 
77.611 455.0 
77.377 456.0 
77.553 457.0 
77.518 458.0 
77.599 459.0 
77.634 460.0 
77.588 461.0 
77.529 462.0 
77.658 463.0 
77.576 464.0 
77.564 465.0 
77.623 466.0 
77.553 467.0 
77.529 468.0 
77.576 469.0 
77.553 470.0 
77.529 471.0 
77.541 472.0 
77.518 473.0 
77.553 474.0 
77.646 475.0 
77.576 476.0 
77.494 477.0 
77.553 478.0 
77.494 479.0 
77.599 480.0 
77.611 481.0 
77.564 482.0 
77.634 483.0 
77.518 484.0 
77.588 485.0 
77.506 486.0 
77.494 487.0 
77.634 488.0 
77.576 489.0 
77.541 490.0 
77.599 491.0 
77.564 492.0 
77.553 493.0 
77.611 494.0 
77.518 495.0 
77.518 496.0 
77.599 497.0 
77.658 498.0 
77.506 499.0 
77.506 500.0 
77.588 501.0 
77.599 502.0 
77.424 503.0 
77.494 504.0 
77.553 505.0 
77.564 506.0 
77.506 507.0 
77.623 508.0 
77.424 509.0 
77.494 510.0 
77.529 511.0 
77.541 512.0 
77.553 513.0 
77.564 514.0 
77.576 515.0 
77.588 516.0 
77.81 517.0 
77.401 518.0 
77.471 519.0 
77.471 520.0 
77.401 521.0 
77.448 522.0 
77.448 523.0 
77.471 524.0 
77.448 525.0 
77.424 526.0 
77.448 527.0 
77.412 528.0 
77.401 529.0 
77.354 530.0 
77.377 531.0 
77.553 532.0 
77.693 533.0 
77.483 534.0 
77.471 535.0 
77.448 536.0 
77.389 537.0 
77.307 538.0 
77.307 539.0 
77.272 540.0 
77.354 541.0 
77.296 542.0 
77.284 543.0 
77.261 544.0 
77.226 545.0 
77.132 546.0 
77.261 547.0 
77.214 548.0 
77.202 549.0 
77.12 550.0 
77.05 551.0 
77.202 552.0 
77.12 553.0 
77.085 554.0 
77.074 555.0 
77.226 556.0 
77.144 557.0 
77.085 558.0 
76.735 559.0 
77.156 560.0 
77.097 561.0 
77.05 562.0 
77.167 563.0 
77.12 564.0 
76.969 565.0 
77.156 566.0 
77.156 567.0 
77.05 568.0 
77.156 569.0 
77.074 570.0 
77.191 571.0 
77.144 572.0 
77.074 573.0 
77.144 574.0 
77.05 575.0 
77.179 576.0 
77.109 577.0 
77.132 578.0 
77.214 579.0 
77.12 580.0 
77.214 581.0 
77.144 582.0 
77.202 583.0 
77.191 584.0 
77.214 585.0 
77.191 586.0 
77.074 587.0 
77.167 588.0 
77.109 589.0 
77.167 590.0 
77.144 591.0 
77.202 592.0 
77.12 593.0 
77.144 594.0 
77.109 595.0 
77.144 596.0 
77.12 597.0 
77.156 598.0 
77.097 599.0 
77.191 600.0 
77.261 601.0 
77.156 602.0 
77.237 603.0 
77.144 604.0 
77.214 605.0 
77.074 606.0 
77.144 607.0 
77.062 608.0 
77.132 609.0 
77.226 610.0 
77.144 611.0 
77.214 612.0 
77.109 613.0 
77.202 614.0 
77.085 615.0 
77.144 616.0 
77.214 617.0 
77.039 618.0 
77.167 619.0 
76.747 620.0 
77.12 621.0 
77.156 622.0 
77.074 623.0 
77.144 624.0 
77.202 625.0 
77.085 626.0 
77.179 627.0 
77.249 628.0 
77.085 629.0 
77.12 630.0 
77.226 631.0 
77.085 632.0 
77.202 633.0 
77.483 634.0 
77.144 635.0 
77.167 636.0 
77.214 637.0 
77.085 638.0 
77.191 639.0 
77.226 640.0 
77.109 641.0 
77.12 642.0 
77.202 643.0 
77.062 644.0 
77.132 645.0 
77.144 646.0 
77.249 647.0 
77.085 648.0 
77.132 649.0 
77.191 650.0 
77.05 651.0 
77.039 652.0 
77.179 653.0 
77.191 654.0 
77.074 655.0 
77.132 656.0 
77.179 657.0 
77.202 658.0 
77.12 659.0 
77.156 660.0 
77.179 661.0 
77.214 662.0 
77.05 663.0 
77.144 664.0 
77.202 665.0 
77.202 666.0 
77.062 667.0 
77.12 668.0 
77.167 669.0 
77.237 670.0 
77.039 671.0 
77.12 672.0 
77.156 673.0 
77.202 674.0 
77.179 675.0 
77.074 676.0 
77.097 677.0 
77.144 678.0 
77.179 679.0 
77.249 680.0 
77.039 681.0 
77.097 682.0 
77.132 683.0 
77.167 684.0 
77.191 685.0 
77.237 686.0 
77.097 687.0 
77.109 688.0 
77.12 689.0 
77.167 690.0 
77.191 691.0 
77.249 692.0 
77.074 693.0 
77.109 694.0 
77.12 695.0 
77.156 696.0 
77.202 697.0 
77.191 698.0 
76.992 699.0 
77.097 700.0 
77.109 701.0 
77.132 702.0 
77.144 703.0 
77.179 704.0 
77.156 705.0 
77.249 706.0 
77.062 707.0 
77.085 708.0 
77.109 709.0 
77.109 710.0 
77.179 711.0 
77.179 712.0 
77.191 713.0 
77.237 714.0 
77.004 715.0 
77.062 716.0 
77.12 717.0 
77.109 718.0 
77.12 719.0 
77.144 720.0 
77.167 721.0 
77.156 722.0 
77.214 723.0 
77.214 724.0 
77.237 725.0 
77.039 726.0 
77.062 727.0 
77.05 728.0 
77.085 729.0 
77.109 730.0 
77.132 731.0 
77.156 732.0 
77.156 733.0 
77.191 734.0 
77.202 735.0 
77.214 736.0 
77.214 737.0 
77.214 738.0 
77.004 739.0 
77.062 740.0 
77.062 741.0 
77.062 742.0 
77.074 743.0 
77.062 744.0 
77.085 745.0 
77.109 746.0 
77.109 747.0 
77.109 748.0 
77.109 749.0 
77.085 750.0 
77.109 751.0 
77.12 752.0 
77.12 753.0 
77.12 754.0 
77.109 755.0 
77.12 756.0 
77.144 757.0 
77.085 758.0 
77.144 759.0 
77.144 760.0 
77.144 761.0 
77.156 762.0 
77.167 763.0 
77.167 764.0 
77.179 765.0 
77.097 766.0 
77.156 767.0 
77.144 768.0 
77.156 769.0 
77.156 770.0 
77.167 771.0 
77.179 772.0 
77.167 773.0 
77.179 774.0 
77.179 775.0 
77.156 776.0 
77.144 777.0 
77.156 778.0 
77.191 779.0 
77.156 780.0 
77.144 781.0 
77.156 782.0 
77.144 783.0 
77.144 784.0 
77.12 785.0 
77.109 786.0 
77.144 787.0 
77.144 788.0 
77.12 789.0 
77.156 790.0 
77.167 791.0 
77.179 792.0 
77.156 793.0 
77.156 794.0 
77.156 795.0 
77.179 796.0 
77.202 797.0 
77.179 798.0 
77.191 799.0 
77.156 800.0 
77.167 801.0 
77.156 802.0 
77.156 803.0 
77.156 804.0 
-0.002 805.0 
-0.012 806.0 
-0.006 807.0 
-0.007 808.0 
0.0 809.0 
0.0 810.0 
-0.001 811.0 
-0.004 812.0 
-0.002 813.0 
0.002 814.0 
-0.006 815.0 
0.0 816.0 
0.0 817.0 
-0.004 818.0 
-0.004 819.0 
-0.008 820.0 
-0.011 821.0 
-0.011 822.0 
-0.008 823.0 
-0.013 824.0 
-0.02 825.0 
-0.017 826.0 
-0.029 827.0 
-0.025 828.0 
-0.02 829.0 
