-0.043 257.0 
-0.012 258.0 
-0.038 259.0 
-0.04 260.0 
-0.04 261.0 
-0.058 262.0 
-0.064 263.0 
-0.049 264.0 
-0.052 265.0 
-0.037 266.0 
-0.038 267.0 
-0.014 268.0 
-0.047 269.0 
-0.023 270.0 
-0.037 271.0 
-0.03 272.0 
-0.034 273.0 
-0.047 274.0 
144.57 275.0 
142.164 276.0 
141.125 277.0 
139.56 278.0 
138.006 279.0 
136.196 280.0 
134.631 281.0 
131.933 282.0 
129.153 283.0 
127.962 284.0 
127.588 285.0 
127.226 286.0 
127.121 287.0 
126.852 288.0 
126.549 289.0 
125.883 290.0 
125.731 291.0 
125.486 292.0 
125.287 293.0 
124.843 294.0 
124.633 295.0 
124.47 296.0 
124.4 297.0 
123.874 298.0 
123.664 299.0 
123.407 300.0 
123.162 301.0 
123.091 302.0 
122.601 303.0 
122.542 304.0 
122.356 305.0 
121.853 306.0 
120.732 307.0 
118.455 308.0 
115.733 309.0 
111.996 310.0 
108.188 311.0 
104.065 312.0 
100.048 313.0 
95.691 314.0 
91.697 315.0 
87.527 316.0 
83.754 317.0 
80.437 318.0 
80.321 319.0 
80.075 320.0 
79.935 321.0 
79.959 322.0 
79.865 323.0 
79.877 324.0 
79.842 325.0 
79.725 326.0 
79.854 327.0 
79.737 328.0 
79.959 329.0 
79.889 330.0 
79.783 331.0 
79.877 332.0 
79.889 333.0 
79.795 334.0 
79.737 335.0 
79.83 336.0 
79.854 337.0 
79.737 338.0 
80.017 339.0 
79.807 340.0 
79.807 341.0 
79.76 342.0 
79.807 343.0 
79.83 344.0 
79.783 345.0 
79.772 346.0 
79.725 347.0 
79.737 348.0 
79.854 349.0 
79.818 350.0 
79.818 351.0 
79.842 352.0 
79.795 353.0 
79.713 354.0 
79.725 355.0 
79.818 356.0 
79.9 357.0 
79.83 358.0 
79.865 359.0 
79.842 360.0 
79.877 361.0 
79.795 362.0 
79.783 363.0 
79.725 364.0 
79.772 365.0 
79.795 366.0 
79.83 367.0 
79.772 368.0 
79.795 369.0 
79.807 370.0 
79.83 371.0 
79.842 372.0 
79.889 373.0 
79.865 374.0 
79.865 375.0 
79.97 376.0 
79.795 377.0 
79.818 378.0 
79.772 379.0 
79.795 380.0 
79.795 381.0 
79.842 382.0 
79.772 383.0 
79.772 384.0 
79.76 385.0 
79.842 386.0 
79.76 387.0 
79.737 388.0 
79.818 389.0 
79.83 390.0 
79.807 391.0 
79.783 392.0 
79.842 393.0 
79.725 394.0 
79.83 395.0 
79.924 396.0 
79.76 397.0 
79.83 398.0 
79.69 399.0 
79.772 400.0 
79.865 401.0 
79.795 402.0 
79.877 403.0 
79.842 404.0 
79.807 405.0 
79.725 406.0 
79.795 407.0 
79.725 408.0 
79.842 409.0 
79.76 410.0 
79.783 411.0 
79.854 412.0 
80.134 413.0 
79.842 414.0 
79.795 415.0 
79.842 416.0 
79.748 417.0 
79.854 418.0 
79.807 419.0 
79.737 420.0 
79.795 421.0 
79.83 422.0 
79.83 423.0 
79.737 424.0 
79.818 425.0 
79.83 426.0 
79.818 427.0 
79.76 428.0 
79.783 429.0 
79.795 430.0 
79.83 431.0 
79.854 432.0 
79.865 433.0 
79.713 434.0 
79.748 435.0 
79.807 436.0 
79.842 437.0 
79.772 438.0 
79.748 439.0 
79.76 440.0 
79.818 441.0 
79.76 442.0 
79.783 443.0 
79.748 444.0 
79.737 445.0 
79.725 446.0 
79.865 447.0 
79.877 448.0 
80.11 449.0 
80.181 450.0 
79.795 451.0 
79.772 452.0 
79.76 453.0 
79.725 454.0 
79.83 455.0 
79.655 456.0 
79.795 457.0 
79.748 458.0 
79.83 459.0 
79.865 460.0 
79.83 461.0 
79.76 462.0 
79.842 463.0 
79.83 464.0 
79.795 465.0 
79.854 466.0 
79.807 467.0 
79.737 468.0 
79.818 469.0 
79.772 470.0 
79.748 471.0 
79.725 472.0 
79.713 473.0 
79.76 474.0 
79.889 475.0 
79.842 476.0 
79.725 477.0 
79.783 478.0 
79.69 479.0 
79.783 480.0 
79.865 481.0 
79.772 482.0 
79.807 483.0 
79.737 484.0 
79.807 485.0 
79.725 486.0 
79.737 487.0 
79.83 488.0 
79.748 489.0 
79.818 490.0 
79.83 491.0 
79.772 492.0 
79.76 493.0 
79.795 494.0 
79.76 495.0 
79.713 496.0 
79.807 497.0 
79.807 498.0 
79.678 499.0 
79.725 500.0 
79.772 501.0 
79.83 502.0 
79.667 503.0 
79.69 504.0 
79.725 505.0 
79.725 506.0 
79.725 507.0 
79.807 508.0 
79.608 509.0 
79.713 510.0 
79.737 511.0 
79.76 512.0 
79.748 513.0 
79.783 514.0 
79.807 515.0 
79.678 516.0 
80.169 517.0 
79.643 518.0 
79.643 519.0 
79.632 520.0 
79.667 521.0 
79.643 522.0 
79.643 523.0 
79.643 524.0 
79.608 525.0 
79.62 526.0 
79.62 527.0 
79.562 528.0 
79.585 529.0 
79.585 530.0 
79.562 531.0 
79.678 532.0 
79.889 533.0 
79.62 534.0 
79.632 535.0 
79.55 536.0 
79.538 537.0 
79.445 538.0 
79.398 539.0 
79.375 540.0 
79.456 541.0 
79.375 542.0 
79.386 543.0 
79.351 544.0 
79.328 545.0 
79.293 546.0 
79.386 547.0 
79.293 548.0 
79.27 549.0 
79.27 550.0 
79.164 551.0 
79.305 552.0 
79.27 553.0 
79.223 554.0 
79.211 555.0 
79.34 556.0 
79.258 557.0 
79.188 558.0 
78.896 559.0 
79.246 560.0 
79.234 561.0 
79.164 562.0 
79.27 563.0 
79.188 564.0 
79.106 565.0 
79.281 566.0 
79.281 567.0 
79.164 568.0 
79.223 569.0 
79.211 570.0 
79.293 571.0 
79.211 572.0 
79.153 573.0 
79.234 574.0 
79.176 575.0 
79.562 576.0 
79.234 577.0 
79.188 578.0 
79.305 579.0 
79.211 580.0 
79.316 581.0 
79.258 582.0 
79.328 583.0 
79.258 584.0 
79.351 585.0 
79.281 586.0 
79.199 587.0 
79.27 588.0 
79.211 589.0 
79.281 590.0 
79.223 591.0 
79.293 592.0 
79.223 593.0 
79.27 594.0 
79.199 595.0 
79.234 596.0 
79.188 597.0 
79.246 598.0 
79.199 599.0 
79.281 600.0 
79.351 601.0 
79.234 602.0 
79.328 603.0 
79.199 604.0 
79.27 605.0 
79.188 606.0 
79.281 607.0 
79.164 608.0 
79.246 609.0 
79.351 610.0 
79.258 611.0 
79.328 612.0 
79.211 613.0 
79.293 614.0 
79.164 615.0 
79.258 616.0 
79.316 617.0 
79.188 618.0 
79.27 619.0 
78.978 620.0 
79.234 621.0 
79.281 622.0 
79.188 623.0 
79.234 624.0 
79.316 625.0 
79.176 626.0 
79.234 627.0 
79.316 628.0 
79.211 629.0 
79.27 630.0 
79.34 631.0 
79.199 632.0 
79.27 633.0 
79.34 634.0 
79.211 635.0 
79.27 636.0 
79.328 637.0 
79.199 638.0 
79.258 639.0 
79.305 640.0 
79.164 641.0 
79.211 642.0 
79.27 643.0 
79.164 644.0 
79.188 645.0 
79.281 646.0 
79.328 647.0 
79.176 648.0 
79.258 649.0 
79.293 650.0 
79.164 651.0 
79.199 652.0 
79.246 653.0 
79.328 654.0 
79.153 655.0 
79.223 656.0 
79.258 657.0 
79.293 658.0 
79.188 659.0 
79.234 660.0 
79.293 661.0 
79.328 662.0 
79.106 663.0 
79.211 664.0 
79.281 665.0 
79.328 666.0 
79.164 667.0 
79.223 668.0 
79.27 669.0 
79.34 670.0 
79.176 671.0 
79.234 672.0 
79.27 673.0 
79.258 674.0 
79.351 675.0 
79.153 676.0 
79.188 677.0 
79.246 678.0 
79.234 679.0 
79.293 680.0 
79.164 681.0 
79.199 682.0 
79.223 683.0 
79.258 684.0 
79.305 685.0 
79.351 686.0 
79.164 687.0 
79.211 688.0 
79.234 689.0 
79.258 690.0 
79.305 691.0 
79.34 692.0 
79.141 693.0 
79.188 694.0 
79.234 695.0 
79.27 696.0 
79.281 697.0 
79.305 698.0 
79.036 699.0 
79.153 700.0 
79.176 701.0 
79.234 702.0 
79.223 703.0 
79.246 704.0 
79.34 705.0 
79.34 706.0 
79.141 707.0 
79.153 708.0 
79.199 709.0 
79.246 710.0 
79.281 711.0 
79.258 712.0 
79.293 713.0 
79.305 714.0 
79.328 715.0 
79.153 716.0 
79.199 717.0 
79.211 718.0 
79.199 719.0 
79.223 720.0 
79.246 721.0 
79.281 722.0 
79.305 723.0 
79.316 724.0 
79.305 725.0 
79.188 726.0 
79.118 727.0 
79.164 728.0 
79.223 729.0 
79.234 730.0 
79.246 731.0 
79.258 732.0 
79.246 733.0 
79.281 734.0 
79.27 735.0 
79.258 736.0 
79.305 737.0 
79.293 738.0 
79.141 739.0 
79.141 740.0 
79.141 741.0 
79.129 742.0 
79.153 743.0 
79.176 744.0 
79.176 745.0 
79.188 746.0 
79.199 747.0 
79.176 748.0 
79.211 749.0 
79.246 750.0 
79.211 751.0 
79.223 752.0 
79.234 753.0 
79.223 754.0 
79.246 755.0 
79.293 756.0 
79.246 757.0 
79.258 758.0 
79.246 759.0 
79.234 760.0 
79.223 761.0 
79.234 762.0 
79.246 763.0 
79.246 764.0 
79.27 765.0 
79.234 766.0 
79.246 767.0 
79.258 768.0 
79.27 769.0 
79.27 770.0 
79.27 771.0 
79.234 772.0 
79.246 773.0 
79.27 774.0 
79.27 775.0 
79.246 776.0 
79.27 777.0 
79.246 778.0 
79.258 779.0 
79.234 780.0 
79.246 781.0 
79.246 782.0 
79.258 783.0 
79.234 784.0 
79.234 785.0 
79.258 786.0 
79.246 787.0 
79.258 788.0 
79.258 789.0 
79.258 790.0 
79.27 791.0 
79.281 792.0 
79.258 793.0 
79.223 794.0 
79.27 795.0 
79.223 796.0 
79.27 797.0 
79.246 798.0 
79.199 799.0 
79.234 800.0 
79.258 801.0 
79.234 802.0 
79.223 803.0 
79.281 804.0 
0.006 805.0 
0.005 806.0 
-0.001 807.0 
0.0 808.0 
0.005 809.0 
0.002 810.0 
0.011 811.0 
0.011 812.0 
0.004 813.0 
0.006 814.0 
0.004 815.0 
0.0 816.0 
0.004 817.0 
0.0 818.0 
-0.006 819.0 
-0.001 820.0 
-0.006 821.0 
-0.008 822.0 
-0.012 823.0 
-0.005 824.0 
-0.012 825.0 
-0.019 826.0 
-0.016 827.0 
-0.025 828.0 
-0.023 829.0 
