-0.036 257.0 
-0.035 258.0 
-0.028 259.0 
-0.042 260.0 
-0.02 261.0 
-0.022 262.0 
-0.041 263.0 
-0.034 264.0 
-0.019 265.0 
-0.017 266.0 
-0.042 267.0 
-0.031 268.0 
-0.04 269.0 
-0.035 270.0 
-0.024 271.0 
-0.037 272.0 
-0.037 273.0 
-0.05 274.0 
277.122 275.0 
272.713 276.0 
271.9 277.0 
270.74 278.0 
269.115 279.0 
267.258 280.0 
265.75 281.0 
264.705 282.0 
262.152 283.0 
262.5 284.0 
262.268 285.0 
262.268 286.0 
262.5 287.0 
261.688 288.0 
261.224 289.0 
263.661 290.0 
260.76 291.0 
260.412 292.0 
260.76 293.0 
259.251 294.0 
260.412 295.0 
260.18 296.0 
259.947 297.0 
259.483 298.0 
259.947 299.0 
260.063 300.0 
259.251 301.0 
259.715 302.0 
258.323 303.0 
259.251 304.0 
259.599 305.0 
259.135 306.0 
259.367 307.0 
258.323 308.0 
258.903 309.0 
258.323 310.0 
258.903 311.0 
257.975 312.0 
258.323 313.0 
258.091 314.0 
258.555 315.0 
258.207 316.0 
258.555 317.0 
257.975 318.0 
258.439 319.0 
258.323 320.0 
255.073 321.0 
258.207 322.0 
257.859 323.0 
258.323 324.0 
258.207 325.0 
259.831 326.0 
258.555 327.0 
257.742 328.0 
258.555 329.0 
257.975 330.0 
257.626 331.0 
261.108 332.0 
258.091 333.0 
257.742 334.0 
258.207 335.0 
257.742 336.0 
258.207 337.0 
257.742 338.0 
258.323 339.0 
258.091 340.0 
258.439 341.0 
257.975 342.0 
252.985 343.0 
258.091 344.0 
258.207 345.0 
258.091 346.0 
257.859 347.0 
255.654 348.0 
257.859 349.0 
258.091 350.0 
257.859 351.0 
257.975 352.0 
258.091 353.0 
255.886 354.0 
258.439 355.0 
257.859 356.0 
258.207 357.0 
258.207 358.0 
258.323 359.0 
258.091 360.0 
258.207 361.0 
257.859 362.0 
257.742 363.0 
257.975 364.0 
257.859 365.0 
258.207 366.0 
258.207 367.0 
257.975 368.0 
257.742 369.0 
257.742 370.0 
257.859 371.0 
258.323 372.0 
257.859 373.0 
257.975 374.0 
258.323 375.0 
259.831 376.0 
257.394 377.0 
257.859 378.0 
258.207 379.0 
258.207 380.0 
258.323 381.0 
258.323 382.0 
257.742 383.0 
257.975 384.0 
257.742 385.0 
258.439 386.0 
257.975 387.0 
257.742 388.0 
258.207 389.0 
258.091 390.0 
258.091 391.0 
258.091 392.0 
257.975 393.0 
257.742 394.0 
258.091 395.0 
258.207 396.0 
257.859 397.0 
257.975 398.0 
256.582 399.0 
257.626 400.0 
258.091 401.0 
257.975 402.0 
258.091 403.0 
258.323 404.0 
257.975 405.0 
258.207 406.0 
258.439 407.0 
257.626 408.0 
257.742 409.0 
257.859 410.0 
258.323 411.0 
258.091 412.0 
260.644 413.0 
258.091 414.0 
257.742 415.0 
258.091 416.0 
257.859 417.0 
257.975 418.0 
258.207 419.0 
257.859 420.0 
257.626 421.0 
258.439 422.0 
258.439 423.0 
257.742 424.0 
258.207 425.0 
258.439 426.0 
258.555 427.0 
257.51 428.0 
257.51 429.0 
257.626 430.0 
258.323 431.0 
258.323 432.0 
257.975 433.0 
257.742 434.0 
257.742 435.0 
258.091 436.0 
258.207 437.0 
257.51 438.0 
257.742 439.0 
258.207 440.0 
257.975 441.0 
257.975 442.0 
257.975 443.0 
258.091 444.0 
257.859 445.0 
258.207 446.0 
258.555 447.0 
258.207 448.0 
258.091 449.0 
258.555 450.0 
257.742 451.0 
257.859 452.0 
257.975 453.0 
257.859 454.0 
257.975 455.0 
257.046 456.0 
257.859 457.0 
258.091 458.0 
258.207 459.0 
258.323 460.0 
257.975 461.0 
258.207 462.0 
258.439 463.0 
258.323 464.0 
258.091 465.0 
258.671 466.0 
258.207 467.0 
257.394 468.0 
257.859 469.0 
257.742 470.0 
258.091 471.0 
258.091 472.0 
258.207 473.0 
257.859 474.0 
258.207 475.0 
258.207 476.0 
258.091 477.0 
257.859 478.0 
257.975 479.0 
258.323 480.0 
258.323 481.0 
257.975 482.0 
258.439 483.0 
258.091 484.0 
258.091 485.0 
258.323 486.0 
257.742 487.0 
258.207 488.0 
257.742 489.0 
257.51 490.0 
258.439 491.0 
258.439 492.0 
258.091 493.0 
258.323 494.0 
257.859 495.0 
257.626 496.0 
258.091 497.0 
258.207 498.0 
258.091 499.0 
257.859 500.0 
258.439 501.0 
258.091 502.0 
257.975 503.0 
257.626 504.0 
257.975 505.0 
257.859 506.0 
255.422 507.0 
260.76 508.0 
257.51 509.0 
257.975 510.0 
257.742 511.0 
257.975 512.0 
257.859 513.0 
258.091 514.0 
257.975 515.0 
257.742 516.0 
260.063 517.0 
257.046 518.0 
257.51 519.0 
257.51 520.0 
257.975 521.0 
257.51 522.0 
258.091 523.0 
257.742 524.0 
257.742 525.0 
257.742 526.0 
258.091 527.0 
257.278 528.0 
257.278 529.0 
257.278 530.0 
257.975 531.0 
258.207 532.0 
257.859 533.0 
257.742 534.0 
258.091 535.0 
258.091 536.0 
257.859 537.0 
257.394 538.0 
257.975 539.0 
257.51 540.0 
258.207 541.0 
257.742 542.0 
258.207 543.0 
258.091 544.0 
258.091 545.0 
257.394 546.0 
258.091 547.0 
257.859 548.0 
257.626 549.0 
257.742 550.0 
257.859 551.0 
257.975 552.0 
257.742 553.0 
257.162 554.0 
257.742 555.0 
258.207 556.0 
257.742 557.0 
257.394 558.0 
254.145 559.0 
257.859 560.0 
257.742 561.0 
257.162 562.0 
257.975 563.0 
257.859 564.0 
257.162 565.0 
258.091 566.0 
257.51 567.0 
257.278 568.0 
257.626 569.0 
257.626 570.0 
258.091 571.0 
257.394 572.0 
257.394 573.0 
257.51 574.0 
257.626 575.0 
257.859 576.0 
257.626 577.0 
257.626 578.0 
258.207 579.0 
257.975 580.0 
258.091 581.0 
258.207 582.0 
257.626 583.0 
257.975 584.0 
258.323 585.0 
257.975 586.0 
257.975 587.0 
257.859 588.0 
257.626 589.0 
257.859 590.0 
257.394 591.0 
257.742 592.0 
257.394 593.0 
257.626 594.0 
257.626 595.0 
257.278 596.0 
257.626 597.0 
258.207 598.0 
257.742 599.0 
257.859 600.0 
258.323 601.0 
257.742 602.0 
257.859 603.0 
257.742 604.0 
258.207 605.0 
257.742 606.0 
258.091 607.0 
257.626 608.0 
257.859 609.0 
258.439 610.0 
257.51 611.0 
257.859 612.0 
257.975 613.0 
257.859 614.0 
257.742 615.0 
257.742 616.0 
258.091 617.0 
257.046 618.0 
257.859 619.0 
255.305 620.0 
257.626 621.0 
257.975 622.0 
257.742 623.0 
257.975 624.0 
258.207 625.0 
257.626 626.0 
258.091 627.0 
257.742 628.0 
257.626 629.0 
257.975 630.0 
258.323 631.0 
257.742 632.0 
257.859 633.0 
260.528 634.0 
257.394 635.0 
257.742 636.0 
257.742 637.0 
257.394 638.0 
258.207 639.0 
258.323 640.0 
257.742 641.0 
257.859 642.0 
257.975 643.0 
257.51 644.0 
257.859 645.0 
258.207 646.0 
258.439 647.0 
257.742 648.0 
257.51 649.0 
258.207 650.0 
257.51 651.0 
257.394 652.0 
257.975 653.0 
258.323 654.0 
257.51 655.0 
257.394 656.0 
257.742 657.0 
258.207 658.0 
257.742 659.0 
257.975 660.0 
258.091 661.0 
258.323 662.0 
257.51 663.0 
257.975 664.0 
258.091 665.0 
258.671 666.0 
257.742 667.0 
257.742 668.0 
257.626 669.0 
257.975 670.0 
257.859 671.0 
257.51 672.0 
257.626 673.0 
257.975 674.0 
257.975 675.0 
257.162 676.0 
257.626 677.0 
258.207 678.0 
258.091 679.0 
258.323 680.0 
257.742 681.0 
257.859 682.0 
257.975 683.0 
257.975 684.0 
258.091 685.0 
258.439 686.0 
257.742 687.0 
257.742 688.0 
257.626 689.0 
257.859 690.0 
258.207 691.0 
258.091 692.0 
257.394 693.0 
257.626 694.0 
257.975 695.0 
257.626 696.0 
257.742 697.0 
257.859 698.0 
256.814 699.0 
257.51 700.0 
257.742 701.0 
257.859 702.0 
257.975 703.0 
257.626 704.0 
257.51 705.0 
258.671 706.0 
257.975 707.0 
257.626 708.0 
257.394 709.0 
257.742 710.0 
257.859 711.0 
257.975 712.0 
257.975 713.0 
257.975 714.0 
258.207 715.0 
257.742 716.0 
257.278 717.0 
257.626 718.0 
257.742 719.0 
258.091 720.0 
257.859 721.0 
258.323 722.0 
258.207 723.0 
258.439 724.0 
257.975 725.0 
257.278 726.0 
257.626 727.0 
257.51 728.0 
257.742 729.0 
257.975 730.0 
257.626 731.0 
257.975 732.0 
257.975 733.0 
257.975 734.0 
258.091 735.0 
257.859 736.0 
258.091 737.0 
258.207 738.0 
257.394 739.0 
257.626 740.0 
257.859 741.0 
257.742 742.0 
257.394 743.0 
257.626 744.0 
257.626 745.0 
257.859 746.0 
258.091 747.0 
257.626 748.0 
257.51 749.0 
257.742 750.0 
257.859 751.0 
257.51 752.0 
257.742 753.0 
257.975 754.0 
257.742 755.0 
257.046 756.0 
257.742 757.0 
257.859 758.0 
257.975 759.0 
257.742 760.0 
257.975 761.0 
257.975 762.0 
258.207 763.0 
257.975 764.0 
257.975 765.0 
258.091 766.0 
257.975 767.0 
257.742 768.0 
257.742 769.0 
257.859 770.0 
257.742 771.0 
257.742 772.0 
257.859 773.0 
257.742 774.0 
257.859 775.0 
257.626 776.0 
257.859 777.0 
257.742 778.0 
258.091 779.0 
257.975 780.0 
257.859 781.0 
257.742 782.0 
257.975 783.0 
257.859 784.0 
257.975 785.0 
257.975 786.0 
258.091 787.0 
257.51 788.0 
257.626 789.0 
257.742 790.0 
257.859 791.0 
257.975 792.0 
258.091 793.0 
257.742 794.0 
257.859 795.0 
257.859 796.0 
257.626 797.0 
257.975 798.0 
257.975 799.0 
257.975 800.0 
257.859 801.0 
257.859 802.0 
258.091 803.0 
257.626 804.0 
0.031 805.0 
0.042 806.0 
0.037 807.0 
0.031 808.0 
0.035 809.0 
0.043 810.0 
0.041 811.0 
0.03 812.0 
0.026 813.0 
0.023 814.0 
0.02 815.0 
0.025 816.0 
0.02 817.0 
0.012 818.0 
0.011 819.0 
0.007 820.0 
0.011 821.0 
0.005 822.0 
-0.01 823.0 
-0.006 824.0 
-0.008 825.0 
-0.007 826.0 
-0.01 827.0 
-0.025 828.0 
-0.03 829.0 
