-0.029 257.0 
-0.041 258.0 
-0.028 259.0 
-0.048 260.0 
-0.049 261.0 
-0.065 262.0 
-0.048 263.0 
-0.028 264.0 
-0.019 265.0 
-0.036 266.0 
-0.053 267.0 
-0.05 268.0 
-0.05 269.0 
-0.049 270.0 
-0.046 271.0 
-0.059 272.0 
-0.055 273.0 
-0.024 274.0 
278.051 275.0 
274.337 276.0 
272.365 277.0 
270.74 278.0 
268.535 279.0 
266.91 280.0 
264.589 281.0 
262.849 282.0 
261.108 283.0 
260.876 284.0 
260.296 285.0 
259.831 286.0 
260.296 287.0 
260.063 288.0 
259.831 289.0 
259.019 290.0 
259.019 291.0 
258.903 292.0 
258.671 293.0 
257.394 294.0 
258.207 295.0 
258.555 296.0 
258.555 297.0 
258.091 298.0 
257.859 299.0 
256.582 300.0 
257.626 301.0 
257.859 302.0 
256.93 303.0 
257.394 304.0 
261.688 305.0 
257.278 306.0 
256.698 307.0 
256.466 308.0 
257.278 309.0 
256.582 310.0 
257.046 311.0 
256.466 312.0 
257.162 313.0 
256.35 314.0 
256.466 315.0 
256.35 316.0 
257.046 317.0 
256.234 318.0 
256.582 319.0 
256.814 320.0 
255.422 321.0 
256.234 322.0 
255.77 323.0 
256.35 324.0 
256.35 325.0 
257.278 326.0 
256.466 327.0 
256.002 328.0 
262.384 329.0 
256.466 330.0 
256.35 331.0 
258.091 332.0 
256.582 333.0 
256.35 334.0 
256.582 335.0 
256.466 336.0 
256.466 337.0 
256.35 338.0 
258.323 339.0 
256.466 340.0 
256.35 341.0 
256.118 342.0 
253.217 343.0 
256.466 344.0 
256.118 345.0 
255.886 346.0 
255.77 347.0 
255.189 348.0 
256.466 349.0 
256.002 350.0 
256.234 351.0 
256.234 352.0 
256.466 353.0 
255.189 354.0 
254.609 355.0 
256.582 356.0 
256.35 357.0 
256.118 358.0 
256.814 359.0 
256.466 360.0 
256.466 361.0 
256.002 362.0 
256.234 363.0 
256.234 364.0 
256.35 365.0 
256.118 366.0 
256.234 367.0 
256.002 368.0 
256.35 369.0 
256.234 370.0 
256.118 371.0 
256.582 372.0 
256.35 373.0 
256.698 374.0 
256.35 375.0 
257.162 376.0 
256.118 377.0 
256.234 378.0 
256.466 379.0 
256.35 380.0 
256.35 381.0 
255.305 382.0 
256.118 383.0 
256.35 384.0 
256.234 385.0 
256.35 386.0 
255.77 387.0 
255.886 388.0 
256.35 389.0 
256.002 390.0 
256.118 391.0 
256.118 392.0 
256.466 393.0 
256.118 394.0 
256.698 395.0 
256.814 396.0 
256.118 397.0 
256.002 398.0 
255.305 399.0 
256.466 400.0 
256.582 401.0 
256.118 402.0 
256.466 403.0 
255.886 404.0 
256.234 405.0 
255.886 406.0 
255.886 407.0 
256.118 408.0 
256.234 409.0 
255.886 410.0 
256.002 411.0 
256.466 412.0 
257.162 413.0 
256.582 414.0 
256.234 415.0 
256.118 416.0 
256.234 417.0 
256.35 418.0 
256.582 419.0 
256.466 420.0 
256.234 421.0 
256.466 422.0 
256.35 423.0 
256.234 424.0 
256.35 425.0 
256.35 426.0 
256.466 427.0 
256.118 428.0 
256.234 429.0 
256.234 430.0 
256.698 431.0 
256.582 432.0 
256.582 433.0 
256.35 434.0 
256.35 435.0 
256.466 436.0 
256.466 437.0 
255.886 438.0 
256.118 439.0 
256.35 440.0 
256.35 441.0 
255.886 442.0 
256.466 443.0 
256.234 444.0 
256.234 445.0 
256.234 446.0 
256.35 447.0 
256.35 448.0 
259.019 449.0 
256.118 450.0 
255.886 451.0 
256.35 452.0 
256.118 453.0 
256.118 454.0 
256.466 455.0 
254.377 456.0 
256.118 457.0 
256.118 458.0 
256.698 459.0 
256.698 460.0 
256.466 461.0 
256.002 462.0 
256.582 463.0 
256.234 464.0 
256.35 465.0 
256.35 466.0 
256.466 467.0 
256.002 468.0 
256.466 469.0 
256.118 470.0 
256.35 471.0 
256.35 472.0 
255.189 473.0 
256.698 474.0 
256.814 475.0 
256.582 476.0 
256.002 477.0 
256.814 478.0 
256.35 479.0 
256.582 480.0 
256.582 481.0 
256.118 482.0 
256.582 483.0 
256.002 484.0 
256.466 485.0 
256.118 486.0 
256.118 487.0 
256.35 488.0 
256.234 489.0 
256.234 490.0 
256.466 491.0 
256.466 492.0 
256.466 493.0 
256.466 494.0 
256.234 495.0 
255.77 496.0 
256.466 497.0 
256.582 498.0 
256.234 499.0 
256.35 500.0 
256.234 501.0 
256.002 502.0 
256.002 503.0 
255.886 504.0 
256.118 505.0 
255.886 506.0 
254.261 507.0 
258.555 508.0 
255.654 509.0 
255.77 510.0 
255.886 511.0 
256.118 512.0 
256.814 513.0 
256.35 514.0 
256.234 515.0 
256.814 516.0 
257.859 517.0 
255.77 518.0 
256.002 519.0 
256.002 520.0 
256.002 521.0 
256.118 522.0 
256.118 523.0 
256.002 524.0 
255.654 525.0 
255.886 526.0 
256.002 527.0 
255.77 528.0 
255.77 529.0 
255.538 530.0 
255.886 531.0 
256.234 532.0 
256.466 533.0 
256.234 534.0 
256.582 535.0 
256.466 536.0 
256.234 537.0 
255.422 538.0 
256.234 539.0 
255.886 540.0 
256.698 541.0 
256.118 542.0 
255.886 543.0 
255.886 544.0 
255.538 545.0 
255.654 546.0 
256.002 547.0 
255.189 548.0 
255.886 549.0 
255.654 550.0 
255.073 551.0 
256.466 552.0 
256.118 553.0 
256.118 554.0 
256.002 555.0 
256.466 556.0 
256.582 557.0 
255.886 558.0 
251.708 559.0 
256.35 560.0 
256.118 561.0 
255.189 562.0 
256.002 563.0 
255.654 564.0 
255.305 565.0 
255.886 566.0 
255.77 567.0 
255.538 568.0 
255.654 569.0 
255.538 570.0 
256.234 571.0 
256.002 572.0 
255.654 573.0 
256.002 574.0 
255.654 575.0 
256.582 576.0 
255.886 577.0 
256.002 578.0 
256.466 579.0 
256.002 580.0 
256.466 581.0 
255.77 582.0 
256.002 583.0 
256.234 584.0 
252.172 585.0 
256.234 586.0 
256.002 587.0 
256.35 588.0 
255.886 589.0 
256.35 590.0 
255.886 591.0 
256.35 592.0 
256.234 593.0 
256.466 594.0 
256.234 595.0 
255.654 596.0 
256.234 597.0 
256.118 598.0 
256.118 599.0 
256.582 600.0 
256.582 601.0 
255.886 602.0 
256.35 603.0 
256.234 604.0 
256.234 605.0 
255.654 606.0 
256.234 607.0 
255.886 608.0 
256.002 609.0 
256.118 610.0 
256.002 611.0 
256.466 612.0 
256.002 613.0 
256.234 614.0 
256.118 615.0 
256.002 616.0 
256.35 617.0 
255.305 618.0 
256.582 619.0 
253.797 620.0 
256.234 621.0 
256.234 622.0 
256.118 623.0 
256.234 624.0 
256.466 625.0 
256.002 626.0 
256.234 627.0 
256.118 628.0 
256.002 629.0 
255.886 630.0 
256.35 631.0 
255.886 632.0 
256.35 633.0 
260.063 634.0 
255.886 635.0 
256.35 636.0 
256.466 637.0 
255.886 638.0 
256.466 639.0 
256.35 640.0 
256.118 641.0 
255.654 642.0 
256.118 643.0 
255.77 644.0 
256.118 645.0 
256.118 646.0 
256.118 647.0 
255.77 648.0 
255.886 649.0 
256.35 650.0 
255.654 651.0 
255.538 652.0 
256.234 653.0 
256.35 654.0 
255.886 655.0 
255.886 656.0 
256.118 657.0 
256.234 658.0 
256.002 659.0 
256.234 660.0 
256.35 661.0 
255.538 662.0 
256.002 663.0 
255.886 664.0 
256.35 665.0 
256.35 666.0 
255.77 667.0 
255.77 668.0 
256.118 669.0 
256.35 670.0 
255.77 671.0 
256.35 672.0 
256.002 673.0 
256.35 674.0 
255.886 675.0 
256.234 676.0 
256.466 677.0 
256.002 678.0 
256.35 679.0 
256.814 680.0 
255.654 681.0 
255.654 682.0 
256.118 683.0 
256.466 684.0 
256.466 685.0 
256.35 686.0 
255.073 687.0 
256.118 688.0 
256.002 689.0 
256.35 690.0 
256.234 691.0 
256.582 692.0 
256.118 693.0 
255.886 694.0 
255.77 695.0 
256.234 696.0 
255.654 697.0 
256.234 698.0 
255.538 699.0 
255.886 700.0 
256.002 701.0 
255.886 702.0 
255.886 703.0 
256.002 704.0 
255.886 705.0 
256.002 706.0 
255.538 707.0 
255.886 708.0 
256.118 709.0 
255.77 710.0 
256.234 711.0 
256.35 712.0 
256.35 713.0 
256.35 714.0 
255.305 715.0 
256.002 716.0 
255.073 717.0 
256.118 718.0 
256.234 719.0 
256.234 720.0 
256.118 721.0 
256.118 722.0 
256.234 723.0 
256.002 724.0 
256.35 725.0 
256.118 726.0 
256.118 727.0 
256.002 728.0 
256.002 729.0 
255.77 730.0 
256.002 731.0 
256.35 732.0 
256.234 733.0 
256.234 734.0 
256.35 735.0 
255.77 736.0 
256.466 737.0 
256.35 738.0 
255.654 739.0 
255.886 740.0 
255.77 741.0 
255.77 742.0 
255.654 743.0 
255.77 744.0 
256.002 745.0 
256.002 746.0 
255.77 747.0 
255.886 748.0 
255.77 749.0 
255.886 750.0 
256.118 751.0 
256.35 752.0 
256.118 753.0 
255.77 754.0 
256.234 755.0 
255.886 756.0 
256.466 757.0 
256.118 758.0 
256.582 759.0 
256.35 760.0 
256.002 761.0 
256.002 762.0 
256.002 763.0 
256.002 764.0 
256.35 765.0 
256.466 766.0 
256.002 767.0 
256.234 768.0 
256.118 769.0 
256.118 770.0 
256.002 771.0 
256.35 772.0 
256.118 773.0 
256.35 774.0 
256.35 775.0 
256.35 776.0 
256.466 777.0 
256.466 778.0 
256.118 779.0 
256.35 780.0 
256.234 781.0 
255.77 782.0 
255.886 783.0 
256.466 784.0 
256.234 785.0 
256.002 786.0 
256.234 787.0 
256.002 788.0 
256.234 789.0 
256.234 790.0 
256.35 791.0 
256.118 792.0 
256.234 793.0 
256.234 794.0 
256.002 795.0 
256.35 796.0 
255.77 797.0 
256.118 798.0 
256.35 799.0 
256.118 800.0 
256.234 801.0 
256.002 802.0 
255.886 803.0 
256.118 804.0 
0.036 805.0 
0.028 806.0 
0.029 807.0 
0.032 808.0 
0.03 809.0 
0.035 810.0 
0.035 811.0 
0.03 812.0 
0.023 813.0 
0.012 814.0 
0.001 815.0 
0.0 816.0 
0.0 817.0 
-0.006 818.0 
-0.01 819.0 
-0.022 820.0 
-0.03 821.0 
-0.044 822.0 
-0.053 823.0 
-0.05 824.0 
-0.049 825.0 
-0.062 826.0 
-0.071 827.0 
-0.067 828.0 
-0.062 829.0 
