-0.043 257.0 
-0.044 258.0 
-0.111 259.0 
-0.03 260.0 
-0.037 261.0 
-0.042 262.0 
-0.053 263.0 
-0.032 264.0 
-0.022 265.0 
-0.022 266.0 
-0.034 267.0 
-0.04 268.0 
-0.032 269.0 
-0.031 270.0 
-0.044 271.0 
-0.03 272.0 
-0.037 273.0 
-0.028 274.0 
277.006 275.0 
273.757 276.0 
272.249 277.0 
270.392 278.0 
268.303 279.0 
266.214 280.0 
264.125 281.0 
262.617 282.0 
260.063 283.0 
260.296 284.0 
259.831 285.0 
259.715 286.0 
259.251 287.0 
259.367 288.0 
259.019 289.0 
259.019 290.0 
258.207 291.0 
257.975 292.0 
258.091 293.0 
258.091 294.0 
257.394 295.0 
257.626 296.0 
257.859 297.0 
256.93 298.0 
257.394 299.0 
257.51 300.0 
256.466 301.0 
256.93 302.0 
256.234 303.0 
257.162 304.0 
257.51 305.0 
256.466 306.0 
256.234 307.0 
256.118 308.0 
256.582 309.0 
255.77 310.0 
256.118 311.0 
255.422 312.0 
256.234 313.0 
255.422 314.0 
255.77 315.0 
255.654 316.0 
256.118 317.0 
255.538 318.0 
255.77 319.0 
255.77 320.0 
248.111 321.0 
255.77 322.0 
255.654 323.0 
255.886 324.0 
256.002 325.0 
257.859 326.0 
255.305 327.0 
255.422 328.0 
255.886 329.0 
255.654 330.0 
255.422 331.0 
258.207 332.0 
255.654 333.0 
255.77 334.0 
255.77 335.0 
255.886 336.0 
255.886 337.0 
255.538 338.0 
258.439 339.0 
255.886 340.0 
255.654 341.0 
255.77 342.0 
250.083 343.0 
256.002 344.0 
255.77 345.0 
255.422 346.0 
254.957 347.0 
253.681 348.0 
255.77 349.0 
255.654 350.0 
255.305 351.0 
255.538 352.0 
255.77 353.0 
253.101 354.0 
255.77 355.0 
255.886 356.0 
255.886 357.0 
256.002 358.0 
256.002 359.0 
255.77 360.0 
256.002 361.0 
255.886 362.0 
256.002 363.0 
255.538 364.0 
255.654 365.0 
255.886 366.0 
255.886 367.0 
255.538 368.0 
255.654 369.0 
255.538 370.0 
255.538 371.0 
255.422 372.0 
255.654 373.0 
255.654 374.0 
255.654 375.0 
257.162 376.0 
255.422 377.0 
255.422 378.0 
255.886 379.0 
255.77 380.0 
256.002 381.0 
256.35 382.0 
255.422 383.0 
255.77 384.0 
255.886 385.0 
256.118 386.0 
254.957 387.0 
255.538 388.0 
255.77 389.0 
255.77 390.0 
255.538 391.0 
255.654 392.0 
255.886 393.0 
255.189 394.0 
255.422 395.0 
256.002 396.0 
256.002 397.0 
256.002 398.0 
254.145 399.0 
255.538 400.0 
256.118 401.0 
255.654 402.0 
256.234 403.0 
255.886 404.0 
255.77 405.0 
255.654 406.0 
255.654 407.0 
255.654 408.0 
255.654 409.0 
255.538 410.0 
256.002 411.0 
255.538 412.0 
258.207 413.0 
255.77 414.0 
255.073 415.0 
255.886 416.0 
255.77 417.0 
256.466 418.0 
255.886 419.0 
255.77 420.0 
255.422 421.0 
256.35 422.0 
256.118 423.0 
255.77 424.0 
255.654 425.0 
255.77 426.0 
255.654 427.0 
255.538 428.0 
255.422 429.0 
255.538 430.0 
255.886 431.0 
255.886 432.0 
255.886 433.0 
255.538 434.0 
255.886 435.0 
255.654 436.0 
256.582 437.0 
255.422 438.0 
255.538 439.0 
255.886 440.0 
255.886 441.0 
255.886 442.0 
255.77 443.0 
256.118 444.0 
256.002 445.0 
255.886 446.0 
256.002 447.0 
255.77 448.0 
255.886 449.0 
256.234 450.0 
255.77 451.0 
255.538 452.0 
255.654 453.0 
255.538 454.0 
255.886 455.0 
254.377 456.0 
255.886 457.0 
255.538 458.0 
256.118 459.0 
256.35 460.0 
255.886 461.0 
255.886 462.0 
256.234 463.0 
256.234 464.0 
256.002 465.0 
256.466 466.0 
255.654 467.0 
255.189 468.0 
255.886 469.0 
256.118 470.0 
255.886 471.0 
255.654 472.0 
256.234 473.0 
256.118 474.0 
256.118 475.0 
255.538 476.0 
256.35 477.0 
256.002 478.0 
255.654 479.0 
255.886 480.0 
256.118 481.0 
255.886 482.0 
256.118 483.0 
255.886 484.0 
256.35 485.0 
255.422 486.0 
255.422 487.0 
256.118 488.0 
255.654 489.0 
255.886 490.0 
255.886 491.0 
255.654 492.0 
255.886 493.0 
256.002 494.0 
255.654 495.0 
255.189 496.0 
256.234 497.0 
255.886 498.0 
255.77 499.0 
255.654 500.0 
255.654 501.0 
256.234 502.0 
255.77 503.0 
256.002 504.0 
256.002 505.0 
255.77 506.0 
252.868 507.0 
258.787 508.0 
255.654 509.0 
255.77 510.0 
255.654 511.0 
255.654 512.0 
255.886 513.0 
256.118 514.0 
255.77 515.0 
256.002 516.0 
258.207 517.0 
255.073 518.0 
255.422 519.0 
255.422 520.0 
255.422 521.0 
255.538 522.0 
255.654 523.0 
255.654 524.0 
255.654 525.0 
255.422 526.0 
255.305 527.0 
254.957 528.0 
255.305 529.0 
255.189 530.0 
255.305 531.0 
256.002 532.0 
256.002 533.0 
255.654 534.0 
255.886 535.0 
255.654 536.0 
255.77 537.0 
255.886 538.0 
255.538 539.0 
255.538 540.0 
256.002 541.0 
255.886 542.0 
256.002 543.0 
255.77 544.0 
256.002 545.0 
255.422 546.0 
255.886 547.0 
256.002 548.0 
255.654 549.0 
255.538 550.0 
253.681 551.0 
255.654 552.0 
255.654 553.0 
255.305 554.0 
255.654 555.0 
255.77 556.0 
255.77 557.0 
255.538 558.0 
251.592 559.0 
256.002 560.0 
255.422 561.0 
254.377 562.0 
255.654 563.0 
255.654 564.0 
254.609 565.0 
255.886 566.0 
254.841 567.0 
255.538 568.0 
255.654 569.0 
255.538 570.0 
255.77 571.0 
255.073 572.0 
255.422 573.0 
255.189 574.0 
255.305 575.0 
255.77 576.0 
256.002 577.0 
255.538 578.0 
255.886 579.0 
256.118 580.0 
256.118 581.0 
255.77 582.0 
255.422 583.0 
255.886 584.0 
256.466 585.0 
255.654 586.0 
255.654 587.0 
255.886 588.0 
255.654 589.0 
255.654 590.0 
255.654 591.0 
255.654 592.0 
255.654 593.0 
255.654 594.0 
255.538 595.0 
256.234 596.0 
255.654 597.0 
256.234 598.0 
255.77 599.0 
256.002 600.0 
256.234 601.0 
255.886 602.0 
256.234 603.0 
255.77 604.0 
256.35 605.0 
255.77 606.0 
255.886 607.0 
255.886 608.0 
255.654 609.0 
255.886 610.0 
255.654 611.0 
255.886 612.0 
255.77 613.0 
255.538 614.0 
255.305 615.0 
255.422 616.0 
256.002 617.0 
255.538 618.0 
255.886 619.0 
252.636 620.0 
255.654 621.0 
255.886 622.0 
255.77 623.0 
255.422 624.0 
256.118 625.0 
255.422 626.0 
255.538 627.0 
256.118 628.0 
255.77 629.0 
255.538 630.0 
256.118 631.0 
255.422 632.0 
255.886 633.0 
255.886 634.0 
255.77 635.0 
255.886 636.0 
256.002 637.0 
255.77 638.0 
255.886 639.0 
256.002 640.0 
255.422 641.0 
255.886 642.0 
256.234 643.0 
255.886 644.0 
255.886 645.0 
256.002 646.0 
255.886 647.0 
255.538 648.0 
255.538 649.0 
255.886 650.0 
255.422 651.0 
255.422 652.0 
255.422 653.0 
256.118 654.0 
255.305 655.0 
255.538 656.0 
255.77 657.0 
255.886 658.0 
255.77 659.0 
255.886 660.0 
255.886 661.0 
256.002 662.0 
255.538 663.0 
256.002 664.0 
256.002 665.0 
256.234 666.0 
255.654 667.0 
256.002 668.0 
255.886 669.0 
256.002 670.0 
255.305 671.0 
255.654 672.0 
255.886 673.0 
255.77 674.0 
255.422 675.0 
255.538 676.0 
255.77 677.0 
256.002 678.0 
255.538 679.0 
256.234 680.0 
255.538 681.0 
255.77 682.0 
255.886 683.0 
255.886 684.0 
256.35 685.0 
255.886 686.0 
255.538 687.0 
255.886 688.0 
255.886 689.0 
255.654 690.0 
255.538 691.0 
256.118 692.0 
255.422 693.0 
255.654 694.0 
255.77 695.0 
256.002 696.0 
255.886 697.0 
255.886 698.0 
253.797 699.0 
255.886 700.0 
255.654 701.0 
255.654 702.0 
255.886 703.0 
256.002 704.0 
256.118 705.0 
255.886 706.0 
255.422 707.0 
255.538 708.0 
255.654 709.0 
256.002 710.0 
255.538 711.0 
256.002 712.0 
255.654 713.0 
255.77 714.0 
254.377 715.0 
255.422 716.0 
255.886 717.0 
255.77 718.0 
255.422 719.0 
255.538 720.0 
256.002 721.0 
255.886 722.0 
255.77 723.0 
256.002 724.0 
256.35 725.0 
255.538 726.0 
255.189 727.0 
255.77 728.0 
255.886 729.0 
255.422 730.0 
255.654 731.0 
255.538 732.0 
255.654 733.0 
255.77 734.0 
255.77 735.0 
255.886 736.0 
256.118 737.0 
256.35 738.0 
254.957 739.0 
255.654 740.0 
255.654 741.0 
255.422 742.0 
255.422 743.0 
255.654 744.0 
255.654 745.0 
255.886 746.0 
255.422 747.0 
255.422 748.0 
255.654 749.0 
255.305 750.0 
255.77 751.0 
255.422 752.0 
255.886 753.0 
255.77 754.0 
255.886 755.0 
255.422 756.0 
255.77 757.0 
255.77 758.0 
256.118 759.0 
255.654 760.0 
255.654 761.0 
255.886 762.0 
256.002 763.0 
255.886 764.0 
255.886 765.0 
255.654 766.0 
255.77 767.0 
256.002 768.0 
255.654 769.0 
256.234 770.0 
256.002 771.0 
255.654 772.0 
255.886 773.0 
256.118 774.0 
255.538 775.0 
255.886 776.0 
255.654 777.0 
256.002 778.0 
256.118 779.0 
256.002 780.0 
255.886 781.0 
255.77 782.0 
256.002 783.0 
256.118 784.0 
255.886 785.0 
255.654 786.0 
255.77 787.0 
255.77 788.0 
256.002 789.0 
255.77 790.0 
255.77 791.0 
255.538 792.0 
255.886 793.0 
255.654 794.0 
255.77 795.0 
255.77 796.0 
255.77 797.0 
255.77 798.0 
255.538 799.0 
255.77 800.0 
255.77 801.0 
255.77 802.0 
255.886 803.0 
255.886 804.0 
0.037 805.0 
0.035 806.0 
0.032 807.0 
0.037 808.0 
0.036 809.0 
0.038 810.0 
0.032 811.0 
0.026 812.0 
0.019 813.0 
0.01 814.0 
0.005 815.0 
0.0 816.0 
-0.005 817.0 
-0.006 818.0 
-0.02 819.0 
-0.026 820.0 
-0.035 821.0 
-0.038 822.0 
-0.048 823.0 
-0.044 824.0 
-0.049 825.0 
-0.06 826.0 
-0.065 827.0 
-0.064 828.0 
-0.062 829.0 
