-0.004 257.0 
-0.019 258.0 
-0.052 259.0 
-0.037 260.0 
-0.018 261.0 
-0.029 262.0 
-0.002 263.0 
-0.038 264.0 
-0.031 265.0 
-0.038 266.0 
-0.026 267.0 
-0.022 268.0 
-0.042 269.0 
-0.022 270.0 
-0.016 271.0 
-0.03 272.0 
-0.035 273.0 
-0.037 274.0 
154.837 275.0 
151.683 276.0 
150.071 277.0 
148.308 278.0 
146.357 279.0 
144.173 280.0 
142.199 281.0 
139.782 282.0 
136.324 283.0 
134.853 284.0 
134.386 285.0 
134.0 286.0 
133.778 287.0 
133.393 288.0 
133.042 289.0 
132.75 290.0 
132.131 291.0 
131.804 292.0 
131.559 293.0 
131.407 294.0 
130.812 295.0 
130.625 296.0 
130.496 297.0 
129.877 298.0 
129.632 299.0 
129.48 300.0 
128.92 301.0 
128.768 302.0 
128.184 303.0 
127.997 304.0 
127.787 305.0 
126.817 306.0 
124.832 307.0 
121.702 308.0 
118.373 309.0 
114.086 310.0 
110.022 311.0 
105.444 312.0 
101.239 313.0 
97.093 314.0 
93.122 315.0 
89.221 316.0 
85.436 317.0 
82.668 318.0 
82.376 319.0 
82.049 320.0 
81.991 321.0 
81.792 322.0 
81.664 323.0 
81.64 324.0 
81.582 325.0 
81.676 326.0 
81.547 327.0 
81.454 328.0 
81.664 329.0 
81.582 330.0 
81.489 331.0 
81.559 332.0 
81.594 333.0 
81.5 334.0 
81.605 335.0 
81.594 336.0 
81.547 337.0 
81.454 338.0 
81.582 339.0 
81.524 340.0 
81.547 341.0 
81.489 342.0 
81.629 343.0 
81.535 344.0 
81.512 345.0 
81.454 346.0 
81.454 347.0 
81.594 348.0 
81.559 349.0 
81.535 350.0 
81.5 351.0 
81.547 352.0 
81.535 353.0 
81.43 354.0 
81.594 355.0 
81.547 356.0 
81.582 357.0 
81.512 358.0 
81.582 359.0 
81.5 360.0 
81.582 361.0 
81.512 362.0 
81.524 363.0 
81.454 364.0 
81.5 365.0 
81.512 366.0 
81.5 367.0 
81.5 368.0 
81.489 369.0 
81.512 370.0 
81.547 371.0 
81.547 372.0 
81.594 373.0 
81.559 374.0 
81.559 375.0 
81.909 376.0 
81.465 377.0 
81.512 378.0 
81.524 379.0 
81.512 380.0 
81.5 381.0 
81.605 382.0 
81.524 383.0 
81.477 384.0 
81.465 385.0 
81.57 386.0 
81.5 387.0 
81.465 388.0 
81.524 389.0 
81.535 390.0 
81.5 391.0 
81.512 392.0 
81.582 393.0 
81.419 394.0 
81.524 395.0 
81.629 396.0 
81.454 397.0 
81.535 398.0 
81.419 399.0 
81.454 400.0 
81.594 401.0 
81.535 402.0 
81.594 403.0 
81.524 404.0 
81.465 405.0 
81.465 406.0 
81.5 407.0 
81.465 408.0 
81.524 409.0 
81.43 410.0 
81.489 411.0 
81.57 412.0 
81.594 413.0 
81.559 414.0 
81.454 415.0 
81.547 416.0 
81.465 417.0 
81.605 418.0 
81.535 419.0 
81.465 420.0 
81.489 421.0 
81.524 422.0 
81.535 423.0 
81.489 424.0 
81.477 425.0 
81.524 426.0 
81.547 427.0 
81.465 428.0 
81.465 429.0 
81.43 430.0 
81.524 431.0 
81.547 432.0 
81.594 433.0 
81.442 434.0 
81.465 435.0 
81.547 436.0 
81.664 437.0 
81.442 438.0 
81.454 439.0 
81.512 440.0 
81.454 441.0 
81.477 442.0 
81.524 443.0 
81.477 444.0 
81.465 445.0 
81.454 446.0 
81.547 447.0 
81.559 448.0 
81.547 449.0 
81.816 450.0 
81.465 451.0 
81.454 452.0 
81.419 453.0 
81.43 454.0 
81.535 455.0 
81.512 456.0 
81.442 457.0 
81.419 458.0 
81.512 459.0 
81.57 460.0 
81.477 461.0 
81.465 462.0 
81.547 463.0 
81.489 464.0 
81.5 465.0 
81.547 466.0 
81.5 467.0 
81.442 468.0 
81.535 469.0 
81.454 470.0 
81.5 471.0 
81.5 472.0 
81.57 473.0 
81.489 474.0 
81.582 475.0 
81.524 476.0 
81.407 477.0 
81.465 478.0 
81.407 479.0 
81.465 480.0 
81.57 481.0 
81.489 482.0 
81.547 483.0 
81.465 484.0 
81.512 485.0 
81.442 486.0 
81.407 487.0 
81.559 488.0 
81.512 489.0 
81.5 490.0 
81.547 491.0 
81.5 492.0 
81.489 493.0 
81.547 494.0 
81.465 495.0 
81.43 496.0 
81.512 497.0 
81.559 498.0 
81.384 499.0 
81.43 500.0 
81.489 501.0 
81.559 502.0 
81.384 503.0 
81.395 504.0 
81.454 505.0 
81.477 506.0 
81.547 507.0 
81.524 508.0 
81.372 509.0 
81.407 510.0 
81.442 511.0 
81.454 512.0 
81.5 513.0 
81.477 514.0 
81.512 515.0 
81.524 516.0 
81.5 517.0 
81.384 518.0 
81.278 519.0 
81.372 520.0 
81.372 521.0 
81.407 522.0 
81.395 523.0 
81.372 524.0 
81.36 525.0 
81.372 526.0 
81.36 527.0 
81.313 528.0 
81.302 529.0 
81.243 530.0 
81.29 531.0 
81.407 532.0 
81.384 533.0 
81.337 534.0 
81.325 535.0 
81.302 536.0 
81.29 537.0 
81.232 538.0 
81.162 539.0 
81.173 540.0 
81.278 541.0 
81.22 542.0 
81.185 543.0 
81.162 544.0 
81.127 545.0 
81.068 546.0 
81.185 547.0 
81.15 548.0 
81.08 549.0 
81.057 550.0 
81.033 551.0 
81.103 552.0 
81.103 553.0 
81.021 554.0 
80.998 555.0 
81.115 556.0 
81.092 557.0 
81.021 558.0 
81.127 559.0 
81.103 560.0 
81.033 561.0 
80.963 562.0 
81.092 563.0 
81.033 564.0 
80.94 565.0 
81.057 566.0 
81.348 567.0 
80.951 568.0 
81.08 569.0 
81.01 570.0 
81.127 571.0 
81.068 572.0 
80.986 573.0 
81.057 574.0 
81.021 575.0 
81.138 576.0 
81.045 577.0 
81.021 578.0 
81.127 579.0 
81.045 580.0 
81.115 581.0 
81.068 582.0 
81.162 583.0 
81.068 584.0 
81.173 585.0 
81.115 586.0 
81.021 587.0 
81.127 588.0 
81.01 589.0 
81.092 590.0 
81.045 591.0 
81.103 592.0 
81.045 593.0 
81.08 594.0 
81.045 595.0 
81.138 596.0 
80.986 597.0 
81.115 598.0 
80.998 599.0 
81.092 600.0 
81.138 601.0 
81.092 602.0 
81.127 603.0 
81.033 604.0 
81.115 605.0 
80.998 606.0 
81.092 607.0 
81.01 608.0 
81.092 609.0 
81.173 610.0 
81.068 611.0 
81.127 612.0 
81.045 613.0 
81.092 614.0 
81.01 615.0 
81.08 616.0 
81.15 617.0 
81.021 618.0 
81.08 619.0 
80.694 620.0 
81.057 621.0 
81.08 622.0 
81.021 623.0 
81.045 624.0 
81.127 625.0 
81.021 626.0 
81.08 627.0 
81.15 628.0 
80.998 629.0 
81.092 630.0 
81.127 631.0 
80.986 632.0 
81.092 633.0 
81.185 634.0 
81.033 635.0 
81.103 636.0 
81.15 637.0 
80.998 638.0 
81.068 639.0 
81.173 640.0 
80.986 641.0 
81.033 642.0 
81.138 643.0 
80.975 644.0 
81.021 645.0 
81.103 646.0 
81.15 647.0 
80.998 648.0 
81.057 649.0 
81.115 650.0 
80.975 651.0 
81.021 652.0 
81.103 653.0 
81.15 654.0 
80.986 655.0 
81.045 656.0 
81.057 657.0 
81.138 658.0 
80.998 659.0 
81.057 660.0 
81.103 661.0 
81.115 662.0 
80.963 663.0 
81.068 664.0 
81.103 665.0 
81.127 666.0 
80.975 667.0 
81.068 668.0 
81.092 669.0 
81.138 670.0 
80.986 671.0 
81.033 672.0 
81.08 673.0 
81.068 674.0 
81.162 675.0 
81.01 676.0 
81.033 677.0 
81.021 678.0 
81.057 679.0 
81.15 680.0 
80.963 681.0 
80.998 682.0 
81.08 683.0 
81.092 684.0 
81.127 685.0 
81.162 686.0 
80.998 687.0 
81.021 688.0 
81.057 689.0 
81.103 690.0 
81.127 691.0 
81.162 692.0 
80.963 693.0 
81.033 694.0 
81.068 695.0 
81.103 696.0 
81.138 697.0 
81.103 698.0 
80.729 699.0 
81.01 700.0 
80.998 701.0 
81.021 702.0 
81.033 703.0 
81.08 704.0 
81.127 705.0 
81.127 706.0 
80.986 707.0 
81.01 708.0 
81.01 709.0 
81.045 710.0 
81.08 711.0 
81.103 712.0 
81.115 713.0 
81.15 714.0 
80.951 715.0 
80.998 716.0 
81.021 717.0 
81.033 718.0 
81.045 719.0 
81.068 720.0 
81.08 721.0 
81.092 722.0 
81.115 723.0 
81.127 724.0 
81.138 725.0 
80.963 726.0 
81.033 727.0 
81.01 728.0 
81.033 729.0 
81.033 730.0 
81.068 731.0 
81.068 732.0 
81.092 733.0 
81.103 734.0 
81.15 735.0 
81.138 736.0 
81.127 737.0 
81.15 738.0 
81.162 739.0 
80.963 740.0 
81.01 741.0 
80.986 742.0 
80.986 743.0 
81.021 744.0 
80.998 745.0 
80.975 746.0 
81.01 747.0 
81.01 748.0 
81.08 749.0 
81.057 750.0 
81.01 751.0 
81.045 752.0 
81.08 753.0 
81.021 754.0 
81.08 755.0 
81.103 756.0 
81.057 757.0 
81.057 758.0 
81.045 759.0 
81.08 760.0 
81.057 761.0 
81.08 762.0 
81.057 763.0 
81.08 764.0 
81.045 765.0 
81.045 766.0 
81.08 767.0 
81.068 768.0 
81.092 769.0 
81.127 770.0 
81.115 771.0 
81.103 772.0 
81.103 773.0 
81.068 774.0 
81.08 775.0 
81.103 776.0 
81.127 777.0 
81.068 778.0 
81.068 779.0 
81.068 780.0 
81.08 781.0 
81.092 782.0 
81.068 783.0 
81.08 784.0 
81.045 785.0 
81.045 786.0 
81.092 787.0 
81.068 788.0 
81.092 789.0 
81.103 790.0 
81.045 791.0 
81.057 792.0 
81.08 793.0 
81.092 794.0 
81.103 795.0 
81.092 796.0 
81.103 797.0 
81.092 798.0 
81.045 799.0 
81.08 800.0 
81.08 801.0 
81.045 802.0 
81.092 803.0 
81.068 804.0 
-0.001 805.0 
-0.001 806.0 
0.011 807.0 
-0.001 808.0 
-0.002 809.0 
-0.001 810.0 
0.004 811.0 
0.006 812.0 
-0.004 813.0 
-0.002 814.0 
0.0 815.0 
-0.001 816.0 
-0.012 817.0 
-0.011 818.0 
-0.01 819.0 
-0.013 820.0 
-0.012 821.0 
-0.016 822.0 
-0.014 823.0 
-0.026 824.0 
-0.032 825.0 
-0.029 826.0 
-0.024 827.0 
-0.018 828.0 
-0.03 829.0 
