-0.059 257.0 
-0.052 258.0 
-0.055 259.0 
-0.034 260.0 
-0.042 261.0 
-0.056 262.0 
-0.067 263.0 
-0.043 264.0 
-0.019 265.0 
-0.028 266.0 
-0.047 267.0 
-0.046 268.0 
-0.035 269.0 
-0.03 270.0 
-0.054 271.0 
-0.041 272.0 
-0.064 273.0 
-0.048 274.0 
147.829 275.0 
145.061 276.0 
144.232 277.0 
142.76 278.0 
141.183 279.0 
139.151 280.0 
137.235 281.0 
134.316 282.0 
131.185 283.0 
129.527 284.0 
129.223 285.0 
128.849 286.0 
128.628 287.0 
128.289 288.0 
128.02 289.0 
127.319 290.0 
127.203 291.0 
126.946 292.0 
126.712 293.0 
126.21 294.0 
126.105 295.0 
125.965 296.0 
125.93 297.0 
125.369 298.0 
125.182 299.0 
124.855 300.0 
124.528 301.0 
124.4 302.0 
123.816 303.0 
123.71 304.0 
123.185 305.0 
122.531 306.0 
120.604 307.0 
117.742 308.0 
114.776 309.0 
110.945 310.0 
107.417 311.0 
103.294 312.0 
99.615 313.0 
95.387 314.0 
91.463 315.0 
87.083 316.0 
83.334 317.0 
80.297 318.0 
80.075 319.0 
79.818 320.0 
79.667 321.0 
79.632 322.0 
79.48 323.0 
79.515 324.0 
79.456 325.0 
79.34 326.0 
79.398 327.0 
79.328 328.0 
79.293 329.0 
79.445 330.0 
79.328 331.0 
79.375 332.0 
79.445 333.0 
79.363 334.0 
79.27 335.0 
79.445 336.0 
79.445 337.0 
79.328 338.0 
79.375 339.0 
79.41 340.0 
79.375 341.0 
79.328 342.0 
79.351 343.0 
79.386 344.0 
79.386 345.0 
79.328 346.0 
79.293 347.0 
79.27 348.0 
79.386 349.0 
79.375 350.0 
79.34 351.0 
79.375 352.0 
79.316 353.0 
79.305 354.0 
79.305 355.0 
79.386 356.0 
79.41 357.0 
79.363 358.0 
79.456 359.0 
79.363 360.0 
79.41 361.0 
79.328 362.0 
79.34 363.0 
79.293 364.0 
79.328 365.0 
79.386 366.0 
79.386 367.0 
79.305 368.0 
79.305 369.0 
79.363 370.0 
79.34 371.0 
79.375 372.0 
79.375 373.0 
79.41 374.0 
79.386 375.0 
79.421 376.0 
79.305 377.0 
79.328 378.0 
79.305 379.0 
79.363 380.0 
79.351 381.0 
79.41 382.0 
79.363 383.0 
79.328 384.0 
79.316 385.0 
79.433 386.0 
79.293 387.0 
79.27 388.0 
79.34 389.0 
79.386 390.0 
79.34 391.0 
79.316 392.0 
79.41 393.0 
79.258 394.0 
79.363 395.0 
79.445 396.0 
79.27 397.0 
79.351 398.0 
79.211 399.0 
79.305 400.0 
79.41 401.0 
79.386 402.0 
79.445 403.0 
79.398 404.0 
79.351 405.0 
79.293 406.0 
79.363 407.0 
79.27 408.0 
79.34 409.0 
79.305 410.0 
79.316 411.0 
79.363 412.0 
79.562 413.0 
79.386 414.0 
79.34 415.0 
79.351 416.0 
79.293 417.0 
79.328 418.0 
79.398 419.0 
79.316 420.0 
79.34 421.0 
79.351 422.0 
79.41 423.0 
79.281 424.0 
79.351 425.0 
79.351 426.0 
79.386 427.0 
79.281 428.0 
79.293 429.0 
79.293 430.0 
79.375 431.0 
79.351 432.0 
79.386 433.0 
79.223 434.0 
79.316 435.0 
79.316 436.0 
79.375 437.0 
79.293 438.0 
79.27 439.0 
79.293 440.0 
79.305 441.0 
79.293 442.0 
79.316 443.0 
79.293 444.0 
79.293 445.0 
79.281 446.0 
79.398 447.0 
79.386 448.0 
79.62 449.0 
79.55 450.0 
79.328 451.0 
79.305 452.0 
79.281 453.0 
79.246 454.0 
79.41 455.0 
79.106 456.0 
79.27 457.0 
79.27 458.0 
79.363 459.0 
79.398 460.0 
79.351 461.0 
79.305 462.0 
79.386 463.0 
79.34 464.0 
79.34 465.0 
79.41 466.0 
79.363 467.0 
79.258 468.0 
79.351 469.0 
79.305 470.0 
79.258 471.0 
79.316 472.0 
79.188 473.0 
79.34 474.0 
79.398 475.0 
79.351 476.0 
79.246 477.0 
79.34 478.0 
79.258 479.0 
79.351 480.0 
79.398 481.0 
79.316 482.0 
79.375 483.0 
79.293 484.0 
79.375 485.0 
79.258 486.0 
79.293 487.0 
79.363 488.0 
79.258 489.0 
79.34 490.0 
79.34 491.0 
79.351 492.0 
79.316 493.0 
79.34 494.0 
79.246 495.0 
79.27 496.0 
79.305 497.0 
79.375 498.0 
79.281 499.0 
79.27 500.0 
79.351 501.0 
79.34 502.0 
79.234 503.0 
79.281 504.0 
79.27 505.0 
79.316 506.0 
79.234 507.0 
79.293 508.0 
79.188 509.0 
79.246 510.0 
79.27 511.0 
79.328 512.0 
79.293 513.0 
79.305 514.0 
79.608 515.0 
79.199 516.0 
79.632 517.0 
79.188 518.0 
79.211 519.0 
79.199 520.0 
79.234 521.0 
79.234 522.0 
79.258 523.0 
79.246 524.0 
79.234 525.0 
79.223 526.0 
79.188 527.0 
79.164 528.0 
79.176 529.0 
79.141 530.0 
79.106 531.0 
79.281 532.0 
79.678 533.0 
79.176 534.0 
79.164 535.0 
79.129 536.0 
79.106 537.0 
79.001 538.0 
79.001 539.0 
78.989 540.0 
79.118 541.0 
78.966 542.0 
79.024 543.0 
79.001 544.0 
78.919 545.0 
78.896 546.0 
79.013 547.0 
78.942 548.0 
78.942 549.0 
78.872 550.0 
78.837 551.0 
78.954 552.0 
78.896 553.0 
78.861 554.0 
78.814 555.0 
78.907 556.0 
78.872 557.0 
78.826 558.0 
78.627 559.0 
78.907 560.0 
78.837 561.0 
78.767 562.0 
78.919 563.0 
78.826 564.0 
78.802 565.0 
78.919 566.0 
78.919 567.0 
78.791 568.0 
78.861 569.0 
78.872 570.0 
78.954 571.0 
78.872 572.0 
78.791 573.0 
78.884 574.0 
78.837 575.0 
79.258 576.0 
78.872 577.0 
78.872 578.0 
78.942 579.0 
78.907 580.0 
78.978 581.0 
78.896 582.0 
78.966 583.0 
78.954 584.0 
78.65 585.0 
78.896 586.0 
78.826 587.0 
78.907 588.0 
78.849 589.0 
78.896 590.0 
78.837 591.0 
78.931 592.0 
78.837 593.0 
78.919 594.0 
78.837 595.0 
78.896 596.0 
78.814 597.0 
78.884 598.0 
78.861 599.0 
78.896 600.0 
78.989 601.0 
78.884 602.0 
78.989 603.0 
78.884 604.0 
78.966 605.0 
78.861 606.0 
78.907 607.0 
78.814 608.0 
78.884 609.0 
78.989 610.0 
78.849 611.0 
78.942 612.0 
78.826 613.0 
78.896 614.0 
78.814 615.0 
78.826 616.0 
78.907 617.0 
78.791 618.0 
78.919 619.0 
78.697 620.0 
78.861 621.0 
78.931 622.0 
78.837 623.0 
78.872 624.0 
78.989 625.0 
78.849 626.0 
78.907 627.0 
78.954 628.0 
78.826 629.0 
78.931 630.0 
78.978 631.0 
78.837 632.0 
78.907 633.0 
79.211 634.0 
78.872 635.0 
78.907 636.0 
78.966 637.0 
78.837 638.0 
78.896 639.0 
78.978 640.0 
78.826 641.0 
78.826 642.0 
78.919 643.0 
78.791 644.0 
78.884 645.0 
78.966 646.0 
78.966 647.0 
78.826 648.0 
78.837 649.0 
78.919 650.0 
78.791 651.0 
78.779 652.0 
78.884 653.0 
78.919 654.0 
78.814 655.0 
78.826 656.0 
78.861 657.0 
78.931 658.0 
78.837 659.0 
78.907 660.0 
78.919 661.0 
78.919 662.0 
78.814 663.0 
78.872 664.0 
78.907 665.0 
78.989 666.0 
78.802 667.0 
78.872 668.0 
78.919 669.0 
78.954 670.0 
78.802 671.0 
78.849 672.0 
78.872 673.0 
78.931 674.0 
78.884 675.0 
78.814 676.0 
78.849 677.0 
78.896 678.0 
78.919 679.0 
78.989 680.0 
78.779 681.0 
78.814 682.0 
78.896 683.0 
78.919 684.0 
78.942 685.0 
78.966 686.0 
78.791 687.0 
78.826 688.0 
78.826 689.0 
78.896 690.0 
78.931 691.0 
78.978 692.0 
78.791 693.0 
78.814 694.0 
78.849 695.0 
78.884 696.0 
78.907 697.0 
78.931 698.0 
78.709 699.0 
78.779 700.0 
78.826 701.0 
78.872 702.0 
78.884 703.0 
78.884 704.0 
78.896 705.0 
78.978 706.0 
78.814 707.0 
78.814 708.0 
78.837 709.0 
78.872 710.0 
78.884 711.0 
78.884 712.0 
78.907 713.0 
78.942 714.0 
78.732 715.0 
78.814 716.0 
78.779 717.0 
78.849 718.0 
78.872 719.0 
78.872 720.0 
78.884 721.0 
78.896 722.0 
78.919 723.0 
78.919 724.0 
79.001 725.0 
78.802 726.0 
78.791 727.0 
78.837 728.0 
78.814 729.0 
78.837 730.0 
78.861 731.0 
78.884 732.0 
78.884 733.0 
78.919 734.0 
78.931 735.0 
78.954 736.0 
78.919 737.0 
78.931 738.0 
78.756 739.0 
78.791 740.0 
78.802 741.0 
78.791 742.0 
78.791 743.0 
78.802 744.0 
78.826 745.0 
78.826 746.0 
78.837 747.0 
78.837 748.0 
78.837 749.0 
78.826 750.0 
78.849 751.0 
78.849 752.0 
78.837 753.0 
78.861 754.0 
78.861 755.0 
78.837 756.0 
78.837 757.0 
78.826 758.0 
78.884 759.0 
78.884 760.0 
78.872 761.0 
78.896 762.0 
78.896 763.0 
78.884 764.0 
78.919 765.0 
78.896 766.0 
78.884 767.0 
78.872 768.0 
78.907 769.0 
78.872 770.0 
78.896 771.0 
78.884 772.0 
78.907 773.0 
78.884 774.0 
78.907 775.0 
78.896 776.0 
78.872 777.0 
78.884 778.0 
78.907 779.0 
78.861 780.0 
78.884 781.0 
78.884 782.0 
78.872 783.0 
78.872 784.0 
78.896 785.0 
78.896 786.0 
78.872 787.0 
78.872 788.0 
78.884 789.0 
78.896 790.0 
78.907 791.0 
78.872 792.0 
78.884 793.0 
78.896 794.0 
78.896 795.0 
78.896 796.0 
78.896 797.0 
78.919 798.0 
78.896 799.0 
78.907 800.0 
78.907 801.0 
78.884 802.0 
78.884 803.0 
78.919 804.0 
0.002 805.0 
0.006 806.0 
0.006 807.0 
-0.001 808.0 
-0.001 809.0 
0.001 810.0 
0.0 811.0 
-0.018 812.0 
-0.025 813.0 
-0.024 814.0 
-0.018 815.0 
-0.03 816.0 
-0.026 817.0 
-0.035 818.0 
-0.029 819.0 
-0.03 820.0 
-0.02 821.0 
-0.03 822.0 
-0.026 823.0 
-0.023 824.0 
-0.023 825.0 
-0.019 826.0 
-0.013 827.0 
-0.016 828.0 
-0.02 829.0 
