-0.052 257.0 
-0.04 258.0 
-0.032 259.0 
-0.008 260.0 
-0.032 261.0 
-0.043 262.0 
-0.024 263.0 
-0.032 264.0 
-0.04 265.0 
-0.022 266.0 
-0.046 267.0 
-0.043 268.0 
-0.019 269.0 
-0.026 270.0 
-0.061 271.0 
-0.043 272.0 
-0.023 273.0 
-0.022 274.0 
159.415 275.0 
156.168 276.0 
154.72 277.0 
153.19 278.0 
151.438 279.0 
149.487 280.0 
147.362 281.0 
145.131 282.0 
142.398 283.0 
140.658 284.0 
140.167 285.0 
139.828 286.0 
139.536 287.0 
139.244 288.0 
138.987 289.0 
138.695 290.0 
138.065 291.0 
137.808 292.0 
137.574 293.0 
137.446 294.0 
136.792 295.0 
136.581 296.0 
136.476 297.0 
135.822 298.0 
135.554 299.0 
135.39 300.0 
134.724 301.0 
134.526 302.0 
133.918 303.0 
133.778 304.0 
133.533 305.0 
132.552 306.0 
130.625 307.0 
127.646 308.0 
124.131 309.0 
119.552 310.0 
115.056 311.0 
110.174 312.0 
105.689 313.0 
101.157 314.0 
96.625 315.0 
92.316 316.0 
88.508 317.0 
85.553 318.0 
85.39 319.0 
85.121 320.0 
84.911 321.0 
84.922 322.0 
84.759 323.0 
84.864 324.0 
84.736 325.0 
84.444 326.0 
84.747 327.0 
84.595 328.0 
84.829 329.0 
84.759 330.0 
84.654 331.0 
84.747 332.0 
84.736 333.0 
84.654 334.0 
84.619 335.0 
84.736 336.0 
84.747 337.0 
84.642 338.0 
84.841 339.0 
84.689 340.0 
84.689 341.0 
84.677 342.0 
84.922 343.0 
84.712 344.0 
84.665 345.0 
84.654 346.0 
84.595 347.0 
84.572 348.0 
84.712 349.0 
84.665 350.0 
84.642 351.0 
84.701 352.0 
84.665 353.0 
84.595 354.0 
84.712 355.0 
84.724 356.0 
84.747 357.0 
84.677 358.0 
84.794 359.0 
84.724 360.0 
84.712 361.0 
84.619 362.0 
84.701 363.0 
84.642 364.0 
84.654 365.0 
84.689 366.0 
84.689 367.0 
84.619 368.0 
84.654 369.0 
84.642 370.0 
84.665 371.0 
84.689 372.0 
84.677 373.0 
84.736 374.0 
84.736 375.0 
85.074 376.0 
84.619 377.0 
84.677 378.0 
84.654 379.0 
84.677 380.0 
84.689 381.0 
84.771 382.0 
84.677 383.0 
84.677 384.0 
84.642 385.0 
84.747 386.0 
84.677 387.0 
84.584 388.0 
84.677 389.0 
84.689 390.0 
84.63 391.0 
84.595 392.0 
84.724 393.0 
84.549 394.0 
84.689 395.0 
84.782 396.0 
84.63 397.0 
84.701 398.0 
84.619 399.0 
84.572 400.0 
84.724 401.0 
84.689 402.0 
84.771 403.0 
84.712 404.0 
84.63 405.0 
84.584 406.0 
84.654 407.0 
84.619 408.0 
84.677 409.0 
84.595 410.0 
84.677 411.0 
84.712 412.0 
85.004 413.0 
84.689 414.0 
84.595 415.0 
84.665 416.0 
84.584 417.0 
84.806 418.0 
84.665 419.0 
84.607 420.0 
84.654 421.0 
84.712 422.0 
84.712 423.0 
84.607 424.0 
84.642 425.0 
84.665 426.0 
84.677 427.0 
84.642 428.0 
84.642 429.0 
84.549 430.0 
84.701 431.0 
84.665 432.0 
84.712 433.0 
84.595 434.0 
84.642 435.0 
84.642 436.0 
84.689 437.0 
84.584 438.0 
84.63 439.0 
84.654 440.0 
84.63 441.0 
84.619 442.0 
84.63 443.0 
84.654 444.0 
84.63 445.0 
84.584 446.0 
84.712 447.0 
84.677 448.0 
84.689 449.0 
84.993 450.0 
84.595 451.0 
84.642 452.0 
84.607 453.0 
84.537 454.0 
84.701 455.0 
84.665 456.0 
84.619 457.0 
84.572 458.0 
84.701 459.0 
84.724 460.0 
84.654 461.0 
84.595 462.0 
84.736 463.0 
84.677 464.0 
84.665 465.0 
84.724 466.0 
84.619 467.0 
84.56 468.0 
84.642 469.0 
84.607 470.0 
84.607 471.0 
84.619 472.0 
84.689 473.0 
84.619 474.0 
84.712 475.0 
84.642 476.0 
84.595 477.0 
84.642 478.0 
84.549 479.0 
84.654 480.0 
84.747 481.0 
84.607 482.0 
84.724 483.0 
84.607 484.0 
84.701 485.0 
84.584 486.0 
84.572 487.0 
84.677 488.0 
84.677 489.0 
84.642 490.0 
84.654 491.0 
84.677 492.0 
84.619 493.0 
84.654 494.0 
84.595 495.0 
84.56 496.0 
84.677 497.0 
84.701 498.0 
84.537 499.0 
84.595 500.0 
84.63 501.0 
84.689 502.0 
84.537 503.0 
84.584 504.0 
84.619 505.0 
84.63 506.0 
84.595 507.0 
84.794 508.0 
84.537 509.0 
84.537 510.0 
84.56 511.0 
84.595 512.0 
84.63 513.0 
84.654 514.0 
84.619 515.0 
84.689 516.0 
84.665 517.0 
84.444 518.0 
84.502 519.0 
84.537 520.0 
84.514 521.0 
84.525 522.0 
84.549 523.0 
84.525 524.0 
84.537 525.0 
84.502 526.0 
84.467 527.0 
84.409 528.0 
84.444 529.0 
84.409 530.0 
84.397 531.0 
84.549 532.0 
84.49 533.0 
84.432 534.0 
84.444 535.0 
84.397 536.0 
84.374 537.0 
84.338 538.0 
84.268 539.0 
84.257 540.0 
84.362 541.0 
84.315 542.0 
84.245 543.0 
84.245 544.0 
84.163 545.0 
84.14 546.0 
84.233 547.0 
84.198 548.0 
84.152 549.0 
84.046 550.0 
84.046 551.0 
84.152 552.0 
84.082 553.0 
84.046 554.0 
84.035 555.0 
84.163 556.0 
84.093 557.0 
84.07 558.0 
83.813 559.0 
84.152 560.0 
84.082 561.0 
84.046 562.0 
84.128 563.0 
84.058 564.0 
83.953 565.0 
84.117 566.0 
84.35 567.0 
83.976 568.0 
84.082 569.0 
84.046 570.0 
84.14 571.0 
84.082 572.0 
83.976 573.0 
84.07 574.0 
84.023 575.0 
84.187 576.0 
84.046 577.0 
84.058 578.0 
84.163 579.0 
84.117 580.0 
84.163 581.0 
84.117 582.0 
84.128 583.0 
84.152 584.0 
84.222 585.0 
84.128 586.0 
84.035 587.0 
84.152 588.0 
84.035 589.0 
84.163 590.0 
84.035 591.0 
84.152 592.0 
84.058 593.0 
84.035 594.0 
84.07 595.0 
84.163 596.0 
84.023 597.0 
84.152 598.0 
84.058 599.0 
84.14 600.0 
84.222 601.0 
84.105 602.0 
84.222 603.0 
84.082 604.0 
84.187 605.0 
84.07 606.0 
84.117 607.0 
84.035 608.0 
84.093 609.0 
84.163 610.0 
84.058 611.0 
84.187 612.0 
84.058 613.0 
84.117 614.0 
84.0 615.0 
84.093 616.0 
84.163 617.0 
84.023 618.0 
84.152 619.0 
83.836 620.0 
84.093 621.0 
84.14 622.0 
84.035 623.0 
84.105 624.0 
84.163 625.0 
84.035 626.0 
84.128 627.0 
84.175 628.0 
84.07 629.0 
84.105 630.0 
84.187 631.0 
83.988 632.0 
84.152 633.0 
84.21 634.0 
84.082 635.0 
84.14 636.0 
84.198 637.0 
84.035 638.0 
84.117 639.0 
84.21 640.0 
84.046 641.0 
84.105 642.0 
84.187 643.0 
84.046 644.0 
84.082 645.0 
84.14 646.0 
84.198 647.0 
84.011 648.0 
84.117 649.0 
84.14 650.0 
83.988 651.0 
84.035 652.0 
84.082 653.0 
84.152 654.0 
83.976 655.0 
84.046 656.0 
84.093 657.0 
84.21 658.0 
84.093 659.0 
84.105 660.0 
84.163 661.0 
84.21 662.0 
84.035 663.0 
84.082 664.0 
84.163 665.0 
84.187 666.0 
84.023 667.0 
84.093 668.0 
84.14 669.0 
84.163 670.0 
84.035 671.0 
84.058 672.0 
84.058 673.0 
84.128 674.0 
84.082 675.0 
84.023 676.0 
84.058 677.0 
84.117 678.0 
84.105 679.0 
84.175 680.0 
84.0 681.0 
84.046 682.0 
84.082 683.0 
84.14 684.0 
84.163 685.0 
84.187 686.0 
84.011 687.0 
84.046 688.0 
84.082 689.0 
84.105 690.0 
84.175 691.0 
84.222 692.0 
84.023 693.0 
84.046 694.0 
84.058 695.0 
84.128 696.0 
84.128 697.0 
84.152 698.0 
83.743 699.0 
84.046 700.0 
84.011 701.0 
84.105 702.0 
84.14 703.0 
84.128 704.0 
84.163 705.0 
84.198 706.0 
83.988 707.0 
84.035 708.0 
84.035 709.0 
84.105 710.0 
84.117 711.0 
84.128 712.0 
84.152 713.0 
84.187 714.0 
84.187 715.0 
84.023 716.0 
84.035 717.0 
84.058 718.0 
84.07 719.0 
84.105 720.0 
84.105 721.0 
84.175 722.0 
84.163 723.0 
84.187 724.0 
84.21 725.0 
83.988 726.0 
83.976 727.0 
84.011 728.0 
84.035 729.0 
84.046 730.0 
84.093 731.0 
84.117 732.0 
84.128 733.0 
84.14 734.0 
84.163 735.0 
84.163 736.0 
84.187 737.0 
84.187 738.0 
83.965 739.0 
84.035 740.0 
84.011 741.0 
84.011 742.0 
84.023 743.0 
84.035 744.0 
84.035 745.0 
84.035 746.0 
84.035 747.0 
84.023 748.0 
84.035 749.0 
84.07 750.0 
84.058 751.0 
84.046 752.0 
84.082 753.0 
84.058 754.0 
84.07 755.0 
84.082 756.0 
84.093 757.0 
84.082 758.0 
84.093 759.0 
84.128 760.0 
84.117 761.0 
84.128 762.0 
84.117 763.0 
84.105 764.0 
84.152 765.0 
84.105 766.0 
84.093 767.0 
84.128 768.0 
84.128 769.0 
84.117 770.0 
84.14 771.0 
84.117 772.0 
84.105 773.0 
84.105 774.0 
84.128 775.0 
84.117 776.0 
84.117 777.0 
84.128 778.0 
84.117 779.0 
84.128 780.0 
84.14 781.0 
84.082 782.0 
84.14 783.0 
84.105 784.0 
84.117 785.0 
84.117 786.0 
84.082 787.0 
84.093 788.0 
84.093 789.0 
84.152 790.0 
84.128 791.0 
84.105 792.0 
84.117 793.0 
84.117 794.0 
84.117 795.0 
84.117 796.0 
84.105 797.0 
84.105 798.0 
84.117 799.0 
84.117 800.0 
84.128 801.0 
84.105 802.0 
84.117 803.0 
84.117 804.0 
0.0 805.0 
0.007 806.0 
0.0 807.0 
0.0 808.0 
-0.001 809.0 
-0.004 810.0 
-0.001 811.0 
-0.011 812.0 
-0.019 813.0 
-0.019 814.0 
-0.023 815.0 
-0.029 816.0 
-0.035 817.0 
-0.035 818.0 
-0.03 819.0 
-0.034 820.0 
-0.044 821.0 
-0.046 822.0 
-0.046 823.0 
-0.042 824.0 
-0.047 825.0 
-0.036 826.0 
-0.046 827.0 
-0.043 828.0 
-0.04 829.0 
