-0.074 257.0 
-0.042 258.0 
-0.052 259.0 
-0.042 260.0 
-0.056 261.0 
-0.046 262.0 
-0.034 263.0 
-0.04 264.0 
-0.035 265.0 
-0.04 266.0 
-0.055 267.0 
-0.031 268.0 
-0.041 269.0 
-0.067 270.0 
-0.064 271.0 
-0.043 272.0 
-0.046 273.0 
-0.052 274.0 
825.913 275.0 
819.879 276.0 
815.585 277.0 
809.783 278.0 
803.98 279.0 
799.338 280.0 
795.161 281.0 
793.884 282.0 
787.734 283.0 
785.064 284.0 
783.208 285.0 
781.119 286.0 
780.771 287.0 
779.494 288.0 
778.566 289.0 
776.129 290.0 
774.388 291.0 
773.344 292.0 
773.227 293.0 
770.674 294.0 
770.674 295.0 
770.558 296.0 
770.674 297.0 
768.47 298.0 
767.889 299.0 
768.47 300.0 
765.8 301.0 
766.497 302.0 
764.292 303.0 
764.988 304.0 
772.067 305.0 
763.479 306.0 
763.479 307.0 
761.855 308.0 
762.551 309.0 
760.694 310.0 
761.507 311.0 
759.882 312.0 
760.81 313.0 
759.07 314.0 
759.766 315.0 
759.302 316.0 
759.766 317.0 
758.489 318.0 
758.954 319.0 
758.257 320.0 
757.097 321.0 
758.025 322.0 
757.677 323.0 
758.373 324.0 
757.677 325.0 
756.865 326.0 
757.097 327.0 
756.517 328.0 
757.677 329.0 
756.865 330.0 
756.052 331.0 
759.418 332.0 
756.865 333.0 
755.704 334.0 
755.588 335.0 
756.517 336.0 
756.401 337.0 
755.356 338.0 
757.561 339.0 
755.704 340.0 
755.82 341.0 
755.82 342.0 
755.124 343.0 
755.936 344.0 
755.936 345.0 
755.124 346.0 
754.544 347.0 
754.66 348.0 
755.82 349.0 
755.472 350.0 
755.008 351.0 
755.704 352.0 
754.892 353.0 
753.731 354.0 
753.847 355.0 
755.356 356.0 
755.588 357.0 
755.124 358.0 
755.704 359.0 
755.356 360.0 
755.24 361.0 
754.892 362.0 
755.24 363.0 
754.66 364.0 
754.66 365.0 
755.008 366.0 
755.24 367.0 
754.892 368.0 
754.428 369.0 
754.776 370.0 
755.008 371.0 
755.124 372.0 
755.124 373.0 
755.124 374.0 
755.704 375.0 
757.329 376.0 
754.312 377.0 
754.776 378.0 
754.892 379.0 
754.776 380.0 
754.66 381.0 
755.588 382.0 
754.776 383.0 
754.776 384.0 
754.428 385.0 
755.124 386.0 
754.08 387.0 
754.428 388.0 
755.008 389.0 
754.776 390.0 
754.892 391.0 
754.196 392.0 
755.356 393.0 
753.731 394.0 
754.776 395.0 
755.936 396.0 
754.428 397.0 
755.008 398.0 
753.731 399.0 
754.312 400.0 
755.704 401.0 
754.66 402.0 
755.704 403.0 
755.124 404.0 
754.892 405.0 
753.731 406.0 
754.544 407.0 
754.312 408.0 
754.66 409.0 
753.847 410.0 
754.776 411.0 
755.124 412.0 
757.677 413.0 
754.892 414.0 
754.544 415.0 
754.776 416.0 
754.196 417.0 
755.124 418.0 
755.008 419.0 
754.196 420.0 
754.428 421.0 
755.008 422.0 
755.472 423.0 
754.428 424.0 
754.312 425.0 
754.428 426.0 
755.124 427.0 
754.544 428.0 
754.196 429.0 
754.428 430.0 
754.892 431.0 
755.124 432.0 
754.892 433.0 
753.499 434.0 
754.428 435.0 
754.428 436.0 
754.66 437.0 
754.544 438.0 
754.312 439.0 
753.964 440.0 
754.312 441.0 
754.08 442.0 
754.66 443.0 
754.428 444.0 
754.428 445.0 
753.964 446.0 
755.356 447.0 
755.124 448.0 
754.776 449.0 
757.329 450.0 
754.544 451.0 
754.544 452.0 
754.196 453.0 
754.08 454.0 
754.544 455.0 
753.615 456.0 
754.428 457.0 
754.08 458.0 
755.124 459.0 
755.124 460.0 
754.776 461.0 
754.312 462.0 
755.472 463.0 
754.66 464.0 
754.544 465.0 
754.776 466.0 
754.196 467.0 
753.847 468.0 
754.66 469.0 
754.08 470.0 
754.196 471.0 
754.196 472.0 
753.035 473.0 
754.428 474.0 
755.472 475.0 
754.892 476.0 
753.847 477.0 
754.544 478.0 
753.615 479.0 
754.776 480.0 
755.472 481.0 
754.428 482.0 
755.24 483.0 
754.544 484.0 
754.776 485.0 
753.847 486.0 
753.615 487.0 
755.124 488.0 
753.964 489.0 
754.428 490.0 
755.008 491.0 
754.196 492.0 
754.312 493.0 
754.66 494.0 
753.847 495.0 
753.847 496.0 
754.428 497.0 
754.776 498.0 
753.499 499.0 
753.731 500.0 
754.428 501.0 
754.544 502.0 
753.383 503.0 
753.615 504.0 
754.08 505.0 
753.615 506.0 
751.991 507.0 
756.633 508.0 
752.803 509.0 
753.151 510.0 
753.499 511.0 
753.383 512.0 
753.383 513.0 
753.731 514.0 
754.08 515.0 
754.312 516.0 
754.428 517.0 
752.223 518.0 
752.803 519.0 
753.035 520.0 
753.151 521.0 
752.919 522.0 
753.499 523.0 
753.035 524.0 
753.267 525.0 
752.803 526.0 
752.919 527.0 
752.571 528.0 
752.571 529.0 
752.223 530.0 
752.571 531.0 
753.731 532.0 
756.865 533.0 
753.499 534.0 
753.615 535.0 
753.847 536.0 
753.383 537.0 
752.919 538.0 
753.035 539.0 
753.035 540.0 
754.196 541.0 
753.383 542.0 
753.383 543.0 
753.383 544.0 
752.919 545.0 
752.339 546.0 
754.08 547.0 
753.615 548.0 
753.035 549.0 
752.803 550.0 
752.223 551.0 
753.267 552.0 
753.267 553.0 
752.919 554.0 
752.339 555.0 
753.499 556.0 
753.383 557.0 
753.151 558.0 
748.973 559.0 
753.499 560.0 
753.151 561.0 
752.455 562.0 
753.847 563.0 
752.803 564.0 
751.991 565.0 
753.383 566.0 
752.571 567.0 
752.339 568.0 
752.803 569.0 
752.571 570.0 
753.615 571.0 
752.687 572.0 
752.339 573.0 
753.035 574.0 
752.687 575.0 
756.168 576.0 
752.919 577.0 
753.035 578.0 
753.847 579.0 
753.151 580.0 
754.08 581.0 
753.267 582.0 
754.08 583.0 
753.615 584.0 
754.66 585.0 
753.615 586.0 
752.571 587.0 
753.731 588.0 
752.803 589.0 
753.383 590.0 
752.803 591.0 
753.499 592.0 
752.687 593.0 
753.267 594.0 
752.687 595.0 
753.383 596.0 
752.687 597.0 
753.267 598.0 
752.919 599.0 
753.383 600.0 
754.196 601.0 
753.035 602.0 
754.196 603.0 
753.035 604.0 
753.615 605.0 
752.687 606.0 
753.615 607.0 
752.571 608.0 
753.151 609.0 
753.847 610.0 
753.151 611.0 
753.847 612.0 
752.571 613.0 
753.615 614.0 
752.571 615.0 
753.035 616.0 
753.847 617.0 
752.455 618.0 
753.615 619.0 
751.062 620.0 
753.383 621.0 
753.615 622.0 
752.803 623.0 
753.499 624.0 
753.964 625.0 
752.803 626.0 
753.267 627.0 
754.08 628.0 
753.035 629.0 
753.267 630.0 
753.964 631.0 
752.687 632.0 
753.383 633.0 
756.401 634.0 
753.151 635.0 
753.847 636.0 
754.312 637.0 
753.035 638.0 
753.383 639.0 
754.196 640.0 
752.919 641.0 
753.151 642.0 
753.731 643.0 
752.571 644.0 
752.803 645.0 
753.615 646.0 
753.964 647.0 
752.571 648.0 
753.035 649.0 
753.615 650.0 
752.455 651.0 
752.339 652.0 
753.615 653.0 
753.731 654.0 
752.223 655.0 
752.571 656.0 
753.499 657.0 
754.08 658.0 
753.035 659.0 
753.267 660.0 
753.847 661.0 
753.847 662.0 
753.035 663.0 
753.383 664.0 
753.731 665.0 
753.847 666.0 
752.571 667.0 
753.035 668.0 
753.383 669.0 
753.499 670.0 
752.455 671.0 
752.803 672.0 
753.383 673.0 
753.383 674.0 
753.964 675.0 
752.687 676.0 
753.151 677.0 
753.383 678.0 
753.847 679.0 
754.312 680.0 
752.571 681.0 
752.571 682.0 
753.151 683.0 
753.847 684.0 
753.964 685.0 
753.731 686.0 
752.223 687.0 
752.803 688.0 
753.267 689.0 
753.151 690.0 
753.847 691.0 
753.964 692.0 
752.687 693.0 
752.455 694.0 
753.151 695.0 
753.383 696.0 
752.803 697.0 
754.08 698.0 
751.527 699.0 
752.803 700.0 
752.803 701.0 
753.151 702.0 
753.615 703.0 
753.847 704.0 
753.267 705.0 
754.08 706.0 
752.339 707.0 
752.919 708.0 
753.035 709.0 
753.035 710.0 
753.035 711.0 
753.383 712.0 
753.731 713.0 
753.964 714.0 
751.41 715.0 
752.571 716.0 
752.107 717.0 
752.919 718.0 
753.151 719.0 
753.035 720.0 
753.499 721.0 
753.731 722.0 
753.847 723.0 
754.08 724.0 
754.196 725.0 
752.107 726.0 
752.803 727.0 
752.803 728.0 
753.035 729.0 
753.151 730.0 
753.267 731.0 
753.267 732.0 
753.267 733.0 
753.499 734.0 
753.964 735.0 
753.964 736.0 
754.312 737.0 
754.08 738.0 
751.294 739.0 
752.107 740.0 
752.223 741.0 
752.223 742.0 
752.687 743.0 
752.919 744.0 
752.803 745.0 
752.687 746.0 
752.687 747.0 
753.035 748.0 
753.267 749.0 
752.803 750.0 
753.035 751.0 
753.035 752.0 
753.151 753.0 
753.267 754.0 
753.383 755.0 
753.267 756.0 
753.499 757.0 
753.151 758.0 
753.267 759.0 
753.731 760.0 
753.499 761.0 
753.499 762.0 
753.615 763.0 
753.731 764.0 
753.383 765.0 
753.267 766.0 
753.267 767.0 
753.151 768.0 
753.383 769.0 
753.383 770.0 
753.731 771.0 
753.499 772.0 
753.499 773.0 
753.615 774.0 
753.499 775.0 
753.499 776.0 
753.383 777.0 
753.847 778.0 
753.267 779.0 
753.615 780.0 
753.499 781.0 
753.267 782.0 
753.731 783.0 
753.383 784.0 
753.151 785.0 
753.151 786.0 
753.267 787.0 
753.151 788.0 
753.035 789.0 
753.731 790.0 
753.383 791.0 
753.615 792.0 
753.035 793.0 
752.803 794.0 
753.267 795.0 
753.267 796.0 
753.499 797.0 
753.035 798.0 
753.267 799.0 
753.151 800.0 
753.035 801.0 
753.151 802.0 
753.035 803.0 
753.383 804.0 
0.087 805.0 
0.104 806.0 
0.119 807.0 
0.121 808.0 
0.135 809.0 
0.128 810.0 
0.126 811.0 
0.114 812.0 
0.109 813.0 
0.09 814.0 
0.08 815.0 
0.074 816.0 
0.061 817.0 
0.062 818.0 
0.052 819.0 
0.032 820.0 
0.02 821.0 
0.011 822.0 
0.001 823.0 
-0.008 824.0 
-0.02 825.0 
-0.025 826.0 
-0.042 827.0 
-0.047 828.0 
-0.054 829.0 
