-0.046 257.0 
-0.048 258.0 
-0.052 259.0 
-0.052 260.0 
-0.038 261.0 
-0.071 262.0 
-0.041 263.0 
-0.028 264.0 
-0.024 265.0 
-0.031 266.0 
-0.046 267.0 
-0.066 268.0 
-0.041 269.0 
-0.041 270.0 
-0.038 271.0 
-0.052 272.0 
-0.083 273.0 
-0.067 274.0 
825.449 275.0 
819.531 276.0 
815.353 277.0 
809.202 278.0 
803.516 279.0 
798.526 280.0 
794.812 281.0 
792.027 282.0 
789.358 283.0 
785.18 284.0 
783.44 285.0 
782.511 286.0 
781.119 287.0 
779.61 288.0 
778.45 289.0 
777.753 290.0 
774.968 291.0 
774.04 292.0 
772.879 293.0 
772.995 294.0 
770.442 295.0 
769.746 296.0 
770.442 297.0 
767.889 298.0 
767.193 299.0 
767.773 300.0 
765.336 301.0 
766.033 302.0 
762.551 303.0 
763.944 304.0 
764.292 305.0 
762.551 306.0 
762.667 307.0 
760.578 308.0 
761.391 309.0 
759.882 310.0 
760.462 311.0 
758.838 312.0 
759.534 313.0 
757.793 314.0 
758.721 315.0 
758.025 316.0 
758.605 317.0 
757.213 318.0 
758.025 319.0 
757.445 320.0 
752.803 321.0 
757.097 322.0 
756.168 323.0 
756.749 324.0 
756.517 325.0 
757.793 326.0 
756.052 327.0 
755.008 328.0 
756.749 329.0 
756.168 330.0 
755.008 331.0 
755.936 332.0 
755.936 333.0 
755.008 334.0 
757.793 335.0 
755.588 336.0 
755.704 337.0 
754.776 338.0 
756.052 339.0 
755.008 340.0 
754.892 341.0 
754.544 342.0 
755.588 343.0 
754.544 344.0 
754.544 345.0 
754.544 346.0 
753.731 347.0 
754.776 348.0 
754.66 349.0 
754.66 350.0 
753.847 351.0 
754.428 352.0 
754.08 353.0 
751.294 354.0 
755.008 355.0 
754.312 356.0 
754.66 357.0 
754.08 358.0 
754.892 359.0 
754.196 360.0 
754.776 361.0 
753.964 362.0 
754.08 363.0 
753.615 364.0 
753.964 365.0 
754.196 366.0 
754.428 367.0 
753.499 368.0 
753.847 369.0 
753.847 370.0 
754.196 371.0 
754.08 372.0 
754.428 373.0 
754.428 374.0 
754.66 375.0 
757.561 376.0 
753.151 377.0 
753.615 378.0 
753.964 379.0 
753.847 380.0 
754.08 381.0 
754.66 382.0 
753.615 383.0 
753.847 384.0 
753.847 385.0 
754.428 386.0 
752.571 387.0 
752.803 388.0 
753.847 389.0 
753.615 390.0 
753.731 391.0 
753.499 392.0 
754.196 393.0 
753.151 394.0 
753.847 395.0 
754.428 396.0 
753.383 397.0 
754.428 398.0 
752.339 399.0 
753.383 400.0 
754.428 401.0 
754.196 402.0 
754.66 403.0 
754.196 404.0 
753.847 405.0 
753.267 406.0 
753.847 407.0 
753.035 408.0 
753.847 409.0 
753.035 410.0 
753.267 411.0 
754.196 412.0 
758.257 413.0 
754.196 414.0 
753.035 415.0 
753.499 416.0 
753.499 417.0 
755.008 418.0 
753.964 419.0 
753.383 420.0 
753.267 421.0 
754.08 422.0 
754.08 423.0 
753.267 424.0 
753.383 425.0 
753.847 426.0 
753.731 427.0 
753.267 428.0 
752.803 429.0 
753.035 430.0 
754.08 431.0 
754.08 432.0 
753.847 433.0 
753.151 434.0 
753.151 435.0 
753.615 436.0 
754.66 437.0 
752.803 438.0 
753.615 439.0 
753.383 440.0 
753.499 441.0 
753.383 442.0 
753.499 443.0 
753.151 444.0 
753.267 445.0 
753.151 446.0 
754.196 447.0 
753.847 448.0 
753.847 449.0 
756.284 450.0 
753.383 451.0 
752.919 452.0 
753.151 453.0 
752.803 454.0 
753.731 455.0 
753.383 456.0 
753.267 457.0 
753.151 458.0 
754.196 459.0 
754.08 460.0 
753.731 461.0 
753.267 462.0 
754.428 463.0 
754.08 464.0 
753.964 465.0 
754.544 466.0 
753.847 467.0 
752.687 468.0 
753.731 469.0 
753.035 470.0 
753.615 471.0 
753.499 472.0 
753.267 473.0 
753.499 474.0 
754.66 475.0 
753.499 476.0 
753.035 477.0 
753.731 478.0 
752.919 479.0 
753.615 480.0 
754.66 481.0 
753.383 482.0 
754.08 483.0 
753.151 484.0 
753.847 485.0 
753.035 486.0 
753.731 487.0 
754.08 488.0 
753.267 489.0 
753.499 490.0 
754.08 491.0 
753.499 492.0 
753.383 493.0 
753.964 494.0 
753.151 495.0 
752.803 496.0 
753.499 497.0 
754.196 498.0 
752.803 499.0 
752.803 500.0 
753.267 501.0 
753.615 502.0 
752.223 503.0 
752.687 504.0 
753.035 505.0 
753.035 506.0 
749.786 507.0 
755.704 508.0 
751.759 509.0 
752.571 510.0 
752.687 511.0 
752.803 512.0 
753.035 513.0 
753.151 514.0 
753.035 515.0 
753.151 516.0 
753.731 517.0 
751.41 518.0 
751.875 519.0 
752.339 520.0 
752.339 521.0 
752.223 522.0 
752.339 523.0 
752.571 524.0 
752.571 525.0 
752.571 526.0 
752.107 527.0 
751.294 528.0 
751.759 529.0 
751.178 530.0 
751.759 531.0 
753.035 532.0 
753.267 533.0 
752.687 534.0 
753.151 535.0 
752.571 536.0 
752.803 537.0 
751.991 538.0 
751.875 539.0 
752.223 540.0 
753.267 541.0 
753.267 542.0 
752.571 543.0 
752.687 544.0 
752.339 545.0 
751.875 546.0 
752.803 547.0 
752.571 548.0 
752.223 549.0 
751.875 550.0 
751.062 551.0 
752.919 552.0 
752.339 553.0 
751.991 554.0 
751.643 555.0 
752.687 556.0 
752.571 557.0 
751.991 558.0 
747.697 559.0 
753.035 560.0 
752.455 561.0 
751.527 562.0 
752.919 563.0 
752.339 564.0 
751.41 565.0 
753.035 566.0 
751.875 567.0 
751.294 568.0 
752.571 569.0 
751.759 570.0 
752.687 571.0 
752.107 572.0 
751.178 573.0 
752.339 574.0 
751.643 575.0 
752.803 576.0 
752.107 577.0 
752.107 578.0 
753.151 579.0 
752.803 580.0 
753.151 581.0 
752.687 582.0 
753.267 583.0 
753.035 584.0 
753.731 585.0 
753.035 586.0 
751.875 587.0 
753.035 588.0 
751.991 589.0 
753.035 590.0 
751.991 591.0 
752.455 592.0 
752.455 593.0 
752.339 594.0 
751.875 595.0 
752.339 596.0 
752.223 597.0 
752.803 598.0 
752.107 599.0 
752.919 600.0 
753.499 601.0 
752.687 602.0 
753.499 603.0 
752.223 604.0 
753.151 605.0 
751.875 606.0 
752.919 607.0 
751.643 608.0 
752.455 609.0 
753.499 610.0 
752.339 611.0 
753.151 612.0 
752.223 613.0 
752.687 614.0 
751.759 615.0 
752.455 616.0 
753.035 617.0 
751.991 618.0 
752.571 619.0 
747.465 620.0 
752.455 621.0 
752.803 622.0 
751.875 623.0 
752.339 624.0 
753.267 625.0 
751.991 626.0 
752.455 627.0 
753.035 628.0 
752.223 629.0 
752.455 630.0 
753.035 631.0 
751.759 632.0 
752.687 633.0 
753.267 634.0 
752.107 635.0 
752.339 636.0 
753.267 637.0 
751.991 638.0 
752.223 639.0 
753.151 640.0 
751.875 641.0 
752.339 642.0 
753.151 643.0 
751.643 644.0 
752.339 645.0 
752.803 646.0 
753.267 647.0 
751.643 648.0 
752.223 649.0 
752.687 650.0 
751.875 651.0 
752.107 652.0 
752.455 653.0 
753.151 654.0 
751.41 655.0 
751.991 656.0 
752.107 657.0 
753.151 658.0 
752.107 659.0 
752.571 660.0 
752.919 661.0 
753.267 662.0 
751.991 663.0 
751.991 664.0 
752.919 665.0 
753.731 666.0 
751.759 667.0 
752.223 668.0 
752.687 669.0 
753.151 670.0 
751.991 671.0 
751.875 672.0 
752.455 673.0 
752.455 674.0 
753.151 675.0 
751.991 676.0 
752.223 677.0 
752.455 678.0 
752.687 679.0 
753.151 680.0 
752.107 681.0 
751.991 682.0 
752.223 683.0 
752.687 684.0 
753.383 685.0 
753.615 686.0 
751.759 687.0 
751.875 688.0 
752.107 689.0 
752.455 690.0 
753.035 691.0 
753.731 692.0 
751.527 693.0 
751.875 694.0 
752.339 695.0 
752.339 696.0 
753.035 697.0 
753.035 698.0 
750.018 699.0 
751.759 700.0 
751.991 701.0 
752.223 702.0 
752.571 703.0 
752.687 704.0 
753.151 705.0 
753.615 706.0 
751.759 707.0 
751.991 708.0 
752.223 709.0 
752.571 710.0 
752.687 711.0 
752.455 712.0 
753.035 713.0 
753.151 714.0 
753.615 715.0 
751.643 716.0 
751.643 717.0 
752.107 718.0 
752.455 719.0 
752.571 720.0 
752.571 721.0 
752.919 722.0 
753.151 723.0 
753.151 724.0 
753.499 725.0 
751.875 726.0 
751.759 727.0 
751.991 728.0 
752.223 729.0 
752.455 730.0 
752.339 731.0 
752.571 732.0 
752.571 733.0 
752.919 734.0 
752.687 735.0 
752.687 736.0 
753.035 737.0 
753.151 738.0 
748.857 739.0 
751.643 740.0 
751.875 741.0 
752.107 742.0 
751.875 743.0 
751.991 744.0 
751.759 745.0 
751.991 746.0 
751.875 747.0 
751.643 748.0 
751.875 749.0 
751.991 750.0 
752.223 751.0 
752.339 752.0 
752.455 753.0 
752.571 754.0 
751.991 755.0 
752.339 756.0 
752.687 757.0 
752.571 758.0 
752.571 759.0 
752.803 760.0 
752.455 761.0 
752.339 762.0 
752.803 763.0 
752.455 764.0 
753.151 765.0 
753.035 766.0 
752.803 767.0 
752.571 768.0 
752.339 769.0 
753.035 770.0 
752.571 771.0 
752.687 772.0 
752.803 773.0 
752.803 774.0 
752.687 775.0 
752.455 776.0 
752.803 777.0 
752.803 778.0 
753.151 779.0 
752.571 780.0 
752.803 781.0 
752.455 782.0 
752.455 783.0 
752.455 784.0 
752.687 785.0 
752.455 786.0 
752.339 787.0 
752.571 788.0 
752.803 789.0 
752.571 790.0 
752.687 791.0 
752.455 792.0 
752.571 793.0 
752.455 794.0 
752.339 795.0 
752.455 796.0 
752.223 797.0 
752.687 798.0 
752.339 799.0 
752.571 800.0 
752.339 801.0 
752.339 802.0 
752.223 803.0 
752.339 804.0 
0.11 805.0 
0.104 806.0 
0.092 807.0 
0.075 808.0 
0.024 809.0 
-0.028 810.0 
-0.099 811.0 
-0.174 812.0 
-0.242 813.0 
-0.304 814.0 
-0.357 815.0 
-0.407 816.0 
-0.445 817.0 
-0.466 818.0 
-0.49 819.0 
-0.5 820.0 
-0.501 821.0 
-0.49 822.0 
-0.472 823.0 
-0.452 824.0 
-0.422 825.0 
-0.387 826.0 
-0.35 827.0 
-0.312 828.0 
-0.274 829.0 
