-0.055 257.0 
-0.044 258.0 
-0.04 259.0 
-0.035 260.0 
-0.035 261.0 
-0.042 262.0 
-0.048 263.0 
-0.029 264.0 
-0.014 265.0 
-0.047 266.0 
-0.031 267.0 
-0.02 268.0 
-0.022 269.0 
-0.035 270.0 
-0.052 271.0 
-0.03 272.0 
-0.037 273.0 
-0.019 274.0 
142.923 275.0 
140.003 276.0 
139.069 277.0 
137.539 278.0 
135.775 279.0 
133.615 280.0 
131.793 281.0 
129.632 282.0 
125.649 283.0 
124.143 284.0 
123.769 285.0 
123.512 286.0 
123.302 287.0 
123.033 288.0 
122.776 289.0 
122.18 290.0 
122.064 291.0 
121.877 292.0 
121.608 293.0 
121.386 294.0 
121.036 295.0 
120.896 296.0 
120.849 297.0 
120.312 298.0 
120.148 299.0 
120.09 300.0 
119.564 301.0 
119.494 302.0 
119.004 303.0 
118.863 304.0 
118.922 305.0 
118.069 306.0 
116.878 307.0 
114.659 308.0 
112.124 309.0 
108.726 310.0 
105.28 311.0 
101.075 312.0 
97.023 313.0 
92.701 314.0 
88.543 315.0 
84.198 316.0 
80.344 317.0 
77.097 318.0 
76.922 319.0 
76.758 320.0 
76.618 321.0 
76.665 322.0 
76.536 323.0 
76.583 324.0 
76.548 325.0 
76.455 326.0 
76.56 327.0 
76.443 328.0 
76.758 329.0 
76.595 330.0 
76.478 331.0 
76.7 332.0 
76.583 333.0 
76.478 334.0 
76.49 335.0 
76.572 336.0 
76.536 337.0 
76.42 338.0 
76.653 339.0 
76.501 340.0 
76.501 341.0 
76.478 342.0 
76.712 343.0 
76.478 344.0 
76.513 345.0 
76.501 346.0 
76.431 347.0 
76.513 348.0 
76.536 349.0 
76.525 350.0 
76.513 351.0 
76.525 352.0 
76.466 353.0 
76.431 354.0 
76.607 355.0 
76.525 356.0 
76.572 357.0 
76.525 358.0 
76.548 359.0 
76.513 360.0 
76.536 361.0 
76.49 362.0 
76.525 363.0 
76.478 364.0 
76.466 365.0 
76.501 366.0 
76.536 367.0 
76.466 368.0 
76.49 369.0 
76.49 370.0 
76.525 371.0 
76.513 372.0 
76.525 373.0 
76.548 374.0 
76.56 375.0 
76.84 376.0 
76.361 377.0 
76.49 378.0 
76.513 379.0 
76.478 380.0 
76.49 381.0 
76.583 382.0 
76.478 383.0 
76.478 384.0 
76.49 385.0 
76.583 386.0 
76.478 387.0 
76.42 388.0 
76.49 389.0 
76.536 390.0 
76.478 391.0 
76.501 392.0 
76.56 393.0 
76.42 394.0 
76.513 395.0 
76.618 396.0 
76.431 397.0 
76.525 398.0 
76.361 399.0 
76.443 400.0 
76.548 401.0 
76.536 402.0 
76.572 403.0 
76.536 404.0 
76.501 405.0 
76.396 406.0 
76.513 407.0 
76.478 408.0 
76.501 409.0 
76.42 410.0 
76.501 411.0 
76.56 412.0 
76.957 413.0 
76.548 414.0 
76.455 415.0 
76.513 416.0 
76.443 417.0 
76.525 418.0 
76.513 419.0 
76.42 420.0 
76.525 421.0 
76.525 422.0 
76.548 423.0 
76.455 424.0 
76.478 425.0 
76.525 426.0 
76.536 427.0 
76.466 428.0 
76.501 429.0 
76.455 430.0 
76.513 431.0 
76.56 432.0 
76.536 433.0 
76.431 434.0 
76.42 435.0 
76.49 436.0 
76.548 437.0 
76.443 438.0 
76.408 439.0 
76.455 440.0 
76.501 441.0 
76.49 442.0 
76.478 443.0 
76.455 444.0 
76.443 445.0 
76.455 446.0 
76.536 447.0 
76.513 448.0 
76.525 449.0 
76.875 450.0 
76.455 451.0 
76.466 452.0 
76.431 453.0 
76.443 454.0 
76.513 455.0 
76.396 456.0 
76.455 457.0 
76.431 458.0 
76.501 459.0 
76.548 460.0 
76.49 461.0 
76.455 462.0 
76.572 463.0 
76.513 464.0 
76.49 465.0 
76.56 466.0 
76.501 467.0 
76.408 468.0 
76.49 469.0 
76.478 470.0 
76.466 471.0 
76.49 472.0 
76.455 473.0 
76.478 474.0 
76.525 475.0 
76.466 476.0 
76.408 477.0 
76.455 478.0 
76.408 479.0 
76.49 480.0 
76.56 481.0 
76.49 482.0 
76.572 483.0 
76.431 484.0 
76.478 485.0 
76.466 486.0 
76.373 487.0 
76.536 488.0 
76.478 489.0 
76.466 490.0 
76.525 491.0 
76.49 492.0 
76.455 493.0 
76.501 494.0 
76.455 495.0 
76.408 496.0 
76.49 497.0 
76.525 498.0 
76.396 499.0 
76.396 500.0 
76.478 501.0 
76.501 502.0 
76.408 503.0 
76.431 504.0 
76.478 505.0 
76.466 506.0 
76.49 507.0 
76.642 508.0 
76.396 509.0 
76.396 510.0 
76.42 511.0 
76.478 512.0 
76.42 513.0 
76.478 514.0 
76.49 515.0 
76.478 516.0 
76.49 517.0 
76.291 518.0 
76.35 519.0 
76.373 520.0 
76.361 521.0 
76.361 522.0 
76.396 523.0 
76.373 524.0 
76.35 525.0 
76.373 526.0 
76.373 527.0 
76.291 528.0 
76.326 529.0 
76.326 530.0 
76.28 531.0 
76.431 532.0 
76.385 533.0 
76.35 534.0 
76.361 535.0 
76.315 536.0 
76.315 537.0 
76.291 538.0 
76.186 539.0 
76.174 540.0 
76.291 541.0 
76.268 542.0 
76.198 543.0 
76.128 544.0 
76.128 545.0 
76.069 546.0 
76.174 547.0 
76.139 548.0 
76.093 549.0 
76.034 550.0 
75.964 551.0 
76.093 552.0 
76.069 553.0 
75.999 554.0 
76.023 555.0 
76.116 556.0 
76.046 557.0 
76.011 558.0 
75.544 559.0 
76.046 560.0 
76.011 561.0 
75.953 562.0 
76.093 563.0 
76.011 564.0 
75.906 565.0 
76.081 566.0 
76.116 567.0 
75.941 568.0 
76.058 569.0 
76.011 570.0 
76.093 571.0 
75.999 572.0 
75.953 573.0 
76.046 574.0 
75.976 575.0 
76.116 576.0 
75.999 577.0 
76.011 578.0 
76.116 579.0 
76.046 580.0 
76.093 581.0 
76.046 582.0 
76.069 583.0 
76.069 584.0 
76.186 585.0 
76.093 586.0 
76.023 587.0 
76.081 588.0 
76.034 589.0 
76.104 590.0 
75.999 591.0 
76.034 592.0 
76.011 593.0 
76.034 594.0 
75.988 595.0 
76.046 596.0 
75.999 597.0 
76.046 598.0 
75.988 599.0 
76.046 600.0 
76.151 601.0 
76.081 602.0 
76.116 603.0 
76.046 604.0 
76.128 605.0 
76.023 606.0 
76.093 607.0 
76.023 608.0 
76.034 609.0 
76.163 610.0 
76.034 611.0 
76.163 612.0 
76.011 613.0 
76.081 614.0 
75.976 615.0 
76.034 616.0 
76.116 617.0 
75.976 618.0 
76.069 619.0 
75.637 620.0 
76.034 621.0 
76.069 622.0 
76.011 623.0 
76.011 624.0 
76.139 625.0 
75.999 626.0 
76.081 627.0 
76.128 628.0 
76.034 629.0 
76.046 630.0 
76.163 631.0 
75.976 632.0 
76.081 633.0 
76.128 634.0 
76.011 635.0 
76.069 636.0 
76.151 637.0 
75.988 638.0 
76.069 639.0 
76.104 640.0 
75.964 641.0 
76.058 642.0 
76.093 643.0 
75.953 644.0 
76.023 645.0 
76.058 646.0 
76.151 647.0 
76.011 648.0 
76.011 649.0 
76.093 650.0 
75.976 651.0 
76.023 652.0 
76.069 653.0 
76.104 654.0 
75.964 655.0 
76.011 656.0 
76.011 657.0 
76.116 658.0 
75.999 659.0 
76.034 660.0 
76.081 661.0 
76.163 662.0 
75.929 663.0 
76.058 664.0 
76.104 665.0 
76.128 666.0 
75.999 667.0 
76.046 668.0 
76.081 669.0 
76.116 670.0 
75.999 671.0 
76.011 672.0 
76.023 673.0 
76.069 674.0 
76.093 675.0 
75.988 676.0 
75.999 677.0 
76.011 678.0 
76.023 679.0 
76.093 680.0 
75.964 681.0 
75.976 682.0 
76.046 683.0 
76.081 684.0 
76.139 685.0 
76.139 686.0 
75.988 687.0 
76.011 688.0 
76.069 689.0 
76.081 690.0 
76.104 691.0 
76.116 692.0 
75.964 693.0 
75.999 694.0 
76.034 695.0 
76.058 696.0 
76.081 697.0 
76.081 698.0 
75.625 699.0 
75.988 700.0 
75.999 701.0 
76.023 702.0 
76.046 703.0 
76.034 704.0 
76.104 705.0 
76.128 706.0 
75.964 707.0 
76.011 708.0 
76.011 709.0 
76.034 710.0 
76.034 711.0 
76.093 712.0 
76.104 713.0 
76.139 714.0 
76.104 715.0 
75.953 716.0 
75.999 717.0 
75.988 718.0 
76.023 719.0 
76.058 720.0 
76.046 721.0 
76.093 722.0 
76.104 723.0 
76.093 724.0 
76.128 725.0 
75.964 726.0 
75.929 727.0 
75.999 728.0 
76.011 729.0 
76.023 730.0 
76.023 731.0 
76.034 732.0 
76.034 733.0 
76.093 734.0 
76.081 735.0 
76.081 736.0 
76.104 737.0 
76.151 738.0 
76.128 739.0 
75.953 740.0 
75.953 741.0 
75.941 742.0 
75.988 743.0 
75.976 744.0 
75.976 745.0 
75.964 746.0 
75.999 747.0 
75.988 748.0 
75.999 749.0 
75.999 750.0 
76.011 751.0 
76.034 752.0 
76.069 753.0 
76.011 754.0 
76.034 755.0 
76.023 756.0 
76.058 757.0 
76.046 758.0 
76.069 759.0 
76.046 760.0 
76.046 761.0 
76.069 762.0 
76.081 763.0 
76.093 764.0 
76.069 765.0 
76.069 766.0 
76.046 767.0 
76.069 768.0 
76.093 769.0 
76.069 770.0 
76.093 771.0 
76.058 772.0 
76.046 773.0 
76.104 774.0 
76.023 775.0 
76.069 776.0 
76.081 777.0 
76.081 778.0 
76.034 779.0 
76.069 780.0 
76.046 781.0 
76.058 782.0 
76.081 783.0 
76.058 784.0 
76.069 785.0 
76.069 786.0 
76.046 787.0 
76.058 788.0 
76.058 789.0 
76.058 790.0 
76.069 791.0 
76.034 792.0 
76.058 793.0 
76.058 794.0 
76.069 795.0 
76.069 796.0 
76.046 797.0 
76.046 798.0 
76.023 799.0 
76.069 800.0 
76.046 801.0 
76.058 802.0 
76.069 803.0 
76.058 804.0 
0.013 805.0 
0.012 806.0 
0.006 807.0 
-0.006 808.0 
-0.004 809.0 
-0.011 810.0 
-0.008 811.0 
-0.038 812.0 
-0.041 813.0 
-0.038 814.0 
-0.04 815.0 
-0.044 816.0 
-0.058 817.0 
-0.058 818.0 
-0.059 819.0 
-0.058 820.0 
-0.067 821.0 
-0.06 822.0 
-0.052 823.0 
-0.05 824.0 
-0.044 825.0 
-0.041 826.0 
-0.046 827.0 
-0.04 828.0 
-0.032 829.0 
