-0.044 257.0 
-0.034 258.0 
-0.068 259.0 
-0.055 260.0 
-0.043 261.0 
-0.032 262.0 
-0.028 263.0 
-0.035 264.0 
-0.029 265.0 
-0.05 266.0 
-0.04 267.0 
-0.056 268.0 
-0.017 269.0 
-0.047 270.0 
-0.054 271.0 
-0.03 272.0 
-0.034 273.0 
-0.048 274.0 
150.071 275.0 
147.07 276.0 
145.878 277.0 
144.278 278.0 
142.456 279.0 
140.272 280.0 
137.259 281.0 
135.682 282.0 
132.996 283.0 
131.618 284.0 
131.197 285.0 
130.765 286.0 
130.531 287.0 
130.239 288.0 
129.947 289.0 
129.165 290.0 
129.001 291.0 
128.744 292.0 
128.522 293.0 
127.973 294.0 
127.833 295.0 
127.635 296.0 
127.752 297.0 
126.969 298.0 
126.724 299.0 
126.268 300.0 
125.976 301.0 
125.871 302.0 
125.299 303.0 
125.24 304.0 
124.843 305.0 
124.435 306.0 
123.255 307.0 
120.942 308.0 
117.952 309.0 
114.051 310.0 
110.162 311.0 
105.771 312.0 
101.601 313.0 
96.894 314.0 
92.783 315.0 
88.718 316.0 
85.261 317.0 
82.505 318.0 
82.353 319.0 
82.096 320.0 
81.932 321.0 
81.968 322.0 
81.862 323.0 
81.862 324.0 
81.851 325.0 
81.711 326.0 
81.839 327.0 
81.687 328.0 
81.792 329.0 
81.804 330.0 
81.757 331.0 
81.804 332.0 
81.851 333.0 
81.781 334.0 
81.711 335.0 
81.851 336.0 
81.862 337.0 
81.746 338.0 
81.839 339.0 
81.792 340.0 
81.804 341.0 
81.757 342.0 
81.792 343.0 
81.804 344.0 
81.769 345.0 
81.746 346.0 
81.734 347.0 
81.722 348.0 
81.839 349.0 
81.816 350.0 
81.757 351.0 
81.816 352.0 
81.746 353.0 
81.711 354.0 
81.722 355.0 
81.827 356.0 
81.851 357.0 
81.781 358.0 
81.862 359.0 
81.769 360.0 
81.827 361.0 
81.781 362.0 
81.804 363.0 
81.734 364.0 
81.769 365.0 
81.781 366.0 
81.816 367.0 
81.711 368.0 
81.757 369.0 
81.781 370.0 
81.781 371.0 
81.804 372.0 
81.816 373.0 
81.792 374.0 
81.886 375.0 
81.909 376.0 
81.757 377.0 
81.781 378.0 
81.769 379.0 
81.757 380.0 
81.757 381.0 
81.816 382.0 
81.792 383.0 
81.792 384.0 
81.734 385.0 
81.851 386.0 
81.734 387.0 
81.676 388.0 
81.816 389.0 
81.932 390.0 
81.792 391.0 
81.781 392.0 
81.839 393.0 
81.699 394.0 
81.816 395.0 
81.897 396.0 
81.769 397.0 
81.839 398.0 
81.664 399.0 
81.746 400.0 
81.839 401.0 
81.816 402.0 
81.909 403.0 
81.839 404.0 
81.757 405.0 
81.711 406.0 
81.781 407.0 
81.734 408.0 
81.792 409.0 
81.676 410.0 
81.757 411.0 
81.827 412.0 
81.991 413.0 
81.781 414.0 
81.781 415.0 
81.816 416.0 
81.781 417.0 
81.827 418.0 
81.827 419.0 
81.722 420.0 
81.746 421.0 
81.792 422.0 
81.851 423.0 
81.757 424.0 
81.769 425.0 
81.781 426.0 
81.816 427.0 
81.722 428.0 
81.781 429.0 
81.757 430.0 
81.781 431.0 
81.816 432.0 
81.827 433.0 
81.711 434.0 
81.769 435.0 
81.746 436.0 
81.792 437.0 
81.746 438.0 
81.734 439.0 
81.699 440.0 
81.734 441.0 
81.734 442.0 
81.792 443.0 
81.757 444.0 
81.722 445.0 
81.699 446.0 
81.827 447.0 
81.839 448.0 
82.096 449.0 
81.851 450.0 
81.757 451.0 
81.769 452.0 
81.746 453.0 
81.687 454.0 
81.827 455.0 
81.547 456.0 
81.757 457.0 
81.699 458.0 
81.816 459.0 
81.851 460.0 
81.792 461.0 
81.757 462.0 
81.851 463.0 
81.757 464.0 
81.781 465.0 
81.839 466.0 
81.769 467.0 
81.687 468.0 
81.816 469.0 
81.722 470.0 
81.699 471.0 
81.781 472.0 
81.652 473.0 
81.769 474.0 
81.862 475.0 
81.792 476.0 
81.699 477.0 
81.781 478.0 
81.699 479.0 
81.804 480.0 
81.851 481.0 
81.792 482.0 
81.862 483.0 
81.722 484.0 
81.769 485.0 
81.699 486.0 
81.769 487.0 
81.839 488.0 
81.722 489.0 
81.687 490.0 
81.804 491.0 
81.722 492.0 
81.699 493.0 
81.792 494.0 
81.711 495.0 
81.734 496.0 
81.781 497.0 
81.816 498.0 
81.722 499.0 
81.757 500.0 
81.711 501.0 
81.816 502.0 
81.687 503.0 
81.699 504.0 
81.746 505.0 
81.769 506.0 
81.652 507.0 
81.722 508.0 
81.652 509.0 
81.617 510.0 
81.711 511.0 
81.734 512.0 
81.734 513.0 
81.255 514.0 
82.038 515.0 
81.711 516.0 
81.956 517.0 
81.617 518.0 
81.664 519.0 
81.676 520.0 
81.664 521.0 
81.687 522.0 
81.699 523.0 
81.664 524.0 
81.664 525.0 
81.64 526.0 
81.594 527.0 
81.594 528.0 
81.617 529.0 
81.57 530.0 
81.559 531.0 
81.711 532.0 
82.049 533.0 
81.64 534.0 
81.629 535.0 
81.617 536.0 
81.57 537.0 
81.454 538.0 
81.454 539.0 
81.43 540.0 
81.547 541.0 
81.489 542.0 
81.419 543.0 
81.419 544.0 
81.302 545.0 
81.267 546.0 
81.419 547.0 
81.325 548.0 
81.278 549.0 
81.243 550.0 
81.197 551.0 
81.313 552.0 
81.255 553.0 
81.22 554.0 
81.197 555.0 
81.325 556.0 
81.302 557.0 
81.22 558.0 
81.092 559.0 
81.29 560.0 
81.243 561.0 
81.173 562.0 
81.302 563.0 
81.22 564.0 
81.185 565.0 
81.29 566.0 
81.22 567.0 
81.173 568.0 
81.255 569.0 
81.22 570.0 
81.325 571.0 
81.243 572.0 
81.162 573.0 
81.267 574.0 
81.208 575.0 
81.617 576.0 
81.267 577.0 
81.243 578.0 
81.348 579.0 
81.278 580.0 
81.384 581.0 
81.325 582.0 
81.395 583.0 
81.302 584.0 
81.092 585.0 
81.29 586.0 
81.185 587.0 
81.302 588.0 
81.197 589.0 
81.302 590.0 
81.208 591.0 
81.325 592.0 
81.232 593.0 
81.325 594.0 
81.22 595.0 
81.325 596.0 
81.208 597.0 
81.278 598.0 
81.232 599.0 
81.243 600.0 
81.407 601.0 
81.22 602.0 
81.348 603.0 
81.255 604.0 
81.313 605.0 
81.197 606.0 
81.313 607.0 
81.173 608.0 
81.255 609.0 
80.134 610.0 
81.255 611.0 
81.313 612.0 
81.232 613.0 
81.197 614.0 
81.22 615.0 
81.22 616.0 
81.325 617.0 
81.208 618.0 
81.302 619.0 
81.138 620.0 
81.255 621.0 
81.36 622.0 
81.232 623.0 
81.267 624.0 
81.302 625.0 
81.185 626.0 
81.29 627.0 
81.313 628.0 
81.208 629.0 
81.278 630.0 
81.348 631.0 
81.243 632.0 
81.302 633.0 
81.547 634.0 
81.232 635.0 
81.313 636.0 
81.384 637.0 
81.243 638.0 
81.185 639.0 
81.348 640.0 
81.208 641.0 
81.267 642.0 
81.313 643.0 
81.208 644.0 
81.232 645.0 
81.29 646.0 
81.313 647.0 
81.208 648.0 
81.267 649.0 
81.325 650.0 
81.185 651.0 
81.22 652.0 
81.29 653.0 
81.337 654.0 
81.162 655.0 
81.232 656.0 
81.302 657.0 
81.337 658.0 
81.232 659.0 
81.255 660.0 
81.313 661.0 
81.337 662.0 
81.232 663.0 
81.278 664.0 
81.302 665.0 
81.348 666.0 
81.22 667.0 
81.243 668.0 
81.29 669.0 
81.348 670.0 
81.15 671.0 
81.243 672.0 
81.267 673.0 
81.278 674.0 
81.313 675.0 
81.185 676.0 
81.255 677.0 
81.278 678.0 
81.313 679.0 
81.337 680.0 
81.197 681.0 
81.232 682.0 
81.29 683.0 
81.302 684.0 
81.313 685.0 
81.36 686.0 
81.173 687.0 
81.232 688.0 
81.255 689.0 
81.337 690.0 
81.337 691.0 
81.29 692.0 
81.208 693.0 
81.197 694.0 
81.255 695.0 
81.267 696.0 
81.278 697.0 
81.348 698.0 
81.15 699.0 
81.208 700.0 
81.22 701.0 
81.243 702.0 
81.267 703.0 
81.313 704.0 
81.325 705.0 
81.313 706.0 
81.185 707.0 
81.197 708.0 
81.208 709.0 
81.243 710.0 
81.255 711.0 
81.325 712.0 
81.267 713.0 
81.348 714.0 
81.162 715.0 
81.197 716.0 
81.208 717.0 
81.22 718.0 
81.232 719.0 
81.267 720.0 
81.29 721.0 
81.29 722.0 
81.313 723.0 
81.337 724.0 
81.372 725.0 
81.15 726.0 
81.197 727.0 
81.197 728.0 
81.22 729.0 
81.255 730.0 
81.243 731.0 
81.255 732.0 
81.278 733.0 
81.302 734.0 
81.325 735.0 
81.337 736.0 
81.313 737.0 
81.348 738.0 
81.173 739.0 
81.185 740.0 
81.173 741.0 
81.197 742.0 
81.173 743.0 
81.185 744.0 
81.197 745.0 
81.208 746.0 
81.185 747.0 
81.243 748.0 
81.22 749.0 
81.232 750.0 
81.255 751.0 
81.232 752.0 
81.22 753.0 
81.278 754.0 
81.255 755.0 
81.29 756.0 
81.255 757.0 
81.267 758.0 
81.278 759.0 
81.29 760.0 
81.278 761.0 
81.29 762.0 
81.255 763.0 
81.302 764.0 
81.255 765.0 
81.278 766.0 
81.267 767.0 
81.232 768.0 
81.267 769.0 
81.313 770.0 
81.278 771.0 
81.255 772.0 
81.267 773.0 
81.243 774.0 
81.278 775.0 
81.243 776.0 
81.278 777.0 
81.29 778.0 
81.267 779.0 
81.29 780.0 
81.243 781.0 
81.267 782.0 
81.267 783.0 
81.302 784.0 
81.267 785.0 
81.255 786.0 
81.29 787.0 
81.267 788.0 
81.278 789.0 
81.267 790.0 
81.278 791.0 
81.325 792.0 
81.278 793.0 
81.313 794.0 
81.255 795.0 
81.267 796.0 
81.278 797.0 
81.278 798.0 
81.267 799.0 
81.278 800.0 
81.255 801.0 
81.255 802.0 
81.267 803.0 
81.278 804.0 
0.0 805.0 
-0.001 806.0 
0.005 807.0 
0.01 808.0 
-0.008 809.0 
-0.016 810.0 
-0.025 811.0 
-0.032 812.0 
-0.042 813.0 
-0.043 814.0 
-0.046 815.0 
-0.054 816.0 
-0.049 817.0 
-0.065 818.0 
-0.066 819.0 
-0.069 820.0 
-0.06 821.0 
-0.05 822.0 
-0.052 823.0 
-0.052 824.0 
-0.049 825.0 
-0.053 826.0 
-0.048 827.0 
-0.04 828.0 
-0.04 829.0 
