-0.031 257.0 
-0.029 258.0 
-0.083 259.0 
-0.026 260.0 
-0.041 261.0 
-0.014 262.0 
-0.037 263.0 
-0.03 264.0 
-0.011 265.0 
-0.03 266.0 
-0.019 267.0 
-0.029 268.0 
-0.041 269.0 
-0.047 270.0 
-0.036 271.0 
-0.023 272.0 
-0.04 273.0 
-0.031 274.0 
143.461 275.0 
140.517 276.0 
139.676 277.0 
138.392 278.0 
136.932 279.0 
134.9 280.0 
133.089 281.0 
130.952 282.0 
127.553 283.0 
126.163 284.0 
125.778 285.0 
125.497 286.0 
125.334 287.0 
125.089 288.0 
124.832 289.0 
124.586 290.0 
124.084 291.0 
123.851 292.0 
123.675 293.0 
123.582 294.0 
123.056 295.0 
122.881 296.0 
122.834 297.0 
122.356 298.0 
122.122 299.0 
122.075 300.0 
121.526 301.0 
121.503 302.0 
120.989 303.0 
120.896 304.0 
120.756 305.0 
120.148 306.0 
119.05 307.0 
116.936 308.0 
114.437 309.0 
110.886 310.0 
107.429 311.0 
103.341 312.0 
99.499 313.0 
95.177 314.0 
90.832 315.0 
86.476 316.0 
82.61 317.0 
79.375 318.0 
79.258 319.0 
79.036 320.0 
78.744 321.0 
78.919 322.0 
78.802 323.0 
78.872 324.0 
78.802 325.0 
78.697 326.0 
78.791 327.0 
78.744 328.0 
78.919 329.0 
78.861 330.0 
78.732 331.0 
79.106 332.0 
78.861 333.0 
78.767 334.0 
78.709 335.0 
78.849 336.0 
78.849 337.0 
78.732 338.0 
78.884 339.0 
78.779 340.0 
78.779 341.0 
78.756 342.0 
78.288 343.0 
78.779 344.0 
78.744 345.0 
78.709 346.0 
78.709 347.0 
78.779 348.0 
78.791 349.0 
78.779 350.0 
78.721 351.0 
78.791 352.0 
78.744 353.0 
78.65 354.0 
78.861 355.0 
78.814 356.0 
78.826 357.0 
78.779 358.0 
78.837 359.0 
78.756 360.0 
78.826 361.0 
78.779 362.0 
78.791 363.0 
78.709 364.0 
78.721 365.0 
78.767 366.0 
78.791 367.0 
78.744 368.0 
78.756 369.0 
78.744 370.0 
78.767 371.0 
78.791 372.0 
78.791 373.0 
78.826 374.0 
78.837 375.0 
79.118 376.0 
78.697 377.0 
78.779 378.0 
78.756 379.0 
78.732 380.0 
78.767 381.0 
78.849 382.0 
78.756 383.0 
78.732 384.0 
78.744 385.0 
78.802 386.0 
78.721 387.0 
78.721 388.0 
78.767 389.0 
78.767 390.0 
78.767 391.0 
78.732 392.0 
78.826 393.0 
78.697 394.0 
78.802 395.0 
78.872 396.0 
78.732 397.0 
78.837 398.0 
78.756 399.0 
78.721 400.0 
78.837 401.0 
78.791 402.0 
78.884 403.0 
78.779 404.0 
78.732 405.0 
78.662 406.0 
78.779 407.0 
78.697 408.0 
78.767 409.0 
78.697 410.0 
78.756 411.0 
78.837 412.0 
79.188 413.0 
78.814 414.0 
78.732 415.0 
78.814 416.0 
78.732 417.0 
78.896 418.0 
78.802 419.0 
78.721 420.0 
78.767 421.0 
78.802 422.0 
78.826 423.0 
78.732 424.0 
78.744 425.0 
78.767 426.0 
78.814 427.0 
78.709 428.0 
78.721 429.0 
78.721 430.0 
78.791 431.0 
78.779 432.0 
78.826 433.0 
78.697 434.0 
78.709 435.0 
78.791 436.0 
78.861 437.0 
78.721 438.0 
78.779 439.0 
78.744 440.0 
78.744 441.0 
78.709 442.0 
78.756 443.0 
78.756 444.0 
78.721 445.0 
78.65 446.0 
78.826 447.0 
78.814 448.0 
78.802 449.0 
79.083 450.0 
78.756 451.0 
78.721 452.0 
78.709 453.0 
78.674 454.0 
78.791 455.0 
78.779 456.0 
78.744 457.0 
78.721 458.0 
78.767 459.0 
78.814 460.0 
78.732 461.0 
78.732 462.0 
78.837 463.0 
78.756 464.0 
78.814 465.0 
78.791 466.0 
78.756 467.0 
78.686 468.0 
78.802 469.0 
78.721 470.0 
78.767 471.0 
78.756 472.0 
78.802 473.0 
78.732 474.0 
78.802 475.0 
78.779 476.0 
78.697 477.0 
78.744 478.0 
78.662 479.0 
78.767 480.0 
78.861 481.0 
78.744 482.0 
78.826 483.0 
78.721 484.0 
78.791 485.0 
78.662 486.0 
78.709 487.0 
78.826 488.0 
78.756 489.0 
78.721 490.0 
78.779 491.0 
78.767 492.0 
78.744 493.0 
78.779 494.0 
78.744 495.0 
78.662 496.0 
78.791 497.0 
78.814 498.0 
78.662 499.0 
78.686 500.0 
78.756 501.0 
78.791 502.0 
78.674 503.0 
78.674 504.0 
78.709 505.0 
78.721 506.0 
78.756 507.0 
78.814 508.0 
78.65 509.0 
78.662 510.0 
78.709 511.0 
78.744 512.0 
78.709 513.0 
78.744 514.0 
78.791 515.0 
78.756 516.0 
78.791 517.0 
78.639 518.0 
78.58 519.0 
78.627 520.0 
78.65 521.0 
78.639 522.0 
78.674 523.0 
78.65 524.0 
78.627 525.0 
78.627 526.0 
78.615 527.0 
78.557 528.0 
78.545 529.0 
78.51 530.0 
78.557 531.0 
78.697 532.0 
78.639 533.0 
78.58 534.0 
78.604 535.0 
78.545 536.0 
78.499 537.0 
78.464 538.0 
78.37 539.0 
78.382 540.0 
78.452 541.0 
78.394 542.0 
78.382 543.0 
78.335 544.0 
78.23 545.0 
78.218 546.0 
78.323 547.0 
78.3 548.0 
78.195 549.0 
78.183 550.0 
78.16 551.0 
78.23 552.0 
78.183 553.0 
78.102 554.0 
78.125 555.0 
78.277 556.0 
78.195 557.0 
78.172 558.0 
78.288 559.0 
78.218 560.0 
78.137 561.0 
78.09 562.0 
78.242 563.0 
78.172 564.0 
78.02 565.0 
78.183 566.0 
78.335 567.0 
78.055 568.0 
78.16 569.0 
78.137 570.0 
78.218 571.0 
78.148 572.0 
78.102 573.0 
78.137 574.0 
78.102 575.0 
78.253 576.0 
78.16 577.0 
78.195 578.0 
78.253 579.0 
78.195 580.0 
78.253 581.0 
78.23 582.0 
78.277 583.0 
78.195 584.0 
78.288 585.0 
78.23 586.0 
78.16 587.0 
78.207 588.0 
78.16 589.0 
78.218 590.0 
78.16 591.0 
78.218 592.0 
78.16 593.0 
78.207 594.0 
78.137 595.0 
78.253 596.0 
78.148 597.0 
78.242 598.0 
78.148 599.0 
78.218 600.0 
78.3 601.0 
78.218 602.0 
78.3 603.0 
78.23 604.0 
78.218 605.0 
78.172 606.0 
78.242 607.0 
78.125 608.0 
78.218 609.0 
78.277 610.0 
78.183 611.0 
78.277 612.0 
78.125 613.0 
78.23 614.0 
78.148 615.0 
78.218 616.0 
78.3 617.0 
78.137 618.0 
78.218 619.0 
77.763 620.0 
78.207 621.0 
78.218 622.0 
78.137 623.0 
78.183 624.0 
78.277 625.0 
78.148 626.0 
78.23 627.0 
78.242 628.0 
78.137 629.0 
78.23 630.0 
78.277 631.0 
78.102 632.0 
78.195 633.0 
78.277 634.0 
78.148 635.0 
78.242 636.0 
78.265 637.0 
78.16 638.0 
78.218 639.0 
78.253 640.0 
78.137 641.0 
78.207 642.0 
78.253 643.0 
78.113 644.0 
78.16 645.0 
78.207 646.0 
78.253 647.0 
78.137 648.0 
78.16 649.0 
78.23 650.0 
78.125 651.0 
78.148 652.0 
78.207 653.0 
78.253 654.0 
78.125 655.0 
78.172 656.0 
78.195 657.0 
78.277 658.0 
78.16 659.0 
78.207 660.0 
78.242 661.0 
78.3 662.0 
78.102 663.0 
78.183 664.0 
78.242 665.0 
78.265 666.0 
78.113 667.0 
78.183 668.0 
78.242 669.0 
78.242 670.0 
78.137 671.0 
78.16 672.0 
78.183 673.0 
78.218 674.0 
78.265 675.0 
78.16 676.0 
78.172 677.0 
78.183 678.0 
78.148 679.0 
78.277 680.0 
78.09 681.0 
78.148 682.0 
78.195 683.0 
78.23 684.0 
78.253 685.0 
78.265 686.0 
78.113 687.0 
78.183 688.0 
78.172 689.0 
78.207 690.0 
78.242 691.0 
78.277 692.0 
78.102 693.0 
78.16 694.0 
78.172 695.0 
78.218 696.0 
78.253 697.0 
78.207 698.0 
77.88 699.0 
78.125 700.0 
78.148 701.0 
78.183 702.0 
78.183 703.0 
78.16 704.0 
78.253 705.0 
78.253 706.0 
78.113 707.0 
78.148 708.0 
78.137 709.0 
78.16 710.0 
78.195 711.0 
78.207 712.0 
78.218 713.0 
78.253 714.0 
78.323 715.0 
78.125 716.0 
78.137 717.0 
78.172 718.0 
78.16 719.0 
78.195 720.0 
78.23 721.0 
78.265 722.0 
78.277 723.0 
78.253 724.0 
78.277 725.0 
78.113 726.0 
78.043 727.0 
78.113 728.0 
78.125 729.0 
78.16 730.0 
78.183 731.0 
78.23 732.0 
78.218 733.0 
78.207 734.0 
78.265 735.0 
78.253 736.0 
78.277 737.0 
78.265 738.0 
77.856 739.0 
78.067 740.0 
78.125 741.0 
78.125 742.0 
78.137 743.0 
78.137 744.0 
78.137 745.0 
78.125 746.0 
78.113 747.0 
78.148 748.0 
78.137 749.0 
78.172 750.0 
78.16 751.0 
78.172 752.0 
78.183 753.0 
78.183 754.0 
78.183 755.0 
78.183 756.0 
78.207 757.0 
78.207 758.0 
78.218 759.0 
78.195 760.0 
78.23 761.0 
78.195 762.0 
78.207 763.0 
78.218 764.0 
78.183 765.0 
78.218 766.0 
78.207 767.0 
78.207 768.0 
78.207 769.0 
78.218 770.0 
78.218 771.0 
78.218 772.0 
78.183 773.0 
78.218 774.0 
78.242 775.0 
78.242 776.0 
78.195 777.0 
78.195 778.0 
78.218 779.0 
78.218 780.0 
78.195 781.0 
78.172 782.0 
78.218 783.0 
78.207 784.0 
78.207 785.0 
78.218 786.0 
78.183 787.0 
78.207 788.0 
78.183 789.0 
78.23 790.0 
78.172 791.0 
78.16 792.0 
78.195 793.0 
78.23 794.0 
78.218 795.0 
78.242 796.0 
78.207 797.0 
78.242 798.0 
78.218 799.0 
78.218 800.0 
78.195 801.0 
78.23 802.0 
78.242 803.0 
78.218 804.0 
0.005 805.0 
0.001 806.0 
0.011 807.0 
0.013 808.0 
-0.006 809.0 
-0.011 810.0 
-0.019 811.0 
-0.019 812.0 
-0.02 813.0 
-0.026 814.0 
-0.032 815.0 
-0.034 816.0 
-0.04 817.0 
-0.042 818.0 
-0.047 819.0 
-0.049 820.0 
-0.05 821.0 
-0.043 822.0 
-0.046 823.0 
-0.047 824.0 
-0.055 825.0 
-0.044 826.0 
-0.044 827.0 
-0.041 828.0 
-0.043 829.0 
