-0.023 257.0 
-0.016 258.0 
-0.028 259.0 
-0.018 260.0 
-0.029 261.0 
-0.042 262.0 
-0.029 263.0 
-0.053 264.0 
-0.02 265.0 
-0.017 266.0 
-0.023 267.0 
-0.052 268.0 
-0.02 269.0 
-0.036 270.0 
-0.02 271.0 
-0.036 272.0 
-0.029 273.0 
-0.008 274.0 
143.834 275.0 
139.957 276.0 
138.929 277.0 
137.574 278.0 
136.091 279.0 
134.187 280.0 
132.669 281.0 
130.695 282.0 
127.985 283.0 
127.027 284.0 
126.689 285.0 
126.408 286.0 
126.222 287.0 
125.871 288.0 
125.603 289.0 
125.673 290.0 
124.867 291.0 
124.645 292.0 
124.411 293.0 
124.4 294.0 
123.862 295.0 
123.71 296.0 
123.617 297.0 
123.162 298.0 
122.986 299.0 
122.905 300.0 
122.344 301.0 
122.262 302.0 
121.725 303.0 
121.655 304.0 
121.573 305.0 
120.919 306.0 
119.669 307.0 
117.368 308.0 
114.787 309.0 
111.061 310.0 
107.137 311.0 
102.886 312.0 
98.856 313.0 
94.558 314.0 
90.645 315.0 
86.581 316.0 
82.832 317.0 
79.854 318.0 
79.702 319.0 
79.503 320.0 
79.363 321.0 
79.351 322.0 
79.246 323.0 
79.328 324.0 
79.223 325.0 
79.129 326.0 
79.281 327.0 
79.176 328.0 
79.34 329.0 
79.281 330.0 
79.153 331.0 
79.48 332.0 
79.27 333.0 
79.223 334.0 
79.188 335.0 
79.27 336.0 
79.246 337.0 
79.164 338.0 
79.305 339.0 
79.199 340.0 
79.188 341.0 
79.188 342.0 
79.281 343.0 
79.211 344.0 
79.211 345.0 
79.141 346.0 
79.164 347.0 
79.094 348.0 
79.234 349.0 
79.223 350.0 
79.164 351.0 
79.234 352.0 
79.164 353.0 
79.141 354.0 
79.27 355.0 
79.246 356.0 
79.246 357.0 
79.176 358.0 
79.305 359.0 
79.234 360.0 
79.246 361.0 
79.188 362.0 
79.199 363.0 
79.129 364.0 
79.176 365.0 
79.188 366.0 
79.246 367.0 
79.176 368.0 
79.188 369.0 
79.188 370.0 
79.223 371.0 
79.246 372.0 
79.246 373.0 
79.27 374.0 
79.246 375.0 
79.293 376.0 
79.071 377.0 
79.176 378.0 
79.223 379.0 
79.188 380.0 
79.188 381.0 
79.258 382.0 
79.176 383.0 
79.141 384.0 
79.129 385.0 
79.246 386.0 
79.164 387.0 
79.153 388.0 
79.211 389.0 
79.188 390.0 
79.188 391.0 
79.188 392.0 
79.246 393.0 
79.141 394.0 
79.223 395.0 
79.258 396.0 
79.129 397.0 
79.199 398.0 
79.129 399.0 
79.141 400.0 
79.199 401.0 
79.188 402.0 
79.246 403.0 
79.211 404.0 
79.176 405.0 
79.094 406.0 
79.188 407.0 
79.153 408.0 
79.199 409.0 
79.141 410.0 
79.176 411.0 
79.246 412.0 
79.678 413.0 
79.234 414.0 
79.176 415.0 
79.234 416.0 
79.118 417.0 
79.246 418.0 
79.199 419.0 
79.129 420.0 
79.188 421.0 
79.199 422.0 
79.234 423.0 
79.141 424.0 
79.141 425.0 
79.199 426.0 
79.234 427.0 
79.129 428.0 
79.118 429.0 
79.106 430.0 
79.223 431.0 
79.199 432.0 
79.234 433.0 
79.118 434.0 
79.129 435.0 
79.188 436.0 
79.176 437.0 
79.094 438.0 
79.141 439.0 
79.118 440.0 
79.106 441.0 
79.118 442.0 
79.129 443.0 
79.118 444.0 
79.129 445.0 
79.118 446.0 
79.234 447.0 
79.223 448.0 
79.199 449.0 
79.562 450.0 
79.153 451.0 
79.164 452.0 
79.118 453.0 
79.094 454.0 
79.199 455.0 
79.188 456.0 
79.118 457.0 
79.094 458.0 
79.188 459.0 
79.211 460.0 
79.153 461.0 
79.094 462.0 
79.234 463.0 
79.153 464.0 
79.211 465.0 
79.211 466.0 
79.129 467.0 
79.129 468.0 
79.188 469.0 
79.129 470.0 
79.094 471.0 
79.118 472.0 
79.071 473.0 
79.164 474.0 
79.258 475.0 
79.188 476.0 
79.106 477.0 
79.141 478.0 
79.071 479.0 
79.153 480.0 
79.246 481.0 
79.164 482.0 
79.223 483.0 
79.129 484.0 
79.164 485.0 
79.106 486.0 
79.118 487.0 
79.199 488.0 
79.129 489.0 
79.141 490.0 
79.199 491.0 
79.141 492.0 
79.153 493.0 
79.188 494.0 
79.106 495.0 
79.048 496.0 
79.153 497.0 
79.199 498.0 
79.094 499.0 
79.118 500.0 
79.129 501.0 
79.188 502.0 
79.036 503.0 
79.071 504.0 
79.106 505.0 
79.118 506.0 
79.059 507.0 
79.223 508.0 
79.071 509.0 
79.071 510.0 
79.118 511.0 
79.153 512.0 
79.129 513.0 
79.153 514.0 
79.188 515.0 
79.164 516.0 
79.176 517.0 
78.919 518.0 
78.907 519.0 
79.013 520.0 
78.989 521.0 
79.013 522.0 
78.989 523.0 
79.036 524.0 
79.001 525.0 
79.001 526.0 
79.001 527.0 
78.954 528.0 
79.013 529.0 
78.896 530.0 
78.919 531.0 
79.048 532.0 
79.024 533.0 
79.013 534.0 
79.013 535.0 
78.978 536.0 
78.907 537.0 
78.767 538.0 
78.767 539.0 
78.744 540.0 
78.826 541.0 
78.721 542.0 
78.721 543.0 
78.674 544.0 
78.639 545.0 
78.592 546.0 
78.744 547.0 
78.686 548.0 
78.58 549.0 
78.569 550.0 
78.452 551.0 
78.604 552.0 
78.569 553.0 
78.522 554.0 
78.522 555.0 
78.639 556.0 
78.545 557.0 
78.475 558.0 
78.183 559.0 
78.557 560.0 
78.534 561.0 
78.51 562.0 
78.534 563.0 
78.51 564.0 
78.405 565.0 
78.58 566.0 
78.592 567.0 
78.475 568.0 
78.545 569.0 
78.499 570.0 
78.627 571.0 
78.545 572.0 
78.499 573.0 
78.557 574.0 
78.499 575.0 
78.592 576.0 
78.487 577.0 
78.499 578.0 
78.627 579.0 
78.534 580.0 
78.615 581.0 
78.58 582.0 
78.604 583.0 
78.592 584.0 
78.277 585.0 
78.58 586.0 
78.522 587.0 
78.604 588.0 
78.522 589.0 
78.58 590.0 
78.487 591.0 
78.604 592.0 
78.499 593.0 
78.592 594.0 
78.51 595.0 
78.522 596.0 
78.487 597.0 
78.627 598.0 
78.522 599.0 
78.569 600.0 
78.639 601.0 
78.58 602.0 
78.639 603.0 
78.545 604.0 
78.604 605.0 
78.534 606.0 
78.615 607.0 
78.534 608.0 
78.569 609.0 
78.639 610.0 
78.569 611.0 
78.604 612.0 
78.522 613.0 
78.615 614.0 
78.487 615.0 
78.557 616.0 
78.615 617.0 
78.464 618.0 
78.569 619.0 
78.3 620.0 
78.557 621.0 
78.58 622.0 
78.522 623.0 
78.569 624.0 
78.615 625.0 
78.51 626.0 
78.604 627.0 
78.639 628.0 
78.51 629.0 
78.58 630.0 
78.639 631.0 
78.51 632.0 
78.557 633.0 
78.931 634.0 
78.522 635.0 
78.592 636.0 
78.604 637.0 
78.522 638.0 
78.557 639.0 
78.604 640.0 
78.475 641.0 
78.557 642.0 
78.604 643.0 
78.452 644.0 
78.487 645.0 
78.569 646.0 
78.662 647.0 
78.499 648.0 
78.58 649.0 
78.627 650.0 
78.464 651.0 
78.452 652.0 
78.569 653.0 
78.627 654.0 
78.487 655.0 
78.534 656.0 
78.569 657.0 
78.615 658.0 
78.499 659.0 
78.557 660.0 
78.627 661.0 
78.58 662.0 
78.499 663.0 
78.534 664.0 
78.58 665.0 
78.627 666.0 
78.475 667.0 
78.545 668.0 
78.569 669.0 
78.615 670.0 
78.475 671.0 
78.51 672.0 
78.545 673.0 
78.604 674.0 
78.592 675.0 
78.464 676.0 
78.522 677.0 
78.557 678.0 
78.58 679.0 
78.627 680.0 
78.464 681.0 
78.499 682.0 
78.545 683.0 
78.58 684.0 
78.569 685.0 
78.662 686.0 
78.452 687.0 
78.534 688.0 
78.545 689.0 
78.592 690.0 
78.615 691.0 
78.65 692.0 
78.475 693.0 
78.499 694.0 
78.51 695.0 
78.557 696.0 
78.569 697.0 
78.615 698.0 
78.359 699.0 
78.464 700.0 
78.534 701.0 
78.499 702.0 
78.545 703.0 
78.545 704.0 
78.569 705.0 
78.639 706.0 
78.499 707.0 
78.522 708.0 
78.51 709.0 
78.534 710.0 
78.557 711.0 
78.592 712.0 
78.604 713.0 
78.639 714.0 
78.417 715.0 
78.452 716.0 
78.417 717.0 
78.499 718.0 
78.522 719.0 
78.557 720.0 
78.557 721.0 
78.627 722.0 
78.592 723.0 
78.604 724.0 
78.627 725.0 
78.464 726.0 
78.487 727.0 
78.487 728.0 
78.522 729.0 
78.545 730.0 
78.557 731.0 
78.58 732.0 
78.604 733.0 
78.592 734.0 
78.604 735.0 
78.604 736.0 
78.627 737.0 
78.627 738.0 
78.429 739.0 
78.44 740.0 
78.429 741.0 
78.475 742.0 
78.499 743.0 
78.51 744.0 
78.51 745.0 
78.499 746.0 
78.487 747.0 
78.499 748.0 
78.557 749.0 
78.522 750.0 
78.545 751.0 
78.522 752.0 
78.569 753.0 
78.592 754.0 
78.545 755.0 
78.534 756.0 
78.534 757.0 
78.534 758.0 
78.569 759.0 
78.557 760.0 
78.534 761.0 
78.604 762.0 
78.569 763.0 
78.534 764.0 
78.58 765.0 
78.592 766.0 
78.557 767.0 
78.592 768.0 
78.557 769.0 
78.604 770.0 
78.557 771.0 
78.557 772.0 
78.557 773.0 
78.58 774.0 
78.557 775.0 
78.557 776.0 
78.569 777.0 
78.569 778.0 
78.545 779.0 
78.557 780.0 
78.592 781.0 
78.557 782.0 
78.557 783.0 
78.557 784.0 
78.569 785.0 
78.557 786.0 
78.569 787.0 
78.58 788.0 
78.557 789.0 
78.58 790.0 
78.557 791.0 
78.604 792.0 
78.58 793.0 
78.58 794.0 
78.534 795.0 
78.534 796.0 
78.557 797.0 
78.545 798.0 
78.51 799.0 
78.545 800.0 
78.545 801.0 
78.557 802.0 
78.545 803.0 
78.557 804.0 
0.013 805.0 
0.01 806.0 
0.008 807.0 
0.012 808.0 
0.016 809.0 
0.013 810.0 
0.006 811.0 
0.018 812.0 
0.006 813.0 
0.007 814.0 
0.008 815.0 
0.014 816.0 
0.008 817.0 
0.005 818.0 
-0.004 819.0 
-0.001 820.0 
-0.013 821.0 
-0.01 822.0 
-0.004 823.0 
-0.001 824.0 
-0.006 825.0 
-0.01 826.0 
-0.024 827.0 
-0.012 828.0 
-0.014 829.0 
