-0.049 257.0 
-0.043 258.0 
-0.038 259.0 
-0.065 260.0 
-0.046 261.0 
-0.038 262.0 
-0.036 263.0 
-0.037 264.0 
-0.042 265.0 
-0.029 266.0 
-0.047 267.0 
-0.052 268.0 
-0.037 269.0 
-0.036 270.0 
-0.041 271.0 
-0.022 272.0 
-0.025 273.0 
-0.037 274.0 
150.842 275.0 
147.887 276.0 
146.602 277.0 
145.154 278.0 
143.414 279.0 
141.183 280.0 
139.501 281.0 
137.306 282.0 
134.467 283.0 
133.615 284.0 
133.206 285.0 
132.879 286.0 
132.727 287.0 
132.517 288.0 
132.318 289.0 
132.085 290.0 
131.524 291.0 
131.255 292.0 
131.069 293.0 
130.987 294.0 
130.391 295.0 
130.239 296.0 
130.169 297.0 
129.655 298.0 
129.445 299.0 
129.363 300.0 
128.826 301.0 
128.779 302.0 
128.301 303.0 
128.242 304.0 
128.16 305.0 
127.541 306.0 
126.292 307.0 
123.874 308.0 
120.779 309.0 
116.749 310.0 
112.778 311.0 
108.036 312.0 
103.727 313.0 
99.102 314.0 
94.955 315.0 
90.797 316.0 
87.165 317.0 
84.046 318.0 
83.918 319.0 
83.708 320.0 
83.614 321.0 
83.568 322.0 
83.486 323.0 
83.544 324.0 
83.486 325.0 
83.322 326.0 
83.498 327.0 
83.416 328.0 
83.603 329.0 
83.509 330.0 
83.427 331.0 
83.568 332.0 
83.544 333.0 
83.416 334.0 
83.626 335.0 
83.498 336.0 
83.509 337.0 
83.404 338.0 
83.568 339.0 
83.427 340.0 
83.439 341.0 
83.451 342.0 
83.591 343.0 
83.463 344.0 
83.427 345.0 
83.404 346.0 
83.392 347.0 
83.579 348.0 
83.509 349.0 
83.474 350.0 
83.416 351.0 
83.509 352.0 
83.439 353.0 
83.357 354.0 
83.544 355.0 
83.498 356.0 
83.521 357.0 
83.439 358.0 
83.533 359.0 
83.498 360.0 
83.474 361.0 
83.439 362.0 
83.439 363.0 
83.392 364.0 
83.439 365.0 
83.451 366.0 
83.474 367.0 
83.416 368.0 
83.439 369.0 
83.451 370.0 
83.463 371.0 
83.486 372.0 
83.486 373.0 
83.521 374.0 
83.533 375.0 
83.509 376.0 
83.334 377.0 
83.451 378.0 
83.451 379.0 
83.404 380.0 
83.427 381.0 
83.556 382.0 
83.439 383.0 
83.427 384.0 
83.381 385.0 
83.521 386.0 
83.439 387.0 
83.381 388.0 
83.463 389.0 
83.498 390.0 
83.474 391.0 
83.427 392.0 
83.533 393.0 
83.369 394.0 
83.463 395.0 
83.568 396.0 
83.381 397.0 
83.463 398.0 
83.346 399.0 
83.404 400.0 
83.509 401.0 
83.451 402.0 
83.486 403.0 
83.439 404.0 
83.463 405.0 
83.381 406.0 
83.463 407.0 
83.427 408.0 
83.451 409.0 
83.357 410.0 
83.439 411.0 
83.498 412.0 
83.918 413.0 
83.533 414.0 
83.404 415.0 
83.463 416.0 
83.404 417.0 
83.603 418.0 
83.439 419.0 
83.381 420.0 
83.416 421.0 
83.451 422.0 
83.509 423.0 
83.416 424.0 
83.404 425.0 
83.439 426.0 
83.509 427.0 
83.416 428.0 
83.427 429.0 
83.416 430.0 
83.451 431.0 
83.486 432.0 
83.509 433.0 
83.381 434.0 
83.404 435.0 
83.416 436.0 
83.533 437.0 
83.346 438.0 
83.416 439.0 
83.427 440.0 
83.427 441.0 
83.381 442.0 
83.416 443.0 
83.416 444.0 
83.392 445.0 
83.381 446.0 
83.521 447.0 
83.498 448.0 
83.474 449.0 
83.731 450.0 
83.416 451.0 
83.427 452.0 
83.392 453.0 
83.346 454.0 
83.439 455.0 
83.439 456.0 
83.392 457.0 
83.369 458.0 
83.486 459.0 
83.451 460.0 
83.427 461.0 
83.404 462.0 
83.498 463.0 
83.439 464.0 
83.451 465.0 
83.486 466.0 
83.439 467.0 
83.357 468.0 
83.451 469.0 
83.416 470.0 
83.404 471.0 
83.427 472.0 
83.533 473.0 
83.451 474.0 
83.533 475.0 
83.404 476.0 
83.369 477.0 
83.451 478.0 
83.346 479.0 
83.427 480.0 
83.498 481.0 
83.392 482.0 
83.463 483.0 
83.416 484.0 
83.474 485.0 
83.381 486.0 
83.392 487.0 
83.474 488.0 
83.392 489.0 
83.392 490.0 
83.498 491.0 
83.439 492.0 
83.427 493.0 
83.486 494.0 
83.392 495.0 
83.276 496.0 
83.463 497.0 
83.486 498.0 
83.346 499.0 
83.369 500.0 
83.463 501.0 
83.486 502.0 
83.299 503.0 
83.346 504.0 
83.369 505.0 
83.392 506.0 
83.416 507.0 
83.533 508.0 
83.346 509.0 
83.346 510.0 
83.357 511.0 
83.404 512.0 
83.404 513.0 
83.439 514.0 
83.451 515.0 
83.404 516.0 
83.427 517.0 
83.241 518.0 
83.264 519.0 
83.287 520.0 
83.311 521.0 
83.276 522.0 
83.334 523.0 
83.287 524.0 
83.264 525.0 
83.311 526.0 
83.287 527.0 
83.264 528.0 
83.252 529.0 
83.206 530.0 
83.171 531.0 
83.346 532.0 
83.311 533.0 
83.264 534.0 
83.252 535.0 
83.206 536.0 
83.171 537.0 
83.03 538.0 
83.065 539.0 
83.03 540.0 
83.135 541.0 
83.03 542.0 
83.03 543.0 
83.007 544.0 
82.949 545.0 
82.925 546.0 
83.03 547.0 
82.96 548.0 
82.925 549.0 
82.89 550.0 
82.995 551.0 
82.949 552.0 
82.914 553.0 
82.82 554.0 
82.808 555.0 
82.914 556.0 
82.855 557.0 
82.832 558.0 
82.54 559.0 
82.879 560.0 
82.832 561.0 
82.797 562.0 
82.867 563.0 
82.82 564.0 
82.75 565.0 
82.879 566.0 
82.914 567.0 
82.738 568.0 
82.867 569.0 
82.82 570.0 
82.902 571.0 
82.879 572.0 
82.797 573.0 
82.843 574.0 
82.82 575.0 
82.914 576.0 
82.843 577.0 
82.832 578.0 
82.902 579.0 
82.867 580.0 
82.972 581.0 
82.89 582.0 
82.902 583.0 
82.914 584.0 
83.007 585.0 
82.937 586.0 
82.867 587.0 
82.902 588.0 
82.855 589.0 
82.925 590.0 
82.82 591.0 
82.937 592.0 
82.82 593.0 
82.902 594.0 
82.843 595.0 
82.879 596.0 
82.797 597.0 
82.914 598.0 
82.808 599.0 
82.89 600.0 
82.984 601.0 
82.89 602.0 
82.937 603.0 
82.843 604.0 
82.96 605.0 
82.843 606.0 
82.914 607.0 
82.808 608.0 
82.879 609.0 
82.972 610.0 
82.832 611.0 
82.949 612.0 
82.808 613.0 
82.914 614.0 
82.773 615.0 
82.879 616.0 
82.937 617.0 
82.797 618.0 
82.89 619.0 
82.622 620.0 
82.82 621.0 
82.89 622.0 
82.82 623.0 
82.879 624.0 
82.984 625.0 
82.808 626.0 
82.902 627.0 
82.96 628.0 
82.843 629.0 
82.89 630.0 
82.972 631.0 
82.797 632.0 
82.925 633.0 
83.311 634.0 
82.843 635.0 
82.867 636.0 
82.96 637.0 
82.832 638.0 
82.902 639.0 
82.949 640.0 
82.797 641.0 
82.832 642.0 
82.914 643.0 
82.82 644.0 
82.797 645.0 
82.937 646.0 
82.984 647.0 
82.808 648.0 
82.879 649.0 
82.925 650.0 
82.797 651.0 
82.808 652.0 
82.855 653.0 
82.972 654.0 
82.797 655.0 
82.808 656.0 
82.89 657.0 
82.972 658.0 
82.82 659.0 
82.879 660.0 
82.937 661.0 
82.949 662.0 
82.785 663.0 
82.867 664.0 
82.949 665.0 
82.984 666.0 
82.843 667.0 
82.855 668.0 
82.902 669.0 
82.949 670.0 
82.808 671.0 
82.855 672.0 
82.902 673.0 
82.914 674.0 
82.89 675.0 
82.773 676.0 
82.797 677.0 
82.902 678.0 
82.902 679.0 
82.937 680.0 
82.797 681.0 
82.808 682.0 
82.867 683.0 
82.902 684.0 
82.925 685.0 
83.019 686.0 
82.82 687.0 
82.843 688.0 
82.855 689.0 
82.914 690.0 
82.949 691.0 
82.972 692.0 
82.808 693.0 
82.832 694.0 
82.855 695.0 
82.855 696.0 
82.914 697.0 
82.914 698.0 
82.68 699.0 
82.797 700.0 
82.832 701.0 
82.855 702.0 
82.867 703.0 
82.914 704.0 
82.867 705.0 
82.949 706.0 
82.785 707.0 
82.808 708.0 
82.879 709.0 
82.855 710.0 
82.867 711.0 
82.925 712.0 
82.96 713.0 
82.96 714.0 
82.855 715.0 
82.785 716.0 
82.797 717.0 
82.843 718.0 
82.879 719.0 
82.855 720.0 
82.867 721.0 
82.925 722.0 
82.914 723.0 
82.937 724.0 
82.96 725.0 
82.738 726.0 
82.832 727.0 
82.843 728.0 
82.832 729.0 
82.879 730.0 
82.832 731.0 
82.89 732.0 
82.914 733.0 
82.879 734.0 
82.902 735.0 
82.925 736.0 
82.937 737.0 
82.937 738.0 
82.715 739.0 
82.75 740.0 
82.715 741.0 
82.773 742.0 
82.773 743.0 
82.797 744.0 
82.797 745.0 
82.82 746.0 
82.855 747.0 
82.832 748.0 
82.832 749.0 
82.843 750.0 
82.89 751.0 
82.867 752.0 
82.879 753.0 
82.879 754.0 
82.879 755.0 
82.843 756.0 
82.89 757.0 
82.867 758.0 
82.914 759.0 
82.89 760.0 
82.89 761.0 
82.879 762.0 
82.879 763.0 
82.879 764.0 
82.914 765.0 
82.879 766.0 
82.89 767.0 
82.855 768.0 
82.879 769.0 
82.925 770.0 
82.902 771.0 
82.89 772.0 
82.89 773.0 
82.879 774.0 
82.902 775.0 
82.914 776.0 
82.867 777.0 
82.855 778.0 
82.89 779.0 
82.867 780.0 
82.879 781.0 
82.867 782.0 
82.89 783.0 
82.89 784.0 
82.879 785.0 
82.902 786.0 
82.914 787.0 
82.914 788.0 
82.89 789.0 
82.902 790.0 
82.879 791.0 
82.879 792.0 
82.902 793.0 
82.867 794.0 
82.855 795.0 
82.855 796.0 
82.855 797.0 
82.855 798.0 
82.855 799.0 
82.855 800.0 
82.867 801.0 
82.843 802.0 
82.843 803.0 
82.879 804.0 
0.0 805.0 
-0.001 806.0 
-0.001 807.0 
-0.001 808.0 
-0.005 809.0 
-0.008 810.0 
-0.022 811.0 
-0.031 812.0 
-0.041 813.0 
-0.055 814.0 
-0.058 815.0 
-0.052 816.0 
-0.053 817.0 
-0.054 818.0 
-0.052 819.0 
-0.059 820.0 
-0.065 821.0 
-0.068 822.0 
-0.062 823.0 
-0.06 824.0 
-0.058 825.0 
-0.048 826.0 
-0.037 827.0 
-0.035 828.0 
-0.029 829.0 
