-0.035 257.0 
-0.059 258.0 
-0.037 259.0 
-0.038 260.0 
-0.047 261.0 
-0.041 262.0 
-0.036 263.0 
-0.046 264.0 
-0.028 265.0 
-0.025 266.0 
-0.038 267.0 
-0.031 268.0 
-0.036 269.0 
-0.019 270.0 
-0.029 271.0 
-0.019 272.0 
-0.025 273.0 
-0.026 274.0 
147.42 275.0 
144.29 276.0 
142.842 277.0 
141.031 278.0 
138.906 279.0 
136.64 280.0 
134.689 281.0 
132.19 282.0 
128.873 283.0 
127.448 284.0 
127.016 285.0 
126.677 286.0 
126.408 287.0 
126.14 288.0 
125.789 289.0 
125.147 290.0 
125.042 291.0 
124.785 292.0 
124.528 293.0 
124.411 294.0 
123.886 295.0 
123.745 296.0 
123.594 297.0 
123.068 298.0 
122.87 299.0 
122.776 300.0 
122.227 301.0 
122.169 302.0 
121.585 303.0 
121.55 304.0 
121.678 305.0 
120.814 306.0 
119.517 307.0 
117.298 308.0 
114.449 309.0 
110.956 310.0 
107.277 311.0 
102.979 312.0 
98.821 313.0 
94.955 314.0 
91.183 315.0 
87.258 316.0 
83.649 317.0 
80.718 318.0 
80.554 319.0 
80.321 320.0 
80.134 321.0 
80.145 322.0 
80.04 323.0 
80.087 324.0 
80.029 325.0 
79.912 326.0 
80.017 327.0 
79.912 328.0 
80.753 329.0 
80.052 330.0 
79.982 331.0 
80.216 332.0 
80.029 333.0 
79.959 334.0 
80.005 335.0 
80.04 336.0 
80.029 337.0 
79.935 338.0 
80.075 339.0 
80.005 340.0 
79.912 341.0 
79.947 342.0 
79.515 343.0 
79.994 344.0 
79.959 345.0 
79.924 346.0 
79.912 347.0 
79.9 348.0 
80.017 349.0 
80.017 350.0 
79.97 351.0 
79.982 352.0 
79.97 353.0 
79.877 354.0 
79.9 355.0 
79.982 356.0 
80.017 357.0 
79.97 358.0 
80.064 359.0 
79.97 360.0 
80.005 361.0 
79.935 362.0 
79.97 363.0 
79.924 364.0 
79.959 365.0 
79.982 366.0 
79.959 367.0 
79.912 368.0 
79.947 369.0 
79.959 370.0 
80.005 371.0 
79.982 372.0 
80.017 373.0 
80.005 374.0 
80.017 375.0 
80.251 376.0 
79.9 377.0 
79.994 378.0 
79.947 379.0 
79.959 380.0 
79.97 381.0 
79.935 382.0 
79.959 383.0 
79.959 384.0 
79.947 385.0 
80.052 386.0 
79.9 387.0 
79.924 388.0 
79.994 389.0 
80.017 390.0 
79.982 391.0 
79.97 392.0 
80.029 393.0 
79.889 394.0 
79.97 395.0 
80.075 396.0 
79.924 397.0 
79.97 398.0 
79.877 399.0 
79.877 400.0 
80.029 401.0 
79.994 402.0 
80.075 403.0 
80.017 404.0 
79.97 405.0 
79.924 406.0 
79.947 407.0 
79.924 408.0 
79.982 409.0 
79.924 410.0 
79.947 411.0 
79.994 412.0 
80.484 413.0 
80.005 414.0 
79.935 415.0 
79.959 416.0 
79.9 417.0 
79.982 418.0 
79.947 419.0 
79.889 420.0 
79.924 421.0 
80.005 422.0 
80.052 423.0 
79.935 424.0 
79.924 425.0 
80.017 426.0 
79.994 427.0 
79.935 428.0 
79.947 429.0 
79.935 430.0 
79.97 431.0 
79.994 432.0 
80.017 433.0 
79.865 434.0 
79.9 435.0 
79.947 436.0 
80.005 437.0 
79.889 438.0 
79.877 439.0 
79.924 440.0 
79.912 441.0 
79.924 442.0 
79.935 443.0 
79.947 444.0 
79.924 445.0 
79.889 446.0 
80.017 447.0 
80.017 448.0 
80.04 449.0 
80.297 450.0 
79.97 451.0 
79.912 452.0 
79.9 453.0 
79.877 454.0 
79.97 455.0 
79.97 456.0 
79.924 457.0 
79.865 458.0 
79.97 459.0 
80.017 460.0 
79.982 461.0 
79.924 462.0 
80.017 463.0 
79.994 464.0 
79.924 465.0 
80.029 466.0 
79.959 467.0 
79.9 468.0 
79.982 469.0 
79.947 470.0 
79.889 471.0 
79.935 472.0 
79.795 473.0 
79.912 474.0 
80.029 475.0 
79.959 476.0 
79.83 477.0 
79.912 478.0 
79.842 479.0 
79.947 480.0 
80.052 481.0 
79.935 482.0 
80.005 483.0 
79.97 484.0 
80.005 485.0 
79.877 486.0 
79.935 487.0 
80.017 488.0 
79.924 489.0 
79.97 490.0 
79.982 491.0 
79.935 492.0 
79.947 493.0 
79.982 494.0 
79.9 495.0 
79.9 496.0 
79.97 497.0 
79.982 498.0 
79.889 499.0 
79.9 500.0 
79.97 501.0 
79.994 502.0 
79.877 503.0 
79.854 504.0 
79.9 505.0 
79.912 506.0 
79.83 507.0 
79.947 508.0 
79.842 509.0 
79.854 510.0 
79.889 511.0 
79.924 512.0 
79.889 513.0 
79.947 514.0 
79.959 515.0 
79.97 516.0 
80.204 517.0 
79.725 518.0 
79.807 519.0 
79.842 520.0 
79.83 521.0 
79.842 522.0 
79.877 523.0 
79.854 524.0 
79.83 525.0 
79.818 526.0 
79.818 527.0 
79.76 528.0 
79.807 529.0 
79.772 530.0 
79.76 531.0 
79.912 532.0 
79.877 533.0 
79.854 534.0 
79.842 535.0 
79.807 536.0 
79.76 537.0 
79.713 538.0 
79.702 539.0 
79.62 540.0 
79.783 541.0 
79.69 542.0 
79.69 543.0 
79.643 544.0 
79.632 545.0 
79.526 546.0 
79.713 547.0 
79.655 548.0 
79.597 549.0 
79.573 550.0 
79.48 551.0 
79.597 552.0 
79.526 553.0 
79.503 554.0 
79.48 555.0 
79.597 556.0 
79.55 557.0 
79.491 558.0 
79.164 559.0 
79.573 560.0 
79.526 561.0 
79.456 562.0 
79.562 563.0 
79.48 564.0 
79.48 565.0 
79.585 566.0 
79.573 567.0 
79.456 568.0 
79.491 569.0 
79.491 570.0 
79.608 571.0 
79.538 572.0 
79.48 573.0 
79.562 574.0 
79.491 575.0 
79.608 576.0 
79.515 577.0 
79.503 578.0 
79.608 579.0 
79.55 580.0 
79.608 581.0 
79.55 582.0 
79.632 583.0 
79.597 584.0 
79.713 585.0 
79.608 586.0 
79.538 587.0 
79.608 588.0 
79.538 589.0 
79.643 590.0 
79.526 591.0 
79.562 592.0 
79.526 593.0 
79.562 594.0 
79.515 595.0 
79.55 596.0 
79.48 597.0 
79.573 598.0 
79.48 599.0 
79.585 600.0 
79.678 601.0 
79.573 602.0 
79.643 603.0 
79.562 604.0 
79.62 605.0 
79.515 606.0 
79.597 607.0 
79.526 608.0 
79.585 609.0 
79.643 610.0 
79.526 611.0 
79.62 612.0 
79.503 613.0 
79.632 614.0 
79.456 615.0 
79.55 616.0 
79.608 617.0 
79.491 618.0 
79.608 619.0 
79.328 620.0 
79.526 621.0 
79.597 622.0 
79.503 623.0 
79.562 624.0 
79.667 625.0 
79.526 626.0 
79.585 627.0 
79.608 628.0 
79.503 629.0 
79.573 630.0 
79.643 631.0 
79.468 632.0 
79.585 633.0 
79.9 634.0 
79.538 635.0 
79.585 636.0 
79.62 637.0 
79.515 638.0 
79.573 639.0 
79.608 640.0 
79.503 641.0 
79.503 642.0 
79.608 643.0 
79.503 644.0 
79.515 645.0 
79.585 646.0 
79.632 647.0 
79.503 648.0 
79.538 649.0 
79.632 650.0 
79.445 651.0 
79.48 652.0 
79.562 653.0 
79.632 654.0 
79.468 655.0 
79.538 656.0 
79.526 657.0 
79.632 658.0 
79.515 659.0 
79.55 660.0 
79.597 661.0 
79.585 662.0 
79.48 663.0 
79.55 664.0 
79.608 665.0 
79.655 666.0 
79.503 667.0 
79.573 668.0 
79.562 669.0 
79.632 670.0 
79.468 671.0 
79.491 672.0 
79.573 673.0 
79.608 674.0 
79.62 675.0 
79.468 676.0 
79.503 677.0 
79.573 678.0 
79.585 679.0 
79.608 680.0 
79.468 681.0 
79.515 682.0 
79.562 683.0 
79.573 684.0 
79.632 685.0 
79.655 686.0 
79.491 687.0 
79.515 688.0 
79.573 689.0 
79.597 690.0 
79.632 691.0 
79.632 692.0 
79.515 693.0 
79.503 694.0 
79.55 695.0 
79.573 696.0 
79.526 697.0 
79.597 698.0 
79.421 699.0 
79.491 700.0 
79.503 701.0 
79.526 702.0 
79.573 703.0 
79.597 704.0 
79.573 705.0 
79.632 706.0 
79.48 707.0 
79.48 708.0 
79.515 709.0 
79.562 710.0 
79.573 711.0 
79.573 712.0 
79.608 713.0 
79.632 714.0 
79.643 715.0 
79.456 716.0 
79.491 717.0 
79.515 718.0 
79.526 719.0 
79.562 720.0 
79.55 721.0 
79.608 722.0 
79.608 723.0 
79.608 724.0 
79.655 725.0 
79.456 726.0 
79.491 727.0 
79.491 728.0 
79.491 729.0 
79.515 730.0 
79.573 731.0 
79.55 732.0 
79.585 733.0 
79.573 734.0 
79.597 735.0 
79.597 736.0 
79.632 737.0 
79.62 738.0 
79.445 739.0 
79.445 740.0 
79.468 741.0 
79.48 742.0 
79.491 743.0 
79.515 744.0 
79.526 745.0 
79.491 746.0 
79.526 747.0 
79.491 748.0 
79.503 749.0 
79.526 750.0 
79.538 751.0 
79.526 752.0 
79.526 753.0 
79.538 754.0 
79.515 755.0 
79.526 756.0 
79.562 757.0 
79.538 758.0 
79.55 759.0 
79.526 760.0 
79.573 761.0 
79.55 762.0 
79.608 763.0 
79.573 764.0 
79.55 765.0 
79.608 766.0 
79.562 767.0 
79.585 768.0 
79.573 769.0 
79.585 770.0 
79.562 771.0 
79.55 772.0 
79.562 773.0 
79.55 774.0 
79.573 775.0 
79.538 776.0 
79.585 777.0 
79.562 778.0 
79.585 779.0 
79.55 780.0 
79.526 781.0 
79.573 782.0 
79.573 783.0 
79.573 784.0 
79.585 785.0 
79.562 786.0 
79.573 787.0 
79.573 788.0 
79.55 789.0 
79.573 790.0 
79.585 791.0 
79.538 792.0 
79.573 793.0 
79.55 794.0 
79.515 795.0 
79.562 796.0 
79.538 797.0 
79.55 798.0 
79.538 799.0 
79.55 800.0 
79.515 801.0 
79.526 802.0 
79.55 803.0 
79.538 804.0 
0.011 805.0 
0.0 806.0 
0.0 807.0 
-0.002 808.0 
0.005 809.0 
0.002 810.0 
-0.007 811.0 
-0.019 812.0 
-0.028 813.0 
-0.028 814.0 
-0.034 815.0 
-0.037 816.0 
-0.055 817.0 
-0.056 818.0 
-0.061 819.0 
-0.053 820.0 
-0.056 821.0 
-0.059 822.0 
-0.061 823.0 
-0.052 824.0 
-0.042 825.0 
-0.037 826.0 
-0.047 827.0 
-0.031 828.0 
-0.036 829.0 
