-0.032 257.0 
-0.023 258.0 
-0.014 259.0 
-0.025 260.0 
-0.03 261.0 
-0.02 262.0 
-0.014 263.0 
-0.025 264.0 
-0.025 265.0 
-0.046 266.0 
-0.01 267.0 
-0.028 268.0 
-0.042 269.0 
-0.038 270.0 
-0.037 271.0 
-0.037 272.0 
-0.036 273.0 
-0.024 274.0 
142.807 275.0 
140.19 276.0 
139.128 277.0 
137.796 278.0 
136.278 279.0 
134.397 280.0 
133.042 281.0 
130.893 282.0 
128.254 283.0 
127.39 284.0 
127.051 285.0 
126.735 286.0 
126.549 287.0 
126.362 288.0 
126.105 289.0 
125.883 290.0 
125.252 291.0 
125.019 292.0 
124.843 293.0 
124.773 294.0 
124.271 295.0 
124.049 296.0 
123.991 297.0 
123.5 298.0 
123.278 299.0 
123.197 300.0 
122.683 301.0 
122.624 302.0 
122.099 303.0 
121.947 304.0 
121.888 305.0 
121.281 306.0 
120.043 307.0 
117.801 308.0 
114.927 309.0 
111.015 310.0 
106.927 311.0 
102.64 312.0 
98.319 313.0 
94.068 314.0 
89.828 315.0 
85.74 316.0 
82.411 317.0 
79.76 318.0 
79.678 319.0 
79.468 320.0 
79.316 321.0 
79.328 322.0 
79.234 323.0 
79.281 324.0 
79.199 325.0 
79.071 326.0 
79.211 327.0 
79.129 328.0 
79.293 329.0 
79.234 330.0 
79.129 331.0 
79.223 332.0 
79.223 333.0 
79.141 334.0 
79.27 335.0 
79.223 336.0 
79.199 337.0 
79.118 338.0 
79.27 339.0 
79.176 340.0 
79.129 341.0 
79.164 342.0 
79.305 343.0 
79.164 344.0 
79.176 345.0 
79.118 346.0 
79.106 347.0 
79.164 348.0 
79.199 349.0 
79.188 350.0 
79.129 351.0 
79.188 352.0 
79.153 353.0 
79.036 354.0 
79.223 355.0 
79.199 356.0 
79.199 357.0 
79.164 358.0 
79.211 359.0 
79.153 360.0 
79.199 361.0 
79.141 362.0 
79.164 363.0 
79.106 364.0 
79.153 365.0 
79.188 366.0 
79.164 367.0 
79.129 368.0 
79.153 369.0 
79.118 370.0 
79.176 371.0 
79.176 372.0 
79.176 373.0 
79.199 374.0 
79.27 375.0 
79.246 376.0 
79.071 377.0 
79.141 378.0 
79.164 379.0 
79.164 380.0 
79.153 381.0 
79.246 382.0 
79.164 383.0 
79.141 384.0 
79.176 385.0 
79.199 386.0 
79.141 387.0 
79.118 388.0 
79.188 389.0 
79.164 390.0 
79.129 391.0 
79.153 392.0 
79.234 393.0 
79.094 394.0 
79.164 395.0 
79.246 396.0 
79.094 397.0 
79.164 398.0 
79.071 399.0 
79.129 400.0 
79.258 401.0 
79.188 402.0 
79.234 403.0 
79.188 404.0 
79.118 405.0 
79.094 406.0 
79.188 407.0 
79.118 408.0 
79.141 409.0 
79.094 410.0 
79.153 411.0 
79.211 412.0 
79.223 413.0 
79.188 414.0 
79.094 415.0 
79.164 416.0 
79.129 417.0 
79.281 418.0 
79.153 419.0 
79.118 420.0 
79.164 421.0 
79.188 422.0 
79.199 423.0 
79.153 424.0 
79.118 425.0 
79.211 426.0 
79.188 427.0 
79.141 428.0 
79.141 429.0 
79.083 430.0 
79.176 431.0 
79.188 432.0 
79.199 433.0 
79.106 434.0 
79.118 435.0 
79.129 436.0 
79.223 437.0 
79.106 438.0 
79.118 439.0 
79.129 440.0 
79.141 441.0 
79.118 442.0 
79.106 443.0 
79.164 444.0 
79.118 445.0 
79.094 446.0 
79.234 447.0 
79.199 448.0 
79.188 449.0 
79.55 450.0 
79.106 451.0 
79.094 452.0 
79.083 453.0 
79.083 454.0 
79.164 455.0 
79.153 456.0 
79.106 457.0 
79.059 458.0 
79.164 459.0 
79.234 460.0 
79.141 461.0 
79.118 462.0 
79.211 463.0 
79.176 464.0 
79.164 465.0 
79.223 466.0 
79.176 467.0 
79.083 468.0 
79.164 469.0 
79.094 470.0 
79.129 471.0 
79.153 472.0 
79.223 473.0 
79.164 474.0 
79.211 475.0 
79.106 476.0 
79.071 477.0 
79.129 478.0 
79.048 479.0 
79.118 480.0 
79.223 481.0 
79.106 482.0 
79.199 483.0 
79.106 484.0 
79.164 485.0 
79.083 486.0 
79.129 487.0 
79.188 488.0 
79.118 489.0 
79.118 490.0 
79.164 491.0 
79.153 492.0 
79.118 493.0 
79.164 494.0 
79.071 495.0 
79.024 496.0 
79.164 497.0 
79.176 498.0 
79.048 499.0 
79.083 500.0 
79.129 501.0 
79.188 502.0 
79.048 503.0 
79.071 504.0 
79.083 505.0 
79.118 506.0 
79.094 507.0 
79.281 508.0 
79.059 509.0 
79.048 510.0 
79.071 511.0 
79.153 512.0 
79.118 513.0 
79.129 514.0 
79.118 515.0 
79.141 516.0 
79.188 517.0 
78.989 518.0 
78.989 519.0 
79.013 520.0 
79.036 521.0 
79.013 522.0 
79.036 523.0 
79.013 524.0 
78.989 525.0 
79.024 526.0 
79.024 527.0 
78.931 528.0 
78.978 529.0 
78.884 530.0 
78.919 531.0 
79.083 532.0 
79.013 533.0 
78.989 534.0 
78.966 535.0 
78.978 536.0 
78.919 537.0 
78.756 538.0 
78.802 539.0 
78.779 540.0 
78.896 541.0 
78.756 542.0 
78.779 543.0 
78.721 544.0 
78.674 545.0 
78.65 546.0 
78.767 547.0 
78.709 548.0 
78.639 549.0 
78.58 550.0 
78.744 551.0 
78.674 552.0 
78.627 553.0 
78.545 554.0 
78.545 555.0 
78.674 556.0 
78.615 557.0 
78.604 558.0 
78.265 559.0 
78.639 560.0 
78.627 561.0 
78.557 562.0 
78.65 563.0 
78.592 564.0 
78.522 565.0 
78.65 566.0 
78.627 567.0 
78.51 568.0 
78.627 569.0 
78.534 570.0 
78.662 571.0 
78.592 572.0 
78.51 573.0 
78.615 574.0 
78.569 575.0 
78.674 576.0 
78.569 577.0 
78.604 578.0 
78.65 579.0 
78.615 580.0 
78.686 581.0 
78.592 582.0 
78.709 583.0 
78.65 584.0 
78.744 585.0 
78.639 586.0 
78.592 587.0 
78.686 588.0 
78.592 589.0 
78.639 590.0 
78.604 591.0 
78.65 592.0 
78.592 593.0 
78.627 594.0 
78.604 595.0 
78.639 596.0 
78.569 597.0 
78.639 598.0 
78.592 599.0 
78.662 600.0 
78.732 601.0 
78.604 602.0 
78.697 603.0 
78.639 604.0 
78.686 605.0 
78.592 606.0 
78.662 607.0 
78.557 608.0 
78.627 609.0 
78.732 610.0 
78.592 611.0 
78.686 612.0 
78.592 613.0 
78.674 614.0 
78.534 615.0 
78.615 616.0 
78.732 617.0 
78.487 618.0 
78.662 619.0 
78.323 620.0 
78.58 621.0 
78.639 622.0 
78.557 623.0 
78.627 624.0 
78.721 625.0 
78.557 626.0 
78.662 627.0 
78.697 628.0 
78.58 629.0 
78.639 630.0 
78.744 631.0 
78.557 632.0 
78.662 633.0 
78.709 634.0 
78.615 635.0 
78.627 636.0 
78.674 637.0 
78.557 638.0 
78.662 639.0 
78.686 640.0 
78.569 641.0 
78.615 642.0 
78.709 643.0 
78.534 644.0 
78.604 645.0 
78.662 646.0 
78.721 647.0 
78.58 648.0 
78.615 649.0 
78.65 650.0 
78.51 651.0 
78.58 652.0 
78.639 653.0 
78.697 654.0 
78.51 655.0 
78.604 656.0 
78.615 657.0 
78.697 658.0 
78.58 659.0 
78.627 660.0 
78.697 661.0 
78.744 662.0 
78.592 663.0 
78.627 664.0 
78.674 665.0 
78.709 666.0 
78.522 667.0 
78.639 668.0 
78.639 669.0 
78.697 670.0 
78.545 671.0 
78.569 672.0 
78.627 673.0 
78.639 674.0 
78.65 675.0 
78.569 676.0 
78.592 677.0 
78.604 678.0 
78.615 679.0 
78.744 680.0 
78.557 681.0 
78.592 682.0 
78.615 683.0 
78.65 684.0 
78.686 685.0 
78.709 686.0 
78.534 687.0 
78.615 688.0 
78.639 689.0 
78.627 690.0 
78.686 691.0 
78.709 692.0 
78.557 693.0 
78.557 694.0 
78.604 695.0 
78.639 696.0 
78.639 697.0 
78.662 698.0 
78.452 699.0 
78.534 700.0 
78.592 701.0 
78.615 702.0 
78.627 703.0 
78.65 704.0 
78.615 705.0 
78.721 706.0 
78.557 707.0 
78.557 708.0 
78.604 709.0 
78.604 710.0 
78.627 711.0 
78.639 712.0 
78.697 713.0 
78.709 714.0 
78.569 715.0 
78.557 716.0 
78.569 717.0 
78.545 718.0 
78.58 719.0 
78.604 720.0 
78.627 721.0 
78.65 722.0 
78.662 723.0 
78.686 724.0 
78.709 725.0 
78.522 726.0 
78.557 727.0 
78.604 728.0 
78.58 729.0 
78.592 730.0 
78.639 731.0 
78.639 732.0 
78.639 733.0 
78.686 734.0 
78.662 735.0 
78.709 736.0 
78.674 737.0 
78.709 738.0 
78.464 739.0 
78.534 740.0 
78.534 741.0 
78.522 742.0 
78.534 743.0 
78.557 744.0 
78.534 745.0 
78.569 746.0 
78.592 747.0 
78.487 748.0 
78.592 749.0 
78.58 750.0 
78.569 751.0 
78.592 752.0 
78.604 753.0 
78.627 754.0 
78.604 755.0 
78.604 756.0 
78.615 757.0 
78.604 758.0 
78.604 759.0 
78.615 760.0 
78.615 761.0 
78.65 762.0 
78.662 763.0 
78.65 764.0 
78.65 765.0 
78.662 766.0 
78.65 767.0 
78.639 768.0 
78.639 769.0 
78.627 770.0 
78.627 771.0 
78.639 772.0 
78.627 773.0 
78.639 774.0 
78.639 775.0 
78.627 776.0 
78.627 777.0 
78.627 778.0 
78.65 779.0 
78.627 780.0 
78.639 781.0 
78.639 782.0 
78.615 783.0 
78.674 784.0 
78.615 785.0 
78.639 786.0 
78.639 787.0 
78.65 788.0 
78.65 789.0 
78.639 790.0 
78.615 791.0 
78.65 792.0 
78.639 793.0 
78.627 794.0 
78.58 795.0 
78.615 796.0 
78.569 797.0 
78.592 798.0 
78.604 799.0 
78.604 800.0 
78.639 801.0 
78.604 802.0 
78.592 803.0 
78.604 804.0 
0.008 805.0 
0.001 806.0 
0.005 807.0 
0.004 808.0 
0.006 809.0 
-0.008 810.0 
-0.017 811.0 
-0.023 812.0 
-0.024 813.0 
-0.036 814.0 
-0.053 815.0 
-0.05 816.0 
-0.055 817.0 
-0.054 818.0 
-0.066 819.0 
-0.073 820.0 
-0.056 821.0 
-0.062 822.0 
-0.058 823.0 
-0.05 824.0 
-0.05 825.0 
-0.048 826.0 
-0.041 827.0 
-0.042 828.0 
-0.035 829.0 
