-0.048 257.0 
-0.048 258.0 
-0.061 259.0 
-0.052 260.0 
-0.041 261.0 
-0.05 262.0 
-0.072 263.0 
-0.038 264.0 
-0.053 265.0 
-0.038 266.0 
-0.047 267.0 
-0.055 268.0 
-0.032 269.0 
-0.025 270.0 
-0.048 271.0 
-0.05 272.0 
-0.055 273.0 
-0.053 274.0 
257.278 275.0 
254.145 276.0 
252.636 277.0 
250.083 278.0 
247.762 279.0 
245.557 280.0 
243.236 281.0 
241.496 282.0 
239.291 283.0 
238.827 284.0 
238.595 285.0 
238.13 286.0 
238.014 287.0 
237.55 288.0 
237.434 289.0 
237.086 290.0 
236.274 291.0 
235.577 292.0 
235.461 293.0 
233.721 294.0 
235.113 295.0 
234.997 296.0 
235.113 297.0 
234.765 298.0 
234.417 299.0 
233.721 300.0 
234.301 301.0 
234.301 302.0 
233.488 303.0 
233.721 304.0 
238.014 305.0 
233.721 306.0 
234.069 307.0 
233.14 308.0 
233.721 309.0 
233.14 310.0 
233.372 311.0 
233.024 312.0 
233.024 313.0 
232.908 314.0 
233.024 315.0 
232.908 316.0 
232.908 317.0 
232.908 318.0 
233.256 319.0 
232.56 320.0 
231.98 321.0 
232.908 322.0 
233.024 323.0 
233.024 324.0 
232.908 325.0 
233.256 326.0 
233.14 327.0 
232.676 328.0 
239.059 329.0 
232.792 330.0 
232.792 331.0 
234.881 332.0 
232.792 333.0 
232.676 334.0 
233.605 335.0 
232.908 336.0 
232.676 337.0 
232.212 338.0 
235.345 339.0 
232.444 340.0 
232.676 341.0 
232.56 342.0 
228.266 343.0 
232.908 344.0 
232.792 345.0 
232.676 346.0 
232.676 347.0 
231.748 348.0 
233.024 349.0 
233.024 350.0 
232.908 351.0 
232.56 352.0 
232.328 353.0 
230.819 354.0 
231.516 355.0 
232.676 356.0 
232.792 357.0 
232.56 358.0 
232.56 359.0 
232.676 360.0 
233.024 361.0 
232.908 362.0 
233.256 363.0 
232.56 364.0 
232.792 365.0 
233.024 366.0 
232.908 367.0 
232.792 368.0 
232.56 369.0 
232.676 370.0 
232.908 371.0 
233.024 372.0 
232.792 373.0 
233.024 374.0 
233.14 375.0 
234.301 376.0 
232.212 377.0 
232.792 378.0 
232.56 379.0 
232.328 380.0 
232.908 381.0 
232.096 382.0 
232.792 383.0 
232.908 384.0 
232.792 385.0 
233.14 386.0 
232.444 387.0 
232.56 388.0 
232.792 389.0 
233.024 390.0 
232.908 391.0 
232.56 392.0 
232.792 393.0 
232.56 394.0 
232.908 395.0 
233.256 396.0 
232.56 397.0 
232.56 398.0 
232.212 399.0 
232.444 400.0 
233.024 401.0 
232.908 402.0 
233.372 403.0 
232.908 404.0 
233.024 405.0 
232.56 406.0 
232.908 407.0 
232.908 408.0 
232.908 409.0 
232.676 410.0 
232.792 411.0 
232.676 412.0 
233.372 413.0 
233.024 414.0 
232.444 415.0 
232.908 416.0 
232.444 417.0 
232.792 418.0 
232.908 419.0 
232.444 420.0 
232.56 421.0 
233.372 422.0 
233.14 423.0 
233.024 424.0 
232.792 425.0 
233.024 426.0 
232.908 427.0 
232.444 428.0 
232.792 429.0 
232.676 430.0 
233.14 431.0 
232.908 432.0 
232.676 433.0 
232.676 434.0 
232.908 435.0 
233.14 436.0 
233.14 437.0 
232.676 438.0 
232.444 439.0 
232.676 440.0 
232.792 441.0 
232.908 442.0 
232.792 443.0 
233.14 444.0 
232.908 445.0 
232.908 446.0 
233.256 447.0 
233.14 448.0 
235.809 449.0 
233.372 450.0 
233.024 451.0 
233.024 452.0 
232.56 453.0 
232.792 454.0 
233.024 455.0 
231.284 456.0 
233.024 457.0 
232.676 458.0 
232.792 459.0 
232.676 460.0 
232.908 461.0 
233.024 462.0 
233.256 463.0 
233.256 464.0 
233.024 465.0 
233.488 466.0 
233.024 467.0 
232.676 468.0 
232.908 469.0 
233.256 470.0 
233.256 471.0 
232.908 472.0 
232.096 473.0 
232.908 474.0 
233.14 475.0 
232.792 476.0 
232.444 477.0 
232.676 478.0 
232.676 479.0 
232.908 480.0 
233.256 481.0 
232.792 482.0 
232.908 483.0 
233.024 484.0 
233.14 485.0 
233.024 486.0 
232.676 487.0 
233.721 488.0 
233.14 489.0 
233.14 490.0 
233.256 491.0 
232.792 492.0 
232.56 493.0 
233.024 494.0 
232.908 495.0 
232.444 496.0 
232.908 497.0 
233.256 498.0 
232.792 499.0 
232.56 500.0 
232.792 501.0 
233.256 502.0 
232.444 503.0 
233.024 504.0 
232.792 505.0 
232.792 506.0 
230.123 507.0 
236.274 508.0 
232.328 509.0 
232.676 510.0 
232.908 511.0 
232.792 512.0 
232.792 513.0 
232.908 514.0 
233.372 515.0 
233.024 516.0 
235.925 517.0 
231.98 518.0 
232.676 519.0 
232.792 520.0 
232.676 521.0 
233.024 522.0 
232.792 523.0 
232.792 524.0 
232.908 525.0 
232.908 526.0 
232.792 527.0 
232.676 528.0 
232.792 529.0 
232.56 530.0 
232.444 531.0 
232.792 532.0 
233.024 533.0 
232.792 534.0 
232.676 535.0 
232.792 536.0 
232.792 537.0 
232.212 538.0 
232.676 539.0 
232.676 540.0 
232.792 541.0 
232.212 542.0 
232.908 543.0 
233.14 544.0 
232.56 545.0 
232.56 546.0 
232.908 547.0 
233.14 548.0 
233.024 549.0 
233.024 550.0 
231.168 551.0 
233.14 552.0 
232.444 553.0 
232.56 554.0 
232.56 555.0 
233.024 556.0 
232.908 557.0 
232.792 558.0 
226.99 559.0 
232.792 560.0 
232.56 561.0 
232.56 562.0 
232.908 563.0 
232.908 564.0 
232.444 565.0 
233.14 566.0 
232.328 567.0 
232.56 568.0 
232.792 569.0 
232.908 570.0 
233.256 571.0 
232.444 572.0 
232.792 573.0 
232.328 574.0 
232.444 575.0 
235.229 576.0 
232.676 577.0 
232.792 578.0 
232.908 579.0 
232.792 580.0 
232.908 581.0 
232.792 582.0 
233.14 583.0 
233.024 584.0 
229.079 585.0 
232.908 586.0 
232.792 587.0 
233.14 588.0 
232.56 589.0 
233.14 590.0 
233.024 591.0 
233.256 592.0 
232.56 593.0 
232.56 594.0 
232.676 595.0 
232.444 596.0 
232.328 597.0 
233.024 598.0 
232.908 599.0 
232.792 600.0 
233.256 601.0 
232.56 602.0 
232.908 603.0 
232.792 604.0 
233.14 605.0 
232.792 606.0 
233.256 607.0 
232.792 608.0 
233.14 609.0 
233.372 610.0 
232.56 611.0 
232.908 612.0 
232.444 613.0 
232.676 614.0 
232.56 615.0 
232.792 616.0 
233.14 617.0 
231.98 618.0 
232.792 619.0 
230.355 620.0 
232.908 621.0 
232.792 622.0 
232.908 623.0 
232.908 624.0 
233.372 625.0 
232.676 626.0 
232.908 627.0 
233.256 628.0 
232.676 629.0 
233.024 630.0 
233.256 631.0 
232.56 632.0 
233.024 633.0 
236.39 634.0 
232.908 635.0 
232.908 636.0 
232.908 637.0 
232.328 638.0 
232.792 639.0 
232.676 640.0 
232.444 641.0 
232.792 642.0 
232.792 643.0 
232.56 644.0 
232.792 645.0 
232.792 646.0 
233.256 647.0 
232.908 648.0 
233.024 649.0 
233.256 650.0 
232.908 651.0 
232.328 652.0 
232.792 653.0 
233.024 654.0 
232.676 655.0 
232.676 656.0 
232.56 657.0 
233.024 658.0 
232.792 659.0 
233.024 660.0 
232.792 661.0 
233.024 662.0 
232.792 663.0 
232.908 664.0 
233.024 665.0 
233.14 666.0 
232.792 667.0 
232.792 668.0 
232.676 669.0 
233.256 670.0 
232.676 671.0 
233.024 672.0 
232.676 673.0 
232.908 674.0 
232.792 675.0 
232.328 676.0 
232.908 677.0 
233.024 678.0 
232.908 679.0 
232.908 680.0 
232.56 681.0 
232.908 682.0 
232.908 683.0 
233.024 684.0 
233.372 685.0 
233.14 686.0 
232.56 687.0 
232.908 688.0 
233.024 689.0 
232.908 690.0 
233.372 691.0 
233.14 692.0 
232.444 693.0 
232.676 694.0 
232.908 695.0 
233.14 696.0 
232.212 697.0 
233.024 698.0 
231.748 699.0 
232.792 700.0 
232.444 701.0 
233.024 702.0 
232.908 703.0 
233.256 704.0 
232.444 705.0 
233.024 706.0 
232.676 707.0 
233.024 708.0 
232.908 709.0 
233.024 710.0 
233.256 711.0 
232.908 712.0 
233.024 713.0 
233.024 714.0 
232.212 715.0 
232.676 716.0 
232.212 717.0 
232.792 718.0 
232.908 719.0 
232.792 720.0 
232.908 721.0 
233.14 722.0 
233.14 723.0 
233.14 724.0 
233.372 725.0 
232.792 726.0 
232.676 727.0 
233.14 728.0 
233.024 729.0 
233.14 730.0 
233.024 731.0 
232.676 732.0 
233.024 733.0 
233.024 734.0 
232.908 735.0 
232.792 736.0 
232.908 737.0 
232.908 738.0 
232.56 739.0 
232.56 740.0 
232.676 741.0 
232.792 742.0 
232.676 743.0 
233.024 744.0 
232.676 745.0 
232.792 746.0 
232.908 747.0 
232.908 748.0 
232.792 749.0 
233.024 750.0 
232.908 751.0 
233.024 752.0 
232.792 753.0 
232.908 754.0 
232.676 755.0 
232.212 756.0 
232.56 757.0 
232.908 758.0 
232.908 759.0 
232.676 760.0 
233.024 761.0 
233.14 762.0 
232.908 763.0 
233.024 764.0 
233.024 765.0 
233.024 766.0 
233.024 767.0 
232.908 768.0 
232.908 769.0 
233.372 770.0 
233.14 771.0 
232.676 772.0 
232.676 773.0 
232.792 774.0 
232.792 775.0 
232.676 776.0 
232.792 777.0 
232.908 778.0 
233.024 779.0 
232.676 780.0 
232.792 781.0 
232.792 782.0 
232.792 783.0 
232.792 784.0 
232.908 785.0 
233.024 786.0 
233.14 787.0 
232.908 788.0 
232.792 789.0 
233.14 790.0 
233.024 791.0 
232.56 792.0 
232.908 793.0 
233.14 794.0 
232.908 795.0 
232.676 796.0 
232.676 797.0 
232.908 798.0 
232.908 799.0 
232.908 800.0 
233.024 801.0 
232.908 802.0 
233.024 803.0 
233.024 804.0 
0.028 805.0 
0.02 806.0 
0.023 807.0 
0.023 808.0 
0.012 809.0 
-0.005 810.0 
-0.032 811.0 
-0.06 812.0 
-0.074 813.0 
-0.099 814.0 
-0.114 815.0 
-0.122 816.0 
-0.134 817.0 
-0.152 818.0 
-0.149 819.0 
-0.164 820.0 
-0.149 821.0 
-0.155 822.0 
-0.155 823.0 
-0.143 824.0 
-0.131 825.0 
-0.131 826.0 
-0.126 827.0 
-0.103 828.0 
-0.084 829.0 
