-0.043 257.0 
-0.04 258.0 
-0.03 259.0 
-0.048 260.0 
-0.068 261.0 
-0.044 262.0 
-0.054 263.0 
-0.046 264.0 
-0.042 265.0 
-0.047 266.0 
-0.049 267.0 
-0.053 268.0 
-0.044 269.0 
-0.056 270.0 
-0.054 271.0 
-0.06 272.0 
-0.065 273.0 
-0.044 274.0 
812.22 275.0 
806.417 276.0 
804.096 277.0 
798.294 278.0 
793.652 279.0 
789.706 280.0 
785.993 281.0 
783.44 282.0 
779.494 283.0 
777.405 284.0 
775.664 285.0 
774.736 286.0 
774.04 287.0 
773.576 288.0 
772.415 289.0 
771.139 290.0 
768.47 291.0 
767.657 292.0 
767.309 293.0 
767.077 294.0 
764.408 295.0 
764.524 296.0 
764.872 297.0 
762.435 298.0 
762.087 299.0 
762.899 300.0 
760.462 301.0 
761.042 302.0 
758.605 303.0 
759.302 304.0 
759.882 305.0 
758.489 306.0 
758.605 307.0 
756.865 308.0 
757.677 309.0 
755.704 310.0 
756.401 311.0 
754.66 312.0 
755.356 313.0 
754.196 314.0 
754.892 315.0 
753.964 316.0 
755.008 317.0 
753.151 318.0 
754.196 319.0 
753.499 320.0 
747.697 321.0 
753.035 322.0 
752.803 323.0 
753.383 324.0 
752.571 325.0 
754.776 326.0 
752.803 327.0 
751.991 328.0 
753.615 329.0 
752.571 330.0 
751.759 331.0 
752.687 332.0 
752.455 333.0 
751.527 334.0 
753.383 335.0 
752.107 336.0 
752.223 337.0 
750.946 338.0 
752.919 339.0 
751.759 340.0 
751.643 341.0 
751.643 342.0 
752.919 343.0 
751.759 344.0 
751.527 345.0 
751.062 346.0 
750.946 347.0 
751.062 348.0 
751.643 349.0 
751.527 350.0 
750.598 351.0 
751.643 352.0 
750.83 353.0 
748.045 354.0 
751.643 355.0 
751.062 356.0 
751.643 357.0 
751.062 358.0 
751.643 359.0 
751.41 360.0 
751.527 361.0 
751.062 362.0 
751.062 363.0 
750.482 364.0 
751.062 365.0 
750.946 366.0 
751.062 367.0 
750.946 368.0 
750.714 369.0 
750.946 370.0 
751.294 371.0 
751.062 372.0 
751.178 373.0 
751.643 374.0 
751.062 375.0 
754.544 376.0 
750.366 377.0 
750.714 378.0 
750.598 379.0 
750.83 380.0 
751.294 381.0 
751.875 382.0 
750.598 383.0 
750.83 384.0 
750.598 385.0 
751.527 386.0 
750.134 387.0 
750.25 388.0 
750.83 389.0 
751.062 390.0 
750.482 391.0 
750.134 392.0 
751.062 393.0 
749.902 394.0 
750.598 395.0 
751.759 396.0 
750.25 397.0 
750.946 398.0 
749.67 399.0 
750.25 400.0 
751.527 401.0 
751.178 402.0 
751.643 403.0 
750.946 404.0 
750.946 405.0 
750.134 406.0 
750.946 407.0 
750.714 408.0 
750.83 409.0 
749.902 410.0 
750.598 411.0 
751.062 412.0 
753.964 413.0 
751.178 414.0 
749.786 415.0 
750.598 416.0 
749.902 417.0 
751.294 418.0 
750.946 419.0 
750.25 420.0 
750.366 421.0 
751.062 422.0 
751.527 423.0 
750.714 424.0 
750.134 425.0 
751.062 426.0 
750.946 427.0 
750.598 428.0 
750.25 429.0 
750.25 430.0 
750.598 431.0 
750.946 432.0 
751.062 433.0 
749.786 434.0 
750.482 435.0 
750.366 436.0 
751.643 437.0 
750.134 438.0 
750.482 439.0 
750.598 440.0 
750.598 441.0 
750.25 442.0 
750.714 443.0 
750.598 444.0 
750.482 445.0 
750.366 446.0 
751.527 447.0 
751.41 448.0 
751.178 449.0 
750.714 450.0 
750.018 451.0 
750.25 452.0 
750.018 453.0 
749.902 454.0 
750.946 455.0 
750.482 456.0 
750.25 457.0 
749.786 458.0 
750.946 459.0 
750.946 460.0 
750.598 461.0 
750.25 462.0 
751.643 463.0 
750.598 464.0 
750.714 465.0 
751.41 466.0 
750.83 467.0 
750.018 468.0 
750.946 469.0 
750.25 470.0 
750.366 471.0 
750.714 472.0 
751.41 473.0 
750.482 474.0 
751.41 475.0 
750.83 476.0 
750.018 477.0 
750.366 478.0 
749.786 479.0 
750.366 480.0 
751.178 481.0 
750.482 482.0 
750.946 483.0 
750.134 484.0 
750.946 485.0 
750.018 486.0 
750.366 487.0 
751.178 488.0 
750.482 489.0 
750.134 490.0 
750.598 491.0 
750.25 492.0 
750.25 493.0 
750.714 494.0 
749.902 495.0 
749.322 496.0 
750.25 497.0 
750.83 498.0 
749.554 499.0 
749.554 500.0 
750.482 501.0 
750.598 502.0 
749.206 503.0 
749.438 504.0 
749.786 505.0 
749.902 506.0 
747.465 507.0 
753.035 508.0 
749.322 509.0 
749.206 510.0 
749.322 511.0 
749.786 512.0 
749.902 513.0 
749.67 514.0 
750.018 515.0 
750.25 516.0 
750.018 517.0 
748.277 518.0 
748.625 519.0 
748.973 520.0 
749.206 521.0 
749.09 522.0 
748.973 523.0 
749.09 524.0 
748.857 525.0 
749.206 526.0 
749.206 527.0 
748.509 528.0 
748.625 529.0 
748.509 530.0 
748.161 531.0 
750.134 532.0 
750.018 533.0 
749.67 534.0 
749.67 535.0 
749.67 536.0 
749.438 537.0 
748.625 538.0 
748.741 539.0 
748.973 540.0 
750.366 541.0 
749.786 542.0 
749.322 543.0 
749.322 544.0 
749.09 545.0 
748.741 546.0 
750.018 547.0 
749.902 548.0 
749.67 549.0 
749.206 550.0 
748.625 551.0 
749.554 552.0 
749.09 553.0 
748.741 554.0 
748.509 555.0 
749.786 556.0 
749.206 557.0 
748.973 558.0 
744.68 559.0 
749.438 560.0 
749.438 561.0 
748.277 562.0 
749.554 563.0 
749.206 564.0 
748.161 565.0 
749.554 566.0 
748.973 567.0 
748.625 568.0 
749.554 569.0 
748.625 570.0 
749.786 571.0 
748.973 572.0 
748.625 573.0 
748.741 574.0 
748.741 575.0 
749.902 576.0 
748.857 577.0 
748.509 578.0 
749.554 579.0 
748.973 580.0 
750.366 581.0 
749.438 582.0 
749.786 583.0 
749.554 584.0 
750.482 585.0 
749.67 586.0 
748.857 587.0 
750.018 588.0 
748.973 589.0 
749.554 590.0 
748.857 591.0 
749.438 592.0 
748.741 593.0 
749.67 594.0 
748.625 595.0 
749.322 596.0 
748.741 597.0 
749.67 598.0 
748.973 599.0 
749.67 600.0 
750.482 601.0 
749.554 602.0 
750.134 603.0 
749.206 604.0 
749.786 605.0 
749.09 606.0 
749.67 607.0 
748.973 608.0 
749.438 609.0 
750.25 610.0 
749.206 611.0 
749.902 612.0 
748.625 613.0 
749.438 614.0 
748.393 615.0 
749.09 616.0 
750.018 617.0 
748.625 618.0 
749.438 619.0 
744.564 620.0 
749.322 621.0 
749.902 622.0 
748.857 623.0 
749.438 624.0 
750.018 625.0 
748.741 626.0 
749.554 627.0 
750.25 628.0 
749.09 629.0 
749.554 630.0 
749.786 631.0 
748.393 632.0 
749.67 633.0 
750.018 634.0 
749.206 635.0 
749.902 636.0 
750.134 637.0 
749.09 638.0 
749.438 639.0 
750.018 640.0 
748.857 641.0 
749.554 642.0 
749.786 643.0 
748.509 644.0 
749.322 645.0 
749.67 646.0 
750.018 647.0 
749.206 648.0 
748.973 649.0 
749.902 650.0 
748.393 651.0 
748.857 652.0 
749.322 653.0 
750.018 654.0 
748.393 655.0 
749.206 656.0 
748.973 657.0 
749.902 658.0 
748.857 659.0 
749.554 660.0 
749.902 661.0 
750.482 662.0 
748.741 663.0 
749.322 664.0 
749.554 665.0 
750.482 666.0 
748.857 667.0 
749.322 668.0 
750.018 669.0 
749.786 670.0 
748.277 671.0 
749.206 672.0 
749.322 673.0 
749.438 674.0 
750.018 675.0 
748.509 676.0 
748.973 677.0 
749.09 678.0 
749.786 679.0 
750.134 680.0 
748.741 681.0 
748.973 682.0 
749.438 683.0 
749.786 684.0 
749.902 685.0 
750.366 686.0 
748.509 687.0 
749.206 688.0 
749.67 689.0 
749.67 690.0 
749.67 691.0 
750.366 692.0 
748.625 693.0 
749.206 694.0 
748.973 695.0 
749.322 696.0 
750.018 697.0 
749.554 698.0 
747.117 699.0 
748.625 700.0 
749.322 701.0 
749.09 702.0 
749.554 703.0 
749.554 704.0 
749.67 705.0 
750.018 706.0 
748.625 707.0 
749.206 708.0 
749.09 709.0 
749.438 710.0 
749.322 711.0 
749.902 712.0 
749.902 713.0 
750.25 714.0 
750.25 715.0 
748.625 716.0 
748.857 717.0 
748.973 718.0 
749.09 719.0 
749.438 720.0 
749.67 721.0 
749.902 722.0 
749.902 723.0 
750.134 724.0 
750.366 725.0 
748.857 726.0 
748.625 727.0 
748.973 728.0 
748.973 729.0 
748.973 730.0 
749.09 731.0 
749.322 732.0 
749.206 733.0 
749.554 734.0 
749.786 735.0 
749.902 736.0 
750.018 737.0 
750.134 738.0 
747.581 739.0 
748.393 740.0 
748.741 741.0 
748.741 742.0 
748.625 743.0 
749.09 744.0 
748.857 745.0 
748.857 746.0 
748.857 747.0 
748.741 748.0 
748.857 749.0 
749.206 750.0 
748.973 751.0 
749.206 752.0 
749.322 753.0 
749.206 754.0 
749.322 755.0 
749.438 756.0 
749.438 757.0 
749.09 758.0 
749.322 759.0 
749.438 760.0 
750.018 761.0 
749.438 762.0 
749.786 763.0 
749.67 764.0 
749.438 765.0 
749.786 766.0 
749.554 767.0 
749.902 768.0 
749.786 769.0 
749.322 770.0 
749.554 771.0 
749.554 772.0 
749.438 773.0 
749.67 774.0 
749.902 775.0 
749.322 776.0 
749.438 777.0 
749.554 778.0 
749.554 779.0 
749.322 780.0 
749.554 781.0 
749.438 782.0 
749.322 783.0 
749.67 784.0 
749.438 785.0 
749.554 786.0 
749.206 787.0 
749.902 788.0 
749.786 789.0 
749.554 790.0 
749.322 791.0 
749.67 792.0 
749.322 793.0 
749.09 794.0 
749.554 795.0 
749.322 796.0 
749.554 797.0 
749.206 798.0 
749.322 799.0 
749.438 800.0 
749.438 801.0 
749.554 802.0 
749.554 803.0 
748.857 804.0 
0.095 805.0 
0.101 806.0 
0.102 807.0 
0.077 808.0 
0.054 809.0 
0.004 810.0 
-0.042 811.0 
-0.104 812.0 
-0.151 813.0 
-0.194 814.0 
-0.241 815.0 
-0.261 816.0 
-0.29 817.0 
-0.29 818.0 
-0.296 819.0 
-0.296 820.0 
-0.294 821.0 
-0.288 822.0 
-0.261 823.0 
-0.249 824.0 
-0.228 825.0 
-0.212 826.0 
-0.183 827.0 
-0.15 828.0 
-0.12 829.0 
