-0.054 257.0 
-0.041 258.0 
-0.089 259.0 
-0.042 260.0 
-0.05 261.0 
-0.064 262.0 
-0.06 263.0 
-0.061 264.0 
-0.038 265.0 
-0.206 266.0 
-0.048 267.0 
-0.046 268.0 
-0.043 269.0 
-0.041 270.0 
-0.066 271.0 
-0.052 272.0 
-0.058 273.0 
-0.06 274.0 
816.745 275.0 
810.711 276.0 
806.301 277.0 
800.383 278.0 
794.928 279.0 
790.054 280.0 
786.457 281.0 
784.02 282.0 
779.958 283.0 
777.405 284.0 
776.245 285.0 
774.968 286.0 
774.852 287.0 
773.46 288.0 
772.647 289.0 
772.995 290.0 
769.166 291.0 
768.353 292.0 
768.005 293.0 
768.237 294.0 
765.452 295.0 
765.22 296.0 
765.916 297.0 
763.363 298.0 
763.363 299.0 
764.06 300.0 
761.623 301.0 
762.203 302.0 
759.882 303.0 
760.694 304.0 
766.381 305.0 
759.534 306.0 
759.534 307.0 
758.141 308.0 
758.489 309.0 
756.633 310.0 
757.329 311.0 
755.704 312.0 
756.865 313.0 
755.24 314.0 
755.704 315.0 
755.356 316.0 
756.052 317.0 
754.196 318.0 
755.008 319.0 
754.776 320.0 
752.687 321.0 
754.544 322.0 
753.499 323.0 
754.776 324.0 
753.847 325.0 
753.847 326.0 
754.196 327.0 
753.035 328.0 
754.196 329.0 
753.499 330.0 
752.571 331.0 
756.633 332.0 
753.847 333.0 
752.571 334.0 
753.151 335.0 
753.267 336.0 
753.267 337.0 
752.107 338.0 
753.847 339.0 
752.339 340.0 
752.687 341.0 
752.455 342.0 
751.294 343.0 
752.571 344.0 
752.339 345.0 
752.223 346.0 
752.107 347.0 
751.527 348.0 
752.687 349.0 
752.107 350.0 
751.759 351.0 
752.223 352.0 
751.759 353.0 
750.598 354.0 
752.571 355.0 
751.991 356.0 
752.455 357.0 
751.875 358.0 
752.919 359.0 
752.339 360.0 
752.455 361.0 
751.875 362.0 
751.991 363.0 
751.759 364.0 
751.643 365.0 
752.107 366.0 
752.223 367.0 
751.643 368.0 
751.759 369.0 
751.643 370.0 
751.759 371.0 
751.991 372.0 
751.991 373.0 
752.107 374.0 
752.107 375.0 
754.892 376.0 
750.83 377.0 
751.41 378.0 
751.643 379.0 
751.527 380.0 
751.643 381.0 
752.571 382.0 
751.759 383.0 
751.759 384.0 
751.527 385.0 
752.339 386.0 
751.178 387.0 
751.527 388.0 
751.875 389.0 
751.759 390.0 
751.875 391.0 
751.178 392.0 
751.991 393.0 
750.482 394.0 
751.527 395.0 
752.339 396.0 
750.946 397.0 
751.875 398.0 
750.598 399.0 
751.294 400.0 
752.107 401.0 
751.991 402.0 
752.339 403.0 
751.991 404.0 
751.643 405.0 
751.062 406.0 
751.759 407.0 
751.294 408.0 
751.759 409.0 
750.83 410.0 
751.643 411.0 
752.223 412.0 
752.107 413.0 
751.875 414.0 
751.294 415.0 
751.527 416.0 
751.178 417.0 
751.991 418.0 
751.527 419.0 
751.41 420.0 
751.41 421.0 
751.759 422.0 
752.107 423.0 
751.41 424.0 
751.178 425.0 
751.643 426.0 
751.875 427.0 
751.643 428.0 
751.178 429.0 
751.527 430.0 
751.875 431.0 
752.223 432.0 
752.107 433.0 
751.178 434.0 
751.294 435.0 
751.41 436.0 
752.339 437.0 
751.062 438.0 
750.83 439.0 
751.643 440.0 
751.527 441.0 
751.178 442.0 
751.759 443.0 
751.294 444.0 
751.527 445.0 
751.062 446.0 
752.455 447.0 
752.223 448.0 
751.991 449.0 
753.035 450.0 
751.643 451.0 
751.294 452.0 
751.294 453.0 
751.062 454.0 
751.643 455.0 
750.482 456.0 
750.946 457.0 
750.714 458.0 
752.223 459.0 
752.223 460.0 
751.875 461.0 
751.527 462.0 
752.455 463.0 
751.875 464.0 
751.527 465.0 
752.339 466.0 
751.991 467.0 
751.062 468.0 
751.759 469.0 
751.41 470.0 
750.946 471.0 
751.527 472.0 
751.294 473.0 
751.527 474.0 
752.107 475.0 
751.41 476.0 
750.946 477.0 
751.41 478.0 
750.714 479.0 
751.759 480.0 
752.571 481.0 
751.527 482.0 
752.107 483.0 
751.178 484.0 
751.759 485.0 
751.062 486.0 
751.294 487.0 
752.339 488.0 
751.294 489.0 
751.294 490.0 
751.643 491.0 
751.178 492.0 
751.527 493.0 
751.759 494.0 
750.83 495.0 
750.598 496.0 
751.643 497.0 
751.875 498.0 
750.83 499.0 
750.946 500.0 
751.759 501.0 
751.875 502.0 
750.598 503.0 
750.482 504.0 
750.83 505.0 
751.178 506.0 
748.393 507.0 
753.847 508.0 
750.134 509.0 
750.018 510.0 
750.482 511.0 
750.83 512.0 
751.062 513.0 
750.946 514.0 
751.294 515.0 
751.294 516.0 
754.66 517.0 
749.67 518.0 
750.018 519.0 
750.134 520.0 
750.25 521.0 
750.134 522.0 
750.25 523.0 
750.366 524.0 
750.134 525.0 
750.25 526.0 
749.902 527.0 
749.902 528.0 
749.786 529.0 
749.322 530.0 
749.438 531.0 
751.062 532.0 
751.178 533.0 
750.598 534.0 
751.062 535.0 
751.062 536.0 
750.714 537.0 
749.786 538.0 
749.902 539.0 
750.134 540.0 
751.527 541.0 
750.83 542.0 
750.83 543.0 
750.366 544.0 
750.134 545.0 
749.786 546.0 
751.527 547.0 
750.714 548.0 
750.598 549.0 
749.902 550.0 
748.625 551.0 
750.83 552.0 
750.366 553.0 
749.67 554.0 
749.786 555.0 
750.946 556.0 
750.482 557.0 
749.67 558.0 
745.028 559.0 
750.714 560.0 
750.018 561.0 
749.438 562.0 
750.946 563.0 
750.018 564.0 
748.857 565.0 
750.482 566.0 
750.134 567.0 
749.554 568.0 
750.482 569.0 
749.67 570.0 
750.83 571.0 
750.134 572.0 
749.554 573.0 
749.902 574.0 
749.786 575.0 
750.83 576.0 
750.25 577.0 
749.786 578.0 
750.714 579.0 
750.482 580.0 
751.178 581.0 
750.714 582.0 
751.062 583.0 
750.946 584.0 
747.581 585.0 
750.946 586.0 
750.018 587.0 
751.062 588.0 
750.25 589.0 
750.598 590.0 
750.25 591.0 
750.482 592.0 
750.134 593.0 
750.25 594.0 
749.902 595.0 
750.482 596.0 
750.134 597.0 
750.482 598.0 
750.134 599.0 
750.83 600.0 
751.41 601.0 
750.598 602.0 
751.643 603.0 
750.598 604.0 
751.062 605.0 
750.018 606.0 
750.83 607.0 
750.134 608.0 
750.366 609.0 
751.178 610.0 
750.482 611.0 
751.294 612.0 
749.902 613.0 
750.83 614.0 
749.67 615.0 
750.25 616.0 
751.062 617.0 
749.438 618.0 
750.83 619.0 
747.349 620.0 
750.83 621.0 
750.714 622.0 
750.25 623.0 
750.714 624.0 
751.41 625.0 
749.902 626.0 
750.83 627.0 
751.41 628.0 
750.25 629.0 
750.366 630.0 
751.41 631.0 
749.902 632.0 
750.714 633.0 
751.527 634.0 
749.902 635.0 
750.714 636.0 
751.294 637.0 
750.018 638.0 
750.714 639.0 
751.178 640.0 
750.134 641.0 
750.714 642.0 
751.178 643.0 
749.786 644.0 
750.134 645.0 
750.946 646.0 
751.294 647.0 
750.134 648.0 
750.366 649.0 
750.946 650.0 
749.786 651.0 
750.25 652.0 
750.482 653.0 
750.714 654.0 
749.554 655.0 
749.902 656.0 
750.482 657.0 
750.714 658.0 
750.25 659.0 
750.598 660.0 
751.178 661.0 
751.41 662.0 
750.018 663.0 
750.598 664.0 
750.83 665.0 
751.41 666.0 
750.018 667.0 
750.598 668.0 
751.062 669.0 
750.946 670.0 
750.018 671.0 
750.482 672.0 
750.366 673.0 
750.83 674.0 
750.598 675.0 
749.786 676.0 
749.902 677.0 
750.366 678.0 
750.714 679.0 
751.643 680.0 
750.018 681.0 
750.018 682.0 
750.366 683.0 
751.062 684.0 
750.83 685.0 
751.527 686.0 
749.554 687.0 
750.366 688.0 
750.366 689.0 
750.482 690.0 
750.83 691.0 
751.527 692.0 
749.438 693.0 
750.134 694.0 
750.134 695.0 
750.598 696.0 
750.598 697.0 
750.83 698.0 
748.857 699.0 
750.134 700.0 
750.25 701.0 
750.714 702.0 
750.598 703.0 
750.714 704.0 
750.598 705.0 
751.178 706.0 
750.018 707.0 
750.134 708.0 
750.25 709.0 
750.25 710.0 
750.366 711.0 
751.062 712.0 
751.294 713.0 
751.294 714.0 
751.294 715.0 
749.67 716.0 
749.67 717.0 
749.902 718.0 
750.134 719.0 
750.83 720.0 
750.714 721.0 
750.83 722.0 
751.062 723.0 
751.294 724.0 
751.41 725.0 
749.322 726.0 
750.018 727.0 
750.25 728.0 
750.018 729.0 
750.25 730.0 
750.482 731.0 
750.714 732.0 
750.714 733.0 
750.598 734.0 
750.946 735.0 
750.946 736.0 
751.178 737.0 
750.946 738.0 
748.625 739.0 
749.902 740.0 
749.554 741.0 
749.902 742.0 
750.25 743.0 
749.786 744.0 
750.018 745.0 
750.134 746.0 
750.25 747.0 
750.134 748.0 
750.482 749.0 
750.366 750.0 
750.366 751.0 
750.482 752.0 
750.366 753.0 
750.482 754.0 
750.134 755.0 
750.25 756.0 
750.598 757.0 
750.366 758.0 
750.598 759.0 
750.83 760.0 
750.83 761.0 
750.366 762.0 
750.714 763.0 
750.946 764.0 
750.598 765.0 
750.714 766.0 
750.83 767.0 
750.714 768.0 
750.598 769.0 
750.482 770.0 
750.714 771.0 
750.83 772.0 
750.83 773.0 
750.946 774.0 
750.714 775.0 
750.83 776.0 
750.83 777.0 
750.598 778.0 
750.83 779.0 
750.598 780.0 
750.714 781.0 
750.366 782.0 
750.83 783.0 
750.83 784.0 
750.598 785.0 
750.598 786.0 
750.598 787.0 
750.482 788.0 
750.598 789.0 
750.714 790.0 
750.482 791.0 
750.598 792.0 
750.366 793.0 
750.714 794.0 
750.25 795.0 
750.482 796.0 
750.482 797.0 
750.598 798.0 
750.598 799.0 
750.366 800.0 
750.25 801.0 
750.482 802.0 
750.598 803.0 
750.598 804.0 
0.095 805.0 
0.101 806.0 
0.092 807.0 
0.068 808.0 
0.03 809.0 
-0.029 810.0 
-0.083 811.0 
-0.152 812.0 
-0.22 813.0 
-0.286 814.0 
-0.346 815.0 
-0.383 816.0 
-0.419 817.0 
-0.451 818.0 
-0.47 819.0 
-0.482 820.0 
-0.484 821.0 
-0.474 822.0 
-0.468 823.0 
-0.452 824.0 
-0.422 825.0 
-0.395 826.0 
-0.355 827.0 
-0.315 828.0 
-0.277 829.0 
