-0.056 257.0 
-0.056 258.0 
-0.064 259.0 
-0.031 260.0 
-0.013 261.0 
-0.025 262.0 
-0.034 263.0 
-0.044 264.0 
-0.036 265.0 
-0.042 266.0 
-0.042 267.0 
-0.064 268.0 
-0.047 269.0 
-0.05 270.0 
-0.038 271.0 
-0.053 272.0 
-0.052 273.0 
-0.055 274.0 
148.051 275.0 
145.271 276.0 
143.881 277.0 
142.281 278.0 
140.623 279.0 
138.625 280.0 
137.002 281.0 
134.806 282.0 
132.108 283.0 
130.52 284.0 
130.041 285.0 
129.725 286.0 
129.515 287.0 
129.2 288.0 
128.861 289.0 
128.593 290.0 
127.997 291.0 
127.728 292.0 
127.541 293.0 
127.378 294.0 
126.794 295.0 
126.654 296.0 
126.572 297.0 
125.988 298.0 
125.743 299.0 
125.626 300.0 
125.065 301.0 
124.96 302.0 
124.481 303.0 
124.318 304.0 
124.201 305.0 
123.559 306.0 
122.239 307.0 
119.728 308.0 
116.598 309.0 
112.591 310.0 
108.667 311.0 
104.334 312.0 
100.013 313.0 
95.609 314.0 
91.755 315.0 
88.123 316.0 
84.771 317.0 
81.944 318.0 
81.757 319.0 
81.547 320.0 
81.535 321.0 
81.395 322.0 
81.302 323.0 
81.302 324.0 
81.278 325.0 
81.372 326.0 
81.302 327.0 
81.162 328.0 
81.36 329.0 
81.278 330.0 
81.208 331.0 
81.302 332.0 
81.302 333.0 
81.208 334.0 
81.384 335.0 
81.267 336.0 
81.29 337.0 
81.162 338.0 
81.337 339.0 
81.267 340.0 
81.243 341.0 
81.22 342.0 
81.36 343.0 
81.173 344.0 
81.255 345.0 
81.208 346.0 
81.208 347.0 
81.302 348.0 
81.267 349.0 
81.232 350.0 
81.185 351.0 
81.232 352.0 
81.208 353.0 
81.103 354.0 
81.29 355.0 
81.232 356.0 
81.267 357.0 
81.255 358.0 
81.325 359.0 
81.22 360.0 
81.302 361.0 
81.22 362.0 
81.22 363.0 
81.162 364.0 
81.22 365.0 
81.243 366.0 
81.267 367.0 
81.197 368.0 
81.22 369.0 
81.243 370.0 
81.232 371.0 
81.255 372.0 
81.278 373.0 
81.278 374.0 
81.302 375.0 
81.278 376.0 
81.068 377.0 
81.197 378.0 
81.22 379.0 
81.22 380.0 
81.22 381.0 
81.337 382.0 
81.232 383.0 
81.22 384.0 
81.185 385.0 
81.325 386.0 
81.208 387.0 
81.127 388.0 
81.232 389.0 
81.232 390.0 
81.208 391.0 
81.185 392.0 
81.302 393.0 
81.115 394.0 
81.22 395.0 
81.313 396.0 
81.173 397.0 
81.255 398.0 
81.372 399.0 
81.185 400.0 
81.29 401.0 
81.243 402.0 
81.325 403.0 
81.267 404.0 
81.197 405.0 
81.197 406.0 
81.267 407.0 
81.197 408.0 
81.22 409.0 
81.185 410.0 
81.255 411.0 
81.278 412.0 
81.325 413.0 
81.243 414.0 
81.22 415.0 
81.232 416.0 
81.162 417.0 
81.348 418.0 
81.29 419.0 
81.15 420.0 
81.232 421.0 
81.232 422.0 
81.278 423.0 
81.208 424.0 
81.173 425.0 
81.267 426.0 
81.267 427.0 
81.173 428.0 
81.185 429.0 
81.15 430.0 
81.232 431.0 
81.255 432.0 
81.302 433.0 
81.15 434.0 
81.185 435.0 
81.197 436.0 
81.29 437.0 
81.115 438.0 
81.173 439.0 
81.197 440.0 
81.22 441.0 
81.197 442.0 
81.208 443.0 
81.197 444.0 
81.173 445.0 
81.173 446.0 
81.29 447.0 
81.278 448.0 
81.232 449.0 
81.337 450.0 
81.173 451.0 
81.208 452.0 
81.138 453.0 
81.138 454.0 
81.255 455.0 
81.208 456.0 
81.138 457.0 
81.127 458.0 
81.232 459.0 
81.232 460.0 
81.208 461.0 
81.197 462.0 
81.302 463.0 
81.255 464.0 
81.255 465.0 
81.29 466.0 
81.243 467.0 
81.15 468.0 
81.208 469.0 
81.15 470.0 
81.185 471.0 
81.185 472.0 
81.232 473.0 
81.22 474.0 
81.278 475.0 
81.197 476.0 
81.138 477.0 
81.232 478.0 
81.127 479.0 
81.208 480.0 
81.29 481.0 
81.185 482.0 
81.232 483.0 
81.197 484.0 
81.232 485.0 
81.173 486.0 
81.138 487.0 
81.278 488.0 
81.197 489.0 
81.185 490.0 
81.255 491.0 
81.232 492.0 
81.208 493.0 
81.232 494.0 
81.162 495.0 
81.092 496.0 
81.22 497.0 
81.22 498.0 
81.162 499.0 
81.173 500.0 
81.197 501.0 
81.232 502.0 
81.115 503.0 
81.138 504.0 
81.173 505.0 
81.232 506.0 
81.185 507.0 
81.302 508.0 
81.103 509.0 
81.127 510.0 
81.138 511.0 
81.162 512.0 
81.185 513.0 
81.162 514.0 
81.208 515.0 
81.197 516.0 
81.477 517.0 
81.033 518.0 
81.08 519.0 
81.103 520.0 
81.127 521.0 
81.092 522.0 
81.068 523.0 
81.092 524.0 
81.103 525.0 
81.103 526.0 
81.103 527.0 
80.998 528.0 
81.045 529.0 
80.986 530.0 
80.998 531.0 
81.173 532.0 
81.115 533.0 
81.068 534.0 
81.045 535.0 
80.998 536.0 
80.951 537.0 
80.858 538.0 
80.881 539.0 
80.87 540.0 
80.951 541.0 
80.823 542.0 
80.87 543.0 
80.823 544.0 
80.765 545.0 
80.718 546.0 
80.846 547.0 
80.765 548.0 
80.694 549.0 
80.683 550.0 
80.811 551.0 
80.741 552.0 
80.694 553.0 
80.601 554.0 
80.601 555.0 
80.741 556.0 
80.671 557.0 
80.636 558.0 
80.332 559.0 
80.706 560.0 
80.648 561.0 
80.589 562.0 
80.706 563.0 
80.636 564.0 
80.566 565.0 
80.729 566.0 
80.8 567.0 
80.543 568.0 
80.683 569.0 
80.601 570.0 
80.718 571.0 
80.624 572.0 
80.566 573.0 
80.659 574.0 
80.613 575.0 
80.718 576.0 
80.648 577.0 
80.659 578.0 
80.729 579.0 
80.659 580.0 
80.753 581.0 
80.683 582.0 
80.706 583.0 
80.683 584.0 
80.321 585.0 
80.753 586.0 
80.671 587.0 
80.718 588.0 
80.613 589.0 
80.706 590.0 
80.648 591.0 
80.683 592.0 
80.636 593.0 
80.706 594.0 
80.624 595.0 
80.683 596.0 
80.636 597.0 
80.718 598.0 
80.636 599.0 
80.694 600.0 
80.776 601.0 
80.683 602.0 
80.765 603.0 
80.624 604.0 
80.741 605.0 
80.648 606.0 
80.729 607.0 
80.589 608.0 
80.706 609.0 
80.8 610.0 
80.671 611.0 
80.729 612.0 
80.624 613.0 
80.706 614.0 
80.589 615.0 
80.659 616.0 
80.718 617.0 
80.531 618.0 
80.729 619.0 
80.461 620.0 
80.659 621.0 
80.718 622.0 
80.636 623.0 
80.694 624.0 
80.776 625.0 
80.624 626.0 
80.718 627.0 
80.765 628.0 
80.648 629.0 
80.683 630.0 
80.765 631.0 
80.601 632.0 
80.718 633.0 
80.975 634.0 
80.671 635.0 
80.718 636.0 
80.765 637.0 
80.613 638.0 
80.706 639.0 
80.753 640.0 
80.624 641.0 
80.648 642.0 
80.729 643.0 
80.601 644.0 
80.648 645.0 
80.706 646.0 
80.753 647.0 
80.613 648.0 
80.636 649.0 
80.718 650.0 
80.578 651.0 
80.543 652.0 
80.683 653.0 
80.741 654.0 
80.613 655.0 
80.671 656.0 
80.659 657.0 
80.753 658.0 
80.636 659.0 
80.683 660.0 
80.729 661.0 
80.706 662.0 
80.636 663.0 
80.694 664.0 
80.765 665.0 
80.823 666.0 
80.636 667.0 
80.671 668.0 
80.718 669.0 
80.753 670.0 
80.601 671.0 
80.613 672.0 
80.671 673.0 
80.694 674.0 
80.729 675.0 
80.601 676.0 
80.624 677.0 
80.648 678.0 
80.729 679.0 
80.8 680.0 
80.601 681.0 
80.624 682.0 
80.694 683.0 
80.683 684.0 
80.694 685.0 
80.776 686.0 
80.578 687.0 
80.601 688.0 
80.671 689.0 
80.683 690.0 
80.765 691.0 
80.753 692.0 
80.601 693.0 
80.624 694.0 
80.671 695.0 
80.706 696.0 
80.659 697.0 
80.706 698.0 
80.531 699.0 
80.624 700.0 
80.648 701.0 
80.694 702.0 
80.706 703.0 
80.694 704.0 
80.718 705.0 
80.741 706.0 
80.589 707.0 
80.601 708.0 
80.648 709.0 
80.648 710.0 
80.671 711.0 
80.706 712.0 
80.718 713.0 
80.753 714.0 
80.531 715.0 
80.589 716.0 
80.578 717.0 
80.624 718.0 
80.671 719.0 
80.648 720.0 
80.694 721.0 
80.706 722.0 
80.729 723.0 
80.765 724.0 
80.765 725.0 
80.613 726.0 
80.589 727.0 
80.624 728.0 
80.601 729.0 
80.648 730.0 
80.683 731.0 
80.659 732.0 
80.694 733.0 
80.718 734.0 
80.729 735.0 
80.729 736.0 
80.741 737.0 
80.729 738.0 
80.531 739.0 
80.589 740.0 
80.589 741.0 
80.601 742.0 
80.566 743.0 
80.601 744.0 
80.613 745.0 
80.636 746.0 
80.636 747.0 
80.624 748.0 
80.636 749.0 
80.636 750.0 
80.659 751.0 
80.636 752.0 
80.659 753.0 
80.671 754.0 
80.671 755.0 
80.671 756.0 
80.659 757.0 
80.659 758.0 
80.648 759.0 
80.659 760.0 
80.659 761.0 
80.706 762.0 
80.718 763.0 
80.718 764.0 
80.706 765.0 
80.706 766.0 
80.706 767.0 
80.694 768.0 
80.683 769.0 
80.671 770.0 
80.671 771.0 
80.683 772.0 
80.694 773.0 
80.683 774.0 
80.659 775.0 
80.683 776.0 
80.694 777.0 
80.753 778.0 
80.706 779.0 
80.694 780.0 
80.671 781.0 
80.683 782.0 
80.683 783.0 
80.648 784.0 
80.694 785.0 
80.694 786.0 
80.706 787.0 
80.683 788.0 
80.683 789.0 
80.683 790.0 
80.694 791.0 
80.671 792.0 
80.671 793.0 
80.706 794.0 
80.694 795.0 
80.671 796.0 
80.671 797.0 
80.683 798.0 
80.671 799.0 
80.694 800.0 
80.659 801.0 
80.671 802.0 
80.624 803.0 
80.671 804.0 
0.006 805.0 
0.001 806.0 
0.005 807.0 
0.004 808.0 
0.0 809.0 
0.0 810.0 
0.0 811.0 
-0.01 812.0 
-0.007 813.0 
-0.006 814.0 
-0.002 815.0 
-0.012 816.0 
0.001 817.0 
-0.008 818.0 
-0.02 819.0 
-0.006 820.0 
-0.013 821.0 
-0.01 822.0 
-0.017 823.0 
-0.006 824.0 
-0.004 825.0 
-0.011 826.0 
-0.017 827.0 
-0.018 828.0 
-0.018 829.0 
