-0.041 257.0 
-0.031 258.0 
-0.032 259.0 
-0.035 260.0 
-0.046 261.0 
-0.075 262.0 
-0.043 263.0 
-0.035 264.0 
-0.061 265.0 
-0.053 266.0 
-0.04 267.0 
-0.034 268.0 
-0.023 269.0 
-0.048 270.0 
-0.024 271.0 
-0.043 272.0 
-0.018 273.0 
-0.036 274.0 
146.416 275.0 
143.624 276.0 
142.468 277.0 
141.066 278.0 
139.595 279.0 
137.726 280.0 
136.091 281.0 
133.276 282.0 
130.59 283.0 
129.597 284.0 
129.118 285.0 
128.744 286.0 
128.476 287.0 
128.219 288.0 
127.938 289.0 
127.226 290.0 
127.098 291.0 
126.806 292.0 
126.654 293.0 
126.327 294.0 
125.953 295.0 
125.743 296.0 
125.603 297.0 
125.089 298.0 
124.913 299.0 
124.808 300.0 
124.271 301.0 
124.189 302.0 
123.652 303.0 
123.629 304.0 
123.313 305.0 
122.823 306.0 
121.585 307.0 
119.225 308.0 
116.422 309.0 
112.568 310.0 
108.632 311.0 
104.217 312.0 
100.375 313.0 
96.123 314.0 
92.059 315.0 
87.912 316.0 
84.409 317.0 
81.594 318.0 
81.442 319.0 
81.208 320.0 
81.01 321.0 
81.033 322.0 
80.928 323.0 
80.951 324.0 
80.916 325.0 
80.823 326.0 
80.905 327.0 
80.835 328.0 
81.08 329.0 
80.94 330.0 
80.87 331.0 
80.986 332.0 
80.998 333.0 
80.881 334.0 
80.788 335.0 
80.893 336.0 
80.94 337.0 
80.811 338.0 
80.963 339.0 
80.893 340.0 
80.858 341.0 
80.835 342.0 
80.881 343.0 
80.893 344.0 
80.87 345.0 
80.835 346.0 
80.811 347.0 
80.858 348.0 
80.893 349.0 
80.893 350.0 
80.846 351.0 
80.905 352.0 
80.87 353.0 
80.788 354.0 
80.776 355.0 
80.846 356.0 
80.916 357.0 
80.881 358.0 
80.916 359.0 
80.846 360.0 
80.881 361.0 
80.811 362.0 
80.87 363.0 
80.8 364.0 
80.823 365.0 
80.858 366.0 
80.916 367.0 
80.846 368.0 
80.823 369.0 
80.846 370.0 
80.893 371.0 
80.858 372.0 
80.916 373.0 
80.94 374.0 
80.916 375.0 
81.197 376.0 
80.776 377.0 
80.846 378.0 
80.858 379.0 
80.846 380.0 
80.846 381.0 
80.905 382.0 
80.881 383.0 
80.8 384.0 
80.811 385.0 
80.905 386.0 
80.858 387.0 
80.8 388.0 
80.905 389.0 
80.87 390.0 
80.87 391.0 
80.823 392.0 
80.928 393.0 
80.788 394.0 
80.87 395.0 
80.951 396.0 
80.788 397.0 
80.858 398.0 
80.729 399.0 
80.788 400.0 
80.916 401.0 
80.87 402.0 
80.951 403.0 
80.893 404.0 
80.858 405.0 
80.788 406.0 
80.87 407.0 
80.823 408.0 
80.881 409.0 
80.788 410.0 
80.893 411.0 
80.893 412.0 
81.185 413.0 
80.905 414.0 
80.8 415.0 
80.87 416.0 
80.788 417.0 
80.858 418.0 
80.893 419.0 
80.788 420.0 
80.835 421.0 
80.881 422.0 
80.905 423.0 
80.811 424.0 
80.823 425.0 
80.881 426.0 
80.881 427.0 
80.835 428.0 
80.858 429.0 
80.811 430.0 
80.881 431.0 
80.916 432.0 
80.951 433.0 
80.776 434.0 
80.823 435.0 
80.835 436.0 
80.846 437.0 
80.811 438.0 
80.753 439.0 
80.8 440.0 
80.8 441.0 
80.811 442.0 
80.823 443.0 
80.846 444.0 
80.835 445.0 
80.811 446.0 
80.928 447.0 
80.916 448.0 
80.87 449.0 
81.08 450.0 
80.835 451.0 
80.835 452.0 
80.823 453.0 
80.776 454.0 
80.881 455.0 
80.718 456.0 
80.811 457.0 
80.788 458.0 
80.87 459.0 
80.893 460.0 
80.835 461.0 
80.8 462.0 
80.893 463.0 
80.811 464.0 
80.846 465.0 
80.916 466.0 
80.846 467.0 
80.823 468.0 
80.87 469.0 
80.835 470.0 
80.765 471.0 
80.87 472.0 
80.729 473.0 
80.846 474.0 
80.94 475.0 
80.858 476.0 
80.741 477.0 
80.835 478.0 
80.776 479.0 
80.858 480.0 
80.905 481.0 
80.846 482.0 
80.905 483.0 
80.8 484.0 
80.893 485.0 
80.811 486.0 
80.788 487.0 
80.905 488.0 
80.776 489.0 
80.8 490.0 
80.893 491.0 
80.823 492.0 
80.846 493.0 
80.893 494.0 
80.788 495.0 
80.788 496.0 
80.846 497.0 
80.916 498.0 
80.765 499.0 
80.823 500.0 
80.788 501.0 
80.881 502.0 
80.718 503.0 
80.776 504.0 
80.823 505.0 
80.823 506.0 
80.753 507.0 
80.823 508.0 
80.648 509.0 
80.765 510.0 
80.823 511.0 
80.823 512.0 
80.823 513.0 
80.835 514.0 
80.87 515.0 
80.753 516.0 
81.15 517.0 
80.648 518.0 
80.706 519.0 
80.729 520.0 
80.694 521.0 
80.694 522.0 
80.706 523.0 
80.694 524.0 
80.683 525.0 
80.694 526.0 
80.648 527.0 
80.683 528.0 
80.648 529.0 
80.636 530.0 
80.613 531.0 
80.741 532.0 
81.045 533.0 
80.694 534.0 
80.671 535.0 
80.636 536.0 
80.589 537.0 
80.484 538.0 
80.473 539.0 
80.426 540.0 
80.543 541.0 
80.496 542.0 
80.449 543.0 
80.402 544.0 
80.356 545.0 
80.286 546.0 
80.449 547.0 
80.297 548.0 
80.321 549.0 
80.297 550.0 
80.216 551.0 
80.332 552.0 
80.332 553.0 
80.251 554.0 
80.204 555.0 
80.309 556.0 
80.262 557.0 
80.204 558.0 
80.052 559.0 
80.321 560.0 
80.227 561.0 
80.204 562.0 
80.286 563.0 
80.216 564.0 
80.192 565.0 
80.286 566.0 
80.344 567.0 
80.192 568.0 
80.286 569.0 
80.227 570.0 
80.356 571.0 
80.262 572.0 
80.204 573.0 
80.309 574.0 
80.204 575.0 
80.729 576.0 
80.239 577.0 
80.216 578.0 
80.367 579.0 
80.286 580.0 
80.402 581.0 
80.286 582.0 
80.379 583.0 
80.309 584.0 
80.04 585.0 
80.321 586.0 
80.227 587.0 
80.344 588.0 
80.262 589.0 
80.379 590.0 
80.239 591.0 
80.332 592.0 
80.227 593.0 
80.344 594.0 
80.239 595.0 
80.286 596.0 
80.262 597.0 
80.262 598.0 
80.262 599.0 
80.227 600.0 
80.367 601.0 
80.239 602.0 
80.391 603.0 
80.192 604.0 
80.402 605.0 
80.227 606.0 
80.344 607.0 
80.251 608.0 
80.309 609.0 
79.515 610.0 
80.274 611.0 
80.286 612.0 
80.251 613.0 
80.262 614.0 
80.239 615.0 
80.216 616.0 
80.356 617.0 
80.204 618.0 
80.332 619.0 
80.157 620.0 
80.274 621.0 
80.321 622.0 
80.239 623.0 
80.262 624.0 
80.356 625.0 
80.227 626.0 
80.321 627.0 
80.367 628.0 
80.274 629.0 
80.321 630.0 
80.367 631.0 
80.262 632.0 
80.309 633.0 
80.473 634.0 
80.216 635.0 
80.297 636.0 
80.379 637.0 
80.227 638.0 
80.227 639.0 
80.367 640.0 
80.204 641.0 
80.274 642.0 
80.321 643.0 
80.216 644.0 
80.227 645.0 
80.297 646.0 
80.402 647.0 
80.216 648.0 
80.286 649.0 
80.344 650.0 
80.181 651.0 
80.274 652.0 
80.321 653.0 
80.356 654.0 
80.227 655.0 
80.181 656.0 
80.262 657.0 
80.367 658.0 
80.262 659.0 
80.309 660.0 
80.297 661.0 
80.356 662.0 
80.262 663.0 
80.309 664.0 
80.332 665.0 
80.367 666.0 
80.216 667.0 
80.251 668.0 
80.321 669.0 
80.379 670.0 
80.216 671.0 
80.262 672.0 
80.309 673.0 
80.309 674.0 
80.344 675.0 
80.192 676.0 
80.227 677.0 
80.297 678.0 
80.286 679.0 
80.332 680.0 
80.204 681.0 
80.216 682.0 
80.286 683.0 
80.297 684.0 
80.321 685.0 
80.414 686.0 
80.204 687.0 
80.274 688.0 
80.286 689.0 
80.297 690.0 
80.309 691.0 
80.344 692.0 
80.204 693.0 
80.239 694.0 
80.239 695.0 
80.274 696.0 
80.332 697.0 
80.344 698.0 
80.181 699.0 
80.216 700.0 
80.227 701.0 
80.286 702.0 
80.297 703.0 
80.321 704.0 
80.321 705.0 
80.379 706.0 
80.227 707.0 
80.204 708.0 
80.262 709.0 
80.251 710.0 
80.274 711.0 
80.344 712.0 
80.286 713.0 
80.344 714.0 
80.169 715.0 
80.192 716.0 
80.204 717.0 
80.262 718.0 
80.216 719.0 
80.321 720.0 
80.286 721.0 
80.321 722.0 
80.332 723.0 
80.356 724.0 
80.414 725.0 
80.204 726.0 
80.204 727.0 
80.274 728.0 
80.274 729.0 
80.227 730.0 
80.286 731.0 
80.286 732.0 
80.321 733.0 
80.344 734.0 
80.379 735.0 
80.309 736.0 
80.356 737.0 
80.321 738.0 
80.169 739.0 
80.192 740.0 
80.204 741.0 
80.216 742.0 
80.216 743.0 
80.204 744.0 
80.239 745.0 
80.274 746.0 
80.251 747.0 
80.274 748.0 
80.227 749.0 
80.251 750.0 
80.286 751.0 
80.286 752.0 
80.286 753.0 
80.321 754.0 
80.309 755.0 
80.262 756.0 
80.274 757.0 
80.251 758.0 
80.286 759.0 
80.297 760.0 
80.297 761.0 
80.309 762.0 
80.309 763.0 
80.309 764.0 
80.309 765.0 
80.309 766.0 
80.297 767.0 
80.297 768.0 
80.321 769.0 
80.309 770.0 
80.309 771.0 
80.309 772.0 
80.309 773.0 
80.297 774.0 
80.297 775.0 
80.297 776.0 
80.297 777.0 
80.309 778.0 
80.297 779.0 
80.297 780.0 
80.274 781.0 
80.297 782.0 
80.286 783.0 
80.286 784.0 
80.297 785.0 
80.309 786.0 
80.321 787.0 
80.309 788.0 
80.321 789.0 
80.297 790.0 
80.309 791.0 
80.309 792.0 
80.332 793.0 
80.286 794.0 
80.274 795.0 
80.251 796.0 
80.286 797.0 
80.274 798.0 
80.251 799.0 
80.286 800.0 
80.297 801.0 
80.274 802.0 
80.274 803.0 
80.274 804.0 
0.0 805.0 
-0.007 806.0 
0.001 807.0 
0.004 808.0 
-0.005 809.0 
-0.005 810.0 
-0.025 811.0 
-0.023 812.0 
-0.037 813.0 
-0.047 814.0 
-0.047 815.0 
-0.061 816.0 
-0.059 817.0 
-0.059 818.0 
-0.06 819.0 
-0.072 820.0 
-0.073 821.0 
-0.064 822.0 
-0.056 823.0 
-0.058 824.0 
-0.054 825.0 
-0.05 826.0 
-0.043 827.0 
-0.031 828.0 
-0.044 829.0 
