-0.035 257.0 
-0.035 258.0 
-0.087 259.0 
-0.073 260.0 
-0.049 261.0 
-0.077 262.0 
-0.047 263.0 
-0.059 264.0 
-0.024 265.0 
-0.049 266.0 
-0.054 267.0 
-0.046 268.0 
-0.038 269.0 
-0.059 270.0 
-0.049 271.0 
-0.056 272.0 
-0.034 273.0 
-0.049 274.0 
139.595 275.0 
137.072 276.0 
136.009 277.0 
134.596 278.0 
133.042 279.0 
131.314 280.0 
129.749 281.0 
127.728 282.0 
124.54 283.0 
123.115 284.0 
122.718 285.0 
122.391 286.0 
122.297 287.0 
122.087 288.0 
121.842 289.0 
121.269 290.0 
121.141 291.0 
120.977 292.0 
120.767 293.0 
120.767 294.0 
120.242 295.0 
120.136 296.0 
120.125 297.0 
119.611 298.0 
119.459 299.0 
119.354 300.0 
118.875 301.0 
118.863 302.0 
118.361 303.0 
118.256 304.0 
118.198 305.0 
117.544 306.0 
116.259 307.0 
113.97 308.0 
111.085 309.0 
107.336 310.0 
103.516 311.0 
99.265 312.0 
95.329 313.0 
91.043 314.0 
87.212 315.0 
83.252 316.0 
79.982 317.0 
77.237 318.0 
77.109 319.0 
76.852 320.0 
76.712 321.0 
76.77 322.0 
76.653 323.0 
76.688 324.0 
76.665 325.0 
76.548 326.0 
76.653 327.0 
76.56 328.0 
76.98 329.0 
76.665 330.0 
76.607 331.0 
76.677 332.0 
76.7 333.0 
76.607 334.0 
76.63 335.0 
76.7 336.0 
76.677 337.0 
76.572 338.0 
76.712 339.0 
76.583 340.0 
76.595 341.0 
76.583 342.0 
76.7 343.0 
76.618 344.0 
76.607 345.0 
76.583 346.0 
76.583 347.0 
76.7 348.0 
76.688 349.0 
76.607 350.0 
76.618 351.0 
76.63 352.0 
76.583 353.0 
76.536 354.0 
76.688 355.0 
76.642 356.0 
76.7 357.0 
76.63 358.0 
76.677 359.0 
76.642 360.0 
76.677 361.0 
76.618 362.0 
76.653 363.0 
76.572 364.0 
76.595 365.0 
76.653 366.0 
76.665 367.0 
76.595 368.0 
76.607 369.0 
76.618 370.0 
76.665 371.0 
76.688 372.0 
76.688 373.0 
76.688 374.0 
76.712 375.0 
76.992 376.0 
76.536 377.0 
76.63 378.0 
76.607 379.0 
76.583 380.0 
76.618 381.0 
76.688 382.0 
76.618 383.0 
76.607 384.0 
76.595 385.0 
76.712 386.0 
76.56 387.0 
76.536 388.0 
76.642 389.0 
76.653 390.0 
76.642 391.0 
76.583 392.0 
76.677 393.0 
76.525 394.0 
76.653 395.0 
76.723 396.0 
76.595 397.0 
76.642 398.0 
76.513 399.0 
76.572 400.0 
76.688 401.0 
76.63 402.0 
76.677 403.0 
76.665 404.0 
76.595 405.0 
76.525 406.0 
76.607 407.0 
76.548 408.0 
76.618 409.0 
76.536 410.0 
76.583 411.0 
76.665 412.0 
76.969 413.0 
76.688 414.0 
76.572 415.0 
76.665 416.0 
76.595 417.0 
76.688 418.0 
76.653 419.0 
76.56 420.0 
76.583 421.0 
76.63 422.0 
76.665 423.0 
76.572 424.0 
76.583 425.0 
76.618 426.0 
76.63 427.0 
76.572 428.0 
76.595 429.0 
76.56 430.0 
76.642 431.0 
76.665 432.0 
76.712 433.0 
76.56 434.0 
76.572 435.0 
76.63 436.0 
76.735 437.0 
76.56 438.0 
76.607 439.0 
76.572 440.0 
76.583 441.0 
76.595 442.0 
76.595 443.0 
76.607 444.0 
76.56 445.0 
76.548 446.0 
76.642 447.0 
76.677 448.0 
76.653 449.0 
76.887 450.0 
76.607 451.0 
76.56 452.0 
76.56 453.0 
76.548 454.0 
76.63 455.0 
76.595 456.0 
76.607 457.0 
76.56 458.0 
76.618 459.0 
76.665 460.0 
76.595 461.0 
76.572 462.0 
76.688 463.0 
76.607 464.0 
76.618 465.0 
76.677 466.0 
76.607 467.0 
76.572 468.0 
76.642 469.0 
76.595 470.0 
76.618 471.0 
76.618 472.0 
76.688 473.0 
76.618 474.0 
76.7 475.0 
76.618 476.0 
76.56 477.0 
76.607 478.0 
76.525 479.0 
76.583 480.0 
76.677 481.0 
76.583 482.0 
76.665 483.0 
76.572 484.0 
76.583 485.0 
76.56 486.0 
76.56 487.0 
76.618 488.0 
76.572 489.0 
76.583 490.0 
76.665 491.0 
76.642 492.0 
76.63 493.0 
76.653 494.0 
76.56 495.0 
76.525 496.0 
76.607 497.0 
76.653 498.0 
76.548 499.0 
76.49 500.0 
76.618 501.0 
76.653 502.0 
76.501 503.0 
76.501 504.0 
76.536 505.0 
76.56 506.0 
76.536 507.0 
76.747 508.0 
76.513 509.0 
76.548 510.0 
76.56 511.0 
76.583 512.0 
76.572 513.0 
76.618 514.0 
76.607 515.0 
76.653 516.0 
76.7 517.0 
76.455 518.0 
76.431 519.0 
76.478 520.0 
76.478 521.0 
76.513 522.0 
76.478 523.0 
76.513 524.0 
76.501 525.0 
76.478 526.0 
76.466 527.0 
76.396 528.0 
76.455 529.0 
76.443 530.0 
76.455 531.0 
76.548 532.0 
76.572 533.0 
76.513 534.0 
76.536 535.0 
76.466 536.0 
76.431 537.0 
76.455 538.0 
76.35 539.0 
76.338 540.0 
76.431 541.0 
76.396 542.0 
76.361 543.0 
76.303 544.0 
76.28 545.0 
76.209 546.0 
76.338 547.0 
76.268 548.0 
76.268 549.0 
76.186 550.0 
76.116 551.0 
76.28 552.0 
76.198 553.0 
76.186 554.0 
76.163 555.0 
76.268 556.0 
76.256 557.0 
76.186 558.0 
75.824 559.0 
76.209 560.0 
76.198 561.0 
76.116 562.0 
76.221 563.0 
76.186 564.0 
76.104 565.0 
76.221 566.0 
76.209 567.0 
76.116 568.0 
76.221 569.0 
76.151 570.0 
76.256 571.0 
76.198 572.0 
76.116 573.0 
76.198 574.0 
76.151 575.0 
76.245 576.0 
76.163 577.0 
76.198 578.0 
76.256 579.0 
76.221 580.0 
76.291 581.0 
76.221 582.0 
76.268 583.0 
76.245 584.0 
76.326 585.0 
76.256 586.0 
76.186 587.0 
76.245 588.0 
76.198 589.0 
76.28 590.0 
76.174 591.0 
76.233 592.0 
76.151 593.0 
76.174 594.0 
76.163 595.0 
76.256 596.0 
76.186 597.0 
76.245 598.0 
76.163 599.0 
76.209 600.0 
76.315 601.0 
76.233 602.0 
76.303 603.0 
76.209 604.0 
76.268 605.0 
76.151 606.0 
76.256 607.0 
76.151 608.0 
76.209 609.0 
76.268 610.0 
76.198 611.0 
76.315 612.0 
76.163 613.0 
76.209 614.0 
76.186 615.0 
76.221 616.0 
76.291 617.0 
76.174 618.0 
76.256 619.0 
75.801 620.0 
76.174 621.0 
76.245 622.0 
76.174 623.0 
76.209 624.0 
76.303 625.0 
76.151 626.0 
76.233 627.0 
76.268 628.0 
76.151 629.0 
76.245 630.0 
76.303 631.0 
76.128 632.0 
76.245 633.0 
76.303 634.0 
76.209 635.0 
76.245 636.0 
76.315 637.0 
76.198 638.0 
76.186 639.0 
76.256 640.0 
76.163 641.0 
76.209 642.0 
76.256 643.0 
76.116 644.0 
76.174 645.0 
76.245 646.0 
76.291 647.0 
76.174 648.0 
76.245 649.0 
76.268 650.0 
76.151 651.0 
76.174 652.0 
76.198 653.0 
76.28 654.0 
76.139 655.0 
76.209 656.0 
76.221 657.0 
76.291 658.0 
76.128 659.0 
76.221 660.0 
76.28 661.0 
76.326 662.0 
76.139 663.0 
76.198 664.0 
76.245 665.0 
76.268 666.0 
76.151 667.0 
76.209 668.0 
76.256 669.0 
76.291 670.0 
76.151 671.0 
76.163 672.0 
76.245 673.0 
76.245 674.0 
76.28 675.0 
76.151 676.0 
76.174 677.0 
76.233 678.0 
76.209 679.0 
76.268 680.0 
76.139 681.0 
76.163 682.0 
76.186 683.0 
76.221 684.0 
76.245 685.0 
76.291 686.0 
76.116 687.0 
76.163 688.0 
76.233 689.0 
76.233 690.0 
76.303 691.0 
76.326 692.0 
76.116 693.0 
76.139 694.0 
76.221 695.0 
76.245 696.0 
76.268 697.0 
76.233 698.0 
75.906 699.0 
76.128 700.0 
76.163 701.0 
76.186 702.0 
76.233 703.0 
76.245 704.0 
76.256 705.0 
76.28 706.0 
76.116 707.0 
76.163 708.0 
76.198 709.0 
76.233 710.0 
76.209 711.0 
76.233 712.0 
76.256 713.0 
76.303 714.0 
76.303 715.0 
76.151 716.0 
76.174 717.0 
76.174 718.0 
76.198 719.0 
76.233 720.0 
76.209 721.0 
76.256 722.0 
76.268 723.0 
76.291 724.0 
76.303 725.0 
76.139 726.0 
76.116 727.0 
76.139 728.0 
76.174 729.0 
76.186 730.0 
76.209 731.0 
76.209 732.0 
76.256 733.0 
76.256 734.0 
76.268 735.0 
76.28 736.0 
76.28 737.0 
76.303 738.0 
75.894 739.0 
76.093 740.0 
76.104 741.0 
76.128 742.0 
76.163 743.0 
76.174 744.0 
76.174 745.0 
76.151 746.0 
76.151 747.0 
76.174 748.0 
76.186 749.0 
76.198 750.0 
76.209 751.0 
76.198 752.0 
76.186 753.0 
76.221 754.0 
76.198 755.0 
76.233 756.0 
76.198 757.0 
76.221 758.0 
76.233 759.0 
76.209 760.0 
76.209 761.0 
76.233 762.0 
76.233 763.0 
76.233 764.0 
76.233 765.0 
76.209 766.0 
76.245 767.0 
76.233 768.0 
76.221 769.0 
76.233 770.0 
76.245 771.0 
76.233 772.0 
76.245 773.0 
76.198 774.0 
76.233 775.0 
76.233 776.0 
76.233 777.0 
76.245 778.0 
76.245 779.0 
76.233 780.0 
76.221 781.0 
76.233 782.0 
76.221 783.0 
76.221 784.0 
76.198 785.0 
76.209 786.0 
76.221 787.0 
76.209 788.0 
76.245 789.0 
76.198 790.0 
76.221 791.0 
76.233 792.0 
76.209 793.0 
76.245 794.0 
76.209 795.0 
76.233 796.0 
76.233 797.0 
76.198 798.0 
76.198 799.0 
76.186 800.0 
76.221 801.0 
76.209 802.0 
76.174 803.0 
76.209 804.0 
-0.007 805.0 
-0.01 806.0 
-0.008 807.0 
0.004 808.0 
-0.001 809.0 
-0.005 810.0 
-0.006 811.0 
-0.007 812.0 
-0.001 813.0 
-0.006 814.0 
-0.004 815.0 
-0.008 816.0 
-0.006 817.0 
-0.013 818.0 
-0.017 819.0 
-0.012 820.0 
-0.019 821.0 
-0.019 822.0 
-0.023 823.0 
-0.024 824.0 
-0.025 825.0 
-0.03 826.0 
-0.032 827.0 
-0.032 828.0 
-0.029 829.0 
