-0.041 257.0 
-0.029 258.0 
-0.04 259.0 
-0.044 260.0 
-0.043 261.0 
-0.035 262.0 
-0.018 263.0 
-0.026 264.0 
-0.041 265.0 
-0.049 266.0 
-0.049 267.0 
-0.017 268.0 
-0.018 269.0 
-0.035 270.0 
-0.056 271.0 
-0.048 272.0 
-0.043 273.0 
-0.026 274.0 
141.557 275.0 
138.509 276.0 
137.516 277.0 
136.173 278.0 
134.678 279.0 
132.891 280.0 
131.571 281.0 
129.842 282.0 
126.864 283.0 
125.895 284.0 
125.579 285.0 
125.311 286.0 
125.135 287.0 
124.925 288.0 
124.727 289.0 
124.119 290.0 
123.991 291.0 
123.781 292.0 
123.675 293.0 
123.348 294.0 
123.091 295.0 
122.998 296.0 
122.928 297.0 
122.437 298.0 
122.344 299.0 
122.052 300.0 
121.737 301.0 
121.725 302.0 
121.223 303.0 
121.141 304.0 
120.884 305.0 
120.499 306.0 
119.401 307.0 
117.427 308.0 
114.939 309.0 
111.447 310.0 
107.978 311.0 
104.065 312.0 
100.223 313.0 
96.006 314.0 
91.848 315.0 
87.702 316.0 
83.988 317.0 
81.43 318.0 
81.313 319.0 
81.045 320.0 
80.951 321.0 
80.963 322.0 
80.823 323.0 
80.87 324.0 
80.811 325.0 
80.729 326.0 
80.823 327.0 
80.741 328.0 
80.729 329.0 
80.858 330.0 
80.8 331.0 
80.823 332.0 
80.87 333.0 
80.765 334.0 
80.706 335.0 
80.835 336.0 
80.858 337.0 
80.753 338.0 
80.823 339.0 
80.765 340.0 
80.765 341.0 
80.776 342.0 
80.881 343.0 
80.811 344.0 
80.741 345.0 
80.741 346.0 
80.683 347.0 
80.729 348.0 
80.846 349.0 
80.846 350.0 
80.765 351.0 
80.811 352.0 
80.8 353.0 
80.683 354.0 
80.741 355.0 
80.846 356.0 
80.858 357.0 
80.8 358.0 
80.846 359.0 
80.811 360.0 
80.823 361.0 
80.776 362.0 
80.8 363.0 
80.718 364.0 
80.729 365.0 
80.776 366.0 
80.8 367.0 
80.741 368.0 
80.741 369.0 
80.788 370.0 
80.788 371.0 
80.811 372.0 
80.823 373.0 
80.835 374.0 
80.858 375.0 
80.951 376.0 
80.765 377.0 
80.776 378.0 
80.788 379.0 
80.753 380.0 
80.741 381.0 
80.753 382.0 
80.765 383.0 
80.753 384.0 
80.706 385.0 
80.858 386.0 
80.729 387.0 
80.706 388.0 
80.823 389.0 
80.811 390.0 
80.811 391.0 
80.765 392.0 
80.858 393.0 
80.718 394.0 
80.776 395.0 
80.881 396.0 
80.741 397.0 
80.846 398.0 
80.683 399.0 
80.706 400.0 
80.87 401.0 
80.835 402.0 
80.858 403.0 
80.788 404.0 
80.741 405.0 
80.706 406.0 
80.765 407.0 
80.729 408.0 
80.776 409.0 
80.718 410.0 
80.776 411.0 
80.846 412.0 
81.15 413.0 
80.823 414.0 
80.729 415.0 
80.8 416.0 
80.718 417.0 
80.823 418.0 
80.788 419.0 
80.706 420.0 
80.765 421.0 
80.776 422.0 
80.823 423.0 
80.718 424.0 
80.765 425.0 
80.8 426.0 
80.835 427.0 
80.753 428.0 
80.753 429.0 
80.741 430.0 
80.788 431.0 
80.8 432.0 
80.823 433.0 
80.706 434.0 
80.706 435.0 
80.729 436.0 
80.8 437.0 
80.741 438.0 
80.683 439.0 
80.741 440.0 
80.729 441.0 
80.729 442.0 
80.729 443.0 
80.741 444.0 
80.729 445.0 
80.741 446.0 
80.823 447.0 
80.765 448.0 
80.788 449.0 
80.893 450.0 
80.753 451.0 
80.753 452.0 
80.741 453.0 
80.659 454.0 
80.8 455.0 
80.566 456.0 
80.706 457.0 
80.718 458.0 
80.765 459.0 
80.788 460.0 
80.8 461.0 
80.729 462.0 
80.846 463.0 
80.753 464.0 
80.741 465.0 
80.835 466.0 
80.776 467.0 
80.706 468.0 
80.753 469.0 
80.765 470.0 
80.718 471.0 
80.753 472.0 
80.671 473.0 
80.765 474.0 
80.846 475.0 
80.765 476.0 
80.683 477.0 
80.776 478.0 
80.671 479.0 
80.741 480.0 
80.835 481.0 
80.753 482.0 
80.788 483.0 
80.729 484.0 
80.765 485.0 
80.683 486.0 
80.718 487.0 
80.788 488.0 
80.683 489.0 
80.776 490.0 
80.835 491.0 
80.753 492.0 
80.788 493.0 
80.811 494.0 
80.706 495.0 
80.683 496.0 
80.765 497.0 
80.823 498.0 
80.706 499.0 
80.741 500.0 
80.718 501.0 
80.788 502.0 
80.659 503.0 
80.694 504.0 
80.706 505.0 
80.741 506.0 
80.706 507.0 
80.729 508.0 
80.636 509.0 
80.694 510.0 
80.706 511.0 
80.741 512.0 
80.729 513.0 
80.753 514.0 
80.776 515.0 
80.8 516.0 
81.103 517.0 
80.589 518.0 
80.636 519.0 
80.624 520.0 
80.648 521.0 
80.624 522.0 
80.648 523.0 
80.613 524.0 
80.624 525.0 
80.613 526.0 
80.613 527.0 
80.554 528.0 
80.578 529.0 
80.531 530.0 
80.531 531.0 
80.659 532.0 
80.624 533.0 
80.578 534.0 
80.554 535.0 
80.566 536.0 
80.519 537.0 
80.402 538.0 
80.391 539.0 
80.356 540.0 
80.473 541.0 
80.367 542.0 
80.356 543.0 
80.309 544.0 
80.274 545.0 
80.216 546.0 
80.367 547.0 
80.286 548.0 
80.251 549.0 
80.181 550.0 
80.134 551.0 
80.239 552.0 
80.192 553.0 
80.157 554.0 
80.145 555.0 
80.227 556.0 
80.216 557.0 
80.157 558.0 
79.842 559.0 
80.192 560.0 
80.157 561.0 
80.087 562.0 
80.204 563.0 
80.181 564.0 
80.075 565.0 
80.204 566.0 
80.192 567.0 
80.087 568.0 
80.122 569.0 
80.11 570.0 
80.251 571.0 
80.157 572.0 
80.099 573.0 
80.192 574.0 
80.134 575.0 
80.554 576.0 
80.145 577.0 
80.181 578.0 
80.262 579.0 
80.181 580.0 
80.274 581.0 
80.169 582.0 
80.262 583.0 
80.169 584.0 
79.83 585.0 
80.216 586.0 
80.145 587.0 
80.227 588.0 
80.134 589.0 
80.216 590.0 
80.169 591.0 
80.262 592.0 
80.157 593.0 
80.227 594.0 
80.169 595.0 
80.181 596.0 
80.157 597.0 
80.262 598.0 
80.134 599.0 
80.216 600.0 
80.297 601.0 
80.181 602.0 
80.274 603.0 
80.157 604.0 
80.239 605.0 
80.134 606.0 
80.216 607.0 
80.099 608.0 
80.204 609.0 
80.262 610.0 
80.181 611.0 
80.251 612.0 
80.157 613.0 
80.251 614.0 
80.145 615.0 
80.181 616.0 
80.274 617.0 
80.099 618.0 
80.239 619.0 
79.959 620.0 
80.145 621.0 
80.227 622.0 
80.169 623.0 
80.192 624.0 
80.274 625.0 
80.122 626.0 
80.204 627.0 
80.274 628.0 
80.157 629.0 
80.227 630.0 
80.297 631.0 
80.169 632.0 
80.239 633.0 
80.531 634.0 
80.169 635.0 
80.227 636.0 
80.297 637.0 
80.145 638.0 
80.216 639.0 
80.262 640.0 
80.134 641.0 
80.157 642.0 
80.251 643.0 
80.122 644.0 
80.157 645.0 
80.216 646.0 
80.297 647.0 
80.134 648.0 
80.181 649.0 
80.239 650.0 
80.087 651.0 
80.087 652.0 
80.204 653.0 
80.251 654.0 
80.087 655.0 
80.157 656.0 
80.204 657.0 
80.274 658.0 
80.145 659.0 
80.169 660.0 
80.251 661.0 
80.251 662.0 
80.134 663.0 
80.192 664.0 
80.239 665.0 
80.274 666.0 
80.134 667.0 
80.204 668.0 
80.239 669.0 
80.274 670.0 
80.122 671.0 
80.157 672.0 
80.192 673.0 
80.251 674.0 
80.239 675.0 
80.134 676.0 
80.169 677.0 
80.204 678.0 
80.239 679.0 
80.286 680.0 
80.087 681.0 
80.145 682.0 
80.204 683.0 
80.204 684.0 
80.262 685.0 
80.286 686.0 
80.087 687.0 
80.134 688.0 
80.181 689.0 
80.227 690.0 
80.227 691.0 
80.274 692.0 
80.122 693.0 
80.157 694.0 
80.192 695.0 
80.192 696.0 
80.216 697.0 
80.262 698.0 
80.052 699.0 
80.11 700.0 
80.145 701.0 
80.181 702.0 
80.204 703.0 
80.192 704.0 
80.181 705.0 
80.274 706.0 
80.087 707.0 
80.134 708.0 
80.134 709.0 
80.216 710.0 
80.192 711.0 
80.216 712.0 
80.262 713.0 
80.274 714.0 
80.04 715.0 
80.087 716.0 
80.064 717.0 
80.181 718.0 
80.157 719.0 
80.181 720.0 
80.181 721.0 
80.227 722.0 
80.262 723.0 
80.251 724.0 
80.297 725.0 
80.099 726.0 
80.11 727.0 
80.134 728.0 
80.134 729.0 
80.169 730.0 
80.181 731.0 
80.227 732.0 
80.204 733.0 
80.227 734.0 
80.262 735.0 
80.192 736.0 
80.239 737.0 
80.286 738.0 
80.017 739.0 
80.064 740.0 
80.075 741.0 
80.122 742.0 
80.11 743.0 
80.122 744.0 
80.169 745.0 
80.134 746.0 
80.11 747.0 
80.134 748.0 
80.134 749.0 
80.169 750.0 
80.122 751.0 
80.145 752.0 
80.192 753.0 
80.169 754.0 
80.169 755.0 
80.192 756.0 
80.216 757.0 
80.204 758.0 
80.181 759.0 
80.169 760.0 
80.192 761.0 
80.181 762.0 
80.216 763.0 
80.157 764.0 
80.216 765.0 
80.216 766.0 
80.204 767.0 
80.216 768.0 
80.216 769.0 
80.251 770.0 
80.204 771.0 
80.239 772.0 
80.216 773.0 
80.204 774.0 
80.181 775.0 
80.204 776.0 
80.216 777.0 
80.227 778.0 
80.227 779.0 
80.192 780.0 
80.181 781.0 
80.181 782.0 
80.216 783.0 
80.181 784.0 
80.192 785.0 
80.181 786.0 
80.192 787.0 
80.216 788.0 
80.181 789.0 
80.216 790.0 
80.192 791.0 
80.204 792.0 
80.204 793.0 
80.204 794.0 
80.204 795.0 
80.204 796.0 
80.204 797.0 
80.216 798.0 
80.204 799.0 
80.239 800.0 
80.157 801.0 
80.181 802.0 
80.181 803.0 
80.181 804.0 
0.0 805.0 
-0.01 806.0 
0.0 807.0 
-0.01 808.0 
-0.007 809.0 
-0.016 810.0 
-0.022 811.0 
-0.025 812.0 
-0.037 813.0 
-0.047 814.0 
-0.056 815.0 
-0.044 816.0 
-0.061 817.0 
-0.058 818.0 
-0.06 819.0 
-0.062 820.0 
-0.071 821.0 
-0.062 822.0 
-0.058 823.0 
-0.055 824.0 
-0.06 825.0 
-0.043 826.0 
-0.04 827.0 
-0.044 828.0 
-0.037 829.0 
