-0.041 257.0 
-0.032 258.0 
-0.041 259.0 
-0.047 260.0 
-0.055 261.0 
-0.036 262.0 
-0.014 263.0 
-0.049 264.0 
-0.036 265.0 
-0.034 266.0 
-0.031 267.0 
-0.016 268.0 
-0.011 269.0 
-0.035 270.0 
-0.052 271.0 
-0.046 272.0 
-0.037 273.0 
-0.043 274.0 
142.503 275.0 
139.384 276.0 
138.427 277.0 
137.025 278.0 
135.472 279.0 
133.51 280.0 
131.816 281.0 
129.784 282.0 
126.876 283.0 
125.591 284.0 
125.229 285.0 
124.843 286.0 
124.633 287.0 
124.294 288.0 
124.037 289.0 
123.36 290.0 
123.29 291.0 
123.056 292.0 
122.834 293.0 
122.542 294.0 
122.25 295.0 
122.029 296.0 
121.947 297.0 
121.433 298.0 
121.246 299.0 
121.141 300.0 
120.557 301.0 
120.475 302.0 
119.961 303.0 
119.844 304.0 
119.774 305.0 
119.039 306.0 
117.824 307.0 
115.383 308.0 
112.603 309.0 
108.784 310.0 
105.023 311.0 
100.994 312.0 
97.058 313.0 
92.853 314.0 
88.905 315.0 
85.086 316.0 
81.559 317.0 
78.907 318.0 
78.779 319.0 
78.569 320.0 
78.452 321.0 
78.464 322.0 
78.323 323.0 
78.394 324.0 
78.312 325.0 
78.218 326.0 
78.323 327.0 
78.265 328.0 
78.499 329.0 
78.347 330.0 
78.265 331.0 
78.545 332.0 
78.37 333.0 
78.277 334.0 
78.242 335.0 
78.37 336.0 
78.335 337.0 
78.23 338.0 
78.545 339.0 
78.3 340.0 
78.253 341.0 
78.253 342.0 
78.265 343.0 
78.335 344.0 
78.242 345.0 
78.218 346.0 
78.218 347.0 
78.207 348.0 
78.312 349.0 
78.277 350.0 
78.218 351.0 
78.335 352.0 
78.277 353.0 
78.183 354.0 
78.359 355.0 
78.277 356.0 
78.312 357.0 
78.253 358.0 
78.37 359.0 
78.323 360.0 
78.323 361.0 
78.253 362.0 
78.288 363.0 
78.218 364.0 
78.277 365.0 
78.242 366.0 
78.3 367.0 
78.242 368.0 
78.265 369.0 
78.265 370.0 
78.23 371.0 
78.335 372.0 
78.335 373.0 
78.335 374.0 
78.335 375.0 
78.592 376.0 
78.207 377.0 
78.312 378.0 
78.277 379.0 
78.277 380.0 
78.242 381.0 
78.382 382.0 
78.277 383.0 
78.207 384.0 
78.265 385.0 
78.335 386.0 
78.218 387.0 
78.207 388.0 
78.335 389.0 
78.288 390.0 
78.277 391.0 
78.253 392.0 
78.335 393.0 
78.172 394.0 
78.242 395.0 
78.382 396.0 
78.242 397.0 
78.288 398.0 
78.148 399.0 
78.207 400.0 
78.335 401.0 
78.312 402.0 
78.359 403.0 
78.335 404.0 
78.253 405.0 
78.207 406.0 
78.277 407.0 
78.242 408.0 
78.277 409.0 
78.195 410.0 
78.253 411.0 
78.335 412.0 
78.744 413.0 
78.323 414.0 
78.218 415.0 
78.323 416.0 
78.218 417.0 
78.335 418.0 
78.312 419.0 
78.207 420.0 
78.277 421.0 
78.288 422.0 
78.359 423.0 
78.242 424.0 
78.242 425.0 
78.288 426.0 
78.312 427.0 
78.23 428.0 
78.277 429.0 
78.23 430.0 
78.277 431.0 
78.312 432.0 
78.323 433.0 
78.207 434.0 
78.218 435.0 
78.253 436.0 
78.347 437.0 
78.195 438.0 
78.23 439.0 
78.23 440.0 
78.218 441.0 
78.23 442.0 
78.265 443.0 
78.23 444.0 
78.218 445.0 
78.195 446.0 
78.335 447.0 
78.323 448.0 
78.253 449.0 
78.51 450.0 
78.253 451.0 
78.242 452.0 
78.207 453.0 
78.183 454.0 
78.3 455.0 
78.113 456.0 
78.253 457.0 
78.195 458.0 
78.323 459.0 
78.312 460.0 
78.277 461.0 
78.242 462.0 
78.3 463.0 
78.3 464.0 
78.242 465.0 
78.312 466.0 
78.242 467.0 
78.195 468.0 
78.277 469.0 
78.218 470.0 
78.207 471.0 
78.242 472.0 
78.183 473.0 
78.277 474.0 
78.323 475.0 
78.265 476.0 
78.195 477.0 
78.253 478.0 
78.172 479.0 
78.277 480.0 
78.335 481.0 
78.218 482.0 
78.335 483.0 
78.242 484.0 
78.3 485.0 
78.183 486.0 
78.195 487.0 
78.3 488.0 
78.23 489.0 
78.242 490.0 
78.288 491.0 
78.288 492.0 
78.23 493.0 
78.265 494.0 
78.253 495.0 
78.16 496.0 
78.253 497.0 
78.323 498.0 
78.172 499.0 
78.183 500.0 
78.277 501.0 
78.312 502.0 
78.125 503.0 
78.195 504.0 
78.23 505.0 
78.242 506.0 
78.23 507.0 
78.323 508.0 
78.16 509.0 
78.16 510.0 
78.195 511.0 
78.23 512.0 
78.218 513.0 
78.218 514.0 
78.265 515.0 
78.288 516.0 
78.545 517.0 
78.09 518.0 
78.113 519.0 
78.125 520.0 
78.137 521.0 
78.125 522.0 
78.172 523.0 
78.183 524.0 
78.137 525.0 
78.125 526.0 
78.102 527.0 
78.043 528.0 
78.067 529.0 
78.078 530.0 
78.055 531.0 
78.195 532.0 
78.148 533.0 
78.137 534.0 
78.148 535.0 
78.067 536.0 
78.102 537.0 
77.996 538.0 
77.973 539.0 
77.973 540.0 
78.078 541.0 
77.985 542.0 
77.996 543.0 
77.938 544.0 
77.891 545.0 
77.891 546.0 
77.961 547.0 
77.926 548.0 
77.88 549.0 
77.856 550.0 
77.716 551.0 
77.915 552.0 
77.868 553.0 
77.786 554.0 
77.786 555.0 
77.903 556.0 
77.856 557.0 
77.81 558.0 
77.471 559.0 
77.856 560.0 
77.821 561.0 
77.775 562.0 
77.856 563.0 
77.833 564.0 
77.728 565.0 
77.856 566.0 
77.88 567.0 
77.775 568.0 
77.856 569.0 
77.798 570.0 
77.903 571.0 
77.821 572.0 
77.763 573.0 
77.845 574.0 
77.81 575.0 
77.88 576.0 
77.821 577.0 
77.81 578.0 
77.903 579.0 
77.833 580.0 
77.915 581.0 
77.833 582.0 
77.915 583.0 
77.903 584.0 
77.985 585.0 
77.856 586.0 
77.775 587.0 
77.891 588.0 
77.786 589.0 
77.903 590.0 
77.798 591.0 
77.903 592.0 
77.798 593.0 
77.856 594.0 
77.786 595.0 
77.821 596.0 
77.81 597.0 
77.88 598.0 
77.81 599.0 
77.868 600.0 
77.938 601.0 
77.845 602.0 
77.973 603.0 
77.856 604.0 
77.891 605.0 
77.81 606.0 
77.903 607.0 
77.775 608.0 
77.88 609.0 
77.903 610.0 
77.833 611.0 
77.903 612.0 
77.845 613.0 
77.868 614.0 
77.728 615.0 
77.845 616.0 
77.915 617.0 
77.821 618.0 
77.868 619.0 
77.471 620.0 
77.856 621.0 
77.903 622.0 
77.798 623.0 
77.845 624.0 
77.891 625.0 
77.81 626.0 
77.88 627.0 
77.938 628.0 
77.81 629.0 
77.856 630.0 
77.938 631.0 
77.739 632.0 
77.868 633.0 
77.938 634.0 
77.821 635.0 
77.891 636.0 
77.926 637.0 
77.786 638.0 
77.868 639.0 
77.915 640.0 
77.751 641.0 
77.868 642.0 
77.903 643.0 
77.763 644.0 
77.798 645.0 
77.856 646.0 
77.926 647.0 
77.798 648.0 
77.821 649.0 
77.891 650.0 
77.751 651.0 
77.821 652.0 
77.845 653.0 
77.926 654.0 
77.763 655.0 
77.81 656.0 
77.845 657.0 
77.926 658.0 
77.821 659.0 
77.833 660.0 
77.891 661.0 
77.95 662.0 
77.728 663.0 
77.856 664.0 
77.88 665.0 
77.938 666.0 
77.775 667.0 
77.833 668.0 
77.868 669.0 
77.926 670.0 
77.786 671.0 
77.786 672.0 
77.845 673.0 
77.891 674.0 
77.903 675.0 
77.798 676.0 
77.833 677.0 
77.856 678.0 
77.833 679.0 
77.95 680.0 
77.786 681.0 
77.798 682.0 
77.856 683.0 
77.903 684.0 
77.938 685.0 
77.938 686.0 
77.798 687.0 
77.821 688.0 
77.868 689.0 
77.88 690.0 
77.938 691.0 
77.961 692.0 
77.751 693.0 
77.786 694.0 
77.821 695.0 
77.868 696.0 
77.891 697.0 
77.868 698.0 
77.564 699.0 
77.763 700.0 
77.798 701.0 
77.833 702.0 
77.833 703.0 
77.81 704.0 
77.903 705.0 
77.915 706.0 
77.775 707.0 
77.798 708.0 
77.833 709.0 
77.833 710.0 
77.868 711.0 
77.88 712.0 
77.903 713.0 
77.926 714.0 
77.926 715.0 
77.751 716.0 
77.81 717.0 
77.81 718.0 
77.845 719.0 
77.833 720.0 
77.903 721.0 
77.915 722.0 
77.903 723.0 
77.961 724.0 
77.961 725.0 
77.763 726.0 
77.751 727.0 
77.81 728.0 
77.81 729.0 
77.81 730.0 
77.833 731.0 
77.856 732.0 
77.868 733.0 
77.856 734.0 
77.88 735.0 
77.856 736.0 
77.926 737.0 
77.926 738.0 
77.588 739.0 
77.751 740.0 
77.739 741.0 
77.763 742.0 
77.798 743.0 
77.798 744.0 
77.81 745.0 
77.786 746.0 
77.821 747.0 
77.81 748.0 
77.81 749.0 
77.821 750.0 
77.81 751.0 
77.833 752.0 
77.798 753.0 
77.833 754.0 
77.81 755.0 
77.845 756.0 
77.845 757.0 
77.845 758.0 
77.856 759.0 
77.88 760.0 
77.845 761.0 
77.833 762.0 
77.856 763.0 
77.845 764.0 
77.856 765.0 
77.868 766.0 
77.868 767.0 
77.88 768.0 
77.891 769.0 
77.88 770.0 
77.88 771.0 
77.856 772.0 
77.856 773.0 
77.88 774.0 
77.868 775.0 
77.845 776.0 
77.845 777.0 
77.868 778.0 
77.88 779.0 
77.845 780.0 
77.856 781.0 
77.845 782.0 
77.903 783.0 
77.856 784.0 
77.856 785.0 
77.845 786.0 
77.821 787.0 
77.833 788.0 
77.868 789.0 
77.821 790.0 
77.868 791.0 
77.856 792.0 
77.833 793.0 
77.845 794.0 
77.868 795.0 
77.891 796.0 
77.868 797.0 
77.856 798.0 
77.868 799.0 
77.845 800.0 
77.868 801.0 
77.856 802.0 
77.891 803.0 
77.845 804.0 
0.004 805.0 
0.0 806.0 
0.002 807.0 
-0.001 808.0 
-0.01 809.0 
-0.001 810.0 
-0.006 811.0 
-0.02 812.0 
-0.026 813.0 
-0.02 814.0 
-0.023 815.0 
-0.026 816.0 
-0.03 817.0 
-0.034 818.0 
-0.029 819.0 
-0.032 820.0 
-0.04 821.0 
-0.029 822.0 
-0.026 823.0 
-0.022 824.0 
-0.028 825.0 
-0.03 826.0 
-0.03 827.0 
-0.013 828.0 
-0.014 829.0 
