-0.025 257.0 
-0.022 258.0 
-0.018 259.0 
-0.047 260.0 
-0.042 261.0 
-0.028 262.0 
-0.032 263.0 
-0.032 264.0 
-0.023 265.0 
-0.022 266.0 
-0.029 267.0 
-0.03 268.0 
-0.02 269.0 
-0.038 270.0 
-0.005 271.0 
-0.017 272.0 
-0.006 273.0 
-0.005 274.0 
145.925 275.0 
143.087 276.0 
141.51 277.0 
139.548 278.0 
137.364 279.0 
134.864 280.0 
132.564 281.0 
129.714 282.0 
125.626 283.0 
124.037 284.0 
123.582 285.0 
123.197 286.0 
122.998 287.0 
122.718 288.0 
122.449 289.0 
122.391 290.0 
121.702 291.0 
121.421 292.0 
121.223 293.0 
121.199 294.0 
120.639 295.0 
120.522 296.0 
120.428 297.0 
119.915 298.0 
119.739 299.0 
119.658 300.0 
119.109 301.0 
119.039 302.0 
118.536 303.0 
118.443 304.0 
118.373 305.0 
117.742 306.0 
116.516 307.0 
114.32 308.0 
111.786 309.0 
108.258 310.0 
104.801 311.0 
100.9 312.0 
97.046 313.0 
93.087 314.0 
89.127 315.0 
85.156 316.0 
81.535 317.0 
78.37 318.0 
78.218 319.0 
77.926 320.0 
77.728 321.0 
77.786 322.0 
77.658 323.0 
77.704 324.0 
77.681 325.0 
77.611 326.0 
77.646 327.0 
77.588 328.0 
77.763 329.0 
77.693 330.0 
77.599 331.0 
77.658 332.0 
77.728 333.0 
77.634 334.0 
77.938 335.0 
77.681 336.0 
77.669 337.0 
77.599 338.0 
77.704 339.0 
77.658 340.0 
77.646 341.0 
77.611 342.0 
77.214 343.0 
77.669 344.0 
77.599 345.0 
77.599 346.0 
77.611 347.0 
77.611 348.0 
77.693 349.0 
77.658 350.0 
77.588 351.0 
77.693 352.0 
77.646 353.0 
77.459 354.0 
77.681 355.0 
77.669 356.0 
77.681 357.0 
77.611 358.0 
77.704 359.0 
77.646 360.0 
77.681 361.0 
77.611 362.0 
77.634 363.0 
77.588 364.0 
77.599 365.0 
77.658 366.0 
77.658 367.0 
77.599 368.0 
77.623 369.0 
77.634 370.0 
77.623 371.0 
77.646 372.0 
77.681 373.0 
77.704 374.0 
77.704 375.0 
77.973 376.0 
77.471 377.0 
77.623 378.0 
77.658 379.0 
77.623 380.0 
77.646 381.0 
77.693 382.0 
77.634 383.0 
77.599 384.0 
77.599 385.0 
77.728 386.0 
77.564 387.0 
77.588 388.0 
77.681 389.0 
77.646 390.0 
77.646 391.0 
77.611 392.0 
77.681 393.0 
77.564 394.0 
77.634 395.0 
77.669 396.0 
77.553 397.0 
77.658 398.0 
77.576 399.0 
77.564 400.0 
77.704 401.0 
77.599 402.0 
77.728 403.0 
77.681 404.0 
77.599 405.0 
77.588 406.0 
77.634 407.0 
77.588 408.0 
77.646 409.0 
77.553 410.0 
77.623 411.0 
77.669 412.0 
77.739 413.0 
77.681 414.0 
77.611 415.0 
77.646 416.0 
77.564 417.0 
77.775 418.0 
77.658 419.0 
77.588 420.0 
77.599 421.0 
77.646 422.0 
77.693 423.0 
77.611 424.0 
77.611 425.0 
77.658 426.0 
77.681 427.0 
77.611 428.0 
77.623 429.0 
77.599 430.0 
77.669 431.0 
77.669 432.0 
77.646 433.0 
77.576 434.0 
77.588 435.0 
77.623 436.0 
77.716 437.0 
77.518 438.0 
77.576 439.0 
77.599 440.0 
77.576 441.0 
77.576 442.0 
77.576 443.0 
77.564 444.0 
77.576 445.0 
77.588 446.0 
77.658 447.0 
77.693 448.0 
77.646 449.0 
77.938 450.0 
77.623 451.0 
77.611 452.0 
77.588 453.0 
77.553 454.0 
77.646 455.0 
77.634 456.0 
77.588 457.0 
77.541 458.0 
77.646 459.0 
77.681 460.0 
77.564 461.0 
77.576 462.0 
77.669 463.0 
77.646 464.0 
77.681 465.0 
77.704 466.0 
77.623 467.0 
77.553 468.0 
77.623 469.0 
77.599 470.0 
77.634 471.0 
77.611 472.0 
77.693 473.0 
77.669 474.0 
77.658 475.0 
77.611 476.0 
77.529 477.0 
77.611 478.0 
77.541 479.0 
77.564 480.0 
77.681 481.0 
77.576 482.0 
77.623 483.0 
77.588 484.0 
77.646 485.0 
77.553 486.0 
77.564 487.0 
77.634 488.0 
77.588 489.0 
77.611 490.0 
77.669 491.0 
77.646 492.0 
77.646 493.0 
77.658 494.0 
77.576 495.0 
77.553 496.0 
77.646 497.0 
77.669 498.0 
77.553 499.0 
77.541 500.0 
77.634 501.0 
77.623 502.0 
77.518 503.0 
77.529 504.0 
77.553 505.0 
77.588 506.0 
77.564 507.0 
77.798 508.0 
77.518 509.0 
77.564 510.0 
77.553 511.0 
77.623 512.0 
77.599 513.0 
77.623 514.0 
77.611 515.0 
77.646 516.0 
77.658 517.0 
77.494 518.0 
77.494 519.0 
77.483 520.0 
77.541 521.0 
77.471 522.0 
77.506 523.0 
77.494 524.0 
77.506 525.0 
77.483 526.0 
77.494 527.0 
77.436 528.0 
77.483 529.0 
77.401 530.0 
77.424 531.0 
77.576 532.0 
77.564 533.0 
77.494 534.0 
77.518 535.0 
77.459 536.0 
77.412 537.0 
77.366 538.0 
77.354 539.0 
77.296 540.0 
77.436 541.0 
77.389 542.0 
77.342 543.0 
77.307 544.0 
77.261 545.0 
77.249 546.0 
77.354 547.0 
77.307 548.0 
77.272 549.0 
77.226 550.0 
77.179 551.0 
77.272 552.0 
77.249 553.0 
77.179 554.0 
77.179 555.0 
77.272 556.0 
77.191 557.0 
77.156 558.0 
77.296 559.0 
77.214 560.0 
77.202 561.0 
77.097 562.0 
77.237 563.0 
77.179 564.0 
77.027 565.0 
77.249 566.0 
77.307 567.0 
77.097 568.0 
77.226 569.0 
77.191 570.0 
77.284 571.0 
77.202 572.0 
77.12 573.0 
77.179 574.0 
77.179 575.0 
77.261 576.0 
77.214 577.0 
77.167 578.0 
77.249 579.0 
77.191 580.0 
77.272 581.0 
77.226 582.0 
77.307 583.0 
77.214 584.0 
77.296 585.0 
77.249 586.0 
77.202 587.0 
77.237 588.0 
77.179 589.0 
77.261 590.0 
77.202 591.0 
77.226 592.0 
77.167 593.0 
77.214 594.0 
77.179 595.0 
77.296 596.0 
77.179 597.0 
77.261 598.0 
77.191 599.0 
77.237 600.0 
77.296 601.0 
77.214 602.0 
77.284 603.0 
77.179 604.0 
77.272 605.0 
77.179 606.0 
77.237 607.0 
77.144 608.0 
77.249 609.0 
77.284 610.0 
77.202 611.0 
77.284 612.0 
77.167 613.0 
77.249 614.0 
77.167 615.0 
77.214 616.0 
77.296 617.0 
77.191 618.0 
77.284 619.0 
76.875 620.0 
77.202 621.0 
77.272 622.0 
77.156 623.0 
77.214 624.0 
77.307 625.0 
77.179 626.0 
77.272 627.0 
77.307 628.0 
77.226 629.0 
77.261 630.0 
77.319 631.0 
77.156 632.0 
77.272 633.0 
77.319 634.0 
77.179 635.0 
77.237 636.0 
77.284 637.0 
77.191 638.0 
77.249 639.0 
77.284 640.0 
77.167 641.0 
77.237 642.0 
77.249 643.0 
77.144 644.0 
77.202 645.0 
77.226 646.0 
77.319 647.0 
77.167 648.0 
77.214 649.0 
77.284 650.0 
77.144 651.0 
77.191 652.0 
77.202 653.0 
77.307 654.0 
77.156 655.0 
77.179 656.0 
77.202 657.0 
77.296 658.0 
77.179 659.0 
77.249 660.0 
77.261 661.0 
77.319 662.0 
77.085 663.0 
77.191 664.0 
77.249 665.0 
77.331 666.0 
77.191 667.0 
77.214 668.0 
77.284 669.0 
77.307 670.0 
77.156 671.0 
77.202 672.0 
77.226 673.0 
77.249 674.0 
77.319 675.0 
77.144 676.0 
77.214 677.0 
77.214 678.0 
77.144 679.0 
77.261 680.0 
77.144 681.0 
77.132 682.0 
77.226 683.0 
77.214 684.0 
77.272 685.0 
77.319 686.0 
77.156 687.0 
77.214 688.0 
77.214 689.0 
77.237 690.0 
77.296 691.0 
77.319 692.0 
77.132 693.0 
77.167 694.0 
77.214 695.0 
77.214 696.0 
77.249 697.0 
77.249 698.0 
76.828 699.0 
77.132 700.0 
77.202 701.0 
77.214 702.0 
77.249 703.0 
77.179 704.0 
77.296 705.0 
77.296 706.0 
77.132 707.0 
77.132 708.0 
77.226 709.0 
77.202 710.0 
77.272 711.0 
77.226 712.0 
77.284 713.0 
77.284 714.0 
77.319 715.0 
77.144 716.0 
77.179 717.0 
77.191 718.0 
77.202 719.0 
77.214 720.0 
77.237 721.0 
77.249 722.0 
77.237 723.0 
77.307 724.0 
77.296 725.0 
77.12 726.0 
77.144 727.0 
77.167 728.0 
77.191 729.0 
77.191 730.0 
77.237 731.0 
77.272 732.0 
77.261 733.0 
77.249 734.0 
77.284 735.0 
77.284 736.0 
77.319 737.0 
77.284 738.0 
77.319 739.0 
77.12 740.0 
77.109 741.0 
77.144 742.0 
77.156 743.0 
77.156 744.0 
77.144 745.0 
77.191 746.0 
77.144 747.0 
77.167 748.0 
77.167 749.0 
77.179 750.0 
77.167 751.0 
77.179 752.0 
77.214 753.0 
77.179 754.0 
77.214 755.0 
77.202 756.0 
77.191 757.0 
77.214 758.0 
77.226 759.0 
77.249 760.0 
77.261 761.0 
77.261 762.0 
77.226 763.0 
77.249 764.0 
77.237 765.0 
77.261 766.0 
77.272 767.0 
77.249 768.0 
77.249 769.0 
77.237 770.0 
77.237 771.0 
77.261 772.0 
77.261 773.0 
77.237 774.0 
77.261 775.0 
77.226 776.0 
77.237 777.0 
77.226 778.0 
77.202 779.0 
77.226 780.0 
77.249 781.0 
77.214 782.0 
77.237 783.0 
77.237 784.0 
77.237 785.0 
77.226 786.0 
77.237 787.0 
77.261 788.0 
77.226 789.0 
77.226 790.0 
77.237 791.0 
77.226 792.0 
77.249 793.0 
77.249 794.0 
77.214 795.0 
77.214 796.0 
77.237 797.0 
77.191 798.0 
77.237 799.0 
77.191 800.0 
77.237 801.0 
77.214 802.0 
77.237 803.0 
77.214 804.0 
0.008 805.0 
0.006 806.0 
0.004 807.0 
0.002 808.0 
0.011 809.0 
0.0 810.0 
-0.01 811.0 
-0.005 812.0 
-0.011 813.0 
-0.016 814.0 
-0.017 815.0 
-0.011 816.0 
-0.02 817.0 
-0.018 818.0 
-0.016 819.0 
-0.024 820.0 
-0.018 821.0 
-0.02 822.0 
-0.018 823.0 
-0.016 824.0 
-0.012 825.0 
-0.017 826.0 
-0.014 827.0 
-0.012 828.0 
-0.011 829.0 
