-0.049 257.0 
-0.043 258.0 
-0.041 259.0 
-0.041 260.0 
-0.025 261.0 
-0.044 262.0 
-0.032 263.0 
-0.032 264.0 
-0.004 265.0 
-0.043 266.0 
-0.034 267.0 
-0.038 268.0 
-0.032 269.0 
-0.04 270.0 
-0.035 271.0 
-0.022 272.0 
-0.037 273.0 
-0.054 274.0 
140.529 275.0 
137.656 276.0 
136.43 277.0 
135.04 278.0 
133.521 279.0 
131.758 280.0 
130.263 281.0 
128.102 282.0 
124.984 283.0 
123.944 284.0 
123.547 285.0 
123.232 286.0 
123.068 287.0 
122.788 288.0 
122.542 289.0 
121.877 290.0 
121.713 291.0 
121.468 292.0 
121.269 293.0 
121.188 294.0 
120.709 295.0 
120.557 296.0 
120.452 297.0 
119.915 298.0 
119.704 299.0 
119.611 300.0 
119.132 301.0 
118.992 302.0 
118.501 303.0 
118.396 304.0 
118.256 305.0 
117.625 306.0 
116.306 307.0 
113.888 308.0 
111.015 309.0 
107.207 310.0 
103.528 311.0 
99.487 312.0 
95.539 313.0 
91.37 314.0 
87.691 315.0 
83.871 316.0 
80.566 317.0 
77.669 318.0 
77.529 319.0 
77.342 320.0 
77.214 321.0 
77.237 322.0 
77.085 323.0 
77.167 324.0 
77.12 325.0 
77.039 326.0 
77.109 327.0 
77.004 328.0 
77.237 329.0 
77.132 330.0 
77.074 331.0 
77.167 332.0 
77.12 333.0 
77.039 334.0 
77.097 335.0 
77.12 336.0 
77.12 337.0 
77.015 338.0 
77.167 339.0 
77.05 340.0 
77.05 341.0 
77.05 342.0 
77.167 343.0 
77.085 344.0 
77.062 345.0 
77.015 346.0 
77.004 347.0 
77.062 348.0 
77.144 349.0 
77.074 350.0 
77.05 351.0 
77.097 352.0 
77.062 353.0 
76.945 354.0 
77.156 355.0 
77.097 356.0 
77.132 357.0 
77.085 358.0 
77.144 359.0 
77.109 360.0 
77.132 361.0 
77.062 362.0 
77.085 363.0 
77.015 364.0 
77.027 365.0 
77.062 366.0 
77.039 367.0 
77.027 368.0 
77.062 369.0 
77.039 370.0 
77.109 371.0 
77.156 372.0 
77.12 373.0 
77.132 374.0 
77.156 375.0 
77.401 376.0 
76.992 377.0 
77.085 378.0 
77.085 379.0 
77.062 380.0 
77.039 381.0 
77.132 382.0 
77.074 383.0 
77.039 384.0 
77.027 385.0 
77.12 386.0 
77.027 387.0 
76.992 388.0 
77.085 389.0 
77.085 390.0 
77.109 391.0 
77.039 392.0 
77.109 393.0 
76.992 394.0 
77.109 395.0 
77.156 396.0 
77.039 397.0 
77.085 398.0 
76.945 399.0 
77.004 400.0 
77.109 401.0 
77.097 402.0 
77.12 403.0 
77.109 404.0 
77.039 405.0 
77.004 406.0 
77.074 407.0 
77.05 408.0 
77.085 409.0 
77.004 410.0 
77.074 411.0 
77.156 412.0 
77.436 413.0 
77.109 414.0 
77.074 415.0 
77.074 416.0 
77.027 417.0 
77.144 418.0 
77.109 419.0 
77.039 420.0 
77.074 421.0 
77.074 422.0 
77.109 423.0 
77.027 424.0 
77.039 425.0 
77.062 426.0 
77.132 427.0 
77.015 428.0 
77.05 429.0 
77.027 430.0 
77.12 431.0 
77.097 432.0 
77.12 433.0 
76.992 434.0 
77.004 435.0 
77.074 436.0 
77.144 437.0 
76.957 438.0 
77.015 439.0 
77.004 440.0 
77.027 441.0 
77.027 442.0 
77.015 443.0 
77.015 444.0 
77.039 445.0 
77.004 446.0 
77.144 447.0 
77.109 448.0 
77.074 449.0 
77.471 450.0 
77.085 451.0 
77.039 452.0 
77.015 453.0 
76.957 454.0 
77.12 455.0 
77.074 456.0 
77.039 457.0 
77.027 458.0 
77.085 459.0 
77.109 460.0 
77.05 461.0 
77.004 462.0 
77.12 463.0 
77.074 464.0 
77.062 465.0 
77.109 466.0 
77.039 467.0 
76.992 468.0 
77.097 469.0 
77.027 470.0 
77.062 471.0 
77.05 472.0 
77.144 473.0 
77.05 474.0 
77.109 475.0 
77.085 476.0 
76.98 477.0 
77.039 478.0 
76.98 479.0 
77.039 480.0 
77.109 481.0 
77.027 482.0 
77.074 483.0 
76.992 484.0 
77.085 485.0 
76.992 486.0 
76.945 487.0 
77.085 488.0 
77.085 489.0 
77.05 490.0 
77.074 491.0 
77.097 492.0 
77.027 493.0 
77.109 494.0 
77.004 495.0 
77.015 496.0 
77.085 497.0 
77.074 498.0 
76.98 499.0 
76.992 500.0 
77.05 501.0 
77.085 502.0 
76.957 503.0 
76.969 504.0 
77.004 505.0 
77.05 506.0 
76.992 507.0 
77.226 508.0 
76.969 509.0 
76.992 510.0 
77.015 511.0 
77.027 512.0 
77.039 513.0 
77.05 514.0 
77.05 515.0 
77.085 516.0 
77.342 517.0 
76.887 518.0 
76.899 519.0 
76.91 520.0 
76.957 521.0 
76.934 522.0 
76.922 523.0 
76.91 524.0 
76.922 525.0 
76.969 526.0 
76.91 527.0 
76.887 528.0 
76.934 529.0 
76.875 530.0 
76.899 531.0 
77.004 532.0 
77.027 533.0 
76.957 534.0 
76.945 535.0 
76.945 536.0 
76.91 537.0 
76.793 538.0 
76.735 539.0 
76.735 540.0 
76.864 541.0 
76.805 542.0 
76.782 543.0 
76.688 544.0 
76.653 545.0 
76.63 546.0 
76.723 547.0 
76.665 548.0 
76.642 549.0 
76.607 550.0 
76.49 551.0 
76.677 552.0 
76.595 553.0 
76.595 554.0 
76.56 555.0 
76.665 556.0 
76.618 557.0 
76.536 558.0 
76.163 559.0 
76.595 560.0 
76.572 561.0 
76.466 562.0 
76.607 563.0 
76.548 564.0 
76.431 565.0 
76.607 566.0 
76.653 567.0 
76.49 568.0 
76.595 569.0 
76.56 570.0 
76.642 571.0 
76.572 572.0 
76.49 573.0 
76.548 574.0 
76.536 575.0 
76.677 576.0 
76.56 577.0 
76.56 578.0 
76.642 579.0 
76.595 580.0 
76.63 581.0 
76.583 582.0 
76.712 583.0 
76.607 584.0 
76.747 585.0 
76.618 586.0 
76.56 587.0 
76.63 588.0 
76.548 589.0 
76.618 590.0 
76.56 591.0 
76.642 592.0 
76.56 593.0 
76.595 594.0 
76.56 595.0 
76.63 596.0 
76.525 597.0 
76.618 598.0 
76.595 599.0 
76.607 600.0 
76.712 601.0 
76.618 602.0 
76.688 603.0 
76.583 604.0 
76.653 605.0 
76.536 606.0 
76.63 607.0 
76.536 608.0 
76.595 609.0 
76.712 610.0 
76.583 611.0 
76.677 612.0 
76.548 613.0 
76.63 614.0 
76.536 615.0 
76.607 616.0 
76.677 617.0 
76.572 618.0 
76.63 619.0 
76.245 620.0 
76.572 621.0 
76.572 622.0 
76.548 623.0 
76.572 624.0 
76.665 625.0 
76.536 626.0 
76.595 627.0 
76.63 628.0 
76.56 629.0 
76.642 630.0 
76.688 631.0 
76.525 632.0 
76.607 633.0 
76.688 634.0 
76.56 635.0 
76.665 636.0 
76.688 637.0 
76.536 638.0 
76.642 639.0 
76.642 640.0 
76.536 641.0 
76.63 642.0 
76.642 643.0 
76.513 644.0 
76.572 645.0 
76.618 646.0 
76.665 647.0 
76.536 648.0 
76.583 649.0 
76.665 650.0 
76.525 651.0 
76.548 652.0 
76.607 653.0 
76.677 654.0 
76.548 655.0 
76.595 656.0 
76.583 657.0 
76.618 658.0 
76.572 659.0 
76.607 660.0 
76.642 661.0 
76.723 662.0 
76.443 663.0 
76.607 664.0 
76.63 665.0 
76.677 666.0 
76.49 667.0 
76.595 668.0 
76.665 669.0 
76.677 670.0 
76.572 671.0 
76.56 672.0 
76.607 673.0 
76.63 674.0 
76.677 675.0 
76.572 676.0 
76.56 677.0 
76.607 678.0 
76.56 679.0 
76.653 680.0 
76.536 681.0 
76.536 682.0 
76.595 683.0 
76.642 684.0 
76.665 685.0 
76.7 686.0 
76.513 687.0 
76.583 688.0 
76.595 689.0 
76.618 690.0 
76.677 691.0 
76.7 692.0 
76.525 693.0 
76.595 694.0 
76.595 695.0 
76.595 696.0 
76.63 697.0 
76.665 698.0 
76.128 699.0 
76.501 700.0 
76.536 701.0 
76.572 702.0 
76.595 703.0 
76.536 704.0 
76.677 705.0 
76.688 706.0 
76.478 707.0 
76.548 708.0 
76.56 709.0 
76.572 710.0 
76.618 711.0 
76.63 712.0 
76.642 713.0 
76.677 714.0 
76.7 715.0 
76.548 716.0 
76.583 717.0 
76.583 718.0 
76.572 719.0 
76.56 720.0 
76.607 721.0 
76.618 722.0 
76.618 723.0 
76.642 724.0 
76.7 725.0 
76.478 726.0 
76.478 727.0 
76.56 728.0 
76.572 729.0 
76.607 730.0 
76.583 731.0 
76.583 732.0 
76.618 733.0 
76.63 734.0 
76.653 735.0 
76.7 736.0 
76.653 737.0 
76.688 738.0 
76.116 739.0 
76.49 740.0 
76.49 741.0 
76.525 742.0 
76.525 743.0 
76.513 744.0 
76.525 745.0 
76.536 746.0 
76.548 747.0 
76.536 748.0 
76.525 749.0 
76.595 750.0 
76.572 751.0 
76.595 752.0 
76.595 753.0 
76.583 754.0 
76.572 755.0 
76.63 756.0 
76.572 757.0 
76.595 758.0 
76.595 759.0 
76.618 760.0 
76.63 761.0 
76.607 762.0 
76.572 763.0 
76.618 764.0 
76.583 765.0 
76.583 766.0 
76.607 767.0 
76.63 768.0 
76.63 769.0 
76.618 770.0 
76.63 771.0 
76.63 772.0 
76.642 773.0 
76.607 774.0 
76.607 775.0 
76.653 776.0 
76.618 777.0 
76.63 778.0 
76.618 779.0 
76.642 780.0 
76.607 781.0 
76.583 782.0 
76.595 783.0 
76.618 784.0 
76.607 785.0 
76.607 786.0 
76.607 787.0 
76.583 788.0 
76.607 789.0 
76.607 790.0 
76.595 791.0 
76.595 792.0 
76.63 793.0 
76.63 794.0 
76.607 795.0 
76.618 796.0 
76.63 797.0 
76.607 798.0 
76.583 799.0 
76.583 800.0 
76.607 801.0 
76.595 802.0 
76.607 803.0 
76.618 804.0 
0.0 805.0 
0.001 806.0 
-0.002 807.0 
-0.002 808.0 
-0.004 809.0 
0.0 810.0 
0.001 811.0 
-0.001 812.0 
-0.012 813.0 
-0.008 814.0 
-0.008 815.0 
-0.006 816.0 
-0.006 817.0 
-0.017 818.0 
-0.012 819.0 
-0.012 820.0 
-0.013 821.0 
-0.013 822.0 
-0.02 823.0 
-0.019 824.0 
-0.014 825.0 
-0.022 826.0 
-0.025 827.0 
-0.017 828.0 
-0.017 829.0 
