-0.043 257.0 
-0.03 258.0 
-0.028 259.0 
-0.022 260.0 
-0.037 261.0 
-0.036 262.0 
-0.026 263.0 
-0.028 264.0 
-0.032 265.0 
-0.032 266.0 
-0.052 267.0 
-0.032 268.0 
-0.032 269.0 
-0.032 270.0 
-0.032 271.0 
-0.041 272.0 
-0.029 273.0 
-0.026 274.0 
136.932 275.0 
134.584 276.0 
133.58 277.0 
132.33 278.0 
130.917 279.0 
129.328 280.0 
127.74 281.0 
125.1 282.0 
122.297 283.0 
120.744 284.0 
120.452 285.0 
120.183 286.0 
120.113 287.0 
119.961 288.0 
119.809 289.0 
119.307 290.0 
119.237 291.0 
119.179 292.0 
119.062 293.0 
118.793 294.0 
118.583 295.0 
118.466 296.0 
118.466 297.0 
118.022 298.0 
117.847 299.0 
117.836 300.0 
117.368 301.0 
117.368 302.0 
116.913 303.0 
116.831 304.0 
116.855 305.0 
115.885 306.0 
114.18 307.0 
111.529 308.0 
108.924 309.0 
105.56 310.0 
102.383 311.0 
98.915 312.0 
95.679 313.0 
91.989 314.0 
88.485 315.0 
84.63 316.0 
81.384 317.0 
78.627 318.0 
78.44 319.0 
78.148 320.0 
77.973 321.0 
77.996 322.0 
77.891 323.0 
77.915 324.0 
77.868 325.0 
77.739 326.0 
77.798 327.0 
77.751 328.0 
77.775 329.0 
77.821 330.0 
77.751 331.0 
77.926 332.0 
77.856 333.0 
77.786 334.0 
77.681 335.0 
77.833 336.0 
77.81 337.0 
77.716 338.0 
77.961 339.0 
77.786 340.0 
77.751 341.0 
77.716 342.0 
77.751 343.0 
77.798 344.0 
77.739 345.0 
77.739 346.0 
77.704 347.0 
77.704 348.0 
77.763 349.0 
77.821 350.0 
77.775 351.0 
77.775 352.0 
77.775 353.0 
77.739 354.0 
77.693 355.0 
77.763 356.0 
77.798 357.0 
77.751 358.0 
77.833 359.0 
77.763 360.0 
77.775 361.0 
77.739 362.0 
77.775 363.0 
77.716 364.0 
77.739 365.0 
77.739 366.0 
77.81 367.0 
77.763 368.0 
77.763 369.0 
77.751 370.0 
77.775 371.0 
77.786 372.0 
77.798 373.0 
77.856 374.0 
77.821 375.0 
77.915 376.0 
77.704 377.0 
77.739 378.0 
77.739 379.0 
77.739 380.0 
77.728 381.0 
77.845 382.0 
77.751 383.0 
77.716 384.0 
77.704 385.0 
77.821 386.0 
77.704 387.0 
77.681 388.0 
77.763 389.0 
77.775 390.0 
77.763 391.0 
77.716 392.0 
77.786 393.0 
77.693 394.0 
77.751 395.0 
77.821 396.0 
77.669 397.0 
77.739 398.0 
77.646 399.0 
77.681 400.0 
77.786 401.0 
77.775 402.0 
77.833 403.0 
77.798 404.0 
77.716 405.0 
77.739 406.0 
77.751 407.0 
77.669 408.0 
77.739 409.0 
77.658 410.0 
77.716 411.0 
77.775 412.0 
78.031 413.0 
77.81 414.0 
77.716 415.0 
77.704 416.0 
77.704 417.0 
77.763 418.0 
77.763 419.0 
77.669 420.0 
77.739 421.0 
77.763 422.0 
77.798 423.0 
77.716 424.0 
77.728 425.0 
77.751 426.0 
77.798 427.0 
77.704 428.0 
77.751 429.0 
77.728 430.0 
77.751 431.0 
77.763 432.0 
77.81 433.0 
77.704 434.0 
77.728 435.0 
77.728 436.0 
77.81 437.0 
77.704 438.0 
77.646 439.0 
77.728 440.0 
77.681 441.0 
77.716 442.0 
77.716 443.0 
77.739 444.0 
77.681 445.0 
77.704 446.0 
77.775 447.0 
77.763 448.0 
77.868 449.0 
78.102 450.0 
77.716 451.0 
77.728 452.0 
77.693 453.0 
77.669 454.0 
77.763 455.0 
77.588 456.0 
77.693 457.0 
77.681 458.0 
77.763 459.0 
77.81 460.0 
77.739 461.0 
77.669 462.0 
77.775 463.0 
77.728 464.0 
77.728 465.0 
77.786 466.0 
77.751 467.0 
77.646 468.0 
77.775 469.0 
77.704 470.0 
77.669 471.0 
77.739 472.0 
77.611 473.0 
77.751 474.0 
77.775 475.0 
77.751 476.0 
77.658 477.0 
77.739 478.0 
77.658 479.0 
77.739 480.0 
77.763 481.0 
77.728 482.0 
77.798 483.0 
77.693 484.0 
77.739 485.0 
77.681 486.0 
77.693 487.0 
77.786 488.0 
77.716 489.0 
77.728 490.0 
77.775 491.0 
77.716 492.0 
77.716 493.0 
77.775 494.0 
77.658 495.0 
77.681 496.0 
77.681 497.0 
77.763 498.0 
77.693 499.0 
77.693 500.0 
77.739 501.0 
77.728 502.0 
77.623 503.0 
77.658 504.0 
77.704 505.0 
77.704 506.0 
77.623 507.0 
77.693 508.0 
77.611 509.0 
77.669 510.0 
77.658 511.0 
77.704 512.0 
77.716 513.0 
77.716 514.0 
77.728 515.0 
77.576 516.0 
78.078 517.0 
77.599 518.0 
77.599 519.0 
77.576 520.0 
77.646 521.0 
77.588 522.0 
77.623 523.0 
77.611 524.0 
77.611 525.0 
77.634 526.0 
77.599 527.0 
77.564 528.0 
77.599 529.0 
77.541 530.0 
77.553 531.0 
77.669 532.0 
77.961 533.0 
77.611 534.0 
77.588 535.0 
77.518 536.0 
77.506 537.0 
77.412 538.0 
77.412 539.0 
77.377 540.0 
77.529 541.0 
77.366 542.0 
77.412 543.0 
77.377 544.0 
77.331 545.0 
77.342 546.0 
77.401 547.0 
77.296 548.0 
77.319 549.0 
77.284 550.0 
77.237 551.0 
77.319 552.0 
77.296 553.0 
77.296 554.0 
77.237 555.0 
77.331 556.0 
77.261 557.0 
77.237 558.0 
77.062 559.0 
77.284 560.0 
77.261 561.0 
77.202 562.0 
77.296 563.0 
77.202 564.0 
77.179 565.0 
77.296 566.0 
77.319 567.0 
77.191 568.0 
77.261 569.0 
77.214 570.0 
77.331 571.0 
77.272 572.0 
77.179 573.0 
77.307 574.0 
77.214 575.0 
77.681 576.0 
77.261 577.0 
77.202 578.0 
77.331 579.0 
77.261 580.0 
77.366 581.0 
77.307 582.0 
77.389 583.0 
77.307 584.0 
76.793 585.0 
77.331 586.0 
77.261 587.0 
77.331 588.0 
77.249 589.0 
77.319 590.0 
77.249 591.0 
77.354 592.0 
77.249 593.0 
77.342 594.0 
77.272 595.0 
77.319 596.0 
77.261 597.0 
77.237 598.0 
77.249 599.0 
77.296 600.0 
77.377 601.0 
77.296 602.0 
77.377 603.0 
77.249 604.0 
77.342 605.0 
77.272 606.0 
77.331 607.0 
77.226 608.0 
77.319 609.0 
77.354 610.0 
77.272 611.0 
77.377 612.0 
77.237 613.0 
77.319 614.0 
77.191 615.0 
77.202 616.0 
77.354 617.0 
77.156 618.0 
77.296 619.0 
77.074 620.0 
77.296 621.0 
77.319 622.0 
77.226 623.0 
77.284 624.0 
77.366 625.0 
77.249 626.0 
77.331 627.0 
77.354 628.0 
77.272 629.0 
77.296 630.0 
77.366 631.0 
77.261 632.0 
77.342 633.0 
77.553 634.0 
77.284 635.0 
77.284 636.0 
77.342 637.0 
77.249 638.0 
77.272 639.0 
77.354 640.0 
77.226 641.0 
77.249 642.0 
77.319 643.0 
77.202 644.0 
77.226 645.0 
77.319 646.0 
77.354 647.0 
77.261 648.0 
77.284 649.0 
77.331 650.0 
77.214 651.0 
77.226 652.0 
77.307 653.0 
77.366 654.0 
77.226 655.0 
77.167 656.0 
77.307 657.0 
77.377 658.0 
77.237 659.0 
77.296 660.0 
77.331 661.0 
77.284 662.0 
77.237 663.0 
77.284 664.0 
77.319 665.0 
77.377 666.0 
77.226 667.0 
77.261 668.0 
77.331 669.0 
77.331 670.0 
77.226 671.0 
77.226 672.0 
77.307 673.0 
77.331 674.0 
77.331 675.0 
77.202 676.0 
77.237 677.0 
77.307 678.0 
77.331 679.0 
77.354 680.0 
77.214 681.0 
77.237 682.0 
77.261 683.0 
77.284 684.0 
77.342 685.0 
77.401 686.0 
77.214 687.0 
77.237 688.0 
77.261 689.0 
77.319 690.0 
77.331 691.0 
77.366 692.0 
77.202 693.0 
77.261 694.0 
77.272 695.0 
77.307 696.0 
77.342 697.0 
77.331 698.0 
77.12 699.0 
77.191 700.0 
77.237 701.0 
77.272 702.0 
77.284 703.0 
77.296 704.0 
77.319 705.0 
77.377 706.0 
77.214 707.0 
77.249 708.0 
77.261 709.0 
77.191 710.0 
77.319 711.0 
77.319 712.0 
77.307 713.0 
77.366 714.0 
77.144 715.0 
77.191 716.0 
77.179 717.0 
77.237 718.0 
77.226 719.0 
77.284 720.0 
77.296 721.0 
77.319 722.0 
77.319 723.0 
77.366 724.0 
77.354 725.0 
77.156 726.0 
77.202 727.0 
77.237 728.0 
77.249 729.0 
77.272 730.0 
77.284 731.0 
77.296 732.0 
77.307 733.0 
77.342 734.0 
77.366 735.0 
77.319 736.0 
77.342 737.0 
77.354 738.0 
77.179 739.0 
77.214 740.0 
77.167 741.0 
77.202 742.0 
77.237 743.0 
77.214 744.0 
77.214 745.0 
77.249 746.0 
77.237 747.0 
77.237 748.0 
77.249 749.0 
77.272 750.0 
77.284 751.0 
77.284 752.0 
77.249 753.0 
77.284 754.0 
77.284 755.0 
77.226 756.0 
77.261 757.0 
77.272 758.0 
77.307 759.0 
77.307 760.0 
77.284 761.0 
77.307 762.0 
77.284 763.0 
77.284 764.0 
77.296 765.0 
77.296 766.0 
77.331 767.0 
77.307 768.0 
77.331 769.0 
77.331 770.0 
77.272 771.0 
77.331 772.0 
77.307 773.0 
77.319 774.0 
77.354 775.0 
77.284 776.0 
77.284 777.0 
77.272 778.0 
77.296 779.0 
77.284 780.0 
77.331 781.0 
77.296 782.0 
77.319 783.0 
77.296 784.0 
77.307 785.0 
77.284 786.0 
77.296 787.0 
77.284 788.0 
77.284 789.0 
77.319 790.0 
77.307 791.0 
77.284 792.0 
77.307 793.0 
77.296 794.0 
77.307 795.0 
77.272 796.0 
77.284 797.0 
77.296 798.0 
77.319 799.0 
77.307 800.0 
77.284 801.0 
77.307 802.0 
77.272 803.0 
77.307 804.0 
0.001 805.0 
0.004 806.0 
-0.001 807.0 
0.0 808.0 
0.004 809.0 
0.001 810.0 
0.004 811.0 
-0.001 812.0 
0.0 813.0 
0.004 814.0 
0.0 815.0 
-0.008 816.0 
-0.006 817.0 
-0.011 818.0 
-0.007 819.0 
-0.012 820.0 
-0.018 821.0 
-0.02 822.0 
-0.018 823.0 
-0.018 824.0 
-0.018 825.0 
-0.023 826.0 
-0.019 827.0 
-0.023 828.0 
-0.016 829.0 
