-0.028 257.0 
-0.035 258.0 
-0.047 259.0 
-0.047 260.0 
-0.06 261.0 
-0.052 262.0 
-0.05 263.0 
-0.04 264.0 
-0.046 265.0 
-0.04 266.0 
-0.041 267.0 
-0.02 268.0 
-0.054 269.0 
-0.025 270.0 
-0.023 271.0 
-0.035 272.0 
-0.042 273.0 
-0.03 274.0 
263.081 275.0 
259.947 276.0 
258.671 277.0 
256.466 278.0 
254.377 279.0 
251.824 280.0 
249.967 281.0 
250.78 282.0 
246.718 283.0 
245.674 284.0 
245.441 285.0 
245.093 286.0 
244.977 287.0 
244.977 288.0 
244.049 289.0 
244.049 290.0 
243.469 291.0 
243.585 292.0 
243.004 293.0 
240.799 294.0 
242.192 295.0 
242.54 296.0 
242.308 297.0 
241.612 298.0 
241.496 299.0 
240.451 300.0 
241.032 301.0 
241.496 302.0 
240.567 303.0 
241.264 304.0 
245.093 305.0 
240.799 306.0 
240.916 307.0 
240.451 308.0 
240.799 309.0 
240.567 310.0 
240.799 311.0 
240.219 312.0 
240.103 313.0 
239.871 314.0 
240.451 315.0 
240.103 316.0 
240.335 317.0 
239.755 318.0 
240.335 319.0 
239.987 320.0 
238.943 321.0 
240.219 322.0 
239.987 323.0 
240.219 324.0 
240.219 325.0 
240.103 326.0 
240.219 327.0 
239.755 328.0 
245.093 329.0 
240.451 330.0 
239.987 331.0 
242.424 332.0 
239.755 333.0 
239.871 334.0 
240.103 335.0 
239.871 336.0 
239.755 337.0 
239.639 338.0 
239.987 339.0 
239.639 340.0 
239.639 341.0 
239.755 342.0 
237.666 343.0 
240.103 344.0 
239.871 345.0 
239.755 346.0 
239.407 347.0 
238.362 348.0 
239.987 349.0 
239.755 350.0 
239.987 351.0 
240.103 352.0 
239.407 353.0 
238.827 354.0 
237.898 355.0 
239.639 356.0 
239.755 357.0 
239.523 358.0 
240.103 359.0 
239.639 360.0 
239.639 361.0 
239.755 362.0 
239.755 363.0 
239.755 364.0 
239.755 365.0 
239.871 366.0 
239.871 367.0 
239.755 368.0 
239.755 369.0 
239.755 370.0 
240.103 371.0 
240.103 372.0 
240.103 373.0 
239.987 374.0 
240.219 375.0 
241.844 376.0 
239.407 377.0 
239.523 378.0 
239.871 379.0 
239.871 380.0 
239.639 381.0 
240.103 382.0 
239.755 383.0 
239.755 384.0 
239.871 385.0 
240.103 386.0 
239.523 387.0 
239.523 388.0 
239.871 389.0 
240.219 390.0 
239.987 391.0 
239.987 392.0 
239.523 393.0 
239.059 394.0 
239.871 395.0 
240.219 396.0 
239.407 397.0 
239.871 398.0 
239.175 399.0 
239.523 400.0 
239.639 401.0 
239.755 402.0 
240.219 403.0 
239.755 404.0 
240.103 405.0 
239.407 406.0 
239.987 407.0 
239.871 408.0 
239.987 409.0 
239.523 410.0 
240.451 411.0 
240.103 412.0 
240.451 413.0 
239.871 414.0 
239.755 415.0 
239.755 416.0 
239.407 417.0 
239.523 418.0 
240.103 419.0 
239.523 420.0 
239.639 421.0 
239.755 422.0 
240.219 423.0 
239.871 424.0 
239.871 425.0 
239.871 426.0 
239.755 427.0 
239.871 428.0 
239.639 429.0 
239.871 430.0 
240.219 431.0 
239.987 432.0 
239.987 433.0 
239.755 434.0 
239.755 435.0 
239.755 436.0 
239.987 437.0 
239.755 438.0 
239.175 439.0 
239.291 440.0 
239.639 441.0 
239.639 442.0 
239.871 443.0 
239.871 444.0 
239.987 445.0 
239.639 446.0 
240.219 447.0 
240.219 448.0 
239.987 449.0 
240.219 450.0 
239.871 451.0 
239.755 452.0 
239.639 453.0 
239.407 454.0 
239.987 455.0 
239.407 456.0 
239.639 457.0 
239.407 458.0 
239.639 459.0 
239.871 460.0 
239.639 461.0 
239.987 462.0 
239.871 463.0 
239.987 464.0 
239.987 465.0 
240.103 466.0 
239.987 467.0 
239.523 468.0 
240.219 469.0 
240.219 470.0 
239.987 471.0 
240.103 472.0 
238.362 473.0 
239.871 474.0 
240.219 475.0 
239.523 476.0 
239.987 477.0 
239.755 478.0 
239.523 479.0 
239.755 480.0 
239.987 481.0 
239.755 482.0 
240.335 483.0 
239.987 484.0 
240.103 485.0 
239.639 486.0 
239.755 487.0 
239.871 488.0 
239.871 489.0 
239.871 490.0 
240.335 491.0 
239.755 492.0 
239.407 493.0 
239.871 494.0 
239.755 495.0 
239.639 496.0 
239.755 497.0 
239.755 498.0 
239.523 499.0 
239.871 500.0 
239.639 501.0 
239.987 502.0 
239.871 503.0 
239.407 504.0 
239.755 505.0 
239.871 506.0 
237.666 507.0 
243.12 508.0 
239.871 509.0 
239.639 510.0 
239.871 511.0 
239.871 512.0 
239.523 513.0 
239.987 514.0 
239.755 515.0 
239.755 516.0 
242.308 517.0 
239.407 518.0 
239.291 519.0 
239.291 520.0 
239.523 521.0 
239.523 522.0 
239.523 523.0 
239.871 524.0 
239.755 525.0 
239.639 526.0 
239.755 527.0 
239.175 528.0 
239.523 529.0 
239.639 530.0 
239.755 531.0 
239.871 532.0 
241.728 533.0 
239.755 534.0 
240.335 535.0 
239.987 536.0 
239.407 537.0 
239.407 538.0 
239.523 539.0 
239.755 540.0 
239.755 541.0 
239.639 542.0 
239.871 543.0 
239.755 544.0 
239.523 545.0 
239.523 546.0 
239.871 547.0 
239.987 548.0 
239.523 549.0 
239.523 550.0 
238.362 551.0 
239.755 552.0 
239.523 553.0 
239.407 554.0 
239.523 555.0 
239.639 556.0 
239.639 557.0 
239.291 558.0 
233.721 559.0 
239.639 560.0 
239.639 561.0 
239.175 562.0 
239.987 563.0 
239.407 564.0 
239.523 565.0 
239.755 566.0 
239.407 567.0 
239.407 568.0 
239.291 569.0 
239.523 570.0 
239.871 571.0 
239.639 572.0 
239.059 573.0 
239.291 574.0 
239.291 575.0 
242.656 576.0 
239.523 577.0 
239.523 578.0 
239.871 579.0 
239.755 580.0 
239.523 581.0 
239.639 582.0 
240.103 583.0 
239.871 584.0 
234.649 585.0 
239.987 586.0 
239.523 587.0 
239.871 588.0 
239.755 589.0 
239.871 590.0 
239.755 591.0 
239.987 592.0 
239.407 593.0 
239.291 594.0 
239.523 595.0 
239.059 596.0 
239.407 597.0 
239.407 598.0 
239.523 599.0 
239.755 600.0 
239.987 601.0 
239.639 602.0 
240.103 603.0 
239.639 604.0 
240.103 605.0 
239.755 606.0 
239.639 607.0 
239.639 608.0 
239.639 609.0 
240.103 610.0 
239.639 611.0 
239.987 612.0 
239.523 613.0 
239.639 614.0 
239.291 615.0 
239.407 616.0 
239.871 617.0 
239.291 618.0 
239.639 619.0 
236.854 620.0 
239.407 621.0 
239.639 622.0 
239.407 623.0 
239.755 624.0 
240.103 625.0 
239.523 626.0 
239.639 627.0 
239.987 628.0 
239.407 629.0 
240.103 630.0 
239.987 631.0 
239.755 632.0 
239.871 633.0 
242.424 634.0 
239.523 635.0 
239.987 636.0 
239.871 637.0 
239.291 638.0 
239.291 639.0 
240.335 640.0 
239.523 641.0 
239.407 642.0 
240.219 643.0 
239.523 644.0 
239.639 645.0 
239.871 646.0 
239.987 647.0 
239.639 648.0 
239.871 649.0 
239.871 650.0 
239.407 651.0 
238.943 652.0 
239.523 653.0 
239.871 654.0 
239.291 655.0 
239.639 656.0 
239.291 657.0 
239.755 658.0 
239.639 659.0 
239.639 660.0 
239.871 661.0 
239.407 662.0 
239.871 663.0 
239.639 664.0 
239.871 665.0 
239.987 666.0 
239.639 667.0 
239.987 668.0 
239.871 669.0 
239.755 670.0 
239.639 671.0 
239.639 672.0 
239.639 673.0 
239.639 674.0 
239.059 675.0 
239.639 676.0 
239.639 677.0 
239.523 678.0 
239.639 679.0 
239.871 680.0 
239.407 681.0 
239.523 682.0 
239.755 683.0 
239.871 684.0 
240.335 685.0 
239.871 686.0 
239.175 687.0 
239.755 688.0 
239.987 689.0 
240.103 690.0 
239.871 691.0 
240.219 692.0 
239.523 693.0 
239.291 694.0 
239.523 695.0 
239.639 696.0 
239.407 697.0 
239.755 698.0 
238.711 699.0 
239.291 700.0 
239.755 701.0 
239.755 702.0 
239.639 703.0 
239.871 704.0 
239.407 705.0 
240.103 706.0 
239.407 707.0 
239.639 708.0 
239.755 709.0 
239.523 710.0 
240.219 711.0 
239.871 712.0 
239.987 713.0 
239.755 714.0 
238.479 715.0 
239.175 716.0 
238.595 717.0 
239.291 718.0 
239.407 719.0 
239.523 720.0 
239.639 721.0 
239.987 722.0 
240.219 723.0 
239.639 724.0 
240.103 725.0 
239.523 726.0 
239.987 727.0 
239.755 728.0 
239.523 729.0 
239.755 730.0 
239.639 731.0 
239.291 732.0 
239.755 733.0 
239.755 734.0 
239.871 735.0 
239.407 736.0 
239.871 737.0 
239.523 738.0 
239.059 739.0 
239.407 740.0 
239.291 741.0 
239.523 742.0 
239.639 743.0 
239.523 744.0 
239.523 745.0 
239.523 746.0 
239.523 747.0 
239.523 748.0 
239.755 749.0 
239.639 750.0 
239.987 751.0 
239.523 752.0 
239.407 753.0 
239.523 754.0 
239.755 755.0 
239.639 756.0 
239.871 757.0 
239.291 758.0 
239.523 759.0 
239.523 760.0 
239.407 761.0 
239.755 762.0 
239.755 763.0 
239.755 764.0 
239.987 765.0 
239.871 766.0 
239.871 767.0 
239.987 768.0 
240.103 769.0 
240.103 770.0 
239.987 771.0 
239.755 772.0 
239.639 773.0 
239.523 774.0 
239.871 775.0 
239.755 776.0 
239.639 777.0 
239.523 778.0 
239.871 779.0 
239.407 780.0 
239.407 781.0 
239.639 782.0 
239.639 783.0 
239.987 784.0 
239.987 785.0 
239.639 786.0 
239.639 787.0 
239.639 788.0 
239.871 789.0 
239.755 790.0 
239.639 791.0 
239.871 792.0 
239.407 793.0 
239.639 794.0 
239.523 795.0 
239.639 796.0 
239.523 797.0 
239.755 798.0 
239.523 799.0 
239.755 800.0 
239.175 801.0 
239.639 802.0 
239.755 803.0 
239.639 804.0 
0.032 805.0 
0.031 806.0 
0.019 807.0 
0.013 808.0 
0.006 809.0 
-0.006 810.0 
-0.031 811.0 
-0.064 812.0 
-0.085 813.0 
-0.09 814.0 
-0.109 815.0 
-0.129 816.0 
-0.135 817.0 
-0.145 818.0 
-0.147 819.0 
-0.147 820.0 
-0.153 821.0 
-0.146 822.0 
-0.134 823.0 
-0.122 824.0 
-0.12 825.0 
-0.116 826.0 
-0.103 827.0 
-0.081 828.0 
-0.069 829.0 
