-0.028 257.0 
-0.038 258.0 
-0.044 259.0 
-0.016 260.0 
-0.023 261.0 
-0.011 262.0 
-0.023 263.0 
-0.026 264.0 
-0.02 265.0 
-0.026 266.0 
-0.011 267.0 
-0.018 268.0 
-0.038 269.0 
-0.036 270.0 
-0.03 271.0 
-0.016 272.0 
-0.029 273.0 
-0.04 274.0 
256.35 275.0 
252.985 276.0 
251.128 277.0 
249.503 278.0 
247.414 279.0 
245.557 280.0 
243.701 281.0 
242.54 282.0 
239.639 283.0 
239.523 284.0 
239.291 285.0 
238.943 286.0 
239.175 287.0 
238.943 288.0 
238.246 289.0 
238.014 290.0 
237.202 291.0 
236.97 292.0 
236.854 293.0 
236.97 294.0 
236.274 295.0 
236.042 296.0 
236.39 297.0 
235.461 298.0 
235.577 299.0 
235.925 300.0 
235.113 301.0 
235.345 302.0 
234.417 303.0 
235.113 304.0 
238.595 305.0 
234.533 306.0 
235.113 307.0 
234.301 308.0 
234.533 309.0 
233.953 310.0 
234.417 311.0 
233.953 312.0 
234.069 313.0 
233.721 314.0 
233.953 315.0 
233.605 316.0 
233.953 317.0 
233.605 318.0 
229.659 319.0 
233.721 320.0 
232.444 321.0 
233.721 322.0 
233.488 323.0 
233.837 324.0 
233.605 325.0 
234.649 326.0 
233.953 327.0 
233.372 328.0 
233.605 329.0 
233.256 330.0 
233.605 331.0 
233.721 332.0 
233.256 333.0 
233.488 334.0 
233.372 335.0 
233.721 336.0 
233.605 337.0 
233.256 338.0 
236.158 339.0 
233.837 340.0 
233.372 341.0 
233.256 342.0 
231.4 343.0 
233.488 344.0 
233.605 345.0 
233.488 346.0 
233.488 347.0 
232.328 348.0 
233.488 349.0 
233.024 350.0 
233.372 351.0 
233.372 352.0 
233.256 353.0 
232.096 354.0 
231.516 355.0 
233.256 356.0 
233.605 357.0 
233.372 358.0 
233.721 359.0 
233.488 360.0 
233.837 361.0 
233.256 362.0 
233.605 363.0 
233.372 364.0 
233.256 365.0 
233.605 366.0 
233.372 367.0 
233.372 368.0 
233.372 369.0 
233.14 370.0 
233.256 371.0 
233.256 372.0 
233.372 373.0 
233.372 374.0 
233.721 375.0 
234.649 376.0 
233.14 377.0 
233.372 378.0 
233.372 379.0 
233.605 380.0 
233.605 381.0 
233.953 382.0 
233.372 383.0 
233.372 384.0 
233.488 385.0 
233.837 386.0 
233.14 387.0 
233.488 388.0 
233.605 389.0 
233.372 390.0 
233.721 391.0 
233.837 392.0 
233.605 393.0 
232.792 394.0 
233.256 395.0 
233.605 396.0 
233.14 397.0 
233.488 398.0 
232.676 399.0 
233.372 400.0 
233.721 401.0 
233.837 402.0 
233.953 403.0 
233.488 404.0 
233.372 405.0 
233.372 406.0 
233.953 407.0 
233.256 408.0 
233.372 409.0 
233.14 410.0 
233.721 411.0 
233.488 412.0 
234.533 413.0 
233.488 414.0 
233.024 415.0 
233.372 416.0 
233.256 417.0 
233.605 418.0 
233.721 419.0 
233.372 420.0 
233.721 421.0 
233.721 422.0 
233.488 423.0 
233.14 424.0 
233.488 425.0 
233.605 426.0 
233.837 427.0 
233.605 428.0 
232.908 429.0 
233.372 430.0 
233.488 431.0 
233.721 432.0 
233.605 433.0 
233.14 434.0 
233.372 435.0 
233.372 436.0 
233.721 437.0 
233.024 438.0 
232.676 439.0 
233.488 440.0 
233.488 441.0 
233.372 442.0 
233.605 443.0 
233.372 444.0 
233.372 445.0 
233.024 446.0 
233.953 447.0 
233.837 448.0 
233.488 449.0 
233.372 450.0 
233.256 451.0 
233.488 452.0 
233.372 453.0 
233.14 454.0 
233.488 455.0 
232.444 456.0 
233.488 457.0 
233.372 458.0 
233.953 459.0 
233.837 460.0 
233.488 461.0 
233.488 462.0 
233.605 463.0 
233.488 464.0 
233.837 465.0 
233.488 466.0 
233.605 467.0 
233.721 468.0 
233.605 469.0 
233.372 470.0 
233.488 471.0 
233.256 472.0 
231.864 473.0 
233.372 474.0 
233.953 475.0 
233.488 476.0 
232.908 477.0 
233.721 478.0 
233.256 479.0 
233.605 480.0 
234.069 481.0 
233.488 482.0 
233.721 483.0 
233.14 484.0 
233.837 485.0 
233.605 486.0 
233.721 487.0 
233.488 488.0 
233.605 489.0 
233.256 490.0 
233.605 491.0 
233.837 492.0 
233.372 493.0 
233.372 494.0 
233.372 495.0 
233.372 496.0 
233.372 497.0 
233.837 498.0 
233.488 499.0 
233.488 500.0 
233.721 501.0 
233.721 502.0 
233.721 503.0 
232.676 504.0 
233.488 505.0 
233.605 506.0 
231.632 507.0 
236.39 508.0 
233.14 509.0 
233.024 510.0 
233.024 511.0 
233.256 512.0 
233.256 513.0 
233.14 514.0 
233.256 515.0 
233.256 516.0 
236.39 517.0 
232.444 518.0 
233.14 519.0 
233.372 520.0 
233.372 521.0 
233.256 522.0 
233.256 523.0 
233.372 524.0 
233.488 525.0 
233.14 526.0 
233.605 527.0 
233.14 528.0 
233.256 529.0 
233.024 530.0 
233.024 531.0 
233.605 532.0 
236.506 533.0 
233.256 534.0 
233.256 535.0 
233.256 536.0 
233.024 537.0 
233.14 538.0 
233.256 539.0 
233.372 540.0 
233.605 541.0 
233.14 542.0 
233.14 543.0 
233.372 544.0 
233.372 545.0 
233.024 546.0 
233.721 547.0 
233.605 548.0 
233.256 549.0 
233.14 550.0 
231.284 551.0 
233.372 552.0 
233.14 553.0 
232.676 554.0 
233.14 555.0 
233.605 556.0 
233.372 557.0 
233.14 558.0 
228.614 559.0 
233.372 560.0 
233.256 561.0 
232.908 562.0 
233.488 563.0 
232.908 564.0 
232.444 565.0 
233.372 566.0 
233.256 567.0 
233.024 568.0 
233.372 569.0 
232.676 570.0 
233.372 571.0 
233.256 572.0 
233.024 573.0 
232.792 574.0 
232.792 575.0 
233.488 576.0 
232.908 577.0 
232.792 578.0 
233.372 579.0 
233.256 580.0 
233.488 581.0 
233.605 582.0 
233.256 583.0 
233.953 584.0 
229.427 585.0 
233.372 586.0 
233.372 587.0 
233.605 588.0 
233.256 589.0 
233.14 590.0 
233.14 591.0 
233.488 592.0 
233.256 593.0 
233.024 594.0 
233.024 595.0 
232.908 596.0 
232.792 597.0 
233.14 598.0 
233.372 599.0 
233.488 600.0 
233.605 601.0 
233.256 602.0 
233.605 603.0 
233.488 604.0 
233.372 605.0 
233.256 606.0 
233.605 607.0 
233.14 608.0 
233.256 609.0 
233.837 610.0 
233.14 611.0 
233.372 612.0 
233.372 613.0 
233.605 614.0 
232.792 615.0 
232.908 616.0 
233.372 617.0 
232.56 618.0 
233.14 619.0 
230.471 620.0 
233.372 621.0 
233.605 622.0 
233.256 623.0 
233.372 624.0 
233.605 625.0 
233.372 626.0 
233.605 627.0 
233.488 628.0 
233.024 629.0 
232.792 630.0 
233.372 631.0 
232.792 632.0 
233.372 633.0 
235.229 634.0 
233.024 635.0 
233.488 636.0 
233.372 637.0 
233.024 638.0 
233.372 639.0 
233.488 640.0 
233.488 641.0 
232.792 642.0 
233.721 643.0 
233.372 644.0 
233.605 645.0 
233.721 646.0 
233.605 647.0 
233.14 648.0 
232.908 649.0 
233.256 650.0 
233.024 651.0 
233.14 652.0 
233.605 653.0 
233.372 654.0 
232.908 655.0 
233.372 656.0 
233.14 657.0 
233.14 658.0 
233.14 659.0 
233.372 660.0 
233.372 661.0 
233.372 662.0 
233.14 663.0 
233.372 664.0 
233.605 665.0 
233.605 666.0 
233.372 667.0 
233.605 668.0 
233.256 669.0 
233.256 670.0 
232.908 671.0 
233.024 672.0 
233.372 673.0 
233.605 674.0 
233.14 675.0 
233.14 676.0 
233.024 677.0 
233.256 678.0 
233.488 679.0 
233.953 680.0 
233.372 681.0 
233.372 682.0 
233.605 683.0 
233.488 684.0 
233.372 685.0 
233.721 686.0 
233.256 687.0 
233.488 688.0 
233.256 689.0 
233.372 690.0 
233.953 691.0 
233.488 692.0 
233.14 693.0 
233.14 694.0 
233.372 695.0 
233.372 696.0 
232.908 697.0 
233.372 698.0 
232.328 699.0 
233.256 700.0 
233.256 701.0 
233.256 702.0 
233.488 703.0 
233.488 704.0 
233.256 705.0 
233.837 706.0 
233.605 707.0 
233.372 708.0 
233.372 709.0 
232.792 710.0 
233.372 711.0 
233.372 712.0 
233.605 713.0 
233.721 714.0 
231.632 715.0 
232.908 716.0 
232.212 717.0 
233.372 718.0 
233.256 719.0 
233.14 720.0 
233.605 721.0 
233.372 722.0 
233.721 723.0 
233.372 724.0 
233.721 725.0 
233.14 726.0 
233.024 727.0 
233.372 728.0 
232.908 729.0 
232.908 730.0 
233.256 731.0 
233.372 732.0 
233.256 733.0 
233.256 734.0 
233.488 735.0 
233.14 736.0 
233.14 737.0 
233.605 738.0 
232.908 739.0 
233.14 740.0 
233.024 741.0 
233.256 742.0 
233.372 743.0 
232.908 744.0 
233.256 745.0 
233.024 746.0 
233.372 747.0 
233.256 748.0 
233.256 749.0 
232.908 750.0 
233.372 751.0 
233.256 752.0 
233.256 753.0 
233.14 754.0 
233.256 755.0 
233.14 756.0 
233.256 757.0 
233.14 758.0 
233.256 759.0 
233.372 760.0 
233.256 761.0 
233.488 762.0 
233.721 763.0 
233.372 764.0 
233.605 765.0 
233.605 766.0 
233.488 767.0 
233.256 768.0 
233.488 769.0 
233.372 770.0 
233.372 771.0 
233.256 772.0 
233.372 773.0 
233.256 774.0 
233.372 775.0 
233.14 776.0 
233.256 777.0 
233.372 778.0 
233.256 779.0 
233.605 780.0 
233.605 781.0 
233.605 782.0 
233.372 783.0 
233.256 784.0 
233.256 785.0 
233.605 786.0 
233.605 787.0 
233.488 788.0 
233.024 789.0 
233.14 790.0 
233.372 791.0 
233.488 792.0 
233.14 793.0 
233.372 794.0 
233.14 795.0 
233.372 796.0 
232.908 797.0 
233.372 798.0 
233.488 799.0 
233.372 800.0 
233.256 801.0 
233.372 802.0 
233.605 803.0 
233.256 804.0 
0.035 805.0 
0.029 806.0 
0.035 807.0 
0.03 808.0 
0.023 809.0 
0.008 810.0 
0.0 811.0 
-0.025 812.0 
-0.046 813.0 
-0.058 814.0 
-0.073 815.0 
-0.087 816.0 
-0.102 817.0 
-0.104 818.0 
-0.109 819.0 
-0.116 820.0 
-0.123 821.0 
-0.129 822.0 
-0.119 823.0 
-0.116 824.0 
-0.113 825.0 
-0.114 826.0 
-0.105 827.0 
-0.092 828.0 
-0.09 829.0 
