-0.016 257.0 
-0.034 258.0 
-0.022 259.0 
-0.016 260.0 
-0.023 261.0 
-0.022 262.0 
-0.014 263.0 
-0.01 264.0 
-0.016 265.0 
-0.031 266.0 
-0.026 267.0 
-0.011 268.0 
-0.019 269.0 
-0.017 270.0 
-0.036 271.0 
-0.022 272.0 
-0.026 273.0 
-0.007 274.0 
148.623 275.0 
145.773 276.0 
144.675 277.0 
143.215 278.0 
141.569 279.0 
139.431 280.0 
137.761 281.0 
135.542 282.0 
132.412 283.0 
131.419 284.0 
131.022 285.0 
130.683 286.0 
130.485 287.0 
130.216 288.0 
129.936 289.0 
129.212 290.0 
129.13 291.0 
128.92 292.0 
128.651 293.0 
128.546 294.0 
127.962 295.0 
127.81 296.0 
127.752 297.0 
127.203 298.0 
127.004 299.0 
126.981 300.0 
126.432 301.0 
126.362 302.0 
125.859 303.0 
125.789 304.0 
125.708 305.0 
125.054 306.0 
123.757 307.0 
121.246 308.0 
118.093 309.0 
113.759 310.0 
109.204 311.0 
104.369 312.0 
99.814 313.0 
95.247 314.0 
91.148 315.0 
87.036 316.0 
83.661 317.0 
80.835 318.0 
80.694 319.0 
80.473 320.0 
80.379 321.0 
80.321 322.0 
80.216 323.0 
80.251 324.0 
80.204 325.0 
80.087 326.0 
80.251 327.0 
80.134 328.0 
80.297 329.0 
80.227 330.0 
80.157 331.0 
80.227 332.0 
80.239 333.0 
80.134 334.0 
80.216 335.0 
80.251 336.0 
80.216 337.0 
80.122 338.0 
80.274 339.0 
80.181 340.0 
80.157 341.0 
80.157 342.0 
80.321 343.0 
80.169 344.0 
80.157 345.0 
80.11 346.0 
80.11 347.0 
80.274 348.0 
80.251 349.0 
80.192 350.0 
80.145 351.0 
80.204 352.0 
80.145 353.0 
80.11 354.0 
80.227 355.0 
80.204 356.0 
80.239 357.0 
80.169 358.0 
80.251 359.0 
80.192 360.0 
80.239 361.0 
80.134 362.0 
80.169 363.0 
80.134 364.0 
80.145 365.0 
80.181 366.0 
80.181 367.0 
80.122 368.0 
80.134 369.0 
80.157 370.0 
80.227 371.0 
80.169 372.0 
80.239 373.0 
80.227 374.0 
80.239 375.0 
80.286 376.0 
80.052 377.0 
80.169 378.0 
80.192 379.0 
80.181 380.0 
80.134 381.0 
80.262 382.0 
80.181 383.0 
80.157 384.0 
80.11 385.0 
80.239 386.0 
80.122 387.0 
80.099 388.0 
80.181 389.0 
80.181 390.0 
80.157 391.0 
80.169 392.0 
80.239 393.0 
80.075 394.0 
80.157 395.0 
80.262 396.0 
80.11 397.0 
80.192 398.0 
80.11 399.0 
80.11 400.0 
80.216 401.0 
80.192 402.0 
80.239 403.0 
80.192 404.0 
80.169 405.0 
80.099 406.0 
80.157 407.0 
80.11 408.0 
80.181 409.0 
80.099 410.0 
80.181 411.0 
80.204 412.0 
80.262 413.0 
80.216 414.0 
80.134 415.0 
80.192 416.0 
80.11 417.0 
80.274 418.0 
80.192 419.0 
80.122 420.0 
80.157 421.0 
80.181 422.0 
80.216 423.0 
80.145 424.0 
80.122 425.0 
80.181 426.0 
80.204 427.0 
80.134 428.0 
80.145 429.0 
80.075 430.0 
80.169 431.0 
80.192 432.0 
80.239 433.0 
80.122 434.0 
80.11 435.0 
80.157 436.0 
80.251 437.0 
80.087 438.0 
80.145 439.0 
80.145 440.0 
80.157 441.0 
80.11 442.0 
80.122 443.0 
80.134 444.0 
80.099 445.0 
80.122 446.0 
80.239 447.0 
80.181 448.0 
80.204 449.0 
80.531 450.0 
80.169 451.0 
80.145 452.0 
80.122 453.0 
80.075 454.0 
80.204 455.0 
80.157 456.0 
80.181 457.0 
80.134 458.0 
80.192 459.0 
80.239 460.0 
80.145 461.0 
80.157 462.0 
80.204 463.0 
80.157 464.0 
80.227 465.0 
80.181 466.0 
80.145 467.0 
80.075 468.0 
80.145 469.0 
80.157 470.0 
80.169 471.0 
80.134 472.0 
80.239 473.0 
80.145 474.0 
80.216 475.0 
80.157 476.0 
80.087 477.0 
80.157 478.0 
80.064 479.0 
80.169 480.0 
80.216 481.0 
80.122 482.0 
80.204 483.0 
80.087 484.0 
80.157 485.0 
80.099 486.0 
80.11 487.0 
80.181 488.0 
80.157 489.0 
80.169 490.0 
80.204 491.0 
80.181 492.0 
80.169 493.0 
80.192 494.0 
80.11 495.0 
80.029 496.0 
80.181 497.0 
80.227 498.0 
80.099 499.0 
80.075 500.0 
80.134 501.0 
80.204 502.0 
80.04 503.0 
80.075 504.0 
80.099 505.0 
80.122 506.0 
80.134 507.0 
80.554 508.0 
80.064 509.0 
80.075 510.0 
80.11 511.0 
80.122 512.0 
80.145 513.0 
80.122 514.0 
80.192 515.0 
80.204 516.0 
80.181 517.0 
79.994 518.0 
79.947 519.0 
80.029 520.0 
80.029 521.0 
80.04 522.0 
80.029 523.0 
80.052 524.0 
80.04 525.0 
80.029 526.0 
79.994 527.0 
79.959 528.0 
79.982 529.0 
79.959 530.0 
79.959 531.0 
80.099 532.0 
80.052 533.0 
80.005 534.0 
80.029 535.0 
79.982 536.0 
79.924 537.0 
79.865 538.0 
79.818 539.0 
79.783 540.0 
79.889 541.0 
79.818 542.0 
79.783 543.0 
79.737 544.0 
79.713 545.0 
79.678 546.0 
79.76 547.0 
79.713 548.0 
79.655 549.0 
79.608 550.0 
79.526 551.0 
79.69 552.0 
79.643 553.0 
79.585 554.0 
79.55 555.0 
79.643 556.0 
79.655 557.0 
79.573 558.0 
79.725 559.0 
79.678 560.0 
79.597 561.0 
79.515 562.0 
79.655 563.0 
79.585 564.0 
79.456 565.0 
79.678 566.0 
79.783 567.0 
79.515 568.0 
79.62 569.0 
79.538 570.0 
79.655 571.0 
79.62 572.0 
79.526 573.0 
79.597 574.0 
79.562 575.0 
79.678 576.0 
79.608 577.0 
79.608 578.0 
79.713 579.0 
79.643 580.0 
79.69 581.0 
79.643 582.0 
79.678 583.0 
79.678 584.0 
79.737 585.0 
79.655 586.0 
79.597 587.0 
79.643 588.0 
79.585 589.0 
79.643 590.0 
79.562 591.0 
79.667 592.0 
79.585 593.0 
79.608 594.0 
79.562 595.0 
79.667 596.0 
79.573 597.0 
79.655 598.0 
79.573 599.0 
79.643 600.0 
79.737 601.0 
79.62 602.0 
79.737 603.0 
79.585 604.0 
79.702 605.0 
79.573 606.0 
79.62 607.0 
79.526 608.0 
79.62 609.0 
79.702 610.0 
79.608 611.0 
79.667 612.0 
79.585 613.0 
79.667 614.0 
79.573 615.0 
79.632 616.0 
79.702 617.0 
79.597 618.0 
79.678 619.0 
79.316 620.0 
79.62 621.0 
79.643 622.0 
79.55 623.0 
79.597 624.0 
79.713 625.0 
79.573 626.0 
79.667 627.0 
79.655 628.0 
79.585 629.0 
79.62 630.0 
79.713 631.0 
79.526 632.0 
79.667 633.0 
79.737 634.0 
79.585 635.0 
79.667 636.0 
79.678 637.0 
79.573 638.0 
79.678 639.0 
79.69 640.0 
79.538 641.0 
79.632 642.0 
79.69 643.0 
79.515 644.0 
79.585 645.0 
79.597 646.0 
79.69 647.0 
79.55 648.0 
79.585 649.0 
79.643 650.0 
79.562 651.0 
79.597 652.0 
79.643 653.0 
79.69 654.0 
79.515 655.0 
79.573 656.0 
79.597 657.0 
79.678 658.0 
79.573 659.0 
79.667 660.0 
79.678 661.0 
79.713 662.0 
79.48 663.0 
79.632 664.0 
79.678 665.0 
79.702 666.0 
79.562 667.0 
79.62 668.0 
79.667 669.0 
79.69 670.0 
79.573 671.0 
79.585 672.0 
79.655 673.0 
79.713 674.0 
79.713 675.0 
79.55 676.0 
79.585 677.0 
79.632 678.0 
79.608 679.0 
79.737 680.0 
79.562 681.0 
79.562 682.0 
79.62 683.0 
79.643 684.0 
79.713 685.0 
79.725 686.0 
79.562 687.0 
79.562 688.0 
79.597 689.0 
79.62 690.0 
79.678 691.0 
79.702 692.0 
79.526 693.0 
79.597 694.0 
79.608 695.0 
79.643 696.0 
79.643 697.0 
79.69 698.0 
79.223 699.0 
79.538 700.0 
79.573 701.0 
79.62 702.0 
79.608 703.0 
79.62 704.0 
79.667 705.0 
79.69 706.0 
79.538 707.0 
79.562 708.0 
79.55 709.0 
79.597 710.0 
79.62 711.0 
79.655 712.0 
79.69 713.0 
79.702 714.0 
79.725 715.0 
79.562 716.0 
79.562 717.0 
79.597 718.0 
79.632 719.0 
79.643 720.0 
79.632 721.0 
79.678 722.0 
79.667 723.0 
79.69 724.0 
79.725 725.0 
79.526 726.0 
79.538 727.0 
79.538 728.0 
79.573 729.0 
79.62 730.0 
79.597 731.0 
79.62 732.0 
79.655 733.0 
79.655 734.0 
79.69 735.0 
79.69 736.0 
79.713 737.0 
79.725 738.0 
79.375 739.0 
79.515 740.0 
79.538 741.0 
79.515 742.0 
79.526 743.0 
79.562 744.0 
79.538 745.0 
79.573 746.0 
79.585 747.0 
79.573 748.0 
79.585 749.0 
79.573 750.0 
79.585 751.0 
79.597 752.0 
79.608 753.0 
79.632 754.0 
79.62 755.0 
79.655 756.0 
79.632 757.0 
79.62 758.0 
79.678 759.0 
79.632 760.0 
79.643 761.0 
79.643 762.0 
79.632 763.0 
79.655 764.0 
79.643 765.0 
79.643 766.0 
79.62 767.0 
79.632 768.0 
79.643 769.0 
79.632 770.0 
79.643 771.0 
79.678 772.0 
79.632 773.0 
79.667 774.0 
79.655 775.0 
79.667 776.0 
79.632 777.0 
79.632 778.0 
79.643 779.0 
79.655 780.0 
79.62 781.0 
79.632 782.0 
79.632 783.0 
79.62 784.0 
79.678 785.0 
79.62 786.0 
79.643 787.0 
79.632 788.0 
79.643 789.0 
79.643 790.0 
79.632 791.0 
79.655 792.0 
79.62 793.0 
79.632 794.0 
79.62 795.0 
79.608 796.0 
79.573 797.0 
79.62 798.0 
79.62 799.0 
79.62 800.0 
79.632 801.0 
79.608 802.0 
79.62 803.0 
79.597 804.0 
0.01 805.0 
0.002 806.0 
0.018 807.0 
0.016 808.0 
0.012 809.0 
0.002 810.0 
0.002 811.0 
0.005 812.0 
0.007 813.0 
0.014 814.0 
0.01 815.0 
-0.004 816.0 
-0.004 817.0 
-0.005 818.0 
0.006 819.0 
-0.001 820.0 
-0.004 821.0 
-0.016 822.0 
-0.016 823.0 
-0.017 824.0 
-0.013 825.0 
-0.016 826.0 
-0.016 827.0 
-0.013 828.0 
-0.028 829.0 
