-0.041 257.0 
-0.041 258.0 
-0.059 259.0 
-0.064 260.0 
-0.035 261.0 
-0.037 262.0 
-0.028 263.0 
-0.04 264.0 
-0.011 265.0 
-0.007 266.0 
-0.02 267.0 
-0.025 268.0 
-0.028 269.0 
-0.034 270.0 
-0.035 271.0 
-0.04 272.0 
-0.054 273.0 
-0.022 274.0 
148.892 275.0 
145.691 276.0 
144.629 277.0 
143.134 278.0 
141.487 279.0 
139.466 280.0 
137.773 281.0 
135.647 282.0 
132.435 283.0 
131.22 284.0 
130.835 285.0 
130.52 286.0 
130.321 287.0 
129.982 288.0 
129.725 289.0 
129.025 290.0 
128.943 291.0 
128.698 292.0 
128.429 293.0 
128.195 294.0 
127.798 295.0 
127.693 296.0 
127.6 297.0 
127.086 298.0 
126.887 299.0 
126.852 300.0 
126.292 301.0 
126.222 302.0 
125.708 303.0 
125.684 304.0 
125.579 305.0 
125.03 306.0 
123.897 307.0 
121.596 308.0 
118.77 309.0 
114.916 310.0 
111.05 311.0 
106.518 312.0 
102.278 313.0 
98.004 314.0 
93.892 315.0 
89.793 316.0 
86.055 317.0 
82.96 318.0 
82.797 319.0 
82.587 320.0 
82.481 321.0 
82.423 322.0 
82.33 323.0 
82.376 324.0 
82.341 325.0 
82.224 326.0 
82.353 327.0 
82.236 328.0 
83.042 329.0 
82.353 330.0 
82.248 331.0 
82.505 332.0 
82.376 333.0 
82.271 334.0 
82.224 335.0 
82.33 336.0 
82.353 337.0 
82.213 338.0 
82.376 339.0 
82.295 340.0 
82.283 341.0 
82.224 342.0 
82.411 343.0 
82.295 344.0 
82.283 345.0 
82.236 346.0 
82.189 347.0 
82.154 348.0 
82.295 349.0 
82.318 350.0 
82.213 351.0 
82.283 352.0 
82.271 353.0 
82.166 354.0 
82.318 355.0 
82.26 356.0 
82.33 357.0 
82.26 358.0 
82.353 359.0 
82.33 360.0 
82.33 361.0 
82.283 362.0 
82.26 363.0 
82.178 364.0 
82.26 365.0 
82.318 366.0 
82.295 367.0 
82.213 368.0 
82.26 369.0 
82.26 370.0 
82.306 371.0 
82.295 372.0 
82.306 373.0 
82.306 374.0 
82.353 375.0 
82.633 376.0 
82.213 377.0 
82.248 378.0 
82.283 379.0 
82.26 380.0 
82.271 381.0 
82.376 382.0 
82.26 383.0 
82.26 384.0 
82.248 385.0 
82.353 386.0 
82.236 387.0 
82.154 388.0 
82.318 389.0 
82.306 390.0 
82.33 391.0 
82.236 392.0 
82.306 393.0 
82.178 394.0 
82.295 395.0 
82.365 396.0 
82.201 397.0 
82.306 398.0 
82.166 399.0 
82.224 400.0 
82.33 401.0 
82.283 402.0 
82.365 403.0 
82.33 404.0 
82.236 405.0 
82.224 406.0 
82.283 407.0 
82.201 408.0 
82.271 409.0 
82.201 410.0 
82.248 411.0 
82.318 412.0 
82.785 413.0 
82.318 414.0 
82.224 415.0 
82.283 416.0 
82.213 417.0 
82.318 418.0 
82.318 419.0 
82.224 420.0 
82.271 421.0 
82.306 422.0 
82.33 423.0 
82.213 424.0 
82.271 425.0 
82.295 426.0 
82.33 427.0 
82.201 428.0 
82.224 429.0 
82.166 430.0 
82.283 431.0 
82.271 432.0 
82.283 433.0 
82.201 434.0 
82.201 435.0 
82.26 436.0 
82.318 437.0 
82.096 438.0 
82.236 439.0 
82.201 440.0 
82.224 441.0 
82.189 442.0 
82.236 443.0 
82.224 444.0 
82.201 445.0 
82.166 446.0 
82.33 447.0 
82.295 448.0 
82.271 449.0 
82.622 450.0 
82.248 451.0 
82.224 452.0 
82.178 453.0 
82.189 454.0 
82.26 455.0 
82.131 456.0 
82.189 457.0 
82.189 458.0 
82.306 459.0 
82.318 460.0 
82.271 461.0 
82.201 462.0 
82.341 463.0 
82.248 464.0 
82.283 465.0 
82.295 466.0 
82.271 467.0 
82.178 468.0 
82.248 469.0 
82.248 470.0 
82.236 471.0 
82.213 472.0 
82.33 473.0 
82.271 474.0 
82.306 475.0 
82.236 476.0 
82.178 477.0 
82.248 478.0 
82.154 479.0 
82.271 480.0 
82.341 481.0 
82.213 482.0 
82.341 483.0 
82.236 484.0 
82.295 485.0 
82.166 486.0 
82.178 487.0 
82.295 488.0 
82.236 489.0 
82.224 490.0 
82.248 491.0 
82.271 492.0 
82.224 493.0 
82.26 494.0 
82.189 495.0 
82.166 496.0 
82.236 497.0 
82.318 498.0 
82.178 499.0 
82.201 500.0 
82.26 501.0 
82.248 502.0 
82.166 503.0 
82.178 504.0 
82.213 505.0 
82.248 506.0 
82.224 507.0 
82.411 508.0 
82.119 509.0 
82.154 510.0 
82.213 511.0 
82.201 512.0 
82.213 513.0 
82.201 514.0 
82.248 515.0 
82.248 516.0 
82.248 517.0 
82.073 518.0 
82.073 519.0 
82.131 520.0 
82.143 521.0 
82.119 522.0 
82.131 523.0 
82.119 524.0 
82.131 525.0 
82.084 526.0 
82.073 527.0 
82.003 528.0 
82.049 529.0 
82.026 530.0 
82.049 531.0 
82.131 532.0 
82.154 533.0 
82.073 534.0 
82.061 535.0 
82.038 536.0 
81.968 537.0 
81.932 538.0 
81.874 539.0 
81.862 540.0 
81.979 541.0 
81.932 542.0 
81.886 543.0 
81.804 544.0 
81.757 545.0 
81.722 546.0 
81.874 547.0 
81.757 548.0 
81.722 549.0 
81.664 550.0 
81.594 551.0 
81.757 552.0 
81.699 553.0 
81.64 554.0 
81.617 555.0 
81.746 556.0 
81.699 557.0 
81.64 558.0 
81.384 559.0 
81.711 560.0 
81.676 561.0 
81.559 562.0 
81.699 563.0 
81.652 564.0 
81.535 565.0 
81.711 566.0 
81.722 567.0 
81.559 568.0 
81.699 569.0 
81.594 570.0 
81.746 571.0 
81.64 572.0 
81.57 573.0 
81.64 574.0 
81.605 575.0 
81.734 576.0 
81.664 577.0 
81.652 578.0 
81.734 579.0 
81.664 580.0 
81.769 581.0 
81.699 582.0 
81.722 583.0 
81.699 584.0 
81.827 585.0 
81.722 586.0 
81.664 587.0 
81.722 588.0 
81.652 589.0 
81.699 590.0 
81.629 591.0 
81.711 592.0 
81.64 593.0 
81.664 594.0 
81.652 595.0 
81.722 596.0 
81.629 597.0 
81.734 598.0 
81.652 599.0 
81.676 600.0 
81.804 601.0 
81.699 602.0 
81.804 603.0 
81.699 604.0 
81.769 605.0 
81.652 606.0 
81.687 607.0 
81.594 608.0 
81.699 609.0 
81.781 610.0 
81.676 611.0 
81.769 612.0 
81.664 613.0 
81.722 614.0 
81.57 615.0 
81.687 616.0 
81.757 617.0 
81.617 618.0 
81.746 619.0 
81.325 620.0 
81.687 621.0 
81.711 622.0 
81.617 623.0 
81.676 624.0 
81.769 625.0 
81.652 626.0 
81.699 627.0 
81.734 628.0 
81.652 629.0 
81.687 630.0 
81.781 631.0 
81.582 632.0 
81.699 633.0 
81.804 634.0 
81.64 635.0 
81.711 636.0 
81.781 637.0 
81.629 638.0 
81.722 639.0 
81.769 640.0 
81.652 641.0 
81.699 642.0 
81.746 643.0 
81.559 644.0 
81.676 645.0 
81.722 646.0 
81.757 647.0 
81.605 648.0 
81.64 649.0 
81.769 650.0 
81.605 651.0 
81.64 652.0 
81.664 653.0 
81.769 654.0 
81.582 655.0 
81.664 656.0 
81.652 657.0 
81.792 658.0 
81.652 659.0 
81.699 660.0 
81.757 661.0 
81.781 662.0 
81.617 663.0 
81.687 664.0 
81.746 665.0 
81.804 666.0 
81.605 667.0 
81.652 668.0 
81.722 669.0 
81.734 670.0 
81.617 671.0 
81.652 672.0 
81.699 673.0 
81.722 674.0 
81.746 675.0 
81.605 676.0 
81.64 677.0 
81.687 678.0 
81.711 679.0 
81.769 680.0 
81.594 681.0 
81.629 682.0 
81.664 683.0 
81.711 684.0 
81.769 685.0 
81.839 686.0 
81.629 687.0 
81.652 688.0 
81.687 689.0 
81.687 690.0 
81.781 691.0 
81.769 692.0 
81.617 693.0 
81.664 694.0 
81.652 695.0 
81.711 696.0 
81.757 697.0 
81.746 698.0 
81.442 699.0 
81.582 700.0 
81.652 701.0 
81.652 702.0 
81.711 703.0 
81.664 704.0 
81.757 705.0 
81.769 706.0 
81.617 707.0 
81.64 708.0 
81.64 709.0 
81.664 710.0 
81.664 711.0 
81.687 712.0 
81.722 713.0 
81.734 714.0 
81.769 715.0 
81.594 716.0 
81.617 717.0 
81.629 718.0 
81.664 719.0 
81.687 720.0 
81.676 721.0 
81.757 722.0 
81.711 723.0 
81.781 724.0 
81.816 725.0 
81.605 726.0 
81.594 727.0 
81.617 728.0 
81.64 729.0 
81.652 730.0 
81.676 731.0 
81.711 732.0 
81.711 733.0 
81.711 734.0 
81.734 735.0 
81.746 736.0 
81.757 737.0 
81.769 738.0 
81.465 739.0 
81.559 740.0 
81.57 741.0 
81.605 742.0 
81.605 743.0 
81.605 744.0 
81.64 745.0 
81.652 746.0 
81.605 747.0 
81.547 748.0 
81.652 749.0 
81.664 750.0 
81.711 751.0 
81.664 752.0 
81.64 753.0 
81.652 754.0 
81.687 755.0 
81.652 756.0 
81.664 757.0 
81.664 758.0 
81.722 759.0 
81.676 760.0 
81.664 761.0 
81.687 762.0 
81.699 763.0 
81.711 764.0 
81.722 765.0 
81.699 766.0 
81.687 767.0 
81.687 768.0 
81.734 769.0 
81.722 770.0 
81.687 771.0 
81.711 772.0 
81.699 773.0 
81.699 774.0 
81.699 775.0 
81.687 776.0 
81.711 777.0 
81.711 778.0 
81.711 779.0 
81.711 780.0 
81.711 781.0 
81.676 782.0 
81.699 783.0 
81.676 784.0 
81.722 785.0 
81.699 786.0 
81.676 787.0 
81.687 788.0 
81.687 789.0 
81.699 790.0 
81.699 791.0 
81.687 792.0 
81.687 793.0 
81.711 794.0 
81.664 795.0 
81.687 796.0 
81.664 797.0 
81.687 798.0 
81.687 799.0 
81.687 800.0 
81.699 801.0 
81.687 802.0 
81.652 803.0 
81.687 804.0 
0.008 805.0 
0.013 806.0 
0.007 807.0 
0.002 808.0 
0.0 809.0 
-0.012 810.0 
-0.016 811.0 
-0.02 812.0 
-0.03 813.0 
-0.041 814.0 
-0.044 815.0 
-0.049 816.0 
-0.052 817.0 
-0.053 818.0 
-0.049 819.0 
-0.055 820.0 
-0.056 821.0 
-0.055 822.0 
-0.058 823.0 
-0.05 824.0 
-0.044 825.0 
-0.035 826.0 
-0.038 827.0 
-0.036 828.0 
-0.025 829.0 
