-0.031 257.0 
-0.035 258.0 
-0.173 259.0 
-0.024 260.0 
-0.032 261.0 
-0.04 262.0 
-0.058 263.0 
-0.035 264.0 
-0.037 265.0 
-0.055 266.0 
-0.048 267.0 
-0.041 268.0 
-0.041 269.0 
-0.046 270.0 
-0.043 271.0 
-0.043 272.0 
-0.023 273.0 
-0.024 274.0 
148.997 275.0 
145.423 276.0 
144.325 277.0 
142.725 278.0 
141.113 279.0 
139.198 280.0 
137.551 281.0 
135.635 282.0 
132.447 283.0 
131.045 284.0 
130.671 285.0 
130.38 286.0 
130.251 287.0 
129.971 288.0 
129.667 289.0 
129.001 290.0 
128.861 291.0 
128.639 292.0 
128.394 293.0 
128.265 294.0 
127.752 295.0 
127.588 296.0 
127.495 297.0 
126.922 298.0 
126.724 299.0 
126.63 300.0 
126.035 301.0 
125.965 302.0 
125.427 303.0 
125.416 304.0 
125.626 305.0 
124.715 306.0 
123.594 307.0 
121.269 308.0 
118.548 309.0 
114.811 310.0 
110.863 311.0 
106.191 312.0 
101.753 313.0 
97.244 314.0 
93.051 315.0 
88.882 316.0 
84.993 317.0 
81.932 318.0 
81.769 319.0 
81.57 320.0 
81.372 321.0 
81.395 322.0 
81.302 323.0 
81.325 324.0 
81.29 325.0 
81.15 326.0 
81.278 327.0 
81.197 328.0 
81.419 329.0 
81.348 330.0 
81.22 331.0 
81.325 332.0 
81.337 333.0 
81.267 334.0 
81.22 335.0 
81.337 336.0 
81.325 337.0 
81.22 338.0 
81.372 339.0 
81.29 340.0 
81.255 341.0 
81.232 342.0 
81.395 343.0 
81.29 344.0 
81.255 345.0 
81.173 346.0 
81.162 347.0 
81.208 348.0 
81.302 349.0 
81.302 350.0 
81.232 351.0 
81.313 352.0 
81.232 353.0 
81.197 354.0 
81.384 355.0 
81.302 356.0 
81.313 357.0 
81.243 358.0 
81.325 359.0 
81.267 360.0 
81.313 361.0 
81.232 362.0 
81.255 363.0 
81.22 364.0 
81.22 365.0 
81.232 366.0 
81.255 367.0 
81.232 368.0 
81.243 369.0 
81.243 370.0 
81.267 371.0 
81.278 372.0 
81.325 373.0 
81.325 374.0 
81.372 375.0 
81.57 376.0 
81.15 377.0 
81.243 378.0 
81.255 379.0 
81.243 380.0 
81.267 381.0 
81.372 382.0 
81.232 383.0 
81.232 384.0 
81.22 385.0 
81.302 386.0 
81.232 387.0 
81.197 388.0 
81.29 389.0 
81.278 390.0 
81.278 391.0 
81.232 392.0 
81.337 393.0 
81.173 394.0 
81.302 395.0 
81.372 396.0 
81.173 397.0 
81.267 398.0 
81.115 399.0 
81.232 400.0 
81.337 401.0 
81.267 402.0 
81.337 403.0 
81.278 404.0 
81.243 405.0 
81.173 406.0 
81.243 407.0 
81.243 408.0 
81.278 409.0 
81.208 410.0 
81.243 411.0 
81.302 412.0 
81.699 413.0 
81.337 414.0 
81.29 415.0 
81.278 416.0 
81.197 417.0 
81.302 418.0 
81.29 419.0 
81.197 420.0 
81.267 421.0 
81.255 422.0 
81.302 423.0 
81.232 424.0 
81.232 425.0 
81.267 426.0 
81.302 427.0 
81.197 428.0 
81.243 429.0 
81.15 430.0 
81.267 431.0 
81.302 432.0 
81.313 433.0 
81.173 434.0 
81.232 435.0 
81.22 436.0 
81.302 437.0 
81.185 438.0 
81.185 439.0 
81.232 440.0 
81.197 441.0 
81.208 442.0 
81.243 443.0 
81.197 444.0 
81.22 445.0 
81.162 446.0 
81.302 447.0 
81.302 448.0 
81.278 449.0 
81.594 450.0 
81.243 451.0 
81.208 452.0 
81.208 453.0 
81.185 454.0 
81.325 455.0 
81.302 456.0 
81.197 457.0 
81.208 458.0 
81.302 459.0 
81.313 460.0 
81.243 461.0 
81.22 462.0 
81.325 463.0 
81.232 464.0 
81.243 465.0 
81.278 466.0 
81.243 467.0 
81.197 468.0 
81.29 469.0 
81.243 470.0 
81.197 471.0 
81.197 472.0 
81.138 473.0 
81.22 474.0 
81.348 475.0 
81.267 476.0 
81.138 477.0 
81.255 478.0 
81.15 479.0 
81.29 480.0 
81.302 481.0 
81.232 482.0 
81.325 483.0 
81.208 484.0 
81.255 485.0 
81.138 486.0 
81.243 487.0 
81.313 488.0 
81.208 489.0 
81.243 490.0 
81.302 491.0 
81.255 492.0 
81.232 493.0 
81.278 494.0 
81.22 495.0 
81.185 496.0 
81.255 497.0 
81.267 498.0 
81.138 499.0 
81.197 500.0 
81.232 501.0 
81.267 502.0 
81.127 503.0 
81.162 504.0 
81.22 505.0 
81.22 506.0 
81.127 507.0 
81.267 508.0 
81.15 509.0 
81.173 510.0 
81.162 511.0 
81.22 512.0 
81.22 513.0 
81.243 514.0 
81.267 515.0 
81.267 516.0 
81.465 517.0 
81.103 518.0 
81.068 519.0 
81.103 520.0 
81.115 521.0 
81.103 522.0 
81.138 523.0 
81.127 524.0 
81.138 525.0 
81.103 526.0 
81.115 527.0 
81.033 528.0 
81.08 529.0 
81.057 530.0 
81.068 531.0 
81.197 532.0 
81.185 533.0 
81.08 534.0 
81.127 535.0 
81.08 536.0 
81.033 537.0 
80.94 538.0 
80.94 539.0 
80.928 540.0 
80.998 541.0 
80.881 542.0 
80.881 543.0 
80.846 544.0 
80.811 545.0 
80.776 546.0 
80.905 547.0 
80.846 548.0 
80.776 549.0 
80.741 550.0 
80.671 551.0 
80.8 552.0 
80.788 553.0 
80.741 554.0 
80.718 555.0 
80.788 556.0 
80.788 557.0 
80.694 558.0 
80.344 559.0 
80.788 560.0 
80.729 561.0 
80.659 562.0 
80.788 563.0 
80.671 564.0 
80.613 565.0 
80.765 566.0 
80.881 567.0 
80.671 568.0 
80.729 569.0 
80.706 570.0 
80.835 571.0 
80.718 572.0 
80.671 573.0 
80.741 574.0 
80.718 575.0 
81.127 576.0 
80.753 577.0 
80.718 578.0 
80.846 579.0 
80.741 580.0 
80.823 581.0 
80.776 582.0 
80.858 583.0 
80.765 584.0 
80.508 585.0 
80.8 586.0 
80.718 587.0 
80.823 588.0 
80.706 589.0 
80.858 590.0 
80.694 591.0 
80.788 592.0 
80.729 593.0 
80.788 594.0 
80.718 595.0 
80.8 596.0 
80.694 597.0 
80.788 598.0 
80.694 599.0 
80.8 600.0 
80.835 601.0 
80.741 602.0 
80.835 603.0 
80.706 604.0 
80.823 605.0 
80.729 606.0 
80.776 607.0 
80.706 608.0 
80.776 609.0 
80.846 610.0 
80.765 611.0 
80.846 612.0 
80.741 613.0 
80.776 614.0 
80.741 615.0 
80.694 616.0 
80.835 617.0 
80.648 618.0 
80.8 619.0 
80.578 620.0 
80.741 621.0 
80.8 622.0 
80.718 623.0 
80.753 624.0 
80.835 625.0 
80.718 626.0 
80.8 627.0 
80.87 628.0 
80.694 629.0 
80.8 630.0 
80.858 631.0 
80.741 632.0 
80.8 633.0 
81.092 634.0 
80.753 635.0 
80.788 636.0 
80.835 637.0 
80.706 638.0 
80.765 639.0 
80.835 640.0 
80.694 641.0 
80.706 642.0 
80.823 643.0 
80.659 644.0 
80.683 645.0 
80.776 646.0 
80.835 647.0 
80.706 648.0 
80.765 649.0 
80.87 650.0 
80.671 651.0 
80.683 652.0 
80.788 653.0 
80.846 654.0 
80.706 655.0 
80.753 656.0 
80.765 657.0 
80.835 658.0 
80.729 659.0 
80.776 660.0 
80.811 661.0 
80.811 662.0 
80.741 663.0 
80.776 664.0 
80.811 665.0 
80.87 666.0 
80.706 667.0 
80.741 668.0 
80.776 669.0 
80.858 670.0 
80.706 671.0 
80.729 672.0 
80.765 673.0 
80.788 674.0 
80.788 675.0 
80.683 676.0 
80.706 677.0 
80.765 678.0 
80.776 679.0 
80.858 680.0 
80.659 681.0 
80.718 682.0 
80.753 683.0 
80.8 684.0 
80.776 685.0 
80.858 686.0 
80.636 687.0 
80.741 688.0 
80.776 689.0 
80.776 690.0 
80.811 691.0 
80.846 692.0 
80.659 693.0 
80.729 694.0 
80.788 695.0 
80.835 696.0 
80.706 697.0 
80.811 698.0 
80.601 699.0 
80.683 700.0 
80.706 701.0 
80.765 702.0 
80.753 703.0 
80.788 704.0 
80.811 705.0 
80.835 706.0 
80.683 707.0 
80.683 708.0 
80.729 709.0 
80.694 710.0 
80.788 711.0 
80.8 712.0 
80.846 713.0 
80.835 714.0 
80.624 715.0 
80.671 716.0 
80.659 717.0 
80.718 718.0 
80.765 719.0 
80.741 720.0 
80.8 721.0 
80.811 722.0 
80.823 723.0 
80.8 724.0 
80.835 725.0 
80.624 726.0 
80.683 727.0 
80.706 728.0 
80.718 729.0 
80.718 730.0 
80.765 731.0 
80.776 732.0 
80.776 733.0 
80.8 734.0 
80.811 735.0 
80.776 736.0 
80.811 737.0 
80.835 738.0 
80.636 739.0 
80.648 740.0 
80.671 741.0 
80.671 742.0 
80.694 743.0 
80.706 744.0 
80.694 745.0 
80.671 746.0 
80.706 747.0 
80.729 748.0 
80.741 749.0 
80.706 750.0 
80.729 751.0 
80.729 752.0 
80.753 753.0 
80.753 754.0 
80.776 755.0 
80.753 756.0 
80.765 757.0 
80.741 758.0 
80.753 759.0 
80.765 760.0 
80.776 761.0 
80.788 762.0 
80.788 763.0 
80.753 764.0 
80.788 765.0 
80.765 766.0 
80.8 767.0 
80.788 768.0 
80.811 769.0 
80.788 770.0 
80.776 771.0 
80.8 772.0 
80.776 773.0 
80.788 774.0 
80.823 775.0 
80.8 776.0 
80.765 777.0 
80.753 778.0 
80.765 779.0 
80.788 780.0 
80.765 781.0 
80.788 782.0 
80.753 783.0 
80.753 784.0 
80.765 785.0 
80.729 786.0 
80.741 787.0 
80.776 788.0 
80.753 789.0 
80.776 790.0 
80.765 791.0 
80.811 792.0 
80.776 793.0 
80.8 794.0 
80.776 795.0 
80.753 796.0 
80.776 797.0 
80.765 798.0 
80.765 799.0 
80.718 800.0 
80.753 801.0 
80.765 802.0 
80.729 803.0 
80.729 804.0 
0.0 805.0 
0.0 806.0 
-0.001 807.0 
0.0 808.0 
-0.01 809.0 
-0.004 810.0 
-0.02 811.0 
-0.029 812.0 
-0.036 813.0 
-0.041 814.0 
-0.043 815.0 
-0.054 816.0 
-0.055 817.0 
-0.056 818.0 
-0.053 819.0 
-0.064 820.0 
-0.066 821.0 
-0.061 822.0 
-0.056 823.0 
-0.061 824.0 
-0.055 825.0 
-0.055 826.0 
-0.054 827.0 
-0.048 828.0 
-0.043 829.0 
