-0.064 257.0 
-0.035 258.0 
-0.047 259.0 
-0.06 260.0 
-0.061 261.0 
-0.058 262.0 
-0.078 263.0 
-0.041 264.0 
-0.022 265.0 
-0.049 266.0 
-0.044 267.0 
-0.055 268.0 
-0.044 269.0 
-0.028 270.0 
-0.026 271.0 
-0.055 272.0 
-0.025 273.0 
-0.036 274.0 
153.236 275.0 
150.153 276.0 
148.88 277.0 
146.953 278.0 
144.792 279.0 
142.082 280.0 
139.887 281.0 
136.85 282.0 
133.708 283.0 
132.143 284.0 
131.781 285.0 
131.396 286.0 
131.197 287.0 
130.917 288.0 
130.66 289.0 
129.936 290.0 
129.807 291.0 
129.574 292.0 
129.34 293.0 
128.849 294.0 
128.639 295.0 
128.487 296.0 
128.324 297.0 
127.81 298.0 
127.611 299.0 
127.296 300.0 
126.946 301.0 
126.934 302.0 
126.303 303.0 
126.303 304.0 
126.046 305.0 
125.567 306.0 
124.329 307.0 
121.737 308.0 
118.7 309.0 
114.705 310.0 
110.618 311.0 
105.864 312.0 
101.496 313.0 
97.046 314.0 
92.993 315.0 
88.964 316.0 
85.203 317.0 
82.224 318.0 
82.038 319.0 
81.839 320.0 
81.652 321.0 
81.676 322.0 
81.547 323.0 
81.617 324.0 
81.547 325.0 
81.442 326.0 
81.524 327.0 
81.442 328.0 
81.687 329.0 
81.57 330.0 
81.454 331.0 
81.734 332.0 
81.547 333.0 
81.465 334.0 
81.43 335.0 
81.559 336.0 
81.524 337.0 
81.419 338.0 
81.64 339.0 
81.5 340.0 
81.465 341.0 
81.489 342.0 
81.477 343.0 
81.524 344.0 
81.5 345.0 
81.465 346.0 
81.454 347.0 
81.407 348.0 
81.512 349.0 
81.57 350.0 
81.465 351.0 
81.547 352.0 
81.454 353.0 
81.407 354.0 
81.43 355.0 
81.524 356.0 
81.547 357.0 
81.454 358.0 
81.582 359.0 
81.489 360.0 
81.5 361.0 
81.489 362.0 
81.5 363.0 
81.465 364.0 
81.477 365.0 
81.5 366.0 
81.489 367.0 
81.465 368.0 
81.5 369.0 
81.5 370.0 
81.512 371.0 
81.524 372.0 
81.477 373.0 
81.559 374.0 
81.559 375.0 
81.594 376.0 
81.419 377.0 
81.465 378.0 
81.454 379.0 
81.477 380.0 
81.5 381.0 
81.535 382.0 
81.477 383.0 
81.477 384.0 
81.465 385.0 
81.535 386.0 
81.454 387.0 
81.43 388.0 
81.524 389.0 
81.547 390.0 
81.5 391.0 
81.465 392.0 
81.547 393.0 
81.43 394.0 
81.489 395.0 
81.594 396.0 
81.419 397.0 
81.5 398.0 
81.395 399.0 
81.442 400.0 
81.909 401.0 
81.5 402.0 
81.605 403.0 
81.535 404.0 
81.5 405.0 
81.442 406.0 
81.5 407.0 
81.419 408.0 
81.489 409.0 
81.43 410.0 
81.5 411.0 
81.524 412.0 
81.687 413.0 
81.535 414.0 
81.442 415.0 
81.5 416.0 
81.43 417.0 
81.489 418.0 
81.512 419.0 
81.43 420.0 
81.419 421.0 
81.512 422.0 
81.547 423.0 
81.454 424.0 
81.477 425.0 
81.489 426.0 
81.524 427.0 
81.43 428.0 
81.477 429.0 
81.489 430.0 
81.535 431.0 
81.547 432.0 
81.512 433.0 
81.395 434.0 
81.419 435.0 
81.43 436.0 
81.454 437.0 
81.419 438.0 
81.454 439.0 
81.372 440.0 
81.43 441.0 
81.465 442.0 
81.489 443.0 
81.442 444.0 
81.454 445.0 
81.442 446.0 
81.547 447.0 
81.535 448.0 
81.734 449.0 
81.711 450.0 
81.5 451.0 
81.465 452.0 
81.43 453.0 
81.384 454.0 
81.489 455.0 
81.36 456.0 
81.43 457.0 
81.395 458.0 
81.5 459.0 
81.524 460.0 
81.465 461.0 
81.442 462.0 
81.57 463.0 
81.442 464.0 
81.477 465.0 
81.524 466.0 
81.512 467.0 
81.442 468.0 
81.512 469.0 
81.454 470.0 
81.419 471.0 
81.454 472.0 
81.313 473.0 
81.465 474.0 
81.524 475.0 
81.454 476.0 
81.384 477.0 
81.465 478.0 
81.407 479.0 
81.454 480.0 
81.535 481.0 
81.489 482.0 
81.559 483.0 
81.43 484.0 
81.5 485.0 
81.43 486.0 
81.454 487.0 
81.535 488.0 
81.442 489.0 
81.489 490.0 
81.535 491.0 
81.43 492.0 
81.465 493.0 
81.524 494.0 
81.372 495.0 
81.395 496.0 
81.454 497.0 
81.489 498.0 
81.36 499.0 
81.43 500.0 
81.465 501.0 
81.5 502.0 
81.395 503.0 
81.407 504.0 
81.419 505.0 
81.454 506.0 
81.395 507.0 
81.477 508.0 
81.278 509.0 
81.43 510.0 
81.395 511.0 
81.419 512.0 
81.43 513.0 
81.465 514.0 
81.465 515.0 
81.325 516.0 
81.792 517.0 
81.29 518.0 
81.325 519.0 
81.337 520.0 
81.337 521.0 
81.36 522.0 
81.384 523.0 
81.384 524.0 
81.337 525.0 
81.395 526.0 
81.337 527.0 
81.302 528.0 
81.348 529.0 
81.325 530.0 
81.302 531.0 
81.419 532.0 
81.734 533.0 
81.372 534.0 
81.36 535.0 
81.313 536.0 
81.267 537.0 
81.22 538.0 
81.173 539.0 
81.138 540.0 
81.278 541.0 
81.208 542.0 
81.185 543.0 
81.115 544.0 
81.08 545.0 
81.01 546.0 
81.173 547.0 
81.103 548.0 
81.057 549.0 
81.01 550.0 
80.928 551.0 
81.045 552.0 
81.045 553.0 
80.975 554.0 
80.963 555.0 
81.092 556.0 
81.021 557.0 
80.975 558.0 
80.729 559.0 
80.998 560.0 
80.94 561.0 
80.94 562.0 
81.045 563.0 
80.905 564.0 
80.916 565.0 
81.068 566.0 
80.998 567.0 
80.905 568.0 
80.986 569.0 
80.986 570.0 
81.057 571.0 
81.01 572.0 
80.905 573.0 
80.998 574.0 
80.94 575.0 
81.43 576.0 
80.986 577.0 
80.963 578.0 
81.08 579.0 
80.998 580.0 
81.103 581.0 
81.057 582.0 
81.103 583.0 
81.068 584.0 
80.753 585.0 
81.068 586.0 
80.975 587.0 
81.092 588.0 
80.998 589.0 
81.08 590.0 
80.975 591.0 
81.057 592.0 
80.951 593.0 
81.021 594.0 
80.951 595.0 
81.01 596.0 
80.963 597.0 
81.01 598.0 
80.951 599.0 
81.068 600.0 
81.127 601.0 
81.045 602.0 
81.103 603.0 
81.033 604.0 
81.092 605.0 
80.975 606.0 
81.08 607.0 
80.916 608.0 
81.033 609.0 
81.115 610.0 
81.01 611.0 
81.057 612.0 
80.951 613.0 
81.045 614.0 
80.916 615.0 
80.986 616.0 
81.103 617.0 
80.87 618.0 
81.033 619.0 
80.846 620.0 
80.986 621.0 
81.08 622.0 
80.951 623.0 
81.033 624.0 
81.103 625.0 
80.986 626.0 
81.033 627.0 
81.115 628.0 
80.951 629.0 
81.092 630.0 
81.115 631.0 
80.986 632.0 
81.045 633.0 
81.384 634.0 
80.975 635.0 
81.08 636.0 
81.115 637.0 
80.963 638.0 
80.963 639.0 
81.08 640.0 
80.963 641.0 
80.986 642.0 
81.045 643.0 
80.975 644.0 
80.893 645.0 
81.045 646.0 
81.127 647.0 
80.975 648.0 
81.01 649.0 
81.08 650.0 
80.94 651.0 
80.94 652.0 
81.021 653.0 
81.092 654.0 
80.928 655.0 
80.928 656.0 
81.045 657.0 
81.092 658.0 
80.986 659.0 
81.01 660.0 
81.045 661.0 
81.103 662.0 
80.94 663.0 
81.033 664.0 
81.092 665.0 
81.092 666.0 
80.963 667.0 
80.975 668.0 
81.08 669.0 
81.103 670.0 
80.951 671.0 
80.963 672.0 
81.045 673.0 
81.033 674.0 
81.068 675.0 
80.94 676.0 
80.975 677.0 
81.045 678.0 
81.08 679.0 
81.08 680.0 
80.916 681.0 
80.975 682.0 
81.021 683.0 
81.033 684.0 
81.045 685.0 
81.103 686.0 
80.846 687.0 
80.986 688.0 
81.033 689.0 
81.092 690.0 
81.068 691.0 
81.103 692.0 
80.94 693.0 
80.986 694.0 
80.986 695.0 
81.01 696.0 
80.986 697.0 
81.092 698.0 
80.916 699.0 
80.94 700.0 
80.975 701.0 
80.975 702.0 
81.033 703.0 
81.045 704.0 
81.045 705.0 
81.103 706.0 
80.905 707.0 
80.951 708.0 
80.998 709.0 
81.057 710.0 
81.021 711.0 
81.033 712.0 
81.068 713.0 
81.115 714.0 
80.893 715.0 
80.916 716.0 
80.87 717.0 
80.986 718.0 
81.01 719.0 
81.01 720.0 
81.033 721.0 
81.057 722.0 
81.045 723.0 
81.092 724.0 
81.115 725.0 
80.905 726.0 
80.928 727.0 
80.928 728.0 
80.998 729.0 
81.01 730.0 
81.045 731.0 
80.986 732.0 
81.021 733.0 
81.057 734.0 
81.08 735.0 
81.021 736.0 
81.068 737.0 
81.115 738.0 
80.916 739.0 
80.905 740.0 
80.928 741.0 
80.94 742.0 
80.893 743.0 
80.951 744.0 
80.951 745.0 
80.951 746.0 
80.951 747.0 
80.963 748.0 
80.975 749.0 
81.01 750.0 
80.986 751.0 
80.986 752.0 
81.01 753.0 
81.01 754.0 
80.998 755.0 
80.986 756.0 
80.986 757.0 
80.998 758.0 
81.021 759.0 
81.021 760.0 
81.033 761.0 
81.021 762.0 
81.01 763.0 
81.057 764.0 
81.045 765.0 
81.021 766.0 
81.045 767.0 
81.045 768.0 
81.033 769.0 
81.057 770.0 
81.033 771.0 
81.021 772.0 
80.998 773.0 
81.045 774.0 
81.045 775.0 
81.068 776.0 
81.045 777.0 
81.01 778.0 
81.021 779.0 
81.021 780.0 
81.01 781.0 
81.021 782.0 
80.998 783.0 
81.01 784.0 
81.01 785.0 
81.057 786.0 
81.033 787.0 
81.021 788.0 
81.033 789.0 
81.045 790.0 
81.033 791.0 
81.021 792.0 
81.01 793.0 
80.998 794.0 
80.986 795.0 
81.021 796.0 
80.998 797.0 
80.998 798.0 
80.986 799.0 
80.963 800.0 
80.998 801.0 
81.033 802.0 
81.01 803.0 
81.021 804.0 
0.007 805.0 
0.002 806.0 
0.002 807.0 
-0.001 808.0 
0.002 809.0 
-0.001 810.0 
-0.016 811.0 
-0.023 812.0 
-0.04 813.0 
-0.036 814.0 
-0.04 815.0 
-0.042 816.0 
-0.056 817.0 
-0.054 818.0 
-0.054 819.0 
-0.052 820.0 
-0.059 821.0 
-0.064 822.0 
-0.059 823.0 
-0.058 824.0 
-0.055 825.0 
-0.049 826.0 
-0.042 827.0 
-0.037 828.0 
-0.036 829.0 
