-0.036 257.0 
-0.017 258.0 
-0.02 259.0 
-0.049 260.0 
-0.044 261.0 
-0.02 262.0 
-0.042 263.0 
-0.038 264.0 
-0.031 265.0 
-0.048 266.0 
-0.034 267.0 
-0.028 268.0 
-0.031 269.0 
-0.054 270.0 
-0.019 271.0 
-0.042 272.0 
-0.029 273.0 
-0.02 274.0 
148.424 275.0 
145.505 276.0 
144.442 277.0 
142.9 278.0 
141.37 279.0 
139.431 280.0 
138.065 281.0 
136.184 282.0 
133.428 283.0 
132.47 284.0 
132.096 285.0 
131.816 286.0 
131.641 287.0 
131.384 288.0 
131.127 289.0 
130.905 290.0 
130.309 291.0 
130.076 292.0 
129.854 293.0 
129.725 294.0 
129.176 295.0 
129.071 296.0 
128.966 297.0 
128.464 298.0 
128.23 299.0 
128.16 300.0 
127.635 301.0 
127.6 302.0 
127.133 303.0 
127.086 304.0 
126.969 305.0 
126.327 306.0 
125.217 307.0 
122.846 308.0 
119.774 309.0 
115.406 310.0 
110.921 311.0 
105.957 312.0 
101.321 313.0 
96.368 314.0 
92.292 315.0 
88.169 316.0 
84.584 317.0 
81.792 318.0 
81.605 319.0 
81.372 320.0 
81.255 321.0 
81.243 322.0 
81.162 323.0 
81.22 324.0 
81.15 325.0 
80.998 326.0 
81.173 327.0 
81.045 328.0 
81.232 329.0 
81.15 330.0 
81.092 331.0 
81.185 332.0 
81.197 333.0 
81.08 334.0 
81.208 335.0 
81.173 336.0 
81.173 337.0 
81.033 338.0 
81.243 339.0 
81.103 340.0 
81.08 341.0 
81.08 342.0 
81.243 343.0 
81.115 344.0 
81.092 345.0 
81.08 346.0 
81.057 347.0 
81.103 348.0 
81.138 349.0 
81.08 350.0 
81.092 351.0 
81.115 352.0 
81.127 353.0 
81.01 354.0 
81.173 355.0 
81.15 356.0 
81.162 357.0 
81.092 358.0 
81.197 359.0 
81.103 360.0 
81.162 361.0 
81.057 362.0 
81.15 363.0 
81.021 364.0 
81.08 365.0 
81.127 366.0 
81.127 367.0 
81.045 368.0 
81.068 369.0 
81.08 370.0 
81.103 371.0 
81.138 372.0 
81.15 373.0 
81.173 374.0 
81.185 375.0 
81.173 376.0 
80.986 377.0 
81.115 378.0 
81.092 379.0 
81.08 380.0 
81.08 381.0 
81.208 382.0 
81.092 383.0 
81.103 384.0 
81.057 385.0 
81.15 386.0 
81.08 387.0 
81.021 388.0 
81.115 389.0 
81.127 390.0 
81.103 391.0 
81.092 392.0 
81.173 393.0 
81.033 394.0 
81.092 395.0 
81.185 396.0 
81.045 397.0 
81.115 398.0 
81.033 399.0 
80.998 400.0 
81.15 401.0 
81.092 402.0 
81.185 403.0 
81.15 404.0 
81.08 405.0 
81.021 406.0 
81.08 407.0 
81.045 408.0 
81.092 409.0 
81.033 410.0 
81.057 411.0 
81.173 412.0 
81.489 413.0 
81.15 414.0 
81.092 415.0 
81.092 416.0 
81.045 417.0 
81.22 418.0 
81.162 419.0 
81.045 420.0 
81.08 421.0 
81.127 422.0 
81.162 423.0 
81.092 424.0 
81.045 425.0 
81.092 426.0 
81.15 427.0 
81.068 428.0 
81.08 429.0 
81.01 430.0 
81.068 431.0 
81.138 432.0 
81.138 433.0 
81.01 434.0 
81.068 435.0 
81.045 436.0 
81.138 437.0 
80.998 438.0 
81.033 439.0 
81.045 440.0 
81.045 441.0 
81.021 442.0 
81.068 443.0 
81.068 444.0 
81.033 445.0 
81.033 446.0 
81.138 447.0 
81.15 448.0 
81.115 449.0 
81.325 450.0 
81.045 451.0 
81.092 452.0 
81.068 453.0 
81.045 454.0 
81.15 455.0 
81.103 456.0 
81.033 457.0 
81.068 458.0 
81.103 459.0 
81.138 460.0 
81.068 461.0 
81.068 462.0 
81.15 463.0 
81.127 464.0 
81.103 465.0 
81.127 466.0 
81.068 467.0 
81.01 468.0 
81.127 469.0 
81.045 470.0 
81.021 471.0 
81.068 472.0 
81.173 473.0 
81.092 474.0 
81.15 475.0 
81.092 476.0 
81.01 477.0 
81.08 478.0 
80.986 479.0 
81.092 480.0 
81.138 481.0 
81.057 482.0 
81.127 483.0 
81.045 484.0 
81.138 485.0 
81.033 486.0 
80.975 487.0 
81.115 488.0 
81.021 489.0 
81.092 490.0 
81.103 491.0 
81.103 492.0 
81.068 493.0 
81.138 494.0 
81.033 495.0 
80.975 496.0 
81.092 497.0 
81.127 498.0 
81.033 499.0 
81.01 500.0 
81.057 501.0 
81.127 502.0 
80.986 503.0 
80.986 504.0 
81.057 505.0 
81.08 506.0 
81.068 507.0 
81.138 508.0 
80.963 509.0 
80.998 510.0 
81.033 511.0 
81.057 512.0 
81.08 513.0 
81.057 514.0 
81.127 515.0 
81.103 516.0 
81.08 517.0 
80.916 518.0 
80.916 519.0 
80.928 520.0 
80.916 521.0 
80.963 522.0 
80.94 523.0 
80.94 524.0 
80.916 525.0 
80.916 526.0 
80.916 527.0 
80.835 528.0 
80.881 529.0 
80.858 530.0 
80.811 531.0 
80.963 532.0 
80.963 533.0 
80.893 534.0 
80.893 535.0 
80.823 536.0 
80.811 537.0 
80.671 538.0 
80.694 539.0 
80.636 540.0 
80.729 541.0 
80.624 542.0 
80.636 543.0 
80.601 544.0 
80.543 545.0 
80.508 546.0 
80.624 547.0 
80.531 548.0 
80.461 549.0 
80.449 550.0 
80.426 551.0 
80.519 552.0 
80.449 553.0 
80.414 554.0 
80.379 555.0 
80.519 556.0 
80.473 557.0 
80.402 558.0 
80.204 559.0 
80.473 560.0 
80.391 561.0 
80.379 562.0 
80.484 563.0 
80.426 564.0 
80.344 565.0 
80.461 566.0 
80.508 567.0 
80.332 568.0 
80.449 569.0 
80.391 570.0 
80.496 571.0 
80.426 572.0 
80.391 573.0 
80.461 574.0 
80.391 575.0 
80.508 576.0 
80.437 577.0 
80.461 578.0 
80.531 579.0 
80.449 580.0 
80.543 581.0 
80.473 582.0 
80.519 583.0 
80.496 584.0 
80.543 585.0 
80.484 586.0 
80.437 587.0 
80.496 588.0 
80.402 589.0 
80.508 590.0 
80.414 591.0 
80.531 592.0 
80.426 593.0 
80.449 594.0 
80.414 595.0 
80.473 596.0 
80.414 597.0 
80.508 598.0 
80.437 599.0 
80.484 600.0 
80.554 601.0 
80.484 602.0 
80.554 603.0 
80.449 604.0 
80.519 605.0 
80.449 606.0 
80.519 607.0 
80.391 608.0 
80.461 609.0 
80.554 610.0 
80.461 611.0 
80.554 612.0 
80.449 613.0 
80.508 614.0 
80.414 615.0 
80.473 616.0 
80.519 617.0 
80.379 618.0 
80.508 619.0 
80.239 620.0 
80.461 621.0 
80.484 622.0 
80.414 623.0 
80.449 624.0 
80.531 625.0 
80.391 626.0 
80.484 627.0 
80.508 628.0 
80.391 629.0 
80.484 630.0 
80.543 631.0 
80.402 632.0 
80.508 633.0 
80.8 634.0 
80.426 635.0 
80.508 636.0 
80.531 637.0 
80.449 638.0 
80.473 639.0 
80.554 640.0 
80.379 641.0 
80.461 642.0 
80.508 643.0 
80.379 644.0 
80.426 645.0 
80.449 646.0 
80.566 647.0 
80.379 648.0 
80.449 649.0 
80.508 650.0 
80.379 651.0 
80.379 652.0 
80.473 653.0 
80.543 654.0 
80.402 655.0 
80.426 656.0 
80.496 657.0 
80.554 658.0 
80.426 659.0 
80.426 660.0 
80.484 661.0 
80.554 662.0 
80.379 663.0 
80.473 664.0 
80.508 665.0 
80.543 666.0 
80.414 667.0 
80.449 668.0 
80.496 669.0 
80.531 670.0 
80.414 671.0 
80.391 672.0 
80.449 673.0 
80.531 674.0 
80.496 675.0 
80.402 676.0 
80.437 677.0 
80.473 678.0 
80.461 679.0 
80.554 680.0 
80.391 681.0 
80.391 682.0 
80.437 683.0 
80.473 684.0 
80.519 685.0 
80.554 686.0 
80.402 687.0 
80.414 688.0 
80.461 689.0 
80.496 690.0 
80.531 691.0 
80.519 692.0 
80.367 693.0 
80.426 694.0 
80.426 695.0 
80.496 696.0 
80.461 697.0 
80.508 698.0 
80.227 699.0 
80.367 700.0 
80.426 701.0 
80.426 702.0 
80.437 703.0 
80.496 704.0 
80.508 705.0 
80.554 706.0 
80.391 707.0 
80.402 708.0 
80.414 709.0 
80.449 710.0 
80.496 711.0 
80.508 712.0 
80.496 713.0 
80.554 714.0 
80.543 715.0 
80.379 716.0 
80.379 717.0 
80.426 718.0 
80.449 719.0 
80.449 720.0 
80.508 721.0 
80.508 722.0 
80.508 723.0 
80.531 724.0 
80.543 725.0 
80.379 726.0 
80.379 727.0 
80.367 728.0 
80.426 729.0 
80.426 730.0 
80.449 731.0 
80.473 732.0 
80.484 733.0 
80.508 734.0 
80.508 735.0 
80.508 736.0 
80.543 737.0 
80.566 738.0 
80.297 739.0 
80.356 740.0 
80.356 741.0 
80.367 742.0 
80.356 743.0 
80.379 744.0 
80.367 745.0 
80.402 746.0 
80.391 747.0 
80.402 748.0 
80.402 749.0 
80.426 750.0 
80.484 751.0 
80.449 752.0 
80.414 753.0 
80.449 754.0 
80.473 755.0 
80.461 756.0 
80.461 757.0 
80.426 758.0 
80.473 759.0 
80.461 760.0 
80.496 761.0 
80.484 762.0 
80.449 763.0 
80.473 764.0 
80.473 765.0 
80.484 766.0 
80.496 767.0 
80.496 768.0 
80.461 769.0 
80.461 770.0 
80.519 771.0 
80.461 772.0 
80.484 773.0 
80.496 774.0 
80.461 775.0 
80.519 776.0 
80.461 777.0 
80.461 778.0 
80.508 779.0 
80.461 780.0 
80.473 781.0 
80.449 782.0 
80.449 783.0 
80.473 784.0 
80.461 785.0 
80.461 786.0 
80.461 787.0 
80.461 788.0 
80.484 789.0 
80.461 790.0 
80.484 791.0 
80.449 792.0 
80.449 793.0 
80.449 794.0 
80.473 795.0 
80.461 796.0 
80.437 797.0 
80.461 798.0 
80.484 799.0 
80.426 800.0 
80.426 801.0 
80.449 802.0 
80.473 803.0 
80.461 804.0 
0.001 805.0 
0.006 806.0 
0.001 807.0 
-0.005 808.0 
0.0 809.0 
-0.007 810.0 
-0.034 811.0 
-0.029 812.0 
-0.037 813.0 
-0.044 814.0 
-0.052 815.0 
-0.066 816.0 
-0.056 817.0 
-0.054 818.0 
-0.058 819.0 
-0.061 820.0 
-0.073 821.0 
-0.062 822.0 
-0.056 823.0 
-0.06 824.0 
-0.05 825.0 
-0.055 826.0 
-0.043 827.0 
-0.032 828.0 
-0.03 829.0 
