-0.031 257.0 
-0.028 258.0 
-0.116 259.0 
-0.047 260.0 
-0.038 261.0 
-0.068 262.0 
-0.044 263.0 
-0.068 264.0 
-0.022 265.0 
-0.044 266.0 
-0.047 267.0 
-0.055 268.0 
-0.029 269.0 
-0.029 270.0 
-0.016 271.0 
-0.026 272.0 
-0.036 273.0 
-0.032 274.0 
152.501 275.0 
149.324 276.0 
148.097 277.0 
146.696 278.0 
145.107 279.0 
142.9 280.0 
141.347 281.0 
139.256 282.0 
136.558 283.0 
135.834 284.0 
135.507 285.0 
135.238 286.0 
134.993 287.0 
134.736 288.0 
134.479 289.0 
134.327 290.0 
133.65 291.0 
133.463 292.0 
133.276 293.0 
133.218 294.0 
132.657 295.0 
132.575 296.0 
132.505 297.0 
131.956 298.0 
131.781 299.0 
131.816 300.0 
131.291 301.0 
131.22 302.0 
130.8 303.0 
130.765 304.0 
130.753 305.0 
130.134 306.0 
129.001 307.0 
126.595 308.0 
123.559 309.0 
119.296 310.0 
114.986 311.0 
110.197 312.0 
105.876 313.0 
101.216 314.0 
96.894 315.0 
92.538 316.0 
88.508 317.0 
85.098 318.0 
84.922 319.0 
84.677 320.0 
84.56 321.0 
84.502 322.0 
84.385 323.0 
84.467 324.0 
84.42 325.0 
84.28 326.0 
84.397 327.0 
84.315 328.0 
84.502 329.0 
84.455 330.0 
84.327 331.0 
84.467 332.0 
84.455 333.0 
84.385 334.0 
84.42 335.0 
84.444 336.0 
84.409 337.0 
84.327 338.0 
84.525 339.0 
84.374 340.0 
84.42 341.0 
84.327 342.0 
84.514 343.0 
84.385 344.0 
84.362 345.0 
84.35 346.0 
84.315 347.0 
84.409 348.0 
84.432 349.0 
84.409 350.0 
84.338 351.0 
84.432 352.0 
84.374 353.0 
84.303 354.0 
84.467 355.0 
84.42 356.0 
84.432 357.0 
84.338 358.0 
84.467 359.0 
84.397 360.0 
84.42 361.0 
84.315 362.0 
84.385 363.0 
84.315 364.0 
84.374 365.0 
84.397 366.0 
84.362 367.0 
84.327 368.0 
84.385 369.0 
84.374 370.0 
84.385 371.0 
84.397 372.0 
84.432 373.0 
84.479 374.0 
84.467 375.0 
84.689 376.0 
84.327 377.0 
84.327 378.0 
84.397 379.0 
84.374 380.0 
84.374 381.0 
84.49 382.0 
84.374 383.0 
84.35 384.0 
84.315 385.0 
84.455 386.0 
84.338 387.0 
84.315 388.0 
84.432 389.0 
84.397 390.0 
84.409 391.0 
84.35 392.0 
84.432 393.0 
84.303 394.0 
84.42 395.0 
84.49 396.0 
84.292 397.0 
84.385 398.0 
84.28 399.0 
84.327 400.0 
84.42 401.0 
84.385 402.0 
84.49 403.0 
84.42 404.0 
84.338 405.0 
84.303 406.0 
84.385 407.0 
84.338 408.0 
84.385 409.0 
84.338 410.0 
84.397 411.0 
84.432 412.0 
84.794 413.0 
84.455 414.0 
84.338 415.0 
84.397 416.0 
84.303 417.0 
84.444 418.0 
84.409 419.0 
84.327 420.0 
84.374 421.0 
84.397 422.0 
84.409 423.0 
84.374 424.0 
84.315 425.0 
84.42 426.0 
84.42 427.0 
84.315 428.0 
84.374 429.0 
84.35 430.0 
84.385 431.0 
84.42 432.0 
84.444 433.0 
84.327 434.0 
84.362 435.0 
84.315 436.0 
84.42 437.0 
84.303 438.0 
84.35 439.0 
84.362 440.0 
84.362 441.0 
84.362 442.0 
84.338 443.0 
84.35 444.0 
84.327 445.0 
84.303 446.0 
84.42 447.0 
84.432 448.0 
84.385 449.0 
84.701 450.0 
84.327 451.0 
84.327 452.0 
84.315 453.0 
84.28 454.0 
84.432 455.0 
84.35 456.0 
84.292 457.0 
84.315 458.0 
84.432 459.0 
84.409 460.0 
84.303 461.0 
84.338 462.0 
84.409 463.0 
84.374 464.0 
84.362 465.0 
84.432 466.0 
84.409 467.0 
84.303 468.0 
84.385 469.0 
84.35 470.0 
84.327 471.0 
84.374 472.0 
84.455 473.0 
84.385 474.0 
84.455 475.0 
84.362 476.0 
84.28 477.0 
84.362 478.0 
84.292 479.0 
84.385 480.0 
84.455 481.0 
84.35 482.0 
84.42 483.0 
84.315 484.0 
84.397 485.0 
84.257 486.0 
84.327 487.0 
84.409 488.0 
84.338 489.0 
84.374 490.0 
84.444 491.0 
84.338 492.0 
84.362 493.0 
84.42 494.0 
84.338 495.0 
84.292 496.0 
84.362 497.0 
84.409 498.0 
84.257 499.0 
84.292 500.0 
84.362 501.0 
84.397 502.0 
84.28 503.0 
84.257 504.0 
84.28 505.0 
84.315 506.0 
84.303 507.0 
84.385 508.0 
84.28 509.0 
84.28 510.0 
84.315 511.0 
84.315 512.0 
84.35 513.0 
84.362 514.0 
84.374 515.0 
84.385 516.0 
84.409 517.0 
84.175 518.0 
84.21 519.0 
84.21 520.0 
84.198 521.0 
84.21 522.0 
84.21 523.0 
84.187 524.0 
84.222 525.0 
84.198 526.0 
84.187 527.0 
84.105 528.0 
84.117 529.0 
84.058 530.0 
84.093 531.0 
84.21 532.0 
84.198 533.0 
84.117 534.0 
84.105 535.0 
84.023 536.0 
83.965 537.0 
83.86 538.0 
83.86 539.0 
83.825 540.0 
83.965 541.0 
83.813 542.0 
83.836 543.0 
83.754 544.0 
83.684 545.0 
83.649 546.0 
83.79 547.0 
83.731 548.0 
83.649 549.0 
83.638 550.0 
83.719 551.0 
83.661 552.0 
83.614 553.0 
83.568 554.0 
83.533 555.0 
83.638 556.0 
83.568 557.0 
83.533 558.0 
83.229 559.0 
83.603 560.0 
83.556 561.0 
83.498 562.0 
83.603 563.0 
83.544 564.0 
83.451 565.0 
83.614 566.0 
83.614 567.0 
83.474 568.0 
83.533 569.0 
83.544 570.0 
83.649 571.0 
83.579 572.0 
83.498 573.0 
83.579 574.0 
83.544 575.0 
83.638 576.0 
83.556 577.0 
83.521 578.0 
83.661 579.0 
83.579 580.0 
83.649 581.0 
83.579 582.0 
83.591 583.0 
83.614 584.0 
83.719 585.0 
83.638 586.0 
83.556 587.0 
83.649 588.0 
83.556 589.0 
83.649 590.0 
83.568 591.0 
83.626 592.0 
83.568 593.0 
83.626 594.0 
83.579 595.0 
83.649 596.0 
83.533 597.0 
83.626 598.0 
83.486 599.0 
83.614 600.0 
83.708 601.0 
83.603 602.0 
83.661 603.0 
83.568 604.0 
83.638 605.0 
83.556 606.0 
83.638 607.0 
83.533 608.0 
83.591 609.0 
83.684 610.0 
83.579 611.0 
83.696 612.0 
83.591 613.0 
83.649 614.0 
83.521 615.0 
83.591 616.0 
83.649 617.0 
83.486 618.0 
83.603 619.0 
83.381 620.0 
83.568 621.0 
83.603 622.0 
83.533 623.0 
83.591 624.0 
83.673 625.0 
83.544 626.0 
83.614 627.0 
83.708 628.0 
83.556 629.0 
83.603 630.0 
83.684 631.0 
83.544 632.0 
83.638 633.0 
83.696 634.0 
83.568 635.0 
83.638 636.0 
83.684 637.0 
83.568 638.0 
83.603 639.0 
83.673 640.0 
83.544 641.0 
83.579 642.0 
83.638 643.0 
83.486 644.0 
83.509 645.0 
83.626 646.0 
83.673 647.0 
83.533 648.0 
83.614 649.0 
83.649 650.0 
83.463 651.0 
83.486 652.0 
83.626 653.0 
83.684 654.0 
83.544 655.0 
83.556 656.0 
83.603 657.0 
83.661 658.0 
83.521 659.0 
83.603 660.0 
83.661 661.0 
83.661 662.0 
83.509 663.0 
83.614 664.0 
83.614 665.0 
83.708 666.0 
83.544 667.0 
83.579 668.0 
83.638 669.0 
83.661 670.0 
83.521 671.0 
83.544 672.0 
83.603 673.0 
83.626 674.0 
83.638 675.0 
83.521 676.0 
83.556 677.0 
83.591 678.0 
83.614 679.0 
83.684 680.0 
83.498 681.0 
83.544 682.0 
83.591 683.0 
83.603 684.0 
83.661 685.0 
83.708 686.0 
83.509 687.0 
83.579 688.0 
83.568 689.0 
83.638 690.0 
83.696 691.0 
83.673 692.0 
83.509 693.0 
83.544 694.0 
83.603 695.0 
83.603 696.0 
83.638 697.0 
83.614 698.0 
83.404 699.0 
83.509 700.0 
83.556 701.0 
83.568 702.0 
83.591 703.0 
83.614 704.0 
83.579 705.0 
83.684 706.0 
83.521 707.0 
83.533 708.0 
83.544 709.0 
83.603 710.0 
83.603 711.0 
83.626 712.0 
83.649 713.0 
83.684 714.0 
83.719 715.0 
83.509 716.0 
83.533 717.0 
83.556 718.0 
83.556 719.0 
83.579 720.0 
83.626 721.0 
83.626 722.0 
83.626 723.0 
83.661 724.0 
83.684 725.0 
83.509 726.0 
83.521 727.0 
83.556 728.0 
83.568 729.0 
83.579 730.0 
83.591 731.0 
83.626 732.0 
83.614 733.0 
83.661 734.0 
83.661 735.0 
83.649 736.0 
83.673 737.0 
83.661 738.0 
83.451 739.0 
83.498 740.0 
83.486 741.0 
83.486 742.0 
83.509 743.0 
83.521 744.0 
83.544 745.0 
83.533 746.0 
83.544 747.0 
83.533 748.0 
83.533 749.0 
83.556 750.0 
83.579 751.0 
83.591 752.0 
83.579 753.0 
83.579 754.0 
83.591 755.0 
83.533 756.0 
83.579 757.0 
83.591 758.0 
83.568 759.0 
83.568 760.0 
83.591 761.0 
83.603 762.0 
83.626 763.0 
83.579 764.0 
83.603 765.0 
83.591 766.0 
83.614 767.0 
83.626 768.0 
83.591 769.0 
83.614 770.0 
83.638 771.0 
83.614 772.0 
83.626 773.0 
83.638 774.0 
83.614 775.0 
83.603 776.0 
83.603 777.0 
83.603 778.0 
83.603 779.0 
83.614 780.0 
83.579 781.0 
83.603 782.0 
83.603 783.0 
83.579 784.0 
83.568 785.0 
83.591 786.0 
83.568 787.0 
83.626 788.0 
83.556 789.0 
83.603 790.0 
83.614 791.0 
83.603 792.0 
83.626 793.0 
83.591 794.0 
83.603 795.0 
83.603 796.0 
83.579 797.0 
83.579 798.0 
83.579 799.0 
83.591 800.0 
83.579 801.0 
83.568 802.0 
83.579 803.0 
83.579 804.0 
0.0 805.0 
-0.004 806.0 
0.006 807.0 
0.01 808.0 
0.012 809.0 
0.007 810.0 
0.0 811.0 
-0.001 812.0 
-0.012 813.0 
-0.011 814.0 
-0.012 815.0 
-0.017 816.0 
-0.019 817.0 
-0.02 818.0 
-0.018 819.0 
-0.024 820.0 
-0.036 821.0 
-0.043 822.0 
-0.042 823.0 
-0.047 824.0 
-0.034 825.0 
-0.035 826.0 
-0.03 827.0 
-0.026 828.0 
-0.026 829.0 
