-0.043 257.0 
-0.002 258.0 
-0.119 259.0 
-0.04 260.0 
-0.044 261.0 
-0.01 262.0 
-0.032 263.0 
-0.031 264.0 
-0.049 265.0 
-0.046 266.0 
-0.022 267.0 
-0.03 268.0 
-0.028 269.0 
-0.048 270.0 
-0.032 271.0 
-0.037 272.0 
-0.025 273.0 
-0.028 274.0 
146.953 275.0 
144.196 276.0 
143.122 277.0 
141.685 278.0 
139.992 279.0 
138.006 280.0 
136.418 281.0 
134.304 282.0 
131.898 283.0 
130.415 284.0 
129.971 285.0 
129.655 286.0 
129.504 287.0 
129.235 288.0 
128.955 289.0 
128.709 290.0 
128.125 291.0 
127.927 292.0 
127.728 293.0 
127.658 294.0 
127.098 295.0 
126.981 296.0 
126.899 297.0 
126.362 298.0 
126.175 299.0 
126.116 300.0 
125.579 301.0 
125.544 302.0 
125.054 303.0 
124.948 304.0 
124.89 305.0 
124.201 306.0 
122.998 307.0 
120.545 308.0 
117.52 309.0 
113.643 310.0 
109.765 311.0 
105.233 312.0 
101.251 313.0 
96.917 314.0 
92.935 315.0 
88.882 316.0 
85.226 317.0 
82.213 318.0 
82.061 319.0 
81.804 320.0 
81.699 321.0 
81.676 322.0 
81.594 323.0 
81.629 324.0 
81.57 325.0 
81.43 326.0 
81.594 327.0 
81.5 328.0 
81.64 329.0 
81.547 330.0 
81.465 331.0 
81.582 332.0 
81.582 333.0 
81.5 334.0 
81.547 335.0 
81.582 336.0 
81.559 337.0 
81.465 338.0 
81.629 339.0 
81.489 340.0 
81.5 341.0 
81.535 342.0 
81.652 343.0 
81.559 344.0 
81.512 345.0 
81.477 346.0 
81.465 347.0 
81.64 348.0 
81.535 349.0 
81.524 350.0 
81.489 351.0 
81.559 352.0 
81.5 353.0 
81.43 354.0 
81.57 355.0 
81.465 356.0 
81.582 357.0 
81.547 358.0 
81.617 359.0 
81.57 360.0 
81.57 361.0 
81.535 362.0 
81.512 363.0 
81.477 364.0 
81.524 365.0 
81.535 366.0 
81.547 367.0 
81.477 368.0 
81.512 369.0 
81.512 370.0 
81.547 371.0 
81.559 372.0 
81.547 373.0 
81.582 374.0 
81.582 375.0 
81.862 376.0 
81.5 377.0 
81.489 378.0 
81.547 379.0 
81.512 380.0 
81.5 381.0 
81.617 382.0 
81.524 383.0 
81.512 384.0 
81.43 385.0 
81.57 386.0 
81.477 387.0 
81.442 388.0 
81.547 389.0 
81.512 390.0 
81.489 391.0 
81.5 392.0 
81.582 393.0 
81.442 394.0 
81.535 395.0 
81.594 396.0 
81.419 397.0 
81.512 398.0 
81.384 399.0 
81.465 400.0 
81.605 401.0 
81.547 402.0 
81.605 403.0 
81.547 404.0 
81.512 405.0 
81.442 406.0 
81.5 407.0 
81.489 408.0 
81.5 409.0 
81.442 410.0 
81.489 411.0 
81.594 412.0 
81.968 413.0 
81.559 414.0 
81.465 415.0 
81.524 416.0 
81.465 417.0 
81.559 418.0 
81.535 419.0 
81.465 420.0 
81.524 421.0 
81.547 422.0 
81.57 423.0 
81.5 424.0 
81.489 425.0 
81.512 426.0 
81.605 427.0 
81.524 428.0 
81.512 429.0 
81.465 430.0 
81.535 431.0 
81.547 432.0 
81.594 433.0 
81.454 434.0 
81.477 435.0 
81.5 436.0 
81.57 437.0 
81.419 438.0 
81.454 439.0 
81.477 440.0 
81.524 441.0 
81.489 442.0 
81.489 443.0 
81.442 444.0 
81.489 445.0 
81.43 446.0 
81.57 447.0 
81.57 448.0 
81.512 449.0 
81.827 450.0 
81.489 451.0 
81.465 452.0 
81.442 453.0 
81.407 454.0 
81.559 455.0 
81.547 456.0 
81.454 457.0 
81.407 458.0 
81.57 459.0 
81.57 460.0 
81.512 461.0 
81.5 462.0 
81.594 463.0 
81.535 464.0 
81.559 465.0 
81.559 466.0 
81.547 467.0 
81.454 468.0 
81.547 469.0 
81.489 470.0 
81.419 471.0 
81.5 472.0 
81.547 473.0 
81.489 474.0 
81.594 475.0 
81.512 476.0 
81.442 477.0 
81.442 478.0 
81.419 479.0 
81.524 480.0 
81.582 481.0 
81.489 482.0 
81.547 483.0 
81.454 484.0 
81.547 485.0 
81.454 486.0 
81.442 487.0 
81.559 488.0 
81.489 489.0 
81.5 490.0 
81.5 491.0 
81.512 492.0 
81.512 493.0 
81.535 494.0 
81.454 495.0 
81.384 496.0 
81.5 497.0 
81.535 498.0 
81.419 499.0 
81.43 500.0 
81.489 501.0 
81.524 502.0 
81.442 503.0 
81.419 504.0 
81.5 505.0 
81.489 506.0 
81.442 507.0 
81.559 508.0 
81.407 509.0 
81.407 510.0 
81.442 511.0 
81.465 512.0 
81.465 513.0 
81.465 514.0 
81.489 515.0 
81.535 516.0 
81.769 517.0 
81.325 518.0 
81.313 519.0 
81.395 520.0 
81.395 521.0 
81.384 522.0 
81.43 523.0 
81.384 524.0 
81.407 525.0 
81.407 526.0 
81.407 527.0 
81.302 528.0 
81.313 529.0 
81.278 530.0 
81.267 531.0 
81.43 532.0 
81.407 533.0 
81.325 534.0 
81.348 535.0 
81.325 536.0 
81.278 537.0 
81.173 538.0 
81.173 539.0 
81.138 540.0 
81.255 541.0 
81.138 542.0 
81.138 543.0 
81.08 544.0 
81.068 545.0 
81.01 546.0 
81.15 547.0 
81.103 548.0 
81.01 549.0 
80.986 550.0 
80.881 551.0 
81.033 552.0 
80.975 553.0 
80.893 554.0 
80.928 555.0 
81.021 556.0 
80.975 557.0 
80.94 558.0 
80.566 559.0 
80.998 560.0 
80.94 561.0 
80.905 562.0 
80.998 563.0 
80.916 564.0 
80.858 565.0 
80.986 566.0 
80.998 567.0 
80.905 568.0 
80.916 569.0 
80.928 570.0 
80.998 571.0 
80.951 572.0 
80.881 573.0 
80.951 574.0 
80.893 575.0 
81.021 576.0 
80.916 577.0 
80.916 578.0 
81.057 579.0 
80.975 580.0 
81.08 581.0 
81.01 582.0 
81.045 583.0 
81.01 584.0 
81.103 585.0 
80.998 586.0 
80.94 587.0 
81.033 588.0 
80.916 589.0 
81.033 590.0 
80.916 591.0 
81.021 592.0 
80.905 593.0 
80.963 594.0 
80.905 595.0 
80.951 596.0 
80.94 597.0 
80.963 598.0 
80.905 599.0 
81.01 600.0 
81.068 601.0 
80.986 602.0 
81.08 603.0 
80.975 604.0 
81.057 605.0 
80.94 606.0 
81.068 607.0 
80.905 608.0 
80.998 609.0 
81.045 610.0 
80.951 611.0 
81.068 612.0 
80.94 613.0 
81.01 614.0 
80.893 615.0 
80.963 616.0 
81.068 617.0 
80.87 618.0 
81.021 619.0 
80.765 620.0 
80.986 621.0 
81.021 622.0 
80.928 623.0 
80.963 624.0 
81.08 625.0 
80.916 626.0 
81.01 627.0 
81.068 628.0 
80.94 629.0 
81.01 630.0 
81.033 631.0 
80.928 632.0 
80.986 633.0 
81.057 634.0 
80.951 635.0 
81.021 636.0 
81.057 637.0 
80.928 638.0 
80.975 639.0 
81.045 640.0 
80.928 641.0 
80.951 642.0 
81.021 643.0 
80.893 644.0 
80.94 645.0 
81.01 646.0 
81.08 647.0 
80.963 648.0 
80.975 649.0 
81.045 650.0 
80.893 651.0 
80.94 652.0 
80.986 653.0 
81.068 654.0 
80.858 655.0 
80.94 656.0 
80.963 657.0 
81.045 658.0 
80.94 659.0 
80.986 660.0 
81.045 661.0 
81.068 662.0 
80.916 663.0 
80.975 664.0 
81.01 665.0 
81.068 666.0 
80.94 667.0 
80.963 668.0 
80.998 669.0 
81.01 670.0 
80.893 671.0 
80.951 672.0 
80.975 673.0 
81.01 674.0 
80.975 675.0 
80.881 676.0 
80.94 677.0 
80.963 678.0 
81.01 679.0 
81.057 680.0 
80.87 681.0 
80.951 682.0 
80.963 683.0 
80.998 684.0 
81.068 685.0 
81.092 686.0 
80.928 687.0 
80.951 688.0 
80.963 689.0 
80.975 690.0 
81.033 691.0 
81.045 692.0 
80.87 693.0 
80.916 694.0 
80.94 695.0 
80.975 696.0 
80.998 697.0 
81.045 698.0 
80.811 699.0 
80.916 700.0 
80.928 701.0 
80.975 702.0 
80.986 703.0 
80.998 704.0 
81.021 705.0 
81.068 706.0 
80.87 707.0 
80.905 708.0 
80.951 709.0 
80.94 710.0 
80.986 711.0 
80.986 712.0 
81.068 713.0 
81.045 714.0 
81.08 715.0 
80.928 716.0 
80.905 717.0 
80.94 718.0 
80.951 719.0 
80.986 720.0 
81.01 721.0 
81.01 722.0 
81.033 723.0 
81.033 724.0 
81.068 725.0 
80.905 726.0 
80.881 727.0 
80.916 728.0 
80.963 729.0 
80.951 730.0 
80.975 731.0 
80.975 732.0 
80.998 733.0 
81.01 734.0 
81.01 735.0 
81.021 736.0 
81.057 737.0 
81.08 738.0 
80.823 739.0 
80.87 740.0 
80.893 741.0 
80.893 742.0 
80.905 743.0 
80.916 744.0 
80.916 745.0 
80.916 746.0 
80.905 747.0 
80.846 748.0 
80.928 749.0 
80.928 750.0 
80.916 751.0 
80.951 752.0 
80.94 753.0 
80.963 754.0 
80.94 755.0 
80.963 756.0 
80.963 757.0 
80.94 758.0 
80.986 759.0 
80.963 760.0 
80.986 761.0 
81.021 762.0 
80.986 763.0 
80.998 764.0 
80.986 765.0 
81.01 766.0 
80.975 767.0 
81.021 768.0 
81.021 769.0 
80.963 770.0 
80.975 771.0 
80.986 772.0 
80.963 773.0 
80.963 774.0 
80.998 775.0 
80.986 776.0 
80.986 777.0 
80.975 778.0 
80.975 779.0 
80.975 780.0 
80.975 781.0 
80.986 782.0 
80.998 783.0 
80.986 784.0 
80.998 785.0 
80.975 786.0 
81.01 787.0 
81.01 788.0 
80.975 789.0 
80.975 790.0 
80.975 791.0 
80.986 792.0 
80.963 793.0 
80.963 794.0 
80.94 795.0 
80.986 796.0 
80.94 797.0 
80.94 798.0 
80.986 799.0 
80.975 800.0 
80.975 801.0 
80.963 802.0 
80.951 803.0 
80.963 804.0 
0.004 805.0 
0.004 806.0 
0.002 807.0 
0.004 808.0 
0.004 809.0 
-0.001 810.0 
0.001 811.0 
-0.004 812.0 
-0.012 813.0 
-0.032 814.0 
-0.032 815.0 
-0.032 816.0 
-0.03 817.0 
-0.04 818.0 
-0.037 819.0 
-0.03 820.0 
-0.041 821.0 
-0.044 822.0 
-0.043 823.0 
-0.052 824.0 
-0.044 825.0 
-0.047 826.0 
-0.04 827.0 
-0.031 828.0 
-0.035 829.0 
