-0.052 257.0 
-0.028 258.0 
-0.047 259.0 
-0.044 260.0 
-0.062 261.0 
-0.04 262.0 
-0.043 263.0 
-0.048 264.0 
-0.032 265.0 
-0.044 266.0 
-0.036 267.0 
-0.032 268.0 
-0.035 269.0 
-0.049 270.0 
-0.028 271.0 
-0.014 272.0 
-0.036 273.0 
-0.047 274.0 
139.361 275.0 
136.453 276.0 
135.11 277.0 
133.393 278.0 
131.618 279.0 
129.492 280.0 
127.646 281.0 
124.797 282.0 
121.982 283.0 
120.522 284.0 
120.101 285.0 
119.774 286.0 
119.588 287.0 
119.342 288.0 
119.155 289.0 
118.56 290.0 
118.408 291.0 
118.244 292.0 
118.081 293.0 
118.011 294.0 
117.555 295.0 
117.427 296.0 
117.38 297.0 
116.866 298.0 
116.773 299.0 
116.574 300.0 
116.247 301.0 
116.154 302.0 
115.698 303.0 
115.628 304.0 
115.535 305.0 
114.857 306.0 
113.678 307.0 
111.634 308.0 
109.601 309.0 
106.588 310.0 
103.563 311.0 
100.118 312.0 
96.707 313.0 
92.853 314.0 
89.209 315.0 
85.249 316.0 
81.699 317.0 
79.059 318.0 
78.896 319.0 
78.662 320.0 
78.487 321.0 
78.475 322.0 
78.347 323.0 
78.394 324.0 
78.323 325.0 
78.23 326.0 
78.347 327.0 
78.265 328.0 
78.522 329.0 
78.335 330.0 
78.253 331.0 
78.545 332.0 
78.347 333.0 
78.277 334.0 
78.218 335.0 
78.312 336.0 
78.335 337.0 
78.23 338.0 
78.394 339.0 
78.312 340.0 
78.288 341.0 
78.265 342.0 
78.323 343.0 
78.312 344.0 
78.288 345.0 
78.242 346.0 
78.23 347.0 
78.23 348.0 
78.37 349.0 
78.312 350.0 
78.242 351.0 
78.277 352.0 
78.253 353.0 
78.218 354.0 
78.265 355.0 
78.312 356.0 
78.323 357.0 
78.277 358.0 
78.359 359.0 
78.277 360.0 
78.347 361.0 
78.265 362.0 
78.277 363.0 
78.23 364.0 
78.253 365.0 
78.277 366.0 
78.312 367.0 
78.242 368.0 
78.265 369.0 
78.253 370.0 
78.288 371.0 
78.3 372.0 
78.347 373.0 
78.359 374.0 
78.323 375.0 
78.475 376.0 
78.23 377.0 
78.242 378.0 
78.253 379.0 
78.288 380.0 
78.253 381.0 
78.37 382.0 
78.288 383.0 
78.288 384.0 
78.242 385.0 
78.359 386.0 
78.23 387.0 
78.218 388.0 
78.3 389.0 
78.288 390.0 
78.277 391.0 
78.242 392.0 
78.347 393.0 
78.195 394.0 
78.288 395.0 
78.359 396.0 
78.207 397.0 
78.3 398.0 
78.125 399.0 
78.195 400.0 
78.3 401.0 
78.288 402.0 
78.347 403.0 
78.312 404.0 
78.242 405.0 
78.207 406.0 
78.253 407.0 
78.23 408.0 
78.3 409.0 
78.172 410.0 
78.265 411.0 
78.312 412.0 
78.744 413.0 
78.3 414.0 
78.253 415.0 
78.277 416.0 
78.218 417.0 
78.312 418.0 
78.265 419.0 
78.218 420.0 
78.277 421.0 
78.288 422.0 
78.335 423.0 
78.242 424.0 
78.265 425.0 
78.288 426.0 
78.288 427.0 
78.242 428.0 
78.253 429.0 
78.23 430.0 
78.265 431.0 
78.3 432.0 
78.3 433.0 
78.207 434.0 
78.23 435.0 
78.23 436.0 
78.312 437.0 
78.207 438.0 
78.195 439.0 
78.207 440.0 
78.253 441.0 
78.23 442.0 
78.288 443.0 
78.207 444.0 
78.23 445.0 
78.218 446.0 
78.335 447.0 
78.3 448.0 
78.3 449.0 
78.662 450.0 
78.23 451.0 
78.253 452.0 
78.218 453.0 
78.183 454.0 
78.265 455.0 
78.102 456.0 
78.218 457.0 
78.183 458.0 
78.265 459.0 
78.3 460.0 
78.277 461.0 
78.265 462.0 
78.347 463.0 
78.253 464.0 
78.265 465.0 
78.335 466.0 
78.253 467.0 
78.207 468.0 
78.312 469.0 
78.253 470.0 
78.183 471.0 
78.242 472.0 
78.172 473.0 
78.265 474.0 
78.323 475.0 
78.253 476.0 
78.172 477.0 
78.253 478.0 
78.172 479.0 
78.253 480.0 
78.359 481.0 
78.242 482.0 
78.323 483.0 
78.218 484.0 
78.312 485.0 
78.183 486.0 
78.195 487.0 
78.312 488.0 
78.242 489.0 
78.23 490.0 
78.265 491.0 
78.253 492.0 
78.242 493.0 
78.277 494.0 
78.172 495.0 
78.183 496.0 
78.242 497.0 
78.277 498.0 
78.148 499.0 
78.242 500.0 
78.242 501.0 
78.3 502.0 
78.148 503.0 
78.172 504.0 
78.207 505.0 
78.242 506.0 
78.16 507.0 
78.288 508.0 
78.148 509.0 
78.16 510.0 
78.172 511.0 
78.207 512.0 
78.265 513.0 
78.242 514.0 
78.242 515.0 
78.23 516.0 
78.522 517.0 
78.102 518.0 
78.137 519.0 
78.148 520.0 
78.16 521.0 
78.16 522.0 
78.16 523.0 
78.148 524.0 
78.137 525.0 
78.148 526.0 
78.125 527.0 
78.113 528.0 
78.113 529.0 
78.102 530.0 
78.078 531.0 
78.218 532.0 
78.452 533.0 
78.16 534.0 
78.137 535.0 
78.137 536.0 
78.113 537.0 
78.008 538.0 
77.996 539.0 
77.95 540.0 
78.125 541.0 
78.02 542.0 
78.008 543.0 
77.973 544.0 
77.926 545.0 
77.903 546.0 
77.996 547.0 
77.996 548.0 
77.915 549.0 
77.868 550.0 
77.81 551.0 
77.926 552.0 
77.903 553.0 
77.821 554.0 
77.821 555.0 
77.938 556.0 
77.88 557.0 
77.856 558.0 
77.448 559.0 
77.891 560.0 
77.856 561.0 
77.821 562.0 
77.926 563.0 
77.856 564.0 
77.786 565.0 
77.88 566.0 
77.95 567.0 
77.798 568.0 
77.903 569.0 
77.845 570.0 
77.915 571.0 
77.903 572.0 
77.763 573.0 
77.845 574.0 
77.845 575.0 
78.3 576.0 
77.868 577.0 
77.868 578.0 
77.891 579.0 
77.88 580.0 
77.961 581.0 
77.915 582.0 
77.996 583.0 
77.915 584.0 
78.02 585.0 
77.903 586.0 
77.868 587.0 
77.973 588.0 
77.856 589.0 
77.996 590.0 
77.856 591.0 
77.95 592.0 
77.845 593.0 
77.915 594.0 
77.845 595.0 
77.891 596.0 
77.833 597.0 
77.856 598.0 
77.821 599.0 
77.903 600.0 
77.996 601.0 
77.891 602.0 
77.973 603.0 
77.868 604.0 
77.973 605.0 
77.868 606.0 
77.938 607.0 
77.845 608.0 
77.903 609.0 
77.973 610.0 
77.868 611.0 
77.95 612.0 
77.833 613.0 
77.915 614.0 
77.798 615.0 
77.903 616.0 
77.961 617.0 
77.798 618.0 
77.938 619.0 
77.623 620.0 
77.903 621.0 
77.915 622.0 
77.845 623.0 
77.903 624.0 
77.961 625.0 
77.856 626.0 
77.926 627.0 
77.985 628.0 
77.856 629.0 
77.903 630.0 
77.985 631.0 
77.833 632.0 
77.926 633.0 
78.183 634.0 
77.845 635.0 
77.903 636.0 
77.973 637.0 
77.845 638.0 
77.903 639.0 
77.961 640.0 
77.833 641.0 
77.868 642.0 
77.938 643.0 
77.798 644.0 
77.856 645.0 
77.938 646.0 
77.938 647.0 
77.845 648.0 
77.88 649.0 
77.915 650.0 
77.775 651.0 
77.833 652.0 
77.915 653.0 
77.938 654.0 
77.821 655.0 
77.868 656.0 
77.88 657.0 
77.961 658.0 
77.845 659.0 
77.88 660.0 
77.938 661.0 
77.938 662.0 
77.845 663.0 
77.903 664.0 
77.926 665.0 
77.961 666.0 
77.821 667.0 
77.868 668.0 
77.95 669.0 
77.973 670.0 
77.821 671.0 
77.856 672.0 
77.891 673.0 
77.915 674.0 
77.996 675.0 
77.833 676.0 
77.833 677.0 
77.88 678.0 
77.915 679.0 
77.961 680.0 
77.833 681.0 
77.856 682.0 
77.88 683.0 
77.915 684.0 
77.95 685.0 
77.996 686.0 
77.833 687.0 
77.868 688.0 
77.903 689.0 
77.915 690.0 
77.915 691.0 
77.973 692.0 
77.798 693.0 
77.856 694.0 
77.891 695.0 
77.88 696.0 
77.926 697.0 
77.938 698.0 
77.693 699.0 
77.786 700.0 
77.856 701.0 
77.88 702.0 
77.926 703.0 
77.95 704.0 
77.868 705.0 
77.985 706.0 
77.821 707.0 
77.845 708.0 
77.88 709.0 
77.891 710.0 
77.903 711.0 
77.903 712.0 
77.961 713.0 
77.973 714.0 
77.833 715.0 
77.821 716.0 
77.845 717.0 
77.856 718.0 
77.88 719.0 
77.88 720.0 
77.903 721.0 
77.961 722.0 
77.961 723.0 
77.961 724.0 
77.961 725.0 
77.798 726.0 
77.798 727.0 
77.821 728.0 
77.856 729.0 
77.868 730.0 
77.845 731.0 
77.903 732.0 
77.915 733.0 
77.95 734.0 
77.926 735.0 
77.95 736.0 
77.961 737.0 
77.973 738.0 
77.681 739.0 
77.786 740.0 
77.798 741.0 
77.81 742.0 
77.81 743.0 
77.821 744.0 
77.856 745.0 
77.81 746.0 
77.856 747.0 
77.845 748.0 
77.856 749.0 
77.903 750.0 
77.868 751.0 
77.856 752.0 
77.856 753.0 
77.88 754.0 
77.868 755.0 
77.81 756.0 
77.903 757.0 
77.903 758.0 
77.903 759.0 
77.915 760.0 
77.915 761.0 
77.903 762.0 
77.903 763.0 
77.938 764.0 
77.915 765.0 
77.903 766.0 
77.915 767.0 
77.95 768.0 
77.938 769.0 
77.903 770.0 
77.891 771.0 
77.903 772.0 
77.903 773.0 
77.903 774.0 
77.938 775.0 
77.88 776.0 
77.88 777.0 
77.915 778.0 
77.88 779.0 
77.891 780.0 
77.903 781.0 
77.903 782.0 
77.88 783.0 
77.926 784.0 
77.926 785.0 
77.926 786.0 
77.915 787.0 
77.915 788.0 
77.891 789.0 
77.903 790.0 
77.903 791.0 
77.891 792.0 
77.891 793.0 
77.903 794.0 
77.88 795.0 
77.88 796.0 
77.891 797.0 
77.903 798.0 
77.845 799.0 
77.88 800.0 
77.891 801.0 
77.891 802.0 
77.868 803.0 
77.88 804.0 
0.0 805.0 
0.001 806.0 
0.002 807.0 
0.0 808.0 
0.001 809.0 
0.0 810.0 
-0.007 811.0 
0.0 812.0 
0.0 813.0 
-0.01 814.0 
-0.007 815.0 
-0.002 816.0 
-0.01 817.0 
-0.012 818.0 
-0.012 819.0 
-0.011 820.0 
-0.014 821.0 
-0.025 822.0 
-0.007 823.0 
-0.01 824.0 
-0.022 825.0 
-0.018 826.0 
-0.01 827.0 
-0.012 828.0 
-0.018 829.0 
