-0.035 257.0 
-0.017 258.0 
-0.06 259.0 
-0.037 260.0 
-0.026 261.0 
-0.017 262.0 
-0.029 263.0 
-0.044 264.0 
-0.036 265.0 
-0.041 266.0 
-0.019 267.0 
-0.042 268.0 
-0.074 269.0 
-0.037 270.0 
-0.043 271.0 
-0.023 272.0 
-0.032 273.0 
-0.04 274.0 
138.146 275.0 
135.285 276.0 
134.094 277.0 
132.75 278.0 
131.326 279.0 
129.667 280.0 
128.207 281.0 
126.233 282.0 
123.442 283.0 
122.309 284.0 
121.947 285.0 
121.667 286.0 
121.538 287.0 
121.316 288.0 
121.118 289.0 
120.464 290.0 
120.393 291.0 
120.172 292.0 
120.055 293.0 
119.95 294.0 
119.506 295.0 
119.354 296.0 
119.307 297.0 
118.863 298.0 
118.723 299.0 
118.665 300.0 
118.128 301.0 
118.069 302.0 
117.602 303.0 
117.567 304.0 
117.462 305.0 
116.808 306.0 
115.663 307.0 
113.538 308.0 
111.061 309.0 
107.733 310.0 
104.462 311.0 
100.795 312.0 
97.198 313.0 
93.25 314.0 
89.524 315.0 
85.623 316.0 
82.084 317.0 
79.62 318.0 
79.456 319.0 
79.27 320.0 
79.176 321.0 
79.176 322.0 
79.059 323.0 
79.094 324.0 
79.048 325.0 
78.942 326.0 
79.083 327.0 
78.989 328.0 
79.783 329.0 
79.118 330.0 
79.024 331.0 
79.305 332.0 
79.118 333.0 
79.024 334.0 
79.013 335.0 
79.106 336.0 
79.094 337.0 
79.001 338.0 
79.153 339.0 
79.013 340.0 
79.001 341.0 
79.013 342.0 
79.176 343.0 
79.059 344.0 
78.989 345.0 
79.024 346.0 
78.954 347.0 
79.001 348.0 
79.094 349.0 
79.048 350.0 
78.989 351.0 
79.071 352.0 
79.036 353.0 
78.966 354.0 
79.013 355.0 
79.024 356.0 
79.094 357.0 
78.989 358.0 
79.118 359.0 
79.024 360.0 
79.083 361.0 
79.001 362.0 
79.036 363.0 
78.931 364.0 
78.978 365.0 
79.001 366.0 
79.036 367.0 
78.989 368.0 
79.001 369.0 
78.989 370.0 
79.024 371.0 
79.059 372.0 
79.059 373.0 
79.094 374.0 
79.083 375.0 
79.386 376.0 
78.966 377.0 
79.013 378.0 
78.978 379.0 
79.013 380.0 
78.954 381.0 
79.106 382.0 
78.978 383.0 
78.942 384.0 
78.954 385.0 
79.106 386.0 
78.978 387.0 
78.989 388.0 
79.024 389.0 
79.048 390.0 
79.036 391.0 
78.954 392.0 
79.071 393.0 
78.978 394.0 
79.024 395.0 
79.106 396.0 
78.966 397.0 
79.048 398.0 
78.907 399.0 
78.978 400.0 
79.036 401.0 
79.013 402.0 
79.071 403.0 
79.024 404.0 
78.966 405.0 
78.931 406.0 
79.024 407.0 
78.954 408.0 
79.001 409.0 
78.942 410.0 
79.013 411.0 
79.059 412.0 
79.456 413.0 
79.024 414.0 
78.954 415.0 
79.024 416.0 
78.978 417.0 
79.059 418.0 
79.048 419.0 
78.896 420.0 
78.978 421.0 
79.013 422.0 
79.036 423.0 
78.966 424.0 
78.966 425.0 
79.024 426.0 
79.036 427.0 
78.954 428.0 
78.954 429.0 
78.931 430.0 
79.001 431.0 
79.048 432.0 
79.024 433.0 
78.931 434.0 
78.954 435.0 
78.978 436.0 
79.094 437.0 
78.907 438.0 
78.942 439.0 
78.954 440.0 
78.954 441.0 
78.919 442.0 
78.954 443.0 
78.942 444.0 
78.942 445.0 
78.931 446.0 
79.048 447.0 
79.001 448.0 
79.013 449.0 
79.351 450.0 
78.966 451.0 
78.931 452.0 
78.919 453.0 
78.931 454.0 
79.024 455.0 
79.013 456.0 
78.978 457.0 
78.942 458.0 
78.966 459.0 
79.024 460.0 
78.966 461.0 
78.954 462.0 
79.071 463.0 
79.013 464.0 
78.966 465.0 
79.036 466.0 
78.989 467.0 
78.919 468.0 
79.001 469.0 
78.966 470.0 
78.942 471.0 
78.954 472.0 
78.942 473.0 
78.954 474.0 
79.048 475.0 
78.978 476.0 
78.896 477.0 
78.966 478.0 
78.896 479.0 
78.989 480.0 
79.024 481.0 
78.954 482.0 
79.013 483.0 
78.966 484.0 
78.989 485.0 
78.896 486.0 
78.907 487.0 
79.013 488.0 
78.942 489.0 
78.978 490.0 
79.001 491.0 
78.989 492.0 
78.954 493.0 
79.001 494.0 
78.907 495.0 
78.907 496.0 
78.989 497.0 
79.001 498.0 
78.884 499.0 
78.872 500.0 
78.942 501.0 
79.001 502.0 
78.872 503.0 
78.907 504.0 
78.907 505.0 
78.942 506.0 
78.884 507.0 
78.978 508.0 
78.861 509.0 
78.896 510.0 
78.931 511.0 
78.954 512.0 
78.989 513.0 
78.989 514.0 
78.966 515.0 
79.013 516.0 
79.258 517.0 
78.849 518.0 
78.814 519.0 
78.849 520.0 
78.872 521.0 
78.872 522.0 
78.849 523.0 
78.884 524.0 
78.837 525.0 
78.849 526.0 
78.849 527.0 
78.744 528.0 
78.826 529.0 
78.779 530.0 
78.791 531.0 
78.942 532.0 
78.919 533.0 
78.861 534.0 
78.872 535.0 
78.814 536.0 
78.814 537.0 
78.697 538.0 
78.709 539.0 
78.662 540.0 
78.779 541.0 
78.744 542.0 
78.674 543.0 
78.639 544.0 
78.639 545.0 
78.58 546.0 
78.662 547.0 
78.58 548.0 
78.604 549.0 
78.51 550.0 
78.487 551.0 
78.592 552.0 
78.545 553.0 
78.499 554.0 
78.487 555.0 
78.639 556.0 
78.604 557.0 
78.51 558.0 
78.207 559.0 
78.545 560.0 
78.487 561.0 
78.44 562.0 
78.58 563.0 
78.499 564.0 
78.394 565.0 
78.569 566.0 
78.639 567.0 
78.44 568.0 
78.557 569.0 
78.487 570.0 
78.592 571.0 
78.534 572.0 
78.44 573.0 
78.534 574.0 
78.51 575.0 
78.615 576.0 
78.545 577.0 
78.534 578.0 
78.604 579.0 
78.522 580.0 
78.627 581.0 
78.545 582.0 
78.58 583.0 
78.58 584.0 
78.686 585.0 
78.604 586.0 
78.487 587.0 
78.592 588.0 
78.487 589.0 
78.592 590.0 
78.522 591.0 
78.58 592.0 
78.475 593.0 
78.58 594.0 
78.51 595.0 
78.51 596.0 
78.464 597.0 
78.604 598.0 
78.499 599.0 
78.592 600.0 
78.65 601.0 
78.51 602.0 
78.627 603.0 
78.522 604.0 
78.615 605.0 
78.51 606.0 
78.592 607.0 
78.487 608.0 
78.557 609.0 
78.662 610.0 
78.545 611.0 
78.615 612.0 
78.499 613.0 
78.592 614.0 
78.475 615.0 
78.545 616.0 
78.615 617.0 
78.464 618.0 
78.545 619.0 
78.265 620.0 
78.522 621.0 
78.592 622.0 
78.475 623.0 
78.51 624.0 
78.662 625.0 
78.475 626.0 
78.557 627.0 
78.592 628.0 
78.499 629.0 
78.58 630.0 
78.65 631.0 
78.499 632.0 
78.557 633.0 
78.872 634.0 
78.51 635.0 
78.569 636.0 
78.639 637.0 
78.522 638.0 
78.569 639.0 
78.592 640.0 
78.475 641.0 
78.557 642.0 
78.604 643.0 
78.499 644.0 
78.522 645.0 
78.557 646.0 
78.627 647.0 
78.499 648.0 
78.534 649.0 
78.639 650.0 
78.44 651.0 
78.475 652.0 
78.58 653.0 
78.627 654.0 
78.452 655.0 
78.534 656.0 
78.58 657.0 
78.627 658.0 
78.51 659.0 
78.534 660.0 
78.557 661.0 
78.662 662.0 
78.487 663.0 
78.557 664.0 
78.58 665.0 
78.639 666.0 
78.499 667.0 
78.522 668.0 
78.545 669.0 
78.65 670.0 
78.487 671.0 
78.545 672.0 
78.534 673.0 
78.569 674.0 
78.604 675.0 
78.487 676.0 
78.51 677.0 
78.58 678.0 
78.557 679.0 
78.627 680.0 
78.487 681.0 
78.475 682.0 
78.545 683.0 
78.58 684.0 
78.627 685.0 
78.639 686.0 
78.452 687.0 
78.522 688.0 
78.545 689.0 
78.58 690.0 
78.627 691.0 
78.627 692.0 
78.464 693.0 
78.51 694.0 
78.534 695.0 
78.58 696.0 
78.58 697.0 
78.592 698.0 
78.335 699.0 
78.452 700.0 
78.487 701.0 
78.522 702.0 
78.604 703.0 
78.592 704.0 
78.58 705.0 
78.615 706.0 
78.44 707.0 
78.487 708.0 
78.487 709.0 
78.499 710.0 
78.569 711.0 
78.569 712.0 
78.604 713.0 
78.639 714.0 
78.674 715.0 
78.475 716.0 
78.452 717.0 
78.51 718.0 
78.534 719.0 
78.534 720.0 
78.534 721.0 
78.58 722.0 
78.592 723.0 
78.592 724.0 
78.65 725.0 
78.452 726.0 
78.487 727.0 
78.475 728.0 
78.522 729.0 
78.545 730.0 
78.534 731.0 
78.557 732.0 
78.58 733.0 
78.592 734.0 
78.58 735.0 
78.592 736.0 
78.604 737.0 
78.627 738.0 
78.242 739.0 
78.452 740.0 
78.475 741.0 
78.452 742.0 
78.475 743.0 
78.464 744.0 
78.499 745.0 
78.487 746.0 
78.487 747.0 
78.499 748.0 
78.487 749.0 
78.522 750.0 
78.522 751.0 
78.522 752.0 
78.534 753.0 
78.545 754.0 
78.51 755.0 
78.569 756.0 
78.545 757.0 
78.534 758.0 
78.534 759.0 
78.545 760.0 
78.557 761.0 
78.534 762.0 
78.557 763.0 
78.569 764.0 
78.592 765.0 
78.58 766.0 
78.557 767.0 
78.557 768.0 
78.545 769.0 
78.569 770.0 
78.58 771.0 
78.592 772.0 
78.569 773.0 
78.569 774.0 
78.569 775.0 
78.58 776.0 
78.545 777.0 
78.557 778.0 
78.522 779.0 
78.534 780.0 
78.58 781.0 
78.557 782.0 
78.557 783.0 
78.545 784.0 
78.557 785.0 
78.557 786.0 
78.534 787.0 
78.522 788.0 
78.569 789.0 
78.545 790.0 
78.58 791.0 
78.545 792.0 
78.569 793.0 
78.534 794.0 
78.592 795.0 
78.569 796.0 
78.592 797.0 
78.557 798.0 
78.557 799.0 
78.545 800.0 
78.545 801.0 
78.534 802.0 
78.534 803.0 
78.557 804.0 
0.0 805.0 
0.006 806.0 
-0.008 807.0 
-0.002 808.0 
-0.002 809.0 
-0.005 810.0 
-0.018 811.0 
-0.018 812.0 
-0.014 813.0 
-0.023 814.0 
-0.029 815.0 
-0.028 816.0 
-0.034 817.0 
-0.042 818.0 
-0.037 819.0 
-0.044 820.0 
-0.055 821.0 
-0.058 822.0 
-0.049 823.0 
-0.049 824.0 
-0.061 825.0 
-0.059 826.0 
-0.042 827.0 
-0.036 828.0 
-0.04 829.0 
