-0.029 257.0 
-0.025 258.0 
-0.018 259.0 
-0.028 260.0 
-0.041 261.0 
-0.049 262.0 
-0.029 263.0 
-0.032 264.0 
-0.023 265.0 
-0.025 266.0 
-0.035 267.0 
-0.03 268.0 
-0.013 269.0 
-0.018 270.0 
-0.024 271.0 
-0.025 272.0 
-0.022 273.0 
-0.024 274.0 
847.266 275.0 
840.883 276.0 
834.965 277.0 
827.422 278.0 
820.575 279.0 
814.889 280.0 
810.363 281.0 
807.694 282.0 
803.864 283.0 
801.079 284.0 
799.222 285.0 
797.946 286.0 
797.482 287.0 
796.553 288.0 
795.044 289.0 
794.464 290.0 
791.331 291.0 
790.635 292.0 
790.054 293.0 
790.17 294.0 
787.849 295.0 
787.269 296.0 
787.269 297.0 
784.832 298.0 
784.368 299.0 
784.948 300.0 
782.743 301.0 
783.092 302.0 
780.306 303.0 
781.351 304.0 
781.815 305.0 
780.19 306.0 
780.306 307.0 
778.914 308.0 
779.726 309.0 
777.869 310.0 
778.218 311.0 
776.825 312.0 
777.753 313.0 
776.013 314.0 
776.825 315.0 
776.013 316.0 
776.477 317.0 
774.968 318.0 
775.664 319.0 
775.2 320.0 
767.541 321.0 
774.968 322.0 
774.156 323.0 
774.736 324.0 
774.388 325.0 
774.504 326.0 
773.924 327.0 
773.576 328.0 
774.968 329.0 
774.388 330.0 
773.576 331.0 
777.057 332.0 
774.156 333.0 
773.576 334.0 
774.736 335.0 
774.156 336.0 
773.692 337.0 
772.763 338.0 
774.272 339.0 
772.995 340.0 
772.647 341.0 
772.647 342.0 
774.504 343.0 
772.879 344.0 
772.647 345.0 
772.415 346.0 
772.299 347.0 
773.46 348.0 
773.111 349.0 
772.879 350.0 
772.647 351.0 
772.879 352.0 
772.763 353.0 
770.442 354.0 
773.808 355.0 
772.879 356.0 
772.879 357.0 
772.415 358.0 
773.344 359.0 
772.763 360.0 
772.763 361.0 
772.415 362.0 
772.531 363.0 
772.067 364.0 
772.299 365.0 
772.415 366.0 
772.647 367.0 
772.067 368.0 
772.531 369.0 
772.879 370.0 
772.531 371.0 
772.763 372.0 
772.879 373.0 
773.111 374.0 
773.344 375.0 
773.227 376.0 
770.326 377.0 
772.299 378.0 
772.299 379.0 
772.067 380.0 
772.299 381.0 
773.111 382.0 
771.835 383.0 
772.415 384.0 
771.951 385.0 
772.879 386.0 
771.371 387.0 
771.603 388.0 
772.647 389.0 
772.531 390.0 
772.763 391.0 
771.951 392.0 
772.879 393.0 
771.487 394.0 
772.415 395.0 
773.46 396.0 
771.603 397.0 
772.183 398.0 
771.255 399.0 
772.067 400.0 
772.763 401.0 
772.531 402.0 
772.995 403.0 
772.415 404.0 
771.835 405.0 
771.371 406.0 
772.415 407.0 
772.067 408.0 
772.183 409.0 
771.719 410.0 
772.067 411.0 
772.879 412.0 
776.129 413.0 
772.879 414.0 
772.183 415.0 
772.183 416.0 
771.603 417.0 
773.924 418.0 
772.415 419.0 
771.603 420.0 
771.951 421.0 
772.299 422.0 
772.415 423.0 
771.951 424.0 
771.719 425.0 
772.299 426.0 
772.531 427.0 
771.951 428.0 
771.835 429.0 
771.835 430.0 
772.415 431.0 
772.647 432.0 
772.647 433.0 
771.719 434.0 
772.067 435.0 
772.415 436.0 
773.344 437.0 
771.255 438.0 
772.183 439.0 
772.067 440.0 
771.951 441.0 
771.603 442.0 
771.951 443.0 
771.719 444.0 
771.487 445.0 
771.487 446.0 
772.647 447.0 
772.647 448.0 
772.415 449.0 
775.2 450.0 
772.183 451.0 
772.299 452.0 
771.835 453.0 
771.487 454.0 
772.763 455.0 
772.067 456.0 
771.719 457.0 
771.371 458.0 
772.531 459.0 
772.531 460.0 
771.835 461.0 
771.719 462.0 
772.763 463.0 
772.067 464.0 
772.415 465.0 
772.763 466.0 
772.299 467.0 
771.371 468.0 
772.299 469.0 
771.835 470.0 
772.183 471.0 
772.067 472.0 
772.763 473.0 
771.719 474.0 
773.227 475.0 
772.299 476.0 
771.603 477.0 
771.603 478.0 
770.79 479.0 
772.067 480.0 
772.647 481.0 
771.719 482.0 
772.299 483.0 
771.487 484.0 
772.067 485.0 
771.023 486.0 
771.487 487.0 
772.183 488.0 
771.603 489.0 
771.487 490.0 
771.951 491.0 
772.067 492.0 
771.719 493.0 
771.835 494.0 
771.487 495.0 
770.558 496.0 
771.371 497.0 
771.835 498.0 
770.906 499.0 
771.139 500.0 
771.835 501.0 
771.951 502.0 
770.674 503.0 
770.79 504.0 
770.79 505.0 
771.023 506.0 
768.934 507.0 
774.04 508.0 
770.326 509.0 
770.79 510.0 
770.558 511.0 
771.255 512.0 
770.906 513.0 
771.371 514.0 
771.371 515.0 
771.371 516.0 
771.487 517.0 
769.746 518.0 
769.862 519.0 
769.862 520.0 
770.21 521.0 
770.094 522.0 
769.978 523.0 
769.978 524.0 
769.862 525.0 
769.63 526.0 
770.094 527.0 
769.398 528.0 
769.978 529.0 
769.398 530.0 
769.63 531.0 
771.139 532.0 
770.79 533.0 
770.674 534.0 
770.906 535.0 
770.674 536.0 
770.442 537.0 
770.094 538.0 
769.978 539.0 
769.862 540.0 
771.139 541.0 
770.79 542.0 
770.674 543.0 
770.094 544.0 
769.746 545.0 
769.746 546.0 
771.255 547.0 
770.674 548.0 
770.442 549.0 
769.978 550.0 
768.934 551.0 
770.906 552.0 
770.558 553.0 
770.094 554.0 
769.746 555.0 
771.023 556.0 
769.978 557.0 
769.514 558.0 
766.613 559.0 
770.674 560.0 
769.978 561.0 
769.05 562.0 
770.442 563.0 
769.978 564.0 
769.05 565.0 
770.326 566.0 
770.094 567.0 
769.398 568.0 
770.442 569.0 
769.63 570.0 
771.255 571.0 
770.21 572.0 
769.514 573.0 
770.094 574.0 
770.094 575.0 
770.906 576.0 
769.862 577.0 
769.862 578.0 
770.674 579.0 
770.442 580.0 
770.906 581.0 
770.094 582.0 
770.79 583.0 
770.326 584.0 
771.719 585.0 
770.442 586.0 
770.094 587.0 
770.906 588.0 
770.094 589.0 
770.558 590.0 
770.21 591.0 
770.558 592.0 
770.21 593.0 
770.21 594.0 
770.326 595.0 
770.906 596.0 
769.63 597.0 
770.558 598.0 
769.862 599.0 
770.558 600.0 
771.371 601.0 
770.326 602.0 
771.255 603.0 
770.326 604.0 
771.023 605.0 
770.094 606.0 
770.558 607.0 
769.63 608.0 
770.442 609.0 
771.487 610.0 
770.442 611.0 
771.255 612.0 
769.862 613.0 
770.79 614.0 
769.63 615.0 
770.326 616.0 
771.023 617.0 
769.862 618.0 
770.674 619.0 
765.336 620.0 
770.094 621.0 
770.906 622.0 
769.746 623.0 
770.674 624.0 
771.023 625.0 
769.398 626.0 
770.442 627.0 
771.139 628.0 
770.094 629.0 
770.558 630.0 
771.255 631.0 
769.514 632.0 
770.906 633.0 
771.139 634.0 
770.326 635.0 
770.906 636.0 
770.906 637.0 
769.746 638.0 
770.094 639.0 
770.906 640.0 
769.746 641.0 
770.094 642.0 
770.906 643.0 
769.514 644.0 
770.094 645.0 
770.442 646.0 
771.255 647.0 
769.978 648.0 
769.978 649.0 
771.023 650.0 
769.398 651.0 
770.21 652.0 
770.79 653.0 
771.371 654.0 
769.862 655.0 
769.978 656.0 
769.978 657.0 
770.906 658.0 
770.094 659.0 
770.558 660.0 
770.906 661.0 
771.371 662.0 
769.398 663.0 
770.21 664.0 
770.674 665.0 
771.139 666.0 
769.978 667.0 
770.21 668.0 
770.79 669.0 
771.023 670.0 
769.746 671.0 
770.094 672.0 
770.326 673.0 
770.79 674.0 
771.371 675.0 
770.094 676.0 
769.862 677.0 
770.442 678.0 
770.674 679.0 
770.906 680.0 
769.746 681.0 
769.746 682.0 
770.442 683.0 
770.442 684.0 
771.139 685.0 
771.371 686.0 
769.862 687.0 
769.978 688.0 
770.674 689.0 
770.558 690.0 
771.139 691.0 
771.255 692.0 
769.978 693.0 
769.63 694.0 
770.326 695.0 
770.442 696.0 
770.442 697.0 
770.21 698.0 
767.773 699.0 
769.63 700.0 
769.746 701.0 
770.326 702.0 
770.442 703.0 
770.326 704.0 
770.79 705.0 
771.023 706.0 
769.978 707.0 
770.094 708.0 
770.094 709.0 
770.558 710.0 
770.558 711.0 
770.674 712.0 
771.023 713.0 
771.371 714.0 
771.719 715.0 
769.514 716.0 
769.514 717.0 
769.978 718.0 
770.094 719.0 
770.442 720.0 
770.442 721.0 
770.79 722.0 
770.906 723.0 
770.906 724.0 
771.487 725.0 
769.166 726.0 
769.746 727.0 
769.978 728.0 
770.094 729.0 
770.21 730.0 
770.326 731.0 
770.558 732.0 
770.674 733.0 
770.906 734.0 
771.139 735.0 
770.906 736.0 
771.139 737.0 
770.79 738.0 
767.425 739.0 
769.514 740.0 
769.282 741.0 
769.398 742.0 
769.862 743.0 
770.21 744.0 
769.63 745.0 
769.746 746.0 
770.094 747.0 
770.21 748.0 
770.21 749.0 
770.094 750.0 
770.326 751.0 
770.21 752.0 
770.442 753.0 
770.558 754.0 
770.442 755.0 
770.674 756.0 
770.558 757.0 
770.442 758.0 
770.558 759.0 
770.442 760.0 
770.442 761.0 
770.442 762.0 
770.442 763.0 
770.79 764.0 
770.326 765.0 
770.79 766.0 
770.906 767.0 
770.674 768.0 
770.558 769.0 
770.674 770.0 
771.139 771.0 
770.674 772.0 
771.023 773.0 
770.442 774.0 
771.139 775.0 
770.558 776.0 
770.558 777.0 
770.442 778.0 
770.442 779.0 
770.674 780.0 
770.442 781.0 
770.326 782.0 
770.558 783.0 
770.558 784.0 
770.558 785.0 
770.442 786.0 
770.558 787.0 
770.326 788.0 
770.558 789.0 
770.558 790.0 
770.558 791.0 
771.139 792.0 
770.442 793.0 
770.558 794.0 
770.442 795.0 
770.442 796.0 
770.094 797.0 
770.094 798.0 
770.442 799.0 
770.21 800.0 
770.326 801.0 
770.094 802.0 
770.442 803.0 
769.862 804.0 
0.115 805.0 
0.119 806.0 
0.121 807.0 
0.102 808.0 
0.074 809.0 
0.029 810.0 
-0.025 811.0 
-0.083 812.0 
-0.139 813.0 
-0.208 814.0 
-0.265 815.0 
-0.31 816.0 
-0.341 817.0 
-0.385 818.0 
-0.401 819.0 
-0.415 820.0 
-0.433 821.0 
-0.431 822.0 
-0.425 823.0 
-0.407 824.0 
-0.392 825.0 
-0.374 826.0 
-0.339 827.0 
-0.324 828.0 
-0.273 829.0 
