-0.036 257.0 
-0.032 258.0 
-0.037 259.0 
-0.044 260.0 
-0.028 261.0 
-0.006 262.0 
-0.03 263.0 
-0.01 264.0 
-0.036 265.0 
-0.02 266.0 
-0.042 267.0 
-0.007 268.0 
-0.036 269.0 
-0.031 270.0 
-0.018 271.0 
-0.042 272.0 
-0.014 273.0 
-0.031 274.0 
828.118 275.0 
822.548 276.0 
818.138 277.0 
811.639 278.0 
806.649 279.0 
802.123 280.0 
798.062 281.0 
795.277 282.0 
793.072 283.0 
789.474 284.0 
787.037 285.0 
785.993 286.0 
785.413 287.0 
784.484 288.0 
783.324 289.0 
782.163 290.0 
779.494 291.0 
778.682 292.0 
777.753 293.0 
778.102 294.0 
775.664 295.0 
775.548 296.0 
776.129 297.0 
773.111 298.0 
772.879 299.0 
773.808 300.0 
771.371 301.0 
771.835 302.0 
768.818 303.0 
770.21 304.0 
770.906 305.0 
769.282 306.0 
769.166 307.0 
767.773 308.0 
768.237 309.0 
766.149 310.0 
767.077 311.0 
765.452 312.0 
766.149 313.0 
764.64 314.0 
765.568 315.0 
764.756 316.0 
765.684 317.0 
764.06 318.0 
764.64 319.0 
764.176 320.0 
761.275 321.0 
764.06 322.0 
763.363 323.0 
764.06 324.0 
763.712 325.0 
766.961 326.0 
763.363 327.0 
762.899 328.0 
763.944 329.0 
763.131 330.0 
761.971 331.0 
763.131 332.0 
763.131 333.0 
762.319 334.0 
765.568 335.0 
762.667 336.0 
762.551 337.0 
761.739 338.0 
763.015 339.0 
761.971 340.0 
762.319 341.0 
761.855 342.0 
763.363 343.0 
761.855 344.0 
762.435 345.0 
761.739 346.0 
761.159 347.0 
762.899 348.0 
762.319 349.0 
761.739 350.0 
761.042 351.0 
761.971 352.0 
761.391 353.0 
754.196 354.0 
761.855 355.0 
761.739 356.0 
762.203 357.0 
761.275 358.0 
762.319 359.0 
761.739 360.0 
761.971 361.0 
761.507 362.0 
761.855 363.0 
760.81 364.0 
761.159 365.0 
761.391 366.0 
761.971 367.0 
761.275 368.0 
761.391 369.0 
761.507 370.0 
761.159 371.0 
761.391 372.0 
761.623 373.0 
761.507 374.0 
761.507 375.0 
761.971 376.0 
760.23 377.0 
760.926 378.0 
761.275 379.0 
761.507 380.0 
761.739 381.0 
762.087 382.0 
761.042 383.0 
761.159 384.0 
760.694 385.0 
761.855 386.0 
760.23 387.0 
760.81 388.0 
761.159 389.0 
761.042 390.0 
761.855 391.0 
760.81 392.0 
761.507 393.0 
759.882 394.0 
761.275 395.0 
761.971 396.0 
760.694 397.0 
761.623 398.0 
759.882 399.0 
760.81 400.0 
761.971 401.0 
761.391 402.0 
761.855 403.0 
761.391 404.0 
761.042 405.0 
761.042 406.0 
761.275 407.0 
761.042 408.0 
761.391 409.0 
760.578 410.0 
761.391 411.0 
761.391 412.0 
761.971 413.0 
761.623 414.0 
760.462 415.0 
761.159 416.0 
760.462 417.0 
762.783 418.0 
761.391 419.0 
760.694 420.0 
760.81 421.0 
761.391 422.0 
761.855 423.0 
761.042 424.0 
760.694 425.0 
761.391 426.0 
761.739 427.0 
760.926 428.0 
760.462 429.0 
760.926 430.0 
761.275 431.0 
761.042 432.0 
761.507 433.0 
760.694 434.0 
760.926 435.0 
761.391 436.0 
762.551 437.0 
760.23 438.0 
760.694 439.0 
760.926 440.0 
760.694 441.0 
760.926 442.0 
761.159 443.0 
760.694 444.0 
760.694 445.0 
760.578 446.0 
761.971 447.0 
762.087 448.0 
761.507 449.0 
763.944 450.0 
760.462 451.0 
760.694 452.0 
760.462 453.0 
760.23 454.0 
761.391 455.0 
760.81 456.0 
760.578 457.0 
760.346 458.0 
761.391 459.0 
761.739 460.0 
760.926 461.0 
761.042 462.0 
761.971 463.0 
761.391 464.0 
761.739 465.0 
761.855 466.0 
761.042 467.0 
760.346 468.0 
761.391 469.0 
760.694 470.0 
761.855 471.0 
760.926 472.0 
761.623 473.0 
761.042 474.0 
761.739 475.0 
761.042 476.0 
760.462 477.0 
761.042 478.0 
760.23 479.0 
761.275 480.0 
762.087 481.0 
761.042 482.0 
761.391 483.0 
760.81 484.0 
761.159 485.0 
760.346 486.0 
759.998 487.0 
761.739 488.0 
760.694 489.0 
760.81 490.0 
760.926 491.0 
761.042 492.0 
760.578 493.0 
761.391 494.0 
760.23 495.0 
760.23 496.0 
760.926 497.0 
760.81 498.0 
759.998 499.0 
760.23 500.0 
760.81 501.0 
761.159 502.0 
759.998 503.0 
759.65 504.0 
759.882 505.0 
760.23 506.0 
757.329 507.0 
760.926 508.0 
759.65 509.0 
759.302 510.0 
759.65 511.0 
759.534 512.0 
759.766 513.0 
759.882 514.0 
760.346 515.0 
760.346 516.0 
760.578 517.0 
758.954 518.0 
758.605 519.0 
759.534 520.0 
759.534 521.0 
759.418 522.0 
759.418 523.0 
759.186 524.0 
759.302 525.0 
759.418 526.0 
759.186 527.0 
759.534 528.0 
759.186 529.0 
758.141 530.0 
758.605 531.0 
760.23 532.0 
759.766 533.0 
759.534 534.0 
759.998 535.0 
759.882 536.0 
759.65 537.0 
759.302 538.0 
759.07 539.0 
758.838 540.0 
760.462 541.0 
760.114 542.0 
759.65 543.0 
759.534 544.0 
759.07 545.0 
758.954 546.0 
760.462 547.0 
760.23 548.0 
759.534 549.0 
759.07 550.0 
758.838 551.0 
760.114 552.0 
759.65 553.0 
758.838 554.0 
758.489 555.0 
759.882 556.0 
759.302 557.0 
758.721 558.0 
755.936 559.0 
759.882 560.0 
759.186 561.0 
758.373 562.0 
759.882 563.0 
759.534 564.0 
757.793 565.0 
759.766 566.0 
758.838 567.0 
758.373 568.0 
759.534 569.0 
758.838 570.0 
759.766 571.0 
759.186 572.0 
758.605 573.0 
758.954 574.0 
758.838 575.0 
759.882 576.0 
759.07 577.0 
759.07 578.0 
759.882 579.0 
759.534 580.0 
760.462 581.0 
759.534 582.0 
760.578 583.0 
759.534 584.0 
760.694 585.0 
759.882 586.0 
758.838 587.0 
760.346 588.0 
759.302 589.0 
759.766 590.0 
759.07 591.0 
759.65 592.0 
759.186 593.0 
759.186 594.0 
758.838 595.0 
760.114 596.0 
758.721 597.0 
760.114 598.0 
758.954 599.0 
759.882 600.0 
760.346 601.0 
759.882 602.0 
760.346 603.0 
759.534 604.0 
760.462 605.0 
759.302 606.0 
759.65 607.0 
758.838 608.0 
759.766 609.0 
760.23 610.0 
759.07 611.0 
760.114 612.0 
758.954 613.0 
759.65 614.0 
758.489 615.0 
759.534 616.0 
759.998 617.0 
758.838 618.0 
759.998 619.0 
754.428 620.0 
759.766 621.0 
759.998 622.0 
758.838 623.0 
759.302 624.0 
760.114 625.0 
759.186 626.0 
759.882 627.0 
760.578 628.0 
758.954 629.0 
759.65 630.0 
760.23 631.0 
758.489 632.0 
760.114 633.0 
760.462 634.0 
759.07 635.0 
759.998 636.0 
760.23 637.0 
758.954 638.0 
759.65 639.0 
760.346 640.0 
759.302 641.0 
759.534 642.0 
759.998 643.0 
758.721 644.0 
759.534 645.0 
759.998 646.0 
760.462 647.0 
758.954 648.0 
759.418 649.0 
760.114 650.0 
758.721 651.0 
759.302 652.0 
759.766 653.0 
760.23 654.0 
758.605 655.0 
759.07 656.0 
759.186 657.0 
759.998 658.0 
759.07 659.0 
759.766 660.0 
760.114 661.0 
760.81 662.0 
758.605 663.0 
759.534 664.0 
760.114 665.0 
760.694 666.0 
759.07 667.0 
759.65 668.0 
759.998 669.0 
760.346 670.0 
759.07 671.0 
758.954 672.0 
759.302 673.0 
759.65 674.0 
760.114 675.0 
759.07 676.0 
759.302 677.0 
759.418 678.0 
759.418 679.0 
760.23 680.0 
758.721 681.0 
759.07 682.0 
759.418 683.0 
759.998 684.0 
760.23 685.0 
760.694 686.0 
758.954 687.0 
759.302 688.0 
759.534 689.0 
759.766 690.0 
759.998 691.0 
760.346 692.0 
758.373 693.0 
759.07 694.0 
759.534 695.0 
759.65 696.0 
759.766 697.0 
759.65 698.0 
755.704 699.0 
759.07 700.0 
759.302 701.0 
759.534 702.0 
759.65 703.0 
759.766 704.0 
760.346 705.0 
760.694 706.0 
758.838 707.0 
759.302 708.0 
759.186 709.0 
759.186 710.0 
759.302 711.0 
759.65 712.0 
760.462 713.0 
760.23 714.0 
760.81 715.0 
758.721 716.0 
759.186 717.0 
758.954 718.0 
759.534 719.0 
759.65 720.0 
759.998 721.0 
760.346 722.0 
760.114 723.0 
760.462 724.0 
760.578 725.0 
759.07 726.0 
758.838 727.0 
759.302 728.0 
759.07 729.0 
759.07 730.0 
759.302 731.0 
759.418 732.0 
759.534 733.0 
759.766 734.0 
759.998 735.0 
760.114 736.0 
760.23 737.0 
760.23 738.0 
754.428 739.0 
758.489 740.0 
759.07 741.0 
759.186 742.0 
758.954 743.0 
758.954 744.0 
758.954 745.0 
759.418 746.0 
759.186 747.0 
759.534 748.0 
759.186 749.0 
759.186 750.0 
758.838 751.0 
759.534 752.0 
758.954 753.0 
759.418 754.0 
759.186 755.0 
759.65 756.0 
759.65 757.0 
759.65 758.0 
759.65 759.0 
759.882 760.0 
759.766 761.0 
759.766 762.0 
759.65 763.0 
759.766 764.0 
759.998 765.0 
759.882 766.0 
759.766 767.0 
760.114 768.0 
759.998 769.0 
759.998 770.0 
759.766 771.0 
759.65 772.0 
759.65 773.0 
759.418 774.0 
759.65 775.0 
759.65 776.0 
759.534 777.0 
759.418 778.0 
759.65 779.0 
759.418 780.0 
760.114 781.0 
759.766 782.0 
759.65 783.0 
759.534 784.0 
759.65 785.0 
759.766 786.0 
759.766 787.0 
759.998 788.0 
759.65 789.0 
759.302 790.0 
759.534 791.0 
759.418 792.0 
759.534 793.0 
759.534 794.0 
759.534 795.0 
759.302 796.0 
759.186 797.0 
759.186 798.0 
759.418 799.0 
759.186 800.0 
759.302 801.0 
759.302 802.0 
759.186 803.0 
759.302 804.0 
0.103 805.0 
0.111 806.0 
0.099 807.0 
0.078 808.0 
0.034 809.0 
-0.032 810.0 
-0.109 811.0 
-0.171 812.0 
-0.241 813.0 
-0.304 814.0 
-0.364 815.0 
-0.412 816.0 
-0.435 817.0 
-0.464 818.0 
-0.473 819.0 
-0.489 820.0 
-0.476 821.0 
-0.46 822.0 
-0.449 823.0 
-0.419 824.0 
-0.394 825.0 
-0.357 826.0 
-0.313 827.0 
-0.271 828.0 
-0.231 829.0 
