-0.023 257.0 
-0.007 258.0 
-0.044 259.0 
-0.02 260.0 
-0.01 261.0 
-0.016 262.0 
-0.026 263.0 
-0.031 264.0 
-0.031 265.0 
-0.023 266.0 
-0.014 267.0 
-0.024 268.0 
-0.029 269.0 
-0.035 270.0 
-0.036 271.0 
-0.028 272.0 
-0.016 273.0 
-0.041 274.0 
837.402 275.0 
831.716 276.0 
828.118 277.0 
821.271 278.0 
815.121 279.0 
810.015 280.0 
805.373 281.0 
804.677 282.0 
796.901 283.0 
794.116 284.0 
792.607 285.0 
790.751 286.0 
790.286 287.0 
788.546 288.0 
787.617 289.0 
785.18 290.0 
783.556 291.0 
782.859 292.0 
781.931 293.0 
779.378 294.0 
779.378 295.0 
778.45 296.0 
779.262 297.0 
776.709 298.0 
775.548 299.0 
774.388 300.0 
773.576 301.0 
774.272 302.0 
771.603 303.0 
772.067 304.0 
777.405 305.0 
770.79 306.0 
770.79 307.0 
768.818 308.0 
769.514 309.0 
767.541 310.0 
768.353 311.0 
766.613 312.0 
767.193 313.0 
765.8 314.0 
766.613 315.0 
765.684 316.0 
766.265 317.0 
764.756 318.0 
765.568 319.0 
764.756 320.0 
763.015 321.0 
764.988 322.0 
763.944 323.0 
764.06 324.0 
763.595 325.0 
763.247 326.0 
763.131 327.0 
762.435 328.0 
763.828 329.0 
763.247 330.0 
762.203 331.0 
763.363 332.0 
763.363 333.0 
762.319 334.0 
764.988 335.0 
762.899 336.0 
762.783 337.0 
761.507 338.0 
763.015 339.0 
762.087 340.0 
762.087 341.0 
761.855 342.0 
760.114 343.0 
761.855 344.0 
761.739 345.0 
761.275 346.0 
760.81 347.0 
760.926 348.0 
761.623 349.0 
761.623 350.0 
761.159 351.0 
761.739 352.0 
761.042 353.0 
760.462 354.0 
760.346 355.0 
761.623 356.0 
761.971 357.0 
761.275 358.0 
762.319 359.0 
761.623 360.0 
761.623 361.0 
761.507 362.0 
761.623 363.0 
760.81 364.0 
760.578 365.0 
761.159 366.0 
761.159 367.0 
760.578 368.0 
760.81 369.0 
760.694 370.0 
761.159 371.0 
761.159 372.0 
761.275 373.0 
761.391 374.0 
761.391 375.0 
763.479 376.0 
760.462 377.0 
760.81 378.0 
760.578 379.0 
760.694 380.0 
761.275 381.0 
761.739 382.0 
760.81 383.0 
760.694 384.0 
760.346 385.0 
761.042 386.0 
760.346 387.0 
759.882 388.0 
760.926 389.0 
760.81 390.0 
760.578 391.0 
760.694 392.0 
761.159 393.0 
760.114 394.0 
760.926 395.0 
761.855 396.0 
760.23 397.0 
761.159 398.0 
759.534 399.0 
759.998 400.0 
761.507 401.0 
761.042 402.0 
761.739 403.0 
760.926 404.0 
760.346 405.0 
759.882 406.0 
760.81 407.0 
759.998 408.0 
760.23 409.0 
759.882 410.0 
760.462 411.0 
760.926 412.0 
763.247 413.0 
761.159 414.0 
760.346 415.0 
760.926 416.0 
760.346 417.0 
761.042 418.0 
760.694 419.0 
760.346 420.0 
760.346 421.0 
760.81 422.0 
761.275 423.0 
759.766 424.0 
759.998 425.0 
760.694 426.0 
760.578 427.0 
760.23 428.0 
760.346 429.0 
760.23 430.0 
760.694 431.0 
760.81 432.0 
761.042 433.0 
759.998 434.0 
760.346 435.0 
760.462 436.0 
760.926 437.0 
759.998 438.0 
759.65 439.0 
760.23 440.0 
760.462 441.0 
760.462 442.0 
760.462 443.0 
760.114 444.0 
759.882 445.0 
760.114 446.0 
760.926 447.0 
761.042 448.0 
763.247 449.0 
762.435 450.0 
760.462 451.0 
760.23 452.0 
759.882 453.0 
759.65 454.0 
760.81 455.0 
759.65 456.0 
760.114 457.0 
759.766 458.0 
761.042 459.0 
761.391 460.0 
760.578 461.0 
760.23 462.0 
761.042 463.0 
760.578 464.0 
760.462 465.0 
760.926 466.0 
760.578 467.0 
759.766 468.0 
760.346 469.0 
759.998 470.0 
759.998 471.0 
760.23 472.0 
759.766 473.0 
760.578 474.0 
761.507 475.0 
760.462 476.0 
759.65 477.0 
760.694 478.0 
759.418 479.0 
760.694 480.0 
761.159 481.0 
760.346 482.0 
760.694 483.0 
759.882 484.0 
760.114 485.0 
759.418 486.0 
759.302 487.0 
760.81 488.0 
759.534 489.0 
760.114 490.0 
760.346 491.0 
759.766 492.0 
759.998 493.0 
760.578 494.0 
759.418 495.0 
759.418 496.0 
760.114 497.0 
760.694 498.0 
758.954 499.0 
759.534 500.0 
759.882 501.0 
760.346 502.0 
759.07 503.0 
758.721 504.0 
758.954 505.0 
759.186 506.0 
757.445 507.0 
762.783 508.0 
758.489 509.0 
758.721 510.0 
759.07 511.0 
758.954 512.0 
759.07 513.0 
759.65 514.0 
759.882 515.0 
759.766 516.0 
759.766 517.0 
757.909 518.0 
758.141 519.0 
758.373 520.0 
758.489 521.0 
758.489 522.0 
758.489 523.0 
758.721 524.0 
758.373 525.0 
758.257 526.0 
758.605 527.0 
757.677 528.0 
758.141 529.0 
757.909 530.0 
757.793 531.0 
759.186 532.0 
761.971 533.0 
758.838 534.0 
759.418 535.0 
759.186 536.0 
758.954 537.0 
758.141 538.0 
758.489 539.0 
758.025 540.0 
759.07 541.0 
758.954 542.0 
759.07 543.0 
758.489 544.0 
758.141 545.0 
757.793 546.0 
759.302 547.0 
758.954 548.0 
758.489 549.0 
758.373 550.0 
757.329 551.0 
758.721 552.0 
758.838 553.0 
758.257 554.0 
758.257 555.0 
759.186 556.0 
758.605 557.0 
758.025 558.0 
753.267 559.0 
759.186 560.0 
758.489 561.0 
757.909 562.0 
758.838 563.0 
758.141 564.0 
757.329 565.0 
758.954 566.0 
758.257 567.0 
757.561 568.0 
758.489 569.0 
758.141 570.0 
758.721 571.0 
758.141 572.0 
757.445 573.0 
758.373 574.0 
757.909 575.0 
761.507 576.0 
758.373 577.0 
758.373 578.0 
759.302 579.0 
758.721 580.0 
759.882 581.0 
758.954 582.0 
759.534 583.0 
758.838 584.0 
755.24 585.0 
759.186 586.0 
758.257 587.0 
759.302 588.0 
758.141 589.0 
759.302 590.0 
758.025 591.0 
758.721 592.0 
758.025 593.0 
758.838 594.0 
758.489 595.0 
758.838 596.0 
758.257 597.0 
758.838 598.0 
758.141 599.0 
758.838 600.0 
759.882 601.0 
758.838 602.0 
759.534 603.0 
758.373 604.0 
759.186 605.0 
758.489 606.0 
758.605 607.0 
757.793 608.0 
758.373 609.0 
759.302 610.0 
758.721 611.0 
759.186 612.0 
758.141 613.0 
759.65 614.0 
758.025 615.0 
758.954 616.0 
759.302 617.0 
758.373 618.0 
758.954 619.0 
753.499 620.0 
758.721 621.0 
759.07 622.0 
758.141 623.0 
758.838 624.0 
759.418 625.0 
758.141 626.0 
758.954 627.0 
759.418 628.0 
758.025 629.0 
759.186 630.0 
759.882 631.0 
758.141 632.0 
759.07 633.0 
763.131 634.0 
758.257 635.0 
758.954 636.0 
759.766 637.0 
758.257 638.0 
758.721 639.0 
759.534 640.0 
758.257 641.0 
758.605 642.0 
759.186 643.0 
757.677 644.0 
758.373 645.0 
758.838 646.0 
759.302 647.0 
758.025 648.0 
758.489 649.0 
759.418 650.0 
757.445 651.0 
757.561 652.0 
759.07 653.0 
759.07 654.0 
757.793 655.0 
758.489 656.0 
758.605 657.0 
759.418 658.0 
758.257 659.0 
758.721 660.0 
759.418 661.0 
759.65 662.0 
757.909 663.0 
758.489 664.0 
759.07 665.0 
759.418 666.0 
757.793 667.0 
758.373 668.0 
759.186 669.0 
758.838 670.0 
758.141 671.0 
758.141 672.0 
758.838 673.0 
758.838 674.0 
759.302 675.0 
758.141 676.0 
758.721 677.0 
758.838 678.0 
759.186 679.0 
759.302 680.0 
758.025 681.0 
758.373 682.0 
758.838 683.0 
758.489 684.0 
759.07 685.0 
759.534 686.0 
758.025 687.0 
757.909 688.0 
758.721 689.0 
758.954 690.0 
758.838 691.0 
759.766 692.0 
757.909 693.0 
758.605 694.0 
758.605 695.0 
758.954 696.0 
759.07 697.0 
759.534 698.0 
757.329 699.0 
758.025 700.0 
758.257 701.0 
758.605 702.0 
759.07 703.0 
758.838 704.0 
758.838 705.0 
759.418 706.0 
757.793 707.0 
758.257 708.0 
758.373 709.0 
758.605 710.0 
758.605 711.0 
758.721 712.0 
759.418 713.0 
759.534 714.0 
757.445 715.0 
758.141 716.0 
758.141 717.0 
758.489 718.0 
758.605 719.0 
758.721 720.0 
758.954 721.0 
759.186 722.0 
759.534 723.0 
759.302 724.0 
759.534 725.0 
757.909 726.0 
757.909 727.0 
758.141 728.0 
758.141 729.0 
758.373 730.0 
758.721 731.0 
758.721 732.0 
758.838 733.0 
758.954 734.0 
759.302 735.0 
759.766 736.0 
759.418 737.0 
759.65 738.0 
757.329 739.0 
757.909 740.0 
757.909 741.0 
758.141 742.0 
758.025 743.0 
757.909 744.0 
757.909 745.0 
758.257 746.0 
758.373 747.0 
758.373 748.0 
758.141 749.0 
758.605 750.0 
758.257 751.0 
758.605 752.0 
758.489 753.0 
758.838 754.0 
758.838 755.0 
757.909 756.0 
758.721 757.0 
758.257 758.0 
758.721 759.0 
759.07 760.0 
758.954 761.0 
759.186 762.0 
759.186 763.0 
758.954 764.0 
758.605 765.0 
758.954 766.0 
759.186 767.0 
758.838 768.0 
758.838 769.0 
758.605 770.0 
759.07 771.0 
758.838 772.0 
758.954 773.0 
759.186 774.0 
759.186 775.0 
759.186 776.0 
759.07 777.0 
759.07 778.0 
758.838 779.0 
758.838 780.0 
759.07 781.0 
758.954 782.0 
758.954 783.0 
758.838 784.0 
758.721 785.0 
758.838 786.0 
758.838 787.0 
758.838 788.0 
758.605 789.0 
758.838 790.0 
758.721 791.0 
758.838 792.0 
758.954 793.0 
758.838 794.0 
758.257 795.0 
758.605 796.0 
758.721 797.0 
758.605 798.0 
758.605 799.0 
758.721 800.0 
758.605 801.0 
758.954 802.0 
758.489 803.0 
758.025 804.0 
0.105 805.0 
0.125 806.0 
0.129 807.0 
0.134 808.0 
0.137 809.0 
0.137 810.0 
0.138 811.0 
0.117 812.0 
0.109 813.0 
0.086 814.0 
0.066 815.0 
0.054 816.0 
0.035 817.0 
0.02 818.0 
-0.002 819.0 
-0.019 820.0 
-0.035 821.0 
-0.059 822.0 
-0.078 823.0 
-0.098 824.0 
-0.102 825.0 
-0.105 826.0 
-0.119 827.0 
-0.121 828.0 
-0.134 829.0 
