-0.034 257.0 
-0.043 258.0 
-0.024 259.0 
-0.018 260.0 
-0.018 261.0 
-0.036 262.0 
-0.037 263.0 
-0.034 264.0 
-0.018 265.0 
-0.035 266.0 
-0.048 267.0 
-0.046 268.0 
-0.018 269.0 
-0.034 270.0 
-0.025 271.0 
-0.037 272.0 
-0.034 273.0 
-0.022 274.0 
834.269 275.0 
828.118 276.0 
823.36 277.0 
816.513 278.0 
810.711 279.0 
805.721 280.0 
801.543 281.0 
797.83 282.0 
795.277 283.0 
791.099 284.0 
789.01 285.0 
787.269 286.0 
786.573 287.0 
785.18 288.0 
784.484 289.0 
783.324 290.0 
780.422 291.0 
779.61 292.0 
778.914 293.0 
779.146 294.0 
776.361 295.0 
776.245 296.0 
776.245 297.0 
773.576 298.0 
773.576 299.0 
773.692 300.0 
771.487 301.0 
771.371 302.0 
768.47 303.0 
769.862 304.0 
770.674 305.0 
768.818 306.0 
768.818 307.0 
767.077 308.0 
768.005 309.0 
766.265 310.0 
766.613 311.0 
764.988 312.0 
765.8 313.0 
764.408 314.0 
764.524 315.0 
764.408 316.0 
764.988 317.0 
763.363 318.0 
764.292 319.0 
763.479 320.0 
759.766 321.0 
762.899 322.0 
762.087 323.0 
762.899 324.0 
762.435 325.0 
763.247 326.0 
762.203 327.0 
761.275 328.0 
762.899 329.0 
762.087 330.0 
761.507 331.0 
762.087 332.0 
762.203 333.0 
761.507 334.0 
765.916 335.0 
761.855 336.0 
762.203 337.0 
760.81 338.0 
762.667 339.0 
761.391 340.0 
761.275 341.0 
760.578 342.0 
762.203 343.0 
761.042 344.0 
760.578 345.0 
760.462 346.0 
759.882 347.0 
761.623 348.0 
761.159 349.0 
760.462 350.0 
760.578 351.0 
761.507 352.0 
760.462 353.0 
756.749 354.0 
761.275 355.0 
760.578 356.0 
761.159 357.0 
760.694 358.0 
761.391 359.0 
760.81 360.0 
761.159 361.0 
760.23 362.0 
760.578 363.0 
759.65 364.0 
760.23 365.0 
760.462 366.0 
760.462 367.0 
759.998 368.0 
760.114 369.0 
760.114 370.0 
760.346 371.0 
760.694 372.0 
760.578 373.0 
761.042 374.0 
760.926 375.0 
761.275 376.0 
758.838 377.0 
759.998 378.0 
760.462 379.0 
760.462 380.0 
760.23 381.0 
761.042 382.0 
759.882 383.0 
760.23 384.0 
759.998 385.0 
760.694 386.0 
759.07 387.0 
759.302 388.0 
760.23 389.0 
760.23 390.0 
760.462 391.0 
760.114 392.0 
761.042 393.0 
759.534 394.0 
760.578 395.0 
761.275 396.0 
759.766 397.0 
760.346 398.0 
759.07 399.0 
759.534 400.0 
760.578 401.0 
759.998 402.0 
760.926 403.0 
760.462 404.0 
760.114 405.0 
759.418 406.0 
759.882 407.0 
759.766 408.0 
759.998 409.0 
759.186 410.0 
760.346 411.0 
760.81 412.0 
761.042 413.0 
760.694 414.0 
759.766 415.0 
760.462 416.0 
759.418 417.0 
761.739 418.0 
760.346 419.0 
759.882 420.0 
759.998 421.0 
760.462 422.0 
760.578 423.0 
759.65 424.0 
759.07 425.0 
760.346 426.0 
760.578 427.0 
759.882 428.0 
759.65 429.0 
759.534 430.0 
760.346 431.0 
760.578 432.0 
760.578 433.0 
759.65 434.0 
759.766 435.0 
760.114 436.0 
760.926 437.0 
759.534 438.0 
759.766 439.0 
760.346 440.0 
760.23 441.0 
759.418 442.0 
759.998 443.0 
759.998 444.0 
759.302 445.0 
759.65 446.0 
760.694 447.0 
760.694 448.0 
760.346 449.0 
762.899 450.0 
759.65 451.0 
759.882 452.0 
759.534 453.0 
759.302 454.0 
760.578 455.0 
760.114 456.0 
759.65 457.0 
759.766 458.0 
760.578 459.0 
761.042 460.0 
759.998 461.0 
759.418 462.0 
761.042 463.0 
760.462 464.0 
759.998 465.0 
760.346 466.0 
760.346 467.0 
759.418 468.0 
760.23 469.0 
759.882 470.0 
759.534 471.0 
760.23 472.0 
760.694 473.0 
760.23 474.0 
761.042 475.0 
760.114 476.0 
759.766 477.0 
759.998 478.0 
759.186 479.0 
760.114 480.0 
760.81 481.0 
759.766 482.0 
760.462 483.0 
759.418 484.0 
760.346 485.0 
759.302 486.0 
759.07 487.0 
760.114 488.0 
759.65 489.0 
759.766 490.0 
759.998 491.0 
760.23 492.0 
759.882 493.0 
760.346 494.0 
759.65 495.0 
759.534 496.0 
760.23 497.0 
760.23 498.0 
759.07 499.0 
759.186 500.0 
759.882 501.0 
759.766 502.0 
758.605 503.0 
758.721 504.0 
758.721 505.0 
759.302 506.0 
756.052 507.0 
759.534 508.0 
758.605 509.0 
758.141 510.0 
758.721 511.0 
759.07 512.0 
758.954 513.0 
759.302 514.0 
759.65 515.0 
759.766 516.0 
759.65 517.0 
758.373 518.0 
758.373 519.0 
758.257 520.0 
758.489 521.0 
758.141 522.0 
758.489 523.0 
758.257 524.0 
758.141 525.0 
758.025 526.0 
758.141 527.0 
757.677 528.0 
757.909 529.0 
757.213 530.0 
757.793 531.0 
759.418 532.0 
759.186 533.0 
758.721 534.0 
759.302 535.0 
759.186 536.0 
758.721 537.0 
758.141 538.0 
758.257 539.0 
758.489 540.0 
759.418 541.0 
759.302 542.0 
758.721 543.0 
758.489 544.0 
758.257 545.0 
757.677 546.0 
759.418 547.0 
758.838 548.0 
758.373 549.0 
758.141 550.0 
759.534 551.0 
759.418 552.0 
758.489 553.0 
758.141 554.0 
758.141 555.0 
759.07 556.0 
758.721 557.0 
758.141 558.0 
755.124 559.0 
758.954 560.0 
758.373 561.0 
757.329 562.0 
758.838 563.0 
758.141 564.0 
757.097 565.0 
758.721 566.0 
758.141 567.0 
757.561 568.0 
758.489 569.0 
757.793 570.0 
759.186 571.0 
758.257 572.0 
757.677 573.0 
758.373 574.0 
757.909 575.0 
759.302 576.0 
758.373 577.0 
758.373 578.0 
759.07 579.0 
758.721 580.0 
759.418 581.0 
758.605 582.0 
759.418 583.0 
758.838 584.0 
759.766 585.0 
759.07 586.0 
758.141 587.0 
758.838 588.0 
757.909 589.0 
759.186 590.0 
758.025 591.0 
759.186 592.0 
758.373 593.0 
758.838 594.0 
758.373 595.0 
759.07 596.0 
758.025 597.0 
758.721 598.0 
758.257 599.0 
759.186 600.0 
759.418 601.0 
758.489 602.0 
759.534 603.0 
758.721 604.0 
759.418 605.0 
758.373 606.0 
758.721 607.0 
758.025 608.0 
758.489 609.0 
759.186 610.0 
758.373 611.0 
759.418 612.0 
758.489 613.0 
759.07 614.0 
758.141 615.0 
758.721 616.0 
759.418 617.0 
758.141 618.0 
759.186 619.0 
754.196 620.0 
758.721 621.0 
758.489 622.0 
757.793 623.0 
758.489 624.0 
759.302 625.0 
757.909 626.0 
758.838 627.0 
759.186 628.0 
758.257 629.0 
758.721 630.0 
759.07 631.0 
757.909 632.0 
759.186 633.0 
759.766 634.0 
758.257 635.0 
758.954 636.0 
759.186 637.0 
758.141 638.0 
758.954 639.0 
759.418 640.0 
758.141 641.0 
758.489 642.0 
758.838 643.0 
757.909 644.0 
758.489 645.0 
758.373 646.0 
759.302 647.0 
758.025 648.0 
757.909 649.0 
759.186 650.0 
757.793 651.0 
758.141 652.0 
758.838 653.0 
759.07 654.0 
757.793 655.0 
758.257 656.0 
758.489 657.0 
759.07 658.0 
758.257 659.0 
758.838 660.0 
759.186 661.0 
759.534 662.0 
757.561 663.0 
758.721 664.0 
759.07 665.0 
759.418 666.0 
758.141 667.0 
758.489 668.0 
758.838 669.0 
759.07 670.0 
758.141 671.0 
758.489 672.0 
758.721 673.0 
758.954 674.0 
759.302 675.0 
758.141 676.0 
758.373 677.0 
758.721 678.0 
758.838 679.0 
759.534 680.0 
757.909 681.0 
758.141 682.0 
758.489 683.0 
759.07 684.0 
759.07 685.0 
759.302 686.0 
757.793 687.0 
758.141 688.0 
758.605 689.0 
758.489 690.0 
759.07 691.0 
759.882 692.0 
758.141 693.0 
758.141 694.0 
758.373 695.0 
758.721 696.0 
758.838 697.0 
759.07 698.0 
756.168 699.0 
758.025 700.0 
758.257 701.0 
758.605 702.0 
758.605 703.0 
758.373 704.0 
759.07 705.0 
759.65 706.0 
757.909 707.0 
758.141 708.0 
758.257 709.0 
758.605 710.0 
758.605 711.0 
758.838 712.0 
759.418 713.0 
759.534 714.0 
759.534 715.0 
757.677 716.0 
758.373 717.0 
758.373 718.0 
758.721 719.0 
758.373 720.0 
758.838 721.0 
758.838 722.0 
758.954 723.0 
759.302 724.0 
759.418 725.0 
757.909 726.0 
757.793 727.0 
758.025 728.0 
758.373 729.0 
758.257 730.0 
758.605 731.0 
758.721 732.0 
758.838 733.0 
759.07 734.0 
759.186 735.0 
759.418 736.0 
759.65 737.0 
759.302 738.0 
753.964 739.0 
757.793 740.0 
757.909 741.0 
757.445 742.0 
757.677 743.0 
757.909 744.0 
758.373 745.0 
758.257 746.0 
758.141 747.0 
758.489 748.0 
758.257 749.0 
758.025 750.0 
758.489 751.0 
758.489 752.0 
758.954 753.0 
758.721 754.0 
758.721 755.0 
758.605 756.0 
758.838 757.0 
758.721 758.0 
758.838 759.0 
759.07 760.0 
758.838 761.0 
758.605 762.0 
758.605 763.0 
758.954 764.0 
759.07 765.0 
758.954 766.0 
759.07 767.0 
758.605 768.0 
758.838 769.0 
758.838 770.0 
758.838 771.0 
759.07 772.0 
758.954 773.0 
759.302 774.0 
758.954 775.0 
759.186 776.0 
758.838 777.0 
758.721 778.0 
758.721 779.0 
759.07 780.0 
758.721 781.0 
758.605 782.0 
758.605 783.0 
758.489 784.0 
758.605 785.0 
758.721 786.0 
758.721 787.0 
758.838 788.0 
758.257 789.0 
758.605 790.0 
758.838 791.0 
758.838 792.0 
758.721 793.0 
758.721 794.0 
758.721 795.0 
758.257 796.0 
758.605 797.0 
758.721 798.0 
758.721 799.0 
758.605 800.0 
758.257 801.0 
758.025 802.0 
758.605 803.0 
758.373 804.0 
0.107 805.0 
0.114 806.0 
0.127 807.0 
0.121 808.0 
0.131 809.0 
0.116 810.0 
0.102 811.0 
0.071 812.0 
0.048 813.0 
0.029 814.0 
-0.011 815.0 
-0.03 816.0 
-0.06 817.0 
-0.08 818.0 
-0.095 819.0 
-0.126 820.0 
-0.151 821.0 
-0.162 822.0 
-0.171 823.0 
-0.196 824.0 
-0.191 825.0 
-0.193 826.0 
-0.198 827.0 
-0.194 828.0 
-0.18 829.0 
