-0.041 257.0 
-0.034 258.0 
-0.048 259.0 
-0.042 260.0 
-0.012 261.0 
-0.012 262.0 
-0.028 263.0 
-0.018 264.0 
-0.012 265.0 
-0.032 266.0 
-0.037 267.0 
-0.017 268.0 
-0.02 269.0 
-0.02 270.0 
-0.012 271.0 
-0.017 272.0 
-0.032 273.0 
-0.04 274.0 
146.93 275.0 
144.208 276.0 
143.145 277.0 
141.826 278.0 
140.132 279.0 
138.076 280.0 
136.348 281.0 
133.953 282.0 
130.543 283.0 
129.13 284.0 
128.779 285.0 
128.394 286.0 
128.301 287.0 
128.055 288.0 
127.787 289.0 
127.156 290.0 
127.074 291.0 
126.911 292.0 
126.7 293.0 
126.584 294.0 
126.035 295.0 
125.906 296.0 
125.871 297.0 
125.369 298.0 
125.147 299.0 
125.1 300.0 
124.575 301.0 
124.528 302.0 
124.037 303.0 
124.002 304.0 
123.862 305.0 
123.243 306.0 
121.994 307.0 
119.704 308.0 
116.971 309.0 
113.117 310.0 
109.333 311.0 
105.21 312.0 
101.251 313.0 
96.824 314.0 
92.748 315.0 
88.835 316.0 
85.144 317.0 
82.154 318.0 
82.003 319.0 
81.769 320.0 
81.629 321.0 
81.617 322.0 
81.489 323.0 
81.559 324.0 
81.512 325.0 
81.419 326.0 
81.512 327.0 
81.43 328.0 
81.605 329.0 
81.512 330.0 
81.465 331.0 
81.711 332.0 
81.547 333.0 
81.43 334.0 
81.547 335.0 
81.535 336.0 
81.512 337.0 
81.395 338.0 
81.547 339.0 
81.477 340.0 
81.477 341.0 
81.43 342.0 
81.489 343.0 
81.477 344.0 
81.442 345.0 
81.419 346.0 
81.384 347.0 
81.5 348.0 
81.5 349.0 
81.5 350.0 
81.43 351.0 
81.465 352.0 
81.454 353.0 
81.348 354.0 
81.524 355.0 
81.465 356.0 
81.524 357.0 
81.465 358.0 
81.535 359.0 
81.477 360.0 
81.535 361.0 
81.442 362.0 
81.489 363.0 
81.407 364.0 
81.454 365.0 
81.454 366.0 
81.489 367.0 
81.454 368.0 
81.477 369.0 
81.512 370.0 
81.477 371.0 
81.5 372.0 
81.524 373.0 
81.5 374.0 
81.512 375.0 
81.652 376.0 
81.395 377.0 
81.465 378.0 
81.442 379.0 
81.442 380.0 
81.5 381.0 
81.559 382.0 
81.442 383.0 
81.465 384.0 
81.442 385.0 
81.535 386.0 
81.384 387.0 
81.384 388.0 
81.465 389.0 
81.512 390.0 
81.442 391.0 
81.43 392.0 
81.535 393.0 
81.36 394.0 
81.454 395.0 
81.57 396.0 
81.36 397.0 
81.477 398.0 
81.36 399.0 
81.384 400.0 
81.535 401.0 
81.489 402.0 
81.559 403.0 
81.512 404.0 
81.454 405.0 
81.384 406.0 
81.465 407.0 
81.407 408.0 
81.465 409.0 
81.395 410.0 
81.465 411.0 
81.512 412.0 
81.792 413.0 
81.5 414.0 
81.407 415.0 
81.5 416.0 
81.395 417.0 
81.512 418.0 
81.454 419.0 
81.395 420.0 
81.419 421.0 
81.43 422.0 
81.512 423.0 
81.395 424.0 
81.419 425.0 
81.5 426.0 
81.5 427.0 
81.395 428.0 
81.43 429.0 
81.395 430.0 
81.489 431.0 
81.489 432.0 
81.512 433.0 
81.395 434.0 
81.384 435.0 
81.454 436.0 
81.477 437.0 
81.407 438.0 
81.395 439.0 
81.395 440.0 
81.43 441.0 
81.384 442.0 
81.419 443.0 
81.407 444.0 
81.419 445.0 
81.395 446.0 
81.5 447.0 
81.512 448.0 
81.489 449.0 
81.839 450.0 
81.489 451.0 
81.419 452.0 
81.419 453.0 
81.337 454.0 
81.489 455.0 
81.454 456.0 
81.43 457.0 
81.36 458.0 
81.454 459.0 
81.489 460.0 
81.419 461.0 
81.395 462.0 
81.489 463.0 
81.465 464.0 
81.454 465.0 
81.512 466.0 
81.454 467.0 
81.384 468.0 
81.477 469.0 
81.442 470.0 
81.395 471.0 
81.407 472.0 
81.29 473.0 
81.43 474.0 
81.524 475.0 
81.454 476.0 
81.337 477.0 
81.419 478.0 
81.36 479.0 
81.43 480.0 
81.512 481.0 
81.43 482.0 
81.477 483.0 
81.419 484.0 
81.477 485.0 
81.348 486.0 
81.36 487.0 
81.477 488.0 
81.43 489.0 
81.442 490.0 
81.512 491.0 
81.442 492.0 
81.43 493.0 
81.477 494.0 
81.384 495.0 
81.337 496.0 
81.454 497.0 
81.454 498.0 
81.325 499.0 
81.407 500.0 
81.43 501.0 
81.419 502.0 
81.348 503.0 
81.372 504.0 
81.419 505.0 
81.43 506.0 
81.372 507.0 
81.489 508.0 
81.348 509.0 
81.337 510.0 
81.395 511.0 
81.43 512.0 
81.419 513.0 
81.407 514.0 
81.43 515.0 
81.442 516.0 
81.454 517.0 
81.255 518.0 
81.313 519.0 
81.302 520.0 
81.313 521.0 
81.313 522.0 
81.302 523.0 
81.313 524.0 
81.348 525.0 
81.313 526.0 
81.325 527.0 
81.278 528.0 
81.243 529.0 
81.243 530.0 
81.232 531.0 
81.372 532.0 
81.384 533.0 
81.278 534.0 
81.29 535.0 
81.313 536.0 
81.208 537.0 
81.162 538.0 
81.138 539.0 
81.08 540.0 
81.255 541.0 
81.127 542.0 
81.115 543.0 
81.092 544.0 
81.021 545.0 
81.01 546.0 
81.103 547.0 
81.033 548.0 
80.963 549.0 
80.951 550.0 
80.951 551.0 
81.021 552.0 
80.951 553.0 
80.905 554.0 
80.916 555.0 
81.045 556.0 
80.975 557.0 
80.916 558.0 
80.613 559.0 
80.975 560.0 
80.928 561.0 
80.846 562.0 
80.986 563.0 
80.87 564.0 
80.858 565.0 
80.986 566.0 
80.951 567.0 
80.87 568.0 
80.881 569.0 
80.916 570.0 
81.033 571.0 
80.94 572.0 
80.881 573.0 
80.975 574.0 
80.858 575.0 
81.021 576.0 
80.916 577.0 
80.928 578.0 
80.975 579.0 
80.951 580.0 
81.033 581.0 
80.975 582.0 
80.998 583.0 
80.998 584.0 
80.461 585.0 
80.998 586.0 
80.905 587.0 
80.998 588.0 
80.928 589.0 
81.033 590.0 
80.905 591.0 
81.01 592.0 
80.94 593.0 
80.963 594.0 
80.94 595.0 
80.94 596.0 
80.905 597.0 
80.963 598.0 
80.905 599.0 
80.951 600.0 
81.068 601.0 
80.928 602.0 
81.057 603.0 
80.94 604.0 
81.021 605.0 
80.916 606.0 
81.01 607.0 
80.905 608.0 
80.975 609.0 
81.045 610.0 
80.951 611.0 
81.057 612.0 
80.916 613.0 
80.998 614.0 
80.881 615.0 
80.928 616.0 
81.045 617.0 
80.87 618.0 
80.986 619.0 
80.788 620.0 
80.963 621.0 
80.998 622.0 
80.928 623.0 
80.963 624.0 
81.068 625.0 
80.94 626.0 
81.01 627.0 
81.068 628.0 
80.951 629.0 
81.01 630.0 
81.068 631.0 
80.905 632.0 
81.01 633.0 
81.29 634.0 
80.928 635.0 
80.986 636.0 
81.057 637.0 
80.928 638.0 
80.986 639.0 
81.057 640.0 
80.928 641.0 
80.893 642.0 
81.01 643.0 
80.87 644.0 
80.858 645.0 
81.01 646.0 
81.092 647.0 
80.893 648.0 
80.951 649.0 
81.01 650.0 
80.858 651.0 
80.893 652.0 
80.975 653.0 
81.033 654.0 
80.87 655.0 
80.881 656.0 
80.986 657.0 
81.033 658.0 
80.928 659.0 
80.94 660.0 
81.021 661.0 
80.975 662.0 
80.87 663.0 
80.986 664.0 
81.045 665.0 
81.057 666.0 
80.928 667.0 
80.951 668.0 
80.975 669.0 
81.045 670.0 
80.881 671.0 
80.94 672.0 
80.975 673.0 
81.01 674.0 
80.986 675.0 
80.928 676.0 
80.916 677.0 
80.928 678.0 
81.01 679.0 
81.021 680.0 
80.893 681.0 
80.905 682.0 
80.963 683.0 
80.998 684.0 
80.951 685.0 
81.045 686.0 
80.835 687.0 
80.928 688.0 
80.975 689.0 
80.975 690.0 
80.986 691.0 
81.08 692.0 
80.905 693.0 
80.928 694.0 
80.951 695.0 
80.975 696.0 
80.928 697.0 
80.998 698.0 
80.811 699.0 
80.916 700.0 
80.928 701.0 
80.963 702.0 
80.998 703.0 
81.01 704.0 
81.045 705.0 
81.033 706.0 
80.87 707.0 
80.905 708.0 
80.94 709.0 
80.916 710.0 
80.986 711.0 
80.986 712.0 
80.998 713.0 
81.057 714.0 
80.846 715.0 
80.87 716.0 
80.835 717.0 
80.893 718.0 
80.94 719.0 
80.94 720.0 
80.986 721.0 
80.94 722.0 
80.998 723.0 
81.021 724.0 
81.057 725.0 
80.835 726.0 
80.916 727.0 
80.905 728.0 
80.928 729.0 
80.928 730.0 
80.94 731.0 
80.951 732.0 
80.986 733.0 
80.951 734.0 
80.986 735.0 
81.021 736.0 
81.021 737.0 
81.057 738.0 
80.835 739.0 
80.858 740.0 
80.858 741.0 
80.858 742.0 
80.87 743.0 
80.905 744.0 
80.916 745.0 
80.916 746.0 
80.928 747.0 
80.916 748.0 
80.951 749.0 
80.963 750.0 
80.916 751.0 
80.963 752.0 
80.94 753.0 
80.905 754.0 
80.963 755.0 
80.94 756.0 
80.94 757.0 
80.975 758.0 
80.951 759.0 
80.94 760.0 
80.951 761.0 
80.975 762.0 
80.963 763.0 
80.986 764.0 
80.975 765.0 
80.998 766.0 
80.986 767.0 
80.998 768.0 
80.986 769.0 
80.963 770.0 
80.998 771.0 
81.01 772.0 
81.01 773.0 
80.998 774.0 
80.986 775.0 
80.986 776.0 
80.951 777.0 
80.975 778.0 
80.986 779.0 
80.986 780.0 
80.975 781.0 
80.916 782.0 
80.94 783.0 
80.951 784.0 
80.975 785.0 
80.951 786.0 
80.963 787.0 
80.951 788.0 
80.94 789.0 
80.986 790.0 
80.975 791.0 
80.986 792.0 
80.94 793.0 
80.963 794.0 
80.94 795.0 
80.94 796.0 
80.94 797.0 
80.928 798.0 
80.94 799.0 
80.905 800.0 
80.951 801.0 
80.951 802.0 
80.928 803.0 
80.975 804.0 
0.011 805.0 
0.01 806.0 
0.017 807.0 
0.006 808.0 
0.012 809.0 
0.012 810.0 
0.014 811.0 
0.005 812.0 
0.005 813.0 
0.008 814.0 
0.002 815.0 
0.007 816.0 
0.0 817.0 
0.0 818.0 
-0.01 819.0 
0.001 820.0 
-0.005 821.0 
-0.007 822.0 
-0.001 823.0 
-0.005 824.0 
-0.006 825.0 
-0.008 826.0 
-0.016 827.0 
-0.02 828.0 
-0.019 829.0 
