-0.066 257.0 
-0.047 258.0 
-0.075 259.0 
-0.043 260.0 
-0.054 261.0 
-0.056 262.0 
-0.041 263.0 
-0.059 264.0 
-0.04 265.0 
-0.064 266.0 
-0.049 267.0 
-0.032 268.0 
-0.04 269.0 
-0.037 270.0 
-0.042 271.0 
-0.068 272.0 
-0.046 273.0 
-0.032 274.0 
134.129 275.0 
131.454 276.0 
130.566 277.0 
129.305 278.0 
127.892 279.0 
126.175 280.0 
124.703 281.0 
122.834 282.0 
119.996 283.0 
118.63 284.0 
118.303 285.0 
117.987 286.0 
117.836 287.0 
117.579 288.0 
117.38 289.0 
116.843 290.0 
116.633 291.0 
116.364 292.0 
116.154 293.0 
116.119 294.0 
115.64 295.0 
115.511 296.0 
115.43 297.0 
114.974 298.0 
114.834 299.0 
114.764 300.0 
114.262 301.0 
114.133 302.0 
113.608 303.0 
113.514 304.0 
113.327 305.0 
112.626 306.0 
111.447 307.0 
109.263 308.0 
106.962 309.0 
103.703 310.0 
100.304 311.0 
96.427 312.0 
92.9 313.0 
88.952 314.0 
85.191 315.0 
81.407 316.0 
78.008 317.0 
75.182 318.0 
75.03 319.0 
74.82 320.0 
74.703 321.0 
74.738 322.0 
74.621 323.0 
74.691 324.0 
74.609 325.0 
74.528 326.0 
74.609 327.0 
74.563 328.0 
74.714 329.0 
74.633 330.0 
74.539 331.0 
74.808 332.0 
74.644 333.0 
74.551 334.0 
74.598 335.0 
74.609 336.0 
74.621 337.0 
74.504 338.0 
74.761 339.0 
74.586 340.0 
74.574 341.0 
74.563 342.0 
74.633 343.0 
74.586 344.0 
74.574 345.0 
74.539 346.0 
74.516 347.0 
74.516 348.0 
74.621 349.0 
74.621 350.0 
74.551 351.0 
74.563 352.0 
74.563 353.0 
74.504 354.0 
74.644 355.0 
74.609 356.0 
74.609 357.0 
74.598 358.0 
74.621 359.0 
74.574 360.0 
74.609 361.0 
74.528 362.0 
74.609 363.0 
74.539 364.0 
74.539 365.0 
74.586 366.0 
74.574 367.0 
74.539 368.0 
74.528 369.0 
74.574 370.0 
74.574 371.0 
74.598 372.0 
74.574 373.0 
74.656 374.0 
74.598 375.0 
74.96 376.0 
74.516 377.0 
74.551 378.0 
74.586 379.0 
74.563 380.0 
74.574 381.0 
74.644 382.0 
74.586 383.0 
74.574 384.0 
74.551 385.0 
74.668 386.0 
74.528 387.0 
74.528 388.0 
74.586 389.0 
74.609 390.0 
74.586 391.0 
74.551 392.0 
74.644 393.0 
74.469 394.0 
74.621 395.0 
74.644 396.0 
74.481 397.0 
74.609 398.0 
74.493 399.0 
74.469 400.0 
74.598 401.0 
74.574 402.0 
74.691 403.0 
74.586 404.0 
74.551 405.0 
74.504 406.0 
74.574 407.0 
74.539 408.0 
74.551 409.0 
74.516 410.0 
74.586 411.0 
74.574 412.0 
74.96 413.0 
74.586 414.0 
74.551 415.0 
74.598 416.0 
74.493 417.0 
74.621 418.0 
74.574 419.0 
74.539 420.0 
74.586 421.0 
74.551 422.0 
74.633 423.0 
74.539 424.0 
74.551 425.0 
74.586 426.0 
74.609 427.0 
74.574 428.0 
74.574 429.0 
74.551 430.0 
74.563 431.0 
74.563 432.0 
74.621 433.0 
74.528 434.0 
74.528 435.0 
74.563 436.0 
74.598 437.0 
74.504 438.0 
74.504 439.0 
74.528 440.0 
74.551 441.0 
74.528 442.0 
74.563 443.0 
74.539 444.0 
74.504 445.0 
74.493 446.0 
74.621 447.0 
74.609 448.0 
74.586 449.0 
74.913 450.0 
74.539 451.0 
74.528 452.0 
74.516 453.0 
74.469 454.0 
74.574 455.0 
74.422 456.0 
74.516 457.0 
74.504 458.0 
74.586 459.0 
74.598 460.0 
74.551 461.0 
74.493 462.0 
74.656 463.0 
74.574 464.0 
74.563 465.0 
74.598 466.0 
74.586 467.0 
74.481 468.0 
74.598 469.0 
74.551 470.0 
74.539 471.0 
74.539 472.0 
74.621 473.0 
74.563 474.0 
74.598 475.0 
74.539 476.0 
74.481 477.0 
74.551 478.0 
74.469 479.0 
74.563 480.0 
74.609 481.0 
74.539 482.0 
74.621 483.0 
74.493 484.0 
74.574 485.0 
74.481 486.0 
74.516 487.0 
74.609 488.0 
74.551 489.0 
74.528 490.0 
74.598 491.0 
74.574 492.0 
74.539 493.0 
74.586 494.0 
74.504 495.0 
74.504 496.0 
74.551 497.0 
74.598 498.0 
74.481 499.0 
74.458 500.0 
74.563 501.0 
74.574 502.0 
74.493 503.0 
74.481 504.0 
74.528 505.0 
74.551 506.0 
74.481 507.0 
74.668 508.0 
74.493 509.0 
74.504 510.0 
74.481 511.0 
74.516 512.0 
74.528 513.0 
74.528 514.0 
74.539 515.0 
74.551 516.0 
74.831 517.0 
74.411 518.0 
74.411 519.0 
74.446 520.0 
74.458 521.0 
74.434 522.0 
74.481 523.0 
74.458 524.0 
74.434 525.0 
74.446 526.0 
74.446 527.0 
74.364 528.0 
74.422 529.0 
74.387 530.0 
74.387 531.0 
74.528 532.0 
74.469 533.0 
74.446 534.0 
74.469 535.0 
74.399 536.0 
74.387 537.0 
74.341 538.0 
74.306 539.0 
74.271 540.0 
74.387 541.0 
74.306 542.0 
74.282 543.0 
74.236 544.0 
74.201 545.0 
74.177 546.0 
74.282 547.0 
74.224 548.0 
74.224 549.0 
74.142 550.0 
74.049 551.0 
74.201 552.0 
74.166 553.0 
74.095 554.0 
74.107 555.0 
74.224 556.0 
74.142 557.0 
74.13 558.0 
73.71 559.0 
74.154 560.0 
74.142 561.0 
74.072 562.0 
74.201 563.0 
74.13 564.0 
74.002 565.0 
74.177 566.0 
74.201 567.0 
74.06 568.0 
74.189 569.0 
74.107 570.0 
74.166 571.0 
74.142 572.0 
74.072 573.0 
74.13 574.0 
74.095 575.0 
74.201 576.0 
74.119 577.0 
74.107 578.0 
74.212 579.0 
74.13 580.0 
74.236 581.0 
74.154 582.0 
74.236 583.0 
74.212 584.0 
74.282 585.0 
74.189 586.0 
74.084 587.0 
74.201 588.0 
74.154 589.0 
74.212 590.0 
74.107 591.0 
74.177 592.0 
74.13 593.0 
74.119 594.0 
74.107 595.0 
74.154 596.0 
74.095 597.0 
74.201 598.0 
74.119 599.0 
74.201 600.0 
74.271 601.0 
74.142 602.0 
74.247 603.0 
74.166 604.0 
74.247 605.0 
74.107 606.0 
74.177 607.0 
74.095 608.0 
74.166 609.0 
74.259 610.0 
74.142 611.0 
74.212 612.0 
74.13 613.0 
74.177 614.0 
74.06 615.0 
74.142 616.0 
74.212 617.0 
74.095 618.0 
74.166 619.0 
73.874 620.0 
74.119 621.0 
74.177 622.0 
74.119 623.0 
74.142 624.0 
74.236 625.0 
74.107 626.0 
74.154 627.0 
74.259 628.0 
74.107 629.0 
74.189 630.0 
74.259 631.0 
74.084 632.0 
74.166 633.0 
74.247 634.0 
74.142 635.0 
74.212 636.0 
74.224 637.0 
74.142 638.0 
74.189 639.0 
74.212 640.0 
74.107 641.0 
74.154 642.0 
74.201 643.0 
74.107 644.0 
74.13 645.0 
74.177 646.0 
74.224 647.0 
74.119 648.0 
74.119 649.0 
74.189 650.0 
74.06 651.0 
74.107 652.0 
74.177 653.0 
74.201 654.0 
74.084 655.0 
74.13 656.0 
74.166 657.0 
74.189 658.0 
74.119 659.0 
74.142 660.0 
74.201 661.0 
74.247 662.0 
74.107 663.0 
74.154 664.0 
74.236 665.0 
74.259 666.0 
74.107 667.0 
74.154 668.0 
74.189 669.0 
74.247 670.0 
74.072 671.0 
74.13 672.0 
74.142 673.0 
74.189 674.0 
74.236 675.0 
74.084 676.0 
74.107 677.0 
74.166 678.0 
74.177 679.0 
74.201 680.0 
74.06 681.0 
74.13 682.0 
74.142 683.0 
74.189 684.0 
74.224 685.0 
74.259 686.0 
74.084 687.0 
74.166 688.0 
74.154 689.0 
74.189 690.0 
74.224 691.0 
74.212 692.0 
74.084 693.0 
74.095 694.0 
74.142 695.0 
74.177 696.0 
74.177 697.0 
74.212 698.0 
73.944 699.0 
74.072 700.0 
74.107 701.0 
74.154 702.0 
74.154 703.0 
74.166 704.0 
74.189 705.0 
74.224 706.0 
74.084 707.0 
74.13 708.0 
74.142 709.0 
74.166 710.0 
74.154 711.0 
74.201 712.0 
74.189 713.0 
74.224 714.0 
74.236 715.0 
74.06 716.0 
74.072 717.0 
74.119 718.0 
74.142 719.0 
74.166 720.0 
74.177 721.0 
74.212 722.0 
74.224 723.0 
74.212 724.0 
74.247 725.0 
74.072 726.0 
74.107 727.0 
74.119 728.0 
74.107 729.0 
74.154 730.0 
74.154 731.0 
74.177 732.0 
74.177 733.0 
74.177 734.0 
74.177 735.0 
74.201 736.0 
74.224 737.0 
74.212 738.0 
73.979 739.0 
74.037 740.0 
74.084 741.0 
74.095 742.0 
74.084 743.0 
74.049 744.0 
74.107 745.0 
74.095 746.0 
74.13 747.0 
74.119 748.0 
74.13 749.0 
74.166 750.0 
74.13 751.0 
74.13 752.0 
74.142 753.0 
74.154 754.0 
74.154 755.0 
74.177 756.0 
74.154 757.0 
74.166 758.0 
74.154 759.0 
74.166 760.0 
74.189 761.0 
74.154 762.0 
74.154 763.0 
74.154 764.0 
74.154 765.0 
74.154 766.0 
74.154 767.0 
74.189 768.0 
74.166 769.0 
74.177 770.0 
74.177 771.0 
74.154 772.0 
74.189 773.0 
74.201 774.0 
74.177 775.0 
74.166 776.0 
74.177 777.0 
74.166 778.0 
74.154 779.0 
74.177 780.0 
74.177 781.0 
74.166 782.0 
74.166 783.0 
74.177 784.0 
74.166 785.0 
74.177 786.0 
74.154 787.0 
74.142 788.0 
74.189 789.0 
74.177 790.0 
74.177 791.0 
74.13 792.0 
74.166 793.0 
74.142 794.0 
74.177 795.0 
74.166 796.0 
74.177 797.0 
74.154 798.0 
74.154 799.0 
74.177 800.0 
74.154 801.0 
74.189 802.0 
74.177 803.0 
74.166 804.0 
-0.008 805.0 
0.0 806.0 
-0.007 807.0 
0.0 808.0 
0.001 809.0 
0.0 810.0 
0.0 811.0 
0.001 812.0 
0.004 813.0 
0.001 814.0 
-0.004 815.0 
0.0 816.0 
-0.007 817.0 
-0.002 818.0 
-0.007 819.0 
-0.016 820.0 
-0.016 821.0 
-0.013 822.0 
-0.01 823.0 
-0.022 824.0 
-0.02 825.0 
-0.019 826.0 
-0.024 827.0 
-0.024 828.0 
-0.017 829.0 
