-0.044 257.0 
-0.04 258.0 
-0.04 259.0 
-0.059 260.0 
-0.069 261.0 
-0.042 262.0 
-0.055 263.0 
-0.055 264.0 
-0.048 265.0 
-0.093 266.0 
-0.049 267.0 
-0.062 268.0 
-0.046 269.0 
-0.035 270.0 
-0.044 271.0 
-0.023 272.0 
-0.046 273.0 
-0.035 274.0 
141.323 275.0 
137.819 276.0 
136.733 277.0 
135.262 278.0 
133.673 279.0 
131.746 280.0 
130.181 281.0 
127.74 282.0 
125.077 283.0 
123.874 284.0 
123.465 285.0 
123.173 286.0 
122.94 287.0 
122.554 288.0 
122.286 289.0 
121.608 290.0 
121.468 291.0 
121.269 292.0 
121.012 293.0 
120.697 294.0 
120.37 295.0 
120.207 296.0 
120.125 297.0 
119.634 298.0 
119.401 299.0 
119.12 300.0 
118.817 301.0 
118.723 302.0 
118.186 303.0 
118.104 304.0 
118.163 305.0 
117.333 306.0 
116.142 307.0 
113.97 308.0 
111.435 309.0 
108.001 310.0 
104.836 311.0 
100.76 312.0 
96.882 313.0 
92.666 314.0 
89.045 315.0 
85.249 316.0 
81.827 317.0 
78.814 318.0 
78.697 319.0 
78.464 320.0 
78.323 321.0 
78.323 322.0 
78.253 323.0 
78.253 324.0 
78.242 325.0 
78.125 326.0 
78.242 327.0 
78.16 328.0 
78.323 329.0 
78.288 330.0 
78.16 331.0 
78.3 332.0 
78.242 333.0 
78.16 334.0 
78.102 335.0 
78.242 336.0 
78.23 337.0 
78.148 338.0 
78.323 339.0 
78.172 340.0 
78.16 341.0 
78.16 342.0 
78.195 343.0 
78.207 344.0 
78.16 345.0 
78.137 346.0 
78.125 347.0 
78.148 348.0 
78.218 349.0 
78.218 350.0 
78.172 351.0 
78.195 352.0 
78.148 353.0 
78.125 354.0 
78.102 355.0 
78.195 356.0 
78.242 357.0 
78.137 358.0 
78.242 359.0 
78.183 360.0 
78.207 361.0 
78.148 362.0 
78.183 363.0 
78.148 364.0 
78.148 365.0 
78.195 366.0 
78.23 367.0 
78.148 368.0 
78.148 369.0 
78.148 370.0 
78.207 371.0 
78.195 372.0 
78.207 373.0 
78.207 374.0 
78.242 375.0 
78.557 376.0 
78.113 377.0 
78.148 378.0 
78.16 379.0 
78.172 380.0 
78.16 381.0 
78.113 382.0 
78.137 383.0 
78.137 384.0 
78.172 385.0 
78.253 386.0 
78.137 387.0 
78.102 388.0 
78.195 389.0 
78.207 390.0 
78.172 391.0 
78.16 392.0 
78.218 393.0 
78.055 394.0 
78.23 395.0 
78.253 396.0 
78.113 397.0 
78.195 398.0 
78.113 399.0 
78.113 400.0 
78.218 401.0 
78.172 402.0 
78.253 403.0 
78.207 404.0 
78.183 405.0 
78.137 406.0 
78.16 407.0 
78.113 408.0 
78.16 409.0 
78.125 410.0 
78.183 411.0 
78.207 412.0 
78.452 413.0 
78.218 414.0 
78.113 415.0 
78.16 416.0 
78.125 417.0 
78.218 418.0 
78.218 419.0 
78.055 420.0 
78.16 421.0 
78.16 422.0 
78.218 423.0 
78.137 424.0 
78.16 425.0 
78.195 426.0 
78.207 427.0 
78.137 428.0 
78.172 429.0 
78.172 430.0 
78.195 431.0 
78.218 432.0 
78.23 433.0 
78.113 434.0 
78.125 435.0 
78.125 436.0 
78.183 437.0 
78.125 438.0 
78.078 439.0 
78.137 440.0 
78.113 441.0 
78.102 442.0 
78.183 443.0 
78.125 444.0 
78.102 445.0 
78.137 446.0 
78.207 447.0 
78.207 448.0 
78.207 449.0 
78.3 450.0 
78.16 451.0 
78.137 452.0 
78.125 453.0 
78.078 454.0 
78.183 455.0 
77.961 456.0 
78.148 457.0 
78.113 458.0 
78.195 459.0 
78.207 460.0 
78.16 461.0 
78.137 462.0 
78.253 463.0 
78.148 464.0 
78.172 465.0 
78.207 466.0 
78.172 467.0 
78.09 468.0 
78.218 469.0 
78.16 470.0 
78.102 471.0 
78.137 472.0 
77.996 473.0 
78.183 474.0 
78.242 475.0 
78.183 476.0 
78.078 477.0 
78.148 478.0 
78.09 479.0 
78.172 480.0 
78.218 481.0 
78.113 482.0 
78.218 483.0 
78.125 484.0 
78.172 485.0 
78.125 486.0 
78.113 487.0 
78.207 488.0 
78.137 489.0 
78.137 490.0 
78.183 491.0 
78.16 492.0 
78.125 493.0 
78.183 494.0 
78.102 495.0 
78.09 496.0 
78.137 497.0 
78.183 498.0 
78.125 499.0 
78.102 500.0 
78.148 501.0 
78.183 502.0 
78.067 503.0 
78.09 504.0 
78.113 505.0 
78.125 506.0 
78.067 507.0 
78.23 508.0 
78.055 509.0 
78.09 510.0 
78.113 511.0 
78.125 512.0 
78.125 513.0 
78.137 514.0 
78.172 515.0 
78.137 516.0 
78.487 517.0 
77.961 518.0 
78.02 519.0 
78.02 520.0 
78.055 521.0 
78.043 522.0 
78.031 523.0 
78.055 524.0 
78.09 525.0 
78.031 526.0 
78.055 527.0 
77.996 528.0 
78.008 529.0 
78.008 530.0 
77.985 531.0 
78.09 532.0 
78.323 533.0 
78.031 534.0 
78.008 535.0 
77.985 536.0 
77.938 537.0 
77.81 538.0 
77.833 539.0 
77.81 540.0 
77.915 541.0 
77.81 542.0 
77.821 543.0 
77.81 544.0 
77.739 545.0 
77.728 546.0 
77.798 547.0 
77.728 548.0 
77.739 549.0 
77.681 550.0 
77.623 551.0 
77.716 552.0 
77.693 553.0 
77.646 554.0 
77.658 555.0 
77.739 556.0 
77.716 557.0 
77.623 558.0 
77.319 559.0 
77.704 560.0 
77.658 561.0 
77.611 562.0 
77.704 563.0 
77.669 564.0 
77.599 565.0 
77.739 566.0 
77.739 567.0 
77.623 568.0 
77.681 569.0 
77.634 570.0 
77.716 571.0 
77.634 572.0 
77.576 573.0 
77.681 574.0 
77.658 575.0 
77.728 576.0 
77.669 577.0 
77.634 578.0 
77.751 579.0 
77.669 580.0 
77.739 581.0 
77.704 582.0 
77.751 583.0 
77.681 584.0 
77.459 585.0 
77.728 586.0 
77.646 587.0 
77.739 588.0 
77.669 589.0 
77.739 590.0 
77.658 591.0 
77.728 592.0 
77.646 593.0 
77.693 594.0 
77.669 595.0 
77.704 596.0 
77.634 597.0 
77.681 598.0 
77.634 599.0 
77.728 600.0 
77.775 601.0 
77.693 602.0 
77.763 603.0 
77.681 604.0 
77.751 605.0 
77.634 606.0 
77.716 607.0 
77.599 608.0 
77.693 609.0 
77.786 610.0 
77.693 611.0 
77.775 612.0 
77.669 613.0 
77.704 614.0 
77.611 615.0 
77.669 616.0 
77.751 617.0 
77.588 618.0 
77.728 619.0 
77.448 620.0 
77.669 621.0 
77.739 622.0 
77.623 623.0 
77.693 624.0 
77.786 625.0 
77.623 626.0 
77.739 627.0 
77.775 628.0 
77.646 629.0 
77.739 630.0 
77.798 631.0 
77.669 632.0 
77.704 633.0 
77.996 634.0 
77.681 635.0 
77.704 636.0 
77.763 637.0 
77.669 638.0 
77.704 639.0 
77.763 640.0 
77.646 641.0 
77.704 642.0 
77.739 643.0 
77.623 644.0 
77.669 645.0 
77.716 646.0 
77.775 647.0 
77.681 648.0 
77.646 649.0 
77.786 650.0 
77.623 651.0 
77.669 652.0 
77.693 653.0 
77.763 654.0 
77.611 655.0 
77.646 656.0 
77.704 657.0 
77.751 658.0 
77.646 659.0 
77.669 660.0 
77.739 661.0 
77.763 662.0 
77.634 663.0 
77.716 664.0 
77.728 665.0 
77.763 666.0 
77.646 667.0 
77.669 668.0 
77.728 669.0 
77.739 670.0 
77.623 671.0 
77.669 672.0 
77.704 673.0 
77.693 674.0 
77.728 675.0 
77.623 676.0 
77.646 677.0 
77.716 678.0 
77.716 679.0 
77.751 680.0 
77.611 681.0 
77.658 682.0 
77.669 683.0 
77.716 684.0 
77.728 685.0 
77.786 686.0 
77.623 687.0 
77.669 688.0 
77.681 689.0 
77.728 690.0 
77.786 691.0 
77.798 692.0 
77.599 693.0 
77.646 694.0 
77.681 695.0 
77.704 696.0 
77.704 697.0 
77.739 698.0 
77.553 699.0 
77.634 700.0 
77.611 701.0 
77.669 702.0 
77.716 703.0 
77.704 704.0 
77.716 705.0 
77.786 706.0 
77.634 707.0 
77.658 708.0 
77.658 709.0 
77.704 710.0 
77.728 711.0 
77.728 712.0 
77.751 713.0 
77.763 714.0 
77.564 715.0 
77.623 716.0 
77.576 717.0 
77.634 718.0 
77.681 719.0 
77.704 720.0 
77.704 721.0 
77.716 722.0 
77.751 723.0 
77.763 724.0 
77.775 725.0 
77.634 726.0 
77.634 727.0 
77.646 728.0 
77.646 729.0 
77.681 730.0 
77.693 731.0 
77.704 732.0 
77.681 733.0 
77.693 734.0 
77.739 735.0 
77.739 736.0 
77.751 737.0 
77.728 738.0 
77.506 739.0 
77.611 740.0 
77.611 741.0 
77.599 742.0 
77.611 743.0 
77.623 744.0 
77.634 745.0 
77.646 746.0 
77.658 747.0 
77.623 748.0 
77.669 749.0 
77.704 750.0 
77.658 751.0 
77.681 752.0 
77.669 753.0 
77.669 754.0 
77.693 755.0 
77.669 756.0 
77.716 757.0 
77.634 758.0 
77.681 759.0 
77.681 760.0 
77.681 761.0 
77.681 762.0 
77.704 763.0 
77.681 764.0 
77.704 765.0 
77.704 766.0 
77.739 767.0 
77.739 768.0 
77.681 769.0 
77.728 770.0 
77.704 771.0 
77.716 772.0 
77.681 773.0 
77.716 774.0 
77.716 775.0 
77.693 776.0 
77.704 777.0 
77.716 778.0 
77.681 779.0 
77.704 780.0 
77.693 781.0 
77.681 782.0 
77.693 783.0 
77.716 784.0 
77.704 785.0 
77.704 786.0 
77.716 787.0 
77.704 788.0 
77.704 789.0 
77.739 790.0 
77.728 791.0 
77.704 792.0 
77.693 793.0 
77.716 794.0 
77.669 795.0 
77.681 796.0 
77.681 797.0 
77.681 798.0 
77.716 799.0 
77.704 800.0 
77.704 801.0 
77.751 802.0 
77.681 803.0 
77.716 804.0 
0.005 805.0 
-0.004 806.0 
0.001 807.0 
-0.006 808.0 
-0.006 809.0 
-0.004 810.0 
-0.006 811.0 
-0.022 812.0 
-0.022 813.0 
-0.029 814.0 
-0.031 815.0 
-0.025 816.0 
-0.03 817.0 
-0.03 818.0 
-0.031 819.0 
-0.034 820.0 
-0.036 821.0 
-0.041 822.0 
-0.04 823.0 
-0.035 824.0 
-0.03 825.0 
-0.028 826.0 
-0.031 827.0 
-0.023 828.0 
-0.028 829.0 
