-0.048 257.0 
-0.025 258.0 
-0.036 259.0 
-0.046 260.0 
-0.049 261.0 
-0.041 262.0 
-0.044 263.0 
-0.032 264.0 
-0.037 265.0 
-0.15 266.0 
-0.052 267.0 
-0.052 268.0 
-0.03 269.0 
-0.035 270.0 
-0.042 271.0 
-0.043 272.0 
-0.042 273.0 
-0.029 274.0 
259.831 275.0 
256.118 276.0 
255.073 277.0 
253.217 278.0 
251.592 279.0 
249.619 280.0 
247.878 281.0 
249.619 282.0 
244.397 283.0 
244.165 284.0 
243.701 285.0 
243.353 286.0 
242.888 287.0 
242.772 288.0 
242.772 289.0 
242.192 290.0 
241.496 291.0 
241.264 292.0 
241.496 293.0 
239.523 294.0 
240.567 295.0 
240.799 296.0 
241.032 297.0 
240.567 298.0 
240.683 299.0 
240.683 300.0 
240.103 301.0 
240.335 302.0 
239.291 303.0 
239.871 304.0 
244.049 305.0 
239.291 306.0 
239.755 307.0 
238.943 308.0 
239.291 309.0 
238.943 310.0 
239.059 311.0 
238.595 312.0 
238.711 313.0 
238.711 314.0 
238.479 315.0 
238.827 316.0 
239.175 317.0 
238.595 318.0 
238.943 319.0 
238.362 320.0 
237.086 321.0 
238.711 322.0 
238.479 323.0 
238.827 324.0 
238.479 325.0 
238.595 326.0 
238.13 327.0 
238.362 328.0 
242.888 329.0 
238.711 330.0 
238.014 331.0 
239.175 332.0 
238.595 333.0 
238.362 334.0 
237.898 335.0 
238.479 336.0 
238.943 337.0 
238.246 338.0 
241.032 339.0 
238.595 340.0 
237.898 341.0 
238.246 342.0 
233.953 343.0 
238.479 344.0 
238.595 345.0 
238.014 346.0 
238.014 347.0 
236.738 348.0 
238.595 349.0 
238.595 350.0 
238.246 351.0 
238.362 352.0 
238.13 353.0 
237.434 354.0 
236.158 355.0 
238.362 356.0 
238.711 357.0 
238.246 358.0 
238.711 359.0 
238.479 360.0 
238.595 361.0 
238.479 362.0 
238.362 363.0 
238.595 364.0 
238.595 365.0 
238.362 366.0 
238.362 367.0 
238.13 368.0 
238.13 369.0 
238.13 370.0 
238.246 371.0 
238.595 372.0 
238.362 373.0 
238.595 374.0 
238.246 375.0 
239.175 376.0 
238.13 377.0 
238.246 378.0 
238.362 379.0 
238.479 380.0 
238.362 381.0 
237.202 382.0 
238.362 383.0 
238.362 384.0 
238.13 385.0 
238.827 386.0 
237.55 387.0 
237.898 388.0 
238.246 389.0 
238.13 390.0 
238.362 391.0 
237.898 392.0 
238.246 393.0 
237.898 394.0 
238.13 395.0 
238.711 396.0 
238.246 397.0 
238.014 398.0 
237.55 399.0 
237.898 400.0 
238.711 401.0 
238.362 402.0 
238.711 403.0 
238.711 404.0 
238.595 405.0 
237.898 406.0 
238.014 407.0 
238.13 408.0 
238.479 409.0 
238.014 410.0 
238.246 411.0 
238.479 412.0 
239.059 413.0 
238.479 414.0 
238.13 415.0 
238.479 416.0 
238.479 417.0 
238.479 418.0 
238.827 419.0 
238.362 420.0 
238.246 421.0 
238.827 422.0 
238.595 423.0 
238.362 424.0 
238.362 425.0 
238.362 426.0 
237.898 427.0 
238.13 428.0 
238.014 429.0 
238.014 430.0 
238.362 431.0 
238.711 432.0 
238.014 433.0 
238.014 434.0 
238.246 435.0 
238.362 436.0 
238.595 437.0 
238.246 438.0 
237.666 439.0 
238.362 440.0 
238.246 441.0 
238.246 442.0 
238.711 443.0 
238.827 444.0 
238.246 445.0 
238.014 446.0 
238.246 447.0 
238.595 448.0 
241.496 449.0 
238.13 450.0 
238.362 451.0 
238.479 452.0 
238.014 453.0 
237.782 454.0 
238.479 455.0 
237.202 456.0 
238.595 457.0 
238.595 458.0 
238.711 459.0 
238.479 460.0 
238.479 461.0 
238.711 462.0 
238.827 463.0 
238.362 464.0 
238.595 465.0 
238.479 466.0 
238.246 467.0 
237.898 468.0 
238.014 469.0 
238.246 470.0 
238.014 471.0 
238.246 472.0 
236.39 473.0 
238.362 474.0 
238.479 475.0 
238.711 476.0 
238.595 477.0 
238.246 478.0 
238.014 479.0 
238.595 480.0 
238.595 481.0 
238.595 482.0 
238.711 483.0 
238.711 484.0 
238.479 485.0 
238.362 486.0 
238.362 487.0 
238.13 488.0 
238.246 489.0 
238.479 490.0 
238.479 491.0 
238.246 492.0 
238.13 493.0 
238.246 494.0 
238.13 495.0 
238.246 496.0 
238.595 497.0 
238.595 498.0 
238.246 499.0 
238.246 500.0 
238.362 501.0 
238.479 502.0 
238.13 503.0 
238.479 504.0 
238.246 505.0 
238.014 506.0 
235.925 507.0 
240.799 508.0 
237.898 509.0 
237.898 510.0 
238.014 511.0 
238.479 512.0 
238.362 513.0 
238.362 514.0 
238.362 515.0 
237.666 516.0 
239.871 517.0 
237.782 518.0 
238.13 519.0 
238.014 520.0 
238.014 521.0 
237.898 522.0 
238.362 523.0 
238.13 524.0 
238.13 525.0 
238.014 526.0 
238.13 527.0 
237.55 528.0 
238.014 529.0 
237.666 530.0 
237.782 531.0 
238.595 532.0 
239.407 533.0 
238.246 534.0 
238.479 535.0 
238.362 536.0 
238.014 537.0 
237.666 538.0 
238.246 539.0 
238.362 540.0 
238.362 541.0 
237.782 542.0 
238.362 543.0 
238.13 544.0 
238.13 545.0 
237.55 546.0 
238.13 547.0 
237.55 548.0 
238.014 549.0 
238.246 550.0 
237.086 551.0 
238.246 552.0 
238.014 553.0 
237.782 554.0 
238.014 555.0 
238.13 556.0 
238.13 557.0 
238.014 558.0 
232.328 559.0 
238.246 560.0 
238.13 561.0 
237.55 562.0 
238.13 563.0 
238.014 564.0 
237.434 565.0 
238.13 566.0 
237.666 567.0 
237.782 568.0 
237.782 569.0 
237.782 570.0 
238.362 571.0 
237.666 572.0 
238.014 573.0 
237.666 574.0 
238.13 575.0 
239.059 576.0 
238.014 577.0 
238.014 578.0 
238.479 579.0 
238.362 580.0 
238.246 581.0 
238.362 582.0 
238.014 583.0 
238.246 584.0 
233.605 585.0 
238.246 586.0 
237.782 587.0 
238.13 588.0 
238.13 589.0 
238.246 590.0 
238.014 591.0 
238.13 592.0 
237.666 593.0 
237.782 594.0 
237.782 595.0 
238.014 596.0 
238.362 597.0 
237.898 598.0 
238.014 599.0 
238.362 600.0 
238.595 601.0 
238.362 602.0 
238.362 603.0 
238.362 604.0 
238.362 605.0 
238.014 606.0 
238.014 607.0 
237.666 608.0 
237.898 609.0 
238.479 610.0 
238.014 611.0 
238.246 612.0 
237.898 613.0 
238.014 614.0 
237.666 615.0 
237.898 616.0 
238.362 617.0 
237.666 618.0 
238.595 619.0 
235.925 620.0 
238.246 621.0 
238.362 622.0 
237.898 623.0 
238.014 624.0 
238.362 625.0 
237.782 626.0 
238.014 627.0 
238.362 628.0 
238.014 629.0 
238.13 630.0 
238.479 631.0 
237.898 632.0 
238.13 633.0 
240.103 634.0 
238.014 635.0 
238.362 636.0 
238.362 637.0 
237.898 638.0 
238.13 639.0 
238.711 640.0 
237.782 641.0 
237.55 642.0 
238.246 643.0 
238.014 644.0 
237.782 645.0 
238.13 646.0 
238.362 647.0 
237.898 648.0 
238.479 649.0 
238.13 650.0 
237.898 651.0 
237.434 652.0 
238.014 653.0 
238.246 654.0 
238.014 655.0 
238.13 656.0 
238.13 657.0 
238.246 658.0 
238.13 659.0 
238.362 660.0 
238.246 661.0 
238.246 662.0 
238.362 663.0 
238.246 664.0 
238.479 665.0 
238.362 666.0 
237.782 667.0 
238.246 668.0 
238.246 669.0 
238.479 670.0 
237.666 671.0 
238.362 672.0 
238.13 673.0 
237.782 674.0 
237.666 675.0 
238.014 676.0 
238.13 677.0 
238.362 678.0 
238.362 679.0 
238.479 680.0 
237.898 681.0 
238.13 682.0 
238.479 683.0 
238.362 684.0 
238.362 685.0 
238.13 686.0 
237.434 687.0 
238.13 688.0 
238.13 689.0 
238.014 690.0 
238.014 691.0 
238.362 692.0 
237.782 693.0 
238.014 694.0 
237.782 695.0 
238.595 696.0 
237.666 697.0 
238.479 698.0 
237.434 699.0 
237.898 700.0 
238.13 701.0 
238.246 702.0 
238.362 703.0 
238.711 704.0 
237.55 705.0 
238.246 706.0 
237.782 707.0 
237.898 708.0 
237.898 709.0 
237.898 710.0 
238.13 711.0 
238.246 712.0 
238.362 713.0 
238.13 714.0 
236.854 715.0 
238.014 716.0 
237.666 717.0 
238.13 718.0 
237.898 719.0 
238.362 720.0 
238.362 721.0 
238.246 722.0 
238.479 723.0 
238.595 724.0 
238.479 725.0 
238.014 726.0 
237.666 727.0 
238.014 728.0 
238.13 729.0 
238.014 730.0 
237.782 731.0 
238.246 732.0 
238.362 733.0 
238.246 734.0 
238.595 735.0 
238.13 736.0 
238.362 737.0 
238.595 738.0 
237.782 739.0 
237.666 740.0 
237.898 741.0 
238.014 742.0 
237.898 743.0 
238.13 744.0 
238.014 745.0 
238.13 746.0 
237.898 747.0 
238.014 748.0 
238.246 749.0 
238.014 750.0 
238.014 751.0 
238.014 752.0 
237.898 753.0 
238.246 754.0 
237.898 755.0 
238.362 756.0 
238.13 757.0 
238.246 758.0 
238.13 759.0 
238.362 760.0 
238.362 761.0 
238.13 762.0 
238.13 763.0 
238.362 764.0 
238.246 765.0 
238.014 766.0 
238.014 767.0 
238.362 768.0 
238.362 769.0 
238.13 770.0 
238.595 771.0 
238.13 772.0 
238.362 773.0 
237.898 774.0 
238.246 775.0 
238.13 776.0 
238.362 777.0 
238.014 778.0 
238.246 779.0 
238.362 780.0 
238.014 781.0 
238.246 782.0 
238.13 783.0 
238.595 784.0 
238.479 785.0 
238.014 786.0 
238.13 787.0 
238.014 788.0 
238.246 789.0 
238.246 790.0 
238.13 791.0 
238.246 792.0 
238.13 793.0 
238.014 794.0 
238.014 795.0 
238.362 796.0 
238.246 797.0 
238.246 798.0 
238.595 799.0 
238.362 800.0 
237.782 801.0 
238.362 802.0 
238.362 803.0 
238.479 804.0 
0.031 805.0 
0.025 806.0 
0.024 807.0 
0.034 808.0 
0.043 809.0 
0.037 810.0 
0.038 811.0 
0.038 812.0 
0.032 813.0 
0.031 814.0 
0.022 815.0 
0.02 816.0 
0.02 817.0 
0.017 818.0 
0.014 819.0 
0.01 820.0 
0.0 821.0 
0.005 822.0 
-0.016 823.0 
-0.012 824.0 
-0.011 825.0 
-0.03 826.0 
-0.036 827.0 
-0.023 828.0 
-0.025 829.0 
