-0.042 257.0 
-0.054 258.0 
-0.128 259.0 
-0.053 260.0 
-0.041 261.0 
-0.047 262.0 
-0.044 263.0 
-0.037 264.0 
-0.029 265.0 
-0.09 266.0 
-0.049 267.0 
-0.037 268.0 
-0.055 269.0 
-0.037 270.0 
-0.028 271.0 
-0.04 272.0 
-0.038 273.0 
-0.032 274.0 
256.118 275.0 
253.449 276.0 
251.708 277.0 
249.503 278.0 
247.53 279.0 
245.557 280.0 
243.817 281.0 
242.192 282.0 
239.987 283.0 
239.871 284.0 
239.291 285.0 
238.827 286.0 
238.711 287.0 
238.943 288.0 
238.479 289.0 
240.799 290.0 
237.666 291.0 
237.318 292.0 
237.086 293.0 
237.202 294.0 
236.506 295.0 
236.506 296.0 
236.854 297.0 
235.693 298.0 
235.925 299.0 
235.925 300.0 
235.693 301.0 
235.693 302.0 
234.997 303.0 
235.577 304.0 
235.809 305.0 
234.997 306.0 
235.229 307.0 
234.649 308.0 
235.345 309.0 
234.765 310.0 
234.997 311.0 
234.649 312.0 
234.881 313.0 
234.533 314.0 
234.765 315.0 
234.765 316.0 
234.997 317.0 
234.417 318.0 
234.649 319.0 
233.953 320.0 
232.676 321.0 
234.301 322.0 
234.185 323.0 
234.417 324.0 
234.301 325.0 
234.417 326.0 
234.185 327.0 
234.533 328.0 
240.451 329.0 
234.765 330.0 
234.301 331.0 
235.809 332.0 
234.533 333.0 
234.301 334.0 
234.301 335.0 
234.765 336.0 
234.417 337.0 
233.953 338.0 
235.113 339.0 
234.185 340.0 
234.417 341.0 
234.069 342.0 
228.498 343.0 
234.185 344.0 
234.301 345.0 
234.185 346.0 
233.721 347.0 
231.864 348.0 
234.765 349.0 
234.417 350.0 
234.417 351.0 
234.649 352.0 
234.301 353.0 
232.328 354.0 
234.765 355.0 
234.649 356.0 
234.301 357.0 
234.301 358.0 
234.301 359.0 
234.069 360.0 
234.417 361.0 
234.185 362.0 
234.069 363.0 
234.185 364.0 
234.185 365.0 
234.301 366.0 
234.069 367.0 
234.301 368.0 
234.185 369.0 
234.301 370.0 
234.533 371.0 
234.417 372.0 
234.533 373.0 
234.417 374.0 
234.649 375.0 
237.898 376.0 
234.069 377.0 
233.721 378.0 
234.185 379.0 
234.301 380.0 
234.301 381.0 
234.765 382.0 
233.605 383.0 
234.417 384.0 
234.417 385.0 
234.301 386.0 
233.488 387.0 
234.185 388.0 
234.301 389.0 
234.533 390.0 
234.649 391.0 
234.301 392.0 
234.533 393.0 
233.953 394.0 
234.301 395.0 
234.997 396.0 
234.185 397.0 
234.185 398.0 
231.632 399.0 
234.185 400.0 
234.649 401.0 
234.533 402.0 
234.649 403.0 
234.185 404.0 
234.417 405.0 
234.069 406.0 
234.649 407.0 
234.301 408.0 
234.649 409.0 
234.417 410.0 
234.533 411.0 
234.533 412.0 
237.55 413.0 
234.765 414.0 
233.953 415.0 
234.881 416.0 
234.301 417.0 
234.765 418.0 
234.185 419.0 
234.069 420.0 
233.953 421.0 
234.417 422.0 
234.417 423.0 
233.953 424.0 
234.069 425.0 
234.417 426.0 
234.417 427.0 
234.301 428.0 
233.953 429.0 
234.301 430.0 
234.533 431.0 
234.533 432.0 
234.765 433.0 
234.533 434.0 
234.417 435.0 
234.533 436.0 
234.881 437.0 
233.837 438.0 
233.721 439.0 
234.417 440.0 
234.301 441.0 
234.301 442.0 
234.301 443.0 
234.533 444.0 
234.301 445.0 
234.185 446.0 
234.881 447.0 
234.649 448.0 
234.881 449.0 
235.113 450.0 
234.301 451.0 
234.301 452.0 
234.417 453.0 
234.185 454.0 
234.649 455.0 
234.069 456.0 
234.649 457.0 
234.301 458.0 
234.533 459.0 
234.533 460.0 
234.301 461.0 
234.185 462.0 
234.301 463.0 
234.301 464.0 
234.765 465.0 
234.649 466.0 
234.649 467.0 
234.069 468.0 
234.649 469.0 
234.765 470.0 
234.649 471.0 
234.649 472.0 
234.881 473.0 
234.881 474.0 
234.881 475.0 
234.765 476.0 
234.417 477.0 
234.533 478.0 
234.301 479.0 
234.301 480.0 
234.881 481.0 
234.301 482.0 
234.533 483.0 
234.069 484.0 
234.649 485.0 
234.417 486.0 
233.953 487.0 
234.997 488.0 
234.533 489.0 
234.533 490.0 
234.649 491.0 
234.649 492.0 
234.417 493.0 
234.997 494.0 
234.533 495.0 
234.185 496.0 
234.765 497.0 
234.417 498.0 
234.533 499.0 
234.301 500.0 
234.533 501.0 
234.533 502.0 
234.301 503.0 
234.417 504.0 
234.417 505.0 
234.301 506.0 
230.819 507.0 
237.434 508.0 
234.649 509.0 
234.069 510.0 
234.069 511.0 
234.301 512.0 
234.649 513.0 
234.417 514.0 
234.765 515.0 
234.533 516.0 
236.622 517.0 
233.488 518.0 
234.069 519.0 
234.069 520.0 
234.301 521.0 
234.069 522.0 
234.417 523.0 
234.417 524.0 
234.185 525.0 
234.069 526.0 
234.185 527.0 
233.488 528.0 
234.069 529.0 
233.605 530.0 
234.185 531.0 
234.649 532.0 
234.649 533.0 
234.185 534.0 
234.533 535.0 
234.649 536.0 
234.765 537.0 
234.301 538.0 
234.069 539.0 
234.069 540.0 
234.765 541.0 
234.417 542.0 
234.301 543.0 
234.301 544.0 
234.301 545.0 
233.953 546.0 
234.765 547.0 
234.301 548.0 
234.417 549.0 
234.185 550.0 
232.328 551.0 
234.881 552.0 
234.301 553.0 
234.533 554.0 
234.533 555.0 
234.533 556.0 
234.301 557.0 
234.301 558.0 
230.007 559.0 
234.069 560.0 
234.533 561.0 
233.721 562.0 
234.301 563.0 
234.301 564.0 
233.605 565.0 
234.301 566.0 
233.837 567.0 
233.953 568.0 
234.417 569.0 
234.301 570.0 
234.649 571.0 
234.649 572.0 
233.953 573.0 
234.533 574.0 
234.417 575.0 
234.881 576.0 
234.417 577.0 
233.953 578.0 
234.301 579.0 
234.417 580.0 
234.533 581.0 
234.301 582.0 
234.069 583.0 
234.417 584.0 
234.533 585.0 
234.185 586.0 
234.185 587.0 
234.301 588.0 
234.301 589.0 
234.649 590.0 
234.301 591.0 
234.649 592.0 
234.533 593.0 
234.185 594.0 
234.417 595.0 
234.765 596.0 
234.301 597.0 
234.533 598.0 
234.301 599.0 
234.649 600.0 
234.533 601.0 
234.533 602.0 
234.533 603.0 
234.069 604.0 
234.417 605.0 
234.301 606.0 
234.649 607.0 
234.301 608.0 
234.301 609.0 
234.649 610.0 
234.301 611.0 
234.765 612.0 
234.301 613.0 
234.301 614.0 
234.417 615.0 
234.765 616.0 
234.765 617.0 
233.721 618.0 
234.417 619.0 
231.4 620.0 
234.533 621.0 
234.417 622.0 
234.069 623.0 
234.533 624.0 
234.417 625.0 
234.301 626.0 
234.533 627.0 
234.881 628.0 
234.533 629.0 
234.417 630.0 
234.533 631.0 
234.069 632.0 
234.765 633.0 
234.997 634.0 
234.649 635.0 
234.649 636.0 
234.881 637.0 
234.301 638.0 
234.185 639.0 
234.417 640.0 
234.185 641.0 
234.649 642.0 
234.417 643.0 
234.185 644.0 
234.417 645.0 
234.069 646.0 
234.533 647.0 
234.417 648.0 
234.301 649.0 
234.881 650.0 
234.185 651.0 
234.301 652.0 
234.301 653.0 
234.649 654.0 
234.301 655.0 
234.765 656.0 
234.301 657.0 
234.301 658.0 
234.069 659.0 
234.417 660.0 
234.765 661.0 
234.765 662.0 
233.953 663.0 
234.533 664.0 
234.533 665.0 
234.881 666.0 
234.301 667.0 
234.533 668.0 
234.765 669.0 
234.765 670.0 
234.417 671.0 
234.069 672.0 
234.649 673.0 
234.069 674.0 
234.533 675.0 
234.301 676.0 
234.649 677.0 
234.649 678.0 
233.953 679.0 
234.533 680.0 
234.417 681.0 
234.417 682.0 
234.533 683.0 
234.185 684.0 
234.649 685.0 
234.649 686.0 
233.953 687.0 
234.301 688.0 
234.765 689.0 
234.417 690.0 
234.649 691.0 
234.881 692.0 
234.069 693.0 
234.185 694.0 
234.533 695.0 
234.649 696.0 
234.881 697.0 
234.185 698.0 
232.56 699.0 
234.069 700.0 
234.417 701.0 
234.765 702.0 
234.533 703.0 
234.301 704.0 
234.533 705.0 
234.765 706.0 
234.069 707.0 
234.417 708.0 
234.533 709.0 
234.533 710.0 
234.533 711.0 
234.301 712.0 
234.533 713.0 
234.417 714.0 
234.765 715.0 
234.069 716.0 
234.185 717.0 
234.069 718.0 
234.069 719.0 
234.417 720.0 
234.533 721.0 
234.649 722.0 
234.533 723.0 
234.533 724.0 
234.649 725.0 
233.953 726.0 
234.185 727.0 
234.185 728.0 
234.533 729.0 
234.301 730.0 
234.649 731.0 
234.765 732.0 
234.533 733.0 
234.533 734.0 
234.649 735.0 
234.649 736.0 
234.765 737.0 
234.649 738.0 
232.212 739.0 
234.185 740.0 
234.301 741.0 
234.069 742.0 
234.301 743.0 
234.185 744.0 
234.069 745.0 
234.185 746.0 
234.185 747.0 
234.301 748.0 
234.649 749.0 
234.533 750.0 
234.533 751.0 
234.533 752.0 
234.301 753.0 
234.185 754.0 
234.765 755.0 
234.765 756.0 
234.417 757.0 
234.417 758.0 
234.185 759.0 
234.417 760.0 
234.533 761.0 
234.649 762.0 
234.649 763.0 
234.417 764.0 
234.417 765.0 
234.417 766.0 
234.417 767.0 
234.417 768.0 
234.533 769.0 
234.649 770.0 
234.185 771.0 
234.533 772.0 
234.301 773.0 
234.649 774.0 
234.301 775.0 
234.765 776.0 
234.881 777.0 
234.417 778.0 
233.953 779.0 
234.301 780.0 
234.301 781.0 
234.533 782.0 
234.533 783.0 
234.533 784.0 
234.533 785.0 
234.185 786.0 
234.301 787.0 
234.301 788.0 
234.417 789.0 
234.185 790.0 
234.765 791.0 
234.533 792.0 
234.533 793.0 
235.113 794.0 
234.533 795.0 
234.649 796.0 
234.649 797.0 
234.533 798.0 
234.301 799.0 
234.185 800.0 
234.301 801.0 
234.649 802.0 
234.069 803.0 
234.301 804.0 
0.03 805.0 
0.031 806.0 
0.024 807.0 
0.026 808.0 
0.037 809.0 
0.022 810.0 
0.018 811.0 
0.022 812.0 
0.013 813.0 
0.007 814.0 
0.0 815.0 
0.0 816.0 
-0.005 817.0 
-0.007 818.0 
-0.019 819.0 
-0.016 820.0 
-0.008 821.0 
-0.005 822.0 
-0.023 823.0 
-0.022 824.0 
-0.023 825.0 
-0.016 826.0 
-0.023 827.0 
-0.025 828.0 
-0.017 829.0 
