-0.052 257.0 
-0.058 258.0 
-0.083 259.0 
-0.032 260.0 
-0.026 261.0 
-0.037 262.0 
-0.038 263.0 
-0.064 264.0 
-0.02 265.0 
-0.032 266.0 
-0.056 267.0 
-0.029 268.0 
-0.041 269.0 
-0.052 270.0 
-0.049 271.0 
-0.044 272.0 
-0.047 273.0 
-0.042 274.0 
253.913 275.0 
250.083 276.0 
248.807 277.0 
247.066 278.0 
245.325 279.0 
243.236 280.0 
241.38 281.0 
239.871 282.0 
237.666 283.0 
237.318 284.0 
237.202 285.0 
237.086 286.0 
236.622 287.0 
236.158 288.0 
235.925 289.0 
237.898 290.0 
235.113 291.0 
234.997 292.0 
234.881 293.0 
234.997 294.0 
233.721 295.0 
233.953 296.0 
234.417 297.0 
233.372 298.0 
233.605 299.0 
233.837 300.0 
233.372 301.0 
233.14 302.0 
232.328 303.0 
233.024 304.0 
233.14 305.0 
232.676 306.0 
232.56 307.0 
232.096 308.0 
232.212 309.0 
232.096 310.0 
232.212 311.0 
231.864 312.0 
231.864 313.0 
231.748 314.0 
232.328 315.0 
231.748 316.0 
232.212 317.0 
231.748 318.0 
231.98 319.0 
232.328 320.0 
229.311 321.0 
231.748 322.0 
231.4 323.0 
231.98 324.0 
232.096 325.0 
232.56 326.0 
231.748 327.0 
231.284 328.0 
237.086 329.0 
231.864 330.0 
231.284 331.0 
234.185 332.0 
231.632 333.0 
231.632 334.0 
232.328 335.0 
231.4 336.0 
231.748 337.0 
231.516 338.0 
231.748 339.0 
231.516 340.0 
231.516 341.0 
231.632 342.0 
227.338 343.0 
231.632 344.0 
231.748 345.0 
231.632 346.0 
231.284 347.0 
230.007 348.0 
231.632 349.0 
231.98 350.0 
231.4 351.0 
231.632 352.0 
231.4 353.0 
229.775 354.0 
231.864 355.0 
231.516 356.0 
232.096 357.0 
231.864 358.0 
231.748 359.0 
231.632 360.0 
231.748 361.0 
231.864 362.0 
231.748 363.0 
231.632 364.0 
231.4 365.0 
232.212 366.0 
231.516 367.0 
231.516 368.0 
231.516 369.0 
231.284 370.0 
231.632 371.0 
231.632 372.0 
231.516 373.0 
231.748 374.0 
231.4 375.0 
234.417 376.0 
231.4 377.0 
231.516 378.0 
231.864 379.0 
231.864 380.0 
231.4 381.0 
232.096 382.0 
231.632 383.0 
231.632 384.0 
231.748 385.0 
232.096 386.0 
230.471 387.0 
231.4 388.0 
231.516 389.0 
232.096 390.0 
231.864 391.0 
231.748 392.0 
231.864 393.0 
231.051 394.0 
231.632 395.0 
231.748 396.0 
231.516 397.0 
231.864 398.0 
230.471 399.0 
231.864 400.0 
231.98 401.0 
231.748 402.0 
232.096 403.0 
231.632 404.0 
231.98 405.0 
231.748 406.0 
231.864 407.0 
231.748 408.0 
231.516 409.0 
231.632 410.0 
231.632 411.0 
231.748 412.0 
234.649 413.0 
231.748 414.0 
231.168 415.0 
231.748 416.0 
231.516 417.0 
232.328 418.0 
231.864 419.0 
231.516 420.0 
231.516 421.0 
231.98 422.0 
231.748 423.0 
231.748 424.0 
231.632 425.0 
231.98 426.0 
232.212 427.0 
231.4 428.0 
230.703 429.0 
231.284 430.0 
231.516 431.0 
231.98 432.0 
231.748 433.0 
231.4 434.0 
231.864 435.0 
231.516 436.0 
232.096 437.0 
231.632 438.0 
231.284 439.0 
231.748 440.0 
231.632 441.0 
231.864 442.0 
231.748 443.0 
231.748 444.0 
232.096 445.0 
231.748 446.0 
232.096 447.0 
231.98 448.0 
231.748 449.0 
232.096 450.0 
231.748 451.0 
231.748 452.0 
231.748 453.0 
231.632 454.0 
231.748 455.0 
231.516 456.0 
231.748 457.0 
231.748 458.0 
232.328 459.0 
232.328 460.0 
232.096 461.0 
231.864 462.0 
232.096 463.0 
232.096 464.0 
231.864 465.0 
232.212 466.0 
231.864 467.0 
231.168 468.0 
231.748 469.0 
231.632 470.0 
231.748 471.0 
231.748 472.0 
230.935 473.0 
231.632 474.0 
231.864 475.0 
231.748 476.0 
231.632 477.0 
232.212 478.0 
231.98 479.0 
231.98 480.0 
232.328 481.0 
231.748 482.0 
232.096 483.0 
231.748 484.0 
232.212 485.0 
231.748 486.0 
231.051 487.0 
231.98 488.0 
231.4 489.0 
231.98 490.0 
232.096 491.0 
231.632 492.0 
231.864 493.0 
231.98 494.0 
231.516 495.0 
230.935 496.0 
231.98 497.0 
232.096 498.0 
231.864 499.0 
231.284 500.0 
231.98 501.0 
231.864 502.0 
231.864 503.0 
231.632 504.0 
231.516 505.0 
231.748 506.0 
228.963 507.0 
234.649 508.0 
231.748 509.0 
231.632 510.0 
231.748 511.0 
231.632 512.0 
231.632 513.0 
231.632 514.0 
231.98 515.0 
231.98 516.0 
233.953 517.0 
231.516 518.0 
231.632 519.0 
231.748 520.0 
231.632 521.0 
231.748 522.0 
231.748 523.0 
231.748 524.0 
231.632 525.0 
231.4 526.0 
231.4 527.0 
230.703 528.0 
231.051 529.0 
231.051 530.0 
231.748 531.0 
231.864 532.0 
231.98 533.0 
231.632 534.0 
231.98 535.0 
231.632 536.0 
231.632 537.0 
231.632 538.0 
231.748 539.0 
231.632 540.0 
231.98 541.0 
231.632 542.0 
231.748 543.0 
231.864 544.0 
231.632 545.0 
231.4 546.0 
232.096 547.0 
231.864 548.0 
231.516 549.0 
231.516 550.0 
229.891 551.0 
231.632 552.0 
231.748 553.0 
231.4 554.0 
231.632 555.0 
231.748 556.0 
231.748 557.0 
231.748 558.0 
227.454 559.0 
231.98 560.0 
231.98 561.0 
231.4 562.0 
231.864 563.0 
231.284 564.0 
230.935 565.0 
231.98 566.0 
231.168 567.0 
231.284 568.0 
231.748 569.0 
231.516 570.0 
231.748 571.0 
231.4 572.0 
231.4 573.0 
231.284 574.0 
231.516 575.0 
231.864 576.0 
231.516 577.0 
231.864 578.0 
231.748 579.0 
231.98 580.0 
231.98 581.0 
231.748 582.0 
231.632 583.0 
231.632 584.0 
232.096 585.0 
232.328 586.0 
231.516 587.0 
231.864 588.0 
231.516 589.0 
231.516 590.0 
231.4 591.0 
231.748 592.0 
231.516 593.0 
231.632 594.0 
231.284 595.0 
231.4 596.0 
231.516 597.0 
232.096 598.0 
231.864 599.0 
232.212 600.0 
231.98 601.0 
231.864 602.0 
231.98 603.0 
231.4 604.0 
232.096 605.0 
231.748 606.0 
231.864 607.0 
231.516 608.0 
231.748 609.0 
232.096 610.0 
231.516 611.0 
231.864 612.0 
231.632 613.0 
232.096 614.0 
231.4 615.0 
231.632 616.0 
232.096 617.0 
231.4 618.0 
231.98 619.0 
228.15 620.0 
231.748 621.0 
231.864 622.0 
231.632 623.0 
231.864 624.0 
232.096 625.0 
231.864 626.0 
231.864 627.0 
231.748 628.0 
231.864 629.0 
231.748 630.0 
231.864 631.0 
230.819 632.0 
231.748 633.0 
231.98 634.0 
231.4 635.0 
231.632 636.0 
231.98 637.0 
231.632 638.0 
231.864 639.0 
232.096 640.0 
231.632 641.0 
231.864 642.0 
231.748 643.0 
231.516 644.0 
231.98 645.0 
231.98 646.0 
231.864 647.0 
231.516 648.0 
231.516 649.0 
231.98 650.0 
231.4 651.0 
231.4 652.0 
231.864 653.0 
231.748 654.0 
231.748 655.0 
231.516 656.0 
231.632 657.0 
231.864 658.0 
231.864 659.0 
231.864 660.0 
231.98 661.0 
232.096 662.0 
231.4 663.0 
231.98 664.0 
232.096 665.0 
231.98 666.0 
231.632 667.0 
231.516 668.0 
231.632 669.0 
231.632 670.0 
231.4 671.0 
231.4 672.0 
231.632 673.0 
231.632 674.0 
231.98 675.0 
231.168 676.0 
231.748 677.0 
231.98 678.0 
231.98 679.0 
232.096 680.0 
231.516 681.0 
231.98 682.0 
231.98 683.0 
232.096 684.0 
232.328 685.0 
232.212 686.0 
231.516 687.0 
231.4 688.0 
231.632 689.0 
231.748 690.0 
231.98 691.0 
232.096 692.0 
231.4 693.0 
231.632 694.0 
231.632 695.0 
231.864 696.0 
231.632 697.0 
231.516 698.0 
230.355 699.0 
231.632 700.0 
231.748 701.0 
231.864 702.0 
231.864 703.0 
231.864 704.0 
231.168 705.0 
231.98 706.0 
231.4 707.0 
231.632 708.0 
231.284 709.0 
231.864 710.0 
231.748 711.0 
231.864 712.0 
231.864 713.0 
232.328 714.0 
229.891 715.0 
231.516 716.0 
231.284 717.0 
232.212 718.0 
231.632 719.0 
231.748 720.0 
231.864 721.0 
231.98 722.0 
231.864 723.0 
231.98 724.0 
232.096 725.0 
231.748 726.0 
231.516 727.0 
231.516 728.0 
231.284 729.0 
231.4 730.0 
231.864 731.0 
231.748 732.0 
231.864 733.0 
231.748 734.0 
231.98 735.0 
231.632 736.0 
231.748 737.0 
232.212 738.0 
229.311 739.0 
231.632 740.0 
231.516 741.0 
231.4 742.0 
231.516 743.0 
231.632 744.0 
231.632 745.0 
231.748 746.0 
231.516 747.0 
231.516 748.0 
231.516 749.0 
231.98 750.0 
231.632 751.0 
231.632 752.0 
231.748 753.0 
231.864 754.0 
231.98 755.0 
231.4 756.0 
231.98 757.0 
231.632 758.0 
232.096 759.0 
231.98 760.0 
231.98 761.0 
231.98 762.0 
231.864 763.0 
231.632 764.0 
231.98 765.0 
232.096 766.0 
231.98 767.0 
231.864 768.0 
231.748 769.0 
231.748 770.0 
231.98 771.0 
231.98 772.0 
231.748 773.0 
232.096 774.0 
231.864 775.0 
231.748 776.0 
231.4 777.0 
231.98 778.0 
231.864 779.0 
231.864 780.0 
231.516 781.0 
231.864 782.0 
231.864 783.0 
231.748 784.0 
232.212 785.0 
232.096 786.0 
231.98 787.0 
231.748 788.0 
231.748 789.0 
231.864 790.0 
231.748 791.0 
231.864 792.0 
231.632 793.0 
231.632 794.0 
231.632 795.0 
231.98 796.0 
231.632 797.0 
231.98 798.0 
231.864 799.0 
232.096 800.0 
231.748 801.0 
231.98 802.0 
231.516 803.0 
231.864 804.0 
0.025 805.0 
0.032 806.0 
0.025 807.0 
0.019 808.0 
0.017 809.0 
0.0 810.0 
-0.005 811.0 
-0.034 812.0 
-0.042 813.0 
-0.06 814.0 
-0.058 815.0 
-0.062 816.0 
-0.071 817.0 
-0.081 818.0 
-0.084 819.0 
-0.075 820.0 
-0.072 821.0 
-0.078 822.0 
-0.071 823.0 
-0.067 824.0 
-0.058 825.0 
-0.053 826.0 
-0.055 827.0 
-0.053 828.0 
-0.044 829.0 
