-0.034 257.0 
-0.061 258.0 
-0.046 259.0 
-0.044 260.0 
-0.025 261.0 
-0.049 262.0 
-0.06 263.0 
-0.047 264.0 
-0.034 265.0 
-0.03 266.0 
-0.035 267.0 
-0.042 268.0 
-0.024 269.0 
-0.008 270.0 
-0.034 271.0 
-0.029 272.0 
-0.037 273.0 
-0.036 274.0 
139.116 275.0 
136.757 276.0 
135.834 277.0 
134.269 278.0 
132.599 279.0 
130.636 280.0 
128.943 281.0 
126.081 282.0 
123.477 283.0 
122.134 284.0 
121.783 285.0 
121.538 286.0 
121.386 287.0 
121.164 288.0 
120.942 289.0 
120.323 290.0 
120.23 291.0 
120.043 292.0 
119.856 293.0 
119.552 294.0 
119.307 295.0 
119.144 296.0 
119.132 297.0 
118.606 298.0 
118.42 299.0 
118.244 300.0 
117.847 301.0 
117.777 302.0 
117.263 303.0 
117.147 304.0 
117.52 305.0 
116.422 306.0 
115.278 307.0 
113.105 308.0 
110.653 309.0 
107.301 310.0 
104.019 311.0 
100.118 312.0 
96.112 313.0 
91.79 314.0 
87.971 315.0 
83.941 316.0 
80.216 317.0 
77.109 318.0 
77.015 319.0 
76.782 320.0 
76.63 321.0 
76.677 322.0 
76.513 323.0 
76.642 324.0 
76.56 325.0 
76.478 326.0 
76.548 327.0 
76.455 328.0 
76.793 329.0 
76.583 330.0 
76.501 331.0 
76.793 332.0 
76.56 333.0 
76.49 334.0 
76.501 335.0 
76.583 336.0 
76.572 337.0 
76.455 338.0 
76.63 339.0 
76.513 340.0 
76.49 341.0 
76.466 342.0 
76.536 343.0 
76.536 344.0 
76.525 345.0 
76.49 346.0 
76.42 347.0 
76.443 348.0 
76.548 349.0 
76.525 350.0 
76.49 351.0 
76.56 352.0 
76.478 353.0 
76.408 354.0 
76.583 355.0 
76.536 356.0 
76.548 357.0 
76.49 358.0 
76.595 359.0 
76.525 360.0 
76.56 361.0 
76.501 362.0 
76.49 363.0 
76.466 364.0 
76.478 365.0 
76.501 366.0 
76.536 367.0 
76.466 368.0 
76.525 369.0 
76.501 370.0 
76.536 371.0 
76.536 372.0 
76.572 373.0 
76.572 374.0 
76.56 375.0 
76.782 376.0 
76.478 377.0 
76.513 378.0 
76.501 379.0 
76.501 380.0 
76.501 381.0 
76.501 382.0 
76.501 383.0 
76.466 384.0 
76.49 385.0 
76.56 386.0 
76.466 387.0 
76.455 388.0 
76.548 389.0 
76.525 390.0 
76.513 391.0 
76.466 392.0 
76.572 393.0 
76.42 394.0 
76.513 395.0 
76.618 396.0 
76.455 397.0 
76.525 398.0 
76.431 399.0 
76.443 400.0 
76.536 401.0 
76.513 402.0 
76.595 403.0 
76.525 404.0 
76.501 405.0 
76.443 406.0 
76.525 407.0 
76.466 408.0 
76.513 409.0 
76.466 410.0 
76.501 411.0 
76.548 412.0 
77.004 413.0 
76.513 414.0 
76.49 415.0 
76.536 416.0 
76.455 417.0 
76.583 418.0 
76.536 419.0 
76.443 420.0 
76.501 421.0 
76.49 422.0 
76.536 423.0 
76.501 424.0 
76.49 425.0 
76.513 426.0 
76.536 427.0 
76.49 428.0 
76.478 429.0 
76.455 430.0 
76.525 431.0 
76.525 432.0 
76.56 433.0 
76.408 434.0 
76.443 435.0 
76.466 436.0 
76.536 437.0 
76.455 438.0 
76.443 439.0 
76.466 440.0 
76.478 441.0 
76.443 442.0 
76.478 443.0 
76.478 444.0 
76.501 445.0 
76.443 446.0 
76.56 447.0 
76.548 448.0 
76.513 449.0 
76.817 450.0 
76.49 451.0 
76.49 452.0 
76.443 453.0 
76.42 454.0 
76.525 455.0 
76.35 456.0 
76.513 457.0 
76.443 458.0 
76.536 459.0 
76.548 460.0 
76.525 461.0 
76.466 462.0 
76.572 463.0 
76.513 464.0 
76.49 465.0 
76.572 466.0 
76.49 467.0 
76.431 468.0 
76.525 469.0 
76.478 470.0 
76.49 471.0 
76.478 472.0 
76.431 473.0 
76.501 474.0 
76.56 475.0 
76.466 476.0 
76.408 477.0 
76.478 478.0 
76.396 479.0 
76.49 480.0 
76.525 481.0 
76.513 482.0 
76.56 483.0 
76.49 484.0 
76.536 485.0 
76.431 486.0 
76.443 487.0 
76.513 488.0 
76.478 489.0 
76.49 490.0 
76.548 491.0 
76.525 492.0 
76.49 493.0 
76.466 494.0 
76.455 495.0 
76.373 496.0 
76.49 497.0 
76.56 498.0 
76.42 499.0 
76.466 500.0 
76.466 501.0 
76.525 502.0 
76.396 503.0 
76.408 504.0 
76.431 505.0 
76.478 506.0 
76.408 507.0 
76.595 508.0 
76.408 509.0 
76.431 510.0 
76.455 511.0 
76.455 512.0 
76.466 513.0 
76.478 514.0 
76.501 515.0 
76.501 516.0 
76.77 517.0 
76.326 518.0 
76.326 519.0 
76.385 520.0 
76.385 521.0 
76.408 522.0 
76.396 523.0 
76.373 524.0 
76.373 525.0 
76.361 526.0 
76.361 527.0 
76.291 528.0 
76.338 529.0 
76.291 530.0 
76.28 531.0 
76.408 532.0 
76.361 533.0 
76.315 534.0 
76.315 535.0 
76.245 536.0 
76.233 537.0 
76.151 538.0 
76.116 539.0 
76.069 540.0 
76.174 541.0 
76.116 542.0 
76.093 543.0 
76.058 544.0 
76.023 545.0 
75.976 546.0 
76.069 547.0 
75.964 548.0 
76.023 549.0 
75.964 550.0 
75.882 551.0 
75.999 552.0 
75.976 553.0 
75.917 554.0 
75.906 555.0 
75.976 556.0 
75.953 557.0 
75.906 558.0 
75.59 559.0 
75.964 560.0 
75.894 561.0 
75.836 562.0 
75.953 563.0 
75.906 564.0 
75.789 565.0 
75.953 566.0 
76.011 567.0 
75.812 568.0 
75.976 569.0 
75.882 570.0 
75.976 571.0 
75.929 572.0 
75.847 573.0 
75.894 574.0 
75.894 575.0 
75.999 576.0 
75.906 577.0 
75.906 578.0 
75.976 579.0 
75.953 580.0 
75.988 581.0 
75.953 582.0 
75.976 583.0 
75.976 584.0 
76.058 585.0 
75.953 586.0 
75.882 587.0 
76.011 588.0 
75.917 589.0 
76.011 590.0 
75.929 591.0 
75.999 592.0 
75.894 593.0 
75.917 594.0 
75.906 595.0 
75.964 596.0 
75.894 597.0 
75.964 598.0 
75.906 599.0 
75.964 600.0 
76.058 601.0 
75.964 602.0 
76.034 603.0 
75.941 604.0 
76.023 605.0 
75.929 606.0 
76.011 607.0 
75.894 608.0 
75.953 609.0 
76.034 610.0 
75.941 611.0 
76.023 612.0 
75.894 613.0 
75.964 614.0 
75.847 615.0 
75.953 616.0 
75.999 617.0 
75.847 618.0 
75.976 619.0 
75.625 620.0 
75.917 621.0 
75.988 622.0 
75.894 623.0 
75.953 624.0 
76.023 625.0 
75.906 626.0 
75.953 627.0 
76.011 628.0 
75.929 629.0 
75.976 630.0 
76.046 631.0 
75.847 632.0 
75.953 633.0 
76.034 634.0 
75.882 635.0 
75.953 636.0 
75.999 637.0 
75.882 638.0 
75.964 639.0 
76.011 640.0 
75.894 641.0 
75.929 642.0 
75.999 643.0 
75.871 644.0 
75.906 645.0 
75.964 646.0 
76.023 647.0 
75.882 648.0 
75.929 649.0 
75.976 650.0 
75.894 651.0 
75.929 652.0 
75.929 653.0 
76.023 654.0 
75.882 655.0 
75.929 656.0 
75.941 657.0 
75.999 658.0 
75.894 659.0 
75.917 660.0 
75.988 661.0 
76.034 662.0 
75.882 663.0 
75.953 664.0 
75.976 665.0 
76.011 666.0 
75.906 667.0 
75.953 668.0 
75.999 669.0 
76.046 670.0 
75.906 671.0 
75.894 672.0 
75.917 673.0 
75.941 674.0 
75.999 675.0 
75.894 676.0 
75.906 677.0 
75.953 678.0 
75.999 679.0 
76.023 680.0 
75.882 681.0 
75.871 682.0 
75.964 683.0 
75.999 684.0 
76.011 685.0 
76.034 686.0 
75.871 687.0 
75.906 688.0 
75.953 689.0 
75.988 690.0 
76.023 691.0 
76.023 692.0 
75.859 693.0 
75.906 694.0 
75.941 695.0 
75.964 696.0 
75.988 697.0 
75.953 698.0 
75.684 699.0 
75.882 700.0 
75.894 701.0 
75.941 702.0 
75.941 703.0 
75.964 704.0 
76.023 705.0 
76.023 706.0 
75.847 707.0 
75.917 708.0 
75.906 709.0 
75.953 710.0 
75.976 711.0 
75.976 712.0 
76.011 713.0 
76.011 714.0 
76.034 715.0 
75.871 716.0 
75.847 717.0 
75.906 718.0 
75.906 719.0 
75.941 720.0 
75.953 721.0 
75.999 722.0 
76.011 723.0 
75.999 724.0 
76.011 725.0 
75.859 726.0 
75.859 727.0 
75.871 728.0 
75.894 729.0 
75.941 730.0 
75.953 731.0 
75.953 732.0 
75.953 733.0 
75.964 734.0 
76.011 735.0 
75.999 736.0 
76.011 737.0 
76.023 738.0 
75.707 739.0 
75.836 740.0 
75.847 741.0 
75.871 742.0 
75.894 743.0 
75.871 744.0 
75.882 745.0 
75.882 746.0 
75.894 747.0 
75.836 748.0 
75.917 749.0 
75.929 750.0 
75.953 751.0 
75.906 752.0 
75.906 753.0 
75.929 754.0 
75.953 755.0 
75.906 756.0 
75.953 757.0 
75.929 758.0 
75.953 759.0 
75.941 760.0 
75.964 761.0 
75.964 762.0 
75.988 763.0 
75.953 764.0 
75.941 765.0 
75.964 766.0 
75.999 767.0 
75.964 768.0 
75.988 769.0 
75.964 770.0 
75.988 771.0 
75.941 772.0 
75.929 773.0 
75.941 774.0 
75.976 775.0 
75.941 776.0 
75.929 777.0 
75.941 778.0 
75.976 779.0 
75.964 780.0 
75.953 781.0 
75.906 782.0 
75.929 783.0 
75.964 784.0 
75.964 785.0 
75.976 786.0 
75.964 787.0 
75.941 788.0 
75.953 789.0 
75.929 790.0 
75.941 791.0 
75.941 792.0 
75.941 793.0 
75.953 794.0 
75.964 795.0 
75.953 796.0 
75.941 797.0 
75.953 798.0 
75.964 799.0 
75.976 800.0 
75.941 801.0 
75.941 802.0 
75.988 803.0 
75.964 804.0 
0.011 805.0 
0.008 806.0 
0.006 807.0 
0.005 808.0 
-0.001 809.0 
0.002 810.0 
-0.01 811.0 
-0.012 812.0 
-0.016 813.0 
-0.022 814.0 
-0.025 815.0 
-0.032 816.0 
-0.03 817.0 
-0.037 818.0 
-0.036 819.0 
-0.035 820.0 
-0.037 821.0 
-0.038 822.0 
-0.036 823.0 
-0.03 824.0 
-0.03 825.0 
-0.022 826.0 
-0.023 827.0 
-0.02 828.0 
-0.016 829.0 
