-0.032 257.0 
-0.035 258.0 
-0.047 259.0 
-0.019 260.0 
-0.028 261.0 
-0.018 262.0 
-0.035 263.0 
-0.032 264.0 
-0.041 265.0 
-0.035 266.0 
-0.052 267.0 
-0.023 268.0 
-0.043 269.0 
-0.029 270.0 
-0.041 271.0 
-0.032 272.0 
-0.03 273.0 
-0.032 274.0 
146.439 275.0 
143.379 276.0 
142.293 277.0 
140.774 278.0 
138.976 279.0 
136.511 280.0 
134.479 281.0 
132.365 282.0 
128.511 283.0 
126.876 284.0 
126.525 285.0 
126.14 286.0 
125.941 287.0 
125.708 288.0 
125.357 289.0 
124.692 290.0 
124.493 291.0 
124.294 292.0 
124.049 293.0 
123.851 294.0 
123.477 295.0 
123.29 296.0 
123.232 297.0 
122.764 298.0 
122.461 299.0 
122.461 300.0 
121.842 301.0 
121.783 302.0 
121.246 303.0 
121.176 304.0 
120.954 305.0 
120.347 306.0 
119.167 307.0 
116.808 308.0 
113.97 309.0 
110.115 310.0 
106.401 311.0 
102.302 312.0 
98.389 313.0 
94.079 314.0 
90.026 315.0 
85.95 316.0 
82.446 317.0 
79.363 318.0 
79.176 319.0 
79.059 320.0 
78.849 321.0 
78.884 322.0 
78.709 323.0 
78.779 324.0 
78.721 325.0 
78.662 326.0 
78.721 327.0 
78.65 328.0 
78.791 329.0 
78.802 330.0 
78.686 331.0 
78.849 332.0 
78.791 333.0 
78.697 334.0 
78.639 335.0 
78.779 336.0 
78.802 337.0 
78.65 338.0 
78.896 339.0 
78.732 340.0 
78.721 341.0 
78.697 342.0 
78.767 343.0 
78.744 344.0 
78.721 345.0 
78.662 346.0 
78.639 347.0 
78.662 348.0 
78.767 349.0 
78.744 350.0 
78.686 351.0 
78.709 352.0 
78.674 353.0 
78.604 354.0 
78.65 355.0 
78.756 356.0 
78.802 357.0 
78.744 358.0 
78.791 359.0 
78.744 360.0 
78.744 361.0 
78.662 362.0 
78.709 363.0 
78.615 364.0 
78.686 365.0 
78.721 366.0 
78.709 367.0 
78.686 368.0 
78.697 369.0 
78.744 370.0 
78.709 371.0 
78.744 372.0 
78.756 373.0 
78.779 374.0 
78.802 375.0 
78.896 376.0 
78.697 377.0 
78.709 378.0 
78.65 379.0 
78.709 380.0 
78.721 381.0 
78.791 382.0 
78.697 383.0 
78.732 384.0 
78.65 385.0 
78.744 386.0 
78.65 387.0 
78.662 388.0 
78.721 389.0 
78.744 390.0 
78.697 391.0 
78.697 392.0 
78.779 393.0 
78.65 394.0 
78.756 395.0 
78.849 396.0 
78.662 397.0 
78.767 398.0 
78.604 399.0 
78.686 400.0 
78.744 401.0 
78.721 402.0 
78.802 403.0 
78.744 404.0 
78.686 405.0 
78.627 406.0 
78.709 407.0 
78.674 408.0 
78.721 409.0 
78.662 410.0 
78.721 411.0 
78.756 412.0 
79.129 413.0 
78.791 414.0 
78.65 415.0 
78.744 416.0 
78.65 417.0 
78.767 418.0 
78.721 419.0 
78.662 420.0 
78.697 421.0 
78.697 422.0 
78.779 423.0 
78.662 424.0 
78.721 425.0 
78.767 426.0 
78.721 427.0 
78.674 428.0 
78.697 429.0 
78.674 430.0 
78.721 431.0 
78.744 432.0 
78.767 433.0 
78.639 434.0 
78.697 435.0 
78.686 436.0 
78.756 437.0 
78.674 438.0 
78.674 439.0 
78.674 440.0 
78.674 441.0 
78.686 442.0 
78.697 443.0 
78.674 444.0 
78.65 445.0 
78.639 446.0 
78.767 447.0 
78.732 448.0 
78.697 449.0 
79.106 450.0 
78.697 451.0 
78.662 452.0 
78.662 453.0 
78.604 454.0 
78.732 455.0 
78.51 456.0 
78.697 457.0 
78.615 458.0 
78.721 459.0 
78.732 460.0 
78.721 461.0 
78.639 462.0 
78.744 463.0 
78.709 464.0 
78.697 465.0 
78.721 466.0 
78.697 467.0 
78.674 468.0 
78.721 469.0 
78.686 470.0 
78.662 471.0 
78.697 472.0 
78.615 473.0 
78.697 474.0 
78.791 475.0 
78.697 476.0 
78.639 477.0 
78.697 478.0 
78.592 479.0 
78.662 480.0 
78.767 481.0 
78.662 482.0 
78.732 483.0 
78.627 484.0 
78.697 485.0 
78.639 486.0 
78.615 487.0 
78.744 488.0 
78.639 489.0 
78.721 490.0 
78.756 491.0 
78.721 492.0 
78.662 493.0 
78.732 494.0 
78.65 495.0 
78.615 496.0 
78.697 497.0 
78.744 498.0 
78.615 499.0 
78.58 500.0 
78.686 501.0 
78.686 502.0 
78.58 503.0 
78.615 504.0 
78.639 505.0 
78.697 506.0 
78.627 507.0 
78.802 508.0 
78.592 509.0 
78.627 510.0 
78.639 511.0 
78.65 512.0 
78.697 513.0 
78.686 514.0 
78.674 515.0 
78.686 516.0 
79.059 517.0 
78.557 518.0 
78.58 519.0 
78.545 520.0 
78.569 521.0 
78.569 522.0 
78.58 523.0 
78.569 524.0 
78.545 525.0 
78.557 526.0 
78.557 527.0 
78.475 528.0 
78.522 529.0 
78.464 530.0 
78.499 531.0 
78.615 532.0 
78.604 533.0 
78.569 534.0 
78.557 535.0 
78.487 536.0 
78.487 537.0 
78.452 538.0 
78.359 539.0 
78.323 540.0 
78.44 541.0 
78.394 542.0 
78.323 543.0 
78.323 544.0 
78.277 545.0 
78.207 546.0 
78.323 547.0 
78.277 548.0 
78.242 549.0 
78.16 550.0 
78.125 551.0 
78.265 552.0 
78.218 553.0 
78.148 554.0 
78.16 555.0 
78.288 556.0 
78.195 557.0 
78.16 558.0 
77.833 559.0 
78.23 560.0 
78.148 561.0 
78.125 562.0 
78.23 563.0 
78.183 564.0 
78.043 565.0 
78.23 566.0 
78.265 567.0 
78.102 568.0 
78.172 569.0 
78.137 570.0 
78.253 571.0 
78.183 572.0 
78.137 573.0 
78.195 574.0 
78.125 575.0 
78.499 576.0 
78.16 577.0 
78.183 578.0 
78.265 579.0 
78.172 580.0 
78.277 581.0 
78.207 582.0 
78.253 583.0 
78.23 584.0 
78.312 585.0 
78.218 586.0 
78.125 587.0 
78.265 588.0 
78.16 589.0 
78.242 590.0 
78.148 591.0 
78.218 592.0 
78.183 593.0 
78.218 594.0 
78.16 595.0 
78.195 596.0 
78.183 597.0 
78.23 598.0 
78.172 599.0 
78.195 600.0 
78.288 601.0 
78.195 602.0 
78.265 603.0 
78.183 604.0 
78.265 605.0 
78.16 606.0 
78.218 607.0 
78.137 608.0 
78.207 609.0 
78.277 610.0 
78.218 611.0 
78.265 612.0 
78.16 613.0 
78.242 614.0 
78.102 615.0 
78.23 616.0 
78.312 617.0 
78.125 618.0 
78.23 619.0 
77.751 620.0 
78.183 621.0 
78.23 622.0 
78.113 623.0 
78.195 624.0 
78.288 625.0 
78.148 626.0 
78.218 627.0 
78.277 628.0 
78.172 629.0 
78.23 630.0 
78.312 631.0 
78.102 632.0 
78.23 633.0 
78.288 634.0 
78.172 635.0 
78.23 636.0 
78.265 637.0 
78.172 638.0 
78.218 639.0 
78.23 640.0 
78.137 641.0 
78.172 642.0 
78.242 643.0 
78.09 644.0 
78.183 645.0 
78.23 646.0 
78.265 647.0 
78.137 648.0 
78.172 649.0 
78.265 650.0 
78.137 651.0 
78.148 652.0 
78.218 653.0 
78.277 654.0 
78.148 655.0 
78.148 656.0 
78.23 657.0 
78.288 658.0 
78.148 659.0 
78.183 660.0 
78.277 661.0 
78.277 662.0 
78.102 663.0 
78.195 664.0 
78.242 665.0 
78.265 666.0 
78.148 667.0 
78.172 668.0 
78.23 669.0 
78.265 670.0 
78.16 671.0 
78.137 672.0 
78.183 673.0 
78.23 674.0 
78.23 675.0 
78.125 676.0 
78.183 677.0 
78.207 678.0 
78.218 679.0 
78.253 680.0 
78.078 681.0 
78.137 682.0 
78.207 683.0 
78.218 684.0 
78.253 685.0 
78.288 686.0 
78.137 687.0 
78.137 688.0 
78.207 689.0 
78.253 690.0 
78.253 691.0 
78.288 692.0 
78.137 693.0 
78.125 694.0 
78.183 695.0 
78.218 696.0 
78.253 697.0 
78.265 698.0 
77.973 699.0 
78.125 700.0 
78.172 701.0 
78.16 702.0 
78.172 703.0 
78.195 704.0 
78.265 705.0 
78.288 706.0 
78.113 707.0 
78.125 708.0 
78.148 709.0 
78.183 710.0 
78.218 711.0 
78.242 712.0 
78.277 713.0 
78.265 714.0 
78.288 715.0 
78.137 716.0 
78.148 717.0 
78.148 718.0 
78.16 719.0 
78.195 720.0 
78.23 721.0 
78.218 722.0 
78.253 723.0 
78.277 724.0 
78.288 725.0 
78.102 726.0 
78.067 727.0 
78.148 728.0 
78.172 729.0 
78.195 730.0 
78.183 731.0 
78.207 732.0 
78.265 733.0 
78.253 734.0 
78.23 735.0 
78.288 736.0 
78.277 737.0 
78.277 738.0 
77.88 739.0 
78.113 740.0 
78.102 741.0 
78.113 742.0 
78.113 743.0 
78.113 744.0 
78.113 745.0 
78.125 746.0 
78.16 747.0 
78.148 748.0 
78.183 749.0 
78.172 750.0 
78.148 751.0 
78.172 752.0 
78.172 753.0 
78.183 754.0 
78.16 755.0 
78.183 756.0 
78.195 757.0 
78.172 758.0 
78.207 759.0 
78.207 760.0 
78.218 761.0 
78.16 762.0 
78.207 763.0 
78.23 764.0 
78.23 765.0 
78.195 766.0 
78.253 767.0 
78.207 768.0 
78.207 769.0 
78.23 770.0 
78.195 771.0 
78.207 772.0 
78.218 773.0 
78.195 774.0 
78.218 775.0 
78.23 776.0 
78.195 777.0 
78.23 778.0 
78.207 779.0 
78.218 780.0 
78.207 781.0 
78.195 782.0 
78.195 783.0 
78.207 784.0 
78.242 785.0 
78.183 786.0 
78.172 787.0 
78.207 788.0 
78.207 789.0 
78.183 790.0 
78.207 791.0 
78.218 792.0 
78.207 793.0 
78.218 794.0 
78.183 795.0 
78.23 796.0 
78.242 797.0 
78.242 798.0 
78.172 799.0 
78.207 800.0 
78.207 801.0 
78.218 802.0 
78.218 803.0 
78.195 804.0 
0.004 805.0 
0.002 806.0 
-0.001 807.0 
0.01 808.0 
-0.005 809.0 
0.005 810.0 
0.005 811.0 
-0.007 812.0 
-0.004 813.0 
-0.01 814.0 
-0.012 815.0 
-0.011 816.0 
-0.008 817.0 
-0.018 818.0 
-0.02 819.0 
-0.025 820.0 
-0.023 821.0 
-0.036 822.0 
-0.029 823.0 
-0.038 824.0 
-0.028 825.0 
-0.028 826.0 
-0.022 827.0 
-0.02 828.0 
-0.026 829.0 
