-0.046 257.0 
-0.036 258.0 
-0.056 259.0 
-0.044 260.0 
-0.031 261.0 
-0.029 262.0 
-0.028 263.0 
-0.028 264.0 
-0.028 265.0 
-0.026 266.0 
-0.035 267.0 
-0.019 268.0 
-0.018 269.0 
-0.022 270.0 
-0.03 271.0 
-0.04 272.0 
-0.041 273.0 
-0.036 274.0 
146.1 275.0 
143.274 276.0 
142.153 277.0 
140.471 278.0 
138.777 279.0 
136.616 280.0 
134.654 281.0 
132.12 282.0 
128.557 283.0 
127.354 284.0 
126.899 285.0 
126.525 286.0 
126.315 287.0 
126.081 288.0 
125.813 289.0 
125.264 290.0 
124.972 291.0 
124.75 292.0 
124.563 293.0 
124.481 294.0 
123.944 295.0 
123.851 296.0 
123.722 297.0 
123.22 298.0 
123.091 299.0 
122.998 300.0 
122.472 301.0 
122.391 302.0 
121.888 303.0 
121.807 304.0 
121.725 305.0 
121.083 306.0 
119.903 307.0 
117.555 308.0 
114.869 309.0 
111.026 310.0 
107.16 311.0 
102.874 312.0 
98.669 313.0 
94.546 314.0 
90.447 315.0 
86.231 316.0 
82.61 317.0 
79.667 318.0 
79.538 319.0 
79.34 320.0 
79.001 321.0 
79.164 322.0 
79.118 323.0 
79.106 324.0 
79.036 325.0 
78.919 326.0 
79.048 327.0 
79.013 328.0 
79.164 329.0 
79.094 330.0 
78.989 331.0 
79.351 332.0 
79.094 333.0 
78.978 334.0 
79.071 335.0 
79.071 336.0 
79.024 337.0 
78.954 338.0 
79.34 339.0 
78.966 340.0 
78.978 341.0 
79.001 342.0 
78.942 343.0 
79.013 344.0 
78.966 345.0 
78.978 346.0 
78.942 347.0 
79.013 348.0 
79.048 349.0 
78.989 350.0 
78.954 351.0 
79.013 352.0 
78.978 353.0 
78.826 354.0 
79.059 355.0 
79.001 356.0 
79.071 357.0 
79.013 358.0 
79.059 359.0 
79.024 360.0 
79.059 361.0 
79.013 362.0 
78.989 363.0 
78.942 364.0 
78.954 365.0 
79.013 366.0 
79.001 367.0 
78.966 368.0 
78.978 369.0 
78.989 370.0 
78.978 371.0 
78.989 372.0 
78.989 373.0 
79.036 374.0 
79.036 375.0 
79.328 376.0 
78.814 377.0 
78.978 378.0 
78.978 379.0 
78.978 380.0 
78.966 381.0 
79.094 382.0 
78.989 383.0 
78.919 384.0 
78.954 385.0 
79.036 386.0 
78.907 387.0 
78.942 388.0 
79.013 389.0 
79.001 390.0 
78.966 391.0 
78.942 392.0 
79.036 393.0 
78.872 394.0 
78.942 395.0 
79.048 396.0 
78.907 397.0 
78.966 398.0 
78.931 399.0 
78.919 400.0 
79.048 401.0 
78.978 402.0 
79.036 403.0 
79.001 404.0 
78.942 405.0 
78.942 406.0 
78.978 407.0 
78.919 408.0 
78.978 409.0 
78.884 410.0 
78.942 411.0 
79.024 412.0 
79.059 413.0 
79.001 414.0 
78.931 415.0 
79.013 416.0 
78.931 417.0 
79.036 418.0 
78.978 419.0 
78.942 420.0 
78.966 421.0 
79.001 422.0 
79.013 423.0 
78.942 424.0 
78.872 425.0 
79.013 426.0 
78.989 427.0 
78.931 428.0 
78.942 429.0 
78.942 430.0 
78.954 431.0 
78.978 432.0 
79.001 433.0 
78.872 434.0 
78.919 435.0 
78.966 436.0 
79.118 437.0 
78.849 438.0 
78.931 439.0 
78.931 440.0 
78.942 441.0 
78.931 442.0 
78.931 443.0 
78.919 444.0 
78.919 445.0 
78.884 446.0 
78.989 447.0 
79.001 448.0 
78.954 449.0 
78.966 450.0 
78.931 451.0 
78.907 452.0 
78.884 453.0 
78.826 454.0 
78.966 455.0 
78.966 456.0 
78.919 457.0 
78.849 458.0 
78.989 459.0 
78.954 460.0 
78.954 461.0 
78.884 462.0 
79.013 463.0 
78.931 464.0 
79.001 465.0 
79.013 466.0 
78.942 467.0 
78.872 468.0 
78.978 469.0 
78.896 470.0 
78.931 471.0 
78.919 472.0 
79.013 473.0 
78.907 474.0 
79.024 475.0 
78.954 476.0 
78.884 477.0 
78.942 478.0 
78.849 479.0 
78.896 480.0 
79.024 481.0 
78.931 482.0 
79.001 483.0 
78.919 484.0 
78.978 485.0 
78.907 486.0 
78.826 487.0 
78.978 488.0 
78.896 489.0 
78.942 490.0 
78.966 491.0 
78.942 492.0 
78.896 493.0 
78.954 494.0 
78.896 495.0 
78.826 496.0 
78.931 497.0 
78.978 498.0 
78.861 499.0 
78.872 500.0 
78.931 501.0 
78.966 502.0 
78.814 503.0 
78.861 504.0 
78.884 505.0 
78.896 506.0 
78.896 507.0 
79.153 508.0 
78.861 509.0 
78.872 510.0 
78.884 511.0 
78.884 512.0 
78.896 513.0 
78.954 514.0 
78.942 515.0 
78.942 516.0 
79.258 517.0 
78.697 518.0 
78.756 519.0 
78.791 520.0 
78.826 521.0 
78.814 522.0 
78.791 523.0 
78.814 524.0 
78.767 525.0 
78.767 526.0 
78.756 527.0 
78.767 528.0 
78.732 529.0 
78.697 530.0 
78.709 531.0 
78.826 532.0 
78.791 533.0 
78.721 534.0 
78.721 535.0 
78.697 536.0 
78.65 537.0 
78.569 538.0 
78.51 539.0 
78.51 540.0 
78.615 541.0 
78.534 542.0 
78.487 543.0 
78.44 544.0 
78.429 545.0 
78.335 546.0 
78.487 547.0 
78.417 548.0 
78.359 549.0 
78.335 550.0 
78.265 551.0 
78.37 552.0 
78.347 553.0 
78.253 554.0 
78.23 555.0 
78.359 556.0 
78.3 557.0 
78.265 558.0 
77.821 559.0 
78.335 560.0 
78.312 561.0 
78.218 562.0 
78.323 563.0 
78.277 564.0 
78.172 565.0 
78.347 566.0 
78.417 567.0 
78.195 568.0 
78.312 569.0 
78.242 570.0 
78.359 571.0 
78.265 572.0 
78.242 573.0 
78.335 574.0 
78.23 575.0 
78.359 576.0 
78.242 577.0 
78.277 578.0 
78.382 579.0 
78.3 580.0 
78.37 581.0 
78.359 582.0 
78.394 583.0 
78.323 584.0 
78.429 585.0 
78.335 586.0 
78.312 587.0 
78.37 588.0 
78.265 589.0 
78.323 590.0 
78.277 591.0 
78.288 592.0 
78.265 593.0 
78.3 594.0 
78.277 595.0 
78.347 596.0 
78.277 597.0 
78.359 598.0 
78.253 599.0 
78.323 600.0 
78.417 601.0 
78.335 602.0 
78.394 603.0 
78.288 604.0 
78.359 605.0 
78.288 606.0 
78.335 607.0 
78.242 608.0 
78.3 609.0 
78.405 610.0 
78.277 611.0 
78.394 612.0 
78.277 613.0 
78.37 614.0 
78.253 615.0 
78.335 616.0 
78.394 617.0 
78.253 618.0 
78.323 619.0 
77.996 620.0 
78.288 621.0 
78.347 622.0 
78.253 623.0 
78.277 624.0 
78.382 625.0 
78.23 626.0 
78.347 627.0 
78.347 628.0 
78.3 629.0 
78.3 630.0 
78.394 631.0 
78.218 632.0 
78.347 633.0 
78.394 634.0 
78.288 635.0 
78.347 636.0 
78.394 637.0 
78.253 638.0 
78.335 639.0 
78.394 640.0 
78.253 641.0 
78.312 642.0 
78.37 643.0 
78.242 644.0 
78.288 645.0 
78.312 646.0 
78.382 647.0 
78.277 648.0 
78.288 649.0 
78.347 650.0 
78.207 651.0 
78.242 652.0 
78.3 653.0 
78.37 654.0 
78.207 655.0 
78.288 656.0 
78.288 657.0 
78.347 658.0 
78.253 659.0 
78.312 660.0 
78.347 661.0 
78.417 662.0 
78.183 663.0 
78.323 664.0 
78.347 665.0 
78.382 666.0 
78.23 667.0 
78.312 668.0 
78.37 669.0 
78.417 670.0 
78.242 671.0 
78.277 672.0 
78.253 673.0 
78.359 674.0 
78.382 675.0 
78.23 676.0 
78.265 677.0 
78.3 678.0 
78.3 679.0 
78.382 680.0 
78.242 681.0 
78.277 682.0 
78.312 683.0 
78.359 684.0 
78.37 685.0 
78.405 686.0 
78.253 687.0 
78.288 688.0 
78.3 689.0 
78.335 690.0 
78.37 691.0 
78.405 692.0 
78.218 693.0 
78.23 694.0 
78.312 695.0 
78.312 696.0 
78.347 697.0 
78.359 698.0 
77.903 699.0 
78.218 700.0 
78.253 701.0 
78.253 702.0 
78.312 703.0 
78.3 704.0 
78.37 705.0 
78.394 706.0 
78.265 707.0 
78.242 708.0 
78.3 709.0 
78.3 710.0 
78.335 711.0 
78.359 712.0 
78.37 713.0 
78.382 714.0 
78.405 715.0 
78.242 716.0 
78.242 717.0 
78.3 718.0 
78.288 719.0 
78.277 720.0 
78.323 721.0 
78.323 722.0 
78.37 723.0 
78.382 724.0 
78.429 725.0 
78.207 726.0 
78.183 727.0 
78.242 728.0 
78.288 729.0 
78.277 730.0 
78.288 731.0 
78.323 732.0 
78.323 733.0 
78.323 734.0 
78.37 735.0 
78.347 736.0 
78.405 737.0 
78.405 738.0 
77.95 739.0 
78.207 740.0 
78.218 741.0 
78.242 742.0 
78.218 743.0 
78.253 744.0 
78.242 745.0 
78.288 746.0 
78.253 747.0 
78.265 748.0 
78.277 749.0 
78.265 750.0 
78.265 751.0 
78.288 752.0 
78.277 753.0 
78.3 754.0 
78.288 755.0 
78.312 756.0 
78.3 757.0 
78.3 758.0 
78.3 759.0 
78.312 760.0 
78.3 761.0 
78.323 762.0 
78.3 763.0 
78.335 764.0 
78.335 765.0 
78.335 766.0 
78.312 767.0 
78.347 768.0 
78.347 769.0 
78.347 770.0 
78.3 771.0 
78.288 772.0 
78.335 773.0 
78.335 774.0 
78.323 775.0 
78.312 776.0 
78.3 777.0 
78.3 778.0 
78.3 779.0 
78.323 780.0 
78.323 781.0 
78.312 782.0 
78.312 783.0 
78.323 784.0 
78.3 785.0 
78.323 786.0 
78.323 787.0 
78.323 788.0 
78.323 789.0 
78.323 790.0 
78.288 791.0 
78.3 792.0 
78.3 793.0 
78.323 794.0 
78.3 795.0 
78.323 796.0 
78.288 797.0 
78.312 798.0 
78.323 799.0 
78.335 800.0 
78.335 801.0 
78.323 802.0 
78.323 803.0 
78.323 804.0 
0.005 805.0 
0.006 806.0 
-0.001 807.0 
0.002 808.0 
0.006 809.0 
-0.011 810.0 
-0.013 811.0 
-0.018 812.0 
-0.016 813.0 
-0.02 814.0 
-0.028 815.0 
-0.035 816.0 
-0.034 817.0 
-0.035 818.0 
-0.03 819.0 
-0.036 820.0 
-0.031 821.0 
-0.034 822.0 
-0.029 823.0 
-0.025 824.0 
-0.023 825.0 
-0.018 826.0 
-0.022 827.0 
-0.012 828.0 
-0.011 829.0 
