-0.004 257.0 
-0.037 258.0 
-0.042 259.0 
-0.035 260.0 
-0.061 261.0 
-0.038 262.0 
-0.036 263.0 
-0.038 264.0 
-0.023 265.0 
-0.058 266.0 
-0.036 267.0 
-0.019 268.0 
-0.022 269.0 
-0.029 270.0 
-0.055 271.0 
-0.025 272.0 
-0.025 273.0 
-0.029 274.0 
147.677 275.0 
143.963 276.0 
142.9 277.0 
141.253 278.0 
139.466 279.0 
137.294 280.0 
135.589 281.0 
133.264 282.0 
130.088 283.0 
128.966 284.0 
128.569 285.0 
128.16 286.0 
127.962 287.0 
127.693 288.0 
127.354 289.0 
126.665 290.0 
126.549 291.0 
126.268 292.0 
126.093 293.0 
125.708 294.0 
125.486 295.0 
125.264 296.0 
125.182 297.0 
124.668 298.0 
124.458 299.0 
124.166 300.0 
123.757 301.0 
123.757 302.0 
123.22 303.0 
123.185 304.0 
122.834 305.0 
122.379 306.0 
121.223 307.0 
118.969 308.0 
116.154 309.0 
112.323 310.0 
108.504 311.0 
104.135 312.0 
100.55 313.0 
96.123 314.0 
92.07 315.0 
87.796 316.0 
84.093 317.0 
80.986 318.0 
80.846 319.0 
80.648 320.0 
80.496 321.0 
80.496 322.0 
80.437 323.0 
80.484 324.0 
80.426 325.0 
80.321 326.0 
80.402 327.0 
80.344 328.0 
80.449 329.0 
80.437 330.0 
80.356 331.0 
80.367 332.0 
80.449 333.0 
80.367 334.0 
80.321 335.0 
80.484 336.0 
80.449 337.0 
80.367 338.0 
80.578 339.0 
80.379 340.0 
80.402 341.0 
80.356 342.0 
80.402 343.0 
80.402 344.0 
80.367 345.0 
80.332 346.0 
80.286 347.0 
80.367 348.0 
80.437 349.0 
80.379 350.0 
80.379 351.0 
80.426 352.0 
80.356 353.0 
80.332 354.0 
80.321 355.0 
80.426 356.0 
80.437 357.0 
80.379 358.0 
80.461 359.0 
80.402 360.0 
80.449 361.0 
80.367 362.0 
80.426 363.0 
80.356 364.0 
80.367 365.0 
80.391 366.0 
80.414 367.0 
80.332 368.0 
80.367 369.0 
80.367 370.0 
80.414 371.0 
80.426 372.0 
80.426 373.0 
80.449 374.0 
80.718 375.0 
80.473 376.0 
80.379 377.0 
80.391 378.0 
80.402 379.0 
80.367 380.0 
80.379 381.0 
80.449 382.0 
80.356 383.0 
80.379 384.0 
80.379 385.0 
80.426 386.0 
80.332 387.0 
80.332 388.0 
80.426 389.0 
80.391 390.0 
80.367 391.0 
80.379 392.0 
80.414 393.0 
80.274 394.0 
80.367 395.0 
80.473 396.0 
80.356 397.0 
80.437 398.0 
80.297 399.0 
80.321 400.0 
80.449 401.0 
80.414 402.0 
80.484 403.0 
80.437 404.0 
80.379 405.0 
80.297 406.0 
80.356 407.0 
80.332 408.0 
80.379 409.0 
80.309 410.0 
80.414 411.0 
80.437 412.0 
80.729 413.0 
80.426 414.0 
80.332 415.0 
80.391 416.0 
80.286 417.0 
80.426 418.0 
80.414 419.0 
80.332 420.0 
80.367 421.0 
80.402 422.0 
80.437 423.0 
80.332 424.0 
80.379 425.0 
80.367 426.0 
80.426 427.0 
80.356 428.0 
80.356 429.0 
80.367 430.0 
80.391 431.0 
80.402 432.0 
80.426 433.0 
80.286 434.0 
80.309 435.0 
80.356 436.0 
80.391 437.0 
80.321 438.0 
80.297 439.0 
80.367 440.0 
80.344 441.0 
80.297 442.0 
80.379 443.0 
80.367 444.0 
80.274 445.0 
80.309 446.0 
80.426 447.0 
80.414 448.0 
80.414 449.0 
80.531 450.0 
80.391 451.0 
80.321 452.0 
80.321 453.0 
80.274 454.0 
80.414 455.0 
80.181 456.0 
80.356 457.0 
80.321 458.0 
80.391 459.0 
80.437 460.0 
80.356 461.0 
80.344 462.0 
80.426 463.0 
80.414 464.0 
80.344 465.0 
80.391 466.0 
80.367 467.0 
80.286 468.0 
80.402 469.0 
80.356 470.0 
80.274 471.0 
80.379 472.0 
80.251 473.0 
80.379 474.0 
80.437 475.0 
80.379 476.0 
80.309 477.0 
80.367 478.0 
80.274 479.0 
80.344 480.0 
80.449 481.0 
80.344 482.0 
80.449 483.0 
80.344 484.0 
80.367 485.0 
80.286 486.0 
80.332 487.0 
80.379 488.0 
80.332 489.0 
80.344 490.0 
80.402 491.0 
80.367 492.0 
80.321 493.0 
80.402 494.0 
80.309 495.0 
80.309 496.0 
80.367 497.0 
80.437 498.0 
80.274 499.0 
80.321 500.0 
80.367 501.0 
80.367 502.0 
80.274 503.0 
80.321 504.0 
80.309 505.0 
80.344 506.0 
80.251 507.0 
80.461 508.0 
80.297 509.0 
80.274 510.0 
80.309 511.0 
80.321 512.0 
80.309 513.0 
80.367 514.0 
80.391 515.0 
80.332 516.0 
80.753 517.0 
80.181 518.0 
80.227 519.0 
80.251 520.0 
80.239 521.0 
80.274 522.0 
80.251 523.0 
80.262 524.0 
80.216 525.0 
80.227 526.0 
80.216 527.0 
80.122 528.0 
80.157 529.0 
80.134 530.0 
80.11 531.0 
80.286 532.0 
80.426 533.0 
80.145 534.0 
80.181 535.0 
80.134 536.0 
80.099 537.0 
80.052 538.0 
79.97 539.0 
79.912 540.0 
80.052 541.0 
79.924 542.0 
79.959 543.0 
79.877 544.0 
79.842 545.0 
79.783 546.0 
79.9 547.0 
79.877 548.0 
79.795 549.0 
79.737 550.0 
79.655 551.0 
79.83 552.0 
79.76 553.0 
79.69 554.0 
79.643 555.0 
79.83 556.0 
79.772 557.0 
79.737 558.0 
79.375 559.0 
79.795 560.0 
79.702 561.0 
79.678 562.0 
79.772 563.0 
79.748 564.0 
79.62 565.0 
79.76 566.0 
79.795 567.0 
79.667 568.0 
79.783 569.0 
79.702 570.0 
79.772 571.0 
79.737 572.0 
79.643 573.0 
79.737 574.0 
79.702 575.0 
79.795 576.0 
79.737 577.0 
79.702 578.0 
79.795 579.0 
79.737 580.0 
79.818 581.0 
79.772 582.0 
79.772 583.0 
79.772 584.0 
79.877 585.0 
79.772 586.0 
79.713 587.0 
79.807 588.0 
79.737 589.0 
79.795 590.0 
79.725 591.0 
79.772 592.0 
79.725 593.0 
79.748 594.0 
79.69 595.0 
79.748 596.0 
79.702 597.0 
79.83 598.0 
79.713 599.0 
79.737 600.0 
79.865 601.0 
79.772 602.0 
79.842 603.0 
79.76 604.0 
79.818 605.0 
79.702 606.0 
79.807 607.0 
79.678 608.0 
79.772 609.0 
79.818 610.0 
79.737 611.0 
79.807 612.0 
79.713 613.0 
79.795 614.0 
79.702 615.0 
79.748 616.0 
79.818 617.0 
79.667 618.0 
79.818 619.0 
79.491 620.0 
79.748 621.0 
79.807 622.0 
79.725 623.0 
79.713 624.0 
79.83 625.0 
79.678 626.0 
79.76 627.0 
79.818 628.0 
79.748 629.0 
79.76 630.0 
79.842 631.0 
79.678 632.0 
79.783 633.0 
79.9 634.0 
79.737 635.0 
79.807 636.0 
79.854 637.0 
79.702 638.0 
79.76 639.0 
79.795 640.0 
79.725 641.0 
79.76 642.0 
79.783 643.0 
79.702 644.0 
79.702 645.0 
79.748 646.0 
79.807 647.0 
79.713 648.0 
79.713 649.0 
79.807 650.0 
79.667 651.0 
79.667 652.0 
79.76 653.0 
79.807 654.0 
79.678 655.0 
79.737 656.0 
79.783 657.0 
79.83 658.0 
79.713 659.0 
79.795 660.0 
79.83 661.0 
79.877 662.0 
79.667 663.0 
79.76 664.0 
79.772 665.0 
79.842 666.0 
79.702 667.0 
79.76 668.0 
79.795 669.0 
79.818 670.0 
79.702 671.0 
79.713 672.0 
79.725 673.0 
79.795 674.0 
79.818 675.0 
79.667 676.0 
79.713 677.0 
79.76 678.0 
79.76 679.0 
79.842 680.0 
79.69 681.0 
79.69 682.0 
79.76 683.0 
79.783 684.0 
79.807 685.0 
79.842 686.0 
79.69 687.0 
79.713 688.0 
79.725 689.0 
79.76 690.0 
79.83 691.0 
79.842 692.0 
79.643 693.0 
79.69 694.0 
79.737 695.0 
79.76 696.0 
79.795 697.0 
79.807 698.0 
79.562 699.0 
79.702 700.0 
79.713 701.0 
79.737 702.0 
79.76 703.0 
79.795 704.0 
79.772 705.0 
79.842 706.0 
79.655 707.0 
79.678 708.0 
79.713 709.0 
79.76 710.0 
79.76 711.0 
79.76 712.0 
79.795 713.0 
79.818 714.0 
79.597 715.0 
79.69 716.0 
79.655 717.0 
79.713 718.0 
79.725 719.0 
79.76 720.0 
79.772 721.0 
79.818 722.0 
79.795 723.0 
79.83 724.0 
79.818 725.0 
79.62 726.0 
79.655 727.0 
79.678 728.0 
79.737 729.0 
79.725 730.0 
79.748 731.0 
79.737 732.0 
79.783 733.0 
79.772 734.0 
79.795 735.0 
79.818 736.0 
79.854 737.0 
79.842 738.0 
79.503 739.0 
79.655 740.0 
79.632 741.0 
79.667 742.0 
79.667 743.0 
79.702 744.0 
79.702 745.0 
79.702 746.0 
79.69 747.0 
79.725 748.0 
79.737 749.0 
79.702 750.0 
79.725 751.0 
79.702 752.0 
79.702 753.0 
79.725 754.0 
79.737 755.0 
79.748 756.0 
79.737 757.0 
79.76 758.0 
79.772 759.0 
79.748 760.0 
79.737 761.0 
79.76 762.0 
79.772 763.0 
79.795 764.0 
79.76 765.0 
79.772 766.0 
79.76 767.0 
79.76 768.0 
79.772 769.0 
79.772 770.0 
79.772 771.0 
79.783 772.0 
79.76 773.0 
79.76 774.0 
79.737 775.0 
79.783 776.0 
79.772 777.0 
79.807 778.0 
79.783 779.0 
79.783 780.0 
79.772 781.0 
79.772 782.0 
79.748 783.0 
79.748 784.0 
79.748 785.0 
79.737 786.0 
79.783 787.0 
79.748 788.0 
79.76 789.0 
79.772 790.0 
79.783 791.0 
79.725 792.0 
79.748 793.0 
79.772 794.0 
79.76 795.0 
79.772 796.0 
79.748 797.0 
79.772 798.0 
79.76 799.0 
79.76 800.0 
79.76 801.0 
79.795 802.0 
79.772 803.0 
79.783 804.0 
0.008 805.0 
0.004 806.0 
0.008 807.0 
0.008 808.0 
0.002 809.0 
-0.011 810.0 
-0.02 811.0 
-0.02 812.0 
-0.032 813.0 
-0.032 814.0 
-0.042 815.0 
-0.04 816.0 
-0.043 817.0 
-0.047 818.0 
-0.042 819.0 
-0.049 820.0 
-0.043 821.0 
-0.042 822.0 
-0.031 823.0 
-0.034 824.0 
-0.037 825.0 
-0.029 826.0 
-0.03 827.0 
-0.022 828.0 
-0.014 829.0 
