-0.032 257.0 
-0.028 258.0 
-0.024 259.0 
-0.037 260.0 
-0.023 261.0 
-0.023 262.0 
-0.035 263.0 
-0.058 264.0 
-0.014 265.0 
-0.008 266.0 
-0.031 267.0 
-0.048 268.0 
-0.032 269.0 
-0.032 270.0 
-0.023 271.0 
-0.04 272.0 
-0.043 273.0 
-0.044 274.0 
150.258 275.0 
147.081 276.0 
145.867 277.0 
144.395 278.0 
142.666 279.0 
140.307 280.0 
138.403 281.0 
136.009 282.0 
132.774 283.0 
131.407 284.0 
131.01 285.0 
130.718 286.0 
130.59 287.0 
130.344 288.0 
130.123 289.0 
129.457 290.0 
129.352 291.0 
129.165 292.0 
128.943 293.0 
128.721 294.0 
128.359 295.0 
128.195 296.0 
128.16 297.0 
127.588 298.0 
127.436 299.0 
127.366 300.0 
126.841 301.0 
126.782 302.0 
126.315 303.0 
126.222 304.0 
125.953 305.0 
125.556 306.0 
124.341 307.0 
121.923 308.0 
118.922 309.0 
114.846 310.0 
110.629 311.0 
106.133 312.0 
101.881 313.0 
97.408 314.0 
93.39 315.0 
89.267 316.0 
85.553 317.0 
82.458 318.0 
82.318 319.0 
82.119 320.0 
81.944 321.0 
81.968 322.0 
81.839 323.0 
81.874 324.0 
81.781 325.0 
81.711 326.0 
81.851 327.0 
81.734 328.0 
81.781 329.0 
81.827 330.0 
81.757 331.0 
81.874 332.0 
81.862 333.0 
81.757 334.0 
81.722 335.0 
81.851 336.0 
81.851 337.0 
81.757 338.0 
81.816 339.0 
81.781 340.0 
81.816 341.0 
81.757 342.0 
81.851 343.0 
81.792 344.0 
81.757 345.0 
81.746 346.0 
81.687 347.0 
81.734 348.0 
81.827 349.0 
81.816 350.0 
81.781 351.0 
81.816 352.0 
81.769 353.0 
81.734 354.0 
81.711 355.0 
81.839 356.0 
81.816 357.0 
81.827 358.0 
81.862 359.0 
81.792 360.0 
81.827 361.0 
81.781 362.0 
81.839 363.0 
81.699 364.0 
81.757 365.0 
81.804 366.0 
81.792 367.0 
81.746 368.0 
81.746 369.0 
81.804 370.0 
81.804 371.0 
81.804 372.0 
81.827 373.0 
81.874 374.0 
81.886 375.0 
81.932 376.0 
81.757 377.0 
81.769 378.0 
81.792 379.0 
81.746 380.0 
81.769 381.0 
81.711 382.0 
81.781 383.0 
81.711 384.0 
81.734 385.0 
81.851 386.0 
81.711 387.0 
81.699 388.0 
81.781 389.0 
81.804 390.0 
81.781 391.0 
81.734 392.0 
81.851 393.0 
81.734 394.0 
81.827 395.0 
81.874 396.0 
81.734 397.0 
81.839 398.0 
81.711 399.0 
81.734 400.0 
81.851 401.0 
81.804 402.0 
81.874 403.0 
81.792 404.0 
81.769 405.0 
81.687 406.0 
81.781 407.0 
81.734 408.0 
81.757 409.0 
81.746 410.0 
81.781 411.0 
81.827 412.0 
82.014 413.0 
81.851 414.0 
81.781 415.0 
81.816 416.0 
81.734 417.0 
81.781 418.0 
81.804 419.0 
81.757 420.0 
81.769 421.0 
81.804 422.0 
81.827 423.0 
81.711 424.0 
81.734 425.0 
81.792 426.0 
81.804 427.0 
81.711 428.0 
81.711 429.0 
81.734 430.0 
81.804 431.0 
81.769 432.0 
81.816 433.0 
81.711 434.0 
81.769 435.0 
81.734 436.0 
81.781 437.0 
81.746 438.0 
81.711 439.0 
81.676 440.0 
81.757 441.0 
81.757 442.0 
81.757 443.0 
81.746 444.0 
81.734 445.0 
81.722 446.0 
81.827 447.0 
81.816 448.0 
82.038 449.0 
82.131 450.0 
81.746 451.0 
81.711 452.0 
81.699 453.0 
81.687 454.0 
81.816 455.0 
81.605 456.0 
81.769 457.0 
81.699 458.0 
81.792 459.0 
81.792 460.0 
81.781 461.0 
81.769 462.0 
81.839 463.0 
81.757 464.0 
81.734 465.0 
81.827 466.0 
81.769 467.0 
81.746 468.0 
81.781 469.0 
81.734 470.0 
81.722 471.0 
81.746 472.0 
81.629 473.0 
81.757 474.0 
81.862 475.0 
81.792 476.0 
81.687 477.0 
81.746 478.0 
81.687 479.0 
81.769 480.0 
81.851 481.0 
81.769 482.0 
81.827 483.0 
81.734 484.0 
81.781 485.0 
81.711 486.0 
81.699 487.0 
81.804 488.0 
81.711 489.0 
81.781 490.0 
81.804 491.0 
81.757 492.0 
81.757 493.0 
81.827 494.0 
81.722 495.0 
81.711 496.0 
81.757 497.0 
81.804 498.0 
81.699 499.0 
81.746 500.0 
81.746 501.0 
81.781 502.0 
81.664 503.0 
81.664 504.0 
81.676 505.0 
81.722 506.0 
81.687 507.0 
81.757 508.0 
81.605 509.0 
81.652 510.0 
81.699 511.0 
81.711 512.0 
81.734 513.0 
81.746 514.0 
81.792 515.0 
81.652 516.0 
82.061 517.0 
81.617 518.0 
81.629 519.0 
81.64 520.0 
81.64 521.0 
81.687 522.0 
81.676 523.0 
81.652 524.0 
81.64 525.0 
81.664 526.0 
81.605 527.0 
81.582 528.0 
81.582 529.0 
81.559 530.0 
81.57 531.0 
81.676 532.0 
81.676 533.0 
81.64 534.0 
81.629 535.0 
81.559 536.0 
81.5 537.0 
81.442 538.0 
81.407 539.0 
81.384 540.0 
81.524 541.0 
81.454 542.0 
81.43 543.0 
81.348 544.0 
81.278 545.0 
81.22 546.0 
81.384 547.0 
81.325 548.0 
81.267 549.0 
81.232 550.0 
81.138 551.0 
81.267 552.0 
81.243 553.0 
81.162 554.0 
81.185 555.0 
81.278 556.0 
81.243 557.0 
81.15 558.0 
80.811 559.0 
81.255 560.0 
81.197 561.0 
81.15 562.0 
81.232 563.0 
81.15 564.0 
81.103 565.0 
81.232 566.0 
81.208 567.0 
81.103 568.0 
81.138 569.0 
81.15 570.0 
81.255 571.0 
81.197 572.0 
81.127 573.0 
81.197 574.0 
81.162 575.0 
81.5 576.0 
81.208 577.0 
81.185 578.0 
81.29 579.0 
81.232 580.0 
81.29 581.0 
81.243 582.0 
81.313 583.0 
81.243 584.0 
80.788 585.0 
81.255 586.0 
81.173 587.0 
81.302 588.0 
81.197 589.0 
81.243 590.0 
81.185 591.0 
81.243 592.0 
81.185 593.0 
81.267 594.0 
81.185 595.0 
81.232 596.0 
81.185 597.0 
81.243 598.0 
81.162 599.0 
81.255 600.0 
81.337 601.0 
81.243 602.0 
81.337 603.0 
81.197 604.0 
81.313 605.0 
81.185 606.0 
81.267 607.0 
81.127 608.0 
81.255 609.0 
81.302 610.0 
81.232 611.0 
81.278 612.0 
81.15 613.0 
81.243 614.0 
81.15 615.0 
81.162 616.0 
81.337 617.0 
81.15 618.0 
81.243 619.0 
81.021 620.0 
81.22 621.0 
81.278 622.0 
81.173 623.0 
81.22 624.0 
81.302 625.0 
81.197 626.0 
81.197 627.0 
81.29 628.0 
81.173 629.0 
81.232 630.0 
81.29 631.0 
81.162 632.0 
81.255 633.0 
81.57 634.0 
81.15 635.0 
81.267 636.0 
81.313 637.0 
81.197 638.0 
81.243 639.0 
81.325 640.0 
81.173 641.0 
81.162 642.0 
81.29 643.0 
81.138 644.0 
81.185 645.0 
81.232 646.0 
81.302 647.0 
81.15 648.0 
81.208 649.0 
81.243 650.0 
81.138 651.0 
81.092 652.0 
81.243 653.0 
81.29 654.0 
81.138 655.0 
81.127 656.0 
81.208 657.0 
81.302 658.0 
81.162 659.0 
81.255 660.0 
81.29 661.0 
81.255 662.0 
81.173 663.0 
81.232 664.0 
81.255 665.0 
81.29 666.0 
81.162 667.0 
81.185 668.0 
81.22 669.0 
81.325 670.0 
81.115 671.0 
81.162 672.0 
81.197 673.0 
81.267 674.0 
81.232 675.0 
81.15 676.0 
81.208 677.0 
81.243 678.0 
81.267 679.0 
81.313 680.0 
81.15 681.0 
81.162 682.0 
81.243 683.0 
81.255 684.0 
81.29 685.0 
81.313 686.0 
81.138 687.0 
81.162 688.0 
81.197 689.0 
81.243 690.0 
81.267 691.0 
81.313 692.0 
81.115 693.0 
81.15 694.0 
81.22 695.0 
81.243 696.0 
81.22 697.0 
81.302 698.0 
81.068 699.0 
81.162 700.0 
81.185 701.0 
81.208 702.0 
81.232 703.0 
81.243 704.0 
81.232 705.0 
81.313 706.0 
81.115 707.0 
81.162 708.0 
81.173 709.0 
81.173 710.0 
81.243 711.0 
81.267 712.0 
81.243 713.0 
81.302 714.0 
81.103 715.0 
81.138 716.0 
81.057 717.0 
81.162 718.0 
81.185 719.0 
81.243 720.0 
81.232 721.0 
81.243 722.0 
81.267 723.0 
81.29 724.0 
81.313 725.0 
81.057 726.0 
81.15 727.0 
81.15 728.0 
81.185 729.0 
81.197 730.0 
81.22 731.0 
81.243 732.0 
81.243 733.0 
81.267 734.0 
81.243 735.0 
81.29 736.0 
81.313 737.0 
81.325 738.0 
81.103 739.0 
81.138 740.0 
81.127 741.0 
81.138 742.0 
81.162 743.0 
81.15 744.0 
81.173 745.0 
81.197 746.0 
81.173 747.0 
81.15 748.0 
81.173 749.0 
81.208 750.0 
81.208 751.0 
81.197 752.0 
81.197 753.0 
81.197 754.0 
81.208 755.0 
81.208 756.0 
81.22 757.0 
81.197 758.0 
81.22 759.0 
81.208 760.0 
81.232 761.0 
81.197 762.0 
81.243 763.0 
81.243 764.0 
81.243 765.0 
81.232 766.0 
81.255 767.0 
81.243 768.0 
81.255 769.0 
81.232 770.0 
81.22 771.0 
81.243 772.0 
81.243 773.0 
81.22 774.0 
81.243 775.0 
81.243 776.0 
81.243 777.0 
81.267 778.0 
81.22 779.0 
81.232 780.0 
81.267 781.0 
81.22 782.0 
81.232 783.0 
81.232 784.0 
81.197 785.0 
81.22 786.0 
81.243 787.0 
81.22 788.0 
81.243 789.0 
81.22 790.0 
81.22 791.0 
81.243 792.0 
81.232 793.0 
81.243 794.0 
81.185 795.0 
81.208 796.0 
81.243 797.0 
81.208 798.0 
81.197 799.0 
81.243 800.0 
81.22 801.0 
81.232 802.0 
81.243 803.0 
81.22 804.0 
0.006 805.0 
0.004 806.0 
0.008 807.0 
0.004 808.0 
0.004 809.0 
0.008 810.0 
0.013 811.0 
-0.007 812.0 
0.0 813.0 
-0.006 814.0 
-0.011 815.0 
-0.014 816.0 
-0.013 817.0 
-0.01 818.0 
-0.017 819.0 
-0.018 820.0 
-0.018 821.0 
-0.03 822.0 
-0.031 823.0 
-0.032 824.0 
-0.029 825.0 
-0.034 826.0 
-0.022 827.0 
-0.022 828.0 
-0.019 829.0 
