-0.028 257.0 
-0.035 258.0 
-0.044 259.0 
-0.037 260.0 
-0.032 261.0 
-0.046 262.0 
-0.031 263.0 
-0.037 264.0 
-0.016 265.0 
-0.181 266.0 
-0.049 267.0 
-0.04 268.0 
-0.03 269.0 
-0.014 270.0 
-0.046 271.0 
-0.037 272.0 
-0.016 273.0 
-0.018 274.0 
141.802 275.0 
139.723 276.0 
138.824 277.0 
137.551 278.0 
136.138 279.0 
134.502 280.0 
132.844 281.0 
130.333 282.0 
127.845 283.0 
126.385 284.0 
126.0 285.0 
125.696 286.0 
125.556 287.0 
125.287 288.0 
125.007 289.0 
124.411 290.0 
124.283 291.0 
124.049 292.0 
123.874 293.0 
123.383 294.0 
123.197 295.0 
122.998 296.0 
122.998 297.0 
122.461 298.0 
122.274 299.0 
121.982 300.0 
121.608 301.0 
121.491 302.0 
120.896 303.0 
120.756 304.0 
120.312 305.0 
119.494 306.0 
117.415 307.0 
114.238 308.0 
111.073 309.0 
107.079 310.0 
103.248 311.0 
99.218 312.0 
95.399 313.0 
91.264 314.0 
87.445 315.0 
83.813 316.0 
80.473 317.0 
77.996 318.0 
77.798 319.0 
77.529 320.0 
77.366 321.0 
77.342 322.0 
77.202 323.0 
77.261 324.0 
77.226 325.0 
77.074 326.0 
77.156 327.0 
77.097 328.0 
77.179 329.0 
77.191 330.0 
77.097 331.0 
77.202 332.0 
77.202 333.0 
77.097 334.0 
77.004 335.0 
77.191 336.0 
77.144 337.0 
77.062 338.0 
77.261 339.0 
77.097 340.0 
77.109 341.0 
77.109 342.0 
77.167 343.0 
77.12 344.0 
77.109 345.0 
77.074 346.0 
77.097 347.0 
77.05 348.0 
77.179 349.0 
77.132 350.0 
77.109 351.0 
77.144 352.0 
77.109 353.0 
77.039 354.0 
77.027 355.0 
77.109 356.0 
77.144 357.0 
77.085 358.0 
77.156 359.0 
77.109 360.0 
77.132 361.0 
77.062 362.0 
77.085 363.0 
77.027 364.0 
77.062 365.0 
77.074 366.0 
77.097 367.0 
77.05 368.0 
77.097 369.0 
77.097 370.0 
77.12 371.0 
77.144 372.0 
77.132 373.0 
77.156 374.0 
77.144 375.0 
77.307 376.0 
77.05 377.0 
77.085 378.0 
77.085 379.0 
77.074 380.0 
77.062 381.0 
77.179 382.0 
77.085 383.0 
77.074 384.0 
77.062 385.0 
77.132 386.0 
77.039 387.0 
77.039 388.0 
77.097 389.0 
77.097 390.0 
77.085 391.0 
77.074 392.0 
77.167 393.0 
77.004 394.0 
77.062 395.0 
77.179 396.0 
76.98 397.0 
77.109 398.0 
76.969 399.0 
77.027 400.0 
77.389 401.0 
77.097 402.0 
77.167 403.0 
77.097 404.0 
77.074 405.0 
77.027 406.0 
77.085 407.0 
77.027 408.0 
77.097 409.0 
76.992 410.0 
77.062 411.0 
77.144 412.0 
77.448 413.0 
77.12 414.0 
77.039 415.0 
77.097 416.0 
77.05 417.0 
77.085 418.0 
77.109 419.0 
77.027 420.0 
77.074 421.0 
77.085 422.0 
77.132 423.0 
77.015 424.0 
77.05 425.0 
77.097 426.0 
77.097 427.0 
77.039 428.0 
77.074 429.0 
77.039 430.0 
77.062 431.0 
77.109 432.0 
77.097 433.0 
76.992 434.0 
76.992 435.0 
77.039 436.0 
77.109 437.0 
77.015 438.0 
77.027 439.0 
77.004 440.0 
77.027 441.0 
77.05 442.0 
77.074 443.0 
77.039 444.0 
77.015 445.0 
76.992 446.0 
77.132 447.0 
77.109 448.0 
77.085 449.0 
77.284 450.0 
77.05 451.0 
77.039 452.0 
77.027 453.0 
76.992 454.0 
77.074 455.0 
76.934 456.0 
77.039 457.0 
76.98 458.0 
77.062 459.0 
77.085 460.0 
77.039 461.0 
77.027 462.0 
77.097 463.0 
77.074 464.0 
77.05 465.0 
77.109 466.0 
77.062 467.0 
76.957 468.0 
77.05 469.0 
77.027 470.0 
77.039 471.0 
77.074 472.0 
76.922 473.0 
77.05 474.0 
77.109 475.0 
77.039 476.0 
76.957 477.0 
77.05 478.0 
76.992 479.0 
77.05 480.0 
77.12 481.0 
77.027 482.0 
77.109 483.0 
77.004 484.0 
77.085 485.0 
76.992 486.0 
76.992 487.0 
77.097 488.0 
77.027 489.0 
77.062 490.0 
77.085 491.0 
77.039 492.0 
77.085 493.0 
77.074 494.0 
76.957 495.0 
76.98 496.0 
77.039 497.0 
77.109 498.0 
76.945 499.0 
76.98 500.0 
77.027 501.0 
77.074 502.0 
76.957 503.0 
76.992 504.0 
77.004 505.0 
77.027 506.0 
76.957 507.0 
77.062 508.0 
76.91 509.0 
76.957 510.0 
77.004 511.0 
77.027 512.0 
77.004 513.0 
77.015 514.0 
77.015 515.0 
77.074 516.0 
77.027 517.0 
76.864 518.0 
76.922 519.0 
76.899 520.0 
76.922 521.0 
76.934 522.0 
76.922 523.0 
76.934 524.0 
76.934 525.0 
76.887 526.0 
76.91 527.0 
76.84 528.0 
76.875 529.0 
76.84 530.0 
76.875 531.0 
76.992 532.0 
76.922 533.0 
76.875 534.0 
76.922 535.0 
76.852 536.0 
76.817 537.0 
76.747 538.0 
76.688 539.0 
76.677 540.0 
76.793 541.0 
76.712 542.0 
76.7 543.0 
76.7 544.0 
76.642 545.0 
76.607 546.0 
76.688 547.0 
76.642 548.0 
76.607 549.0 
76.572 550.0 
76.501 551.0 
76.653 552.0 
76.607 553.0 
76.525 554.0 
76.501 555.0 
76.653 556.0 
76.607 557.0 
76.536 558.0 
76.139 559.0 
76.595 560.0 
76.572 561.0 
76.478 562.0 
76.595 563.0 
76.536 564.0 
76.466 565.0 
76.607 566.0 
76.583 567.0 
76.466 568.0 
76.572 569.0 
76.501 570.0 
76.607 571.0 
76.572 572.0 
76.501 573.0 
76.56 574.0 
76.513 575.0 
76.618 576.0 
76.572 577.0 
76.56 578.0 
76.618 579.0 
76.56 580.0 
76.63 581.0 
76.56 582.0 
76.63 583.0 
76.595 584.0 
76.081 585.0 
76.642 586.0 
76.56 587.0 
76.63 588.0 
76.548 589.0 
76.63 590.0 
76.513 591.0 
76.63 592.0 
76.536 593.0 
76.572 594.0 
76.501 595.0 
76.548 596.0 
76.548 597.0 
76.595 598.0 
76.56 599.0 
76.583 600.0 
76.642 601.0 
76.56 602.0 
76.618 603.0 
76.572 604.0 
76.653 605.0 
76.536 606.0 
76.63 607.0 
76.501 608.0 
76.595 609.0 
76.677 610.0 
76.583 611.0 
76.642 612.0 
76.536 613.0 
76.618 614.0 
76.49 615.0 
76.56 616.0 
76.665 617.0 
76.49 618.0 
76.607 619.0 
76.28 620.0 
76.56 621.0 
76.607 622.0 
76.466 623.0 
76.583 624.0 
76.642 625.0 
76.536 626.0 
76.618 627.0 
76.665 628.0 
76.536 629.0 
76.607 630.0 
76.653 631.0 
76.548 632.0 
76.618 633.0 
76.899 634.0 
76.536 635.0 
76.607 636.0 
76.653 637.0 
76.525 638.0 
76.595 639.0 
76.665 640.0 
76.501 641.0 
76.548 642.0 
76.583 643.0 
76.525 644.0 
76.548 645.0 
76.583 646.0 
76.677 647.0 
76.56 648.0 
76.583 649.0 
76.642 650.0 
76.478 651.0 
76.49 652.0 
76.607 653.0 
76.665 654.0 
76.501 655.0 
76.548 656.0 
76.548 657.0 
76.653 658.0 
76.56 659.0 
76.583 660.0 
76.607 661.0 
76.595 662.0 
76.525 663.0 
76.595 664.0 
76.607 665.0 
76.653 666.0 
76.513 667.0 
76.583 668.0 
76.583 669.0 
76.653 670.0 
76.513 671.0 
76.56 672.0 
76.583 673.0 
76.607 674.0 
76.653 675.0 
76.478 676.0 
76.548 677.0 
76.583 678.0 
76.595 679.0 
76.653 680.0 
76.525 681.0 
76.513 682.0 
76.56 683.0 
76.607 684.0 
76.665 685.0 
76.688 686.0 
76.525 687.0 
76.548 688.0 
76.583 689.0 
76.618 690.0 
76.63 691.0 
76.665 692.0 
76.501 693.0 
76.548 694.0 
76.56 695.0 
76.583 696.0 
76.607 697.0 
76.618 698.0 
76.315 699.0 
76.49 700.0 
76.56 701.0 
76.536 702.0 
76.595 703.0 
76.595 704.0 
76.607 705.0 
76.665 706.0 
76.513 707.0 
76.49 708.0 
76.56 709.0 
76.583 710.0 
76.618 711.0 
76.618 712.0 
76.653 713.0 
76.63 714.0 
76.653 715.0 
76.49 716.0 
76.501 717.0 
76.525 718.0 
76.536 719.0 
76.56 720.0 
76.572 721.0 
76.595 722.0 
76.618 723.0 
76.653 724.0 
76.653 725.0 
76.478 726.0 
76.513 727.0 
76.525 728.0 
76.56 729.0 
76.572 730.0 
76.56 731.0 
76.595 732.0 
76.607 733.0 
76.607 734.0 
76.63 735.0 
76.63 736.0 
76.63 737.0 
76.665 738.0 
76.455 739.0 
76.478 740.0 
76.536 741.0 
76.513 742.0 
76.501 743.0 
76.501 744.0 
76.501 745.0 
76.548 746.0 
76.525 747.0 
76.501 748.0 
76.548 749.0 
76.536 750.0 
76.536 751.0 
76.595 752.0 
76.572 753.0 
76.548 754.0 
76.56 755.0 
76.572 756.0 
76.56 757.0 
76.572 758.0 
76.56 759.0 
76.595 760.0 
76.583 761.0 
76.583 762.0 
76.595 763.0 
76.583 764.0 
76.595 765.0 
76.618 766.0 
76.583 767.0 
76.595 768.0 
76.607 769.0 
76.595 770.0 
76.618 771.0 
76.595 772.0 
76.595 773.0 
76.595 774.0 
76.583 775.0 
76.595 776.0 
76.595 777.0 
76.607 778.0 
76.56 779.0 
76.572 780.0 
76.595 781.0 
76.572 782.0 
76.583 783.0 
76.548 784.0 
76.595 785.0 
76.572 786.0 
76.56 787.0 
76.595 788.0 
76.583 789.0 
76.583 790.0 
76.595 791.0 
76.607 792.0 
76.583 793.0 
76.607 794.0 
76.56 795.0 
76.548 796.0 
76.607 797.0 
76.583 798.0 
76.572 799.0 
76.572 800.0 
76.583 801.0 
76.595 802.0 
76.595 803.0 
76.595 804.0 
0.012 805.0 
0.016 806.0 
0.006 807.0 
0.0 808.0 
-0.002 809.0 
-0.007 810.0 
-0.01 811.0 
-0.02 812.0 
-0.029 813.0 
-0.035 814.0 
-0.049 815.0 
-0.053 816.0 
-0.059 817.0 
-0.052 818.0 
-0.064 819.0 
-0.061 820.0 
-0.062 821.0 
-0.064 822.0 
-0.059 823.0 
-0.049 824.0 
-0.054 825.0 
-0.05 826.0 
-0.04 827.0 
-0.042 828.0 
-0.036 829.0 
