0.013 257.0 
-0.012 258.0 
-0.086 259.0 
-0.016 260.0 
-0.006 261.0 
-0.025 262.0 
-0.013 263.0 
-0.029 264.0 
-0.026 265.0 
-0.02 266.0 
-0.03 267.0 
-0.042 268.0 
-0.025 269.0 
-0.025 270.0 
-0.019 271.0 
-0.022 272.0 
-0.031 273.0 
-0.05 274.0 
142.9 275.0 
140.167 276.0 
138.765 277.0 
137.107 278.0 
135.367 279.0 
133.545 280.0 
131.851 281.0 
129.655 282.0 
126.268 283.0 
124.984 284.0 
124.575 285.0 
124.318 286.0 
124.143 287.0 
123.862 288.0 
123.617 289.0 
123.01 290.0 
122.87 291.0 
122.659 292.0 
122.437 293.0 
122.157 294.0 
121.853 295.0 
121.678 296.0 
121.585 297.0 
121.001 298.0 
120.767 299.0 
120.58 300.0 
120.23 301.0 
120.148 302.0 
119.541 303.0 
119.447 304.0 
119.097 305.0 
118.408 306.0 
116.434 307.0 
113.444 308.0 
110.442 309.0 
106.717 310.0 
103.236 311.0 
99.207 312.0 
95.563 313.0 
91.685 314.0 
88.169 315.0 
84.537 316.0 
81.092 317.0 
78.51 318.0 
78.312 319.0 
78.078 320.0 
77.985 321.0 
77.868 322.0 
77.693 323.0 
77.751 324.0 
77.716 325.0 
77.553 326.0 
77.693 327.0 
77.588 328.0 
77.739 329.0 
77.669 330.0 
77.611 331.0 
77.868 332.0 
77.704 333.0 
77.623 334.0 
77.564 335.0 
77.704 336.0 
77.658 337.0 
77.553 338.0 
77.821 339.0 
77.611 340.0 
77.611 341.0 
77.564 342.0 
77.716 343.0 
77.611 344.0 
77.623 345.0 
77.553 346.0 
77.541 347.0 
77.646 348.0 
77.623 349.0 
77.623 350.0 
77.623 351.0 
77.634 352.0 
77.599 353.0 
77.541 354.0 
77.564 355.0 
77.658 356.0 
77.646 357.0 
77.623 358.0 
77.681 359.0 
77.623 360.0 
77.658 361.0 
77.576 362.0 
77.599 363.0 
77.518 364.0 
77.588 365.0 
77.599 366.0 
77.611 367.0 
77.553 368.0 
77.623 369.0 
77.646 370.0 
77.576 371.0 
77.634 372.0 
77.669 373.0 
77.658 374.0 
77.669 375.0 
77.973 376.0 
77.529 377.0 
77.564 378.0 
77.553 379.0 
77.588 380.0 
77.611 381.0 
77.693 382.0 
77.576 383.0 
77.588 384.0 
77.553 385.0 
77.658 386.0 
77.553 387.0 
77.564 388.0 
77.576 389.0 
77.588 390.0 
77.588 391.0 
77.588 392.0 
77.658 393.0 
77.518 394.0 
77.599 395.0 
77.704 396.0 
77.564 397.0 
77.623 398.0 
77.494 399.0 
77.529 400.0 
77.634 401.0 
77.646 402.0 
77.669 403.0 
77.588 404.0 
77.564 405.0 
77.471 406.0 
77.576 407.0 
77.541 408.0 
77.588 409.0 
77.494 410.0 
77.588 411.0 
77.623 412.0 
78.137 413.0 
77.658 414.0 
77.553 415.0 
77.634 416.0 
77.553 417.0 
77.588 418.0 
77.588 419.0 
77.541 420.0 
77.564 421.0 
77.611 422.0 
77.634 423.0 
77.553 424.0 
77.588 425.0 
77.599 426.0 
77.599 427.0 
77.518 428.0 
77.529 429.0 
77.541 430.0 
77.576 431.0 
77.599 432.0 
77.611 433.0 
77.494 434.0 
77.529 435.0 
77.576 436.0 
77.623 437.0 
77.448 438.0 
77.518 439.0 
77.541 440.0 
77.541 441.0 
77.541 442.0 
77.541 443.0 
77.564 444.0 
77.506 445.0 
77.529 446.0 
77.646 447.0 
77.623 448.0 
77.588 449.0 
77.751 450.0 
77.553 451.0 
77.529 452.0 
77.518 453.0 
77.448 454.0 
77.588 455.0 
77.424 456.0 
77.541 457.0 
77.541 458.0 
77.588 459.0 
77.611 460.0 
77.576 461.0 
77.529 462.0 
77.611 463.0 
77.576 464.0 
77.541 465.0 
77.623 466.0 
77.588 467.0 
77.518 468.0 
77.611 469.0 
77.553 470.0 
77.529 471.0 
77.576 472.0 
77.518 473.0 
77.553 474.0 
77.669 475.0 
77.553 476.0 
77.506 477.0 
77.564 478.0 
77.483 479.0 
77.553 480.0 
77.646 481.0 
77.564 482.0 
77.576 483.0 
77.529 484.0 
77.553 485.0 
77.494 486.0 
77.471 487.0 
77.646 488.0 
77.541 489.0 
77.588 490.0 
77.588 491.0 
77.553 492.0 
77.553 493.0 
77.576 494.0 
77.483 495.0 
77.518 496.0 
77.576 497.0 
77.564 498.0 
77.459 499.0 
77.506 500.0 
77.529 501.0 
77.576 502.0 
77.436 503.0 
77.471 504.0 
77.494 505.0 
77.541 506.0 
77.471 507.0 
77.611 508.0 
77.459 509.0 
77.483 510.0 
77.506 511.0 
77.529 512.0 
77.529 513.0 
77.564 514.0 
77.564 515.0 
77.576 516.0 
77.88 517.0 
77.412 518.0 
77.401 519.0 
77.459 520.0 
77.436 521.0 
77.412 522.0 
77.436 523.0 
77.459 524.0 
77.436 525.0 
77.448 526.0 
77.412 527.0 
77.354 528.0 
77.389 529.0 
77.377 530.0 
77.366 531.0 
77.529 532.0 
77.483 533.0 
77.436 534.0 
77.424 535.0 
77.436 536.0 
77.366 537.0 
77.307 538.0 
77.284 539.0 
77.237 540.0 
77.377 541.0 
77.284 542.0 
77.296 543.0 
77.261 544.0 
77.167 545.0 
77.179 546.0 
77.284 547.0 
77.237 548.0 
77.191 549.0 
77.12 550.0 
77.062 551.0 
77.202 552.0 
77.132 553.0 
77.144 554.0 
77.097 555.0 
77.202 556.0 
77.179 557.0 
77.12 558.0 
76.828 559.0 
77.179 560.0 
77.144 561.0 
77.062 562.0 
77.179 563.0 
77.167 564.0 
77.05 565.0 
77.167 566.0 
77.261 567.0 
77.05 568.0 
77.179 569.0 
77.132 570.0 
77.179 571.0 
77.156 572.0 
77.074 573.0 
77.167 574.0 
77.12 575.0 
77.226 576.0 
77.12 577.0 
77.12 578.0 
77.191 579.0 
77.167 580.0 
77.226 581.0 
77.179 582.0 
77.167 583.0 
77.202 584.0 
76.899 585.0 
77.214 586.0 
77.109 587.0 
77.202 588.0 
77.109 589.0 
77.179 590.0 
77.109 591.0 
77.237 592.0 
77.097 593.0 
77.144 594.0 
77.144 595.0 
77.214 596.0 
77.132 597.0 
77.191 598.0 
77.097 599.0 
77.156 600.0 
77.237 601.0 
77.156 602.0 
77.249 603.0 
77.132 604.0 
77.249 605.0 
77.097 606.0 
77.191 607.0 
77.109 608.0 
77.156 609.0 
77.237 610.0 
77.132 611.0 
77.214 612.0 
77.097 613.0 
77.214 614.0 
77.109 615.0 
77.191 616.0 
77.249 617.0 
77.062 618.0 
77.202 619.0 
76.805 620.0 
77.132 621.0 
77.167 622.0 
77.085 623.0 
77.144 624.0 
77.214 625.0 
77.12 626.0 
77.191 627.0 
77.237 628.0 
77.144 629.0 
77.144 630.0 
77.237 631.0 
77.109 632.0 
77.202 633.0 
77.261 634.0 
77.12 635.0 
77.226 636.0 
77.226 637.0 
77.097 638.0 
77.179 639.0 
77.226 640.0 
77.109 641.0 
77.144 642.0 
77.179 643.0 
77.097 644.0 
77.109 645.0 
77.167 646.0 
77.261 647.0 
77.109 648.0 
77.167 649.0 
77.214 650.0 
77.109 651.0 
77.05 652.0 
77.167 653.0 
77.249 654.0 
77.074 655.0 
77.132 656.0 
77.132 657.0 
77.191 658.0 
77.132 659.0 
77.167 660.0 
77.179 661.0 
77.261 662.0 
77.085 663.0 
77.191 664.0 
77.202 665.0 
77.249 666.0 
77.097 667.0 
77.097 668.0 
77.202 669.0 
77.237 670.0 
77.097 671.0 
77.144 672.0 
77.156 673.0 
77.167 674.0 
77.226 675.0 
77.074 676.0 
77.109 677.0 
77.144 678.0 
77.109 679.0 
77.237 680.0 
77.062 681.0 
77.12 682.0 
77.156 683.0 
77.202 684.0 
77.214 685.0 
77.249 686.0 
77.109 687.0 
77.132 688.0 
77.179 689.0 
77.179 690.0 
77.226 691.0 
77.249 692.0 
77.05 693.0 
77.132 694.0 
77.167 695.0 
77.191 696.0 
77.202 697.0 
77.191 698.0 
76.887 699.0 
77.074 700.0 
77.132 701.0 
77.132 702.0 
77.179 703.0 
77.179 704.0 
77.132 705.0 
77.237 706.0 
77.085 707.0 
77.062 708.0 
77.132 709.0 
77.12 710.0 
77.156 711.0 
77.167 712.0 
77.214 713.0 
77.249 714.0 
77.249 715.0 
77.097 716.0 
77.109 717.0 
77.085 718.0 
77.156 719.0 
77.156 720.0 
77.167 721.0 
77.191 722.0 
77.191 723.0 
77.237 724.0 
77.249 725.0 
77.074 726.0 
77.004 727.0 
77.109 728.0 
77.109 729.0 
77.12 730.0 
77.156 731.0 
77.156 732.0 
77.179 733.0 
77.202 734.0 
77.214 735.0 
77.214 736.0 
77.226 737.0 
77.249 738.0 
76.992 739.0 
77.039 740.0 
77.085 741.0 
77.074 742.0 
77.085 743.0 
77.074 744.0 
77.085 745.0 
77.097 746.0 
77.12 747.0 
77.109 748.0 
77.144 749.0 
77.132 750.0 
77.12 751.0 
77.156 752.0 
77.109 753.0 
77.156 754.0 
77.156 755.0 
77.156 756.0 
77.12 757.0 
77.144 758.0 
77.156 759.0 
77.167 760.0 
77.156 761.0 
77.202 762.0 
77.156 763.0 
77.191 764.0 
77.179 765.0 
77.179 766.0 
77.179 767.0 
77.202 768.0 
77.167 769.0 
77.179 770.0 
77.167 771.0 
77.167 772.0 
77.191 773.0 
77.167 774.0 
77.179 775.0 
77.167 776.0 
77.202 777.0 
77.156 778.0 
77.132 779.0 
77.167 780.0 
77.167 781.0 
77.132 782.0 
77.179 783.0 
77.144 784.0 
77.132 785.0 
77.144 786.0 
77.179 787.0 
77.12 788.0 
77.202 789.0 
77.191 790.0 
77.144 791.0 
77.167 792.0 
77.179 793.0 
77.191 794.0 
77.179 795.0 
77.179 796.0 
77.167 797.0 
77.144 798.0 
77.156 799.0 
77.156 800.0 
77.156 801.0 
77.179 802.0 
77.179 803.0 
77.167 804.0 
0.0 805.0 
0.005 806.0 
0.012 807.0 
0.004 808.0 
0.006 809.0 
0.008 810.0 
0.013 811.0 
0.011 812.0 
-0.001 813.0 
0.004 814.0 
0.014 815.0 
0.004 816.0 
0.001 817.0 
-0.014 818.0 
-0.002 819.0 
0.0 820.0 
-0.01 821.0 
-0.011 822.0 
-0.008 823.0 
-0.012 824.0 
-0.017 825.0 
-0.017 826.0 
-0.013 827.0 
-0.008 828.0 
-0.016 829.0 
