-0.022 257.0 
0.001 258.0 
-0.044 259.0 
-0.024 260.0 
-0.012 261.0 
-0.011 262.0 
-0.016 263.0 
-0.022 264.0 
-0.016 265.0 
-0.02 266.0 
-0.036 267.0 
-0.013 268.0 
-0.035 269.0 
-0.047 270.0 
-0.035 271.0 
-0.029 272.0 
-0.02 273.0 
-0.036 274.0 
140.623 275.0 
137.866 276.0 
137.154 277.0 
135.881 278.0 
134.397 279.0 
132.272 280.0 
130.461 281.0 
128.195 282.0 
124.738 283.0 
123.243 284.0 
122.87 285.0 
122.542 286.0 
122.367 287.0 
122.134 288.0 
121.888 289.0 
121.877 290.0 
121.094 291.0 
120.896 292.0 
120.72 293.0 
120.674 294.0 
120.183 295.0 
120.008 296.0 
119.973 297.0 
119.506 298.0 
119.319 299.0 
119.237 300.0 
118.7 301.0 
118.618 302.0 
118.093 303.0 
117.976 304.0 
117.871 305.0 
117.158 306.0 
116.025 307.0 
113.958 308.0 
111.61 309.0 
108.2 310.0 
104.825 311.0 
101.064 312.0 
97.385 313.0 
93.075 314.0 
88.964 315.0 
84.864 316.0 
81.103 317.0 
78.031 318.0 
77.88 319.0 
77.634 320.0 
77.448 321.0 
77.529 322.0 
77.412 323.0 
77.506 324.0 
77.389 325.0 
77.366 326.0 
77.412 327.0 
77.296 328.0 
77.506 329.0 
77.401 330.0 
77.331 331.0 
77.646 332.0 
77.412 333.0 
77.331 334.0 
77.342 335.0 
77.436 336.0 
77.448 337.0 
77.354 338.0 
77.518 339.0 
77.389 340.0 
77.389 341.0 
77.354 342.0 
77.553 343.0 
77.436 344.0 
77.366 345.0 
77.331 346.0 
77.331 347.0 
77.494 348.0 
77.389 349.0 
77.354 350.0 
77.342 351.0 
77.424 352.0 
77.366 353.0 
77.272 354.0 
77.436 355.0 
77.389 356.0 
77.436 357.0 
77.401 358.0 
77.436 359.0 
77.377 360.0 
77.401 361.0 
77.366 362.0 
77.436 363.0 
77.331 364.0 
77.342 365.0 
77.354 366.0 
77.377 367.0 
77.354 368.0 
77.354 369.0 
77.377 370.0 
77.412 371.0 
77.412 372.0 
77.424 373.0 
77.436 374.0 
77.459 375.0 
77.739 376.0 
77.331 377.0 
77.389 378.0 
77.389 379.0 
77.377 380.0 
77.331 381.0 
77.471 382.0 
77.389 383.0 
77.377 384.0 
77.342 385.0 
77.448 386.0 
77.319 387.0 
77.296 388.0 
77.389 389.0 
77.401 390.0 
77.331 391.0 
77.354 392.0 
77.448 393.0 
77.296 394.0 
77.412 395.0 
77.471 396.0 
77.331 397.0 
77.412 398.0 
77.366 399.0 
77.307 400.0 
77.448 401.0 
77.401 402.0 
77.471 403.0 
77.412 404.0 
77.331 405.0 
77.307 406.0 
77.354 407.0 
77.354 408.0 
77.366 409.0 
77.331 410.0 
77.366 411.0 
77.424 412.0 
77.821 413.0 
77.401 414.0 
77.342 415.0 
77.401 416.0 
77.307 417.0 
77.448 418.0 
77.401 419.0 
77.331 420.0 
77.354 421.0 
77.412 422.0 
77.436 423.0 
77.342 424.0 
77.319 425.0 
77.401 426.0 
77.401 427.0 
77.354 428.0 
77.307 429.0 
77.307 430.0 
77.377 431.0 
77.401 432.0 
77.424 433.0 
77.307 434.0 
77.331 435.0 
77.377 436.0 
77.436 437.0 
77.272 438.0 
77.342 439.0 
77.354 440.0 
77.354 441.0 
77.319 442.0 
77.401 443.0 
77.366 444.0 
77.319 445.0 
77.296 446.0 
77.436 447.0 
77.424 448.0 
77.377 449.0 
77.728 450.0 
77.331 451.0 
77.331 452.0 
77.307 453.0 
77.272 454.0 
77.401 455.0 
77.261 456.0 
77.377 457.0 
77.296 458.0 
77.401 459.0 
77.424 460.0 
77.354 461.0 
77.331 462.0 
77.459 463.0 
77.366 464.0 
77.366 465.0 
77.436 466.0 
77.354 467.0 
77.284 468.0 
77.377 469.0 
77.307 470.0 
77.319 471.0 
77.331 472.0 
77.412 473.0 
77.354 474.0 
77.412 475.0 
77.354 476.0 
77.319 477.0 
77.331 478.0 
77.272 479.0 
77.389 480.0 
77.448 481.0 
77.354 482.0 
77.401 483.0 
77.366 484.0 
77.401 485.0 
77.307 486.0 
77.307 487.0 
77.401 488.0 
77.296 489.0 
77.354 490.0 
77.401 491.0 
77.342 492.0 
77.389 493.0 
77.424 494.0 
77.284 495.0 
77.214 496.0 
77.401 497.0 
77.401 498.0 
77.284 499.0 
77.307 500.0 
77.366 501.0 
77.412 502.0 
77.261 503.0 
77.272 504.0 
77.319 505.0 
77.342 506.0 
77.284 507.0 
77.494 508.0 
77.272 509.0 
77.284 510.0 
77.319 511.0 
77.307 512.0 
77.342 513.0 
77.342 514.0 
77.366 515.0 
77.401 516.0 
77.669 517.0 
77.144 518.0 
77.214 519.0 
77.237 520.0 
77.249 521.0 
77.284 522.0 
77.261 523.0 
77.261 524.0 
77.226 525.0 
77.191 526.0 
77.237 527.0 
77.167 528.0 
77.191 529.0 
77.156 530.0 
77.156 531.0 
77.319 532.0 
77.261 533.0 
77.237 534.0 
77.214 535.0 
77.179 536.0 
77.109 537.0 
77.097 538.0 
76.957 539.0 
76.98 540.0 
77.097 541.0 
77.05 542.0 
77.004 543.0 
76.98 544.0 
76.875 545.0 
76.852 546.0 
76.98 547.0 
76.957 548.0 
76.875 549.0 
76.828 550.0 
76.793 551.0 
76.887 552.0 
76.817 553.0 
76.805 554.0 
76.805 555.0 
76.887 556.0 
76.852 557.0 
76.817 558.0 
76.513 559.0 
76.887 560.0 
76.828 561.0 
76.747 562.0 
76.852 563.0 
76.805 564.0 
76.677 565.0 
76.852 566.0 
76.922 567.0 
76.723 568.0 
76.852 569.0 
76.782 570.0 
76.899 571.0 
76.817 572.0 
76.758 573.0 
76.852 574.0 
76.793 575.0 
76.91 576.0 
76.817 577.0 
76.782 578.0 
76.887 579.0 
76.805 580.0 
76.887 581.0 
76.84 582.0 
76.887 583.0 
76.875 584.0 
76.934 585.0 
76.864 586.0 
76.84 587.0 
76.887 588.0 
76.805 589.0 
76.864 590.0 
76.793 591.0 
76.864 592.0 
76.793 593.0 
76.817 594.0 
76.828 595.0 
76.934 596.0 
76.805 597.0 
76.899 598.0 
76.817 599.0 
76.864 600.0 
76.98 601.0 
76.84 602.0 
76.98 603.0 
76.852 604.0 
76.887 605.0 
76.782 606.0 
76.875 607.0 
76.758 608.0 
76.852 609.0 
76.957 610.0 
76.864 611.0 
76.922 612.0 
76.77 613.0 
76.875 614.0 
76.793 615.0 
76.852 616.0 
76.922 617.0 
76.782 618.0 
76.875 619.0 
76.501 620.0 
76.852 621.0 
76.887 622.0 
76.782 623.0 
76.864 624.0 
76.887 625.0 
76.77 626.0 
76.875 627.0 
76.934 628.0 
76.817 629.0 
76.852 630.0 
76.945 631.0 
76.793 632.0 
76.864 633.0 
76.945 634.0 
76.793 635.0 
76.91 636.0 
76.945 637.0 
76.817 638.0 
76.852 639.0 
76.899 640.0 
76.817 641.0 
76.828 642.0 
76.922 643.0 
76.77 644.0 
76.793 645.0 
76.91 646.0 
76.922 647.0 
76.782 648.0 
76.817 649.0 
76.887 650.0 
76.747 651.0 
76.793 652.0 
76.852 653.0 
76.91 654.0 
76.758 655.0 
76.817 656.0 
76.852 657.0 
76.922 658.0 
76.793 659.0 
76.84 660.0 
76.922 661.0 
76.957 662.0 
76.793 663.0 
76.828 664.0 
76.899 665.0 
76.922 666.0 
76.805 667.0 
76.805 668.0 
76.899 669.0 
76.887 670.0 
76.77 671.0 
76.828 672.0 
76.84 673.0 
76.852 674.0 
76.91 675.0 
76.793 676.0 
76.828 677.0 
76.84 678.0 
76.887 679.0 
76.934 680.0 
76.793 681.0 
76.793 682.0 
76.84 683.0 
76.887 684.0 
76.934 685.0 
76.922 686.0 
76.782 687.0 
76.805 688.0 
76.805 689.0 
76.852 690.0 
76.91 691.0 
76.957 692.0 
76.77 693.0 
76.805 694.0 
76.864 695.0 
76.875 696.0 
76.899 697.0 
76.899 698.0 
76.63 699.0 
76.77 700.0 
76.805 701.0 
76.84 702.0 
76.887 703.0 
76.887 704.0 
76.864 705.0 
76.91 706.0 
76.758 707.0 
76.793 708.0 
76.817 709.0 
76.84 710.0 
76.84 711.0 
76.887 712.0 
76.887 713.0 
76.934 714.0 
76.665 715.0 
76.77 716.0 
76.77 717.0 
76.793 718.0 
76.852 719.0 
76.828 720.0 
76.864 721.0 
76.887 722.0 
76.922 723.0 
76.934 724.0 
76.91 725.0 
76.758 726.0 
76.747 727.0 
76.793 728.0 
76.793 729.0 
76.805 730.0 
76.828 731.0 
76.84 732.0 
76.828 733.0 
76.864 734.0 
76.887 735.0 
76.922 736.0 
76.91 737.0 
76.887 738.0 
76.42 739.0 
76.735 740.0 
76.747 741.0 
76.782 742.0 
76.782 743.0 
76.77 744.0 
76.782 745.0 
76.782 746.0 
76.793 747.0 
76.817 748.0 
76.817 749.0 
76.817 750.0 
76.805 751.0 
76.817 752.0 
76.828 753.0 
76.828 754.0 
76.828 755.0 
76.84 756.0 
76.817 757.0 
76.84 758.0 
76.84 759.0 
76.852 760.0 
76.864 761.0 
76.828 762.0 
76.864 763.0 
76.852 764.0 
76.875 765.0 
76.84 766.0 
76.875 767.0 
76.828 768.0 
76.84 769.0 
76.899 770.0 
76.852 771.0 
76.864 772.0 
76.875 773.0 
76.875 774.0 
76.875 775.0 
76.875 776.0 
76.875 777.0 
76.84 778.0 
76.852 779.0 
76.852 780.0 
76.852 781.0 
76.864 782.0 
76.864 783.0 
76.84 784.0 
76.852 785.0 
76.84 786.0 
76.817 787.0 
76.84 788.0 
76.852 789.0 
76.817 790.0 
76.84 791.0 
76.852 792.0 
76.828 793.0 
76.828 794.0 
76.852 795.0 
76.864 796.0 
76.84 797.0 
76.84 798.0 
76.875 799.0 
76.875 800.0 
76.852 801.0 
76.864 802.0 
76.864 803.0 
76.875 804.0 
0.002 805.0 
-0.002 806.0 
-0.004 807.0 
-0.004 808.0 
-0.004 809.0 
-0.011 810.0 
-0.025 811.0 
-0.025 812.0 
-0.035 813.0 
-0.038 814.0 
-0.041 815.0 
-0.047 816.0 
-0.042 817.0 
-0.05 818.0 
-0.054 819.0 
-0.054 820.0 
-0.065 821.0 
-0.06 822.0 
-0.049 823.0 
-0.058 824.0 
-0.047 825.0 
-0.05 826.0 
-0.044 827.0 
-0.041 828.0 
-0.037 829.0 
