-0.028 257.0 
-0.022 258.0 
-0.044 259.0 
-0.017 260.0 
-0.04 261.0 
-0.03 262.0 
-0.028 263.0 
-0.023 264.0 
0.002 265.0 
-0.017 266.0 
-0.004 267.0 
-0.028 268.0 
-0.036 269.0 
-0.05 270.0 
-0.03 271.0 
-0.018 272.0 
-0.034 273.0 
-0.024 274.0 
146.696 275.0 
143.951 276.0 
142.795 277.0 
141.242 278.0 
139.548 279.0 
137.259 280.0 
135.46 281.0 
133.218 282.0 
129.877 283.0 
128.628 284.0 
128.242 285.0 
127.938 286.0 
127.787 287.0 
127.495 288.0 
127.179 289.0 
126.957 290.0 
126.408 291.0 
126.21 292.0 
125.988 293.0 
125.93 294.0 
125.416 295.0 
125.229 296.0 
125.17 297.0 
124.68 298.0 
124.423 299.0 
124.364 300.0 
123.781 301.0 
123.71 302.0 
123.138 303.0 
122.998 304.0 
122.905 305.0 
122.215 306.0 
121.024 307.0 
118.641 308.0 
115.687 309.0 
111.821 310.0 
107.931 311.0 
103.54 312.0 
99.218 313.0 
94.663 314.0 
90.634 315.0 
86.441 316.0 
82.914 317.0 
79.935 318.0 
79.807 319.0 
79.608 320.0 
79.001 321.0 
79.456 322.0 
79.363 323.0 
79.386 324.0 
79.386 325.0 
79.258 326.0 
79.363 327.0 
79.293 328.0 
79.421 329.0 
79.363 330.0 
79.293 331.0 
79.41 332.0 
79.375 333.0 
79.293 334.0 
79.293 335.0 
79.386 336.0 
79.375 337.0 
79.258 338.0 
79.433 339.0 
79.305 340.0 
79.293 341.0 
79.305 342.0 
79.048 343.0 
79.316 344.0 
79.27 345.0 
79.27 346.0 
79.234 347.0 
79.176 348.0 
79.363 349.0 
79.34 350.0 
79.293 351.0 
79.34 352.0 
79.258 353.0 
79.153 354.0 
79.386 355.0 
79.34 356.0 
79.363 357.0 
79.328 358.0 
79.41 359.0 
79.351 360.0 
79.316 361.0 
79.316 362.0 
79.305 363.0 
79.293 364.0 
79.293 365.0 
79.328 366.0 
79.316 367.0 
79.258 368.0 
79.281 369.0 
79.281 370.0 
79.351 371.0 
79.34 372.0 
79.34 373.0 
79.375 374.0 
79.363 375.0 
79.655 376.0 
79.223 377.0 
79.293 378.0 
79.305 379.0 
79.316 380.0 
79.328 381.0 
79.351 382.0 
79.293 383.0 
79.305 384.0 
79.281 385.0 
79.41 386.0 
79.27 387.0 
79.211 388.0 
79.316 389.0 
79.328 390.0 
79.34 391.0 
79.27 392.0 
79.34 393.0 
79.258 394.0 
79.305 395.0 
79.386 396.0 
79.258 397.0 
79.316 398.0 
79.234 399.0 
79.246 400.0 
79.386 401.0 
79.34 402.0 
79.398 403.0 
79.363 404.0 
79.305 405.0 
79.246 406.0 
79.34 407.0 
79.258 408.0 
79.281 409.0 
79.258 410.0 
79.27 411.0 
79.34 412.0 
79.375 413.0 
79.363 414.0 
79.258 415.0 
79.305 416.0 
79.223 417.0 
79.386 418.0 
79.363 419.0 
79.27 420.0 
79.316 421.0 
79.375 422.0 
79.375 423.0 
79.258 424.0 
79.293 425.0 
79.328 426.0 
79.363 427.0 
79.258 428.0 
79.27 429.0 
79.246 430.0 
79.328 431.0 
79.363 432.0 
79.351 433.0 
79.223 434.0 
79.246 435.0 
79.27 436.0 
79.328 437.0 
79.223 438.0 
79.293 439.0 
79.246 440.0 
79.281 441.0 
79.27 442.0 
79.281 443.0 
79.27 444.0 
79.258 445.0 
79.246 446.0 
79.375 447.0 
79.363 448.0 
79.34 449.0 
79.585 450.0 
79.281 451.0 
79.246 452.0 
79.234 453.0 
79.223 454.0 
79.351 455.0 
79.153 456.0 
79.27 457.0 
79.223 458.0 
79.386 459.0 
79.363 460.0 
79.293 461.0 
79.27 462.0 
79.351 463.0 
79.351 464.0 
79.328 465.0 
79.375 466.0 
79.293 467.0 
79.234 468.0 
79.316 469.0 
79.258 470.0 
79.246 471.0 
79.27 472.0 
79.328 473.0 
79.293 474.0 
79.34 475.0 
79.281 476.0 
79.199 477.0 
79.305 478.0 
79.246 479.0 
79.305 480.0 
79.375 481.0 
79.258 482.0 
79.34 483.0 
79.246 484.0 
79.305 485.0 
79.246 486.0 
79.188 487.0 
79.351 488.0 
79.281 489.0 
79.246 490.0 
79.316 491.0 
79.305 492.0 
79.27 493.0 
79.34 494.0 
79.258 495.0 
79.211 496.0 
79.258 497.0 
79.328 498.0 
79.223 499.0 
79.258 500.0 
79.281 501.0 
79.328 502.0 
79.188 503.0 
79.199 504.0 
79.258 505.0 
79.293 506.0 
79.305 507.0 
79.515 508.0 
79.199 509.0 
79.234 510.0 
79.223 511.0 
79.27 512.0 
79.293 513.0 
79.246 514.0 
79.293 515.0 
79.316 516.0 
79.328 517.0 
79.129 518.0 
79.141 519.0 
79.188 520.0 
79.153 521.0 
79.199 522.0 
79.141 523.0 
79.199 524.0 
79.141 525.0 
79.141 526.0 
79.176 527.0 
79.164 528.0 
79.071 529.0 
79.071 530.0 
79.083 531.0 
79.234 532.0 
79.176 533.0 
79.141 534.0 
79.141 535.0 
79.106 536.0 
79.059 537.0 
79.024 538.0 
78.966 539.0 
78.954 540.0 
79.048 541.0 
79.036 542.0 
78.954 543.0 
78.907 544.0 
78.849 545.0 
78.814 546.0 
78.954 547.0 
78.942 548.0 
78.849 549.0 
78.791 550.0 
78.756 551.0 
78.849 552.0 
78.837 553.0 
78.756 554.0 
78.756 555.0 
78.849 556.0 
78.802 557.0 
78.744 558.0 
78.849 559.0 
78.814 560.0 
78.791 561.0 
78.721 562.0 
78.802 563.0 
78.779 564.0 
78.662 565.0 
78.826 566.0 
78.919 567.0 
78.697 568.0 
78.802 569.0 
78.709 570.0 
78.849 571.0 
78.767 572.0 
78.721 573.0 
78.744 574.0 
78.721 575.0 
78.849 576.0 
78.791 577.0 
78.791 578.0 
78.872 579.0 
78.814 580.0 
78.884 581.0 
78.837 582.0 
78.861 583.0 
78.814 584.0 
78.954 585.0 
78.861 586.0 
78.779 587.0 
78.837 588.0 
78.779 589.0 
78.837 590.0 
78.756 591.0 
78.826 592.0 
78.779 593.0 
78.791 594.0 
78.791 595.0 
78.849 596.0 
78.756 597.0 
78.826 598.0 
78.779 599.0 
78.837 600.0 
78.907 601.0 
78.826 602.0 
78.896 603.0 
78.826 604.0 
78.884 605.0 
78.779 606.0 
78.826 607.0 
78.732 608.0 
78.814 609.0 
78.896 610.0 
78.767 611.0 
78.884 612.0 
78.756 613.0 
78.849 614.0 
78.721 615.0 
78.756 616.0 
78.872 617.0 
78.767 618.0 
78.849 619.0 
78.487 620.0 
78.826 621.0 
78.861 622.0 
78.767 623.0 
78.802 624.0 
78.884 625.0 
78.709 626.0 
78.826 627.0 
78.872 628.0 
78.767 629.0 
78.802 630.0 
78.872 631.0 
78.709 632.0 
78.861 633.0 
78.884 634.0 
78.767 635.0 
78.837 636.0 
78.884 637.0 
78.756 638.0 
78.849 639.0 
78.872 640.0 
78.779 641.0 
78.826 642.0 
78.884 643.0 
78.721 644.0 
78.779 645.0 
78.837 646.0 
78.907 647.0 
78.791 648.0 
78.744 649.0 
78.826 650.0 
78.732 651.0 
78.779 652.0 
78.779 653.0 
78.849 654.0 
78.732 655.0 
78.756 656.0 
78.779 657.0 
78.872 658.0 
78.791 659.0 
78.779 660.0 
78.837 661.0 
78.896 662.0 
78.697 663.0 
78.802 664.0 
78.849 665.0 
78.896 666.0 
78.779 667.0 
78.826 668.0 
78.849 669.0 
78.872 670.0 
78.756 671.0 
78.767 672.0 
78.814 673.0 
78.814 674.0 
78.884 675.0 
78.732 676.0 
78.744 677.0 
78.802 678.0 
78.826 679.0 
78.896 680.0 
78.732 681.0 
78.744 682.0 
78.779 683.0 
78.814 684.0 
78.884 685.0 
78.884 686.0 
78.697 687.0 
78.767 688.0 
78.791 689.0 
78.814 690.0 
78.837 691.0 
78.861 692.0 
78.709 693.0 
78.756 694.0 
78.814 695.0 
78.814 696.0 
78.849 697.0 
78.837 698.0 
78.557 699.0 
78.756 700.0 
78.767 701.0 
78.779 702.0 
78.802 703.0 
78.837 704.0 
78.896 705.0 
78.907 706.0 
78.756 707.0 
78.732 708.0 
78.744 709.0 
78.814 710.0 
78.814 711.0 
78.826 712.0 
78.872 713.0 
78.907 714.0 
78.907 715.0 
78.732 716.0 
78.744 717.0 
78.756 718.0 
78.826 719.0 
78.837 720.0 
78.837 721.0 
78.849 722.0 
78.837 723.0 
78.872 724.0 
78.896 725.0 
78.697 726.0 
78.721 727.0 
78.779 728.0 
78.756 729.0 
78.779 730.0 
78.791 731.0 
78.814 732.0 
78.826 733.0 
78.826 734.0 
78.837 735.0 
78.791 736.0 
78.872 737.0 
78.872 738.0 
78.569 739.0 
78.709 740.0 
78.709 741.0 
78.721 742.0 
78.744 743.0 
78.756 744.0 
78.756 745.0 
78.756 746.0 
78.779 747.0 
78.767 748.0 
78.779 749.0 
78.744 750.0 
78.779 751.0 
78.779 752.0 
78.802 753.0 
78.779 754.0 
78.814 755.0 
78.802 756.0 
78.802 757.0 
78.779 758.0 
78.837 759.0 
78.826 760.0 
78.837 761.0 
78.802 762.0 
78.802 763.0 
78.791 764.0 
78.814 765.0 
78.837 766.0 
78.849 767.0 
78.849 768.0 
78.849 769.0 
78.826 770.0 
78.826 771.0 
78.837 772.0 
78.826 773.0 
78.814 774.0 
78.814 775.0 
78.837 776.0 
78.802 777.0 
78.814 778.0 
78.826 779.0 
78.779 780.0 
78.814 781.0 
78.814 782.0 
78.826 783.0 
78.814 784.0 
78.802 785.0 
78.826 786.0 
78.826 787.0 
78.826 788.0 
78.814 789.0 
78.814 790.0 
78.791 791.0 
78.802 792.0 
78.802 793.0 
78.802 794.0 
78.779 795.0 
78.814 796.0 
78.791 797.0 
78.791 798.0 
78.802 799.0 
78.779 800.0 
78.791 801.0 
78.779 802.0 
78.802 803.0 
78.791 804.0 
-0.001 805.0 
-0.001 806.0 
0.0 807.0 
0.002 808.0 
0.002 809.0 
0.0 810.0 
-0.004 811.0 
-0.006 812.0 
0.0 813.0 
-0.005 814.0 
-0.004 815.0 
0.01 816.0 
0.0 817.0 
0.0 818.0 
-0.006 819.0 
-0.011 820.0 
-0.016 821.0 
-0.016 822.0 
-0.006 823.0 
-0.014 824.0 
-0.012 825.0 
-0.008 826.0 
-0.017 827.0 
-0.025 828.0 
-0.028 829.0 
