-0.024 257.0 
-0.032 258.0 
-0.05 259.0 
-0.032 260.0 
-0.034 261.0 
-0.048 262.0 
-0.02 263.0 
-0.016 264.0 
-0.024 265.0 
-0.042 266.0 
-0.02 267.0 
-0.043 268.0 
-0.055 269.0 
-0.047 270.0 
-0.02 271.0 
-0.022 272.0 
-0.016 273.0 
-0.032 274.0 
143.274 275.0 
139.688 276.0 
138.614 277.0 
137.165 278.0 
135.53 279.0 
133.661 280.0 
132.178 281.0 
130.216 282.0 
127.506 283.0 
126.56 284.0 
126.14 285.0 
125.836 286.0 
125.684 287.0 
125.462 288.0 
125.194 289.0 
124.575 290.0 
124.446 291.0 
124.201 292.0 
124.014 293.0 
123.757 294.0 
123.395 295.0 
123.197 296.0 
123.173 297.0 
122.624 298.0 
122.414 299.0 
122.367 300.0 
121.795 301.0 
121.69 302.0 
121.211 303.0 
121.071 304.0 
120.989 305.0 
120.358 306.0 
119.202 307.0 
117.076 308.0 
114.413 309.0 
110.84 310.0 
107.336 311.0 
103.259 312.0 
99.405 313.0 
95.107 314.0 
91.241 315.0 
87.27 316.0 
83.708 317.0 
80.741 318.0 
80.566 319.0 
80.367 320.0 
80.216 321.0 
80.251 322.0 
80.169 323.0 
80.204 324.0 
80.064 325.0 
79.982 326.0 
80.087 327.0 
80.04 328.0 
80.227 329.0 
80.122 330.0 
80.04 331.0 
80.169 332.0 
80.169 333.0 
80.064 334.0 
80.029 335.0 
80.122 336.0 
80.169 337.0 
80.029 338.0 
80.216 339.0 
80.122 340.0 
80.052 341.0 
80.075 342.0 
80.297 343.0 
80.122 344.0 
80.029 345.0 
80.005 346.0 
80.04 347.0 
80.064 348.0 
80.099 349.0 
80.04 350.0 
80.052 351.0 
80.075 352.0 
80.04 353.0 
79.97 354.0 
80.017 355.0 
80.087 356.0 
80.134 357.0 
80.099 358.0 
80.157 359.0 
80.134 360.0 
80.122 361.0 
80.04 362.0 
80.087 363.0 
80.052 364.0 
80.017 365.0 
80.04 366.0 
80.087 367.0 
80.017 368.0 
80.017 369.0 
80.087 370.0 
80.087 371.0 
80.11 372.0 
80.099 373.0 
80.11 374.0 
80.169 375.0 
80.344 376.0 
80.04 377.0 
80.029 378.0 
80.04 379.0 
80.064 380.0 
80.052 381.0 
80.157 382.0 
80.064 383.0 
80.052 384.0 
80.017 385.0 
80.134 386.0 
80.017 387.0 
80.017 388.0 
80.052 389.0 
80.052 390.0 
80.075 391.0 
80.04 392.0 
80.064 393.0 
79.947 394.0 
80.075 395.0 
80.157 396.0 
79.994 397.0 
80.087 398.0 
79.947 399.0 
79.994 400.0 
80.134 401.0 
80.04 402.0 
80.134 403.0 
80.11 404.0 
80.029 405.0 
80.005 406.0 
80.04 407.0 
79.982 408.0 
80.017 409.0 
79.982 410.0 
80.04 411.0 
80.11 412.0 
80.566 413.0 
80.087 414.0 
80.005 415.0 
80.064 416.0 
79.982 417.0 
80.087 418.0 
80.087 419.0 
79.994 420.0 
80.029 421.0 
80.064 422.0 
80.087 423.0 
80.029 424.0 
79.982 425.0 
80.064 426.0 
80.075 427.0 
80.029 428.0 
79.982 429.0 
79.982 430.0 
80.064 431.0 
80.087 432.0 
80.075 433.0 
79.959 434.0 
80.005 435.0 
80.029 436.0 
80.052 437.0 
79.982 438.0 
79.97 439.0 
80.005 440.0 
80.04 441.0 
80.005 442.0 
80.017 443.0 
80.017 444.0 
80.005 445.0 
79.994 446.0 
80.099 447.0 
80.064 448.0 
80.052 449.0 
80.437 450.0 
80.017 451.0 
79.982 452.0 
79.97 453.0 
79.959 454.0 
80.064 455.0 
80.04 456.0 
79.994 457.0 
80.005 458.0 
80.052 459.0 
80.099 460.0 
80.04 461.0 
79.994 462.0 
80.11 463.0 
80.075 464.0 
80.052 465.0 
80.075 466.0 
80.029 467.0 
79.982 468.0 
80.064 469.0 
79.97 470.0 
79.959 471.0 
80.005 472.0 
79.877 473.0 
80.029 474.0 
80.099 475.0 
80.04 476.0 
79.947 477.0 
80.064 478.0 
79.935 479.0 
79.994 480.0 
80.11 481.0 
80.005 482.0 
80.099 483.0 
79.959 484.0 
80.029 485.0 
79.935 486.0 
79.982 487.0 
80.075 488.0 
79.959 489.0 
80.005 490.0 
80.052 491.0 
80.005 492.0 
79.994 493.0 
80.064 494.0 
79.959 495.0 
79.924 496.0 
80.04 497.0 
80.075 498.0 
79.935 499.0 
79.982 500.0 
80.04 501.0 
80.04 502.0 
79.924 503.0 
79.935 504.0 
79.947 505.0 
80.017 506.0 
79.912 507.0 
80.029 508.0 
79.889 509.0 
79.924 510.0 
79.947 511.0 
79.994 512.0 
79.994 513.0 
79.982 514.0 
80.017 515.0 
80.04 516.0 
80.367 517.0 
79.83 518.0 
79.877 519.0 
79.889 520.0 
79.9 521.0 
79.889 522.0 
79.889 523.0 
79.912 524.0 
79.865 525.0 
79.877 526.0 
79.854 527.0 
79.795 528.0 
79.865 529.0 
79.772 530.0 
79.818 531.0 
79.935 532.0 
79.865 533.0 
79.854 534.0 
79.854 535.0 
79.795 536.0 
79.772 537.0 
79.69 538.0 
79.655 539.0 
79.608 540.0 
79.772 541.0 
79.667 542.0 
79.655 543.0 
79.62 544.0 
79.538 545.0 
79.515 546.0 
79.62 547.0 
79.585 548.0 
79.526 549.0 
79.456 550.0 
79.375 551.0 
79.526 552.0 
79.491 553.0 
79.468 554.0 
79.41 555.0 
79.538 556.0 
79.48 557.0 
79.456 558.0 
79.024 559.0 
79.515 560.0 
79.456 561.0 
79.351 562.0 
79.491 563.0 
79.433 564.0 
79.398 565.0 
79.515 566.0 
79.503 567.0 
79.351 568.0 
79.456 569.0 
79.433 570.0 
79.515 571.0 
79.468 572.0 
79.375 573.0 
79.468 574.0 
79.433 575.0 
79.783 576.0 
79.48 577.0 
79.456 578.0 
79.55 579.0 
79.468 580.0 
79.55 581.0 
79.491 582.0 
79.562 583.0 
79.503 584.0 
79.176 585.0 
79.48 586.0 
79.445 587.0 
79.526 588.0 
79.433 589.0 
79.526 590.0 
79.445 591.0 
79.491 592.0 
79.445 593.0 
79.515 594.0 
79.456 595.0 
79.456 596.0 
79.445 597.0 
79.433 598.0 
79.433 599.0 
79.48 600.0 
79.608 601.0 
79.468 602.0 
79.597 603.0 
79.468 604.0 
79.562 605.0 
79.445 606.0 
79.503 607.0 
79.375 608.0 
79.503 609.0 
79.55 610.0 
79.456 611.0 
79.538 612.0 
79.445 613.0 
79.515 614.0 
79.41 615.0 
79.433 616.0 
79.538 617.0 
79.398 618.0 
79.48 619.0 
79.316 620.0 
79.445 621.0 
79.526 622.0 
79.421 623.0 
79.48 624.0 
79.515 625.0 
79.433 626.0 
79.491 627.0 
79.562 628.0 
79.445 629.0 
79.48 630.0 
79.562 631.0 
79.421 632.0 
79.503 633.0 
79.783 634.0 
79.433 635.0 
79.503 636.0 
79.55 637.0 
79.456 638.0 
79.421 639.0 
79.538 640.0 
79.421 641.0 
79.421 642.0 
79.526 643.0 
79.421 644.0 
79.363 645.0 
79.491 646.0 
79.526 647.0 
79.421 648.0 
79.445 649.0 
79.515 650.0 
79.375 651.0 
79.375 652.0 
79.491 653.0 
79.515 654.0 
79.41 655.0 
79.468 656.0 
79.468 657.0 
79.526 658.0 
79.421 659.0 
79.456 660.0 
79.55 661.0 
79.515 662.0 
79.421 663.0 
79.503 664.0 
79.491 665.0 
79.562 666.0 
79.421 667.0 
79.456 668.0 
79.503 669.0 
79.538 670.0 
79.41 671.0 
79.468 672.0 
79.491 673.0 
79.491 674.0 
79.55 675.0 
79.433 676.0 
79.456 677.0 
79.515 678.0 
79.526 679.0 
79.538 680.0 
79.421 681.0 
79.41 682.0 
79.456 683.0 
79.515 684.0 
79.491 685.0 
79.585 686.0 
79.375 687.0 
79.421 688.0 
79.468 689.0 
79.515 690.0 
79.515 691.0 
79.573 692.0 
79.41 693.0 
79.421 694.0 
79.456 695.0 
79.456 696.0 
79.48 697.0 
79.538 698.0 
79.316 699.0 
79.398 700.0 
79.456 701.0 
79.468 702.0 
79.491 703.0 
79.491 704.0 
79.503 705.0 
79.585 706.0 
79.386 707.0 
79.398 708.0 
79.433 709.0 
79.456 710.0 
79.491 711.0 
79.491 712.0 
79.526 713.0 
79.538 714.0 
79.351 715.0 
79.386 716.0 
79.375 717.0 
79.433 718.0 
79.456 719.0 
79.48 720.0 
79.503 721.0 
79.526 722.0 
79.562 723.0 
79.538 724.0 
79.55 725.0 
79.351 726.0 
79.398 727.0 
79.398 728.0 
79.445 729.0 
79.433 730.0 
79.48 731.0 
79.48 732.0 
79.503 733.0 
79.515 734.0 
79.526 735.0 
79.538 736.0 
79.538 737.0 
79.55 738.0 
79.375 739.0 
79.386 740.0 
79.363 741.0 
79.41 742.0 
79.398 743.0 
79.433 744.0 
79.398 745.0 
79.41 746.0 
79.456 747.0 
79.41 748.0 
79.433 749.0 
79.433 750.0 
79.445 751.0 
79.41 752.0 
79.445 753.0 
79.445 754.0 
79.48 755.0 
79.456 756.0 
79.445 757.0 
79.48 758.0 
79.48 759.0 
79.491 760.0 
79.48 761.0 
79.491 762.0 
79.503 763.0 
79.503 764.0 
79.468 765.0 
79.456 766.0 
79.503 767.0 
79.48 768.0 
79.48 769.0 
79.491 770.0 
79.468 771.0 
79.48 772.0 
79.491 773.0 
79.503 774.0 
79.491 775.0 
79.515 776.0 
79.515 777.0 
79.526 778.0 
79.491 779.0 
79.491 780.0 
79.468 781.0 
79.48 782.0 
79.491 783.0 
79.491 784.0 
79.48 785.0 
79.503 786.0 
79.48 787.0 
79.48 788.0 
79.48 789.0 
79.468 790.0 
79.48 791.0 
79.468 792.0 
79.456 793.0 
79.468 794.0 
79.468 795.0 
79.468 796.0 
79.491 797.0 
79.48 798.0 
79.491 799.0 
79.48 800.0 
79.48 801.0 
79.515 802.0 
79.468 803.0 
79.468 804.0 
0.01 805.0 
-0.002 806.0 
0.0 807.0 
0.005 808.0 
-0.004 809.0 
-0.007 810.0 
-0.014 811.0 
-0.028 812.0 
-0.032 813.0 
-0.044 814.0 
-0.049 815.0 
-0.059 816.0 
-0.047 817.0 
-0.053 818.0 
-0.054 819.0 
-0.061 820.0 
-0.052 821.0 
-0.056 822.0 
-0.054 823.0 
-0.056 824.0 
-0.055 825.0 
-0.044 826.0 
-0.031 827.0 
-0.028 828.0 
-0.032 829.0 
