-0.031 257.0 
-0.043 258.0 
-0.06 259.0 
-0.049 260.0 
-0.052 261.0 
-0.054 262.0 
-0.062 263.0 
-0.053 264.0 
-0.044 265.0 
-0.054 266.0 
-0.06 267.0 
-0.037 268.0 
-0.038 269.0 
-0.05 270.0 
-0.056 271.0 
-0.065 272.0 
-0.055 273.0 
-0.044 274.0 
138.637 275.0 
136.009 276.0 
134.724 277.0 
133.136 278.0 
131.302 279.0 
129.036 280.0 
127.016 281.0 
124.108 282.0 
120.37 283.0 
118.945 284.0 
118.536 285.0 
118.279 286.0 
118.139 287.0 
117.941 288.0 
117.684 289.0 
117.135 290.0 
117.006 291.0 
116.831 292.0 
116.633 293.0 
116.364 294.0 
116.177 295.0 
116.107 296.0 
116.014 297.0 
115.593 298.0 
115.441 299.0 
115.383 300.0 
114.881 301.0 
114.822 302.0 
114.297 303.0 
114.215 304.0 
114.705 305.0 
113.456 306.0 
112.241 307.0 
110.057 308.0 
107.546 309.0 
104.089 310.0 
100.69 311.0 
96.882 312.0 
93.25 313.0 
89.372 314.0 
85.6 315.0 
81.722 316.0 
78.347 317.0 
75.485 318.0 
75.45 319.0 
75.182 320.0 
75.065 321.0 
75.1 322.0 
74.983 323.0 
75.03 324.0 
74.96 325.0 
74.901 326.0 
74.995 327.0 
74.936 328.0 
75.17 329.0 
75.018 330.0 
74.913 331.0 
75.147 332.0 
75.006 333.0 
74.925 334.0 
74.89 335.0 
74.983 336.0 
74.971 337.0 
74.89 338.0 
75.193 339.0 
74.913 340.0 
74.925 341.0 
74.925 342.0 
74.96 343.0 
74.948 344.0 
74.913 345.0 
74.936 346.0 
74.866 347.0 
74.89 348.0 
74.971 349.0 
74.995 350.0 
74.901 351.0 
74.96 352.0 
74.983 353.0 
74.89 354.0 
74.855 355.0 
74.983 356.0 
74.983 357.0 
74.948 358.0 
75.006 359.0 
74.96 360.0 
75.006 361.0 
74.913 362.0 
74.983 363.0 
74.89 364.0 
74.936 365.0 
74.96 366.0 
74.971 367.0 
74.925 368.0 
74.925 369.0 
74.948 370.0 
74.971 371.0 
74.936 372.0 
75.03 373.0 
75.041 374.0 
74.995 375.0 
75.147 376.0 
74.913 377.0 
74.913 378.0 
74.936 379.0 
74.936 380.0 
74.948 381.0 
74.855 382.0 
74.913 383.0 
74.948 384.0 
74.913 385.0 
75.006 386.0 
74.878 387.0 
74.901 388.0 
74.971 389.0 
74.96 390.0 
75.006 391.0 
74.913 392.0 
74.983 393.0 
74.878 394.0 
74.971 395.0 
75.018 396.0 
74.89 397.0 
74.96 398.0 
74.913 399.0 
74.866 400.0 
75.006 401.0 
74.96 402.0 
74.995 403.0 
74.96 404.0 
74.913 405.0 
74.855 406.0 
74.936 407.0 
74.878 408.0 
74.936 409.0 
74.901 410.0 
74.925 411.0 
74.983 412.0 
75.357 413.0 
74.971 414.0 
74.913 415.0 
74.983 416.0 
74.855 417.0 
75.006 418.0 
74.96 419.0 
74.866 420.0 
74.913 421.0 
74.96 422.0 
74.983 423.0 
74.913 424.0 
74.913 425.0 
74.96 426.0 
75.018 427.0 
74.901 428.0 
74.96 429.0 
74.89 430.0 
74.96 431.0 
74.971 432.0 
75.006 433.0 
74.878 434.0 
74.901 435.0 
74.89 436.0 
74.96 437.0 
74.878 438.0 
74.866 439.0 
74.925 440.0 
74.89 441.0 
74.913 442.0 
74.901 443.0 
74.89 444.0 
74.925 445.0 
74.89 446.0 
75.018 447.0 
74.995 448.0 
74.948 449.0 
75.287 450.0 
74.925 451.0 
74.901 452.0 
74.89 453.0 
74.901 454.0 
74.948 455.0 
74.714 456.0 
74.89 457.0 
74.878 458.0 
74.948 459.0 
74.983 460.0 
74.936 461.0 
74.925 462.0 
74.995 463.0 
74.901 464.0 
74.925 465.0 
74.971 466.0 
74.936 467.0 
74.878 468.0 
74.936 469.0 
74.925 470.0 
74.878 471.0 
74.936 472.0 
74.831 473.0 
74.936 474.0 
75.018 475.0 
74.948 476.0 
74.878 477.0 
74.936 478.0 
74.855 479.0 
74.936 480.0 
75.018 481.0 
74.948 482.0 
74.995 483.0 
74.913 484.0 
74.948 485.0 
74.89 486.0 
74.913 487.0 
74.948 488.0 
74.913 489.0 
74.925 490.0 
74.995 491.0 
74.936 492.0 
74.971 493.0 
74.995 494.0 
74.866 495.0 
74.843 496.0 
74.913 497.0 
74.948 498.0 
74.843 499.0 
74.89 500.0 
74.925 501.0 
74.96 502.0 
74.82 503.0 
74.855 504.0 
74.878 505.0 
74.913 506.0 
74.831 507.0 
75.03 508.0 
74.843 509.0 
74.831 510.0 
74.913 511.0 
74.948 512.0 
74.913 513.0 
74.936 514.0 
74.936 515.0 
74.948 516.0 
75.275 517.0 
74.75 518.0 
74.82 519.0 
74.831 520.0 
74.843 521.0 
74.831 522.0 
74.843 523.0 
74.82 524.0 
74.808 525.0 
74.855 526.0 
74.831 527.0 
74.761 528.0 
74.82 529.0 
74.785 530.0 
74.773 531.0 
74.89 532.0 
75.112 533.0 
74.831 534.0 
74.878 535.0 
74.808 536.0 
74.796 537.0 
74.668 538.0 
74.703 539.0 
74.691 540.0 
74.82 541.0 
74.703 542.0 
74.726 543.0 
74.644 544.0 
74.644 545.0 
74.598 546.0 
74.691 547.0 
74.668 548.0 
74.633 549.0 
74.539 550.0 
74.469 551.0 
74.656 552.0 
74.621 553.0 
74.574 554.0 
74.504 555.0 
74.633 556.0 
74.609 557.0 
74.551 558.0 
74.107 559.0 
74.586 560.0 
74.551 561.0 
74.481 562.0 
74.609 563.0 
74.539 564.0 
74.504 565.0 
74.609 566.0 
74.609 567.0 
74.528 568.0 
74.551 569.0 
74.528 570.0 
74.656 571.0 
74.551 572.0 
74.504 573.0 
74.621 574.0 
74.516 575.0 
74.925 576.0 
74.574 577.0 
74.551 578.0 
74.656 579.0 
74.621 580.0 
74.691 581.0 
74.609 582.0 
74.644 583.0 
74.621 584.0 
74.317 585.0 
74.633 586.0 
74.563 587.0 
74.656 588.0 
74.551 589.0 
74.668 590.0 
74.551 591.0 
74.656 592.0 
74.574 593.0 
74.621 594.0 
74.563 595.0 
74.563 596.0 
74.528 597.0 
74.574 598.0 
74.563 599.0 
74.586 600.0 
74.691 601.0 
74.574 602.0 
74.656 603.0 
74.563 604.0 
74.621 605.0 
74.563 606.0 
74.656 607.0 
74.504 608.0 
74.609 609.0 
74.679 610.0 
74.586 611.0 
74.656 612.0 
74.574 613.0 
74.609 614.0 
74.528 615.0 
74.574 616.0 
74.644 617.0 
74.516 618.0 
74.633 619.0 
74.387 620.0 
74.574 621.0 
74.644 622.0 
74.563 623.0 
74.598 624.0 
74.679 625.0 
74.539 626.0 
74.609 627.0 
74.691 628.0 
74.609 629.0 
74.621 630.0 
74.691 631.0 
74.574 632.0 
74.656 633.0 
74.948 634.0 
74.551 635.0 
74.621 636.0 
74.656 637.0 
74.563 638.0 
74.609 639.0 
74.656 640.0 
74.563 641.0 
74.528 642.0 
74.633 643.0 
74.504 644.0 
74.504 645.0 
74.621 646.0 
74.679 647.0 
74.539 648.0 
74.621 649.0 
74.633 650.0 
74.516 651.0 
74.504 652.0 
74.621 653.0 
74.656 654.0 
74.493 655.0 
74.504 656.0 
74.598 657.0 
74.668 658.0 
74.563 659.0 
74.563 660.0 
74.633 661.0 
74.598 662.0 
74.528 663.0 
74.586 664.0 
74.656 665.0 
74.679 666.0 
74.551 667.0 
74.586 668.0 
74.609 669.0 
74.656 670.0 
74.539 671.0 
74.563 672.0 
74.621 673.0 
74.633 674.0 
74.586 675.0 
74.528 676.0 
74.574 677.0 
74.574 678.0 
74.633 679.0 
74.633 680.0 
74.504 681.0 
74.528 682.0 
74.586 683.0 
74.586 684.0 
74.598 685.0 
74.714 686.0 
74.481 687.0 
74.563 688.0 
74.598 689.0 
74.609 690.0 
74.668 691.0 
74.679 692.0 
74.528 693.0 
74.574 694.0 
74.598 695.0 
74.609 696.0 
74.586 697.0 
74.656 698.0 
74.434 699.0 
74.528 700.0 
74.563 701.0 
74.551 702.0 
74.574 703.0 
74.574 704.0 
74.621 705.0 
74.656 706.0 
74.516 707.0 
74.563 708.0 
74.574 709.0 
74.574 710.0 
74.586 711.0 
74.621 712.0 
74.656 713.0 
74.668 714.0 
74.458 715.0 
74.493 716.0 
74.516 717.0 
74.586 718.0 
74.551 719.0 
74.563 720.0 
74.598 721.0 
74.609 722.0 
74.621 723.0 
74.668 724.0 
74.691 725.0 
74.481 726.0 
74.504 727.0 
74.539 728.0 
74.563 729.0 
74.551 730.0 
74.598 731.0 
74.598 732.0 
74.621 733.0 
74.633 734.0 
74.609 735.0 
74.621 736.0 
74.656 737.0 
74.644 738.0 
74.469 739.0 
74.516 740.0 
74.493 741.0 
74.528 742.0 
74.504 743.0 
74.516 744.0 
74.539 745.0 
74.539 746.0 
74.551 747.0 
74.528 748.0 
74.574 749.0 
74.574 750.0 
74.563 751.0 
74.574 752.0 
74.586 753.0 
74.574 754.0 
74.563 755.0 
74.574 756.0 
74.598 757.0 
74.598 758.0 
74.598 759.0 
74.598 760.0 
74.586 761.0 
74.574 762.0 
74.609 763.0 
74.586 764.0 
74.633 765.0 
74.598 766.0 
74.609 767.0 
74.621 768.0 
74.598 769.0 
74.633 770.0 
74.598 771.0 
74.621 772.0 
74.621 773.0 
74.621 774.0 
74.621 775.0 
74.598 776.0 
74.598 777.0 
74.563 778.0 
74.598 779.0 
74.609 780.0 
74.586 781.0 
74.574 782.0 
74.574 783.0 
74.574 784.0 
74.598 785.0 
74.586 786.0 
74.609 787.0 
74.574 788.0 
74.586 789.0 
74.621 790.0 
74.586 791.0 
74.586 792.0 
74.656 793.0 
74.621 794.0 
74.598 795.0 
74.598 796.0 
74.609 797.0 
74.621 798.0 
74.644 799.0 
74.586 800.0 
74.609 801.0 
74.609 802.0 
74.586 803.0 
74.609 804.0 
0.001 805.0 
0.006 806.0 
0.002 807.0 
-0.006 808.0 
-0.014 809.0 
-0.018 810.0 
-0.024 811.0 
-0.025 812.0 
-0.031 813.0 
-0.037 814.0 
-0.047 815.0 
-0.058 816.0 
-0.059 817.0 
-0.054 818.0 
-0.054 819.0 
-0.062 820.0 
-0.054 821.0 
-0.05 822.0 
-0.049 823.0 
-0.048 824.0 
-0.055 825.0 
-0.054 826.0 
-0.047 827.0 
-0.029 828.0 
-0.032 829.0 
