-0.061 257.0 
-0.038 258.0 
-0.059 259.0 
-0.074 260.0 
-0.031 261.0 
-0.03 262.0 
-0.023 263.0 
-0.046 264.0 
-0.042 265.0 
-0.068 266.0 
-0.043 267.0 
-0.031 268.0 
-0.056 269.0 
-0.048 270.0 
-0.031 271.0 
-0.05 272.0 
-0.016 273.0 
-0.044 274.0 
141.312 275.0 
138.637 276.0 
137.212 277.0 
135.11 278.0 
132.902 279.0 
130.158 280.0 
127.892 281.0 
125.229 282.0 
120.849 283.0 
119.004 284.0 
118.595 285.0 
118.314 286.0 
118.163 287.0 
118.022 288.0 
117.766 289.0 
117.217 290.0 
117.1 291.0 
116.96 292.0 
116.831 293.0 
116.341 294.0 
116.271 295.0 
116.165 296.0 
116.049 297.0 
115.663 298.0 
115.5 299.0 
115.184 300.0 
114.939 301.0 
114.834 302.0 
114.378 303.0 
114.297 304.0 
114.028 305.0 
113.538 306.0 
112.346 307.0 
110.314 308.0 
107.931 309.0 
104.906 310.0 
101.87 311.0 
98.132 312.0 
94.617 313.0 
90.459 314.0 
86.569 315.0 
82.587 316.0 
79.001 317.0 
76.128 318.0 
75.789 319.0 
75.801 320.0 
75.637 321.0 
75.707 322.0 
75.625 323.0 
75.649 324.0 
75.579 325.0 
75.497 326.0 
75.625 327.0 
75.532 328.0 
75.614 329.0 
75.625 330.0 
75.544 331.0 
75.474 332.0 
75.625 333.0 
75.52 334.0 
75.497 335.0 
75.602 336.0 
75.614 337.0 
75.532 338.0 
75.579 339.0 
75.555 340.0 
75.544 341.0 
75.532 342.0 
75.567 343.0 
75.579 344.0 
75.567 345.0 
75.509 346.0 
75.462 347.0 
75.532 348.0 
75.579 349.0 
75.532 350.0 
75.544 351.0 
75.59 352.0 
75.579 353.0 
75.497 354.0 
75.497 355.0 
75.579 356.0 
75.579 357.0 
75.544 358.0 
75.625 359.0 
75.567 360.0 
75.614 361.0 
75.544 362.0 
75.614 363.0 
75.544 364.0 
75.52 365.0 
75.555 366.0 
75.59 367.0 
75.509 368.0 
75.52 369.0 
75.544 370.0 
75.567 371.0 
75.602 372.0 
75.614 373.0 
75.614 374.0 
75.882 375.0 
75.614 376.0 
75.544 377.0 
75.579 378.0 
75.544 379.0 
75.544 380.0 
75.555 381.0 
75.625 382.0 
75.544 383.0 
75.52 384.0 
75.509 385.0 
75.637 386.0 
75.52 387.0 
75.485 388.0 
75.579 389.0 
75.59 390.0 
75.555 391.0 
75.544 392.0 
75.625 393.0 
75.439 394.0 
75.567 395.0 
75.52 396.0 
75.52 397.0 
75.602 398.0 
75.439 399.0 
75.485 400.0 
75.766 401.0 
75.555 402.0 
75.637 403.0 
75.602 404.0 
75.555 405.0 
75.509 406.0 
75.544 407.0 
75.52 408.0 
75.544 409.0 
75.497 410.0 
75.532 411.0 
75.614 412.0 
75.801 413.0 
75.602 414.0 
75.544 415.0 
75.579 416.0 
75.509 417.0 
75.59 418.0 
75.602 419.0 
75.509 420.0 
75.532 421.0 
75.614 422.0 
75.602 423.0 
75.52 424.0 
75.555 425.0 
75.567 426.0 
75.602 427.0 
75.509 428.0 
75.52 429.0 
75.52 430.0 
75.59 431.0 
75.59 432.0 
75.625 433.0 
75.474 434.0 
75.485 435.0 
75.555 436.0 
75.567 437.0 
75.544 438.0 
75.474 439.0 
75.497 440.0 
75.509 441.0 
75.497 442.0 
75.544 443.0 
75.497 444.0 
75.485 445.0 
75.497 446.0 
75.602 447.0 
75.567 448.0 
75.871 449.0 
75.625 450.0 
75.59 451.0 
75.532 452.0 
75.497 453.0 
75.497 454.0 
75.579 455.0 
75.392 456.0 
75.52 457.0 
75.497 458.0 
75.59 459.0 
75.602 460.0 
75.567 461.0 
75.544 462.0 
75.602 463.0 
75.485 464.0 
75.52 465.0 
75.614 466.0 
75.555 467.0 
75.485 468.0 
75.567 469.0 
75.474 470.0 
75.497 471.0 
75.52 472.0 
75.357 473.0 
75.532 474.0 
75.625 475.0 
75.567 476.0 
75.485 477.0 
75.532 478.0 
75.485 479.0 
75.544 480.0 
75.637 481.0 
75.532 482.0 
75.59 483.0 
75.509 484.0 
75.544 485.0 
75.497 486.0 
75.509 487.0 
75.579 488.0 
75.497 489.0 
75.509 490.0 
75.59 491.0 
75.532 492.0 
75.474 493.0 
75.567 494.0 
75.509 495.0 
75.462 496.0 
75.59 497.0 
75.602 498.0 
75.474 499.0 
75.497 500.0 
75.52 501.0 
75.579 502.0 
75.45 503.0 
75.462 504.0 
75.497 505.0 
75.532 506.0 
75.415 507.0 
75.52 508.0 
75.369 509.0 
75.404 510.0 
75.497 511.0 
75.497 512.0 
75.52 513.0 
75.567 514.0 
75.754 515.0 
75.474 516.0 
75.812 517.0 
75.415 518.0 
75.404 519.0 
75.462 520.0 
75.415 521.0 
75.462 522.0 
75.45 523.0 
75.439 524.0 
75.404 525.0 
75.404 526.0 
75.415 527.0 
75.415 528.0 
75.404 529.0 
75.38 530.0 
75.369 531.0 
75.52 532.0 
75.894 533.0 
75.439 534.0 
75.474 535.0 
75.45 536.0 
75.392 537.0 
75.31 538.0 
75.31 539.0 
75.298 540.0 
75.392 541.0 
75.31 542.0 
75.298 543.0 
75.275 544.0 
75.182 545.0 
75.147 546.0 
75.287 547.0 
75.193 548.0 
75.193 549.0 
75.135 550.0 
75.123 551.0 
75.24 552.0 
75.147 553.0 
75.1 554.0 
75.1 555.0 
75.193 556.0 
75.17 557.0 
75.135 558.0 
74.901 559.0 
75.182 560.0 
75.123 561.0 
75.077 562.0 
75.182 563.0 
75.088 564.0 
75.041 565.0 
75.158 566.0 
75.193 567.0 
75.077 568.0 
75.123 569.0 
75.123 570.0 
75.205 571.0 
75.112 572.0 
75.041 573.0 
75.182 574.0 
75.123 575.0 
75.579 576.0 
75.135 577.0 
75.147 578.0 
75.24 579.0 
75.182 580.0 
75.217 581.0 
75.135 582.0 
75.24 583.0 
75.182 584.0 
74.89 585.0 
75.193 586.0 
75.123 587.0 
75.205 588.0 
75.1 589.0 
75.205 590.0 
75.135 591.0 
75.193 592.0 
75.158 593.0 
75.182 594.0 
75.135 595.0 
75.158 596.0 
75.1 597.0 
75.17 598.0 
75.112 599.0 
75.1 600.0 
75.275 601.0 
75.17 602.0 
75.228 603.0 
75.135 604.0 
75.193 605.0 
75.135 606.0 
75.17 607.0 
75.1 608.0 
75.17 609.0 
75.24 610.0 
75.158 611.0 
75.217 612.0 
75.112 613.0 
75.182 614.0 
75.112 615.0 
75.088 616.0 
75.228 617.0 
75.112 618.0 
75.193 619.0 
74.971 620.0 
75.158 621.0 
75.217 622.0 
75.123 623.0 
75.158 624.0 
75.217 625.0 
75.077 626.0 
75.205 627.0 
75.193 628.0 
75.135 629.0 
75.17 630.0 
75.263 631.0 
75.112 632.0 
75.182 633.0 
75.52 634.0 
75.135 635.0 
75.217 636.0 
75.24 637.0 
75.112 638.0 
75.135 639.0 
75.228 640.0 
75.088 641.0 
75.088 642.0 
75.24 643.0 
75.088 644.0 
75.112 645.0 
75.17 646.0 
75.252 647.0 
75.123 648.0 
75.123 649.0 
75.228 650.0 
75.065 651.0 
75.053 652.0 
75.17 653.0 
75.217 654.0 
75.077 655.0 
75.1 656.0 
75.193 657.0 
75.24 658.0 
75.147 659.0 
75.17 660.0 
75.205 661.0 
75.205 662.0 
75.123 663.0 
75.17 664.0 
75.217 665.0 
75.24 666.0 
75.112 667.0 
75.147 668.0 
75.17 669.0 
75.217 670.0 
75.1 671.0 
75.112 672.0 
75.158 673.0 
75.193 674.0 
75.217 675.0 
75.088 676.0 
75.112 677.0 
75.205 678.0 
75.17 679.0 
75.24 680.0 
75.1 681.0 
75.135 682.0 
75.158 683.0 
75.205 684.0 
75.147 685.0 
75.252 686.0 
75.041 687.0 
75.135 688.0 
75.158 689.0 
75.17 690.0 
75.182 691.0 
75.205 692.0 
75.088 693.0 
75.123 694.0 
75.147 695.0 
75.17 696.0 
75.147 697.0 
75.24 698.0 
75.018 699.0 
75.077 700.0 
75.112 701.0 
75.158 702.0 
75.158 703.0 
75.217 704.0 
75.205 705.0 
75.217 706.0 
75.065 707.0 
75.123 708.0 
75.123 709.0 
75.147 710.0 
75.17 711.0 
75.182 712.0 
75.217 713.0 
75.252 714.0 
75.041 715.0 
75.065 716.0 
75.065 717.0 
75.135 718.0 
75.158 719.0 
75.182 720.0 
75.182 721.0 
75.205 722.0 
75.217 723.0 
75.193 724.0 
75.205 725.0 
74.995 726.0 
75.041 727.0 
75.123 728.0 
75.123 729.0 
75.135 730.0 
75.147 731.0 
75.147 732.0 
75.158 733.0 
75.135 734.0 
75.193 735.0 
75.217 736.0 
75.217 737.0 
75.217 738.0 
75.065 739.0 
75.053 740.0 
75.088 741.0 
75.112 742.0 
75.077 743.0 
75.123 744.0 
75.077 745.0 
75.065 746.0 
75.1 747.0 
75.123 748.0 
75.147 749.0 
75.123 750.0 
75.112 751.0 
75.123 752.0 
75.147 753.0 
75.147 754.0 
75.17 755.0 
75.193 756.0 
75.17 757.0 
75.17 758.0 
75.193 759.0 
75.158 760.0 
75.135 761.0 
75.193 762.0 
75.205 763.0 
75.17 764.0 
75.17 765.0 
75.147 766.0 
75.158 767.0 
75.193 768.0 
75.182 769.0 
75.17 770.0 
75.17 771.0 
75.193 772.0 
75.182 773.0 
75.158 774.0 
75.193 775.0 
75.17 776.0 
75.182 777.0 
75.17 778.0 
75.193 779.0 
75.17 780.0 
75.182 781.0 
75.17 782.0 
75.205 783.0 
75.158 784.0 
75.158 785.0 
75.158 786.0 
75.158 787.0 
75.147 788.0 
75.158 789.0 
75.135 790.0 
75.147 791.0 
75.182 792.0 
75.193 793.0 
75.147 794.0 
75.135 795.0 
75.158 796.0 
75.135 797.0 
75.182 798.0 
75.147 799.0 
75.158 800.0 
75.158 801.0 
75.147 802.0 
75.17 803.0 
75.158 804.0 
-0.004 805.0 
0.0 806.0 
0.004 807.0 
0.004 808.0 
-0.017 809.0 
-0.017 810.0 
-0.025 811.0 
-0.025 812.0 
-0.025 813.0 
-0.028 814.0 
-0.047 815.0 
-0.047 816.0 
-0.049 817.0 
-0.054 818.0 
-0.055 819.0 
-0.065 820.0 
-0.054 821.0 
-0.05 822.0 
-0.056 823.0 
-0.061 824.0 
-0.065 825.0 
-0.058 826.0 
-0.054 827.0 
-0.043 828.0 
-0.042 829.0 
