-0.017 257.0 
-0.03 258.0 
-0.087 259.0 
-0.04 260.0 
-0.013 261.0 
-0.022 262.0 
-0.02 263.0 
-0.016 264.0 
-0.034 265.0 
-0.034 266.0 
-0.047 267.0 
-0.005 268.0 
-0.036 269.0 
-0.042 270.0 
-0.038 271.0 
-0.034 272.0 
-0.055 273.0 
-0.044 274.0 
150.702 275.0 
146.743 276.0 
145.656 277.0 
143.986 278.0 
142.176 279.0 
140.097 280.0 
138.45 281.0 
136.383 282.0 
133.813 283.0 
132.003 284.0 
131.547 285.0 
131.22 286.0 
131.069 287.0 
130.823 288.0 
130.555 289.0 
129.749 290.0 
129.62 291.0 
129.387 292.0 
129.141 293.0 
129.025 294.0 
128.499 295.0 
128.324 296.0 
128.289 297.0 
127.74 298.0 
127.518 299.0 
127.436 300.0 
126.911 301.0 
126.887 302.0 
126.397 303.0 
126.303 304.0 
126.245 305.0 
125.603 306.0 
124.505 307.0 
122.239 308.0 
119.296 309.0 
115.301 310.0 
111.447 311.0 
107.044 312.0 
102.932 313.0 
98.377 314.0 
94.044 315.0 
89.664 316.0 
85.833 317.0 
82.937 318.0 
82.785 319.0 
82.528 320.0 
82.528 321.0 
82.423 322.0 
82.271 323.0 
82.341 324.0 
82.283 325.0 
82.143 326.0 
82.283 327.0 
82.189 328.0 
82.201 329.0 
82.283 330.0 
82.213 331.0 
82.341 332.0 
82.318 333.0 
82.201 334.0 
82.178 335.0 
82.318 336.0 
82.306 337.0 
82.213 338.0 
82.4 339.0 
82.236 340.0 
82.213 341.0 
82.224 342.0 
81.781 343.0 
82.248 344.0 
82.189 345.0 
82.248 346.0 
82.178 347.0 
82.248 348.0 
82.271 349.0 
82.26 350.0 
82.236 351.0 
82.295 352.0 
82.201 353.0 
82.154 354.0 
82.306 355.0 
82.283 356.0 
82.295 357.0 
82.283 358.0 
82.306 359.0 
82.26 360.0 
82.271 361.0 
82.201 362.0 
82.236 363.0 
82.166 364.0 
82.201 365.0 
82.236 366.0 
82.26 367.0 
82.189 368.0 
82.236 369.0 
82.236 370.0 
82.271 371.0 
82.248 372.0 
82.295 373.0 
82.295 374.0 
82.306 375.0 
82.587 376.0 
82.166 377.0 
82.224 378.0 
82.201 379.0 
82.236 380.0 
82.213 381.0 
82.318 382.0 
82.224 383.0 
82.189 384.0 
82.178 385.0 
82.283 386.0 
82.154 387.0 
82.131 388.0 
82.236 389.0 
82.236 390.0 
82.224 391.0 
82.201 392.0 
82.283 393.0 
82.131 394.0 
82.213 395.0 
82.33 396.0 
82.178 397.0 
82.248 398.0 
82.119 399.0 
82.166 400.0 
82.271 401.0 
82.213 402.0 
82.26 403.0 
82.236 404.0 
82.166 405.0 
82.108 406.0 
82.224 407.0 
82.166 408.0 
82.236 409.0 
82.166 410.0 
82.201 411.0 
82.26 412.0 
82.645 413.0 
82.26 414.0 
82.213 415.0 
82.248 416.0 
82.166 417.0 
82.26 418.0 
82.224 419.0 
82.154 420.0 
82.178 421.0 
82.213 422.0 
82.248 423.0 
82.166 424.0 
82.143 425.0 
82.213 426.0 
82.236 427.0 
82.131 428.0 
82.178 429.0 
82.143 430.0 
82.236 431.0 
82.26 432.0 
82.26 433.0 
82.131 434.0 
82.166 435.0 
82.189 436.0 
82.26 437.0 
82.131 438.0 
82.166 439.0 
82.143 440.0 
82.166 441.0 
82.154 442.0 
82.143 443.0 
82.166 444.0 
82.143 445.0 
82.143 446.0 
82.248 447.0 
82.236 448.0 
82.213 449.0 
82.505 450.0 
82.189 451.0 
82.154 452.0 
82.166 453.0 
82.084 454.0 
82.224 455.0 
82.003 456.0 
82.189 457.0 
82.143 458.0 
82.236 459.0 
82.248 460.0 
82.189 461.0 
82.166 462.0 
82.271 463.0 
82.189 464.0 
82.189 465.0 
82.236 466.0 
82.178 467.0 
82.119 468.0 
82.189 469.0 
82.178 470.0 
82.178 471.0 
82.166 472.0 
82.248 473.0 
82.178 474.0 
82.26 475.0 
82.178 476.0 
82.096 477.0 
82.189 478.0 
82.108 479.0 
82.178 480.0 
82.283 481.0 
82.189 482.0 
82.236 483.0 
82.154 484.0 
82.213 485.0 
82.096 486.0 
82.096 487.0 
82.201 488.0 
82.189 489.0 
82.154 490.0 
82.236 491.0 
82.224 492.0 
82.166 493.0 
82.224 494.0 
82.131 495.0 
82.131 496.0 
82.201 497.0 
82.248 498.0 
82.108 499.0 
82.119 500.0 
82.131 501.0 
82.201 502.0 
82.061 503.0 
82.084 504.0 
82.154 505.0 
82.154 506.0 
82.119 507.0 
82.189 508.0 
82.073 509.0 
82.084 510.0 
82.108 511.0 
82.154 512.0 
82.178 513.0 
82.166 514.0 
82.201 515.0 
82.201 516.0 
82.481 517.0 
81.956 518.0 
82.003 519.0 
82.026 520.0 
82.038 521.0 
82.073 522.0 
82.073 523.0 
82.084 524.0 
82.061 525.0 
82.049 526.0 
82.038 527.0 
81.932 528.0 
82.003 529.0 
81.956 530.0 
81.968 531.0 
82.073 532.0 
82.049 533.0 
81.991 534.0 
82.049 535.0 
82.003 536.0 
81.944 537.0 
81.874 538.0 
81.839 539.0 
81.816 540.0 
81.932 541.0 
81.886 542.0 
81.851 543.0 
81.827 544.0 
81.769 545.0 
81.722 546.0 
81.862 547.0 
81.804 548.0 
81.746 549.0 
81.699 550.0 
81.676 551.0 
81.781 552.0 
81.711 553.0 
81.676 554.0 
81.676 555.0 
81.757 556.0 
81.734 557.0 
81.676 558.0 
81.594 559.0 
81.734 560.0 
81.664 561.0 
81.617 562.0 
81.781 563.0 
81.699 564.0 
81.57 565.0 
81.734 566.0 
81.769 567.0 
81.617 568.0 
81.722 569.0 
81.64 570.0 
81.792 571.0 
81.687 572.0 
81.652 573.0 
81.664 574.0 
81.64 575.0 
81.781 576.0 
81.699 577.0 
81.711 578.0 
81.781 579.0 
81.699 580.0 
81.757 581.0 
81.722 582.0 
81.734 583.0 
81.769 584.0 
81.839 585.0 
81.757 586.0 
81.664 587.0 
81.769 588.0 
81.676 589.0 
81.769 590.0 
81.687 591.0 
81.769 592.0 
81.676 593.0 
81.734 594.0 
81.687 595.0 
81.757 596.0 
81.676 597.0 
81.769 598.0 
81.711 599.0 
81.722 600.0 
81.804 601.0 
81.722 602.0 
81.781 603.0 
81.687 604.0 
81.781 605.0 
81.676 606.0 
81.769 607.0 
81.652 608.0 
81.746 609.0 
81.827 610.0 
81.722 611.0 
81.804 612.0 
81.699 613.0 
81.781 614.0 
81.64 615.0 
81.711 616.0 
81.827 617.0 
81.722 618.0 
81.781 619.0 
81.419 620.0 
81.687 621.0 
81.734 622.0 
81.664 623.0 
81.687 624.0 
81.804 625.0 
81.676 626.0 
81.734 627.0 
81.769 628.0 
81.676 629.0 
81.734 630.0 
81.816 631.0 
81.57 632.0 
81.746 633.0 
81.816 634.0 
81.699 635.0 
81.769 636.0 
81.804 637.0 
81.699 638.0 
81.722 639.0 
81.757 640.0 
81.64 641.0 
81.711 642.0 
81.792 643.0 
81.617 644.0 
81.664 645.0 
81.746 646.0 
81.781 647.0 
81.676 648.0 
81.687 649.0 
81.792 650.0 
81.629 651.0 
81.687 652.0 
81.711 653.0 
81.792 654.0 
81.64 655.0 
81.722 656.0 
81.734 657.0 
81.827 658.0 
81.64 659.0 
81.746 660.0 
81.781 661.0 
81.804 662.0 
81.582 663.0 
81.676 664.0 
81.792 665.0 
81.804 666.0 
81.676 667.0 
81.711 668.0 
81.734 669.0 
81.804 670.0 
81.629 671.0 
81.676 672.0 
81.711 673.0 
81.757 674.0 
81.792 675.0 
81.617 676.0 
81.699 677.0 
81.711 678.0 
81.711 679.0 
81.792 680.0 
81.64 681.0 
81.664 682.0 
81.711 683.0 
81.746 684.0 
81.769 685.0 
81.804 686.0 
81.629 687.0 
81.664 688.0 
81.734 689.0 
81.746 690.0 
81.792 691.0 
81.804 692.0 
81.629 693.0 
81.676 694.0 
81.687 695.0 
81.734 696.0 
81.804 697.0 
81.781 698.0 
81.477 699.0 
81.629 700.0 
81.699 701.0 
81.676 702.0 
81.699 703.0 
81.734 704.0 
81.792 705.0 
81.792 706.0 
81.64 707.0 
81.617 708.0 
81.64 709.0 
81.699 710.0 
81.757 711.0 
81.757 712.0 
81.746 713.0 
81.816 714.0 
81.827 715.0 
81.64 716.0 
81.687 717.0 
81.699 718.0 
81.699 719.0 
81.711 720.0 
81.722 721.0 
81.734 722.0 
81.746 723.0 
81.792 724.0 
81.804 725.0 
81.629 726.0 
81.652 727.0 
81.617 728.0 
81.699 729.0 
81.711 730.0 
81.722 731.0 
81.734 732.0 
81.734 733.0 
81.757 734.0 
81.769 735.0 
81.781 736.0 
81.804 737.0 
81.804 738.0 
81.465 739.0 
81.629 740.0 
81.64 741.0 
81.652 742.0 
81.664 743.0 
81.629 744.0 
81.664 745.0 
81.676 746.0 
81.664 747.0 
81.652 748.0 
81.699 749.0 
81.687 750.0 
81.699 751.0 
81.711 752.0 
81.699 753.0 
81.722 754.0 
81.722 755.0 
81.676 756.0 
81.734 757.0 
81.746 758.0 
81.711 759.0 
81.734 760.0 
81.711 761.0 
81.722 762.0 
81.734 763.0 
81.687 764.0 
81.722 765.0 
81.722 766.0 
81.746 767.0 
81.722 768.0 
81.734 769.0 
81.746 770.0 
81.734 771.0 
81.746 772.0 
81.757 773.0 
81.757 774.0 
81.757 775.0 
81.746 776.0 
81.734 777.0 
81.757 778.0 
81.722 779.0 
81.757 780.0 
81.722 781.0 
81.722 782.0 
81.722 783.0 
81.711 784.0 
81.722 785.0 
81.711 786.0 
81.746 787.0 
81.734 788.0 
81.722 789.0 
81.746 790.0 
81.734 791.0 
81.722 792.0 
81.734 793.0 
81.722 794.0 
81.746 795.0 
81.734 796.0 
81.734 797.0 
81.781 798.0 
81.722 799.0 
81.711 800.0 
81.711 801.0 
81.711 802.0 
81.734 803.0 
81.757 804.0 
0.006 805.0 
0.011 806.0 
0.005 807.0 
0.0 808.0 
0.002 809.0 
0.006 810.0 
-0.005 811.0 
0.001 812.0 
-0.011 813.0 
-0.016 814.0 
-0.02 815.0 
-0.017 816.0 
-0.029 817.0 
-0.032 818.0 
-0.035 819.0 
-0.036 820.0 
-0.036 821.0 
-0.042 822.0 
-0.035 823.0 
-0.048 824.0 
-0.048 825.0 
-0.04 826.0 
-0.042 827.0 
-0.04 828.0 
-0.037 829.0 
