-0.026 257.0 
-0.049 258.0 
-0.038 259.0 
-0.006 260.0 
-0.036 261.0 
-0.031 262.0 
-0.047 263.0 
-0.017 264.0 
-0.035 265.0 
-0.032 266.0 
-0.03 267.0 
-0.047 268.0 
-0.032 269.0 
-0.02 270.0 
-0.025 271.0 
-0.044 272.0 
-0.043 273.0 
-0.011 274.0 
145.154 275.0 
142.573 276.0 
141.382 277.0 
139.735 278.0 
137.971 279.0 
136.032 280.0 
134.304 281.0 
131.536 282.0 
129.036 283.0 
127.74 284.0 
127.343 285.0 
126.934 286.0 
126.654 287.0 
126.315 288.0 
126.011 289.0 
125.346 290.0 
125.264 291.0 
124.948 292.0 
124.633 293.0 
124.131 294.0 
123.967 295.0 
123.792 296.0 
123.699 297.0 
123.126 298.0 
122.928 299.0 
122.566 300.0 
122.262 301.0 
122.227 302.0 
121.713 303.0 
121.62 304.0 
121.293 305.0 
120.884 306.0 
119.552 307.0 
117.1 308.0 
114.215 309.0 
110.466 310.0 
106.67 311.0 
102.197 312.0 
97.887 313.0 
93.881 314.0 
90.015 315.0 
86.079 316.0 
82.563 317.0 
79.69 318.0 
79.573 319.0 
79.351 320.0 
79.211 321.0 
79.258 322.0 
79.118 323.0 
79.164 324.0 
79.106 325.0 
79.001 326.0 
79.106 327.0 
79.024 328.0 
79.013 329.0 
79.129 330.0 
79.083 331.0 
79.024 332.0 
79.153 333.0 
79.094 334.0 
78.989 335.0 
79.141 336.0 
79.118 337.0 
79.001 338.0 
79.27 339.0 
79.071 340.0 
79.071 341.0 
79.059 342.0 
79.246 343.0 
79.083 344.0 
79.083 345.0 
79.048 346.0 
79.001 347.0 
79.083 348.0 
79.129 349.0 
79.094 350.0 
79.059 351.0 
79.094 352.0 
79.048 353.0 
78.954 354.0 
79.013 355.0 
79.094 356.0 
79.141 357.0 
79.071 358.0 
79.188 359.0 
79.083 360.0 
79.129 361.0 
79.071 362.0 
79.106 363.0 
79.024 364.0 
79.048 365.0 
79.059 366.0 
79.106 367.0 
79.001 368.0 
79.059 369.0 
79.106 370.0 
79.106 371.0 
79.106 372.0 
79.094 373.0 
79.153 374.0 
79.129 375.0 
79.234 376.0 
79.036 377.0 
79.024 378.0 
79.071 379.0 
79.024 380.0 
79.059 381.0 
79.141 382.0 
79.048 383.0 
78.989 384.0 
79.048 385.0 
79.118 386.0 
79.024 387.0 
79.001 388.0 
79.094 389.0 
79.118 390.0 
79.048 391.0 
79.048 392.0 
79.153 393.0 
78.978 394.0 
79.083 395.0 
79.129 396.0 
78.978 397.0 
79.083 398.0 
78.919 399.0 
79.013 400.0 
79.083 401.0 
79.094 402.0 
79.176 403.0 
79.106 404.0 
79.083 405.0 
79.036 406.0 
79.083 407.0 
79.013 408.0 
79.071 409.0 
79.036 410.0 
79.071 411.0 
79.141 412.0 
79.433 413.0 
79.094 414.0 
79.024 415.0 
79.048 416.0 
79.001 417.0 
79.083 418.0 
79.071 419.0 
78.989 420.0 
79.036 421.0 
79.094 422.0 
79.129 423.0 
79.024 424.0 
79.059 425.0 
79.059 426.0 
79.129 427.0 
79.024 428.0 
79.024 429.0 
79.071 430.0 
79.094 431.0 
79.106 432.0 
79.071 433.0 
78.966 434.0 
79.024 435.0 
79.048 436.0 
79.071 437.0 
79.001 438.0 
79.001 439.0 
79.024 440.0 
79.036 441.0 
79.013 442.0 
79.013 443.0 
79.036 444.0 
79.013 445.0 
78.989 446.0 
79.118 447.0 
79.118 448.0 
79.34 449.0 
79.234 450.0 
79.059 451.0 
79.036 452.0 
78.989 453.0 
78.954 454.0 
79.106 455.0 
78.849 456.0 
79.036 457.0 
79.024 458.0 
79.094 459.0 
79.129 460.0 
79.059 461.0 
79.013 462.0 
79.118 463.0 
79.048 464.0 
79.013 465.0 
79.106 466.0 
79.059 467.0 
79.001 468.0 
79.094 469.0 
79.059 470.0 
79.013 471.0 
79.059 472.0 
78.931 473.0 
79.059 474.0 
79.118 475.0 
79.048 476.0 
78.978 477.0 
79.036 478.0 
78.966 479.0 
79.059 480.0 
79.118 481.0 
79.071 482.0 
79.094 483.0 
79.048 484.0 
79.094 485.0 
79.001 486.0 
79.001 487.0 
79.071 488.0 
79.024 489.0 
79.036 490.0 
79.118 491.0 
79.048 492.0 
79.024 493.0 
79.071 494.0 
78.989 495.0 
78.954 496.0 
79.048 497.0 
79.094 498.0 
78.966 499.0 
78.989 500.0 
79.048 501.0 
79.083 502.0 
78.931 503.0 
78.954 504.0 
79.024 505.0 
79.013 506.0 
79.024 507.0 
79.048 508.0 
78.907 509.0 
78.978 510.0 
79.036 511.0 
79.001 512.0 
79.013 513.0 
79.059 514.0 
79.059 515.0 
79.048 516.0 
79.34 517.0 
78.849 518.0 
78.931 519.0 
78.942 520.0 
78.919 521.0 
78.919 522.0 
78.931 523.0 
78.919 524.0 
78.919 525.0 
78.884 526.0 
78.907 527.0 
78.849 528.0 
78.884 529.0 
78.849 530.0 
78.837 531.0 
79.001 532.0 
78.919 533.0 
78.907 534.0 
78.884 535.0 
78.849 536.0 
78.802 537.0 
78.732 538.0 
78.697 539.0 
78.65 540.0 
78.779 541.0 
78.662 542.0 
78.686 543.0 
78.627 544.0 
78.604 545.0 
78.557 546.0 
78.686 547.0 
78.58 548.0 
78.604 549.0 
78.534 550.0 
78.487 551.0 
78.592 552.0 
78.522 553.0 
78.475 554.0 
78.499 555.0 
78.604 556.0 
78.545 557.0 
78.499 558.0 
78.265 559.0 
78.569 560.0 
78.499 561.0 
78.452 562.0 
78.592 563.0 
78.522 564.0 
78.429 565.0 
78.569 566.0 
78.557 567.0 
78.44 568.0 
78.499 569.0 
78.499 570.0 
78.615 571.0 
78.51 572.0 
78.464 573.0 
78.534 574.0 
78.475 575.0 
78.732 576.0 
78.522 577.0 
78.534 578.0 
78.627 579.0 
78.534 580.0 
78.615 581.0 
78.545 582.0 
78.604 583.0 
78.557 584.0 
78.113 585.0 
78.58 586.0 
78.51 587.0 
78.592 588.0 
78.499 589.0 
78.604 590.0 
78.51 591.0 
78.592 592.0 
78.475 593.0 
78.604 594.0 
78.51 595.0 
78.557 596.0 
78.487 597.0 
78.522 598.0 
78.475 599.0 
78.557 600.0 
78.627 601.0 
78.557 602.0 
78.639 603.0 
78.557 604.0 
78.58 605.0 
78.487 606.0 
78.569 607.0 
78.475 608.0 
78.534 609.0 
78.674 610.0 
78.534 611.0 
78.58 612.0 
78.487 613.0 
78.592 614.0 
78.452 615.0 
78.545 616.0 
78.615 617.0 
78.44 618.0 
78.569 619.0 
78.359 620.0 
78.51 621.0 
78.58 622.0 
78.475 623.0 
78.557 624.0 
78.592 625.0 
78.487 626.0 
78.569 627.0 
78.627 628.0 
78.534 629.0 
78.604 630.0 
78.627 631.0 
78.51 632.0 
78.569 633.0 
78.837 634.0 
78.51 635.0 
78.58 636.0 
78.615 637.0 
78.487 638.0 
78.557 639.0 
78.592 640.0 
78.464 641.0 
78.51 642.0 
78.604 643.0 
78.452 644.0 
78.534 645.0 
78.557 646.0 
78.639 647.0 
78.452 648.0 
78.534 649.0 
78.615 650.0 
78.487 651.0 
78.464 652.0 
78.557 653.0 
78.615 654.0 
78.475 655.0 
78.522 656.0 
78.557 657.0 
78.615 658.0 
78.51 659.0 
78.557 660.0 
78.615 661.0 
78.592 662.0 
78.487 663.0 
78.534 664.0 
78.627 665.0 
78.639 666.0 
78.51 667.0 
78.51 668.0 
78.58 669.0 
78.639 670.0 
78.487 671.0 
78.534 672.0 
78.557 673.0 
78.58 674.0 
78.545 675.0 
78.475 676.0 
78.51 677.0 
78.534 678.0 
78.604 679.0 
78.592 680.0 
78.429 681.0 
78.487 682.0 
78.545 683.0 
78.58 684.0 
78.58 685.0 
78.604 686.0 
78.464 687.0 
78.522 688.0 
78.569 689.0 
78.604 690.0 
78.604 691.0 
78.662 692.0 
78.44 693.0 
78.487 694.0 
78.499 695.0 
78.557 696.0 
78.58 697.0 
78.604 698.0 
78.37 699.0 
78.487 700.0 
78.51 701.0 
78.522 702.0 
78.534 703.0 
78.522 704.0 
78.604 705.0 
78.604 706.0 
78.464 707.0 
78.475 708.0 
78.51 709.0 
78.534 710.0 
78.545 711.0 
78.545 712.0 
78.615 713.0 
78.615 714.0 
78.452 715.0 
78.44 716.0 
78.417 717.0 
78.475 718.0 
78.51 719.0 
78.522 720.0 
78.557 721.0 
78.58 722.0 
78.592 723.0 
78.639 724.0 
78.615 725.0 
78.464 726.0 
78.487 727.0 
78.475 728.0 
78.475 729.0 
78.545 730.0 
78.557 731.0 
78.545 732.0 
78.592 733.0 
78.58 734.0 
78.569 735.0 
78.534 736.0 
78.615 737.0 
78.639 738.0 
78.44 739.0 
78.417 740.0 
78.475 741.0 
78.475 742.0 
78.487 743.0 
78.487 744.0 
78.475 745.0 
78.51 746.0 
78.487 747.0 
78.487 748.0 
78.534 749.0 
78.557 750.0 
78.522 751.0 
78.522 752.0 
78.534 753.0 
78.499 754.0 
78.545 755.0 
78.499 756.0 
78.545 757.0 
78.545 758.0 
78.557 759.0 
78.545 760.0 
78.522 761.0 
78.534 762.0 
78.58 763.0 
78.545 764.0 
78.592 765.0 
78.557 766.0 
78.545 767.0 
78.545 768.0 
78.592 769.0 
78.545 770.0 
78.545 771.0 
78.557 772.0 
78.557 773.0 
78.534 774.0 
78.58 775.0 
78.58 776.0 
78.58 777.0 
78.557 778.0 
78.569 779.0 
78.557 780.0 
78.545 781.0 
78.557 782.0 
78.534 783.0 
78.545 784.0 
78.569 785.0 
78.557 786.0 
78.557 787.0 
78.569 788.0 
78.58 789.0 
78.557 790.0 
78.557 791.0 
78.58 792.0 
78.557 793.0 
78.534 794.0 
78.557 795.0 
78.557 796.0 
78.557 797.0 
78.569 798.0 
78.545 799.0 
78.534 800.0 
78.545 801.0 
78.557 802.0 
78.545 803.0 
78.569 804.0 
0.012 805.0 
0.006 806.0 
0.0 807.0 
0.004 808.0 
0.007 809.0 
-0.006 810.0 
-0.005 811.0 
-0.014 812.0 
-0.017 813.0 
-0.025 814.0 
-0.031 815.0 
-0.029 816.0 
-0.04 817.0 
-0.049 818.0 
-0.041 819.0 
-0.048 820.0 
-0.048 821.0 
-0.049 822.0 
-0.048 823.0 
-0.048 824.0 
-0.052 825.0 
-0.044 826.0 
-0.044 827.0 
-0.046 828.0 
-0.03 829.0 
