-0.047 257.0 
-0.028 258.0 
-0.073 259.0 
-0.01 260.0 
-0.041 261.0 
-0.04 262.0 
-0.036 263.0 
-0.044 264.0 
-0.016 265.0 
-0.047 266.0 
-0.056 267.0 
-0.04 268.0 
-0.036 269.0 
-0.048 270.0 
-0.047 271.0 
-0.007 272.0 
-0.043 273.0 
-0.026 274.0 
136.85 275.0 
133.136 276.0 
132.143 277.0 
130.765 278.0 
129.282 279.0 
127.611 280.0 
126.198 281.0 
124.481 282.0 
122.005 283.0 
120.732 284.0 
120.393 285.0 
120.055 286.0 
119.88 287.0 
119.599 288.0 
119.436 289.0 
118.782 290.0 
118.653 291.0 
118.408 292.0 
118.221 293.0 
118.163 294.0 
117.649 295.0 
117.497 296.0 
117.497 297.0 
116.948 298.0 
116.843 299.0 
116.761 300.0 
116.189 301.0 
116.095 302.0 
115.605 303.0 
115.465 304.0 
115.336 305.0 
114.635 306.0 
113.432 307.0 
111.26 308.0 
108.936 309.0 
105.642 310.0 
102.068 311.0 
98.179 312.0 
94.348 313.0 
90.389 314.0 
86.639 315.0 
82.995 316.0 
79.772 317.0 
76.805 318.0 
76.618 319.0 
76.396 320.0 
76.338 321.0 
76.28 322.0 
76.128 323.0 
76.198 324.0 
76.128 325.0 
76.536 326.0 
76.151 327.0 
76.058 328.0 
76.268 329.0 
76.163 330.0 
76.093 331.0 
76.163 332.0 
76.209 333.0 
76.093 334.0 
76.186 335.0 
76.163 336.0 
76.151 337.0 
76.104 338.0 
76.233 339.0 
76.128 340.0 
76.093 341.0 
76.058 342.0 
76.233 343.0 
76.104 344.0 
76.093 345.0 
76.046 346.0 
76.058 347.0 
76.104 348.0 
76.139 349.0 
76.128 350.0 
76.104 351.0 
76.151 352.0 
76.104 353.0 
76.011 354.0 
76.209 355.0 
76.104 356.0 
76.174 357.0 
76.093 358.0 
76.209 359.0 
76.128 360.0 
76.139 361.0 
76.093 362.0 
76.128 363.0 
76.034 364.0 
76.093 365.0 
76.104 366.0 
76.128 367.0 
76.046 368.0 
76.081 369.0 
76.081 370.0 
76.128 371.0 
76.139 372.0 
76.151 373.0 
76.163 374.0 
76.163 375.0 
76.408 376.0 
76.046 377.0 
76.151 378.0 
76.093 379.0 
76.139 380.0 
76.058 381.0 
76.174 382.0 
76.116 383.0 
76.093 384.0 
76.069 385.0 
76.151 386.0 
76.023 387.0 
76.034 388.0 
76.069 389.0 
76.093 390.0 
76.116 391.0 
76.104 392.0 
76.174 393.0 
76.023 394.0 
76.104 395.0 
76.186 396.0 
76.058 397.0 
76.093 398.0 
76.034 399.0 
76.023 400.0 
76.151 401.0 
76.104 402.0 
76.221 403.0 
76.116 404.0 
76.069 405.0 
76.034 406.0 
76.081 407.0 
76.069 408.0 
76.093 409.0 
75.976 410.0 
76.093 411.0 
76.151 412.0 
76.221 413.0 
76.151 414.0 
76.058 415.0 
76.128 416.0 
76.058 417.0 
76.163 418.0 
76.151 419.0 
76.058 420.0 
76.069 421.0 
76.116 422.0 
76.163 423.0 
76.046 424.0 
76.081 425.0 
76.093 426.0 
76.151 427.0 
76.081 428.0 
76.058 429.0 
76.046 430.0 
76.116 431.0 
76.116 432.0 
76.163 433.0 
76.034 434.0 
76.069 435.0 
76.104 436.0 
76.163 437.0 
76.011 438.0 
76.093 439.0 
76.081 440.0 
76.069 441.0 
76.023 442.0 
76.116 443.0 
76.058 444.0 
76.034 445.0 
76.046 446.0 
76.116 447.0 
76.139 448.0 
76.128 449.0 
76.466 450.0 
76.093 451.0 
76.058 452.0 
76.046 453.0 
76.011 454.0 
76.116 455.0 
75.929 456.0 
76.058 457.0 
76.034 458.0 
76.128 459.0 
76.151 460.0 
76.104 461.0 
76.034 462.0 
76.151 463.0 
76.081 464.0 
76.104 465.0 
76.139 466.0 
76.116 467.0 
76.023 468.0 
76.081 469.0 
76.081 470.0 
76.081 471.0 
76.081 472.0 
76.163 473.0 
76.081 474.0 
76.151 475.0 
76.069 476.0 
76.046 477.0 
76.069 478.0 
75.999 479.0 
76.093 480.0 
76.139 481.0 
76.058 482.0 
76.128 483.0 
76.034 484.0 
76.104 485.0 
76.011 486.0 
75.999 487.0 
76.139 488.0 
76.046 489.0 
76.058 490.0 
76.116 491.0 
76.139 492.0 
76.093 493.0 
76.116 494.0 
76.058 495.0 
75.988 496.0 
76.081 497.0 
76.151 498.0 
75.999 499.0 
75.999 500.0 
76.081 501.0 
76.093 502.0 
76.023 503.0 
75.999 504.0 
76.046 505.0 
76.058 506.0 
76.069 507.0 
76.163 508.0 
75.976 509.0 
76.046 510.0 
76.011 511.0 
76.069 512.0 
76.104 513.0 
76.093 514.0 
76.069 515.0 
76.104 516.0 
76.139 517.0 
75.894 518.0 
75.929 519.0 
76.023 520.0 
75.999 521.0 
75.976 522.0 
75.953 523.0 
75.976 524.0 
75.953 525.0 
75.964 526.0 
75.929 527.0 
75.882 528.0 
75.929 529.0 
75.917 530.0 
75.929 531.0 
76.046 532.0 
76.023 533.0 
75.988 534.0 
76.011 535.0 
75.976 536.0 
75.906 537.0 
75.871 538.0 
75.836 539.0 
75.812 540.0 
75.941 541.0 
75.882 542.0 
75.812 543.0 
75.824 544.0 
75.742 545.0 
75.731 546.0 
75.801 547.0 
75.801 548.0 
75.719 549.0 
75.684 550.0 
75.625 551.0 
75.754 552.0 
75.731 553.0 
75.637 554.0 
75.684 555.0 
75.801 556.0 
75.731 557.0 
75.672 558.0 
75.31 559.0 
75.719 560.0 
75.684 561.0 
75.614 562.0 
75.754 563.0 
75.684 564.0 
75.555 565.0 
75.731 566.0 
75.824 567.0 
75.602 568.0 
75.731 569.0 
75.649 570.0 
75.801 571.0 
75.719 572.0 
75.649 573.0 
75.672 574.0 
75.672 575.0 
75.742 576.0 
75.719 577.0 
75.696 578.0 
75.766 579.0 
75.742 580.0 
75.789 581.0 
75.731 582.0 
75.742 583.0 
75.719 584.0 
75.812 585.0 
75.707 586.0 
75.696 587.0 
75.766 588.0 
75.696 589.0 
75.766 590.0 
75.649 591.0 
75.742 592.0 
75.684 593.0 
75.719 594.0 
75.684 595.0 
75.754 596.0 
75.672 597.0 
75.754 598.0 
75.696 599.0 
75.731 600.0 
75.824 601.0 
75.707 602.0 
75.824 603.0 
75.719 604.0 
75.754 605.0 
75.684 606.0 
75.742 607.0 
75.661 608.0 
75.696 609.0 
75.789 610.0 
75.684 611.0 
75.754 612.0 
75.672 613.0 
75.766 614.0 
75.637 615.0 
75.719 616.0 
75.789 617.0 
75.637 618.0 
75.766 619.0 
75.345 620.0 
75.672 621.0 
75.719 622.0 
75.684 623.0 
75.707 624.0 
75.789 625.0 
75.649 626.0 
75.731 627.0 
75.777 628.0 
75.684 629.0 
75.719 630.0 
75.812 631.0 
75.649 632.0 
75.777 633.0 
75.812 634.0 
75.696 635.0 
75.742 636.0 
75.754 637.0 
75.696 638.0 
75.742 639.0 
75.789 640.0 
75.637 641.0 
75.731 642.0 
75.777 643.0 
75.649 644.0 
75.731 645.0 
75.742 646.0 
75.777 647.0 
75.649 648.0 
75.672 649.0 
75.754 650.0 
75.637 651.0 
75.696 652.0 
75.731 653.0 
75.812 654.0 
75.637 655.0 
75.684 656.0 
75.707 657.0 
75.789 658.0 
75.672 659.0 
75.719 660.0 
75.742 661.0 
75.824 662.0 
75.602 663.0 
75.696 664.0 
75.742 665.0 
75.812 666.0 
75.672 667.0 
75.684 668.0 
75.754 669.0 
75.789 670.0 
75.672 671.0 
75.684 672.0 
75.742 673.0 
75.754 674.0 
75.777 675.0 
75.672 676.0 
75.672 677.0 
75.684 678.0 
75.766 679.0 
75.789 680.0 
75.637 681.0 
75.661 682.0 
75.684 683.0 
75.754 684.0 
75.754 685.0 
75.789 686.0 
75.661 687.0 
75.661 688.0 
75.731 689.0 
75.742 690.0 
75.789 691.0 
75.777 692.0 
75.637 693.0 
75.672 694.0 
75.696 695.0 
75.766 696.0 
75.766 697.0 
75.742 698.0 
75.415 699.0 
75.649 700.0 
75.684 701.0 
75.684 702.0 
75.719 703.0 
75.742 704.0 
75.742 705.0 
75.789 706.0 
75.649 707.0 
75.649 708.0 
75.672 709.0 
75.696 710.0 
75.731 711.0 
75.754 712.0 
75.777 713.0 
75.766 714.0 
75.812 715.0 
75.649 716.0 
75.696 717.0 
75.684 718.0 
75.731 719.0 
75.731 720.0 
75.731 721.0 
75.719 722.0 
75.754 723.0 
75.789 724.0 
75.801 725.0 
75.625 726.0 
75.649 727.0 
75.625 728.0 
75.672 729.0 
75.672 730.0 
75.684 731.0 
75.731 732.0 
75.731 733.0 
75.754 734.0 
75.801 735.0 
75.777 736.0 
75.789 737.0 
75.812 738.0 
75.135 739.0 
75.649 740.0 
75.614 741.0 
75.625 742.0 
75.637 743.0 
75.637 744.0 
75.625 745.0 
75.696 746.0 
75.649 747.0 
75.637 748.0 
75.684 749.0 
75.684 750.0 
75.684 751.0 
75.684 752.0 
75.696 753.0 
75.731 754.0 
75.731 755.0 
75.719 756.0 
75.742 757.0 
75.742 758.0 
75.707 759.0 
75.742 760.0 
75.742 761.0 
75.707 762.0 
75.696 763.0 
75.731 764.0 
75.742 765.0 
75.707 766.0 
75.742 767.0 
75.742 768.0 
75.731 769.0 
75.742 770.0 
75.742 771.0 
75.742 772.0 
75.742 773.0 
75.742 774.0 
75.731 775.0 
75.742 776.0 
75.766 777.0 
75.731 778.0 
75.766 779.0 
75.742 780.0 
75.719 781.0 
75.731 782.0 
75.719 783.0 
75.696 784.0 
75.731 785.0 
75.707 786.0 
75.707 787.0 
75.707 788.0 
75.754 789.0 
75.707 790.0 
75.742 791.0 
75.731 792.0 
75.766 793.0 
75.742 794.0 
75.707 795.0 
75.719 796.0 
75.742 797.0 
75.719 798.0 
75.766 799.0 
75.731 800.0 
75.707 801.0 
75.707 802.0 
75.719 803.0 
75.719 804.0 
0.002 805.0 
0.005 806.0 
0.002 807.0 
0.0 808.0 
0.012 809.0 
0.005 810.0 
0.005 811.0 
0.013 812.0 
0.004 813.0 
0.008 814.0 
0.008 815.0 
0.0 816.0 
0.0 817.0 
0.002 818.0 
0.0 819.0 
0.002 820.0 
0.001 821.0 
-0.012 822.0 
-0.01 823.0 
-0.004 824.0 
-0.023 825.0 
-0.02 826.0 
-0.016 827.0 
-0.019 828.0 
-0.016 829.0 
