-0.018 257.0 
-0.041 258.0 
-0.032 259.0 
-0.023 260.0 
-0.026 261.0 
-0.019 262.0 
-0.035 263.0 
-0.02 264.0 
-0.034 265.0 
-0.049 266.0 
-0.028 267.0 
-0.037 268.0 
-0.028 269.0 
-0.034 270.0 
-0.025 271.0 
-0.024 272.0 
-0.037 273.0 
-0.03 274.0 
139.291 275.0 
136.476 276.0 
135.297 277.0 
133.883 278.0 
132.283 279.0 
130.38 280.0 
128.639 281.0 
126.408 282.0 
123.605 283.0 
122.507 284.0 
122.11 285.0 
121.725 286.0 
121.573 287.0 
121.398 288.0 
121.106 289.0 
120.907 290.0 
120.382 291.0 
120.172 292.0 
120.031 293.0 
119.95 294.0 
119.494 295.0 
119.307 296.0 
119.225 297.0 
118.723 298.0 
118.536 299.0 
118.443 300.0 
117.894 301.0 
117.789 302.0 
117.333 303.0 
117.24 304.0 
117.076 305.0 
116.387 306.0 
115.091 307.0 
112.778 308.0 
110.092 309.0 
106.506 310.0 
102.909 311.0 
98.926 312.0 
95.528 313.0 
91.568 314.0 
87.866 315.0 
84.268 316.0 
81.103 317.0 
78.16 318.0 
77.961 319.0 
77.763 320.0 
77.704 321.0 
77.646 322.0 
77.564 323.0 
77.611 324.0 
77.529 325.0 
77.377 326.0 
77.506 327.0 
77.448 328.0 
77.623 329.0 
77.553 330.0 
77.412 331.0 
77.541 332.0 
77.588 333.0 
77.471 334.0 
77.529 335.0 
77.529 336.0 
77.576 337.0 
77.424 338.0 
77.599 339.0 
77.541 340.0 
77.506 341.0 
77.518 342.0 
77.646 343.0 
77.518 344.0 
77.483 345.0 
77.448 346.0 
77.436 347.0 
77.576 348.0 
77.518 349.0 
77.506 350.0 
77.459 351.0 
77.494 352.0 
77.483 353.0 
77.389 354.0 
77.541 355.0 
77.494 356.0 
77.541 357.0 
77.494 358.0 
77.541 359.0 
77.506 360.0 
77.553 361.0 
77.459 362.0 
77.529 363.0 
77.448 364.0 
77.459 365.0 
77.494 366.0 
77.529 367.0 
77.448 368.0 
77.459 369.0 
77.506 370.0 
77.483 371.0 
77.518 372.0 
77.518 373.0 
77.506 374.0 
77.553 375.0 
77.833 376.0 
77.342 377.0 
77.459 378.0 
77.459 379.0 
77.483 380.0 
77.506 381.0 
77.576 382.0 
77.494 383.0 
77.494 384.0 
77.459 385.0 
77.553 386.0 
77.448 387.0 
77.401 388.0 
77.471 389.0 
77.494 390.0 
77.494 391.0 
77.471 392.0 
77.529 393.0 
77.424 394.0 
77.506 395.0 
77.553 396.0 
77.401 397.0 
77.494 398.0 
77.377 399.0 
77.412 400.0 
77.529 401.0 
77.471 402.0 
77.529 403.0 
77.529 404.0 
77.471 405.0 
77.366 406.0 
77.459 407.0 
77.448 408.0 
77.483 409.0 
77.389 410.0 
77.471 411.0 
77.483 412.0 
77.821 413.0 
77.506 414.0 
77.459 415.0 
77.529 416.0 
77.448 417.0 
77.564 418.0 
77.506 419.0 
77.436 420.0 
77.483 421.0 
77.494 422.0 
77.529 423.0 
77.436 424.0 
77.401 425.0 
77.459 426.0 
77.506 427.0 
77.448 428.0 
77.424 429.0 
77.459 430.0 
77.471 431.0 
77.471 432.0 
77.506 433.0 
77.401 434.0 
77.424 435.0 
77.448 436.0 
77.599 437.0 
77.377 438.0 
77.448 439.0 
77.389 440.0 
77.412 441.0 
77.401 442.0 
77.459 443.0 
77.424 444.0 
77.389 445.0 
77.377 446.0 
77.518 447.0 
77.494 448.0 
77.459 449.0 
77.424 450.0 
77.412 451.0 
77.412 452.0 
77.389 453.0 
77.377 454.0 
77.494 455.0 
77.424 456.0 
77.436 457.0 
77.436 458.0 
77.529 459.0 
77.518 460.0 
77.436 461.0 
77.424 462.0 
77.541 463.0 
77.518 464.0 
77.448 465.0 
77.483 466.0 
77.448 467.0 
77.366 468.0 
77.459 469.0 
77.436 470.0 
77.412 471.0 
77.424 472.0 
77.518 473.0 
77.448 474.0 
77.553 475.0 
77.436 476.0 
77.377 477.0 
77.436 478.0 
77.366 479.0 
77.436 480.0 
77.518 481.0 
77.436 482.0 
77.483 483.0 
77.424 484.0 
77.448 485.0 
77.354 486.0 
77.354 487.0 
77.459 488.0 
77.448 489.0 
77.436 490.0 
77.459 491.0 
77.459 492.0 
77.401 493.0 
77.448 494.0 
77.377 495.0 
77.377 496.0 
77.448 497.0 
77.494 498.0 
77.377 499.0 
77.354 500.0 
77.448 501.0 
77.494 502.0 
77.354 503.0 
77.389 504.0 
77.401 505.0 
77.377 506.0 
77.412 507.0 
77.459 508.0 
77.307 509.0 
77.342 510.0 
77.389 511.0 
77.401 512.0 
77.412 513.0 
77.424 514.0 
77.459 515.0 
77.459 516.0 
77.448 517.0 
77.284 518.0 
77.261 519.0 
77.284 520.0 
77.331 521.0 
77.319 522.0 
77.354 523.0 
77.331 524.0 
77.342 525.0 
77.284 526.0 
77.296 527.0 
77.284 528.0 
77.249 529.0 
77.226 530.0 
77.249 531.0 
77.401 532.0 
77.354 533.0 
77.307 534.0 
77.331 535.0 
77.331 536.0 
77.284 537.0 
77.249 538.0 
77.191 539.0 
77.156 540.0 
77.272 541.0 
77.237 542.0 
77.179 543.0 
77.144 544.0 
77.109 545.0 
77.015 546.0 
77.167 547.0 
77.132 548.0 
77.074 549.0 
77.027 550.0 
77.027 551.0 
77.074 552.0 
77.05 553.0 
76.992 554.0 
76.969 555.0 
77.12 556.0 
77.039 557.0 
76.98 558.0 
77.109 559.0 
77.039 560.0 
77.015 561.0 
76.922 562.0 
77.062 563.0 
77.015 564.0 
76.899 565.0 
77.05 566.0 
77.12 567.0 
76.922 568.0 
77.039 569.0 
76.992 570.0 
77.097 571.0 
77.004 572.0 
76.934 573.0 
77.004 574.0 
76.957 575.0 
77.085 576.0 
77.004 577.0 
77.015 578.0 
77.074 579.0 
77.027 580.0 
77.085 581.0 
77.074 582.0 
77.085 583.0 
77.074 584.0 
77.167 585.0 
77.074 586.0 
77.015 587.0 
77.085 588.0 
76.969 589.0 
77.085 590.0 
77.015 591.0 
77.05 592.0 
76.98 593.0 
77.015 594.0 
76.98 595.0 
77.097 596.0 
77.004 597.0 
77.05 598.0 
76.992 599.0 
77.027 600.0 
77.144 601.0 
77.074 602.0 
77.085 603.0 
77.004 604.0 
77.085 605.0 
76.98 606.0 
77.039 607.0 
76.969 608.0 
77.039 609.0 
77.085 610.0 
77.039 611.0 
77.074 612.0 
76.98 613.0 
77.074 614.0 
76.969 615.0 
77.05 616.0 
77.085 617.0 
76.992 618.0 
77.062 619.0 
76.688 620.0 
77.004 621.0 
77.05 622.0 
76.969 623.0 
77.039 624.0 
77.062 625.0 
76.957 626.0 
77.027 627.0 
77.109 628.0 
77.004 629.0 
77.05 630.0 
77.097 631.0 
76.922 632.0 
77.062 633.0 
77.085 634.0 
76.98 635.0 
77.027 636.0 
77.097 637.0 
77.015 638.0 
77.062 639.0 
77.109 640.0 
76.969 641.0 
77.05 642.0 
77.074 643.0 
76.969 644.0 
77.027 645.0 
77.039 646.0 
77.12 647.0 
76.969 648.0 
76.992 649.0 
77.05 650.0 
76.922 651.0 
77.015 652.0 
77.027 653.0 
77.085 654.0 
76.969 655.0 
76.992 656.0 
77.015 657.0 
77.109 658.0 
76.98 659.0 
77.027 660.0 
77.097 661.0 
77.132 662.0 
76.969 663.0 
77.027 664.0 
77.097 665.0 
77.12 666.0 
76.969 667.0 
77.039 668.0 
77.062 669.0 
77.109 670.0 
76.945 671.0 
76.992 672.0 
77.027 673.0 
77.05 674.0 
77.109 675.0 
76.969 676.0 
77.027 677.0 
77.05 678.0 
77.027 679.0 
77.109 680.0 
76.992 681.0 
77.004 682.0 
77.027 683.0 
77.097 684.0 
77.12 685.0 
77.12 686.0 
76.922 687.0 
77.015 688.0 
77.062 689.0 
77.039 690.0 
77.085 691.0 
77.097 692.0 
76.957 693.0 
76.992 694.0 
77.015 695.0 
77.05 696.0 
77.097 697.0 
77.05 698.0 
76.723 699.0 
76.98 700.0 
77.004 701.0 
77.015 702.0 
77.074 703.0 
77.027 704.0 
77.097 705.0 
77.085 706.0 
76.945 707.0 
76.957 708.0 
76.98 709.0 
77.004 710.0 
77.062 711.0 
77.05 712.0 
77.097 713.0 
77.109 714.0 
77.12 715.0 
76.934 716.0 
76.957 717.0 
76.969 718.0 
77.039 719.0 
77.027 720.0 
77.05 721.0 
77.027 722.0 
77.085 723.0 
77.109 724.0 
77.085 725.0 
76.934 726.0 
76.922 727.0 
76.98 728.0 
76.992 729.0 
76.98 730.0 
77.015 731.0 
77.004 732.0 
77.05 733.0 
77.05 734.0 
77.085 735.0 
77.085 736.0 
77.085 737.0 
77.097 738.0 
76.805 739.0 
76.945 740.0 
76.91 741.0 
76.945 742.0 
76.969 743.0 
76.969 744.0 
76.969 745.0 
76.969 746.0 
76.98 747.0 
76.98 748.0 
76.992 749.0 
76.992 750.0 
76.992 751.0 
77.015 752.0 
77.015 753.0 
77.015 754.0 
77.039 755.0 
77.039 756.0 
77.074 757.0 
77.027 758.0 
77.027 759.0 
77.05 760.0 
77.074 761.0 
77.027 762.0 
77.062 763.0 
77.074 764.0 
77.027 765.0 
77.05 766.0 
77.062 767.0 
77.027 768.0 
77.05 769.0 
77.027 770.0 
77.05 771.0 
77.039 772.0 
77.039 773.0 
77.039 774.0 
77.039 775.0 
77.039 776.0 
77.062 777.0 
77.05 778.0 
77.062 779.0 
77.039 780.0 
77.039 781.0 
77.039 782.0 
77.05 783.0 
77.027 784.0 
77.05 785.0 
77.015 786.0 
77.015 787.0 
77.004 788.0 
77.015 789.0 
77.039 790.0 
77.039 791.0 
77.027 792.0 
77.039 793.0 
77.039 794.0 
77.027 795.0 
77.074 796.0 
77.05 797.0 
77.074 798.0 
77.05 799.0 
77.062 800.0 
77.039 801.0 
77.05 802.0 
77.062 803.0 
77.05 804.0 
0.008 805.0 
0.007 806.0 
0.0 807.0 
0.0 808.0 
0.002 809.0 
-0.012 810.0 
-0.01 811.0 
-0.006 812.0 
-0.018 813.0 
-0.023 814.0 
-0.028 815.0 
-0.029 816.0 
-0.028 817.0 
-0.019 818.0 
-0.029 819.0 
-0.03 820.0 
-0.026 821.0 
-0.025 822.0 
-0.019 823.0 
-0.018 824.0 
-0.025 825.0 
-0.024 826.0 
-0.012 827.0 
-0.017 828.0 
-0.017 829.0 
