-0.022 257.0 
-0.038 258.0 
-0.053 259.0 
-0.016 260.0 
-0.035 261.0 
-0.008 262.0 
-0.032 263.0 
-0.037 264.0 
-0.006 265.0 
-0.012 266.0 
-0.029 267.0 
-0.038 268.0 
-0.031 269.0 
-0.026 270.0 
-0.019 271.0 
-0.037 272.0 
-0.026 273.0 
-0.04 274.0 
153.33 275.0 
150.188 276.0 
148.74 277.0 
147.549 278.0 
146.789 279.0 
146.018 280.0 
145.201 281.0 
144.383 282.0 
143.145 283.0 
142.596 284.0 
142.258 285.0 
141.931 286.0 
141.767 287.0 
141.534 288.0 
141.358 289.0 
140.634 290.0 
140.646 291.0 
140.459 292.0 
140.249 293.0 
139.992 294.0 
139.653 295.0 
139.525 296.0 
139.525 297.0 
138.929 298.0 
138.754 299.0 
138.707 300.0 
138.181 301.0 
138.17 302.0 
137.609 303.0 
137.527 304.0 
137.481 305.0 
137.037 306.0 
136.757 307.0 
136.243 308.0 
136.079 309.0 
135.472 310.0 
135.378 311.0 
134.818 312.0 
134.713 313.0 
134.175 314.0 
134.07 315.0 
133.697 316.0 
133.638 317.0 
133.171 318.0 
133.101 319.0 
132.727 320.0 
132.412 321.0 
132.353 322.0 
131.956 323.0 
131.886 324.0 
131.641 325.0 
131.291 326.0 
131.314 327.0 
131.022 328.0 
130.742 329.0 
130.975 330.0 
130.765 331.0 
130.578 332.0 
130.882 333.0 
130.648 334.0 
130.45 335.0 
130.683 336.0 
130.66 337.0 
130.45 338.0 
130.671 339.0 
130.473 340.0 
130.415 341.0 
130.368 342.0 
130.391 343.0 
130.368 344.0 
130.344 345.0 
130.286 346.0 
130.193 347.0 
130.228 348.0 
130.368 349.0 
130.321 350.0 
130.228 351.0 
130.286 352.0 
130.181 353.0 
130.134 354.0 
130.146 355.0 
130.239 356.0 
130.274 357.0 
130.158 358.0 
130.286 359.0 
130.169 360.0 
130.204 361.0 
130.076 362.0 
130.088 363.0 
129.982 364.0 
130.017 365.0 
130.088 366.0 
130.111 367.0 
130.017 368.0 
130.052 369.0 
130.088 370.0 
130.099 371.0 
130.111 372.0 
130.111 373.0 
130.181 374.0 
130.181 375.0 
130.052 376.0 
130.052 377.0 
129.994 378.0 
130.052 379.0 
130.041 380.0 
130.017 381.0 
129.947 382.0 
129.982 383.0 
129.994 384.0 
129.982 385.0 
130.146 386.0 
129.982 387.0 
129.924 388.0 
130.041 389.0 
130.064 390.0 
130.006 391.0 
129.994 392.0 
130.076 393.0 
129.854 394.0 
130.029 395.0 
130.134 396.0 
129.889 397.0 
130.029 398.0 
129.807 399.0 
129.877 400.0 
130.052 401.0 
129.982 402.0 
130.076 403.0 
129.982 404.0 
129.912 405.0 
129.831 406.0 
129.924 407.0 
129.831 408.0 
129.924 409.0 
129.807 410.0 
129.877 411.0 
129.994 412.0 
130.017 413.0 
130.006 414.0 
129.842 415.0 
129.912 416.0 
129.819 417.0 
129.901 418.0 
129.959 419.0 
129.807 420.0 
129.912 421.0 
129.936 422.0 
129.959 423.0 
129.807 424.0 
129.866 425.0 
129.901 426.0 
129.924 427.0 
129.831 428.0 
129.854 429.0 
129.842 430.0 
129.889 431.0 
129.947 432.0 
129.936 433.0 
129.772 434.0 
129.749 435.0 
129.796 436.0 
129.831 437.0 
129.76 438.0 
129.772 439.0 
129.784 440.0 
129.842 441.0 
129.842 442.0 
129.842 443.0 
129.807 444.0 
129.772 445.0 
129.76 446.0 
129.971 447.0 
129.924 448.0 
130.006 449.0 
129.76 450.0 
129.819 451.0 
129.831 452.0 
129.76 453.0 
129.714 454.0 
129.912 455.0 
129.749 456.0 
129.819 457.0 
129.76 458.0 
129.901 459.0 
129.936 460.0 
129.854 461.0 
129.796 462.0 
129.924 463.0 
129.842 464.0 
129.784 465.0 
129.901 466.0 
129.831 467.0 
129.76 468.0 
129.866 469.0 
129.784 470.0 
129.69 471.0 
129.807 472.0 
129.796 473.0 
129.831 474.0 
129.924 475.0 
129.819 476.0 
129.702 477.0 
129.807 478.0 
129.69 479.0 
129.831 480.0 
129.947 481.0 
129.796 482.0 
129.912 483.0 
129.76 484.0 
129.842 485.0 
129.737 486.0 
129.796 487.0 
129.877 488.0 
129.714 489.0 
129.772 490.0 
129.877 491.0 
129.702 492.0 
129.772 493.0 
129.842 494.0 
129.714 495.0 
129.702 496.0 
129.842 497.0 
129.877 498.0 
129.702 499.0 
129.76 500.0 
129.819 501.0 
129.866 502.0 
129.667 503.0 
129.702 504.0 
129.76 505.0 
129.784 506.0 
129.69 507.0 
129.422 508.0 
129.527 509.0 
129.667 510.0 
129.725 511.0 
129.749 512.0 
129.784 513.0 
129.807 514.0 
129.831 515.0 
129.877 516.0 
129.702 517.0 
129.504 518.0 
129.585 519.0 
129.655 520.0 
129.667 521.0 
129.679 522.0 
129.667 523.0 
129.655 524.0 
129.62 525.0 
129.609 526.0 
129.644 527.0 
129.609 528.0 
129.609 529.0 
129.585 530.0 
129.55 531.0 
129.807 532.0 
130.099 533.0 
129.772 534.0 
129.819 535.0 
129.807 536.0 
129.714 537.0 
129.632 538.0 
129.69 539.0 
129.62 540.0 
129.842 541.0 
129.772 542.0 
129.737 543.0 
129.679 544.0 
129.632 545.0 
129.62 546.0 
129.819 547.0 
129.725 548.0 
129.702 549.0 
129.632 550.0 
129.655 551.0 
129.76 552.0 
129.714 553.0 
129.62 554.0 
129.562 555.0 
129.76 556.0 
129.679 557.0 
129.632 558.0 
129.585 559.0 
129.702 560.0 
129.655 561.0 
129.574 562.0 
129.725 563.0 
129.55 564.0 
129.539 565.0 
129.725 566.0 
129.609 567.0 
129.504 568.0 
129.585 569.0 
129.585 570.0 
129.749 571.0 
129.655 572.0 
129.55 573.0 
129.714 574.0 
129.585 575.0 
130.064 576.0 
129.644 577.0 
129.62 578.0 
129.784 579.0 
129.679 580.0 
129.819 581.0 
129.702 582.0 
129.831 583.0 
129.737 584.0 
129.714 585.0 
129.725 586.0 
129.609 587.0 
129.749 588.0 
129.62 589.0 
129.749 590.0 
129.644 591.0 
129.772 592.0 
129.655 593.0 
129.737 594.0 
129.644 595.0 
129.679 596.0 
129.644 597.0 
129.69 598.0 
129.562 599.0 
129.69 600.0 
129.866 601.0 
129.702 602.0 
129.842 603.0 
129.69 604.0 
129.784 605.0 
129.62 606.0 
129.725 607.0 
129.574 608.0 
129.702 609.0 
129.831 610.0 
129.644 611.0 
129.76 612.0 
129.62 613.0 
129.76 614.0 
129.574 615.0 
129.655 616.0 
129.807 617.0 
129.55 618.0 
129.737 619.0 
129.597 620.0 
129.679 621.0 
129.784 622.0 
129.609 623.0 
129.714 624.0 
129.807 625.0 
129.585 626.0 
129.702 627.0 
129.796 628.0 
129.632 629.0 
129.702 630.0 
129.819 631.0 
129.62 632.0 
129.725 633.0 
129.76 634.0 
129.644 635.0 
129.76 636.0 
129.854 637.0 
129.609 638.0 
129.737 639.0 
129.831 640.0 
129.574 641.0 
129.609 642.0 
129.807 643.0 
129.55 644.0 
129.597 645.0 
129.714 646.0 
129.807 647.0 
129.597 648.0 
129.644 649.0 
129.772 650.0 
129.55 651.0 
129.562 652.0 
129.679 653.0 
129.796 654.0 
129.539 655.0 
129.585 656.0 
129.725 657.0 
129.807 658.0 
129.62 659.0 
129.714 660.0 
129.796 661.0 
129.76 662.0 
129.62 663.0 
129.655 664.0 
129.76 665.0 
129.831 666.0 
129.609 667.0 
129.655 668.0 
129.725 669.0 
129.796 670.0 
129.562 671.0 
129.62 672.0 
129.667 673.0 
129.749 674.0 
129.796 675.0 
129.562 676.0 
129.655 677.0 
129.679 678.0 
129.725 679.0 
129.807 680.0 
129.55 681.0 
129.632 682.0 
129.644 683.0 
129.702 684.0 
129.725 685.0 
129.831 686.0 
129.539 687.0 
129.597 688.0 
129.667 689.0 
129.714 690.0 
129.76 691.0 
129.749 692.0 
129.539 693.0 
129.62 694.0 
129.679 695.0 
129.714 696.0 
129.737 697.0 
129.76 698.0 
129.527 699.0 
129.574 700.0 
129.644 701.0 
129.69 702.0 
129.714 703.0 
129.749 704.0 
129.725 705.0 
129.854 706.0 
129.55 707.0 
129.585 708.0 
129.644 709.0 
129.609 710.0 
129.679 711.0 
129.714 712.0 
129.772 713.0 
129.831 714.0 
129.562 715.0 
129.562 716.0 
129.562 717.0 
129.597 718.0 
129.655 719.0 
129.679 720.0 
129.725 721.0 
129.714 722.0 
129.772 723.0 
129.76 724.0 
129.831 725.0 
129.48 726.0 
129.562 727.0 
129.62 728.0 
129.62 729.0 
129.655 730.0 
129.655 731.0 
129.679 732.0 
129.702 733.0 
129.76 734.0 
129.784 735.0 
129.772 736.0 
129.796 737.0 
129.807 738.0 
129.504 739.0 
129.515 740.0 
129.539 741.0 
129.539 742.0 
129.55 743.0 
129.539 744.0 
129.562 745.0 
129.609 746.0 
129.62 747.0 
129.585 748.0 
129.597 749.0 
129.632 750.0 
129.609 751.0 
129.609 752.0 
129.667 753.0 
129.679 754.0 
129.632 755.0 
129.632 756.0 
129.667 757.0 
129.667 758.0 
129.702 759.0 
129.679 760.0 
129.69 761.0 
129.69 762.0 
129.702 763.0 
129.714 764.0 
129.714 765.0 
129.714 766.0 
129.702 767.0 
129.725 768.0 
129.702 769.0 
129.725 770.0 
129.714 771.0 
129.714 772.0 
129.702 773.0 
129.714 774.0 
129.69 775.0 
129.737 776.0 
129.725 777.0 
129.725 778.0 
129.69 779.0 
129.702 780.0 
129.69 781.0 
129.725 782.0 
129.69 783.0 
129.679 784.0 
129.69 785.0 
129.667 786.0 
129.679 787.0 
129.679 788.0 
129.679 789.0 
129.702 790.0 
129.69 791.0 
129.714 792.0 
129.69 793.0 
129.714 794.0 
129.725 795.0 
129.702 796.0 
129.714 797.0 
129.725 798.0 
129.679 799.0 
129.714 800.0 
129.725 801.0 
129.69 802.0 
129.714 803.0 
129.69 804.0 
0.01 805.0 
0.02 806.0 
0.019 807.0 
0.025 808.0 
0.026 809.0 
0.02 810.0 
0.016 811.0 
0.013 812.0 
0.013 813.0 
0.011 814.0 
0.016 815.0 
0.01 816.0 
0.008 817.0 
0.001 818.0 
-0.004 819.0 
-0.005 820.0 
-0.011 821.0 
0.0 822.0 
-0.002 823.0 
-0.014 824.0 
-0.025 825.0 
-0.028 826.0 
-0.028 827.0 
-0.034 828.0 
-0.03 829.0 
