-0.018 257.0 
-0.017 258.0 
-0.034 259.0 
-0.018 260.0 
-0.05 261.0 
-0.032 262.0 
-0.031 263.0 
-0.035 264.0 
-0.018 265.0 
-0.022 266.0 
-0.04 267.0 
-0.026 268.0 
-0.036 269.0 
-0.013 270.0 
-0.031 271.0 
-0.036 272.0 
-0.04 273.0 
-0.034 274.0 
149.499 275.0 
146.486 276.0 
145.411 277.0 
143.928 278.0 
142.188 279.0 
139.805 280.0 
137.843 281.0 
135.799 282.0 
132.54 283.0 
131.174 284.0 
130.777 285.0 
130.403 286.0 
130.158 287.0 
129.842 288.0 
129.527 289.0 
128.838 290.0 
128.639 291.0 
128.406 292.0 
128.195 293.0 
128.09 294.0 
127.518 295.0 
127.331 296.0 
127.261 297.0 
126.747 298.0 
126.525 299.0 
126.28 300.0 
125.93 301.0 
125.801 302.0 
125.311 303.0 
125.229 304.0 
125.205 305.0 
124.458 306.0 
123.173 307.0 
120.604 308.0 
117.427 309.0 
113.21 310.0 
109.006 311.0 
104.533 312.0 
100.375 313.0 
95.89 314.0 
91.907 315.0 
87.866 316.0 
84.327 317.0 
81.442 318.0 
81.302 319.0 
81.068 320.0 
80.928 321.0 
80.951 322.0 
80.811 323.0 
80.881 324.0 
80.846 325.0 
80.741 326.0 
80.823 327.0 
80.776 328.0 
81.138 329.0 
80.87 330.0 
80.776 331.0 
80.975 332.0 
80.858 333.0 
80.8 334.0 
80.811 335.0 
80.846 336.0 
80.835 337.0 
80.753 338.0 
80.881 339.0 
80.8 340.0 
80.846 341.0 
80.776 342.0 
80.893 343.0 
80.835 344.0 
80.776 345.0 
80.776 346.0 
80.706 347.0 
80.765 348.0 
80.87 349.0 
80.788 350.0 
80.788 351.0 
80.835 352.0 
80.8 353.0 
80.776 354.0 
80.694 355.0 
80.8 356.0 
80.858 357.0 
80.788 358.0 
80.858 359.0 
80.846 360.0 
80.858 361.0 
80.811 362.0 
80.823 363.0 
80.753 364.0 
80.788 365.0 
80.788 366.0 
80.823 367.0 
80.753 368.0 
80.8 369.0 
80.823 370.0 
80.823 371.0 
80.858 372.0 
80.846 373.0 
80.858 374.0 
80.87 375.0 
81.08 376.0 
80.741 377.0 
80.788 378.0 
80.8 379.0 
80.8 380.0 
80.788 381.0 
80.905 382.0 
80.765 383.0 
80.788 384.0 
80.776 385.0 
80.846 386.0 
80.753 387.0 
80.741 388.0 
80.823 389.0 
80.823 390.0 
80.811 391.0 
80.8 392.0 
80.881 393.0 
80.729 394.0 
80.776 395.0 
80.893 396.0 
80.718 397.0 
80.8 398.0 
80.659 399.0 
80.729 400.0 
80.87 401.0 
80.811 402.0 
80.881 403.0 
80.835 404.0 
80.776 405.0 
80.753 406.0 
80.811 407.0 
80.741 408.0 
80.8 409.0 
80.729 410.0 
80.8 411.0 
80.87 412.0 
81.185 413.0 
80.846 414.0 
80.765 415.0 
80.8 416.0 
80.718 417.0 
80.87 418.0 
80.811 419.0 
80.753 420.0 
80.741 421.0 
80.823 422.0 
80.858 423.0 
80.753 424.0 
80.753 425.0 
80.8 426.0 
80.823 427.0 
80.753 428.0 
80.788 429.0 
80.753 430.0 
80.823 431.0 
80.846 432.0 
80.858 433.0 
80.706 434.0 
80.753 435.0 
80.753 436.0 
80.765 437.0 
80.753 438.0 
80.694 439.0 
80.729 440.0 
80.765 441.0 
80.741 442.0 
80.765 443.0 
80.753 444.0 
80.729 445.0 
80.694 446.0 
80.87 447.0 
80.846 448.0 
80.835 449.0 
81.15 450.0 
80.776 451.0 
80.776 452.0 
80.729 453.0 
80.706 454.0 
80.8 455.0 
80.624 456.0 
80.741 457.0 
80.729 458.0 
80.835 459.0 
80.835 460.0 
80.776 461.0 
80.729 462.0 
80.835 463.0 
80.823 464.0 
80.8 465.0 
80.823 466.0 
80.811 467.0 
80.741 468.0 
80.823 469.0 
80.776 470.0 
80.741 471.0 
80.788 472.0 
80.636 473.0 
80.788 474.0 
80.881 475.0 
80.776 476.0 
80.729 477.0 
80.8 478.0 
80.683 479.0 
80.765 480.0 
80.87 481.0 
80.776 482.0 
80.823 483.0 
80.741 484.0 
80.811 485.0 
80.753 486.0 
80.729 487.0 
80.823 488.0 
80.729 489.0 
80.753 490.0 
80.8 491.0 
80.8 492.0 
80.776 493.0 
80.788 494.0 
80.706 495.0 
80.729 496.0 
80.776 497.0 
80.846 498.0 
80.694 499.0 
80.741 500.0 
80.776 501.0 
80.835 502.0 
80.624 503.0 
80.694 504.0 
80.765 505.0 
80.765 506.0 
80.694 507.0 
80.8 508.0 
80.659 509.0 
80.683 510.0 
80.729 511.0 
80.765 512.0 
80.765 513.0 
80.765 514.0 
80.8 515.0 
80.753 516.0 
81.057 517.0 
80.601 518.0 
80.624 519.0 
80.648 520.0 
80.671 521.0 
80.648 522.0 
80.636 523.0 
80.659 524.0 
80.636 525.0 
80.648 526.0 
80.636 527.0 
80.566 528.0 
80.589 529.0 
80.578 530.0 
80.566 531.0 
80.694 532.0 
80.659 533.0 
80.566 534.0 
80.613 535.0 
80.566 536.0 
80.508 537.0 
80.402 538.0 
80.402 539.0 
80.344 540.0 
80.473 541.0 
80.356 542.0 
80.367 543.0 
80.286 544.0 
80.274 545.0 
80.251 546.0 
80.344 547.0 
80.274 548.0 
80.239 549.0 
80.204 550.0 
80.134 551.0 
80.262 552.0 
80.204 553.0 
80.157 554.0 
80.122 555.0 
80.239 556.0 
80.181 557.0 
80.145 558.0 
79.877 559.0 
80.204 560.0 
80.169 561.0 
80.064 562.0 
80.204 563.0 
80.064 564.0 
80.099 565.0 
80.204 566.0 
80.181 567.0 
80.11 568.0 
80.145 569.0 
80.134 570.0 
80.204 571.0 
80.181 572.0 
80.11 573.0 
80.192 574.0 
80.145 575.0 
80.484 576.0 
80.134 577.0 
80.169 578.0 
80.251 579.0 
80.169 580.0 
80.274 581.0 
80.204 582.0 
80.286 583.0 
80.216 584.0 
79.854 585.0 
80.239 586.0 
80.157 587.0 
80.251 588.0 
80.181 589.0 
80.251 590.0 
80.157 591.0 
80.251 592.0 
80.157 593.0 
80.227 594.0 
80.134 595.0 
80.192 596.0 
80.169 597.0 
80.169 598.0 
80.134 599.0 
80.216 600.0 
80.309 601.0 
80.157 602.0 
80.274 603.0 
80.192 604.0 
80.262 605.0 
80.169 606.0 
80.262 607.0 
80.122 608.0 
80.181 609.0 
80.286 610.0 
80.181 611.0 
80.286 612.0 
80.181 613.0 
80.204 614.0 
80.11 615.0 
80.134 616.0 
80.239 617.0 
80.11 618.0 
80.227 619.0 
80.005 620.0 
80.192 621.0 
80.227 622.0 
80.145 623.0 
80.204 624.0 
80.297 625.0 
80.181 626.0 
80.227 627.0 
80.286 628.0 
80.134 629.0 
80.227 630.0 
80.309 631.0 
80.145 632.0 
80.216 633.0 
80.508 634.0 
80.134 635.0 
80.239 636.0 
80.262 637.0 
80.145 638.0 
80.216 639.0 
80.262 640.0 
80.134 641.0 
80.134 642.0 
80.251 643.0 
80.11 644.0 
80.169 645.0 
80.227 646.0 
80.274 647.0 
80.157 648.0 
80.181 649.0 
80.216 650.0 
80.11 651.0 
80.122 652.0 
80.216 653.0 
80.262 654.0 
80.145 655.0 
80.145 656.0 
80.204 657.0 
80.262 658.0 
80.157 659.0 
80.204 660.0 
80.251 661.0 
80.192 662.0 
80.145 663.0 
80.204 664.0 
80.251 665.0 
80.274 666.0 
80.169 667.0 
80.192 668.0 
80.251 669.0 
80.262 670.0 
80.11 671.0 
80.169 672.0 
80.192 673.0 
80.239 674.0 
80.227 675.0 
80.134 676.0 
80.169 677.0 
80.204 678.0 
80.227 679.0 
80.251 680.0 
80.11 681.0 
80.145 682.0 
80.169 683.0 
80.227 684.0 
80.251 685.0 
80.309 686.0 
80.134 687.0 
80.157 688.0 
80.204 689.0 
80.239 690.0 
80.274 691.0 
80.321 692.0 
80.134 693.0 
80.169 694.0 
80.181 695.0 
80.216 696.0 
80.239 697.0 
80.239 698.0 
80.052 699.0 
80.134 700.0 
80.145 701.0 
80.157 702.0 
80.216 703.0 
80.251 704.0 
80.239 705.0 
80.297 706.0 
80.11 707.0 
80.122 708.0 
80.181 709.0 
80.181 710.0 
80.216 711.0 
80.227 712.0 
80.239 713.0 
80.251 714.0 
80.04 715.0 
80.11 716.0 
80.052 717.0 
80.145 718.0 
80.192 719.0 
80.192 720.0 
80.204 721.0 
80.227 722.0 
80.251 723.0 
80.251 724.0 
80.262 725.0 
80.099 726.0 
80.099 727.0 
80.145 728.0 
80.145 729.0 
80.181 730.0 
80.169 731.0 
80.216 732.0 
80.204 733.0 
80.216 734.0 
80.251 735.0 
80.262 736.0 
80.251 737.0 
80.274 738.0 
80.087 739.0 
80.087 740.0 
80.11 741.0 
80.087 742.0 
80.122 743.0 
80.157 744.0 
80.145 745.0 
80.157 746.0 
80.134 747.0 
80.157 748.0 
80.157 749.0 
80.145 750.0 
80.157 751.0 
80.169 752.0 
80.192 753.0 
80.181 754.0 
80.204 755.0 
80.181 756.0 
80.192 757.0 
80.192 758.0 
80.192 759.0 
80.181 760.0 
80.204 761.0 
80.204 762.0 
80.204 763.0 
80.216 764.0 
80.239 765.0 
80.227 766.0 
80.216 767.0 
80.216 768.0 
80.192 769.0 
80.181 770.0 
80.227 771.0 
80.227 772.0 
80.239 773.0 
80.192 774.0 
80.216 775.0 
80.227 776.0 
80.204 777.0 
80.204 778.0 
80.192 779.0 
80.204 780.0 
80.204 781.0 
80.192 782.0 
80.169 783.0 
80.192 784.0 
80.227 785.0 
80.216 786.0 
80.251 787.0 
80.192 788.0 
80.181 789.0 
80.227 790.0 
80.227 791.0 
80.216 792.0 
80.204 793.0 
80.216 794.0 
80.169 795.0 
80.181 796.0 
80.204 797.0 
80.204 798.0 
80.192 799.0 
80.192 800.0 
80.169 801.0 
80.181 802.0 
80.169 803.0 
80.169 804.0 
0.006 805.0 
0.004 806.0 
0.007 807.0 
0.006 808.0 
0.011 809.0 
0.02 810.0 
0.011 811.0 
0.007 812.0 
-0.004 813.0 
-0.011 814.0 
-0.012 815.0 
-0.013 816.0 
-0.023 817.0 
-0.022 818.0 
-0.025 819.0 
-0.019 820.0 
-0.025 821.0 
-0.025 822.0 
-0.028 823.0 
-0.035 824.0 
-0.049 825.0 
-0.037 826.0 
-0.032 827.0 
-0.035 828.0 
-0.03 829.0 
