-0.028 257.0 
-0.03 258.0 
-0.059 259.0 
-0.035 260.0 
-0.023 261.0 
-0.034 262.0 
-0.042 263.0 
-0.038 264.0 
-0.035 265.0 
-0.023 266.0 
-0.049 267.0 
-0.044 268.0 
-0.037 269.0 
-0.041 270.0 
-0.035 271.0 
-0.049 272.0 
-0.018 273.0 
-0.028 274.0 
144.22 275.0 
141.393 276.0 
140.389 277.0 
139.116 278.0 
137.586 279.0 
135.694 280.0 
133.988 281.0 
131.886 282.0 
128.546 283.0 
127.086 284.0 
126.7 285.0 
126.42 286.0 
126.14 287.0 
125.813 288.0 
125.509 289.0 
124.762 290.0 
124.645 291.0 
124.388 292.0 
124.166 293.0 
124.026 294.0 
123.43 295.0 
123.22 296.0 
123.185 297.0 
122.589 298.0 
122.332 299.0 
122.227 300.0 
121.69 301.0 
121.55 302.0 
120.919 303.0 
120.756 304.0 
120.604 305.0 
119.903 306.0 
118.513 307.0 
115.932 308.0 
112.778 309.0 
108.737 310.0 
104.766 311.0 
100.456 312.0 
96.275 313.0 
92.117 314.0 
88.403 315.0 
84.806 316.0 
81.629 317.0 
79.071 318.0 
78.919 319.0 
78.744 320.0 
78.627 321.0 
78.615 322.0 
78.51 323.0 
78.545 324.0 
78.499 325.0 
78.394 326.0 
78.464 327.0 
78.405 328.0 
78.58 329.0 
78.499 330.0 
78.394 331.0 
78.464 332.0 
78.51 333.0 
78.429 334.0 
78.499 335.0 
78.534 336.0 
78.534 337.0 
78.394 338.0 
78.557 339.0 
78.475 340.0 
78.452 341.0 
78.429 342.0 
78.604 343.0 
78.464 344.0 
78.429 345.0 
78.417 346.0 
78.394 347.0 
78.44 348.0 
78.522 349.0 
78.475 350.0 
78.417 351.0 
78.475 352.0 
78.44 353.0 
78.37 354.0 
78.347 355.0 
78.487 356.0 
78.522 357.0 
78.464 358.0 
78.534 359.0 
78.51 360.0 
78.545 361.0 
78.464 362.0 
78.464 363.0 
78.394 364.0 
78.429 365.0 
78.44 366.0 
78.487 367.0 
78.37 368.0 
78.452 369.0 
78.44 370.0 
78.51 371.0 
78.464 372.0 
78.475 373.0 
78.534 374.0 
78.545 375.0 
78.814 376.0 
78.394 377.0 
78.475 378.0 
78.417 379.0 
78.44 380.0 
78.452 381.0 
78.557 382.0 
78.475 383.0 
78.429 384.0 
78.405 385.0 
78.51 386.0 
78.394 387.0 
78.382 388.0 
78.487 389.0 
78.464 390.0 
78.452 391.0 
78.429 392.0 
78.522 393.0 
78.347 394.0 
78.452 395.0 
78.534 396.0 
78.37 397.0 
78.475 398.0 
78.347 399.0 
78.429 400.0 
78.522 401.0 
78.452 402.0 
78.51 403.0 
78.452 404.0 
78.452 405.0 
78.382 406.0 
78.429 407.0 
78.405 408.0 
78.44 409.0 
78.405 410.0 
78.429 411.0 
78.499 412.0 
78.989 413.0 
78.51 414.0 
78.452 415.0 
78.51 416.0 
78.382 417.0 
78.522 418.0 
78.487 419.0 
78.429 420.0 
78.464 421.0 
78.487 422.0 
78.499 423.0 
78.417 424.0 
78.405 425.0 
78.475 426.0 
78.452 427.0 
78.359 428.0 
78.405 429.0 
78.417 430.0 
78.499 431.0 
78.51 432.0 
78.499 433.0 
78.382 434.0 
78.417 435.0 
78.464 436.0 
78.534 437.0 
78.382 438.0 
78.382 439.0 
78.429 440.0 
78.44 441.0 
78.452 442.0 
78.417 443.0 
78.417 444.0 
78.429 445.0 
78.417 446.0 
78.534 447.0 
78.499 448.0 
78.464 449.0 
78.767 450.0 
78.405 451.0 
78.417 452.0 
78.37 453.0 
78.405 454.0 
78.475 455.0 
78.487 456.0 
78.429 457.0 
78.37 458.0 
78.51 459.0 
78.522 460.0 
78.475 461.0 
78.44 462.0 
78.499 463.0 
78.464 464.0 
78.44 465.0 
78.487 466.0 
78.44 467.0 
78.382 468.0 
78.464 469.0 
78.405 470.0 
78.417 471.0 
78.429 472.0 
78.312 473.0 
78.429 474.0 
78.522 475.0 
78.475 476.0 
78.359 477.0 
78.452 478.0 
78.382 479.0 
78.44 480.0 
78.545 481.0 
78.452 482.0 
78.487 483.0 
78.417 484.0 
78.475 485.0 
78.405 486.0 
78.417 487.0 
78.475 488.0 
78.394 489.0 
78.429 490.0 
78.475 491.0 
78.417 492.0 
78.44 493.0 
78.499 494.0 
78.405 495.0 
78.359 496.0 
78.44 497.0 
78.499 498.0 
78.347 499.0 
78.429 500.0 
78.487 501.0 
78.475 502.0 
78.335 503.0 
78.359 504.0 
78.405 505.0 
78.44 506.0 
78.37 507.0 
78.464 508.0 
78.312 509.0 
78.347 510.0 
78.405 511.0 
78.405 512.0 
78.44 513.0 
78.464 514.0 
78.475 515.0 
78.475 516.0 
78.732 517.0 
78.3 518.0 
78.323 519.0 
78.312 520.0 
78.335 521.0 
78.335 522.0 
78.359 523.0 
78.312 524.0 
78.335 525.0 
78.312 526.0 
78.323 527.0 
78.253 528.0 
78.288 529.0 
78.265 530.0 
78.288 531.0 
78.382 532.0 
78.37 533.0 
78.323 534.0 
78.335 535.0 
78.277 536.0 
78.242 537.0 
78.16 538.0 
78.137 539.0 
78.078 540.0 
78.183 541.0 
78.078 542.0 
78.078 543.0 
78.043 544.0 
77.938 545.0 
77.938 546.0 
78.09 547.0 
77.985 548.0 
77.926 549.0 
77.903 550.0 
77.81 551.0 
77.973 552.0 
77.915 553.0 
77.856 554.0 
77.845 555.0 
77.95 556.0 
77.903 557.0 
77.856 558.0 
77.599 559.0 
77.95 560.0 
77.903 561.0 
77.833 562.0 
77.961 563.0 
77.81 564.0 
77.81 565.0 
77.915 566.0 
77.915 567.0 
77.798 568.0 
77.821 569.0 
77.833 570.0 
77.961 571.0 
77.88 572.0 
77.833 573.0 
77.891 574.0 
77.856 575.0 
77.95 576.0 
77.88 577.0 
77.891 578.0 
77.985 579.0 
77.915 580.0 
78.008 581.0 
77.95 582.0 
77.961 583.0 
77.938 584.0 
77.658 585.0 
77.926 586.0 
77.856 587.0 
77.915 588.0 
77.856 589.0 
77.95 590.0 
77.868 591.0 
77.938 592.0 
77.88 593.0 
77.926 594.0 
77.868 595.0 
77.868 596.0 
77.833 597.0 
77.938 598.0 
77.833 599.0 
77.926 600.0 
78.008 601.0 
77.915 602.0 
77.985 603.0 
77.868 604.0 
77.961 605.0 
77.88 606.0 
77.926 607.0 
77.81 608.0 
77.903 609.0 
77.985 610.0 
77.891 611.0 
77.961 612.0 
77.856 613.0 
77.961 614.0 
77.833 615.0 
77.868 616.0 
77.973 617.0 
77.821 618.0 
77.95 619.0 
77.739 620.0 
77.915 621.0 
77.95 622.0 
77.856 623.0 
77.915 624.0 
77.996 625.0 
77.868 626.0 
77.926 627.0 
77.961 628.0 
77.868 629.0 
77.926 630.0 
77.961 631.0 
77.856 632.0 
77.915 633.0 
78.253 634.0 
77.903 635.0 
77.926 636.0 
77.996 637.0 
77.856 638.0 
77.926 639.0 
77.985 640.0 
77.845 641.0 
77.845 642.0 
77.95 643.0 
77.845 644.0 
77.81 645.0 
77.938 646.0 
77.985 647.0 
77.833 648.0 
77.891 649.0 
77.95 650.0 
77.786 651.0 
77.821 652.0 
77.903 653.0 
77.973 654.0 
77.821 655.0 
77.891 656.0 
77.903 657.0 
77.961 658.0 
77.88 659.0 
77.915 660.0 
77.961 661.0 
77.95 662.0 
77.845 663.0 
77.903 664.0 
77.973 665.0 
77.996 666.0 
77.856 667.0 
77.903 668.0 
77.95 669.0 
77.996 670.0 
77.821 671.0 
77.88 672.0 
77.891 673.0 
77.961 674.0 
77.973 675.0 
77.845 676.0 
77.891 677.0 
77.926 678.0 
77.961 679.0 
77.985 680.0 
77.845 681.0 
77.891 682.0 
77.856 683.0 
77.938 684.0 
77.903 685.0 
77.996 686.0 
77.775 687.0 
77.868 688.0 
77.891 689.0 
77.903 690.0 
77.961 691.0 
77.95 692.0 
77.833 693.0 
77.868 694.0 
77.868 695.0 
77.938 696.0 
77.915 697.0 
77.973 698.0 
77.775 699.0 
77.856 700.0 
77.868 701.0 
77.88 702.0 
77.938 703.0 
77.915 704.0 
77.926 705.0 
78.008 706.0 
77.821 707.0 
77.856 708.0 
77.868 709.0 
77.868 710.0 
77.891 711.0 
77.938 712.0 
77.973 713.0 
77.973 714.0 
77.775 715.0 
77.833 716.0 
77.845 717.0 
77.845 718.0 
77.926 719.0 
77.891 720.0 
77.915 721.0 
77.938 722.0 
77.95 723.0 
77.985 724.0 
77.973 725.0 
77.751 726.0 
77.81 727.0 
77.845 728.0 
77.868 729.0 
77.88 730.0 
77.891 731.0 
77.903 732.0 
77.915 733.0 
77.961 734.0 
77.961 735.0 
77.938 736.0 
77.985 737.0 
77.973 738.0 
77.81 739.0 
77.81 740.0 
77.821 741.0 
77.833 742.0 
77.833 743.0 
77.833 744.0 
77.833 745.0 
77.856 746.0 
77.833 747.0 
77.856 748.0 
77.88 749.0 
77.868 750.0 
77.868 751.0 
77.868 752.0 
77.856 753.0 
77.891 754.0 
77.903 755.0 
77.915 756.0 
77.926 757.0 
77.903 758.0 
77.926 759.0 
77.915 760.0 
77.926 761.0 
77.915 762.0 
77.903 763.0 
77.88 764.0 
77.915 765.0 
77.926 766.0 
77.915 767.0 
77.903 768.0 
77.915 769.0 
77.915 770.0 
77.938 771.0 
77.926 772.0 
77.926 773.0 
77.926 774.0 
77.938 775.0 
77.903 776.0 
77.926 777.0 
77.938 778.0 
77.95 779.0 
77.926 780.0 
77.926 781.0 
77.926 782.0 
77.891 783.0 
77.903 784.0 
77.88 785.0 
77.903 786.0 
77.926 787.0 
77.915 788.0 
77.926 789.0 
77.915 790.0 
77.915 791.0 
77.903 792.0 
77.891 793.0 
77.915 794.0 
77.915 795.0 
77.891 796.0 
77.903 797.0 
77.891 798.0 
77.926 799.0 
77.903 800.0 
77.926 801.0 
77.88 802.0 
77.891 803.0 
77.88 804.0 
-0.004 805.0 
-0.002 806.0 
0.005 807.0 
-0.004 808.0 
0.006 809.0 
-0.001 810.0 
-0.007 811.0 
0.0 812.0 
-0.005 813.0 
-0.006 814.0 
-0.002 815.0 
-0.001 816.0 
-0.002 817.0 
-0.007 818.0 
-0.008 819.0 
-0.01 820.0 
-0.008 821.0 
-0.002 822.0 
-0.013 823.0 
-0.013 824.0 
-0.013 825.0 
-0.014 826.0 
-0.011 827.0 
-0.024 828.0 
-0.024 829.0 
