-0.052 257.0 
-0.055 258.0 
-0.031 259.0 
-0.041 260.0 
-0.036 261.0 
-0.03 262.0 
-0.042 263.0 
-0.078 264.0 
-0.037 265.0 
-0.049 266.0 
-0.06 267.0 
-0.054 268.0 
-0.065 269.0 
-0.055 270.0 
-0.037 271.0 
-0.052 272.0 
-0.04 273.0 
-0.058 274.0 
152.127 275.0 
149.008 276.0 
147.817 277.0 
145.89 278.0 
143.858 279.0 
141.288 280.0 
139.139 281.0 
136.465 282.0 
132.307 283.0 
130.485 284.0 
130.041 285.0 
129.632 286.0 
129.398 287.0 
129.06 288.0 
128.698 289.0 
128.009 290.0 
127.833 291.0 
127.588 292.0 
127.343 293.0 
127.144 294.0 
126.63 295.0 
126.42 296.0 
126.338 297.0 
125.766 298.0 
125.532 299.0 
125.451 300.0 
124.89 301.0 
124.843 302.0 
124.318 303.0 
124.213 304.0 
124.108 305.0 
123.5 306.0 
122.262 307.0 
119.926 308.0 
117.135 309.0 
113.362 310.0 
109.601 311.0 
105.327 312.0 
101.052 313.0 
96.66 314.0 
92.631 315.0 
88.531 316.0 
84.817 317.0 
81.699 318.0 
81.512 319.0 
81.29 320.0 
81.103 321.0 
81.127 322.0 
80.975 323.0 
81.01 324.0 
80.951 325.0 
80.835 326.0 
80.928 327.0 
80.846 328.0 
81.021 329.0 
80.94 330.0 
80.835 331.0 
81.127 332.0 
80.986 333.0 
80.893 334.0 
80.893 335.0 
80.963 336.0 
80.975 337.0 
80.858 338.0 
81.103 339.0 
80.905 340.0 
80.905 341.0 
80.881 342.0 
80.928 343.0 
80.881 344.0 
80.87 345.0 
80.835 346.0 
80.788 347.0 
80.916 348.0 
80.916 349.0 
80.916 350.0 
80.846 351.0 
80.928 352.0 
80.893 353.0 
80.823 354.0 
80.893 355.0 
80.905 356.0 
80.975 357.0 
80.916 358.0 
80.986 359.0 
80.916 360.0 
80.928 361.0 
80.893 362.0 
80.916 363.0 
80.835 364.0 
80.846 365.0 
80.893 366.0 
80.893 367.0 
80.835 368.0 
80.858 369.0 
80.893 370.0 
80.893 371.0 
80.881 372.0 
80.951 373.0 
80.94 374.0 
80.951 375.0 
81.138 376.0 
80.835 377.0 
80.881 378.0 
80.881 379.0 
80.858 380.0 
80.893 381.0 
80.998 382.0 
80.905 383.0 
80.846 384.0 
80.846 385.0 
80.928 386.0 
80.846 387.0 
80.8 388.0 
80.893 389.0 
80.881 390.0 
80.905 391.0 
80.835 392.0 
80.963 393.0 
80.788 394.0 
80.893 395.0 
80.986 396.0 
80.858 397.0 
80.94 398.0 
80.776 399.0 
80.823 400.0 
80.951 401.0 
80.928 402.0 
80.998 403.0 
80.905 404.0 
80.87 405.0 
80.823 406.0 
80.893 407.0 
80.846 408.0 
80.858 409.0 
80.823 410.0 
80.881 411.0 
80.928 412.0 
81.302 413.0 
80.951 414.0 
80.858 415.0 
80.928 416.0 
80.8 417.0 
80.916 418.0 
80.905 419.0 
80.858 420.0 
80.893 421.0 
80.94 422.0 
80.94 423.0 
80.846 424.0 
80.846 425.0 
80.881 426.0 
80.905 427.0 
80.858 428.0 
80.87 429.0 
80.811 430.0 
80.916 431.0 
80.94 432.0 
80.951 433.0 
80.8 434.0 
80.87 435.0 
80.893 436.0 
80.975 437.0 
80.823 438.0 
80.846 439.0 
80.87 440.0 
80.87 441.0 
80.858 442.0 
80.881 443.0 
80.846 444.0 
80.823 445.0 
80.835 446.0 
80.963 447.0 
80.928 448.0 
80.905 449.0 
81.243 450.0 
80.846 451.0 
80.846 452.0 
80.87 453.0 
80.8 454.0 
80.916 455.0 
80.905 456.0 
80.858 457.0 
80.8 458.0 
80.916 459.0 
80.928 460.0 
80.858 461.0 
80.893 462.0 
80.916 463.0 
80.881 464.0 
80.881 465.0 
80.916 466.0 
80.881 467.0 
80.8 468.0 
80.928 469.0 
80.893 470.0 
80.823 471.0 
80.858 472.0 
80.765 473.0 
80.87 474.0 
80.963 475.0 
80.858 476.0 
80.811 477.0 
80.905 478.0 
80.8 479.0 
80.893 480.0 
80.963 481.0 
80.893 482.0 
80.916 483.0 
80.858 484.0 
80.881 485.0 
80.823 486.0 
80.823 487.0 
80.893 488.0 
80.835 489.0 
80.835 490.0 
80.905 491.0 
80.835 492.0 
80.858 493.0 
80.928 494.0 
80.823 495.0 
80.823 496.0 
80.881 497.0 
80.916 498.0 
80.835 499.0 
80.858 500.0 
80.905 501.0 
80.928 502.0 
80.788 503.0 
80.776 504.0 
80.811 505.0 
80.881 506.0 
80.8 507.0 
80.858 508.0 
80.753 509.0 
80.811 510.0 
80.835 511.0 
80.846 512.0 
80.858 513.0 
80.893 514.0 
80.893 515.0 
80.823 516.0 
81.22 517.0 
80.729 518.0 
80.753 519.0 
80.776 520.0 
80.753 521.0 
80.811 522.0 
80.765 523.0 
80.729 524.0 
80.741 525.0 
80.729 526.0 
80.741 527.0 
80.659 528.0 
80.671 529.0 
80.659 530.0 
80.706 531.0 
80.811 532.0 
80.776 533.0 
80.729 534.0 
80.741 535.0 
80.694 536.0 
80.624 537.0 
80.554 538.0 
80.531 539.0 
80.496 540.0 
80.613 541.0 
80.531 542.0 
80.484 543.0 
80.426 544.0 
80.391 545.0 
80.367 546.0 
80.449 547.0 
80.414 548.0 
80.344 549.0 
80.297 550.0 
80.274 551.0 
80.367 552.0 
80.332 553.0 
80.286 554.0 
80.286 555.0 
80.391 556.0 
80.321 557.0 
80.286 558.0 
79.97 559.0 
80.367 560.0 
80.286 561.0 
80.239 562.0 
80.356 563.0 
80.227 564.0 
80.204 565.0 
80.297 566.0 
80.332 567.0 
80.216 568.0 
80.274 569.0 
80.274 570.0 
80.356 571.0 
80.274 572.0 
80.227 573.0 
80.321 574.0 
80.309 575.0 
80.648 576.0 
80.297 577.0 
80.274 578.0 
80.379 579.0 
80.297 580.0 
80.426 581.0 
80.379 582.0 
80.391 583.0 
80.356 584.0 
80.449 585.0 
80.367 586.0 
80.239 587.0 
80.344 588.0 
80.274 589.0 
80.379 590.0 
80.309 591.0 
80.379 592.0 
80.274 593.0 
80.344 594.0 
80.274 595.0 
80.332 596.0 
80.286 597.0 
80.332 598.0 
80.262 599.0 
80.321 600.0 
80.414 601.0 
80.297 602.0 
80.414 603.0 
80.274 604.0 
80.391 605.0 
80.239 606.0 
80.344 607.0 
80.251 608.0 
80.332 609.0 
80.414 610.0 
80.297 611.0 
80.391 612.0 
80.286 613.0 
80.356 614.0 
80.274 615.0 
80.251 616.0 
80.391 617.0 
80.262 618.0 
80.367 619.0 
80.157 620.0 
80.309 621.0 
80.356 622.0 
80.262 623.0 
80.297 624.0 
80.379 625.0 
80.262 626.0 
80.344 627.0 
80.402 628.0 
80.274 629.0 
80.332 630.0 
80.414 631.0 
80.251 632.0 
80.344 633.0 
80.624 634.0 
80.309 635.0 
80.367 636.0 
80.414 637.0 
80.251 638.0 
80.286 639.0 
80.402 640.0 
80.274 641.0 
80.286 642.0 
80.379 643.0 
80.227 644.0 
80.262 645.0 
80.344 646.0 
80.402 647.0 
80.262 648.0 
80.309 649.0 
80.367 650.0 
80.227 651.0 
80.216 652.0 
80.344 653.0 
80.367 654.0 
80.274 655.0 
80.251 656.0 
80.321 657.0 
80.402 658.0 
80.239 659.0 
80.344 660.0 
80.391 661.0 
80.356 662.0 
80.262 663.0 
80.297 664.0 
80.367 665.0 
80.402 666.0 
80.239 667.0 
80.297 668.0 
80.356 669.0 
80.379 670.0 
80.251 671.0 
80.274 672.0 
80.321 673.0 
80.367 674.0 
80.379 675.0 
80.251 676.0 
80.274 677.0 
80.344 678.0 
80.344 679.0 
80.402 680.0 
80.227 681.0 
80.274 682.0 
80.356 683.0 
80.332 684.0 
80.356 685.0 
80.414 686.0 
80.157 687.0 
80.297 688.0 
80.309 689.0 
80.356 690.0 
80.379 691.0 
80.414 692.0 
80.251 693.0 
80.286 694.0 
80.274 695.0 
80.344 696.0 
80.356 697.0 
80.391 698.0 
80.204 699.0 
80.239 700.0 
80.297 701.0 
80.321 702.0 
80.321 703.0 
80.321 704.0 
80.356 705.0 
80.402 706.0 
80.227 707.0 
80.262 708.0 
80.286 709.0 
80.239 710.0 
80.332 711.0 
80.344 712.0 
80.391 713.0 
80.391 714.0 
80.216 715.0 
80.227 716.0 
80.262 717.0 
80.274 718.0 
80.297 719.0 
80.297 720.0 
80.367 721.0 
80.344 722.0 
80.379 723.0 
80.379 724.0 
80.402 725.0 
80.169 726.0 
80.274 727.0 
80.251 728.0 
80.262 729.0 
80.286 730.0 
80.309 731.0 
80.297 732.0 
80.356 733.0 
80.379 734.0 
80.391 735.0 
80.391 736.0 
80.391 737.0 
80.402 738.0 
80.192 739.0 
80.216 740.0 
80.227 741.0 
80.239 742.0 
80.227 743.0 
80.274 744.0 
80.204 745.0 
80.239 746.0 
80.274 747.0 
80.274 748.0 
80.286 749.0 
80.274 750.0 
80.274 751.0 
80.286 752.0 
80.309 753.0 
80.332 754.0 
80.286 755.0 
80.309 756.0 
80.321 757.0 
80.332 758.0 
80.332 759.0 
80.274 760.0 
80.321 761.0 
80.356 762.0 
80.332 763.0 
80.356 764.0 
80.344 765.0 
80.321 766.0 
80.309 767.0 
80.356 768.0 
80.332 769.0 
80.321 770.0 
80.344 771.0 
80.356 772.0 
80.321 773.0 
80.344 774.0 
80.344 775.0 
80.321 776.0 
80.321 777.0 
80.321 778.0 
80.332 779.0 
80.344 780.0 
80.309 781.0 
80.321 782.0 
80.321 783.0 
80.344 784.0 
80.321 785.0 
80.321 786.0 
80.321 787.0 
80.286 788.0 
80.309 789.0 
80.321 790.0 
80.321 791.0 
80.332 792.0 
80.332 793.0 
80.344 794.0 
80.309 795.0 
80.297 796.0 
80.309 797.0 
80.321 798.0 
80.321 799.0 
80.309 800.0 
80.321 801.0 
80.332 802.0 
80.309 803.0 
80.309 804.0 
-0.002 805.0 
0.008 806.0 
0.01 807.0 
0.001 808.0 
-0.001 809.0 
0.0 810.0 
0.0 811.0 
0.0 812.0 
0.0 813.0 
0.001 814.0 
0.0 815.0 
0.0 816.0 
0.001 817.0 
-0.006 818.0 
-0.002 819.0 
-0.007 820.0 
-0.013 821.0 
-0.008 822.0 
-0.008 823.0 
-0.017 824.0 
-0.016 825.0 
-0.017 826.0 
-0.018 827.0 
-0.023 828.0 
-0.031 829.0 
