-0.046 257.0 
-0.046 258.0 
-0.043 259.0 
-0.044 260.0 
-0.085 261.0 
-0.042 262.0 
-0.038 263.0 
-0.043 264.0 
-0.034 265.0 
-0.065 266.0 
-0.025 267.0 
-0.05 268.0 
-0.031 269.0 
-0.058 270.0 
-0.054 271.0 
-0.037 272.0 
-0.035 273.0 
-0.044 274.0 
151.228 275.0 
147.981 276.0 
146.626 277.0 
144.629 278.0 
142.491 279.0 
139.91 280.0 
137.749 281.0 
135.191 282.0 
131.337 283.0 
129.76 284.0 
129.282 285.0 
128.873 286.0 
128.733 287.0 
128.441 288.0 
128.219 289.0 
127.471 290.0 
127.331 291.0 
127.074 292.0 
126.852 293.0 
126.397 294.0 
126.187 295.0 
126.035 296.0 
125.953 297.0 
125.416 298.0 
125.229 299.0 
124.913 300.0 
124.563 301.0 
124.481 302.0 
123.886 303.0 
123.792 304.0 
123.559 305.0 
122.928 306.0 
121.678 307.0 
119.389 308.0 
116.819 309.0 
113.117 310.0 
109.672 311.0 
105.49 312.0 
101.624 313.0 
97.373 314.0 
93.355 315.0 
89.372 316.0 
85.658 317.0 
82.551 318.0 
82.4 319.0 
82.108 320.0 
81.932 321.0 
81.932 322.0 
81.816 323.0 
81.839 324.0 
81.746 325.0 
81.687 326.0 
81.769 327.0 
81.687 328.0 
81.886 329.0 
81.816 330.0 
81.711 331.0 
81.816 332.0 
81.804 333.0 
81.711 334.0 
81.699 335.0 
81.792 336.0 
81.804 337.0 
81.699 338.0 
81.874 339.0 
81.781 340.0 
81.769 341.0 
81.757 342.0 
81.851 343.0 
81.792 344.0 
81.711 345.0 
81.711 346.0 
81.652 347.0 
81.722 348.0 
81.781 349.0 
81.734 350.0 
81.687 351.0 
81.757 352.0 
81.734 353.0 
81.64 354.0 
81.711 355.0 
81.792 356.0 
81.804 357.0 
81.769 358.0 
81.827 359.0 
81.734 360.0 
81.804 361.0 
81.711 362.0 
81.792 363.0 
81.676 364.0 
81.711 365.0 
81.746 366.0 
81.746 367.0 
81.687 368.0 
81.734 369.0 
81.711 370.0 
81.746 371.0 
81.757 372.0 
81.804 373.0 
81.804 374.0 
81.827 375.0 
81.991 376.0 
81.687 377.0 
81.722 378.0 
81.711 379.0 
81.757 380.0 
81.699 381.0 
81.874 382.0 
81.722 383.0 
81.746 384.0 
81.734 385.0 
81.781 386.0 
81.699 387.0 
81.687 388.0 
81.769 389.0 
81.722 390.0 
81.734 391.0 
81.722 392.0 
81.816 393.0 
81.676 394.0 
81.734 395.0 
81.839 396.0 
81.699 397.0 
81.769 398.0 
81.629 399.0 
81.676 400.0 
81.827 401.0 
81.781 402.0 
81.851 403.0 
81.781 404.0 
81.734 405.0 
81.664 406.0 
81.746 407.0 
81.711 408.0 
81.769 409.0 
81.687 410.0 
81.734 411.0 
81.804 412.0 
82.073 413.0 
81.792 414.0 
81.734 415.0 
81.769 416.0 
81.722 417.0 
81.734 418.0 
81.792 419.0 
81.676 420.0 
81.734 421.0 
81.781 422.0 
81.781 423.0 
81.699 424.0 
81.676 425.0 
81.781 426.0 
81.757 427.0 
81.687 428.0 
81.722 429.0 
81.699 430.0 
81.734 431.0 
81.757 432.0 
81.769 433.0 
81.664 434.0 
81.699 435.0 
81.711 436.0 
81.746 437.0 
81.687 438.0 
81.64 439.0 
81.722 440.0 
81.699 441.0 
81.711 442.0 
81.722 443.0 
81.699 444.0 
81.676 445.0 
81.676 446.0 
81.816 447.0 
81.781 448.0 
81.757 449.0 
82.108 450.0 
81.722 451.0 
81.711 452.0 
81.699 453.0 
81.676 454.0 
81.757 455.0 
81.652 456.0 
81.746 457.0 
81.664 458.0 
81.769 459.0 
81.804 460.0 
81.734 461.0 
81.734 462.0 
81.816 463.0 
81.746 464.0 
81.699 465.0 
81.781 466.0 
81.746 467.0 
81.699 468.0 
81.792 469.0 
81.699 470.0 
81.664 471.0 
81.699 472.0 
81.57 473.0 
81.711 474.0 
81.827 475.0 
81.734 476.0 
81.652 477.0 
81.711 478.0 
81.617 479.0 
81.746 480.0 
81.816 481.0 
81.757 482.0 
81.792 483.0 
81.676 484.0 
81.746 485.0 
81.664 486.0 
81.711 487.0 
81.804 488.0 
81.676 489.0 
81.699 490.0 
81.781 491.0 
81.676 492.0 
81.722 493.0 
81.757 494.0 
81.687 495.0 
81.676 496.0 
81.757 497.0 
81.757 498.0 
81.64 499.0 
81.687 500.0 
81.746 501.0 
81.757 502.0 
81.617 503.0 
81.676 504.0 
81.652 505.0 
81.757 506.0 
81.629 507.0 
81.722 508.0 
81.547 509.0 
81.629 510.0 
81.699 511.0 
81.699 512.0 
81.676 513.0 
81.722 514.0 
81.757 515.0 
81.582 516.0 
82.073 517.0 
81.559 518.0 
81.605 519.0 
81.617 520.0 
81.652 521.0 
81.629 522.0 
81.629 523.0 
81.594 524.0 
81.64 525.0 
81.594 526.0 
81.57 527.0 
81.524 528.0 
81.559 529.0 
81.547 530.0 
81.524 531.0 
81.664 532.0 
81.956 533.0 
81.594 534.0 
81.57 535.0 
81.535 536.0 
81.512 537.0 
81.43 538.0 
81.372 539.0 
81.348 540.0 
81.454 541.0 
81.407 542.0 
81.372 543.0 
81.325 544.0 
81.243 545.0 
81.197 546.0 
81.325 547.0 
81.278 548.0 
81.232 549.0 
81.162 550.0 
81.127 551.0 
81.22 552.0 
81.185 553.0 
81.15 554.0 
81.103 555.0 
81.232 556.0 
81.162 557.0 
81.162 558.0 
80.87 559.0 
81.208 560.0 
81.162 561.0 
81.127 562.0 
81.22 563.0 
81.092 564.0 
81.092 565.0 
81.208 566.0 
81.173 567.0 
81.068 568.0 
81.127 569.0 
81.127 570.0 
81.22 571.0 
81.173 572.0 
81.103 573.0 
81.173 574.0 
81.103 575.0 
81.629 576.0 
81.138 577.0 
81.162 578.0 
81.278 579.0 
81.15 580.0 
81.278 581.0 
81.185 582.0 
81.29 583.0 
81.22 584.0 
80.94 585.0 
81.232 586.0 
81.115 587.0 
81.208 588.0 
81.15 589.0 
81.243 590.0 
81.15 591.0 
81.208 592.0 
81.15 593.0 
81.232 594.0 
81.15 595.0 
81.197 596.0 
81.115 597.0 
81.173 598.0 
81.138 599.0 
81.197 600.0 
81.302 601.0 
81.162 602.0 
81.278 603.0 
81.173 604.0 
81.197 605.0 
81.138 606.0 
81.232 607.0 
81.115 608.0 
81.173 609.0 
81.267 610.0 
81.208 611.0 
81.243 612.0 
81.138 613.0 
81.185 614.0 
81.08 615.0 
81.115 616.0 
81.278 617.0 
81.15 618.0 
81.243 619.0 
81.068 620.0 
81.15 621.0 
81.232 622.0 
81.115 623.0 
81.208 624.0 
81.267 625.0 
81.127 626.0 
81.197 627.0 
81.267 628.0 
81.138 629.0 
81.185 630.0 
81.278 631.0 
81.15 632.0 
81.208 633.0 
81.407 634.0 
81.162 635.0 
81.208 636.0 
81.267 637.0 
81.162 638.0 
81.138 639.0 
81.232 640.0 
81.127 641.0 
81.15 642.0 
81.278 643.0 
81.115 644.0 
81.08 645.0 
81.208 646.0 
81.243 647.0 
81.092 648.0 
81.162 649.0 
81.22 650.0 
81.115 651.0 
81.15 652.0 
81.173 653.0 
81.22 654.0 
81.115 655.0 
81.138 656.0 
81.232 657.0 
81.29 658.0 
81.15 659.0 
81.208 660.0 
81.232 661.0 
81.243 662.0 
81.092 663.0 
81.185 664.0 
81.243 665.0 
81.255 666.0 
81.092 667.0 
81.173 668.0 
81.208 669.0 
81.255 670.0 
81.08 671.0 
81.173 672.0 
81.173 673.0 
81.173 674.0 
81.243 675.0 
81.127 676.0 
81.127 677.0 
81.197 678.0 
81.208 679.0 
81.267 680.0 
81.103 681.0 
81.127 682.0 
81.197 683.0 
81.22 684.0 
81.185 685.0 
81.278 686.0 
81.057 687.0 
81.092 688.0 
81.15 689.0 
81.173 690.0 
81.22 691.0 
81.267 692.0 
81.068 693.0 
81.127 694.0 
81.162 695.0 
81.185 696.0 
81.185 697.0 
81.255 698.0 
81.045 699.0 
81.127 700.0 
81.115 701.0 
81.162 702.0 
81.197 703.0 
81.232 704.0 
81.232 705.0 
81.243 706.0 
81.103 707.0 
81.138 708.0 
81.15 709.0 
81.127 710.0 
81.173 711.0 
81.22 712.0 
81.232 713.0 
81.255 714.0 
81.057 715.0 
81.127 716.0 
81.103 717.0 
81.162 718.0 
81.15 719.0 
81.185 720.0 
81.197 721.0 
81.15 722.0 
81.267 723.0 
81.267 724.0 
81.29 725.0 
81.021 726.0 
81.127 727.0 
81.138 728.0 
81.138 729.0 
81.15 730.0 
81.15 731.0 
81.208 732.0 
81.243 733.0 
81.208 734.0 
81.243 735.0 
81.197 736.0 
81.243 737.0 
81.29 738.0 
81.115 739.0 
81.068 740.0 
81.092 741.0 
81.08 742.0 
81.115 743.0 
81.127 744.0 
81.115 745.0 
81.138 746.0 
81.103 747.0 
81.115 748.0 
81.138 749.0 
81.138 750.0 
81.138 751.0 
81.173 752.0 
81.15 753.0 
81.138 754.0 
81.162 755.0 
81.173 756.0 
81.185 757.0 
81.173 758.0 
81.173 759.0 
81.185 760.0 
81.22 761.0 
81.208 762.0 
81.208 763.0 
81.208 764.0 
81.22 765.0 
81.185 766.0 
81.22 767.0 
81.185 768.0 
81.197 769.0 
81.232 770.0 
81.22 771.0 
81.197 772.0 
81.197 773.0 
81.22 774.0 
81.232 775.0 
81.208 776.0 
81.232 777.0 
81.197 778.0 
81.185 779.0 
81.197 780.0 
81.208 781.0 
81.197 782.0 
81.22 783.0 
81.185 784.0 
81.185 785.0 
81.173 786.0 
81.208 787.0 
81.208 788.0 
81.173 789.0 
81.173 790.0 
81.197 791.0 
81.197 792.0 
81.197 793.0 
81.197 794.0 
81.185 795.0 
81.197 796.0 
81.197 797.0 
81.197 798.0 
81.197 799.0 
81.162 800.0 
81.162 801.0 
81.185 802.0 
81.208 803.0 
81.162 804.0 
0.007 805.0 
-0.001 806.0 
0.004 807.0 
-0.001 808.0 
-0.007 809.0 
-0.022 810.0 
-0.025 811.0 
-0.031 812.0 
-0.037 813.0 
-0.04 814.0 
-0.047 815.0 
-0.046 816.0 
-0.05 817.0 
-0.052 818.0 
-0.064 819.0 
-0.06 820.0 
-0.061 821.0 
-0.054 822.0 
-0.044 823.0 
-0.042 824.0 
-0.04 825.0 
-0.047 826.0 
-0.042 827.0 
-0.038 828.0 
-0.035 829.0 
