-0.059 257.0 
-0.04 258.0 
-0.046 259.0 
-0.034 260.0 
-0.029 261.0 
-0.042 262.0 
-0.036 263.0 
-0.019 264.0 
-0.025 265.0 
-0.04 266.0 
-0.034 267.0 
-0.028 268.0 
-0.035 269.0 
-0.025 270.0 
-0.038 271.0 
-0.032 272.0 
-0.038 273.0 
-0.047 274.0 
146.93 275.0 
143.753 276.0 
142.328 277.0 
140.634 278.0 
138.66 279.0 
136.161 280.0 
134.21 281.0 
131.769 282.0 
128.569 283.0 
127.249 284.0 
126.771 285.0 
126.49 286.0 
126.222 287.0 
126.011 288.0 
125.801 289.0 
125.521 290.0 
124.913 291.0 
124.692 292.0 
124.516 293.0 
124.481 294.0 
123.862 295.0 
123.722 296.0 
123.594 297.0 
123.08 298.0 
122.893 299.0 
122.799 300.0 
122.25 301.0 
122.169 302.0 
121.678 303.0 
121.585 304.0 
121.48 305.0 
120.872 306.0 
119.646 307.0 
117.485 308.0 
114.857 309.0 
111.202 310.0 
107.452 311.0 
103.493 312.0 
99.767 313.0 
95.516 314.0 
91.638 315.0 
87.585 316.0 
84.058 317.0 
81.465 318.0 
81.29 319.0 
81.045 320.0 
80.94 321.0 
80.916 322.0 
80.811 323.0 
80.846 324.0 
80.776 325.0 
80.659 326.0 
80.788 327.0 
80.729 328.0 
80.87 329.0 
80.835 330.0 
80.729 331.0 
81.01 332.0 
80.835 333.0 
80.741 334.0 
80.741 335.0 
80.823 336.0 
80.811 337.0 
80.694 338.0 
80.893 339.0 
80.776 340.0 
80.776 341.0 
80.741 342.0 
80.8 343.0 
80.765 344.0 
80.753 345.0 
80.741 346.0 
80.694 347.0 
80.741 348.0 
80.788 349.0 
80.753 350.0 
80.718 351.0 
80.765 352.0 
80.706 353.0 
80.683 354.0 
80.811 355.0 
80.8 356.0 
80.8 357.0 
80.741 358.0 
80.846 359.0 
80.776 360.0 
80.811 361.0 
80.741 362.0 
80.729 363.0 
80.671 364.0 
80.706 365.0 
80.741 366.0 
80.788 367.0 
80.718 368.0 
80.718 369.0 
80.729 370.0 
80.718 371.0 
80.765 372.0 
80.8 373.0 
80.811 374.0 
80.835 375.0 
81.057 376.0 
80.683 377.0 
80.741 378.0 
80.753 379.0 
80.741 380.0 
80.753 381.0 
80.87 382.0 
80.718 383.0 
80.753 384.0 
80.683 385.0 
80.811 386.0 
80.694 387.0 
80.694 388.0 
80.753 389.0 
80.776 390.0 
80.729 391.0 
80.729 392.0 
80.835 393.0 
80.648 394.0 
80.729 395.0 
80.811 396.0 
80.706 397.0 
80.788 398.0 
80.683 399.0 
80.671 400.0 
80.788 401.0 
80.753 402.0 
80.811 403.0 
80.8 404.0 
80.729 405.0 
80.683 406.0 
80.741 407.0 
80.706 408.0 
80.765 409.0 
80.648 410.0 
80.753 411.0 
80.765 412.0 
81.173 413.0 
80.776 414.0 
80.694 415.0 
80.753 416.0 
80.659 417.0 
80.765 418.0 
80.776 419.0 
80.659 420.0 
80.718 421.0 
80.765 422.0 
80.776 423.0 
80.671 424.0 
80.729 425.0 
80.776 426.0 
80.8 427.0 
80.694 428.0 
80.706 429.0 
80.683 430.0 
80.741 431.0 
80.765 432.0 
80.8 433.0 
80.671 434.0 
80.694 435.0 
80.718 436.0 
80.765 437.0 
80.659 438.0 
80.659 439.0 
80.729 440.0 
80.718 441.0 
80.741 442.0 
80.718 443.0 
80.706 444.0 
80.683 445.0 
80.683 446.0 
80.846 447.0 
80.776 448.0 
80.765 449.0 
81.08 450.0 
80.671 451.0 
80.729 452.0 
80.659 453.0 
80.659 454.0 
80.753 455.0 
80.718 456.0 
80.683 457.0 
80.659 458.0 
80.776 459.0 
80.741 460.0 
80.683 461.0 
80.683 462.0 
80.788 463.0 
80.729 464.0 
80.718 465.0 
80.8 466.0 
80.729 467.0 
80.659 468.0 
80.788 469.0 
80.706 470.0 
80.694 471.0 
80.718 472.0 
80.8 473.0 
80.741 474.0 
80.823 475.0 
80.729 476.0 
80.659 477.0 
80.729 478.0 
80.613 479.0 
80.741 480.0 
80.8 481.0 
80.753 482.0 
80.788 483.0 
80.706 484.0 
80.753 485.0 
80.671 486.0 
80.706 487.0 
80.776 488.0 
80.718 489.0 
80.706 490.0 
80.741 491.0 
80.683 492.0 
80.718 493.0 
80.753 494.0 
80.671 495.0 
80.694 496.0 
80.718 497.0 
80.765 498.0 
80.659 499.0 
80.659 500.0 
80.706 501.0 
80.788 502.0 
80.624 503.0 
80.659 504.0 
80.683 505.0 
80.706 506.0 
80.659 507.0 
80.718 508.0 
80.601 509.0 
80.613 510.0 
80.648 511.0 
80.718 512.0 
80.706 513.0 
80.729 514.0 
80.718 515.0 
80.741 516.0 
81.057 517.0 
80.519 518.0 
80.578 519.0 
80.578 520.0 
80.613 521.0 
80.624 522.0 
80.636 523.0 
80.624 524.0 
80.589 525.0 
80.636 526.0 
80.613 527.0 
80.543 528.0 
80.589 529.0 
80.508 530.0 
80.531 531.0 
80.694 532.0 
80.648 533.0 
80.601 534.0 
80.589 535.0 
80.589 536.0 
80.508 537.0 
80.426 538.0 
80.437 539.0 
80.391 540.0 
80.531 541.0 
80.426 542.0 
80.414 543.0 
80.367 544.0 
80.297 545.0 
80.251 546.0 
80.426 547.0 
80.367 548.0 
80.286 549.0 
80.251 550.0 
80.227 551.0 
80.344 552.0 
80.274 553.0 
80.227 554.0 
80.181 555.0 
80.332 556.0 
80.274 557.0 
80.216 558.0 
79.854 559.0 
80.309 560.0 
80.251 561.0 
80.169 562.0 
80.332 563.0 
80.216 564.0 
80.181 565.0 
80.309 566.0 
80.297 567.0 
80.169 568.0 
80.274 569.0 
80.204 570.0 
80.344 571.0 
80.251 572.0 
80.204 573.0 
80.262 574.0 
80.227 575.0 
80.332 576.0 
80.274 577.0 
80.216 578.0 
80.309 579.0 
80.262 580.0 
80.391 581.0 
80.309 582.0 
80.297 583.0 
80.332 584.0 
80.052 585.0 
80.344 586.0 
80.251 587.0 
80.309 588.0 
80.262 589.0 
80.321 590.0 
80.227 591.0 
80.332 592.0 
80.239 593.0 
80.309 594.0 
80.227 595.0 
80.274 596.0 
80.204 597.0 
80.297 598.0 
80.239 599.0 
80.309 600.0 
80.437 601.0 
80.297 602.0 
80.379 603.0 
80.251 604.0 
80.344 605.0 
80.274 606.0 
80.321 607.0 
80.227 608.0 
80.297 609.0 
80.367 610.0 
80.251 611.0 
80.321 612.0 
80.204 613.0 
80.321 614.0 
80.204 615.0 
80.274 616.0 
80.344 617.0 
80.204 618.0 
80.321 619.0 
80.087 620.0 
80.286 621.0 
80.344 622.0 
80.227 623.0 
80.297 624.0 
80.344 625.0 
80.227 626.0 
80.309 627.0 
80.426 628.0 
80.239 629.0 
80.332 630.0 
80.391 631.0 
80.239 632.0 
80.321 633.0 
80.601 634.0 
80.227 635.0 
80.321 636.0 
80.367 637.0 
80.262 638.0 
80.309 639.0 
80.321 640.0 
80.227 641.0 
80.262 642.0 
80.332 643.0 
80.216 644.0 
80.204 645.0 
80.309 646.0 
80.379 647.0 
80.239 648.0 
80.286 649.0 
80.344 650.0 
80.157 651.0 
80.181 652.0 
80.309 653.0 
80.344 654.0 
80.192 655.0 
80.204 656.0 
80.309 657.0 
80.356 658.0 
80.204 659.0 
80.286 660.0 
80.321 661.0 
80.309 662.0 
80.216 663.0 
80.262 664.0 
80.367 665.0 
80.391 666.0 
80.239 667.0 
80.274 668.0 
80.321 669.0 
80.344 670.0 
80.204 671.0 
80.216 672.0 
80.286 673.0 
80.309 674.0 
80.332 675.0 
80.204 676.0 
80.239 677.0 
80.251 678.0 
80.297 679.0 
80.367 680.0 
80.227 681.0 
80.274 682.0 
80.262 683.0 
80.297 684.0 
80.286 685.0 
80.391 686.0 
80.181 687.0 
80.262 688.0 
80.274 689.0 
80.321 690.0 
80.344 691.0 
80.414 692.0 
80.169 693.0 
80.227 694.0 
80.262 695.0 
80.286 696.0 
80.286 697.0 
80.367 698.0 
80.169 699.0 
80.216 700.0 
80.251 701.0 
80.239 702.0 
80.262 703.0 
80.321 704.0 
80.309 705.0 
80.379 706.0 
80.216 707.0 
80.239 708.0 
80.274 709.0 
80.239 710.0 
80.274 711.0 
80.321 712.0 
80.321 713.0 
80.344 714.0 
80.122 715.0 
80.216 716.0 
80.145 717.0 
80.262 718.0 
80.251 719.0 
80.286 720.0 
80.309 721.0 
80.309 722.0 
80.356 723.0 
80.379 724.0 
80.356 725.0 
80.145 726.0 
80.216 727.0 
80.216 728.0 
80.274 729.0 
80.286 730.0 
80.274 731.0 
80.286 732.0 
80.309 733.0 
80.297 734.0 
80.321 735.0 
80.321 736.0 
80.356 737.0 
80.367 738.0 
80.169 739.0 
80.145 740.0 
80.192 741.0 
80.204 742.0 
80.239 743.0 
80.239 744.0 
80.204 745.0 
80.227 746.0 
80.262 747.0 
80.274 748.0 
80.239 749.0 
80.239 750.0 
80.239 751.0 
80.227 752.0 
80.262 753.0 
80.286 754.0 
80.286 755.0 
80.274 756.0 
80.297 757.0 
80.274 758.0 
80.274 759.0 
80.274 760.0 
80.309 761.0 
80.286 762.0 
80.274 763.0 
80.309 764.0 
80.286 765.0 
80.274 766.0 
80.309 767.0 
80.297 768.0 
80.297 769.0 
80.286 770.0 
80.274 771.0 
80.297 772.0 
80.297 773.0 
80.321 774.0 
80.297 775.0 
80.321 776.0 
80.332 777.0 
80.297 778.0 
80.274 779.0 
80.297 780.0 
80.274 781.0 
80.274 782.0 
80.297 783.0 
80.286 784.0 
80.321 785.0 
80.309 786.0 
80.321 787.0 
80.309 788.0 
80.297 789.0 
80.274 790.0 
80.274 791.0 
80.297 792.0 
80.262 793.0 
80.297 794.0 
80.274 795.0 
80.274 796.0 
80.262 797.0 
80.274 798.0 
80.251 799.0 
80.286 800.0 
80.274 801.0 
80.286 802.0 
80.297 803.0 
80.297 804.0 
0.004 805.0 
0.0 806.0 
0.001 807.0 
0.0 808.0 
0.006 809.0 
-0.008 810.0 
-0.024 811.0 
-0.032 812.0 
-0.047 813.0 
-0.049 814.0 
-0.059 815.0 
-0.059 816.0 
-0.056 817.0 
-0.059 818.0 
-0.058 819.0 
-0.066 820.0 
-0.064 821.0 
-0.066 822.0 
-0.067 823.0 
-0.062 824.0 
-0.055 825.0 
-0.053 826.0 
-0.049 827.0 
-0.04 828.0 
-0.037 829.0 
