-0.049 257.0 
-0.052 258.0 
-0.092 259.0 
-0.047 260.0 
-0.028 261.0 
-0.04 262.0 
-0.043 263.0 
-0.007 264.0 
-0.005 265.0 
-0.046 266.0 
-0.026 267.0 
-0.03 268.0 
-0.012 269.0 
-0.02 270.0 
-0.017 271.0 
-0.007 272.0 
-0.011 273.0 
-0.017 274.0 
146.252 275.0 
143.741 276.0 
142.515 277.0 
140.774 278.0 
139.081 279.0 
136.955 280.0 
135.11 281.0 
132.634 282.0 
129.036 283.0 
127.611 284.0 
127.179 285.0 
126.829 286.0 
126.689 287.0 
126.362 288.0 
126.14 289.0 
125.941 290.0 
125.392 291.0 
125.147 292.0 
124.913 293.0 
124.843 294.0 
124.341 295.0 
124.236 296.0 
124.119 297.0 
123.675 298.0 
123.465 299.0 
123.465 300.0 
122.905 301.0 
122.846 302.0 
122.309 303.0 
122.262 304.0 
122.192 305.0 
121.55 306.0 
120.335 307.0 
118.058 308.0 
115.348 309.0 
111.587 310.0 
107.663 311.0 
103.365 312.0 
99.253 313.0 
94.897 314.0 
90.891 315.0 
86.616 316.0 
82.855 317.0 
79.702 318.0 
79.538 319.0 
79.316 320.0 
79.024 321.0 
79.211 322.0 
79.048 323.0 
79.176 324.0 
79.083 325.0 
78.954 326.0 
79.094 327.0 
78.989 328.0 
79.199 329.0 
79.106 330.0 
79.048 331.0 
79.316 332.0 
79.118 333.0 
79.024 334.0 
79.164 335.0 
79.106 336.0 
79.083 337.0 
79.024 338.0 
79.164 339.0 
79.059 340.0 
79.059 341.0 
79.036 342.0 
79.164 343.0 
79.059 344.0 
79.024 345.0 
79.013 346.0 
79.001 347.0 
79.164 348.0 
79.106 349.0 
79.083 350.0 
79.024 351.0 
79.094 352.0 
79.013 353.0 
78.966 354.0 
79.129 355.0 
79.071 356.0 
79.118 357.0 
79.071 358.0 
79.118 359.0 
79.083 360.0 
79.129 361.0 
79.071 362.0 
79.048 363.0 
79.013 364.0 
79.036 365.0 
79.071 366.0 
79.071 367.0 
79.024 368.0 
79.059 369.0 
79.059 370.0 
79.059 371.0 
79.071 372.0 
79.083 373.0 
79.094 374.0 
79.141 375.0 
79.398 376.0 
78.989 377.0 
79.036 378.0 
79.036 379.0 
79.024 380.0 
79.059 381.0 
79.176 382.0 
79.024 383.0 
79.013 384.0 
79.024 385.0 
79.129 386.0 
79.013 387.0 
78.989 388.0 
79.083 389.0 
79.071 390.0 
79.059 391.0 
79.024 392.0 
79.106 393.0 
78.989 394.0 
79.083 395.0 
79.141 396.0 
79.001 397.0 
79.094 398.0 
78.989 399.0 
78.978 400.0 
79.129 401.0 
79.048 402.0 
79.141 403.0 
79.083 404.0 
79.071 405.0 
79.001 406.0 
79.059 407.0 
79.048 408.0 
79.071 409.0 
78.966 410.0 
79.024 411.0 
79.059 412.0 
79.433 413.0 
79.106 414.0 
79.048 415.0 
79.036 416.0 
78.989 417.0 
79.176 418.0 
79.094 419.0 
78.989 420.0 
79.013 421.0 
79.059 422.0 
79.118 423.0 
79.024 424.0 
79.013 425.0 
79.036 426.0 
79.083 427.0 
79.013 428.0 
79.036 429.0 
78.954 430.0 
79.059 431.0 
79.048 432.0 
79.083 433.0 
78.966 434.0 
79.013 435.0 
79.083 436.0 
79.118 437.0 
78.942 438.0 
78.978 439.0 
79.001 440.0 
79.001 441.0 
79.013 442.0 
79.013 443.0 
79.013 444.0 
79.001 445.0 
78.989 446.0 
79.118 447.0 
79.094 448.0 
79.106 449.0 
79.363 450.0 
79.013 451.0 
79.024 452.0 
79.036 453.0 
78.954 454.0 
79.048 455.0 
78.919 456.0 
79.013 457.0 
78.954 458.0 
79.059 459.0 
79.083 460.0 
79.024 461.0 
79.013 462.0 
79.118 463.0 
79.071 464.0 
79.083 465.0 
79.071 466.0 
79.036 467.0 
78.989 468.0 
79.094 469.0 
79.024 470.0 
79.083 471.0 
79.036 472.0 
79.083 473.0 
79.024 474.0 
79.129 475.0 
79.024 476.0 
78.978 477.0 
79.013 478.0 
78.919 479.0 
79.048 480.0 
79.094 481.0 
79.013 482.0 
79.106 483.0 
79.001 484.0 
79.059 485.0 
78.966 486.0 
78.966 487.0 
79.106 488.0 
79.048 489.0 
79.024 490.0 
79.048 491.0 
79.059 492.0 
79.024 493.0 
79.094 494.0 
78.989 495.0 
78.954 496.0 
79.048 497.0 
79.048 498.0 
78.966 499.0 
78.931 500.0 
79.036 501.0 
79.059 502.0 
78.954 503.0 
78.966 504.0 
78.989 505.0 
79.001 506.0 
79.001 507.0 
79.351 508.0 
78.942 509.0 
78.989 510.0 
78.966 511.0 
79.013 512.0 
79.013 513.0 
79.036 514.0 
79.048 515.0 
79.024 516.0 
79.036 517.0 
78.802 518.0 
78.861 519.0 
78.907 520.0 
78.919 521.0 
78.919 522.0 
78.942 523.0 
78.942 524.0 
78.907 525.0 
78.884 526.0 
78.884 527.0 
78.814 528.0 
78.884 529.0 
78.814 530.0 
78.802 531.0 
78.942 532.0 
78.896 533.0 
78.837 534.0 
78.826 535.0 
78.791 536.0 
78.744 537.0 
78.697 538.0 
78.639 539.0 
78.592 540.0 
78.697 541.0 
78.65 542.0 
78.639 543.0 
78.58 544.0 
78.499 545.0 
78.464 546.0 
78.569 547.0 
78.557 548.0 
78.487 549.0 
78.417 550.0 
78.359 551.0 
78.464 552.0 
78.417 553.0 
78.347 554.0 
78.347 555.0 
78.487 556.0 
78.394 557.0 
78.359 558.0 
78.499 559.0 
78.44 560.0 
78.382 561.0 
78.335 562.0 
78.464 563.0 
78.382 564.0 
78.265 565.0 
78.44 566.0 
78.534 567.0 
78.323 568.0 
78.452 569.0 
78.359 570.0 
78.44 571.0 
78.394 572.0 
78.312 573.0 
78.405 574.0 
78.359 575.0 
78.44 576.0 
78.382 577.0 
78.405 578.0 
78.464 579.0 
78.382 580.0 
78.475 581.0 
78.44 582.0 
78.51 583.0 
78.464 584.0 
78.557 585.0 
78.475 586.0 
78.359 587.0 
78.464 588.0 
78.405 589.0 
78.499 590.0 
78.37 591.0 
78.44 592.0 
78.382 593.0 
78.44 594.0 
78.382 595.0 
78.487 596.0 
78.347 597.0 
78.464 598.0 
78.37 599.0 
78.44 600.0 
78.51 601.0 
78.429 602.0 
78.51 603.0 
78.44 604.0 
78.499 605.0 
78.37 606.0 
78.464 607.0 
78.359 608.0 
78.452 609.0 
78.51 610.0 
78.405 611.0 
78.487 612.0 
78.37 613.0 
78.464 614.0 
78.335 615.0 
78.417 616.0 
78.51 617.0 
78.394 618.0 
78.464 619.0 
78.031 620.0 
78.394 621.0 
78.452 622.0 
78.37 623.0 
78.429 624.0 
78.51 625.0 
78.37 626.0 
78.452 627.0 
78.499 628.0 
78.37 629.0 
78.44 630.0 
78.522 631.0 
78.312 632.0 
78.487 633.0 
78.534 634.0 
78.382 635.0 
78.464 636.0 
78.475 637.0 
78.382 638.0 
78.417 639.0 
78.499 640.0 
78.37 641.0 
78.429 642.0 
78.464 643.0 
78.37 644.0 
78.44 645.0 
78.475 646.0 
78.522 647.0 
78.37 648.0 
78.44 649.0 
78.487 650.0 
78.323 651.0 
78.382 652.0 
78.44 653.0 
78.487 654.0 
78.323 655.0 
78.37 656.0 
78.405 657.0 
78.51 658.0 
78.359 659.0 
78.394 660.0 
78.51 661.0 
78.522 662.0 
78.3 663.0 
78.417 664.0 
78.429 665.0 
78.51 666.0 
78.37 667.0 
78.417 668.0 
78.464 669.0 
78.44 670.0 
78.359 671.0 
78.382 672.0 
78.394 673.0 
78.452 674.0 
78.475 675.0 
78.347 676.0 
78.359 677.0 
78.417 678.0 
78.335 679.0 
78.452 680.0 
78.335 681.0 
78.323 682.0 
78.429 683.0 
78.464 684.0 
78.487 685.0 
78.499 686.0 
78.359 687.0 
78.394 688.0 
78.394 689.0 
78.44 690.0 
78.464 691.0 
78.51 692.0 
78.347 693.0 
78.37 694.0 
78.405 695.0 
78.429 696.0 
78.475 697.0 
78.44 698.0 
78.008 699.0 
78.37 700.0 
78.417 701.0 
78.429 702.0 
78.405 703.0 
78.405 704.0 
78.475 705.0 
78.522 706.0 
78.323 707.0 
78.382 708.0 
78.382 709.0 
78.405 710.0 
78.417 711.0 
78.429 712.0 
78.499 713.0 
78.475 714.0 
78.522 715.0 
78.335 716.0 
78.347 717.0 
78.382 718.0 
78.405 719.0 
78.429 720.0 
78.44 721.0 
78.452 722.0 
78.475 723.0 
78.51 724.0 
78.534 725.0 
78.323 726.0 
78.335 727.0 
78.37 728.0 
78.394 729.0 
78.37 730.0 
78.429 731.0 
78.429 732.0 
78.475 733.0 
78.44 734.0 
78.475 735.0 
78.475 736.0 
78.475 737.0 
78.475 738.0 
78.067 739.0 
78.312 740.0 
78.347 741.0 
78.347 742.0 
78.347 743.0 
78.359 744.0 
78.359 745.0 
78.37 746.0 
78.37 747.0 
78.405 748.0 
78.394 749.0 
78.382 750.0 
78.37 751.0 
78.37 752.0 
78.429 753.0 
78.382 754.0 
78.405 755.0 
78.417 756.0 
78.382 757.0 
78.405 758.0 
78.417 759.0 
78.429 760.0 
78.44 761.0 
78.429 762.0 
78.429 763.0 
78.452 764.0 
78.452 765.0 
78.452 766.0 
78.44 767.0 
78.44 768.0 
78.452 769.0 
78.475 770.0 
78.452 771.0 
78.429 772.0 
78.452 773.0 
78.464 774.0 
78.44 775.0 
78.417 776.0 
78.429 777.0 
78.452 778.0 
78.417 779.0 
78.382 780.0 
78.452 781.0 
78.452 782.0 
78.452 783.0 
78.44 784.0 
78.417 785.0 
78.429 786.0 
78.429 787.0 
78.44 788.0 
78.452 789.0 
78.44 790.0 
78.417 791.0 
78.429 792.0 
78.417 793.0 
78.417 794.0 
78.429 795.0 
78.417 796.0 
78.417 797.0 
78.417 798.0 
78.417 799.0 
78.417 800.0 
78.464 801.0 
78.44 802.0 
78.475 803.0 
78.464 804.0 
0.001 805.0 
0.01 806.0 
0.013 807.0 
0.02 808.0 
0.02 809.0 
0.02 810.0 
0.01 811.0 
0.008 812.0 
0.012 813.0 
0.008 814.0 
0.007 815.0 
0.004 816.0 
0.0 817.0 
-0.004 818.0 
-0.002 819.0 
-0.007 820.0 
-0.011 821.0 
-0.006 822.0 
-0.001 823.0 
-0.007 824.0 
-0.014 825.0 
-0.013 826.0 
-0.025 827.0 
-0.016 828.0 
-0.008 829.0 
