-0.032 257.0 
-0.048 258.0 
-0.095 259.0 
-0.043 260.0 
-0.037 261.0 
-0.041 262.0 
-0.02 263.0 
-0.028 264.0 
-0.038 265.0 
-0.032 266.0 
-0.03 267.0 
-0.042 268.0 
-0.054 269.0 
-0.042 270.0 
-0.036 271.0 
-0.058 272.0 
-0.028 273.0 
-0.032 274.0 
140.786 275.0 
137.761 276.0 
136.488 277.0 
135.191 278.0 
133.848 279.0 
131.91 280.0 
130.438 281.0 
128.534 282.0 
125.871 283.0 
124.972 284.0 
124.621 285.0 
124.248 286.0 
124.061 287.0 
123.862 288.0 
123.617 289.0 
122.87 290.0 
122.729 291.0 
122.601 292.0 
122.426 293.0 
122.367 294.0 
121.853 295.0 
121.725 296.0 
121.655 297.0 
121.153 298.0 
121.001 299.0 
120.907 300.0 
120.347 301.0 
120.312 302.0 
119.809 303.0 
119.704 304.0 
119.588 305.0 
118.933 306.0 
117.882 307.0 
115.838 308.0 
113.467 309.0 
110.057 310.0 
106.495 311.0 
102.687 312.0 
98.903 313.0 
94.827 314.0 
90.809 315.0 
86.639 316.0 
83.124 317.0 
80.694 318.0 
80.601 319.0 
80.356 320.0 
80.251 321.0 
80.251 322.0 
80.145 323.0 
80.192 324.0 
80.157 325.0 
79.982 326.0 
80.169 327.0 
80.075 328.0 
80.286 329.0 
80.145 330.0 
80.04 331.0 
80.192 332.0 
80.169 333.0 
80.052 334.0 
80.134 335.0 
80.11 336.0 
80.169 337.0 
80.017 338.0 
80.181 339.0 
80.099 340.0 
80.064 341.0 
80.075 342.0 
80.145 343.0 
80.099 344.0 
80.11 345.0 
80.029 346.0 
80.017 347.0 
80.11 348.0 
80.11 349.0 
80.064 350.0 
80.029 351.0 
80.11 352.0 
80.052 353.0 
79.982 354.0 
80.157 355.0 
80.099 356.0 
80.134 357.0 
80.075 358.0 
80.134 359.0 
80.087 360.0 
80.134 361.0 
80.04 362.0 
80.087 363.0 
80.005 364.0 
80.052 365.0 
80.052 366.0 
80.122 367.0 
80.052 368.0 
80.064 369.0 
80.075 370.0 
80.075 371.0 
80.075 372.0 
80.134 373.0 
80.134 374.0 
80.134 375.0 
80.391 376.0 
79.959 377.0 
80.087 378.0 
80.052 379.0 
80.04 380.0 
80.052 381.0 
80.157 382.0 
80.075 383.0 
80.052 384.0 
80.052 385.0 
80.145 386.0 
80.017 387.0 
79.994 388.0 
80.099 389.0 
80.075 390.0 
80.087 391.0 
80.005 392.0 
80.122 393.0 
79.982 394.0 
80.064 395.0 
80.169 396.0 
80.029 397.0 
80.052 398.0 
79.959 399.0 
80.029 400.0 
80.099 401.0 
80.087 402.0 
80.145 403.0 
80.087 404.0 
80.04 405.0 
79.97 406.0 
80.064 407.0 
80.052 408.0 
80.087 409.0 
79.982 410.0 
80.029 411.0 
80.064 412.0 
80.157 413.0 
80.087 414.0 
80.017 415.0 
80.099 416.0 
79.97 417.0 
80.169 418.0 
80.052 419.0 
79.994 420.0 
80.075 421.0 
80.075 422.0 
80.122 423.0 
80.064 424.0 
80.005 425.0 
80.099 426.0 
80.087 427.0 
80.017 428.0 
80.029 429.0 
79.924 430.0 
80.064 431.0 
80.11 432.0 
80.087 433.0 
79.97 434.0 
80.005 435.0 
80.052 436.0 
80.145 437.0 
79.947 438.0 
80.005 439.0 
80.017 440.0 
80.005 441.0 
80.005 442.0 
80.029 443.0 
80.029 444.0 
80.017 445.0 
79.982 446.0 
80.087 447.0 
80.122 448.0 
80.064 449.0 
80.414 450.0 
80.017 451.0 
80.017 452.0 
79.959 453.0 
79.959 454.0 
80.075 455.0 
80.017 456.0 
79.994 457.0 
79.982 458.0 
80.087 459.0 
80.11 460.0 
80.017 461.0 
80.005 462.0 
80.145 463.0 
80.075 464.0 
80.04 465.0 
80.087 466.0 
80.075 467.0 
79.97 468.0 
80.04 469.0 
80.029 470.0 
80.005 471.0 
80.029 472.0 
80.11 473.0 
80.017 474.0 
80.134 475.0 
80.005 476.0 
79.935 477.0 
80.017 478.0 
79.935 479.0 
80.04 480.0 
80.087 481.0 
80.005 482.0 
80.099 483.0 
79.982 484.0 
80.052 485.0 
79.994 486.0 
80.005 487.0 
80.099 488.0 
80.04 489.0 
80.04 490.0 
80.052 491.0 
80.005 492.0 
80.04 493.0 
80.075 494.0 
79.982 495.0 
79.924 496.0 
80.04 497.0 
80.064 498.0 
79.959 499.0 
79.982 500.0 
80.005 501.0 
80.052 502.0 
79.959 503.0 
79.924 504.0 
79.982 505.0 
79.982 506.0 
79.982 507.0 
80.134 508.0 
79.924 509.0 
79.924 510.0 
79.935 511.0 
79.97 512.0 
80.005 513.0 
79.994 514.0 
79.994 515.0 
80.04 516.0 
80.367 517.0 
79.83 518.0 
79.865 519.0 
79.912 520.0 
79.9 521.0 
79.912 522.0 
79.9 523.0 
79.912 524.0 
79.877 525.0 
79.9 526.0 
79.877 527.0 
79.783 528.0 
79.854 529.0 
79.818 530.0 
79.807 531.0 
79.959 532.0 
79.924 533.0 
79.865 534.0 
79.889 535.0 
79.807 536.0 
79.818 537.0 
79.748 538.0 
79.678 539.0 
79.667 540.0 
79.818 541.0 
79.702 542.0 
79.702 543.0 
79.678 544.0 
79.608 545.0 
79.585 546.0 
79.69 547.0 
79.667 548.0 
79.643 549.0 
79.562 550.0 
79.456 551.0 
79.597 552.0 
79.562 553.0 
79.515 554.0 
79.48 555.0 
79.573 556.0 
79.562 557.0 
79.503 558.0 
79.211 559.0 
79.597 560.0 
79.503 561.0 
79.468 562.0 
79.562 563.0 
79.562 564.0 
79.421 565.0 
79.573 566.0 
79.597 567.0 
79.468 568.0 
79.538 569.0 
79.48 570.0 
79.608 571.0 
79.55 572.0 
79.48 573.0 
79.503 574.0 
79.503 575.0 
79.585 576.0 
79.515 577.0 
79.526 578.0 
79.62 579.0 
79.55 580.0 
79.632 581.0 
79.562 582.0 
79.632 583.0 
79.62 584.0 
79.667 585.0 
79.597 586.0 
79.526 587.0 
79.62 588.0 
79.503 589.0 
79.597 590.0 
79.538 591.0 
79.597 592.0 
79.503 593.0 
79.538 594.0 
79.526 595.0 
79.62 596.0 
79.491 597.0 
79.585 598.0 
79.503 599.0 
79.573 600.0 
79.643 601.0 
79.597 602.0 
79.643 603.0 
79.526 604.0 
79.597 605.0 
79.526 606.0 
79.562 607.0 
79.503 608.0 
79.585 609.0 
79.632 610.0 
79.562 611.0 
79.632 612.0 
79.515 613.0 
79.597 614.0 
79.468 615.0 
79.573 616.0 
79.632 617.0 
79.491 618.0 
79.585 619.0 
79.188 620.0 
79.55 621.0 
79.608 622.0 
79.491 623.0 
79.515 624.0 
79.643 625.0 
79.468 626.0 
79.573 627.0 
79.608 628.0 
79.55 629.0 
79.597 630.0 
79.632 631.0 
79.433 632.0 
79.608 633.0 
79.643 634.0 
79.503 635.0 
79.608 636.0 
79.62 637.0 
79.526 638.0 
79.573 639.0 
79.655 640.0 
79.503 641.0 
79.55 642.0 
79.608 643.0 
79.491 644.0 
79.515 645.0 
79.585 646.0 
79.643 647.0 
79.491 648.0 
79.515 649.0 
79.608 650.0 
79.456 651.0 
79.526 652.0 
79.585 653.0 
79.643 654.0 
79.48 655.0 
79.515 656.0 
79.55 657.0 
79.62 658.0 
79.503 659.0 
79.562 660.0 
79.608 661.0 
79.655 662.0 
79.491 663.0 
79.515 664.0 
79.597 665.0 
79.655 666.0 
79.515 667.0 
79.538 668.0 
79.597 669.0 
79.62 670.0 
79.48 671.0 
79.515 672.0 
79.538 673.0 
79.562 674.0 
79.643 675.0 
79.48 676.0 
79.526 677.0 
79.55 678.0 
79.562 679.0 
79.643 680.0 
79.491 681.0 
79.515 682.0 
79.55 683.0 
79.585 684.0 
79.632 685.0 
79.62 686.0 
79.503 687.0 
79.526 688.0 
79.562 689.0 
79.573 690.0 
79.62 691.0 
79.597 692.0 
79.445 693.0 
79.55 694.0 
79.515 695.0 
79.585 696.0 
79.585 697.0 
79.562 698.0 
79.328 699.0 
79.491 700.0 
79.526 701.0 
79.526 702.0 
79.562 703.0 
79.573 704.0 
79.608 705.0 
79.643 706.0 
79.48 707.0 
79.468 708.0 
79.491 709.0 
79.526 710.0 
79.538 711.0 
79.597 712.0 
79.62 713.0 
79.632 714.0 
79.643 715.0 
79.456 716.0 
79.468 717.0 
79.456 718.0 
79.526 719.0 
79.585 720.0 
79.608 721.0 
79.597 722.0 
79.608 723.0 
79.62 724.0 
79.632 725.0 
79.468 726.0 
79.468 727.0 
79.526 728.0 
79.526 729.0 
79.515 730.0 
79.55 731.0 
79.55 732.0 
79.585 733.0 
79.585 734.0 
79.608 735.0 
79.585 736.0 
79.632 737.0 
79.632 738.0 
79.351 739.0 
79.456 740.0 
79.456 741.0 
79.468 742.0 
79.48 743.0 
79.503 744.0 
79.491 745.0 
79.515 746.0 
79.538 747.0 
79.526 748.0 
79.503 749.0 
79.515 750.0 
79.515 751.0 
79.526 752.0 
79.526 753.0 
79.526 754.0 
79.55 755.0 
79.538 756.0 
79.503 757.0 
79.526 758.0 
79.538 759.0 
79.55 760.0 
79.573 761.0 
79.562 762.0 
79.585 763.0 
79.55 764.0 
79.585 765.0 
79.55 766.0 
79.585 767.0 
79.585 768.0 
79.585 769.0 
79.538 770.0 
79.562 771.0 
79.608 772.0 
79.573 773.0 
79.597 774.0 
79.55 775.0 
79.573 776.0 
79.55 777.0 
79.562 778.0 
79.585 779.0 
79.573 780.0 
79.573 781.0 
79.562 782.0 
79.562 783.0 
79.585 784.0 
79.538 785.0 
79.573 786.0 
79.573 787.0 
79.573 788.0 
79.562 789.0 
79.538 790.0 
79.526 791.0 
79.573 792.0 
79.562 793.0 
79.562 794.0 
79.597 795.0 
79.573 796.0 
79.573 797.0 
79.562 798.0 
79.562 799.0 
79.573 800.0 
79.562 801.0 
79.585 802.0 
79.573 803.0 
79.526 804.0 
0.002 805.0 
0.004 806.0 
0.0 807.0 
-0.005 808.0 
-0.01 809.0 
-0.019 810.0 
-0.03 811.0 
-0.03 812.0 
-0.03 813.0 
-0.042 814.0 
-0.058 815.0 
-0.061 816.0 
-0.049 817.0 
-0.065 818.0 
-0.071 819.0 
-0.075 820.0 
-0.068 821.0 
-0.069 822.0 
-0.062 823.0 
-0.053 824.0 
-0.065 825.0 
-0.059 826.0 
-0.044 827.0 
-0.042 828.0 
-0.046 829.0 
