-0.044 257.0 
-0.044 258.0 
-0.103 259.0 
-0.047 260.0 
-0.04 261.0 
-0.054 262.0 
-0.048 263.0 
-0.026 264.0 
-0.041 265.0 
-0.026 266.0 
-0.042 267.0 
-0.053 268.0 
-0.056 269.0 
-0.041 270.0 
-0.028 271.0 
-0.048 272.0 
-0.06 273.0 
-0.065 274.0 
99.779 275.0 
98.167 276.0 
97.957 277.0 
97.805 278.0 
97.677 279.0 
96.906 280.0 
95.679 281.0 
94.184 282.0 
92.935 283.0 
92.678 284.0 
92.701 285.0 
92.736 286.0 
92.771 287.0 
92.771 288.0 
92.759 289.0 
92.643 290.0 
92.619 291.0 
92.608 292.0 
92.654 293.0 
92.631 294.0 
92.596 295.0 
92.678 296.0 
92.783 297.0 
92.573 298.0 
92.631 299.0 
92.818 300.0 
92.573 301.0 
92.678 302.0 
92.456 303.0 
92.608 304.0 
92.748 305.0 
92.619 306.0 
92.526 307.0 
91.977 308.0 
91.218 309.0 
89.699 310.0 
87.877 311.0 
85.133 312.0 
82.353 313.0 
79.153 314.0 
76.209 315.0 
73.36 316.0 
70.977 317.0 
69.108 318.0 
68.886 319.0 
68.594 320.0 
68.267 321.0 
68.337 322.0 
68.186 323.0 
68.209 324.0 
68.139 325.0 
68.104 326.0 
68.092 327.0 
67.999 328.0 
68.151 329.0 
68.057 330.0 
67.929 331.0 
67.859 332.0 
67.987 333.0 
67.94 334.0 
67.847 335.0 
67.859 336.0 
68.01 337.0 
67.917 338.0 
67.882 339.0 
68.186 340.0 
67.94 341.0 
67.894 342.0 
67.87 343.0 
67.917 344.0 
67.835 345.0 
67.835 346.0 
67.94 347.0 
67.905 348.0 
67.882 349.0 
67.835 350.0 
67.929 351.0 
67.905 352.0 
67.999 353.0 
67.94 354.0 
67.929 355.0 
67.882 356.0 
67.917 357.0 
67.859 358.0 
67.975 359.0 
67.917 360.0 
67.964 361.0 
67.882 362.0 
67.917 363.0 
67.905 364.0 
67.882 365.0 
67.929 366.0 
67.952 367.0 
67.859 368.0 
67.894 369.0 
67.929 370.0 
67.952 371.0 
67.94 372.0 
67.94 373.0 
67.964 374.0 
68.034 375.0 
67.987 376.0 
67.905 377.0 
67.905 378.0 
67.929 379.0 
67.94 380.0 
67.905 381.0 
67.929 382.0 
67.905 383.0 
67.917 384.0 
67.87 385.0 
67.987 386.0 
67.87 387.0 
67.847 388.0 
67.894 389.0 
67.929 390.0 
67.882 391.0 
67.894 392.0 
67.964 393.0 
67.835 394.0 
67.929 395.0 
67.987 396.0 
67.847 397.0 
67.929 398.0 
67.87 399.0 
67.87 400.0 
67.987 401.0 
67.964 402.0 
67.999 403.0 
67.929 404.0 
67.905 405.0 
67.847 406.0 
67.94 407.0 
67.87 408.0 
67.94 409.0 
67.87 410.0 
67.929 411.0 
67.952 412.0 
68.151 413.0 
67.964 414.0 
67.894 415.0 
67.894 416.0 
67.847 417.0 
67.964 418.0 
67.94 419.0 
67.859 420.0 
67.894 421.0 
67.94 422.0 
67.929 423.0 
67.894 424.0 
67.882 425.0 
67.952 426.0 
67.952 427.0 
67.87 428.0 
67.94 429.0 
67.847 430.0 
67.882 431.0 
67.894 432.0 
67.917 433.0 
67.917 434.0 
67.952 435.0 
67.905 436.0 
67.94 437.0 
67.835 438.0 
67.847 439.0 
67.87 440.0 
67.882 441.0 
67.859 442.0 
67.882 443.0 
67.847 444.0 
67.496 445.0 
66.924 446.0 
67.053 447.0 
67.006 448.0 
67.099 449.0 
66.889 450.0 
67.018 451.0 
66.983 452.0 
66.971 453.0 
66.983 454.0 
66.924 455.0 
66.924 456.0 
67.006 457.0 
66.924 458.0 
66.994 459.0 
66.924 460.0 
67.018 461.0 
66.994 462.0 
66.889 463.0 
67.029 464.0 
66.983 465.0 
67.053 466.0 
66.971 467.0 
66.948 468.0 
67.018 469.0 
66.936 470.0 
66.889 471.0 
66.971 472.0 
66.877 473.0 
66.994 474.0 
67.029 475.0 
66.948 476.0 
66.912 477.0 
66.948 478.0 
66.901 479.0 
66.983 480.0 
67.099 481.0 
66.983 482.0 
67.018 483.0 
66.948 484.0 
67.018 485.0 
66.936 486.0 
66.948 487.0 
66.994 488.0 
66.959 489.0 
66.971 490.0 
67.018 491.0 
66.948 492.0 
66.971 493.0 
67.006 494.0 
66.936 495.0 
66.936 496.0 
66.971 497.0 
67.029 498.0 
66.889 499.0 
66.971 500.0 
66.959 501.0 
66.994 502.0 
66.889 503.0 
66.948 504.0 
66.936 505.0 
66.983 506.0 
66.854 507.0 
67.111 508.0 
66.854 509.0 
66.901 510.0 
66.936 511.0 
66.924 512.0 
66.948 513.0 
66.971 514.0 
67.24 515.0 
66.866 516.0 
67.24 517.0 
66.854 518.0 
66.854 519.0 
66.877 520.0 
66.901 521.0 
66.889 522.0 
66.901 523.0 
66.877 524.0 
66.901 525.0 
66.889 526.0 
66.866 527.0 
66.831 528.0 
66.842 529.0 
66.819 530.0 
66.854 531.0 
66.948 532.0 
67.088 533.0 
66.901 534.0 
66.924 535.0 
66.912 536.0 
66.842 537.0 
66.749 538.0 
66.784 539.0 
66.749 540.0 
66.877 541.0 
66.761 542.0 
66.772 543.0 
66.749 544.0 
66.691 545.0 
66.667 546.0 
66.784 547.0 
66.667 548.0 
66.726 549.0 
66.691 550.0 
66.621 551.0 
66.726 552.0 
66.702 553.0 
66.656 554.0 
66.609 555.0 
66.726 556.0 
66.714 557.0 
66.667 558.0 
66.118 559.0 
66.702 560.0 
66.667 561.0 
66.609 562.0 
66.691 563.0 
66.632 564.0 
66.574 565.0 
66.726 566.0 
66.679 567.0 
66.562 568.0 
66.679 569.0 
66.656 570.0 
66.726 571.0 
66.667 572.0 
66.621 573.0 
66.702 574.0 
66.656 575.0 
67.018 576.0 
66.691 577.0 
66.644 578.0 
66.749 579.0 
66.656 580.0 
66.737 581.0 
66.667 582.0 
66.772 583.0 
66.726 584.0 
66.399 585.0 
66.761 586.0 
66.679 587.0 
66.726 588.0 
66.632 589.0 
66.726 590.0 
66.691 591.0 
66.702 592.0 
66.667 593.0 
66.749 594.0 
66.644 595.0 
66.702 596.0 
66.632 597.0 
66.644 598.0 
66.632 599.0 
66.656 600.0 
66.796 601.0 
66.644 602.0 
66.749 603.0 
66.691 604.0 
66.796 605.0 
66.656 606.0 
66.726 607.0 
66.632 608.0 
66.691 609.0 
66.737 610.0 
66.667 611.0 
66.772 612.0 
66.656 613.0 
66.749 614.0 
66.609 615.0 
66.702 616.0 
66.761 617.0 
66.667 618.0 
66.737 619.0 
66.212 620.0 
66.691 621.0 
66.726 622.0 
66.644 623.0 
66.679 624.0 
66.761 625.0 
66.679 626.0 
66.737 627.0 
66.737 628.0 
66.644 629.0 
66.714 630.0 
66.761 631.0 
66.644 632.0 
66.749 633.0 
66.983 634.0 
66.656 635.0 
66.714 636.0 
66.749 637.0 
66.656 638.0 
66.737 639.0 
66.761 640.0 
66.644 641.0 
66.632 642.0 
66.737 643.0 
66.667 644.0 
66.691 645.0 
66.691 646.0 
66.772 647.0 
66.632 648.0 
66.667 649.0 
66.761 650.0 
66.621 651.0 
66.55 652.0 
66.726 653.0 
66.761 654.0 
66.621 655.0 
66.656 656.0 
66.702 657.0 
66.761 658.0 
66.656 659.0 
66.702 660.0 
66.714 661.0 
66.726 662.0 
66.656 663.0 
66.702 664.0 
66.726 665.0 
66.807 666.0 
66.644 667.0 
66.691 668.0 
66.737 669.0 
66.737 670.0 
66.644 671.0 
66.609 672.0 
66.691 673.0 
66.714 674.0 
66.749 675.0 
66.644 676.0 
66.691 677.0 
66.691 678.0 
66.749 679.0 
66.784 680.0 
66.621 681.0 
66.679 682.0 
66.656 683.0 
66.726 684.0 
66.714 685.0 
66.761 686.0 
66.621 687.0 
66.679 688.0 
66.679 689.0 
66.702 690.0 
66.761 691.0 
66.761 692.0 
66.632 693.0 
66.656 694.0 
66.656 695.0 
66.691 696.0 
66.656 697.0 
66.761 698.0 
66.55 699.0 
66.679 700.0 
66.656 701.0 
66.656 702.0 
66.702 703.0 
66.702 704.0 
66.726 705.0 
66.772 706.0 
66.609 707.0 
66.632 708.0 
66.644 709.0 
66.691 710.0 
66.702 711.0 
66.702 712.0 
66.726 713.0 
66.749 714.0 
66.48 715.0 
66.621 716.0 
66.585 717.0 
66.656 718.0 
66.702 719.0 
66.667 720.0 
66.691 721.0 
66.714 722.0 
66.726 723.0 
66.749 724.0 
66.761 725.0 
66.632 726.0 
66.621 727.0 
66.656 728.0 
66.667 729.0 
66.667 730.0 
66.691 731.0 
66.702 732.0 
66.691 733.0 
66.726 734.0 
66.749 735.0 
66.737 736.0 
66.726 737.0 
66.749 738.0 
66.585 739.0 
66.632 740.0 
66.597 741.0 
66.597 742.0 
66.609 743.0 
66.621 744.0 
66.656 745.0 
66.656 746.0 
66.644 747.0 
66.621 748.0 
66.644 749.0 
66.656 750.0 
66.679 751.0 
66.691 752.0 
66.667 753.0 
66.667 754.0 
66.679 755.0 
66.679 756.0 
66.667 757.0 
66.667 758.0 
66.714 759.0 
66.714 760.0 
66.702 761.0 
66.702 762.0 
66.714 763.0 
66.714 764.0 
66.691 765.0 
66.714 766.0 
66.726 767.0 
66.714 768.0 
66.702 769.0 
66.702 770.0 
66.726 771.0 
66.691 772.0 
66.702 773.0 
66.714 774.0 
66.714 775.0 
66.714 776.0 
66.702 777.0 
66.714 778.0 
66.714 779.0 
66.691 780.0 
66.667 781.0 
66.691 782.0 
66.714 783.0 
66.714 784.0 
66.691 785.0 
66.737 786.0 
66.726 787.0 
66.691 788.0 
66.702 789.0 
66.714 790.0 
66.679 791.0 
66.726 792.0 
66.691 793.0 
66.691 794.0 
66.656 795.0 
66.679 796.0 
66.679 797.0 
66.691 798.0 
66.691 799.0 
66.679 800.0 
66.714 801.0 
66.714 802.0 
66.691 803.0 
66.679 804.0 
0.005 805.0 
0.004 806.0 
0.002 807.0 
0.0 808.0 
-0.004 809.0 
-0.002 810.0 
-0.001 811.0 
-0.006 812.0 
-0.017 813.0 
-0.014 814.0 
-0.004 815.0 
-0.016 816.0 
-0.016 817.0 
-0.019 818.0 
-0.02 819.0 
-0.02 820.0 
-0.014 821.0 
-0.022 822.0 
-0.02 823.0 
-0.016 824.0 
-0.018 825.0 
-0.028 826.0 
-0.013 827.0 
-0.011 828.0 
-0.022 829.0 
