-0.035 257.0 
-0.028 258.0 
-0.008 259.0 
-0.02 260.0 
-0.032 261.0 
-0.016 262.0 
-0.011 263.0 
-0.013 264.0 
-0.004 265.0 
-0.095 266.0 
-0.022 267.0 
-0.025 268.0 
-0.025 269.0 
-0.022 270.0 
-0.03 271.0 
-0.023 272.0 
-0.023 273.0 
-0.006 274.0 
143.694 275.0 
140.564 276.0 
139.501 277.0 
138.135 278.0 
136.593 279.0 
134.421 280.0 
132.657 281.0 
129.971 282.0 
127.098 283.0 
125.638 284.0 
125.311 285.0 
124.948 286.0 
124.68 287.0 
124.376 288.0 
124.073 289.0 
123.418 290.0 
123.313 291.0 
123.08 292.0 
122.87 293.0 
122.356 294.0 
122.227 295.0 
122.099 296.0 
121.994 297.0 
121.445 298.0 
121.269 299.0 
120.931 300.0 
120.627 301.0 
120.534 302.0 
119.95 303.0 
119.856 304.0 
119.447 305.0 
119.062 306.0 
117.754 307.0 
115.418 308.0 
112.673 309.0 
108.947 310.0 
105.303 311.0 
101.145 312.0 
97.268 313.0 
93.203 314.0 
89.583 315.0 
85.553 316.0 
82.061 317.0 
79.223 318.0 
79.176 319.0 
78.837 320.0 
78.709 321.0 
78.744 322.0 
78.615 323.0 
78.674 324.0 
78.627 325.0 
78.522 326.0 
78.592 327.0 
78.534 328.0 
78.615 329.0 
78.615 330.0 
78.522 331.0 
78.662 332.0 
78.627 333.0 
78.545 334.0 
78.44 335.0 
78.627 336.0 
78.65 337.0 
78.534 338.0 
78.627 339.0 
78.569 340.0 
78.569 341.0 
78.545 342.0 
78.557 343.0 
78.615 344.0 
78.592 345.0 
78.569 346.0 
78.499 347.0 
78.51 348.0 
78.604 349.0 
78.557 350.0 
78.534 351.0 
78.592 352.0 
78.522 353.0 
78.475 354.0 
78.499 355.0 
78.604 356.0 
78.615 357.0 
78.58 358.0 
78.639 359.0 
78.58 360.0 
78.65 361.0 
78.557 362.0 
78.604 363.0 
78.51 364.0 
78.545 365.0 
78.58 366.0 
78.545 367.0 
78.499 368.0 
78.545 369.0 
78.522 370.0 
78.569 371.0 
78.592 372.0 
78.604 373.0 
78.58 374.0 
78.627 375.0 
78.615 376.0 
78.534 377.0 
78.545 378.0 
78.557 379.0 
78.592 380.0 
78.557 381.0 
78.662 382.0 
78.534 383.0 
78.522 384.0 
78.51 385.0 
78.604 386.0 
78.487 387.0 
78.475 388.0 
78.58 389.0 
78.849 390.0 
78.557 391.0 
78.51 392.0 
78.627 393.0 
78.464 394.0 
78.569 395.0 
78.51 396.0 
78.487 397.0 
78.557 398.0 
78.475 399.0 
78.534 400.0 
78.931 401.0 
78.58 402.0 
78.65 403.0 
78.604 404.0 
78.592 405.0 
78.51 406.0 
78.557 407.0 
78.487 408.0 
78.545 409.0 
78.487 410.0 
78.522 411.0 
78.627 412.0 
78.65 413.0 
78.592 414.0 
78.51 415.0 
78.557 416.0 
78.499 417.0 
78.545 418.0 
78.592 419.0 
78.487 420.0 
78.58 421.0 
78.545 422.0 
78.604 423.0 
78.522 424.0 
78.534 425.0 
78.557 426.0 
78.592 427.0 
78.452 428.0 
78.499 429.0 
78.51 430.0 
78.557 431.0 
78.58 432.0 
78.604 433.0 
78.475 434.0 
78.464 435.0 
78.51 436.0 
78.545 437.0 
78.51 438.0 
78.475 439.0 
78.429 440.0 
78.475 441.0 
78.487 442.0 
78.51 443.0 
78.499 444.0 
78.51 445.0 
78.44 446.0 
78.604 447.0 
78.569 448.0 
78.826 449.0 
78.662 450.0 
78.534 451.0 
78.475 452.0 
78.464 453.0 
78.44 454.0 
78.534 455.0 
78.347 456.0 
78.487 457.0 
78.452 458.0 
78.58 459.0 
78.58 460.0 
78.534 461.0 
78.464 462.0 
78.592 463.0 
78.499 464.0 
78.534 465.0 
78.557 466.0 
78.545 467.0 
78.44 468.0 
78.51 469.0 
78.475 470.0 
78.394 471.0 
78.51 472.0 
78.359 473.0 
78.499 474.0 
78.604 475.0 
78.51 476.0 
78.44 477.0 
78.545 478.0 
78.464 479.0 
78.545 480.0 
78.604 481.0 
78.51 482.0 
78.557 483.0 
78.499 484.0 
78.545 485.0 
78.452 486.0 
78.499 487.0 
78.557 488.0 
78.452 489.0 
78.499 490.0 
78.58 491.0 
78.499 492.0 
78.487 493.0 
78.557 494.0 
78.464 495.0 
78.487 496.0 
78.545 497.0 
78.545 498.0 
78.452 499.0 
78.464 500.0 
78.487 501.0 
78.534 502.0 
78.429 503.0 
78.452 504.0 
78.464 505.0 
78.487 506.0 
78.37 507.0 
78.475 508.0 
78.382 509.0 
78.405 510.0 
78.429 511.0 
78.487 512.0 
78.51 513.0 
78.51 514.0 
78.557 515.0 
78.417 516.0 
78.896 517.0 
78.347 518.0 
78.417 519.0 
78.382 520.0 
78.394 521.0 
78.417 522.0 
78.405 523.0 
78.37 524.0 
78.37 525.0 
78.382 526.0 
78.347 527.0 
78.359 528.0 
78.3 529.0 
78.37 530.0 
78.312 531.0 
78.429 532.0 
78.802 533.0 
78.382 534.0 
78.405 535.0 
78.347 536.0 
78.323 537.0 
78.242 538.0 
78.218 539.0 
78.207 540.0 
78.288 541.0 
78.23 542.0 
78.183 543.0 
78.183 544.0 
78.078 545.0 
78.067 546.0 
78.172 547.0 
78.113 548.0 
78.102 549.0 
78.031 550.0 
77.961 551.0 
78.078 552.0 
78.067 553.0 
78.008 554.0 
77.996 555.0 
78.078 556.0 
78.055 557.0 
77.996 558.0 
77.821 559.0 
78.067 560.0 
78.031 561.0 
77.961 562.0 
78.055 563.0 
77.973 564.0 
77.95 565.0 
78.078 566.0 
78.008 567.0 
77.915 568.0 
78.008 569.0 
77.996 570.0 
78.102 571.0 
78.02 572.0 
77.95 573.0 
78.055 574.0 
77.95 575.0 
78.51 576.0 
77.996 577.0 
78.02 578.0 
78.113 579.0 
78.055 580.0 
78.137 581.0 
78.078 582.0 
78.113 583.0 
78.09 584.0 
77.81 585.0 
78.09 586.0 
77.996 587.0 
78.09 588.0 
77.996 589.0 
78.09 590.0 
77.985 591.0 
78.078 592.0 
77.985 593.0 
78.09 594.0 
77.961 595.0 
78.078 596.0 
77.985 597.0 
77.996 598.0 
78.008 599.0 
77.996 600.0 
78.148 601.0 
77.996 602.0 
78.137 603.0 
77.996 604.0 
78.137 605.0 
77.973 606.0 
78.078 607.0 
77.961 608.0 
78.043 609.0 
78.125 610.0 
78.031 611.0 
78.125 612.0 
78.031 613.0 
78.02 614.0 
77.95 615.0 
77.961 616.0 
78.125 617.0 
77.996 618.0 
78.102 619.0 
77.926 620.0 
78.031 621.0 
78.078 622.0 
77.961 623.0 
78.078 624.0 
78.137 625.0 
77.985 626.0 
78.055 627.0 
78.125 628.0 
78.031 629.0 
78.031 630.0 
78.113 631.0 
78.02 632.0 
78.043 633.0 
78.347 634.0 
77.996 635.0 
78.09 636.0 
78.125 637.0 
78.02 638.0 
77.985 639.0 
78.113 640.0 
77.973 641.0 
78.031 642.0 
78.125 643.0 
77.996 644.0 
77.973 645.0 
78.067 646.0 
78.137 647.0 
77.973 648.0 
78.067 649.0 
78.09 650.0 
77.973 651.0 
77.961 652.0 
78.055 653.0 
78.102 654.0 
77.95 655.0 
77.973 656.0 
78.055 657.0 
78.125 658.0 
78.02 659.0 
78.09 660.0 
78.113 661.0 
78.078 662.0 
78.02 663.0 
78.031 664.0 
78.102 665.0 
78.137 666.0 
77.985 667.0 
78.008 668.0 
78.067 669.0 
78.125 670.0 
77.961 671.0 
77.996 672.0 
78.043 673.0 
78.055 674.0 
78.102 675.0 
77.996 676.0 
78.043 677.0 
78.067 678.0 
78.09 679.0 
78.125 680.0 
77.996 681.0 
77.973 682.0 
78.043 683.0 
78.055 684.0 
78.102 685.0 
78.172 686.0 
77.961 687.0 
77.985 688.0 
78.02 689.0 
78.055 690.0 
78.078 691.0 
78.067 692.0 
77.95 693.0 
77.996 694.0 
78.02 695.0 
78.031 696.0 
78.055 697.0 
78.125 698.0 
77.95 699.0 
77.973 700.0 
78.031 701.0 
78.031 702.0 
78.067 703.0 
78.067 704.0 
78.078 705.0 
78.102 706.0 
77.973 707.0 
77.985 708.0 
78.008 709.0 
77.985 710.0 
78.055 711.0 
78.055 712.0 
78.09 713.0 
78.09 714.0 
77.915 715.0 
77.961 716.0 
77.985 717.0 
77.985 718.0 
78.02 719.0 
78.008 720.0 
78.043 721.0 
77.985 722.0 
78.102 723.0 
78.125 724.0 
78.137 725.0 
77.915 726.0 
77.961 727.0 
77.985 728.0 
78.008 729.0 
78.031 730.0 
78.031 731.0 
78.067 732.0 
78.078 733.0 
78.09 734.0 
78.113 735.0 
78.09 736.0 
78.102 737.0 
78.102 738.0 
77.915 739.0 
77.973 740.0 
77.95 741.0 
77.938 742.0 
77.985 743.0 
77.973 744.0 
77.985 745.0 
77.973 746.0 
77.985 747.0 
77.973 748.0 
77.996 749.0 
77.985 750.0 
77.996 751.0 
78.008 752.0 
78.02 753.0 
78.02 754.0 
78.008 755.0 
78.02 756.0 
78.043 757.0 
78.043 758.0 
78.067 759.0 
78.008 760.0 
78.031 761.0 
78.02 762.0 
78.055 763.0 
78.055 764.0 
78.031 765.0 
78.055 766.0 
78.067 767.0 
78.02 768.0 
78.055 769.0 
78.055 770.0 
78.067 771.0 
78.102 772.0 
78.067 773.0 
78.078 774.0 
78.02 775.0 
78.09 776.0 
78.078 777.0 
78.055 778.0 
78.055 779.0 
78.078 780.0 
78.055 781.0 
78.031 782.0 
78.055 783.0 
78.043 784.0 
78.067 785.0 
78.055 786.0 
78.02 787.0 
78.043 788.0 
78.02 789.0 
78.055 790.0 
78.043 791.0 
78.055 792.0 
78.055 793.0 
78.043 794.0 
78.008 795.0 
78.043 796.0 
78.067 797.0 
78.02 798.0 
78.043 799.0 
78.055 800.0 
78.02 801.0 
78.055 802.0 
78.031 803.0 
78.031 804.0 
0.004 805.0 
0.011 806.0 
0.004 807.0 
0.007 808.0 
0.007 809.0 
0.001 810.0 
-0.008 811.0 
-0.018 812.0 
-0.024 813.0 
-0.016 814.0 
-0.024 815.0 
-0.022 816.0 
-0.032 817.0 
-0.031 818.0 
-0.041 819.0 
-0.042 820.0 
-0.047 821.0 
-0.042 822.0 
-0.044 823.0 
-0.036 824.0 
-0.035 825.0 
-0.05 826.0 
-0.041 827.0 
-0.037 828.0 
-0.03 829.0 
