-0.056 257.0 
-0.036 258.0 
-0.05 259.0 
-0.029 260.0 
-0.055 261.0 
-0.04 262.0 
-0.037 263.0 
-0.043 264.0 
-0.032 265.0 
-0.037 266.0 
-0.054 267.0 
-0.029 268.0 
-0.03 269.0 
-0.025 270.0 
-0.053 271.0 
-0.046 272.0 
-0.04 273.0 
-0.055 274.0 
263.429 275.0 
260.992 276.0 
259.251 277.0 
257.394 278.0 
255.073 279.0 
252.868 280.0 
250.315 281.0 
248.575 282.0 
246.254 283.0 
246.138 284.0 
245.441 285.0 
244.745 286.0 
245.093 287.0 
244.861 288.0 
244.165 289.0 
243.701 290.0 
243.004 291.0 
242.772 292.0 
242.888 293.0 
241.264 294.0 
242.192 295.0 
242.656 296.0 
242.656 297.0 
241.844 298.0 
242.076 299.0 
242.308 300.0 
241.496 301.0 
241.844 302.0 
241.148 303.0 
241.38 304.0 
241.496 305.0 
240.683 306.0 
241.032 307.0 
240.567 308.0 
240.799 309.0 
240.451 310.0 
240.916 311.0 
240.219 312.0 
240.451 313.0 
239.987 314.0 
240.335 315.0 
240.567 316.0 
240.683 317.0 
240.103 318.0 
240.451 319.0 
240.219 320.0 
239.059 321.0 
240.451 322.0 
240.451 323.0 
240.683 324.0 
240.335 325.0 
240.335 326.0 
239.987 327.0 
239.871 328.0 
245.209 329.0 
239.987 330.0 
239.987 331.0 
241.496 332.0 
240.219 333.0 
239.755 334.0 
240.335 335.0 
240.567 336.0 
240.103 337.0 
240.219 338.0 
243.12 339.0 
239.871 340.0 
240.219 341.0 
239.987 342.0 
234.417 343.0 
240.335 344.0 
239.871 345.0 
239.871 346.0 
239.755 347.0 
237.898 348.0 
240.219 349.0 
240.335 350.0 
239.987 351.0 
240.335 352.0 
240.219 353.0 
238.711 354.0 
237.55 355.0 
240.103 356.0 
240.219 357.0 
240.451 358.0 
240.335 359.0 
240.103 360.0 
240.451 361.0 
240.219 362.0 
240.219 363.0 
240.103 364.0 
240.103 365.0 
239.639 366.0 
240.103 367.0 
239.987 368.0 
239.987 369.0 
240.335 370.0 
239.871 371.0 
240.103 372.0 
239.987 373.0 
239.987 374.0 
240.335 375.0 
241.264 376.0 
239.987 377.0 
239.987 378.0 
240.335 379.0 
240.103 380.0 
240.219 381.0 
240.451 382.0 
240.335 383.0 
240.683 384.0 
240.219 385.0 
240.451 386.0 
239.523 387.0 
239.755 388.0 
240.335 389.0 
239.987 390.0 
240.335 391.0 
239.987 392.0 
240.335 393.0 
239.639 394.0 
240.219 395.0 
240.567 396.0 
240.219 397.0 
240.219 398.0 
239.407 399.0 
239.987 400.0 
240.335 401.0 
240.335 402.0 
240.799 403.0 
240.335 404.0 
240.219 405.0 
239.755 406.0 
240.103 407.0 
240.103 408.0 
240.219 409.0 
239.987 410.0 
240.103 411.0 
240.335 412.0 
240.799 413.0 
240.335 414.0 
240.219 415.0 
240.335 416.0 
240.103 417.0 
240.219 418.0 
240.451 419.0 
240.219 420.0 
240.335 421.0 
240.219 422.0 
240.567 423.0 
240.451 424.0 
239.755 425.0 
239.987 426.0 
240.451 427.0 
239.987 428.0 
239.755 429.0 
239.871 430.0 
240.451 431.0 
240.451 432.0 
240.219 433.0 
239.987 434.0 
240.451 435.0 
240.219 436.0 
241.032 437.0 
240.335 438.0 
239.523 439.0 
240.451 440.0 
240.219 441.0 
240.219 442.0 
240.799 443.0 
240.103 444.0 
240.103 445.0 
240.103 446.0 
240.335 447.0 
240.451 448.0 
240.103 449.0 
240.916 450.0 
240.219 451.0 
240.219 452.0 
239.987 453.0 
239.639 454.0 
240.451 455.0 
239.291 456.0 
240.335 457.0 
240.103 458.0 
240.683 459.0 
240.683 460.0 
239.755 461.0 
240.103 462.0 
240.567 463.0 
240.567 464.0 
240.799 465.0 
240.335 466.0 
240.103 467.0 
239.871 468.0 
240.335 469.0 
240.335 470.0 
239.987 471.0 
240.219 472.0 
239.523 473.0 
239.987 474.0 
240.219 475.0 
240.451 476.0 
240.219 477.0 
240.219 478.0 
239.987 479.0 
240.335 480.0 
240.451 481.0 
240.451 482.0 
240.567 483.0 
240.683 484.0 
240.567 485.0 
239.871 486.0 
239.407 487.0 
240.916 488.0 
240.451 489.0 
240.451 490.0 
240.219 491.0 
240.451 492.0 
240.219 493.0 
240.451 494.0 
240.103 495.0 
240.103 496.0 
240.451 497.0 
240.683 498.0 
240.103 499.0 
240.103 500.0 
240.451 501.0 
240.683 502.0 
240.219 503.0 
240.103 504.0 
240.335 505.0 
239.987 506.0 
236.854 507.0 
243.353 508.0 
240.103 509.0 
239.871 510.0 
240.103 511.0 
240.219 512.0 
240.219 513.0 
240.451 514.0 
240.451 515.0 
240.567 516.0 
243.236 517.0 
239.871 518.0 
240.103 519.0 
240.219 520.0 
239.871 521.0 
239.871 522.0 
240.335 523.0 
240.335 524.0 
240.103 525.0 
239.987 526.0 
239.755 527.0 
239.407 528.0 
239.871 529.0 
239.639 530.0 
239.639 531.0 
240.219 532.0 
240.103 533.0 
239.639 534.0 
240.567 535.0 
240.451 536.0 
240.219 537.0 
239.871 538.0 
239.755 539.0 
239.987 540.0 
240.567 541.0 
240.219 542.0 
240.451 543.0 
239.987 544.0 
239.987 545.0 
239.639 546.0 
240.103 547.0 
240.219 548.0 
239.987 549.0 
239.871 550.0 
238.13 551.0 
240.451 552.0 
240.335 553.0 
239.755 554.0 
239.987 555.0 
240.451 556.0 
240.103 557.0 
240.103 558.0 
234.533 559.0 
240.335 560.0 
239.987 561.0 
239.639 562.0 
240.335 563.0 
240.335 564.0 
239.407 565.0 
240.219 566.0 
239.871 567.0 
239.987 568.0 
239.755 569.0 
239.987 570.0 
240.103 571.0 
239.987 572.0 
239.755 573.0 
239.755 574.0 
239.987 575.0 
240.683 576.0 
240.219 577.0 
240.103 578.0 
240.451 579.0 
240.219 580.0 
240.683 581.0 
240.451 582.0 
240.451 583.0 
240.335 584.0 
240.683 585.0 
240.335 586.0 
239.871 587.0 
240.567 588.0 
240.103 589.0 
240.335 590.0 
239.871 591.0 
240.219 592.0 
239.987 593.0 
239.987 594.0 
240.219 595.0 
240.219 596.0 
240.451 597.0 
240.219 598.0 
240.219 599.0 
240.683 600.0 
240.451 601.0 
240.335 602.0 
240.451 603.0 
240.335 604.0 
240.567 605.0 
239.871 606.0 
240.103 607.0 
239.871 608.0 
240.335 609.0 
240.335 610.0 
239.987 611.0 
240.219 612.0 
239.871 613.0 
240.219 614.0 
239.871 615.0 
239.755 616.0 
240.567 617.0 
240.219 618.0 
240.335 619.0 
237.898 620.0 
240.103 621.0 
240.335 622.0 
240.335 623.0 
240.335 624.0 
240.219 625.0 
239.639 626.0 
240.103 627.0 
240.451 628.0 
240.335 629.0 
239.987 630.0 
240.567 631.0 
239.871 632.0 
240.219 633.0 
242.772 634.0 
239.871 635.0 
240.335 636.0 
240.451 637.0 
239.987 638.0 
240.451 639.0 
240.335 640.0 
239.987 641.0 
240.219 642.0 
240.451 643.0 
240.219 644.0 
240.219 645.0 
239.871 646.0 
240.451 647.0 
240.103 648.0 
239.987 649.0 
240.335 650.0 
239.871 651.0 
239.639 652.0 
239.987 653.0 
240.451 654.0 
240.335 655.0 
240.335 656.0 
240.103 657.0 
240.567 658.0 
240.219 659.0 
240.567 660.0 
240.335 661.0 
240.335 662.0 
240.103 663.0 
240.567 664.0 
240.335 665.0 
240.335 666.0 
239.987 667.0 
240.335 668.0 
240.219 669.0 
240.451 670.0 
239.987 671.0 
240.103 672.0 
240.103 673.0 
240.219 674.0 
239.755 675.0 
240.103 676.0 
240.683 677.0 
240.567 678.0 
240.103 679.0 
240.683 680.0 
240.335 681.0 
240.103 682.0 
240.916 683.0 
240.567 684.0 
240.335 685.0 
240.335 686.0 
239.639 687.0 
240.219 688.0 
240.103 689.0 
240.335 690.0 
240.567 691.0 
240.451 692.0 
239.639 693.0 
239.755 694.0 
240.335 695.0 
240.683 696.0 
240.451 697.0 
240.567 698.0 
238.711 699.0 
240.219 700.0 
240.103 701.0 
240.335 702.0 
240.219 703.0 
240.451 704.0 
240.451 705.0 
240.451 706.0 
239.639 707.0 
240.219 708.0 
240.103 709.0 
240.103 710.0 
240.335 711.0 
240.103 712.0 
240.335 713.0 
240.335 714.0 
239.059 715.0 
240.103 716.0 
240.103 717.0 
240.103 718.0 
240.219 719.0 
240.103 720.0 
240.335 721.0 
240.219 722.0 
240.683 723.0 
240.683 724.0 
240.683 725.0 
239.871 726.0 
239.755 727.0 
239.987 728.0 
240.335 729.0 
240.219 730.0 
239.987 731.0 
240.451 732.0 
240.103 733.0 
240.451 734.0 
240.451 735.0 
239.871 736.0 
240.567 737.0 
240.799 738.0 
239.639 739.0 
239.639 740.0 
239.987 741.0 
239.871 742.0 
240.335 743.0 
240.683 744.0 
240.219 745.0 
239.987 746.0 
240.335 747.0 
239.871 748.0 
240.335 749.0 
240.219 750.0 
240.219 751.0 
240.335 752.0 
239.987 753.0 
240.219 754.0 
240.219 755.0 
240.335 756.0 
240.335 757.0 
240.451 758.0 
240.335 759.0 
240.103 760.0 
240.219 761.0 
240.567 762.0 
240.451 763.0 
240.799 764.0 
239.871 765.0 
240.335 766.0 
240.335 767.0 
240.567 768.0 
240.219 769.0 
240.219 770.0 
240.451 771.0 
240.103 772.0 
239.987 773.0 
239.987 774.0 
240.219 775.0 
240.335 776.0 
240.103 777.0 
240.451 778.0 
240.451 779.0 
240.335 780.0 
240.567 781.0 
240.567 782.0 
240.451 783.0 
240.219 784.0 
240.335 785.0 
239.987 786.0 
240.219 787.0 
239.987 788.0 
240.219 789.0 
240.219 790.0 
240.335 791.0 
240.103 792.0 
239.987 793.0 
239.987 794.0 
240.567 795.0 
239.987 796.0 
240.335 797.0 
240.103 798.0 
240.335 799.0 
240.103 800.0 
240.103 801.0 
240.335 802.0 
240.335 803.0 
240.335 804.0 
0.029 805.0 
0.026 806.0 
0.024 807.0 
0.023 808.0 
0.022 809.0 
0.018 810.0 
0.002 811.0 
-0.006 812.0 
-0.011 813.0 
-0.016 814.0 
-0.024 815.0 
-0.036 816.0 
-0.038 817.0 
-0.035 818.0 
-0.042 819.0 
-0.038 820.0 
-0.038 821.0 
-0.037 822.0 
-0.036 823.0 
-0.037 824.0 
-0.031 825.0 
-0.029 826.0 
-0.024 827.0 
-0.025 828.0 
-0.032 829.0 
