-0.034 257.0 
-0.03 258.0 
-0.133 259.0 
-0.024 260.0 
-0.026 261.0 
-0.034 262.0 
-0.043 263.0 
-0.032 264.0 
-0.03 265.0 
-0.022 266.0 
-0.035 267.0 
-0.054 268.0 
-0.052 269.0 
-0.026 270.0 
-0.047 271.0 
-0.029 272.0 
-0.052 273.0 
-0.053 274.0 
258.787 275.0 
255.538 276.0 
254.029 277.0 
252.404 278.0 
250.664 279.0 
248.691 280.0 
247.298 281.0 
245.906 282.0 
243.701 283.0 
243.469 284.0 
243.12 285.0 
242.54 286.0 
242.656 287.0 
242.54 288.0 
242.192 289.0 
244.397 290.0 
241.148 291.0 
241.264 292.0 
241.032 293.0 
241.032 294.0 
240.567 295.0 
240.683 296.0 
240.567 297.0 
239.639 298.0 
239.639 299.0 
240.103 300.0 
239.291 301.0 
239.291 302.0 
238.711 303.0 
239.291 304.0 
244.629 305.0 
238.943 306.0 
239.291 307.0 
238.943 308.0 
238.943 309.0 
238.479 310.0 
238.827 311.0 
238.362 312.0 
238.711 313.0 
238.362 314.0 
238.595 315.0 
238.479 316.0 
238.711 317.0 
237.666 318.0 
238.246 319.0 
238.362 320.0 
235.693 321.0 
238.362 322.0 
237.782 323.0 
238.246 324.0 
238.13 325.0 
238.595 326.0 
238.362 327.0 
238.13 328.0 
244.861 329.0 
238.595 330.0 
237.782 331.0 
240.567 332.0 
238.13 333.0 
238.13 334.0 
238.479 335.0 
238.362 336.0 
238.246 337.0 
237.666 338.0 
241.032 339.0 
238.13 340.0 
238.014 341.0 
237.782 342.0 
234.417 343.0 
238.246 344.0 
237.782 345.0 
237.666 346.0 
237.898 347.0 
235.925 348.0 
238.13 349.0 
238.13 350.0 
237.898 351.0 
237.898 352.0 
237.782 353.0 
236.158 354.0 
238.246 355.0 
238.246 356.0 
238.13 357.0 
237.666 358.0 
238.014 359.0 
237.898 360.0 
238.014 361.0 
237.898 362.0 
237.898 363.0 
237.898 364.0 
237.55 365.0 
237.782 366.0 
238.13 367.0 
237.898 368.0 
237.898 369.0 
238.479 370.0 
238.362 371.0 
237.782 372.0 
238.014 373.0 
238.13 374.0 
238.13 375.0 
240.103 376.0 
237.666 377.0 
237.782 378.0 
237.55 379.0 
238.014 380.0 
237.666 381.0 
238.246 382.0 
237.666 383.0 
237.666 384.0 
237.666 385.0 
237.898 386.0 
237.318 387.0 
237.55 388.0 
238.13 389.0 
238.362 390.0 
238.362 391.0 
238.014 392.0 
238.246 393.0 
237.55 394.0 
238.014 395.0 
238.595 396.0 
238.014 397.0 
237.782 398.0 
236.854 399.0 
237.782 400.0 
238.246 401.0 
237.898 402.0 
238.014 403.0 
238.014 404.0 
237.898 405.0 
237.898 406.0 
237.898 407.0 
238.246 408.0 
238.014 409.0 
237.898 410.0 
238.246 411.0 
238.13 412.0 
239.871 413.0 
238.479 414.0 
237.666 415.0 
238.362 416.0 
238.014 417.0 
238.014 418.0 
238.13 419.0 
238.13 420.0 
238.014 421.0 
238.13 422.0 
238.014 423.0 
238.014 424.0 
237.782 425.0 
238.13 426.0 
238.246 427.0 
238.13 428.0 
237.666 429.0 
237.666 430.0 
237.898 431.0 
238.246 432.0 
237.898 433.0 
237.666 434.0 
238.246 435.0 
238.362 436.0 
238.362 437.0 
237.666 438.0 
237.666 439.0 
238.362 440.0 
237.898 441.0 
237.782 442.0 
237.898 443.0 
237.666 444.0 
238.13 445.0 
237.55 446.0 
238.246 447.0 
238.479 448.0 
238.13 449.0 
238.711 450.0 
238.014 451.0 
238.014 452.0 
237.782 453.0 
237.782 454.0 
237.898 455.0 
237.55 456.0 
238.014 457.0 
237.898 458.0 
238.13 459.0 
238.13 460.0 
237.898 461.0 
237.782 462.0 
238.014 463.0 
238.014 464.0 
238.014 465.0 
237.898 466.0 
238.246 467.0 
237.666 468.0 
237.898 469.0 
238.014 470.0 
237.782 471.0 
238.13 472.0 
238.362 473.0 
238.014 474.0 
238.595 475.0 
238.13 476.0 
237.782 477.0 
237.666 478.0 
237.666 479.0 
237.782 480.0 
238.362 481.0 
238.246 482.0 
238.014 483.0 
237.898 484.0 
238.246 485.0 
237.666 486.0 
237.55 487.0 
238.595 488.0 
238.13 489.0 
238.014 490.0 
238.13 491.0 
238.13 492.0 
238.246 493.0 
238.246 494.0 
237.898 495.0 
237.55 496.0 
237.898 497.0 
238.13 498.0 
237.782 499.0 
237.55 500.0 
238.014 501.0 
238.13 502.0 
237.898 503.0 
237.666 504.0 
237.782 505.0 
237.666 506.0 
235.229 507.0 
241.612 508.0 
237.666 509.0 
237.782 510.0 
238.014 511.0 
237.782 512.0 
238.13 513.0 
238.014 514.0 
238.479 515.0 
238.246 516.0 
239.871 517.0 
237.318 518.0 
237.55 519.0 
237.202 520.0 
237.666 521.0 
237.666 522.0 
238.014 523.0 
237.782 524.0 
237.666 525.0 
237.55 526.0 
237.55 527.0 
237.898 528.0 
237.434 529.0 
237.434 530.0 
237.55 531.0 
238.362 532.0 
240.683 533.0 
237.55 534.0 
237.782 535.0 
238.13 536.0 
237.666 537.0 
237.318 538.0 
237.55 539.0 
237.55 540.0 
238.246 541.0 
237.782 542.0 
237.898 543.0 
237.666 544.0 
237.666 545.0 
237.318 546.0 
237.898 547.0 
237.666 548.0 
238.014 549.0 
237.434 550.0 
236.506 551.0 
237.898 552.0 
237.898 553.0 
237.55 554.0 
237.782 555.0 
237.898 556.0 
238.014 557.0 
237.434 558.0 
233.256 559.0 
238.13 560.0 
237.782 561.0 
236.854 562.0 
237.898 563.0 
237.666 564.0 
236.854 565.0 
237.898 566.0 
237.318 567.0 
237.666 568.0 
237.782 569.0 
237.55 570.0 
238.362 571.0 
237.898 572.0 
237.898 573.0 
237.898 574.0 
237.666 575.0 
237.782 576.0 
238.014 577.0 
237.318 578.0 
237.782 579.0 
237.55 580.0 
238.014 581.0 
237.782 582.0 
237.666 583.0 
238.014 584.0 
233.837 585.0 
237.782 586.0 
237.666 587.0 
238.014 588.0 
237.782 589.0 
237.898 590.0 
237.666 591.0 
238.014 592.0 
237.666 593.0 
237.666 594.0 
237.782 595.0 
237.55 596.0 
237.898 597.0 
237.782 598.0 
237.434 599.0 
237.782 600.0 
238.014 601.0 
237.782 602.0 
238.362 603.0 
238.014 604.0 
238.014 605.0 
237.55 606.0 
238.014 607.0 
237.55 608.0 
237.782 609.0 
238.13 610.0 
238.014 611.0 
238.246 612.0 
237.898 613.0 
238.014 614.0 
237.666 615.0 
238.014 616.0 
238.246 617.0 
236.97 618.0 
238.014 619.0 
234.765 620.0 
237.782 621.0 
237.782 622.0 
237.318 623.0 
237.55 624.0 
238.246 625.0 
237.434 626.0 
238.014 627.0 
238.246 628.0 
237.782 629.0 
237.898 630.0 
238.13 631.0 
237.782 632.0 
237.666 633.0 
238.014 634.0 
237.898 635.0 
238.13 636.0 
238.246 637.0 
237.55 638.0 
237.666 639.0 
238.13 640.0 
237.666 641.0 
238.014 642.0 
238.014 643.0 
237.666 644.0 
237.782 645.0 
237.55 646.0 
238.13 647.0 
237.55 648.0 
237.782 649.0 
238.014 650.0 
237.55 651.0 
237.434 652.0 
237.782 653.0 
238.13 654.0 
237.666 655.0 
238.014 656.0 
237.666 657.0 
237.782 658.0 
237.434 659.0 
237.782 660.0 
238.13 661.0 
238.13 662.0 
237.55 663.0 
238.13 664.0 
238.014 665.0 
238.014 666.0 
237.666 667.0 
238.014 668.0 
238.246 669.0 
238.13 670.0 
237.782 671.0 
237.666 672.0 
237.782 673.0 
237.782 674.0 
237.55 675.0 
238.13 676.0 
237.782 677.0 
238.014 678.0 
237.782 679.0 
238.014 680.0 
237.434 681.0 
237.666 682.0 
237.666 683.0 
238.014 684.0 
237.898 685.0 
237.898 686.0 
237.666 687.0 
237.666 688.0 
238.014 689.0 
237.666 690.0 
238.014 691.0 
238.362 692.0 
237.898 693.0 
237.898 694.0 
238.13 695.0 
238.246 696.0 
238.014 697.0 
237.434 698.0 
235.925 699.0 
237.202 700.0 
237.782 701.0 
237.666 702.0 
237.782 703.0 
237.898 704.0 
237.898 705.0 
238.246 706.0 
237.55 707.0 
237.898 708.0 
238.014 709.0 
237.782 710.0 
237.898 711.0 
238.014 712.0 
238.362 713.0 
238.13 714.0 
238.362 715.0 
237.55 716.0 
237.434 717.0 
237.898 718.0 
237.55 719.0 
237.666 720.0 
238.014 721.0 
237.782 722.0 
238.13 723.0 
237.898 724.0 
238.362 725.0 
237.898 726.0 
237.666 727.0 
237.666 728.0 
237.782 729.0 
237.898 730.0 
237.898 731.0 
238.246 732.0 
238.014 733.0 
238.13 734.0 
237.782 735.0 
238.362 736.0 
238.014 737.0 
237.898 738.0 
235.345 739.0 
237.55 740.0 
237.782 741.0 
237.666 742.0 
237.666 743.0 
237.666 744.0 
237.782 745.0 
237.666 746.0 
237.55 747.0 
237.782 748.0 
237.782 749.0 
237.666 750.0 
237.782 751.0 
238.014 752.0 
237.898 753.0 
237.782 754.0 
238.13 755.0 
237.202 756.0 
237.666 757.0 
237.666 758.0 
237.782 759.0 
237.55 760.0 
237.666 761.0 
237.898 762.0 
237.898 763.0 
238.014 764.0 
238.246 765.0 
238.014 766.0 
237.898 767.0 
238.014 768.0 
238.014 769.0 
238.014 770.0 
237.782 771.0 
238.014 772.0 
237.666 773.0 
237.898 774.0 
237.782 775.0 
238.13 776.0 
238.13 777.0 
237.898 778.0 
237.898 779.0 
237.898 780.0 
238.014 781.0 
237.898 782.0 
238.246 783.0 
237.898 784.0 
238.014 785.0 
237.666 786.0 
237.898 787.0 
237.666 788.0 
238.014 789.0 
237.898 790.0 
237.898 791.0 
238.014 792.0 
237.898 793.0 
237.666 794.0 
238.014 795.0 
237.898 796.0 
237.666 797.0 
237.666 798.0 
237.782 799.0 
238.13 800.0 
237.898 801.0 
237.782 802.0 
237.666 803.0 
237.666 804.0 
0.035 805.0 
0.023 806.0 
0.035 807.0 
0.026 808.0 
0.006 809.0 
0.01 810.0 
-0.005 811.0 
-0.016 812.0 
-0.038 813.0 
-0.058 814.0 
-0.054 815.0 
-0.059 816.0 
-0.066 817.0 
-0.081 818.0 
-0.073 819.0 
-0.071 820.0 
-0.067 821.0 
-0.075 822.0 
-0.074 823.0 
-0.067 824.0 
-0.053 825.0 
-0.049 826.0 
-0.053 827.0 
-0.043 828.0 
-0.035 829.0 
