-0.042 257.0 
-0.03 258.0 
-0.073 259.0 
-0.05 260.0 
-0.036 261.0 
-0.037 262.0 
-0.024 263.0 
-0.04 264.0 
-0.03 265.0 
-0.065 266.0 
-0.044 267.0 
-0.05 268.0 
-0.038 269.0 
-0.026 270.0 
-0.043 271.0 
-0.029 272.0 
-0.032 273.0 
-0.018 274.0 
141.545 275.0 
139.046 276.0 
138.018 277.0 
136.546 278.0 
135.086 279.0 
133.194 280.0 
131.583 281.0 
129.492 282.0 
127.004 283.0 
125.462 284.0 
125.089 285.0 
124.762 286.0 
124.516 287.0 
124.236 288.0 
123.991 289.0 
123.313 290.0 
123.232 291.0 
122.998 292.0 
122.799 293.0 
122.718 294.0 
122.157 295.0 
122.017 296.0 
121.947 297.0 
121.398 298.0 
121.304 299.0 
121.211 300.0 
120.639 301.0 
120.545 302.0 
120.055 303.0 
120.031 304.0 
120.09 305.0 
119.214 306.0 
118.011 307.0 
115.768 308.0 
113.07 309.0 
109.076 310.0 
105.046 311.0 
100.667 312.0 
96.625 313.0 
92.362 314.0 
88.403 315.0 
84.537 316.0 
81.08 317.0 
78.277 318.0 
78.195 319.0 
77.985 320.0 
77.775 321.0 
77.821 322.0 
77.716 323.0 
77.751 324.0 
77.669 325.0 
77.599 326.0 
77.704 327.0 
77.564 328.0 
77.821 329.0 
77.704 330.0 
77.623 331.0 
77.973 332.0 
77.728 333.0 
77.658 334.0 
77.658 335.0 
77.728 336.0 
77.681 337.0 
77.611 338.0 
77.891 339.0 
77.669 340.0 
77.634 341.0 
77.623 342.0 
77.471 343.0 
77.669 344.0 
77.669 345.0 
77.599 346.0 
77.611 347.0 
77.669 348.0 
77.693 349.0 
77.693 350.0 
77.646 351.0 
77.704 352.0 
77.634 353.0 
77.576 354.0 
77.541 355.0 
77.681 356.0 
77.763 357.0 
77.658 358.0 
77.751 359.0 
77.669 360.0 
77.704 361.0 
77.646 362.0 
77.658 363.0 
77.576 364.0 
77.611 365.0 
77.646 366.0 
77.693 367.0 
77.623 368.0 
77.623 369.0 
77.658 370.0 
77.693 371.0 
77.739 372.0 
77.669 373.0 
77.716 374.0 
77.739 375.0 
77.903 376.0 
77.611 377.0 
77.669 378.0 
77.693 379.0 
77.646 380.0 
77.669 381.0 
77.739 382.0 
77.658 383.0 
77.611 384.0 
77.634 385.0 
77.704 386.0 
77.599 387.0 
77.564 388.0 
77.646 389.0 
77.669 390.0 
77.658 391.0 
77.623 392.0 
77.728 393.0 
77.599 394.0 
77.681 395.0 
77.763 396.0 
77.623 397.0 
77.646 398.0 
77.564 399.0 
77.611 400.0 
77.728 401.0 
77.669 402.0 
77.739 403.0 
77.716 404.0 
77.646 405.0 
77.576 406.0 
77.646 407.0 
77.576 408.0 
77.669 409.0 
77.611 410.0 
77.623 411.0 
77.704 412.0 
78.137 413.0 
77.704 414.0 
77.623 415.0 
77.693 416.0 
77.599 417.0 
77.669 418.0 
77.693 419.0 
77.611 420.0 
77.634 421.0 
77.634 422.0 
77.693 423.0 
77.623 424.0 
77.599 425.0 
77.681 426.0 
77.681 427.0 
77.599 428.0 
77.611 429.0 
77.553 430.0 
77.658 431.0 
77.693 432.0 
77.669 433.0 
77.588 434.0 
77.576 435.0 
77.646 436.0 
77.716 437.0 
77.646 438.0 
77.599 439.0 
77.646 440.0 
77.623 441.0 
77.599 442.0 
77.623 443.0 
77.611 444.0 
77.623 445.0 
77.576 446.0 
77.704 447.0 
77.658 448.0 
78.043 449.0 
78.008 450.0 
77.634 451.0 
77.634 452.0 
77.599 453.0 
77.599 454.0 
77.669 455.0 
77.634 456.0 
77.564 457.0 
77.611 458.0 
77.681 459.0 
77.728 460.0 
77.634 461.0 
77.576 462.0 
77.693 463.0 
77.658 464.0 
77.623 465.0 
77.693 466.0 
77.646 467.0 
77.588 468.0 
77.658 469.0 
77.599 470.0 
77.588 471.0 
77.623 472.0 
77.494 473.0 
77.623 474.0 
77.728 475.0 
77.611 476.0 
77.599 477.0 
77.634 478.0 
77.553 479.0 
77.623 480.0 
77.716 481.0 
77.623 482.0 
77.681 483.0 
77.599 484.0 
77.658 485.0 
77.588 486.0 
77.588 487.0 
77.634 488.0 
77.599 489.0 
77.646 490.0 
77.693 491.0 
77.646 492.0 
77.599 493.0 
77.634 494.0 
77.564 495.0 
77.576 496.0 
77.681 497.0 
77.693 498.0 
77.576 499.0 
77.599 500.0 
77.634 501.0 
77.646 502.0 
77.529 503.0 
77.576 504.0 
77.588 505.0 
77.611 506.0 
77.541 507.0 
77.681 508.0 
77.506 509.0 
77.588 510.0 
77.599 511.0 
77.646 512.0 
77.599 513.0 
77.646 514.0 
77.658 515.0 
77.658 516.0 
77.996 517.0 
77.483 518.0 
77.483 519.0 
77.529 520.0 
77.471 521.0 
77.506 522.0 
77.518 523.0 
77.518 524.0 
77.518 525.0 
77.494 526.0 
77.518 527.0 
77.448 528.0 
77.448 529.0 
77.436 530.0 
77.436 531.0 
77.576 532.0 
77.518 533.0 
77.483 534.0 
77.518 535.0 
77.448 536.0 
77.412 537.0 
77.354 538.0 
77.331 539.0 
77.284 540.0 
77.377 541.0 
77.272 542.0 
77.272 543.0 
77.214 544.0 
77.156 545.0 
77.132 546.0 
77.237 547.0 
77.179 548.0 
77.109 549.0 
77.097 550.0 
77.05 551.0 
77.132 552.0 
77.085 553.0 
77.05 554.0 
77.039 555.0 
77.179 556.0 
77.109 557.0 
77.062 558.0 
76.7 559.0 
77.132 560.0 
77.062 561.0 
77.004 562.0 
77.12 563.0 
77.027 564.0 
77.015 565.0 
77.132 566.0 
77.085 567.0 
76.992 568.0 
77.027 569.0 
77.039 570.0 
77.156 571.0 
77.062 572.0 
77.015 573.0 
77.097 574.0 
77.015 575.0 
77.401 576.0 
77.109 577.0 
77.12 578.0 
77.144 579.0 
77.097 580.0 
77.202 581.0 
77.109 582.0 
77.144 583.0 
77.12 584.0 
76.793 585.0 
77.144 586.0 
77.027 587.0 
77.144 588.0 
77.062 589.0 
77.144 590.0 
77.05 591.0 
77.144 592.0 
77.062 593.0 
77.109 594.0 
77.039 595.0 
77.109 596.0 
77.039 597.0 
77.05 598.0 
77.05 599.0 
77.12 600.0 
77.191 601.0 
77.097 602.0 
77.167 603.0 
77.062 604.0 
77.144 605.0 
77.05 606.0 
77.109 607.0 
77.039 608.0 
77.097 609.0 
77.179 610.0 
77.109 611.0 
77.191 612.0 
77.062 613.0 
77.12 614.0 
77.027 615.0 
77.027 616.0 
77.179 617.0 
77.015 618.0 
77.144 619.0 
76.922 620.0 
77.039 621.0 
77.109 622.0 
77.027 623.0 
77.109 624.0 
77.167 625.0 
77.027 626.0 
77.109 627.0 
77.179 628.0 
77.062 629.0 
77.12 630.0 
77.167 631.0 
77.05 632.0 
77.12 633.0 
77.471 634.0 
77.074 635.0 
77.144 636.0 
77.167 637.0 
77.062 638.0 
77.097 639.0 
77.179 640.0 
77.027 641.0 
77.05 642.0 
77.12 643.0 
77.027 644.0 
77.027 645.0 
77.097 646.0 
77.167 647.0 
77.039 648.0 
77.085 649.0 
77.156 650.0 
76.992 651.0 
77.027 652.0 
77.109 653.0 
77.191 654.0 
77.027 655.0 
77.004 656.0 
77.097 657.0 
77.167 658.0 
77.085 659.0 
77.085 660.0 
77.132 661.0 
77.109 662.0 
77.039 663.0 
77.097 664.0 
77.144 665.0 
77.179 666.0 
77.062 667.0 
77.085 668.0 
77.144 669.0 
77.144 670.0 
77.015 671.0 
77.074 672.0 
77.12 673.0 
77.132 674.0 
77.144 675.0 
77.004 676.0 
77.05 677.0 
77.074 678.0 
77.132 679.0 
77.179 680.0 
77.027 681.0 
77.039 682.0 
77.132 683.0 
77.109 684.0 
77.12 685.0 
77.179 686.0 
76.98 687.0 
77.039 688.0 
77.085 689.0 
77.12 690.0 
77.156 691.0 
77.191 692.0 
77.015 693.0 
77.05 694.0 
77.085 695.0 
77.097 696.0 
77.097 697.0 
77.167 698.0 
76.969 699.0 
77.027 700.0 
77.015 701.0 
77.062 702.0 
77.097 703.0 
77.109 704.0 
77.085 705.0 
77.191 706.0 
77.039 707.0 
77.05 708.0 
77.062 709.0 
77.027 710.0 
77.085 711.0 
77.132 712.0 
77.144 713.0 
77.179 714.0 
76.957 715.0 
77.027 716.0 
77.004 717.0 
77.027 718.0 
77.074 719.0 
77.109 720.0 
77.109 721.0 
77.12 722.0 
77.156 723.0 
77.144 724.0 
77.156 725.0 
76.957 726.0 
77.004 727.0 
77.039 728.0 
77.039 729.0 
77.05 730.0 
77.074 731.0 
77.12 732.0 
77.12 733.0 
77.12 734.0 
77.12 735.0 
77.156 736.0 
77.191 737.0 
77.191 738.0 
76.992 739.0 
77.027 740.0 
76.992 741.0 
77.004 742.0 
77.039 743.0 
77.015 744.0 
77.027 745.0 
77.004 746.0 
77.015 747.0 
77.074 748.0 
77.05 749.0 
77.039 750.0 
77.085 751.0 
77.085 752.0 
77.085 753.0 
77.097 754.0 
77.074 755.0 
77.085 756.0 
77.074 757.0 
77.132 758.0 
77.062 759.0 
77.097 760.0 
77.074 761.0 
77.097 762.0 
77.12 763.0 
77.12 764.0 
77.109 765.0 
77.132 766.0 
77.097 767.0 
77.109 768.0 
77.109 769.0 
77.074 770.0 
77.109 771.0 
77.097 772.0 
77.132 773.0 
77.12 774.0 
77.12 775.0 
77.12 776.0 
77.097 777.0 
77.12 778.0 
77.109 779.0 
77.109 780.0 
77.132 781.0 
77.085 782.0 
77.109 783.0 
77.097 784.0 
77.109 785.0 
77.085 786.0 
77.109 787.0 
77.097 788.0 
77.109 789.0 
77.109 790.0 
77.132 791.0 
77.097 792.0 
77.132 793.0 
77.12 794.0 
77.12 795.0 
77.12 796.0 
77.097 797.0 
77.097 798.0 
77.109 799.0 
77.097 800.0 
77.109 801.0 
77.12 802.0 
77.097 803.0 
77.062 804.0 
0.006 805.0 
-0.001 806.0 
0.0 807.0 
-0.001 808.0 
-0.004 809.0 
-0.006 810.0 
-0.004 811.0 
-0.004 812.0 
-0.004 813.0 
-0.006 814.0 
-0.011 815.0 
-0.008 816.0 
-0.005 817.0 
-0.007 818.0 
-0.004 819.0 
-0.006 820.0 
-0.008 821.0 
-0.014 822.0 
-0.012 823.0 
-0.008 824.0 
-0.016 825.0 
-0.017 826.0 
-0.019 827.0 
-0.016 828.0 
-0.017 829.0 
