-0.025 257.0 
-0.019 258.0 
-0.059 259.0 
-0.018 260.0 
-0.04 261.0 
-0.048 262.0 
-0.023 263.0 
-0.017 264.0 
-0.029 265.0 
-0.031 266.0 
-0.044 267.0 
-0.025 268.0 
-0.04 269.0 
-0.02 270.0 
-0.042 271.0 
-0.075 272.0 
-0.028 273.0 
-0.029 274.0 
150.48 275.0 
146.579 276.0 
145.294 277.0 
143.601 278.0 
141.79 279.0 
139.63 280.0 
137.831 281.0 
135.717 282.0 
132.68 283.0 
131.547 284.0 
131.174 285.0 
130.73 286.0 
130.426 287.0 
130.111 288.0 
129.819 289.0 
129.13 290.0 
128.92 291.0 
128.616 292.0 
128.429 293.0 
127.973 294.0 
127.74 295.0 
127.53 296.0 
127.448 297.0 
126.864 298.0 
126.63 299.0 
126.514 300.0 
125.941 301.0 
125.836 302.0 
125.369 303.0 
125.264 304.0 
125.182 305.0 
124.528 306.0 
123.162 307.0 
120.744 308.0 
117.695 309.0 
113.327 310.0 
108.912 311.0 
104.03 312.0 
99.569 313.0 
95.201 314.0 
91.054 315.0 
87.001 316.0 
83.614 317.0 
80.823 318.0 
80.729 319.0 
80.508 320.0 
80.414 321.0 
80.367 322.0 
80.321 323.0 
80.367 324.0 
80.274 325.0 
80.192 326.0 
80.251 327.0 
80.216 328.0 
80.344 329.0 
80.309 330.0 
80.239 331.0 
80.356 332.0 
80.332 333.0 
80.239 334.0 
80.157 335.0 
80.309 336.0 
80.286 337.0 
80.204 338.0 
80.437 339.0 
80.262 340.0 
80.216 341.0 
80.204 342.0 
80.321 343.0 
80.321 344.0 
80.239 345.0 
80.216 346.0 
80.122 347.0 
80.216 348.0 
80.262 349.0 
80.239 350.0 
80.216 351.0 
80.227 352.0 
80.227 353.0 
80.204 354.0 
80.181 355.0 
80.274 356.0 
80.274 357.0 
80.274 358.0 
80.344 359.0 
80.262 360.0 
80.321 361.0 
80.216 362.0 
80.286 363.0 
80.227 364.0 
80.227 365.0 
80.239 366.0 
80.251 367.0 
80.216 368.0 
80.227 369.0 
80.286 370.0 
80.286 371.0 
80.262 372.0 
80.286 373.0 
80.309 374.0 
80.286 375.0 
80.449 376.0 
80.145 377.0 
80.274 378.0 
80.227 379.0 
80.216 380.0 
80.227 381.0 
80.286 382.0 
80.227 383.0 
80.227 384.0 
80.227 385.0 
80.344 386.0 
80.181 387.0 
80.169 388.0 
80.251 389.0 
80.286 390.0 
80.262 391.0 
80.181 392.0 
80.309 393.0 
80.145 394.0 
80.274 395.0 
80.344 396.0 
80.145 397.0 
80.286 398.0 
80.134 399.0 
80.181 400.0 
80.309 401.0 
80.262 402.0 
80.321 403.0 
80.297 404.0 
80.239 405.0 
80.181 406.0 
80.239 407.0 
80.216 408.0 
80.227 409.0 
80.169 410.0 
80.251 411.0 
80.286 412.0 
80.765 413.0 
80.286 414.0 
80.227 415.0 
80.262 416.0 
80.157 417.0 
80.332 418.0 
80.262 419.0 
80.181 420.0 
80.274 421.0 
80.262 422.0 
80.297 423.0 
80.216 424.0 
80.239 425.0 
80.274 426.0 
80.297 427.0 
80.216 428.0 
80.274 429.0 
80.239 430.0 
80.262 431.0 
80.286 432.0 
80.274 433.0 
80.157 434.0 
80.204 435.0 
80.239 436.0 
80.274 437.0 
80.192 438.0 
80.181 439.0 
80.216 440.0 
80.227 441.0 
80.216 442.0 
80.239 443.0 
80.216 444.0 
80.181 445.0 
80.169 446.0 
80.297 447.0 
80.286 448.0 
80.262 449.0 
80.554 450.0 
80.227 451.0 
80.204 452.0 
80.181 453.0 
80.181 454.0 
80.274 455.0 
80.157 456.0 
80.204 457.0 
80.181 458.0 
80.286 459.0 
80.309 460.0 
80.239 461.0 
80.204 462.0 
80.297 463.0 
80.274 464.0 
80.216 465.0 
80.309 466.0 
80.239 467.0 
80.192 468.0 
80.251 469.0 
80.181 470.0 
80.181 471.0 
80.216 472.0 
80.075 473.0 
80.192 474.0 
80.274 475.0 
80.239 476.0 
80.169 477.0 
80.239 478.0 
80.145 479.0 
80.227 480.0 
80.286 481.0 
80.251 482.0 
80.297 483.0 
80.216 484.0 
80.262 485.0 
80.169 486.0 
80.145 487.0 
80.274 488.0 
80.216 489.0 
80.204 490.0 
80.274 491.0 
80.216 492.0 
80.216 493.0 
80.227 494.0 
80.145 495.0 
80.169 496.0 
80.262 497.0 
80.262 498.0 
80.157 499.0 
80.157 500.0 
80.239 501.0 
80.262 502.0 
80.134 503.0 
80.181 504.0 
80.216 505.0 
80.204 506.0 
80.145 507.0 
80.262 508.0 
80.145 509.0 
80.145 510.0 
80.169 511.0 
80.204 512.0 
80.169 513.0 
80.216 514.0 
80.192 515.0 
80.227 516.0 
80.508 517.0 
80.099 518.0 
80.087 519.0 
80.099 520.0 
80.11 521.0 
80.122 522.0 
80.122 523.0 
80.11 524.0 
80.11 525.0 
80.122 526.0 
80.122 527.0 
80.04 528.0 
80.075 529.0 
80.04 530.0 
80.052 531.0 
80.192 532.0 
80.192 533.0 
80.11 534.0 
80.11 535.0 
80.11 536.0 
80.052 537.0 
79.97 538.0 
79.982 539.0 
79.9 540.0 
79.959 541.0 
79.924 542.0 
79.924 543.0 
79.9 544.0 
79.83 545.0 
79.807 546.0 
79.9 547.0 
79.854 548.0 
79.818 549.0 
79.725 550.0 
79.643 551.0 
79.83 552.0 
79.737 553.0 
79.69 554.0 
79.69 555.0 
79.795 556.0 
79.76 557.0 
79.69 558.0 
79.375 559.0 
79.795 560.0 
79.725 561.0 
79.702 562.0 
79.772 563.0 
79.69 564.0 
79.62 565.0 
79.795 566.0 
79.772 567.0 
79.655 568.0 
79.725 569.0 
79.713 570.0 
79.783 571.0 
79.737 572.0 
79.678 573.0 
79.772 574.0 
79.713 575.0 
80.122 576.0 
79.748 577.0 
79.702 578.0 
79.83 579.0 
79.772 580.0 
79.842 581.0 
79.737 582.0 
79.842 583.0 
79.807 584.0 
79.55 585.0 
79.807 586.0 
79.725 587.0 
79.783 588.0 
79.725 589.0 
79.83 590.0 
79.737 591.0 
79.842 592.0 
79.725 593.0 
79.795 594.0 
79.702 595.0 
79.772 596.0 
79.725 597.0 
79.76 598.0 
79.737 599.0 
79.772 600.0 
79.854 601.0 
79.76 602.0 
79.83 603.0 
79.772 604.0 
79.83 605.0 
79.713 606.0 
79.772 607.0 
79.702 608.0 
79.737 609.0 
79.83 610.0 
79.748 611.0 
79.83 612.0 
79.713 613.0 
79.76 614.0 
79.678 615.0 
79.69 616.0 
79.818 617.0 
79.69 618.0 
79.807 619.0 
79.562 620.0 
79.748 621.0 
79.818 622.0 
79.725 623.0 
79.783 624.0 
79.807 625.0 
79.725 626.0 
79.795 627.0 
79.854 628.0 
79.725 629.0 
79.772 630.0 
79.854 631.0 
79.702 632.0 
79.807 633.0 
80.087 634.0 
79.748 635.0 
79.783 636.0 
79.818 637.0 
79.748 638.0 
79.772 639.0 
79.83 640.0 
79.76 641.0 
79.737 642.0 
79.842 643.0 
79.69 644.0 
79.69 645.0 
79.807 646.0 
79.83 647.0 
79.713 648.0 
79.76 649.0 
79.842 650.0 
79.678 651.0 
79.725 652.0 
79.795 653.0 
79.818 654.0 
79.678 655.0 
79.69 656.0 
79.772 657.0 
79.842 658.0 
79.702 659.0 
79.772 660.0 
79.818 661.0 
79.795 662.0 
79.725 663.0 
79.76 664.0 
79.807 665.0 
79.865 666.0 
79.713 667.0 
79.748 668.0 
79.783 669.0 
79.865 670.0 
79.69 671.0 
79.725 672.0 
79.748 673.0 
79.807 674.0 
79.807 675.0 
79.69 676.0 
79.737 677.0 
79.748 678.0 
79.818 679.0 
79.842 680.0 
79.702 681.0 
79.702 682.0 
79.76 683.0 
79.818 684.0 
79.772 685.0 
79.854 686.0 
79.632 687.0 
79.737 688.0 
79.737 689.0 
79.772 690.0 
79.807 691.0 
79.865 692.0 
79.69 693.0 
79.737 694.0 
79.725 695.0 
79.783 696.0 
79.783 697.0 
79.818 698.0 
79.632 699.0 
79.702 700.0 
79.737 701.0 
79.748 702.0 
79.76 703.0 
79.807 704.0 
79.807 705.0 
79.807 706.0 
79.678 707.0 
79.713 708.0 
79.713 709.0 
79.725 710.0 
79.76 711.0 
79.795 712.0 
79.818 713.0 
79.842 714.0 
79.62 715.0 
79.713 716.0 
79.69 717.0 
79.737 718.0 
79.76 719.0 
79.748 720.0 
79.795 721.0 
79.737 722.0 
79.818 723.0 
79.842 724.0 
79.854 725.0 
79.655 726.0 
79.69 727.0 
79.713 728.0 
79.725 729.0 
79.737 730.0 
79.748 731.0 
79.772 732.0 
79.76 733.0 
79.772 734.0 
79.783 735.0 
79.795 736.0 
79.842 737.0 
79.842 738.0 
79.62 739.0 
79.643 740.0 
79.678 741.0 
79.702 742.0 
79.678 743.0 
79.667 744.0 
79.725 745.0 
79.702 746.0 
79.725 747.0 
79.702 748.0 
79.713 749.0 
79.737 750.0 
79.713 751.0 
79.76 752.0 
79.713 753.0 
79.655 754.0 
79.772 755.0 
79.725 756.0 
79.76 757.0 
79.748 758.0 
79.772 759.0 
79.76 760.0 
79.795 761.0 
79.783 762.0 
79.772 763.0 
79.818 764.0 
79.783 765.0 
79.807 766.0 
79.748 767.0 
79.783 768.0 
79.772 769.0 
79.795 770.0 
79.748 771.0 
79.807 772.0 
79.772 773.0 
79.76 774.0 
79.783 775.0 
79.783 776.0 
79.795 777.0 
79.772 778.0 
79.783 779.0 
79.795 780.0 
79.818 781.0 
79.772 782.0 
79.783 783.0 
79.795 784.0 
79.783 785.0 
79.76 786.0 
79.76 787.0 
79.737 788.0 
79.76 789.0 
79.795 790.0 
79.76 791.0 
79.783 792.0 
79.795 793.0 
79.76 794.0 
79.772 795.0 
79.76 796.0 
79.772 797.0 
79.748 798.0 
79.748 799.0 
79.748 800.0 
79.737 801.0 
79.737 802.0 
79.772 803.0 
79.76 804.0 
0.01 805.0 
0.005 806.0 
0.0 807.0 
0.004 808.0 
-0.001 809.0 
0.006 810.0 
0.001 811.0 
0.004 812.0 
0.0 813.0 
0.005 814.0 
0.005 815.0 
0.001 816.0 
0.004 817.0 
0.001 818.0 
-0.001 819.0 
0.0 820.0 
0.0 821.0 
-0.001 822.0 
-0.005 823.0 
-0.005 824.0 
-0.011 825.0 
-0.016 826.0 
-0.014 827.0 
-0.016 828.0 
-0.018 829.0 
