-0.025 257.0 
-0.038 258.0 
-0.036 259.0 
-0.041 260.0 
-0.028 261.0 
-0.035 262.0 
-0.017 263.0 
-0.037 264.0 
-0.014 265.0 
-0.035 266.0 
-0.016 267.0 
-0.028 268.0 
-0.04 269.0 
-0.025 270.0 
-0.028 271.0 
-0.034 272.0 
-0.036 273.0 
-0.044 274.0 
136.254 275.0 
133.486 276.0 
132.61 277.0 
131.314 278.0 
130.111 279.0 
128.429 280.0 
126.969 281.0 
125.019 282.0 
121.818 283.0 
120.685 284.0 
120.323 285.0 
120.09 286.0 
119.903 287.0 
119.669 288.0 
119.377 289.0 
119.482 290.0 
118.677 291.0 
118.478 292.0 
118.291 293.0 
118.244 294.0 
117.766 295.0 
117.672 296.0 
117.614 297.0 
117.158 298.0 
117.018 299.0 
117.006 300.0 
116.492 301.0 
116.411 302.0 
115.92 303.0 
115.873 304.0 
115.733 305.0 
115.114 306.0 
114.005 307.0 
112.043 308.0 
109.648 309.0 
106.588 310.0 
103.47 311.0 
99.802 312.0 
96.158 313.0 
92.246 314.0 
88.531 315.0 
84.701 316.0 
81.407 317.0 
78.907 318.0 
78.756 319.0 
78.58 320.0 
78.615 321.0 
78.51 322.0 
78.37 323.0 
78.44 324.0 
78.394 325.0 
78.23 326.0 
78.394 327.0 
78.347 328.0 
78.522 329.0 
78.417 330.0 
78.347 331.0 
78.405 332.0 
78.429 333.0 
78.323 334.0 
78.417 335.0 
78.417 336.0 
78.405 337.0 
78.288 338.0 
78.429 339.0 
78.323 340.0 
78.323 341.0 
78.288 342.0 
78.429 343.0 
78.335 344.0 
78.312 345.0 
78.288 346.0 
78.277 347.0 
78.23 348.0 
78.394 349.0 
78.37 350.0 
78.3 351.0 
78.382 352.0 
78.312 353.0 
78.253 354.0 
78.405 355.0 
78.359 356.0 
78.394 357.0 
78.359 358.0 
78.417 359.0 
78.312 360.0 
78.405 361.0 
78.277 362.0 
78.335 363.0 
78.253 364.0 
78.312 365.0 
78.323 366.0 
78.312 367.0 
78.288 368.0 
78.323 369.0 
78.312 370.0 
78.359 371.0 
78.382 372.0 
78.359 373.0 
78.394 374.0 
78.394 375.0 
78.697 376.0 
78.265 377.0 
78.323 378.0 
78.277 379.0 
78.323 380.0 
78.253 381.0 
78.417 382.0 
78.323 383.0 
78.312 384.0 
78.288 385.0 
78.382 386.0 
78.288 387.0 
78.218 388.0 
78.37 389.0 
78.37 390.0 
78.335 391.0 
78.288 392.0 
78.405 393.0 
78.242 394.0 
78.335 395.0 
78.429 396.0 
78.265 397.0 
78.335 398.0 
78.207 399.0 
78.277 400.0 
78.382 401.0 
78.347 402.0 
78.382 403.0 
78.382 404.0 
78.312 405.0 
78.23 406.0 
78.3 407.0 
78.265 408.0 
78.335 409.0 
78.242 410.0 
78.3 411.0 
78.335 412.0 
78.744 413.0 
78.335 414.0 
78.277 415.0 
78.323 416.0 
78.312 417.0 
78.405 418.0 
78.3 419.0 
78.242 420.0 
78.323 421.0 
78.335 422.0 
78.347 423.0 
78.265 424.0 
78.242 425.0 
78.323 426.0 
78.335 427.0 
78.265 428.0 
78.288 429.0 
78.23 430.0 
78.312 431.0 
78.335 432.0 
78.37 433.0 
78.253 434.0 
78.265 435.0 
78.323 436.0 
78.37 437.0 
78.172 438.0 
78.3 439.0 
78.253 440.0 
78.242 441.0 
78.265 442.0 
78.277 443.0 
78.288 444.0 
78.265 445.0 
78.23 446.0 
78.347 447.0 
78.37 448.0 
78.347 449.0 
78.627 450.0 
78.312 451.0 
78.253 452.0 
78.253 453.0 
78.23 454.0 
78.347 455.0 
78.312 456.0 
78.265 457.0 
78.218 458.0 
78.323 459.0 
78.359 460.0 
78.277 461.0 
78.265 462.0 
78.382 463.0 
78.3 464.0 
78.3 465.0 
78.335 466.0 
78.277 467.0 
78.23 468.0 
78.335 469.0 
78.265 470.0 
78.288 471.0 
78.3 472.0 
78.37 473.0 
78.3 474.0 
78.359 475.0 
78.288 476.0 
78.23 477.0 
78.312 478.0 
78.195 479.0 
78.242 480.0 
78.347 481.0 
78.265 482.0 
78.335 483.0 
78.242 484.0 
78.335 485.0 
78.218 486.0 
78.195 487.0 
78.323 488.0 
78.3 489.0 
78.277 490.0 
78.335 491.0 
78.312 492.0 
78.277 493.0 
78.312 494.0 
78.253 495.0 
78.265 496.0 
78.288 497.0 
78.323 498.0 
78.218 499.0 
78.172 500.0 
78.253 501.0 
78.3 502.0 
78.148 503.0 
78.218 504.0 
78.265 505.0 
78.265 506.0 
78.253 507.0 
78.335 508.0 
78.195 509.0 
78.23 510.0 
78.23 511.0 
78.242 512.0 
78.277 513.0 
78.265 514.0 
78.312 515.0 
78.323 516.0 
78.323 517.0 
78.16 518.0 
78.09 519.0 
78.137 520.0 
78.148 521.0 
78.137 522.0 
78.148 523.0 
78.172 524.0 
78.125 525.0 
78.172 526.0 
78.137 527.0 
78.067 528.0 
78.102 529.0 
78.078 530.0 
78.09 531.0 
78.218 532.0 
78.207 533.0 
78.113 534.0 
78.148 535.0 
78.113 536.0 
78.09 537.0 
78.008 538.0 
77.926 539.0 
77.903 540.0 
78.02 541.0 
77.973 542.0 
77.903 543.0 
77.856 544.0 
77.821 545.0 
77.798 546.0 
77.891 547.0 
77.833 548.0 
77.81 549.0 
77.763 550.0 
77.751 551.0 
77.81 552.0 
77.763 553.0 
77.693 554.0 
77.693 555.0 
77.845 556.0 
77.81 557.0 
77.681 558.0 
77.856 559.0 
77.751 560.0 
77.716 561.0 
77.658 562.0 
77.786 563.0 
77.739 564.0 
77.599 565.0 
77.786 566.0 
77.856 567.0 
77.623 568.0 
77.751 569.0 
77.728 570.0 
77.81 571.0 
77.763 572.0 
77.669 573.0 
77.728 574.0 
77.704 575.0 
77.833 576.0 
77.739 577.0 
77.716 578.0 
77.81 579.0 
77.751 580.0 
77.833 581.0 
77.751 582.0 
77.856 583.0 
77.786 584.0 
77.868 585.0 
77.821 586.0 
77.704 587.0 
77.81 588.0 
77.728 589.0 
77.798 590.0 
77.728 591.0 
77.798 592.0 
77.728 593.0 
77.763 594.0 
77.728 595.0 
77.786 596.0 
77.739 597.0 
77.751 598.0 
77.704 599.0 
77.786 600.0 
77.845 601.0 
77.739 602.0 
77.833 603.0 
77.739 604.0 
77.81 605.0 
77.728 606.0 
77.786 607.0 
77.704 608.0 
77.775 609.0 
77.856 610.0 
77.775 611.0 
77.856 612.0 
77.728 613.0 
77.81 614.0 
77.681 615.0 
77.786 616.0 
77.856 617.0 
77.704 618.0 
77.775 619.0 
77.377 620.0 
77.739 621.0 
77.775 622.0 
77.704 623.0 
77.728 624.0 
77.856 625.0 
77.693 626.0 
77.775 627.0 
77.833 628.0 
77.716 629.0 
77.786 630.0 
77.845 631.0 
77.646 632.0 
77.786 633.0 
77.833 634.0 
77.739 635.0 
77.775 636.0 
77.81 637.0 
77.728 638.0 
77.751 639.0 
77.821 640.0 
77.704 641.0 
77.728 642.0 
77.798 643.0 
77.704 644.0 
77.716 645.0 
77.775 646.0 
77.845 647.0 
77.704 648.0 
77.739 649.0 
77.798 650.0 
77.669 651.0 
77.739 652.0 
77.763 653.0 
77.786 654.0 
77.681 655.0 
77.751 656.0 
77.751 657.0 
77.821 658.0 
77.669 659.0 
77.775 660.0 
77.786 661.0 
77.821 662.0 
77.646 663.0 
77.728 664.0 
77.81 665.0 
77.821 666.0 
77.669 667.0 
77.763 668.0 
77.775 669.0 
77.81 670.0 
77.693 671.0 
77.739 672.0 
77.751 673.0 
77.786 674.0 
77.833 675.0 
77.693 676.0 
77.739 677.0 
77.728 678.0 
77.728 679.0 
77.845 680.0 
77.669 681.0 
77.669 682.0 
77.739 683.0 
77.775 684.0 
77.786 685.0 
77.833 686.0 
77.669 687.0 
77.693 688.0 
77.763 689.0 
77.786 690.0 
77.798 691.0 
77.845 692.0 
77.681 693.0 
77.739 694.0 
77.716 695.0 
77.763 696.0 
77.81 697.0 
77.739 698.0 
77.471 699.0 
77.704 700.0 
77.739 701.0 
77.716 702.0 
77.775 703.0 
77.751 704.0 
77.786 705.0 
77.81 706.0 
77.658 707.0 
77.716 708.0 
77.716 709.0 
77.751 710.0 
77.739 711.0 
77.81 712.0 
77.798 713.0 
77.833 714.0 
77.833 715.0 
77.693 716.0 
77.739 717.0 
77.704 718.0 
77.716 719.0 
77.728 720.0 
77.739 721.0 
77.775 722.0 
77.798 723.0 
77.833 724.0 
77.845 725.0 
77.681 726.0 
77.634 727.0 
77.693 728.0 
77.739 729.0 
77.716 730.0 
77.775 731.0 
77.751 732.0 
77.763 733.0 
77.81 734.0 
77.786 735.0 
77.775 736.0 
77.798 737.0 
77.821 738.0 
77.319 739.0 
77.646 740.0 
77.669 741.0 
77.669 742.0 
77.646 743.0 
77.693 744.0 
77.693 745.0 
77.704 746.0 
77.716 747.0 
77.704 748.0 
77.739 749.0 
77.728 750.0 
77.739 751.0 
77.728 752.0 
77.728 753.0 
77.739 754.0 
77.728 755.0 
77.739 756.0 
77.763 757.0 
77.739 758.0 
77.751 759.0 
77.728 760.0 
77.751 761.0 
77.763 762.0 
77.775 763.0 
77.763 764.0 
77.798 765.0 
77.786 766.0 
77.728 767.0 
77.763 768.0 
77.763 769.0 
77.775 770.0 
77.763 771.0 
77.751 772.0 
77.751 773.0 
77.763 774.0 
77.786 775.0 
77.786 776.0 
77.81 777.0 
77.739 778.0 
77.751 779.0 
77.763 780.0 
77.739 781.0 
77.739 782.0 
77.739 783.0 
77.751 784.0 
77.763 785.0 
77.739 786.0 
77.751 787.0 
77.751 788.0 
77.775 789.0 
77.739 790.0 
77.763 791.0 
77.751 792.0 
77.751 793.0 
77.751 794.0 
77.763 795.0 
77.775 796.0 
77.739 797.0 
77.763 798.0 
77.751 799.0 
77.763 800.0 
77.751 801.0 
77.763 802.0 
77.739 803.0 
77.775 804.0 
0.006 805.0 
0.007 806.0 
-0.005 807.0 
-0.006 808.0 
0.0 809.0 
-0.001 810.0 
-0.006 811.0 
-0.007 812.0 
-0.013 813.0 
-0.014 814.0 
-0.018 815.0 
-0.013 816.0 
-0.022 817.0 
-0.031 818.0 
-0.022 819.0 
-0.018 820.0 
-0.025 821.0 
-0.025 822.0 
-0.02 823.0 
-0.02 824.0 
-0.023 825.0 
-0.016 826.0 
-0.011 827.0 
-0.025 828.0 
-0.02 829.0 
