-0.043 257.0 
-0.064 258.0 
-0.049 259.0 
-0.044 260.0 
-0.055 261.0 
-0.065 262.0 
-0.08 263.0 
-0.035 264.0 
-0.028 265.0 
-0.04 266.0 
-0.043 267.0 
-0.107 268.0 
-0.053 269.0 
-0.035 270.0 
-0.04 271.0 
-0.035 272.0 
-0.079 273.0 
-0.029 274.0 
137.889 275.0 
135.717 276.0 
134.853 277.0 
133.568 278.0 
132.061 279.0 
130.216 280.0 
128.569 281.0 
125.801 282.0 
122.998 283.0 
121.83 284.0 
121.491 285.0 
121.269 286.0 
121.176 287.0 
120.896 288.0 
120.732 289.0 
120.078 290.0 
120.055 291.0 
119.868 292.0 
119.669 293.0 
119.681 294.0 
119.19 295.0 
119.109 296.0 
119.12 297.0 
118.583 298.0 
118.466 299.0 
118.256 300.0 
117.941 301.0 
117.929 302.0 
117.427 303.0 
117.322 304.0 
117.263 305.0 
116.563 306.0 
115.43 307.0 
113.339 308.0 
110.945 309.0 
107.581 310.0 
104.229 311.0 
100.328 312.0 
96.52 313.0 
92.234 314.0 
88.298 315.0 
84.058 316.0 
80.321 317.0 
77.085 318.0 
76.899 319.0 
76.723 320.0 
76.56 321.0 
76.583 322.0 
76.525 323.0 
76.548 324.0 
76.536 325.0 
76.396 326.0 
76.513 327.0 
76.408 328.0 
76.595 329.0 
76.536 330.0 
76.431 331.0 
76.607 332.0 
76.536 333.0 
76.478 334.0 
76.385 335.0 
76.513 336.0 
76.536 337.0 
76.42 338.0 
76.595 339.0 
76.513 340.0 
76.443 341.0 
76.466 342.0 
76.525 343.0 
76.501 344.0 
76.443 345.0 
76.455 346.0 
76.396 347.0 
76.373 348.0 
76.49 349.0 
76.466 350.0 
76.42 351.0 
76.513 352.0 
76.431 353.0 
76.385 354.0 
76.396 355.0 
76.466 356.0 
76.525 357.0 
76.478 358.0 
76.536 359.0 
76.501 360.0 
76.536 361.0 
76.443 362.0 
76.501 363.0 
76.431 364.0 
76.431 365.0 
76.466 366.0 
76.49 367.0 
76.443 368.0 
76.408 369.0 
76.455 370.0 
76.478 371.0 
76.466 372.0 
76.501 373.0 
76.513 374.0 
76.525 375.0 
76.525 376.0 
76.431 377.0 
76.455 378.0 
76.455 379.0 
76.455 380.0 
76.443 381.0 
76.373 382.0 
76.443 383.0 
76.478 384.0 
76.478 385.0 
76.536 386.0 
76.385 387.0 
76.396 388.0 
76.466 389.0 
76.501 390.0 
76.455 391.0 
76.408 392.0 
76.513 393.0 
76.396 394.0 
76.455 395.0 
76.56 396.0 
76.396 397.0 
76.501 398.0 
76.338 399.0 
76.443 400.0 
76.525 401.0 
76.466 402.0 
76.548 403.0 
76.501 404.0 
76.478 405.0 
76.396 406.0 
76.466 407.0 
76.396 408.0 
76.466 409.0 
76.408 410.0 
76.455 411.0 
76.513 412.0 
76.677 413.0 
76.525 414.0 
76.443 415.0 
76.478 416.0 
76.443 417.0 
76.49 418.0 
76.501 419.0 
76.408 420.0 
76.466 421.0 
76.478 422.0 
76.49 423.0 
76.42 424.0 
76.455 425.0 
76.478 426.0 
76.49 427.0 
76.373 428.0 
76.431 429.0 
76.443 430.0 
76.478 431.0 
76.49 432.0 
76.49 433.0 
76.396 434.0 
76.396 435.0 
76.408 436.0 
76.455 437.0 
76.408 438.0 
76.373 439.0 
76.42 440.0 
76.431 441.0 
76.408 442.0 
76.455 443.0 
76.42 444.0 
76.431 445.0 
76.408 446.0 
76.513 447.0 
76.513 448.0 
76.501 449.0 
76.712 450.0 
76.431 451.0 
76.385 452.0 
76.408 453.0 
76.408 454.0 
76.478 455.0 
76.315 456.0 
76.431 457.0 
76.373 458.0 
76.513 459.0 
76.49 460.0 
76.455 461.0 
76.408 462.0 
76.501 463.0 
76.443 464.0 
76.455 465.0 
76.501 466.0 
76.431 467.0 
76.408 468.0 
76.466 469.0 
76.431 470.0 
76.396 471.0 
76.42 472.0 
76.28 473.0 
76.42 474.0 
76.466 475.0 
76.455 476.0 
76.385 477.0 
76.455 478.0 
76.373 479.0 
76.455 480.0 
76.525 481.0 
76.443 482.0 
76.536 483.0 
76.396 484.0 
76.466 485.0 
76.385 486.0 
76.396 487.0 
76.466 488.0 
76.431 489.0 
76.443 490.0 
76.49 491.0 
76.373 492.0 
76.408 493.0 
76.466 494.0 
76.361 495.0 
76.408 496.0 
76.455 497.0 
76.478 498.0 
76.373 499.0 
76.42 500.0 
76.42 501.0 
76.478 502.0 
76.361 503.0 
76.396 504.0 
76.408 505.0 
76.42 506.0 
76.35 507.0 
76.455 508.0 
76.326 509.0 
76.373 510.0 
76.385 511.0 
76.431 512.0 
76.385 513.0 
76.431 514.0 
76.431 515.0 
76.338 516.0 
76.828 517.0 
76.326 518.0 
76.315 519.0 
76.326 520.0 
76.315 521.0 
76.315 522.0 
76.338 523.0 
76.315 524.0 
76.315 525.0 
76.303 526.0 
76.303 527.0 
76.174 528.0 
76.268 529.0 
76.198 530.0 
76.174 531.0 
76.361 532.0 
76.595 533.0 
76.256 534.0 
76.256 535.0 
76.256 536.0 
76.186 537.0 
76.116 538.0 
76.093 539.0 
76.058 540.0 
76.163 541.0 
76.069 542.0 
76.058 543.0 
76.046 544.0 
76.011 545.0 
75.988 546.0 
76.069 547.0 
75.976 548.0 
75.976 549.0 
75.917 550.0 
75.847 551.0 
75.964 552.0 
75.917 553.0 
75.906 554.0 
75.847 555.0 
75.964 556.0 
75.941 557.0 
75.894 558.0 
75.567 559.0 
75.941 560.0 
75.906 561.0 
75.836 562.0 
75.964 563.0 
75.871 564.0 
75.859 565.0 
75.976 566.0 
75.917 567.0 
75.836 568.0 
75.906 569.0 
75.882 570.0 
75.953 571.0 
75.906 572.0 
75.871 573.0 
75.929 574.0 
75.882 575.0 
76.28 576.0 
75.894 577.0 
75.917 578.0 
75.999 579.0 
75.941 580.0 
75.988 581.0 
75.953 582.0 
75.988 583.0 
75.976 584.0 
75.684 585.0 
75.953 586.0 
75.882 587.0 
75.964 588.0 
75.882 589.0 
75.953 590.0 
75.882 591.0 
75.964 592.0 
75.894 593.0 
75.953 594.0 
75.859 595.0 
75.964 596.0 
75.917 597.0 
75.894 598.0 
75.894 599.0 
75.988 600.0 
76.034 601.0 
75.929 602.0 
75.999 603.0 
75.941 604.0 
75.999 605.0 
75.894 606.0 
75.964 607.0 
75.894 608.0 
75.941 609.0 
76.058 610.0 
75.929 611.0 
76.011 612.0 
75.917 613.0 
75.964 614.0 
75.894 615.0 
75.882 616.0 
75.999 617.0 
75.836 618.0 
75.964 619.0 
75.766 620.0 
75.917 621.0 
75.964 622.0 
75.882 623.0 
75.941 624.0 
76.023 625.0 
75.894 626.0 
75.953 627.0 
76.011 628.0 
75.882 629.0 
75.953 630.0 
76.023 631.0 
75.894 632.0 
75.953 633.0 
76.186 634.0 
75.894 635.0 
75.929 636.0 
75.999 637.0 
75.894 638.0 
75.882 639.0 
76.011 640.0 
75.882 641.0 
75.859 642.0 
75.999 643.0 
75.882 644.0 
75.871 645.0 
75.941 646.0 
76.034 647.0 
75.917 648.0 
75.906 649.0 
75.999 650.0 
75.836 651.0 
75.871 652.0 
75.941 653.0 
76.011 654.0 
75.859 655.0 
75.894 656.0 
75.953 657.0 
75.964 658.0 
75.894 659.0 
75.941 660.0 
75.999 661.0 
75.953 662.0 
75.882 663.0 
75.929 664.0 
75.976 665.0 
76.023 666.0 
75.859 667.0 
75.917 668.0 
75.976 669.0 
75.988 670.0 
75.894 671.0 
75.894 672.0 
75.929 673.0 
75.999 674.0 
75.964 675.0 
75.847 676.0 
75.917 677.0 
75.953 678.0 
75.953 679.0 
76.011 680.0 
75.859 681.0 
75.894 682.0 
75.953 683.0 
75.953 684.0 
75.953 685.0 
76.023 686.0 
75.812 687.0 
75.871 688.0 
75.929 689.0 
75.976 690.0 
75.953 691.0 
76.011 692.0 
75.847 693.0 
75.906 694.0 
75.906 695.0 
75.941 696.0 
75.882 697.0 
75.988 698.0 
75.789 699.0 
75.882 700.0 
75.906 701.0 
75.917 702.0 
75.964 703.0 
75.976 704.0 
75.988 705.0 
76.046 706.0 
75.871 707.0 
75.871 708.0 
75.894 709.0 
75.941 710.0 
75.953 711.0 
75.941 712.0 
75.988 713.0 
76.011 714.0 
75.812 715.0 
75.882 716.0 
75.836 717.0 
75.882 718.0 
75.894 719.0 
75.917 720.0 
75.941 721.0 
75.976 722.0 
75.988 723.0 
76.023 724.0 
76.034 725.0 
75.871 726.0 
75.836 727.0 
75.871 728.0 
75.871 729.0 
75.894 730.0 
75.941 731.0 
75.953 732.0 
75.964 733.0 
75.941 734.0 
75.964 735.0 
75.929 736.0 
76.011 737.0 
76.034 738.0 
75.789 739.0 
75.836 740.0 
75.836 741.0 
75.824 742.0 
75.859 743.0 
75.859 744.0 
75.871 745.0 
75.906 746.0 
75.894 747.0 
75.894 748.0 
75.859 749.0 
75.929 750.0 
75.917 751.0 
75.894 752.0 
75.929 753.0 
75.906 754.0 
75.917 755.0 
75.929 756.0 
75.929 757.0 
75.929 758.0 
75.929 759.0 
75.929 760.0 
75.929 761.0 
75.964 762.0 
75.906 763.0 
75.929 764.0 
75.941 765.0 
75.953 766.0 
75.964 767.0 
75.953 768.0 
75.941 769.0 
75.941 770.0 
75.953 771.0 
75.906 772.0 
75.929 773.0 
75.941 774.0 
75.929 775.0 
75.953 776.0 
75.941 777.0 
75.941 778.0 
75.941 779.0 
75.988 780.0 
75.953 781.0 
75.929 782.0 
75.953 783.0 
75.882 784.0 
75.953 785.0 
75.976 786.0 
75.964 787.0 
75.964 788.0 
75.941 789.0 
75.976 790.0 
75.953 791.0 
75.964 792.0 
75.941 793.0 
75.953 794.0 
75.929 795.0 
75.964 796.0 
75.964 797.0 
75.953 798.0 
75.964 799.0 
75.964 800.0 
75.953 801.0 
75.929 802.0 
75.953 803.0 
75.953 804.0 
0.0 805.0 
0.0 806.0 
0.0 807.0 
-0.01 808.0 
-0.016 809.0 
-0.008 810.0 
-0.02 811.0 
-0.029 812.0 
-0.036 813.0 
-0.038 814.0 
-0.043 815.0 
-0.054 816.0 
-0.054 817.0 
-0.059 818.0 
-0.061 819.0 
-0.058 820.0 
-0.064 821.0 
-0.064 822.0 
-0.062 823.0 
-0.059 824.0 
-0.058 825.0 
-0.05 826.0 
-0.05 827.0 
-0.05 828.0 
-0.041 829.0 
