-0.036 257.0 
-0.02 258.0 
-0.041 259.0 
-0.036 260.0 
-0.035 261.0 
-0.02 262.0 
-0.046 263.0 
-0.055 264.0 
-0.036 265.0 
-0.044 266.0 
-0.048 267.0 
-0.041 268.0 
-0.055 269.0 
-0.052 270.0 
-0.054 271.0 
-0.028 272.0 
-0.016 273.0 
-0.047 274.0 
142.001 275.0 
138.719 276.0 
137.656 277.0 
136.091 278.0 
134.245 279.0 
132.05 280.0 
130.169 281.0 
127.646 282.0 
123.792 283.0 
122.204 284.0 
121.818 285.0 
121.445 286.0 
121.351 287.0 
121.106 288.0 
120.849 289.0 
120.218 290.0 
120.136 291.0 
119.95 292.0 
119.786 293.0 
119.704 294.0 
119.214 295.0 
119.155 296.0 
119.132 297.0 
118.641 298.0 
118.443 299.0 
118.431 300.0 
117.917 301.0 
117.871 302.0 
117.438 303.0 
117.333 304.0 
117.474 305.0 
116.726 306.0 
115.64 307.0 
113.584 308.0 
111.377 309.0 
108.363 310.0 
105.338 311.0 
101.741 312.0 
97.969 313.0 
93.916 314.0 
89.91 315.0 
85.752 316.0 
81.932 317.0 
79.094 318.0 
78.849 319.0 
78.604 320.0 
78.405 321.0 
78.417 322.0 
78.242 323.0 
78.277 324.0 
78.207 325.0 
78.148 326.0 
78.23 327.0 
78.125 328.0 
78.312 329.0 
78.23 330.0 
78.195 331.0 
78.394 332.0 
78.277 333.0 
78.172 334.0 
78.195 335.0 
78.277 336.0 
78.265 337.0 
78.137 338.0 
78.429 339.0 
78.172 340.0 
78.16 341.0 
78.137 342.0 
78.359 343.0 
78.16 344.0 
78.137 345.0 
78.148 346.0 
78.125 347.0 
78.113 348.0 
78.253 349.0 
78.23 350.0 
78.218 351.0 
78.218 352.0 
78.183 353.0 
78.102 354.0 
78.16 355.0 
78.218 356.0 
78.253 357.0 
78.172 358.0 
78.242 359.0 
78.207 360.0 
78.23 361.0 
78.125 362.0 
78.183 363.0 
78.113 364.0 
78.16 365.0 
78.172 366.0 
78.207 367.0 
78.113 368.0 
78.148 369.0 
78.207 370.0 
78.242 371.0 
78.218 372.0 
78.242 373.0 
78.218 374.0 
78.265 375.0 
78.429 376.0 
78.137 377.0 
78.183 378.0 
78.16 379.0 
78.125 380.0 
78.172 381.0 
78.253 382.0 
78.148 383.0 
78.148 384.0 
78.113 385.0 
78.277 386.0 
78.125 387.0 
78.09 388.0 
78.218 389.0 
78.207 390.0 
78.207 391.0 
78.137 392.0 
78.218 393.0 
78.113 394.0 
78.207 395.0 
78.277 396.0 
78.16 397.0 
78.195 398.0 
78.067 399.0 
78.102 400.0 
78.242 401.0 
78.183 402.0 
78.253 403.0 
78.207 404.0 
78.148 405.0 
78.09 406.0 
78.183 407.0 
78.102 408.0 
78.183 409.0 
78.137 410.0 
78.183 411.0 
78.253 412.0 
78.697 413.0 
78.207 414.0 
78.148 415.0 
78.218 416.0 
78.113 417.0 
78.207 418.0 
78.172 419.0 
78.09 420.0 
78.148 421.0 
78.207 422.0 
78.218 423.0 
78.113 424.0 
78.113 425.0 
78.195 426.0 
78.207 427.0 
78.113 428.0 
78.137 429.0 
78.148 430.0 
78.195 431.0 
78.16 432.0 
78.218 433.0 
78.09 434.0 
78.113 435.0 
78.16 436.0 
78.218 437.0 
78.113 438.0 
78.067 439.0 
78.137 440.0 
78.102 441.0 
78.09 442.0 
78.148 443.0 
78.148 444.0 
78.113 445.0 
78.078 446.0 
78.207 447.0 
78.195 448.0 
78.183 449.0 
78.534 450.0 
78.172 451.0 
78.148 452.0 
78.113 453.0 
78.09 454.0 
78.195 455.0 
78.02 456.0 
78.113 457.0 
78.113 458.0 
78.172 459.0 
78.207 460.0 
78.16 461.0 
78.137 462.0 
78.207 463.0 
78.137 464.0 
78.148 465.0 
78.195 466.0 
78.125 467.0 
78.078 468.0 
78.183 469.0 
78.148 470.0 
78.078 471.0 
78.125 472.0 
78.043 473.0 
78.137 474.0 
78.218 475.0 
78.183 476.0 
78.09 477.0 
78.16 478.0 
78.043 479.0 
78.148 480.0 
78.195 481.0 
78.125 482.0 
78.207 483.0 
78.09 484.0 
78.137 485.0 
78.067 486.0 
78.078 487.0 
78.172 488.0 
78.125 489.0 
78.16 490.0 
78.183 491.0 
78.137 492.0 
78.137 493.0 
78.16 494.0 
78.102 495.0 
78.09 496.0 
78.183 497.0 
78.172 498.0 
78.055 499.0 
78.043 500.0 
78.137 501.0 
78.148 502.0 
78.031 503.0 
78.067 504.0 
78.09 505.0 
78.113 506.0 
78.067 507.0 
78.16 508.0 
78.008 509.0 
78.078 510.0 
78.078 511.0 
78.102 512.0 
78.113 513.0 
78.148 514.0 
78.137 515.0 
78.043 516.0 
78.429 517.0 
77.973 518.0 
77.996 519.0 
78.043 520.0 
78.02 521.0 
78.043 522.0 
77.996 523.0 
78.02 524.0 
78.008 525.0 
78.031 526.0 
77.996 527.0 
77.926 528.0 
77.996 529.0 
77.961 530.0 
77.961 531.0 
78.102 532.0 
78.078 533.0 
78.02 534.0 
78.043 535.0 
77.996 536.0 
77.961 537.0 
77.868 538.0 
77.856 539.0 
77.81 540.0 
77.915 541.0 
77.798 542.0 
77.821 543.0 
77.775 544.0 
77.716 545.0 
77.693 546.0 
77.775 547.0 
77.751 548.0 
77.704 549.0 
77.634 550.0 
77.611 551.0 
77.739 552.0 
77.693 553.0 
77.646 554.0 
77.623 555.0 
77.728 556.0 
77.681 557.0 
77.634 558.0 
77.249 559.0 
77.681 560.0 
77.646 561.0 
77.634 562.0 
77.739 563.0 
77.646 564.0 
77.529 565.0 
77.681 566.0 
77.681 567.0 
77.576 568.0 
77.693 569.0 
77.634 570.0 
77.728 571.0 
77.669 572.0 
77.553 573.0 
77.669 574.0 
77.623 575.0 
78.02 576.0 
77.669 577.0 
77.634 578.0 
77.728 579.0 
77.658 580.0 
77.751 581.0 
77.693 582.0 
77.739 583.0 
77.693 584.0 
77.354 585.0 
77.693 586.0 
77.611 587.0 
77.716 588.0 
77.634 589.0 
77.716 590.0 
77.634 591.0 
77.716 592.0 
77.623 593.0 
77.716 594.0 
77.623 595.0 
77.646 596.0 
77.646 597.0 
77.704 598.0 
77.588 599.0 
77.704 600.0 
77.751 601.0 
77.669 602.0 
77.763 603.0 
77.623 604.0 
77.728 605.0 
77.623 606.0 
77.669 607.0 
77.588 608.0 
77.681 609.0 
77.775 610.0 
77.669 611.0 
77.739 612.0 
77.669 613.0 
77.716 614.0 
77.576 615.0 
77.681 616.0 
77.763 617.0 
77.576 618.0 
77.693 619.0 
77.471 620.0 
77.669 621.0 
77.704 622.0 
77.611 623.0 
77.658 624.0 
77.751 625.0 
77.611 626.0 
77.704 627.0 
77.739 628.0 
77.646 629.0 
77.704 630.0 
77.775 631.0 
77.611 632.0 
77.716 633.0 
77.996 634.0 
77.658 635.0 
77.704 636.0 
77.763 637.0 
77.646 638.0 
77.681 639.0 
77.716 640.0 
77.611 641.0 
77.658 642.0 
77.704 643.0 
77.576 644.0 
77.681 645.0 
77.693 646.0 
77.739 647.0 
77.599 648.0 
77.669 649.0 
77.751 650.0 
77.564 651.0 
77.553 652.0 
77.669 653.0 
77.728 654.0 
77.599 655.0 
77.646 656.0 
77.681 657.0 
77.728 658.0 
77.599 659.0 
77.658 660.0 
77.739 661.0 
77.739 662.0 
77.588 663.0 
77.693 664.0 
77.728 665.0 
77.751 666.0 
77.599 667.0 
77.623 668.0 
77.716 669.0 
77.739 670.0 
77.599 671.0 
77.669 672.0 
77.669 673.0 
77.704 674.0 
77.739 675.0 
77.588 676.0 
77.646 677.0 
77.681 678.0 
77.634 679.0 
77.716 680.0 
77.588 681.0 
77.576 682.0 
77.646 683.0 
77.681 684.0 
77.739 685.0 
77.751 686.0 
77.588 687.0 
77.634 688.0 
77.646 689.0 
77.693 690.0 
77.728 691.0 
77.751 692.0 
77.588 693.0 
77.611 694.0 
77.669 695.0 
77.693 696.0 
77.728 697.0 
77.739 698.0 
77.471 699.0 
77.588 700.0 
77.599 701.0 
77.658 702.0 
77.669 703.0 
77.681 704.0 
77.669 705.0 
77.751 706.0 
77.599 707.0 
77.611 708.0 
77.634 709.0 
77.646 710.0 
77.716 711.0 
77.716 712.0 
77.704 713.0 
77.728 714.0 
77.775 715.0 
77.576 716.0 
77.588 717.0 
77.611 718.0 
77.634 719.0 
77.669 720.0 
77.693 721.0 
77.693 722.0 
77.739 723.0 
77.728 724.0 
77.763 725.0 
77.576 726.0 
77.588 727.0 
77.599 728.0 
77.658 729.0 
77.681 730.0 
77.658 731.0 
77.669 732.0 
77.658 733.0 
77.704 734.0 
77.716 735.0 
77.716 736.0 
77.763 737.0 
77.763 738.0 
77.471 739.0 
77.588 740.0 
77.553 741.0 
77.564 742.0 
77.599 743.0 
77.576 744.0 
77.599 745.0 
77.611 746.0 
77.611 747.0 
77.611 748.0 
77.623 749.0 
77.623 750.0 
77.634 751.0 
77.634 752.0 
77.623 753.0 
77.634 754.0 
77.669 755.0 
77.658 756.0 
77.693 757.0 
77.658 758.0 
77.669 759.0 
77.646 760.0 
77.681 761.0 
77.658 762.0 
77.669 763.0 
77.681 764.0 
77.681 765.0 
77.681 766.0 
77.693 767.0 
77.681 768.0 
77.693 769.0 
77.669 770.0 
77.681 771.0 
77.681 772.0 
77.704 773.0 
77.704 774.0 
77.658 775.0 
77.681 776.0 
77.669 777.0 
77.681 778.0 
77.646 779.0 
77.658 780.0 
77.658 781.0 
77.669 782.0 
77.658 783.0 
77.681 784.0 
77.658 785.0 
77.658 786.0 
77.669 787.0 
77.669 788.0 
77.669 789.0 
77.681 790.0 
77.669 791.0 
77.693 792.0 
77.681 793.0 
77.681 794.0 
77.681 795.0 
77.681 796.0 
77.681 797.0 
77.669 798.0 
77.693 799.0 
77.658 800.0 
77.693 801.0 
77.658 802.0 
77.658 803.0 
77.693 804.0 
0.002 805.0 
0.007 806.0 
0.005 807.0 
0.0 808.0 
0.006 809.0 
0.008 810.0 
0.005 811.0 
0.0 812.0 
0.004 813.0 
0.001 814.0 
-0.005 815.0 
-0.011 816.0 
-0.004 817.0 
-0.007 818.0 
-0.02 819.0 
-0.019 820.0 
-0.016 821.0 
-0.018 822.0 
-0.023 823.0 
-0.028 824.0 
-0.024 825.0 
-0.024 826.0 
-0.03 827.0 
-0.029 828.0 
-0.018 829.0 
