-0.055 257.0 
-0.052 258.0 
-0.058 259.0 
-0.06 260.0 
-0.068 261.0 
-0.069 262.0 
-0.025 263.0 
-0.025 264.0 
-0.035 265.0 
-0.037 266.0 
-0.04 267.0 
-0.016 268.0 
-0.052 269.0 
-0.031 270.0 
-0.046 271.0 
-0.052 272.0 
-0.032 273.0 
-0.044 274.0 
149.791 275.0 
146.708 276.0 
145.551 277.0 
143.916 278.0 
142.234 279.0 
139.828 280.0 
137.925 281.0 
135.775 282.0 
132.377 283.0 
130.858 284.0 
130.426 285.0 
130.052 286.0 
129.924 287.0 
129.644 288.0 
129.375 289.0 
128.733 290.0 
128.557 291.0 
128.324 292.0 
128.149 293.0 
128.055 294.0 
127.495 295.0 
127.296 296.0 
127.203 297.0 
126.7 298.0 
126.514 299.0 
126.479 300.0 
125.918 301.0 
125.883 302.0 
125.369 303.0 
125.264 304.0 
125.182 305.0 
124.528 306.0 
123.313 307.0 
120.872 308.0 
117.929 309.0 
113.9 310.0 
109.917 311.0 
105.163 312.0 
101.052 313.0 
96.392 314.0 
92.257 315.0 
87.912 316.0 
84.175 317.0 
81.021 318.0 
80.916 319.0 
80.683 320.0 
80.543 321.0 
80.554 322.0 
80.473 323.0 
80.519 324.0 
80.461 325.0 
80.321 326.0 
80.449 327.0 
80.356 328.0 
80.554 329.0 
80.484 330.0 
80.356 331.0 
80.449 332.0 
80.461 333.0 
80.367 334.0 
80.437 335.0 
80.449 336.0 
80.449 337.0 
80.344 338.0 
80.496 339.0 
80.391 340.0 
80.367 341.0 
80.379 342.0 
80.075 343.0 
80.414 344.0 
80.426 345.0 
80.367 346.0 
80.332 347.0 
80.426 348.0 
80.437 349.0 
80.437 350.0 
80.367 351.0 
80.402 352.0 
80.402 353.0 
80.356 354.0 
80.473 355.0 
80.402 356.0 
80.449 357.0 
80.414 358.0 
80.496 359.0 
80.414 360.0 
80.473 361.0 
80.356 362.0 
80.437 363.0 
80.402 364.0 
80.379 365.0 
80.402 366.0 
80.449 367.0 
80.391 368.0 
80.402 369.0 
80.391 370.0 
80.437 371.0 
80.426 372.0 
80.437 373.0 
80.461 374.0 
80.461 375.0 
80.741 376.0 
80.332 377.0 
80.367 378.0 
80.379 379.0 
80.391 380.0 
80.402 381.0 
80.484 382.0 
80.391 383.0 
80.379 384.0 
80.379 385.0 
80.484 386.0 
80.344 387.0 
80.379 388.0 
80.437 389.0 
80.461 390.0 
80.402 391.0 
80.367 392.0 
80.484 393.0 
80.286 394.0 
80.402 395.0 
80.484 396.0 
80.321 397.0 
80.437 398.0 
80.274 399.0 
80.332 400.0 
80.449 401.0 
80.426 402.0 
80.496 403.0 
80.449 404.0 
80.402 405.0 
80.309 406.0 
80.379 407.0 
80.367 408.0 
80.437 409.0 
80.321 410.0 
80.356 411.0 
80.426 412.0 
80.846 413.0 
80.426 414.0 
80.379 415.0 
80.402 416.0 
80.309 417.0 
80.437 418.0 
80.402 419.0 
80.332 420.0 
80.402 421.0 
80.449 422.0 
80.449 423.0 
80.367 424.0 
80.367 425.0 
80.402 426.0 
80.437 427.0 
80.379 428.0 
80.367 429.0 
80.367 430.0 
80.391 431.0 
80.449 432.0 
80.461 433.0 
80.344 434.0 
80.379 435.0 
80.379 436.0 
80.426 437.0 
80.344 438.0 
80.262 439.0 
80.344 440.0 
80.414 441.0 
80.356 442.0 
80.367 443.0 
80.391 444.0 
80.344 445.0 
80.344 446.0 
80.473 447.0 
80.437 448.0 
80.426 449.0 
80.8 450.0 
80.414 451.0 
80.379 452.0 
80.297 453.0 
80.297 454.0 
80.426 455.0 
80.379 456.0 
80.367 457.0 
80.344 458.0 
80.402 459.0 
80.437 460.0 
80.402 461.0 
80.332 462.0 
80.449 463.0 
80.426 464.0 
80.367 465.0 
80.461 466.0 
80.402 467.0 
80.321 468.0 
80.437 469.0 
80.402 470.0 
80.309 471.0 
80.344 472.0 
80.344 473.0 
80.367 474.0 
80.461 475.0 
80.367 476.0 
80.309 477.0 
80.367 478.0 
80.274 479.0 
80.391 480.0 
80.461 481.0 
80.391 482.0 
80.461 483.0 
80.379 484.0 
80.426 485.0 
80.309 486.0 
80.367 487.0 
80.449 488.0 
80.356 489.0 
80.402 490.0 
80.426 491.0 
80.391 492.0 
80.356 493.0 
80.414 494.0 
80.286 495.0 
80.309 496.0 
80.391 497.0 
80.449 498.0 
80.321 499.0 
80.321 500.0 
80.402 501.0 
80.414 502.0 
80.309 503.0 
80.309 504.0 
80.379 505.0 
80.379 506.0 
80.309 507.0 
80.449 508.0 
80.286 509.0 
80.321 510.0 
80.309 511.0 
80.344 512.0 
80.367 513.0 
80.367 514.0 
80.391 515.0 
80.391 516.0 
80.379 517.0 
80.169 518.0 
80.216 519.0 
80.239 520.0 
80.286 521.0 
80.286 522.0 
80.286 523.0 
80.262 524.0 
80.251 525.0 
80.297 526.0 
80.239 527.0 
80.227 528.0 
80.216 529.0 
80.204 530.0 
80.181 531.0 
80.274 532.0 
80.286 533.0 
80.227 534.0 
80.251 535.0 
80.216 536.0 
80.134 537.0 
80.087 538.0 
80.04 539.0 
80.017 540.0 
80.145 541.0 
80.064 542.0 
80.075 543.0 
80.029 544.0 
79.982 545.0 
79.924 546.0 
80.017 547.0 
79.982 548.0 
79.947 549.0 
79.9 550.0 
79.865 551.0 
79.912 552.0 
79.865 553.0 
79.83 554.0 
79.83 555.0 
79.947 556.0 
79.865 557.0 
79.83 558.0 
79.515 559.0 
79.912 560.0 
79.877 561.0 
79.795 562.0 
79.959 563.0 
79.772 564.0 
79.783 565.0 
79.935 566.0 
79.912 567.0 
79.818 568.0 
79.854 569.0 
79.842 570.0 
79.959 571.0 
79.9 572.0 
79.818 573.0 
79.912 574.0 
79.842 575.0 
79.97 576.0 
79.877 577.0 
79.842 578.0 
79.97 579.0 
79.865 580.0 
79.982 581.0 
79.924 582.0 
79.994 583.0 
79.947 584.0 
79.667 585.0 
79.97 586.0 
79.854 587.0 
79.959 588.0 
79.83 589.0 
79.935 590.0 
79.865 591.0 
79.924 592.0 
79.889 593.0 
79.924 594.0 
79.854 595.0 
79.877 596.0 
79.865 597.0 
79.9 598.0 
79.842 599.0 
79.9 600.0 
80.005 601.0 
79.9 602.0 
80.005 603.0 
79.9 604.0 
79.982 605.0 
79.877 606.0 
79.97 607.0 
79.865 608.0 
79.889 609.0 
79.97 610.0 
79.9 611.0 
79.994 612.0 
79.854 613.0 
79.947 614.0 
79.83 615.0 
79.912 616.0 
79.97 617.0 
79.783 618.0 
79.912 619.0 
79.62 620.0 
79.877 621.0 
79.982 622.0 
79.854 623.0 
79.924 624.0 
79.97 625.0 
79.83 626.0 
79.924 627.0 
79.994 628.0 
79.854 629.0 
79.912 630.0 
80.005 631.0 
79.854 632.0 
79.947 633.0 
80.239 634.0 
79.842 635.0 
79.935 636.0 
80.017 637.0 
79.877 638.0 
79.889 639.0 
79.959 640.0 
79.807 641.0 
79.877 642.0 
79.947 643.0 
79.818 644.0 
79.9 645.0 
79.935 646.0 
79.982 647.0 
79.854 648.0 
79.9 649.0 
79.947 650.0 
79.772 651.0 
79.83 652.0 
79.889 653.0 
79.982 654.0 
79.783 655.0 
79.865 656.0 
79.9 657.0 
79.959 658.0 
79.877 659.0 
79.9 660.0 
79.959 661.0 
80.005 662.0 
79.842 663.0 
79.935 664.0 
79.947 665.0 
80.005 666.0 
79.865 667.0 
79.9 668.0 
79.97 669.0 
80.005 670.0 
79.818 671.0 
79.83 672.0 
79.9 673.0 
79.97 674.0 
79.924 675.0 
79.818 676.0 
79.889 677.0 
79.9 678.0 
79.935 679.0 
79.959 680.0 
79.807 681.0 
79.854 682.0 
79.889 683.0 
79.935 684.0 
79.924 685.0 
80.005 686.0 
79.807 687.0 
79.877 688.0 
79.935 689.0 
79.947 690.0 
79.959 691.0 
79.982 692.0 
79.818 693.0 
79.854 694.0 
79.889 695.0 
79.889 696.0 
79.924 697.0 
79.959 698.0 
79.725 699.0 
79.795 700.0 
79.854 701.0 
79.877 702.0 
79.924 703.0 
79.935 704.0 
79.912 705.0 
80.005 706.0 
79.818 707.0 
79.842 708.0 
79.912 709.0 
79.889 710.0 
79.912 711.0 
79.947 712.0 
79.924 713.0 
79.97 714.0 
79.772 715.0 
79.818 716.0 
79.83 717.0 
79.865 718.0 
79.865 719.0 
79.9 720.0 
79.924 721.0 
79.947 722.0 
79.947 723.0 
79.994 724.0 
80.052 725.0 
79.818 726.0 
79.83 727.0 
79.807 728.0 
79.889 729.0 
79.865 730.0 
79.877 731.0 
79.889 732.0 
79.935 733.0 
79.97 734.0 
79.947 735.0 
79.935 736.0 
79.982 737.0 
80.005 738.0 
79.737 739.0 
79.818 740.0 
79.818 741.0 
79.818 742.0 
79.807 743.0 
79.854 744.0 
79.842 745.0 
79.842 746.0 
79.854 747.0 
79.842 748.0 
79.877 749.0 
79.889 750.0 
79.83 751.0 
79.877 752.0 
79.9 753.0 
79.865 754.0 
79.889 755.0 
79.877 756.0 
79.854 757.0 
79.889 758.0 
79.912 759.0 
79.877 760.0 
79.889 761.0 
79.9 762.0 
79.924 763.0 
79.9 764.0 
79.924 765.0 
79.9 766.0 
79.924 767.0 
79.959 768.0 
79.924 769.0 
79.924 770.0 
79.947 771.0 
79.912 772.0 
79.947 773.0 
79.947 774.0 
79.9 775.0 
79.9 776.0 
79.889 777.0 
79.9 778.0 
79.889 779.0 
79.9 780.0 
79.924 781.0 
79.935 782.0 
79.912 783.0 
79.912 784.0 
79.912 785.0 
79.889 786.0 
79.912 787.0 
79.924 788.0 
79.935 789.0 
79.924 790.0 
79.9 791.0 
79.889 792.0 
79.912 793.0 
79.924 794.0 
79.889 795.0 
79.877 796.0 
79.865 797.0 
79.912 798.0 
79.877 799.0 
79.877 800.0 
79.865 801.0 
79.877 802.0 
79.889 803.0 
79.889 804.0 
0.005 805.0 
0.001 806.0 
0.011 807.0 
0.001 808.0 
0.013 809.0 
0.004 810.0 
0.001 811.0 
-0.006 812.0 
0.001 813.0 
-0.004 814.0 
-0.005 815.0 
-0.005 816.0 
-0.006 817.0 
-0.006 818.0 
-0.005 819.0 
-0.008 820.0 
-0.016 821.0 
-0.019 822.0 
-0.012 823.0 
-0.014 824.0 
-0.016 825.0 
-0.018 826.0 
-0.008 827.0 
-0.016 828.0 
-0.014 829.0 
