-0.085 257.0 
-0.054 258.0 
-0.071 259.0 
-0.065 260.0 
-0.054 261.0 
-0.06 262.0 
-0.037 263.0 
-0.059 264.0 
-0.056 265.0 
-0.042 266.0 
-0.048 267.0 
-0.046 268.0 
-0.071 269.0 
-0.058 270.0 
-0.072 271.0 
-0.067 272.0 
-0.048 273.0 
-0.08 274.0 
785.877 275.0 
781.119 276.0 
779.494 277.0 
774.852 278.0 
770.442 279.0 
766.381 280.0 
763.131 281.0 
760.81 282.0 
758.141 283.0 
755.936 284.0 
754.776 285.0 
753.847 286.0 
754.08 287.0 
753.499 288.0 
751.991 289.0 
753.383 290.0 
749.09 291.0 
748.625 292.0 
748.277 293.0 
748.161 294.0 
746.42 295.0 
746.42 296.0 
746.769 297.0 
744.564 298.0 
744.796 299.0 
745.26 300.0 
743.055 301.0 
743.751 302.0 
741.314 303.0 
742.127 304.0 
747.581 305.0 
741.314 306.0 
741.662 307.0 
739.806 308.0 
740.27 309.0 
738.645 310.0 
739.574 311.0 
738.297 312.0 
738.529 313.0 
737.485 314.0 
738.065 315.0 
737.369 316.0 
738.065 317.0 
736.672 318.0 
737.717 319.0 
737.021 320.0 
735.512 321.0 
737.021 322.0 
736.324 323.0 
736.788 324.0 
736.092 325.0 
736.208 326.0 
736.324 327.0 
735.396 328.0 
740.618 329.0 
735.976 330.0 
735.048 331.0 
738.761 332.0 
735.976 333.0 
735.28 334.0 
735.048 335.0 
735.86 336.0 
735.512 337.0 
734.7 338.0 
737.833 339.0 
735.396 340.0 
735.164 341.0 
735.048 342.0 
733.307 343.0 
735.28 344.0 
734.932 345.0 
734.816 346.0 
734.7 347.0 
733.887 348.0 
735.164 349.0 
734.816 350.0 
734.7 351.0 
734.816 352.0 
734.584 353.0 
732.843 354.0 
733.655 355.0 
735.048 356.0 
735.048 357.0 
734.7 358.0 
735.628 359.0 
734.816 360.0 
734.816 361.0 
734.7 362.0 
734.816 363.0 
734.119 364.0 
734.467 365.0 
734.584 366.0 
735.164 367.0 
734.119 368.0 
734.119 369.0 
734.235 370.0 
734.7 371.0 
734.816 372.0 
734.932 373.0 
734.932 374.0 
735.28 375.0 
735.628 376.0 
734.003 377.0 
734.351 378.0 
734.235 379.0 
734.816 380.0 
734.467 381.0 
734.467 382.0 
734.003 383.0 
734.351 384.0 
734.003 385.0 
735.164 386.0 
734.003 387.0 
733.887 388.0 
734.467 389.0 
734.235 390.0 
734.7 391.0 
733.887 392.0 
735.28 393.0 
733.655 394.0 
734.7 395.0 
735.28 396.0 
733.655 397.0 
734.235 398.0 
733.423 399.0 
733.655 400.0 
734.932 401.0 
734.816 402.0 
735.048 403.0 
734.7 404.0 
734.467 405.0 
733.887 406.0 
734.467 407.0 
734.003 408.0 
734.235 409.0 
733.423 410.0 
734.351 411.0 
734.7 412.0 
737.485 413.0 
734.467 414.0 
733.771 415.0 
734.351 416.0 
733.771 417.0 
734.584 418.0 
734.7 419.0 
733.771 420.0 
734.351 421.0 
734.235 422.0 
734.7 423.0 
734.003 424.0 
734.119 425.0 
734.7 426.0 
734.7 427.0 
733.771 428.0 
734.119 429.0 
733.887 430.0 
734.467 431.0 
734.7 432.0 
735.048 433.0 
733.191 434.0 
733.539 435.0 
733.771 436.0 
734.235 437.0 
733.655 438.0 
733.771 439.0 
734.119 440.0 
734.003 441.0 
733.887 442.0 
734.467 443.0 
734.119 444.0 
734.003 445.0 
734.003 446.0 
734.932 447.0 
734.7 448.0 
736.788 449.0 
735.86 450.0 
734.351 451.0 
733.887 452.0 
733.887 453.0 
733.539 454.0 
734.584 455.0 
732.379 456.0 
733.887 457.0 
733.655 458.0 
734.584 459.0 
734.816 460.0 
734.351 461.0 
734.003 462.0 
735.048 463.0 
734.584 464.0 
734.235 465.0 
735.048 466.0 
734.467 467.0 
733.539 468.0 
734.351 469.0 
734.003 470.0 
733.771 471.0 
734.003 472.0 
732.959 473.0 
734.119 474.0 
734.7 475.0 
734.467 476.0 
733.307 477.0 
734.235 478.0 
733.539 479.0 
734.351 480.0 
734.816 481.0 
734.003 482.0 
734.816 483.0 
733.771 484.0 
734.467 485.0 
733.539 486.0 
734.003 487.0 
734.351 488.0 
733.655 489.0 
733.539 490.0 
734.235 491.0 
733.655 492.0 
734.003 493.0 
734.235 494.0 
733.423 495.0 
733.539 496.0 
733.887 497.0 
734.467 498.0 
733.307 499.0 
733.655 500.0 
733.887 501.0 
734.119 502.0 
733.075 503.0 
732.959 504.0 
733.307 505.0 
733.307 506.0 
731.566 507.0 
735.628 508.0 
732.146 509.0 
732.959 510.0 
733.075 511.0 
733.191 512.0 
733.191 513.0 
733.191 514.0 
733.423 515.0 
732.263 516.0 
737.137 517.0 
732.03 518.0 
732.727 519.0 
732.611 520.0 
732.727 521.0 
732.611 522.0 
732.611 523.0 
732.727 524.0 
732.495 525.0 
732.843 526.0 
732.727 527.0 
732.379 528.0 
731.914 529.0 
731.682 530.0 
732.263 531.0 
733.423 532.0 
736.092 533.0 
733.191 534.0 
733.307 535.0 
733.191 536.0 
733.191 537.0 
732.495 538.0 
732.379 539.0 
732.379 540.0 
733.539 541.0 
733.423 542.0 
733.075 543.0 
732.959 544.0 
732.495 545.0 
732.263 546.0 
733.655 547.0 
733.307 548.0 
732.611 549.0 
732.146 550.0 
731.102 551.0 
732.727 552.0 
732.843 553.0 
732.611 554.0 
732.03 555.0 
733.423 556.0 
732.727 557.0 
732.146 558.0 
729.709 559.0 
733.075 560.0 
732.495 561.0 
731.914 562.0 
733.075 563.0 
732.03 564.0 
731.682 565.0 
732.727 566.0 
732.379 567.0 
732.146 568.0 
732.379 569.0 
732.03 570.0 
733.191 571.0 
732.495 572.0 
731.914 573.0 
732.727 574.0 
732.611 575.0 
734.932 576.0 
732.611 577.0 
732.263 578.0 
733.423 579.0 
732.727 580.0 
733.771 581.0 
732.843 582.0 
734.003 583.0 
733.191 584.0 
729.361 585.0 
733.307 586.0 
732.611 587.0 
733.423 588.0 
732.379 589.0 
733.307 590.0 
732.146 591.0 
732.727 592.0 
732.727 593.0 
733.191 594.0 
732.379 595.0 
732.843 596.0 
732.263 597.0 
732.379 598.0 
732.263 599.0 
732.843 600.0 
734.119 601.0 
732.843 602.0 
733.539 603.0 
732.611 604.0 
733.307 605.0 
732.379 606.0 
733.307 607.0 
732.146 608.0 
732.843 609.0 
733.771 610.0 
732.495 611.0 
733.655 612.0 
732.263 613.0 
733.191 614.0 
731.914 615.0 
732.379 616.0 
733.307 617.0 
731.798 618.0 
733.307 619.0 
730.406 620.0 
732.611 621.0 
733.307 622.0 
732.495 623.0 
732.843 624.0 
733.539 625.0 
732.263 626.0 
733.075 627.0 
733.423 628.0 
732.495 629.0 
732.959 630.0 
733.539 631.0 
732.379 632.0 
733.075 633.0 
735.976 634.0 
732.495 635.0 
733.191 636.0 
733.539 637.0 
732.495 638.0 
732.727 639.0 
733.771 640.0 
732.146 641.0 
732.379 642.0 
733.655 643.0 
732.146 644.0 
732.03 645.0 
733.075 646.0 
734.119 647.0 
732.379 648.0 
732.495 649.0 
733.423 650.0 
732.03 651.0 
732.03 652.0 
732.843 653.0 
733.539 654.0 
731.914 655.0 
731.914 656.0 
732.727 657.0 
733.075 658.0 
732.611 659.0 
732.843 660.0 
733.539 661.0 
733.075 662.0 
732.379 663.0 
732.611 664.0 
732.959 665.0 
733.887 666.0 
732.495 667.0 
732.959 668.0 
733.191 669.0 
733.307 670.0 
731.914 671.0 
732.495 672.0 
732.843 673.0 
733.307 674.0 
733.771 675.0 
731.914 676.0 
732.263 677.0 
732.843 678.0 
733.075 679.0 
733.655 680.0 
732.146 681.0 
732.611 682.0 
732.611 683.0 
733.307 684.0 
732.959 685.0 
733.771 686.0 
731.682 687.0 
732.611 688.0 
732.959 689.0 
733.191 690.0 
733.539 691.0 
733.771 692.0 
731.914 693.0 
732.495 694.0 
732.727 695.0 
732.843 696.0 
732.727 697.0 
733.191 698.0 
731.798 699.0 
732.379 700.0 
732.379 701.0 
732.611 702.0 
732.959 703.0 
733.191 704.0 
733.539 705.0 
734.003 706.0 
732.379 707.0 
732.379 708.0 
732.263 709.0 
732.263 710.0 
732.843 711.0 
733.191 712.0 
733.191 713.0 
733.423 714.0 
731.334 715.0 
732.379 716.0 
731.914 717.0 
732.611 718.0 
732.843 719.0 
732.843 720.0 
733.075 721.0 
733.307 722.0 
733.423 723.0 
733.307 724.0 
733.423 725.0 
731.914 726.0 
732.379 727.0 
732.263 728.0 
732.03 729.0 
732.611 730.0 
732.959 731.0 
732.843 732.0 
733.075 733.0 
733.307 734.0 
733.075 735.0 
733.307 736.0 
733.539 737.0 
733.539 738.0 
732.03 739.0 
732.03 740.0 
732.03 741.0 
731.914 742.0 
732.03 743.0 
732.146 744.0 
732.379 745.0 
732.495 746.0 
732.959 747.0 
732.379 748.0 
731.914 749.0 
732.727 750.0 
732.379 751.0 
732.727 752.0 
732.611 753.0 
732.263 754.0 
732.611 755.0 
732.727 756.0 
732.727 757.0 
732.843 758.0 
732.959 759.0 
733.307 760.0 
732.843 761.0 
733.191 762.0 
733.191 763.0 
733.539 764.0 
733.307 765.0 
733.307 766.0 
733.423 767.0 
733.423 768.0 
733.075 769.0 
733.075 770.0 
732.843 771.0 
732.843 772.0 
732.959 773.0 
733.075 774.0 
733.075 775.0 
733.075 776.0 
732.727 777.0 
733.191 778.0 
732.959 779.0 
733.075 780.0 
733.075 781.0 
733.191 782.0 
732.959 783.0 
732.843 784.0 
732.959 785.0 
733.191 786.0 
733.191 787.0 
733.075 788.0 
733.075 789.0 
733.075 790.0 
732.727 791.0 
732.959 792.0 
732.727 793.0 
732.611 794.0 
732.495 795.0 
732.611 796.0 
732.495 797.0 
732.843 798.0 
732.727 799.0 
732.727 800.0 
732.727 801.0 
732.727 802.0 
732.611 803.0 
732.495 804.0 
0.093 805.0 
0.116 806.0 
0.119 807.0 
0.12 808.0 
0.125 809.0 
0.12 810.0 
0.119 811.0 
0.115 812.0 
0.087 813.0 
0.065 814.0 
0.041 815.0 
0.029 816.0 
0.011 817.0 
-0.013 818.0 
-0.026 819.0 
-0.054 820.0 
-0.06 821.0 
-0.086 822.0 
-0.107 823.0 
-0.117 824.0 
-0.131 825.0 
-0.133 826.0 
-0.129 827.0 
-0.141 828.0 
-0.149 829.0 
