-0.061 257.0 
-0.04 258.0 
-0.041 259.0 
-0.036 260.0 
-0.035 261.0 
-0.034 262.0 
-0.035 263.0 
-0.038 264.0 
-0.023 265.0 
-0.028 266.0 
-0.059 267.0 
-0.065 268.0 
-0.044 269.0 
-0.066 270.0 
-0.024 271.0 
-0.053 272.0 
-0.049 273.0 
-0.052 274.0 
784.484 275.0 
779.958 276.0 
777.985 277.0 
773.46 278.0 
769.746 279.0 
766.033 280.0 
762.783 281.0 
760.81 282.0 
757.793 283.0 
755.704 284.0 
754.66 285.0 
753.499 286.0 
752.571 287.0 
752.339 288.0 
751.41 289.0 
750.482 290.0 
748.161 291.0 
747.001 292.0 
747.001 293.0 
747.117 294.0 
744.332 295.0 
744.68 296.0 
745.028 297.0 
742.823 298.0 
742.359 299.0 
743.055 300.0 
740.734 301.0 
741.082 302.0 
738.877 303.0 
739.69 304.0 
740.734 305.0 
738.993 306.0 
738.413 307.0 
737.253 308.0 
737.717 309.0 
735.86 310.0 
736.556 311.0 
735.048 312.0 
735.86 313.0 
734.467 314.0 
734.932 315.0 
734.584 316.0 
734.816 317.0 
733.771 318.0 
734.235 319.0 
733.539 320.0 
731.682 321.0 
733.191 322.0 
732.263 323.0 
733.075 324.0 
732.611 325.0 
732.843 326.0 
732.146 327.0 
731.334 328.0 
732.843 329.0 
731.798 330.0 
731.218 331.0 
731.682 332.0 
732.03 333.0 
731.334 334.0 
732.146 335.0 
731.798 336.0 
731.798 337.0 
730.406 338.0 
731.914 339.0 
730.754 340.0 
730.638 341.0 
730.638 342.0 
732.03 343.0 
731.218 344.0 
730.754 345.0 
730.058 346.0 
729.593 347.0 
729.361 348.0 
730.638 349.0 
730.058 350.0 
729.942 351.0 
730.29 352.0 
729.826 353.0 
728.085 354.0 
730.638 355.0 
729.942 356.0 
730.522 357.0 
730.058 358.0 
730.638 359.0 
729.942 360.0 
730.174 361.0 
729.709 362.0 
729.826 363.0 
728.897 364.0 
729.593 365.0 
729.826 366.0 
729.361 367.0 
728.897 368.0 
728.897 369.0 
729.013 370.0 
729.477 371.0 
729.361 372.0 
729.593 373.0 
729.709 374.0 
729.826 375.0 
732.959 376.0 
728.201 377.0 
729.129 378.0 
729.013 379.0 
729.013 380.0 
728.897 381.0 
729.826 382.0 
728.665 383.0 
729.129 384.0 
728.897 385.0 
729.477 386.0 
728.085 387.0 
728.201 388.0 
729.013 389.0 
728.897 390.0 
729.129 391.0 
728.549 392.0 
729.361 393.0 
727.853 394.0 
728.897 395.0 
729.826 396.0 
728.317 397.0 
728.897 398.0 
727.621 399.0 
728.201 400.0 
729.245 401.0 
729.129 402.0 
729.709 403.0 
728.781 404.0 
728.781 405.0 
728.085 406.0 
728.549 407.0 
728.085 408.0 
728.549 409.0 
728.317 410.0 
728.549 411.0 
729.013 412.0 
732.263 413.0 
729.129 414.0 
728.433 415.0 
728.317 416.0 
728.085 417.0 
729.709 418.0 
728.897 419.0 
727.969 420.0 
728.317 421.0 
728.665 422.0 
729.361 423.0 
728.201 424.0 
728.665 425.0 
728.897 426.0 
728.897 427.0 
728.433 428.0 
728.433 429.0 
727.969 430.0 
728.665 431.0 
728.897 432.0 
729.013 433.0 
727.969 434.0 
727.969 435.0 
728.549 436.0 
729.245 437.0 
727.969 438.0 
727.969 439.0 
728.317 440.0 
728.433 441.0 
728.201 442.0 
728.201 443.0 
728.317 444.0 
728.201 445.0 
728.085 446.0 
728.665 447.0 
728.549 448.0 
728.781 449.0 
731.218 450.0 
727.853 451.0 
728.085 452.0 
727.853 453.0 
727.505 454.0 
728.549 455.0 
728.433 456.0 
728.085 457.0 
728.085 458.0 
728.897 459.0 
729.245 460.0 
728.201 461.0 
728.085 462.0 
729.013 463.0 
728.665 464.0 
729.129 465.0 
728.897 466.0 
728.201 467.0 
727.853 468.0 
728.781 469.0 
728.433 470.0 
728.085 471.0 
728.317 472.0 
729.129 473.0 
728.085 474.0 
729.129 475.0 
728.317 476.0 
727.853 477.0 
728.317 478.0 
727.621 479.0 
728.317 480.0 
729.013 481.0 
728.085 482.0 
729.013 483.0 
727.737 484.0 
728.665 485.0 
727.737 486.0 
727.621 487.0 
728.549 488.0 
727.737 489.0 
727.969 490.0 
728.317 491.0 
727.853 492.0 
727.621 493.0 
728.549 494.0 
727.156 495.0 
727.389 496.0 
727.969 497.0 
728.317 498.0 
727.156 499.0 
727.389 500.0 
727.737 501.0 
728.085 502.0 
726.692 503.0 
727.04 504.0 
727.273 505.0 
727.389 506.0 
724.836 507.0 
730.29 508.0 
726.344 509.0 
726.808 510.0 
726.924 511.0 
727.04 512.0 
727.04 513.0 
727.505 514.0 
727.156 515.0 
727.389 516.0 
731.102 517.0 
726.228 518.0 
726.228 519.0 
726.112 520.0 
726.46 521.0 
726.46 522.0 
726.46 523.0 
726.576 524.0 
726.228 525.0 
726.228 526.0 
726.112 527.0 
725.648 528.0 
726.228 529.0 
725.764 530.0 
725.996 531.0 
727.156 532.0 
727.389 533.0 
726.924 534.0 
726.808 535.0 
726.692 536.0 
726.692 537.0 
725.88 538.0 
726.344 539.0 
726.112 540.0 
727.621 541.0 
726.576 542.0 
726.692 543.0 
726.692 544.0 
726.46 545.0 
725.996 546.0 
727.156 547.0 
726.924 548.0 
726.46 549.0 
726.228 550.0 
725.996 551.0 
727.04 552.0 
726.46 553.0 
726.228 554.0 
725.764 555.0 
727.04 556.0 
726.576 557.0 
726.112 558.0 
721.702 559.0 
726.924 560.0 
726.228 561.0 
725.3 562.0 
726.924 563.0 
725.996 564.0 
725.532 565.0 
726.692 566.0 
725.88 567.0 
725.648 568.0 
726.576 569.0 
725.88 570.0 
726.924 571.0 
726.228 572.0 
725.648 573.0 
726.46 574.0 
725.764 575.0 
726.924 576.0 
726.228 577.0 
726.344 578.0 
726.924 579.0 
726.576 580.0 
727.389 581.0 
726.924 582.0 
726.924 583.0 
727.04 584.0 
727.273 585.0 
727.04 586.0 
725.764 587.0 
726.692 588.0 
726.112 589.0 
727.04 590.0 
726.228 591.0 
726.924 592.0 
726.228 593.0 
726.924 594.0 
726.228 595.0 
726.228 596.0 
726.112 597.0 
727.156 598.0 
725.996 599.0 
726.808 600.0 
727.621 601.0 
726.576 602.0 
727.389 603.0 
726.46 604.0 
727.156 605.0 
726.112 606.0 
726.924 607.0 
725.764 608.0 
726.692 609.0 
726.924 610.0 
726.344 611.0 
727.273 612.0 
726.228 613.0 
726.808 614.0 
725.416 615.0 
726.344 616.0 
727.04 617.0 
725.3 618.0 
727.04 619.0 
723.675 620.0 
726.808 621.0 
726.924 622.0 
725.88 623.0 
726.692 624.0 
727.389 625.0 
726.228 626.0 
726.576 627.0 
726.924 628.0 
726.112 629.0 
726.808 630.0 
727.505 631.0 
725.648 632.0 
726.808 633.0 
729.709 634.0 
726.112 635.0 
726.692 636.0 
727.273 637.0 
726.112 638.0 
726.808 639.0 
727.273 640.0 
726.112 641.0 
725.648 642.0 
726.924 643.0 
725.764 644.0 
726.46 645.0 
726.808 646.0 
727.273 647.0 
725.996 648.0 
726.576 649.0 
727.04 650.0 
725.764 651.0 
725.184 652.0 
726.576 653.0 
727.389 654.0 
725.764 655.0 
725.996 656.0 
726.576 657.0 
727.04 658.0 
726.112 659.0 
726.46 660.0 
727.04 661.0 
727.156 662.0 
725.764 663.0 
726.46 664.0 
727.273 665.0 
727.505 666.0 
725.416 667.0 
726.344 668.0 
726.924 669.0 
727.156 670.0 
725.996 671.0 
726.344 672.0 
726.576 673.0 
727.273 674.0 
726.692 675.0 
725.996 676.0 
726.46 677.0 
727.04 678.0 
726.692 679.0 
727.156 680.0 
726.112 681.0 
726.228 682.0 
726.344 683.0 
726.808 684.0 
726.924 685.0 
727.273 686.0 
725.416 687.0 
726.112 688.0 
726.46 689.0 
726.808 690.0 
727.156 691.0 
727.621 692.0 
725.996 693.0 
725.996 694.0 
726.344 695.0 
726.576 696.0 
726.576 697.0 
727.621 698.0 
725.068 699.0 
725.532 700.0 
726.344 701.0 
726.576 702.0 
726.692 703.0 
727.273 704.0 
727.04 705.0 
727.389 706.0 
725.648 707.0 
725.648 708.0 
726.576 709.0 
726.46 710.0 
726.692 711.0 
726.692 712.0 
726.924 713.0 
727.156 714.0 
724.487 715.0 
725.764 716.0 
725.648 717.0 
726.228 718.0 
726.924 719.0 
726.576 720.0 
726.692 721.0 
726.924 722.0 
727.389 723.0 
727.505 724.0 
727.505 725.0 
725.648 726.0 
725.88 727.0 
725.88 728.0 
725.996 729.0 
726.228 730.0 
726.46 731.0 
726.344 732.0 
726.692 733.0 
726.692 734.0 
726.808 735.0 
727.156 736.0 
727.156 737.0 
727.737 738.0 
725.184 739.0 
725.648 740.0 
725.88 741.0 
726.112 742.0 
725.88 743.0 
726.228 744.0 
726.228 745.0 
726.112 746.0 
726.228 747.0 
726.344 748.0 
726.112 749.0 
726.228 750.0 
726.344 751.0 
726.46 752.0 
726.576 753.0 
726.576 754.0 
726.576 755.0 
726.576 756.0 
726.692 757.0 
726.46 758.0 
726.692 759.0 
726.576 760.0 
726.808 761.0 
727.04 762.0 
726.692 763.0 
726.692 764.0 
727.04 765.0 
726.808 766.0 
726.576 767.0 
726.808 768.0 
726.46 769.0 
726.808 770.0 
726.692 771.0 
726.924 772.0 
726.924 773.0 
726.924 774.0 
726.692 775.0 
726.924 776.0 
726.576 777.0 
726.924 778.0 
726.924 779.0 
726.692 780.0 
726.46 781.0 
726.924 782.0 
726.576 783.0 
726.576 784.0 
726.576 785.0 
726.576 786.0 
726.576 787.0 
726.46 788.0 
726.692 789.0 
726.924 790.0 
726.808 791.0 
726.576 792.0 
726.692 793.0 
726.576 794.0 
726.228 795.0 
726.344 796.0 
726.576 797.0 
726.808 798.0 
726.692 799.0 
726.692 800.0 
726.692 801.0 
726.228 802.0 
726.344 803.0 
726.576 804.0 
0.099 805.0 
0.11 806.0 
0.11 807.0 
0.104 808.0 
0.092 809.0 
0.065 810.0 
0.032 811.0 
-0.013 812.0 
-0.048 813.0 
-0.09 814.0 
-0.14 815.0 
-0.171 816.0 
-0.207 817.0 
-0.228 818.0 
-0.244 819.0 
-0.265 820.0 
-0.29 821.0 
-0.301 822.0 
-0.303 823.0 
-0.303 824.0 
-0.285 825.0 
-0.283 826.0 
-0.272 827.0 
-0.258 828.0 
-0.237 829.0 
