-0.034 257.0 
-0.032 258.0 
-0.055 259.0 
-0.044 260.0 
-0.043 261.0 
-0.035 262.0 
-0.032 263.0 
-0.046 264.0 
-0.052 265.0 
-0.044 266.0 
-0.035 267.0 
-0.029 268.0 
-0.024 269.0 
-0.036 270.0 
-0.041 271.0 
-0.019 272.0 
-0.025 273.0 
-0.03 274.0 
813.148 275.0 
807.81 276.0 
805.025 277.0 
799.106 278.0 
794.348 279.0 
789.706 280.0 
785.993 281.0 
783.092 282.0 
778.45 283.0 
775.781 284.0 
774.04 285.0 
772.415 286.0 
771.371 287.0 
770.094 288.0 
768.818 289.0 
769.398 290.0 
764.64 291.0 
763.363 292.0 
762.899 293.0 
762.551 294.0 
759.302 295.0 
758.954 296.0 
759.186 297.0 
756.401 298.0 
755.704 299.0 
755.936 300.0 
753.964 301.0 
753.847 302.0 
751.062 303.0 
751.527 304.0 
751.991 305.0 
750.366 306.0 
750.134 307.0 
748.393 308.0 
748.857 309.0 
747.001 310.0 
747.697 311.0 
745.84 312.0 
746.769 313.0 
745.028 314.0 
744.912 315.0 
744.332 316.0 
744.912 317.0 
743.751 318.0 
744.216 319.0 
742.823 320.0 
741.662 321.0 
742.823 322.0 
742.243 323.0 
742.939 324.0 
742.475 325.0 
742.707 326.0 
742.011 327.0 
741.314 328.0 
742.707 329.0 
742.011 330.0 
740.734 331.0 
741.662 332.0 
742.127 333.0 
740.966 334.0 
742.823 335.0 
741.082 336.0 
741.314 337.0 
740.154 338.0 
741.546 339.0 
740.618 340.0 
740.734 341.0 
740.27 342.0 
738.181 343.0 
740.734 344.0 
740.502 345.0 
740.154 346.0 
739.574 347.0 
739.806 348.0 
740.618 349.0 
740.734 350.0 
739.922 351.0 
740.502 352.0 
740.386 353.0 
737.833 354.0 
740.618 355.0 
739.922 356.0 
740.154 357.0 
740.038 358.0 
740.27 359.0 
740.154 360.0 
740.27 361.0 
739.806 362.0 
739.922 363.0 
739.225 364.0 
739.806 365.0 
739.806 366.0 
740.038 367.0 
739.574 368.0 
739.69 369.0 
739.574 370.0 
740.038 371.0 
740.038 372.0 
740.386 373.0 
740.502 374.0 
740.27 375.0 
742.707 376.0 
738.645 377.0 
739.458 378.0 
739.574 379.0 
739.225 380.0 
739.341 381.0 
739.109 382.0 
739.341 383.0 
739.341 384.0 
739.341 385.0 
740.386 386.0 
738.993 387.0 
739.109 388.0 
739.69 389.0 
739.806 390.0 
739.69 391.0 
739.109 392.0 
740.386 393.0 
738.993 394.0 
739.341 395.0 
740.154 396.0 
739.225 397.0 
739.806 398.0 
738.297 399.0 
739.109 400.0 
739.806 401.0 
739.341 402.0 
740.27 403.0 
739.806 404.0 
739.225 405.0 
738.993 406.0 
739.225 407.0 
739.225 408.0 
739.341 409.0 
738.761 410.0 
739.341 411.0 
739.922 412.0 
743.055 413.0 
739.922 414.0 
738.877 415.0 
739.458 416.0 
738.877 417.0 
740.502 418.0 
739.458 419.0 
738.529 420.0 
738.645 421.0 
739.574 422.0 
739.69 423.0 
738.877 424.0 
738.877 425.0 
740.038 426.0 
739.69 427.0 
739.109 428.0 
739.341 429.0 
739.574 430.0 
739.806 431.0 
739.806 432.0 
740.154 433.0 
738.877 434.0 
738.645 435.0 
739.341 436.0 
739.922 437.0 
738.645 438.0 
738.645 439.0 
738.993 440.0 
738.877 441.0 
738.993 442.0 
738.877 443.0 
739.109 444.0 
738.761 445.0 
738.645 446.0 
739.806 447.0 
739.574 448.0 
739.341 449.0 
741.662 450.0 
739.225 451.0 
739.109 452.0 
738.877 453.0 
738.761 454.0 
739.341 455.0 
739.341 456.0 
738.877 457.0 
738.645 458.0 
739.69 459.0 
739.574 460.0 
739.109 461.0 
738.761 462.0 
739.806 463.0 
739.109 464.0 
739.341 465.0 
739.69 466.0 
739.341 467.0 
738.645 468.0 
739.574 469.0 
738.993 470.0 
738.877 471.0 
739.225 472.0 
738.645 473.0 
739.341 474.0 
739.574 475.0 
739.109 476.0 
738.413 477.0 
738.761 478.0 
738.413 479.0 
738.993 480.0 
739.922 481.0 
738.761 482.0 
739.574 483.0 
738.413 484.0 
738.993 485.0 
738.413 486.0 
738.413 487.0 
738.877 488.0 
738.413 489.0 
738.761 490.0 
739.225 491.0 
738.529 492.0 
738.529 493.0 
739.225 494.0 
737.949 495.0 
738.065 496.0 
738.529 497.0 
738.761 498.0 
737.717 499.0 
738.065 500.0 
738.645 501.0 
738.529 502.0 
737.369 503.0 
737.253 504.0 
737.833 505.0 
738.181 506.0 
736.092 507.0 
741.314 508.0 
737.021 509.0 
737.485 510.0 
737.485 511.0 
737.717 512.0 
738.065 513.0 
738.181 514.0 
737.833 515.0 
738.181 516.0 
738.065 517.0 
736.672 518.0 
736.556 519.0 
737.021 520.0 
736.788 521.0 
737.369 522.0 
737.021 523.0 
737.021 524.0 
737.137 525.0 
736.672 526.0 
737.021 527.0 
736.44 528.0 
736.788 529.0 
736.672 530.0 
736.788 531.0 
738.181 532.0 
737.833 533.0 
737.833 534.0 
737.601 535.0 
737.601 536.0 
737.485 537.0 
736.788 538.0 
736.788 539.0 
736.672 540.0 
738.181 541.0 
736.904 542.0 
737.601 543.0 
737.021 544.0 
737.021 545.0 
736.788 546.0 
738.065 547.0 
737.833 548.0 
737.369 549.0 
736.788 550.0 
736.324 551.0 
737.833 552.0 
737.369 553.0 
737.253 554.0 
736.44 555.0 
737.717 556.0 
737.253 557.0 
736.788 558.0 
733.655 559.0 
737.137 560.0 
737.021 561.0 
735.976 562.0 
737.137 563.0 
736.672 564.0 
735.86 565.0 
737.717 566.0 
736.788 567.0 
736.324 568.0 
737.485 569.0 
736.904 570.0 
737.601 571.0 
736.788 572.0 
736.44 573.0 
737.369 574.0 
736.556 575.0 
737.601 576.0 
736.44 577.0 
736.904 578.0 
737.833 579.0 
737.021 580.0 
738.065 581.0 
737.369 582.0 
737.485 583.0 
737.485 584.0 
738.529 585.0 
737.949 586.0 
737.137 587.0 
737.369 588.0 
736.788 589.0 
737.717 590.0 
737.021 591.0 
737.949 592.0 
737.253 593.0 
737.369 594.0 
737.021 595.0 
737.485 596.0 
736.672 597.0 
737.601 598.0 
736.556 599.0 
737.485 600.0 
738.181 601.0 
737.137 602.0 
737.949 603.0 
736.672 604.0 
737.833 605.0 
737.021 606.0 
737.833 607.0 
736.788 608.0 
737.369 609.0 
738.297 610.0 
737.253 611.0 
738.297 612.0 
737.253 613.0 
737.949 614.0 
736.44 615.0 
737.253 616.0 
737.833 617.0 
736.44 618.0 
737.601 619.0 
734.7 620.0 
737.021 621.0 
737.601 622.0 
736.672 623.0 
737.137 624.0 
738.065 625.0 
737.021 626.0 
737.485 627.0 
738.181 628.0 
736.788 629.0 
737.717 630.0 
738.181 631.0 
737.021 632.0 
737.717 633.0 
738.065 634.0 
736.672 635.0 
737.369 636.0 
737.833 637.0 
737.021 638.0 
737.253 639.0 
737.949 640.0 
736.672 641.0 
737.021 642.0 
737.717 643.0 
736.44 644.0 
737.137 645.0 
737.601 646.0 
738.065 647.0 
737.021 648.0 
737.137 649.0 
737.717 650.0 
736.788 651.0 
736.788 652.0 
737.833 653.0 
737.833 654.0 
736.44 655.0 
736.904 656.0 
737.137 657.0 
738.065 658.0 
737.137 659.0 
737.369 660.0 
737.601 661.0 
737.717 662.0 
736.208 663.0 
737.137 664.0 
737.833 665.0 
738.413 666.0 
737.021 667.0 
737.369 668.0 
737.601 669.0 
738.297 670.0 
736.672 671.0 
737.137 672.0 
737.601 673.0 
737.485 674.0 
737.601 675.0 
736.208 676.0 
736.904 677.0 
737.253 678.0 
737.601 679.0 
738.181 680.0 
736.788 681.0 
736.904 682.0 
737.021 683.0 
737.369 684.0 
738.181 685.0 
738.529 686.0 
736.44 687.0 
737.253 688.0 
737.253 689.0 
737.485 690.0 
737.601 691.0 
738.761 692.0 
736.556 693.0 
737.137 694.0 
737.021 695.0 
737.369 696.0 
737.601 697.0 
737.717 698.0 
735.744 699.0 
736.44 700.0 
736.904 701.0 
737.137 702.0 
737.137 703.0 
737.717 704.0 
737.369 705.0 
738.181 706.0 
736.44 707.0 
737.021 708.0 
737.137 709.0 
737.021 710.0 
737.369 711.0 
737.717 712.0 
737.949 713.0 
738.181 714.0 
736.788 715.0 
736.556 716.0 
736.092 717.0 
736.788 718.0 
737.021 719.0 
737.021 720.0 
737.485 721.0 
737.485 722.0 
738.065 723.0 
737.833 724.0 
738.181 725.0 
736.556 726.0 
736.788 727.0 
737.021 728.0 
736.904 729.0 
737.369 730.0 
737.253 731.0 
737.601 732.0 
737.833 733.0 
737.833 734.0 
737.601 735.0 
737.601 736.0 
738.065 737.0 
738.297 738.0 
736.092 739.0 
735.976 740.0 
736.208 741.0 
736.44 742.0 
736.324 743.0 
736.44 744.0 
736.788 745.0 
737.021 746.0 
736.788 747.0 
736.904 748.0 
737.021 749.0 
737.137 750.0 
737.253 751.0 
737.253 752.0 
737.253 753.0 
737.485 754.0 
737.369 755.0 
737.369 756.0 
737.253 757.0 
737.369 758.0 
737.253 759.0 
737.369 760.0 
737.601 761.0 
737.485 762.0 
737.601 763.0 
737.369 764.0 
737.717 765.0 
737.833 766.0 
737.369 767.0 
737.833 768.0 
737.485 769.0 
737.485 770.0 
737.833 771.0 
737.369 772.0 
737.833 773.0 
737.717 774.0 
737.137 775.0 
737.369 776.0 
737.601 777.0 
737.485 778.0 
737.137 779.0 
737.253 780.0 
737.601 781.0 
737.021 782.0 
736.904 783.0 
737.253 784.0 
737.485 785.0 
737.369 786.0 
737.253 787.0 
737.717 788.0 
737.485 789.0 
737.137 790.0 
737.601 791.0 
737.369 792.0 
737.601 793.0 
737.601 794.0 
737.137 795.0 
736.788 796.0 
737.137 797.0 
737.485 798.0 
737.253 799.0 
737.253 800.0 
737.253 801.0 
737.021 802.0 
737.021 803.0 
737.021 804.0 
0.096 805.0 
0.101 806.0 
0.097 807.0 
0.071 808.0 
0.029 809.0 
-0.024 810.0 
-0.086 811.0 
-0.152 812.0 
-0.21 813.0 
-0.27 814.0 
-0.325 815.0 
-0.367 816.0 
-0.381 817.0 
-0.401 818.0 
-0.409 819.0 
-0.416 820.0 
-0.411 821.0 
-0.399 822.0 
-0.385 823.0 
-0.357 824.0 
-0.329 825.0 
-0.298 826.0 
-0.274 827.0 
-0.231 828.0 
-0.193 829.0 
