-0.029 257.0 
-0.038 258.0 
-0.159 259.0 
-0.031 260.0 
-0.019 261.0 
-0.031 262.0 
-0.059 263.0 
-0.04 264.0 
-0.049 265.0 
-0.041 266.0 
-0.065 267.0 
-0.061 268.0 
-0.048 269.0 
-0.038 270.0 
-0.041 271.0 
-0.036 272.0 
-0.042 273.0 
-0.041 274.0 
146.229 275.0 
143.075 276.0 
141.826 277.0 
140.249 278.0 
138.45 279.0 
136.301 280.0 
134.537 281.0 
132.015 282.0 
128.546 283.0 
127.273 284.0 
126.864 285.0 
126.549 286.0 
126.42 287.0 
126.14 288.0 
125.836 289.0 
125.346 290.0 
125.1 291.0 
124.925 292.0 
124.727 293.0 
124.493 294.0 
124.096 295.0 
124.026 296.0 
123.956 297.0 
123.418 298.0 
123.232 299.0 
123.208 300.0 
122.729 301.0 
122.601 302.0 
122.11 303.0 
122.04 304.0 
122.578 305.0 
121.375 306.0 
120.172 307.0 
117.882 308.0 
115.196 309.0 
111.564 310.0 
108.013 311.0 
103.797 312.0 
99.849 313.0 
95.493 314.0 
91.475 315.0 
87.387 316.0 
83.638 317.0 
80.449 318.0 
80.297 319.0 
80.087 320.0 
79.935 321.0 
79.97 322.0 
79.842 323.0 
79.865 324.0 
79.818 325.0 
79.713 326.0 
79.783 327.0 
79.772 328.0 
80.531 329.0 
79.842 330.0 
79.783 331.0 
80.169 332.0 
79.865 333.0 
79.783 334.0 
79.76 335.0 
79.818 336.0 
79.854 337.0 
79.725 338.0 
79.854 339.0 
79.772 340.0 
79.76 341.0 
79.737 342.0 
79.713 343.0 
79.772 344.0 
79.783 345.0 
79.725 346.0 
79.702 347.0 
79.713 348.0 
79.83 349.0 
79.807 350.0 
79.795 351.0 
79.807 352.0 
79.748 353.0 
79.725 354.0 
79.713 355.0 
79.842 356.0 
79.865 357.0 
79.76 358.0 
79.865 359.0 
79.818 360.0 
79.854 361.0 
79.783 362.0 
79.83 363.0 
79.76 364.0 
79.737 365.0 
79.783 366.0 
79.783 367.0 
79.725 368.0 
79.76 369.0 
79.783 370.0 
79.865 371.0 
79.795 372.0 
79.83 373.0 
79.807 374.0 
79.877 375.0 
79.982 376.0 
79.737 377.0 
79.772 378.0 
79.772 379.0 
79.76 380.0 
79.737 381.0 
79.877 382.0 
79.76 383.0 
79.737 384.0 
79.748 385.0 
79.818 386.0 
79.725 387.0 
79.702 388.0 
79.818 389.0 
79.795 390.0 
79.783 391.0 
79.76 392.0 
79.842 393.0 
79.713 394.0 
79.818 395.0 
79.889 396.0 
79.76 397.0 
79.783 398.0 
79.667 399.0 
79.713 400.0 
79.83 401.0 
79.795 402.0 
79.842 403.0 
79.807 404.0 
79.748 405.0 
79.702 406.0 
79.772 407.0 
79.725 408.0 
79.795 409.0 
79.702 410.0 
79.795 411.0 
79.807 412.0 
80.204 413.0 
79.865 414.0 
79.748 415.0 
79.818 416.0 
79.737 417.0 
79.842 418.0 
79.795 419.0 
79.725 420.0 
79.737 421.0 
79.807 422.0 
79.83 423.0 
79.772 424.0 
79.76 425.0 
79.795 426.0 
79.807 427.0 
79.737 428.0 
79.737 429.0 
79.76 430.0 
79.807 431.0 
79.818 432.0 
79.83 433.0 
79.713 434.0 
79.76 435.0 
79.807 436.0 
79.818 437.0 
79.725 438.0 
79.713 439.0 
79.725 440.0 
79.737 441.0 
79.713 442.0 
79.737 443.0 
79.748 444.0 
79.737 445.0 
79.678 446.0 
79.842 447.0 
79.818 448.0 
79.795 449.0 
80.075 450.0 
79.725 451.0 
79.737 452.0 
79.713 453.0 
79.69 454.0 
79.783 455.0 
79.667 456.0 
79.737 457.0 
79.725 458.0 
79.818 459.0 
79.854 460.0 
79.748 461.0 
79.748 462.0 
79.795 463.0 
79.76 464.0 
79.76 465.0 
79.818 466.0 
79.772 467.0 
79.713 468.0 
79.795 469.0 
79.76 470.0 
79.713 471.0 
79.772 472.0 
79.842 473.0 
79.807 474.0 
79.842 475.0 
79.783 476.0 
79.678 477.0 
79.737 478.0 
79.69 479.0 
79.748 480.0 
79.83 481.0 
79.772 482.0 
79.795 483.0 
79.702 484.0 
79.783 485.0 
79.713 486.0 
79.748 487.0 
79.807 488.0 
79.76 489.0 
79.748 490.0 
79.772 491.0 
79.76 492.0 
79.725 493.0 
79.795 494.0 
79.678 495.0 
79.702 496.0 
79.783 497.0 
79.807 498.0 
79.667 499.0 
79.678 500.0 
79.748 501.0 
79.795 502.0 
79.655 503.0 
79.702 504.0 
79.713 505.0 
79.737 506.0 
79.702 507.0 
79.854 508.0 
79.678 509.0 
79.702 510.0 
79.713 511.0 
79.725 512.0 
79.748 513.0 
79.76 514.0 
79.772 515.0 
79.83 516.0 
80.052 517.0 
79.608 518.0 
79.608 519.0 
79.632 520.0 
79.667 521.0 
79.667 522.0 
79.643 523.0 
79.643 524.0 
79.655 525.0 
79.667 526.0 
79.62 527.0 
79.573 528.0 
79.643 529.0 
79.597 530.0 
79.608 531.0 
79.737 532.0 
79.69 533.0 
79.643 534.0 
79.667 535.0 
79.62 536.0 
79.608 537.0 
79.515 538.0 
79.503 539.0 
79.445 540.0 
79.526 541.0 
79.433 542.0 
79.421 543.0 
79.41 544.0 
79.351 545.0 
79.328 546.0 
79.41 547.0 
79.41 548.0 
79.351 549.0 
79.293 550.0 
79.293 551.0 
79.351 552.0 
79.316 553.0 
79.246 554.0 
79.246 555.0 
79.363 556.0 
79.305 557.0 
79.258 558.0 
78.919 559.0 
79.34 560.0 
79.27 561.0 
79.199 562.0 
79.328 563.0 
79.246 564.0 
79.188 565.0 
79.316 566.0 
79.34 567.0 
79.234 568.0 
79.281 569.0 
79.246 570.0 
79.375 571.0 
79.27 572.0 
79.234 573.0 
79.305 574.0 
79.27 575.0 
79.398 576.0 
79.293 577.0 
79.246 578.0 
79.363 579.0 
79.293 580.0 
79.375 581.0 
79.305 582.0 
79.363 583.0 
79.316 584.0 
79.445 585.0 
79.328 586.0 
79.281 587.0 
79.328 588.0 
79.27 589.0 
79.316 590.0 
79.293 591.0 
79.34 592.0 
79.258 593.0 
79.305 594.0 
79.27 595.0 
79.281 596.0 
79.246 597.0 
79.351 598.0 
79.258 599.0 
79.316 600.0 
79.421 601.0 
79.27 602.0 
79.398 603.0 
79.293 604.0 
79.375 605.0 
79.258 606.0 
79.351 607.0 
79.223 608.0 
79.316 609.0 
79.41 610.0 
79.305 611.0 
79.351 612.0 
79.281 613.0 
79.351 614.0 
79.246 615.0 
79.34 616.0 
79.375 617.0 
79.211 618.0 
79.316 619.0 
79.071 620.0 
79.27 621.0 
79.386 622.0 
79.258 623.0 
79.293 624.0 
79.363 625.0 
79.234 626.0 
79.328 627.0 
79.398 628.0 
79.281 629.0 
79.316 630.0 
79.421 631.0 
79.27 632.0 
79.34 633.0 
79.41 634.0 
79.234 635.0 
79.34 636.0 
79.386 637.0 
79.258 638.0 
79.316 639.0 
79.398 640.0 
79.234 641.0 
79.34 642.0 
79.34 643.0 
79.211 644.0 
79.281 645.0 
79.316 646.0 
79.398 647.0 
79.258 648.0 
79.305 649.0 
79.398 650.0 
79.246 651.0 
79.223 652.0 
79.34 653.0 
79.363 654.0 
79.258 655.0 
79.305 656.0 
79.328 657.0 
79.375 658.0 
79.258 659.0 
79.328 660.0 
79.398 661.0 
79.375 662.0 
79.234 663.0 
79.281 664.0 
79.328 665.0 
79.351 666.0 
79.234 667.0 
79.293 668.0 
79.34 669.0 
79.398 670.0 
79.223 671.0 
79.258 672.0 
79.305 673.0 
79.363 674.0 
79.34 675.0 
79.246 676.0 
79.281 677.0 
79.293 678.0 
79.351 679.0 
79.398 680.0 
79.234 681.0 
79.246 682.0 
79.305 683.0 
79.328 684.0 
79.363 685.0 
79.386 686.0 
79.153 687.0 
79.234 688.0 
79.293 689.0 
79.34 690.0 
79.363 691.0 
79.398 692.0 
79.188 693.0 
79.27 694.0 
79.281 695.0 
79.305 696.0 
79.351 697.0 
79.351 698.0 
79.141 699.0 
79.223 700.0 
79.27 701.0 
79.281 702.0 
79.316 703.0 
79.293 704.0 
79.281 705.0 
79.386 706.0 
79.223 707.0 
79.223 708.0 
79.281 709.0 
79.305 710.0 
79.316 711.0 
79.351 712.0 
79.386 713.0 
79.375 714.0 
79.223 715.0 
79.211 716.0 
79.211 717.0 
79.234 718.0 
79.246 719.0 
79.305 720.0 
79.316 721.0 
79.34 722.0 
79.351 723.0 
79.363 724.0 
79.386 725.0 
79.223 726.0 
79.223 727.0 
79.234 728.0 
79.258 729.0 
79.281 730.0 
79.293 731.0 
79.316 732.0 
79.34 733.0 
79.363 734.0 
79.375 735.0 
79.351 736.0 
79.386 737.0 
79.386 738.0 
79.211 739.0 
79.176 740.0 
79.223 741.0 
79.199 742.0 
79.223 743.0 
79.246 744.0 
79.223 745.0 
79.258 746.0 
79.258 747.0 
79.234 748.0 
79.27 749.0 
79.305 750.0 
79.281 751.0 
79.293 752.0 
79.281 753.0 
79.305 754.0 
79.305 755.0 
79.246 756.0 
79.305 757.0 
79.293 758.0 
79.328 759.0 
79.328 760.0 
79.305 761.0 
79.281 762.0 
79.316 763.0 
79.316 764.0 
79.328 765.0 
79.316 766.0 
79.305 767.0 
79.328 768.0 
79.34 769.0 
79.351 770.0 
79.363 771.0 
79.305 772.0 
79.305 773.0 
79.34 774.0 
79.351 775.0 
79.351 776.0 
79.363 777.0 
79.328 778.0 
79.328 779.0 
79.328 780.0 
79.305 781.0 
79.328 782.0 
79.305 783.0 
79.305 784.0 
79.305 785.0 
79.305 786.0 
79.305 787.0 
79.316 788.0 
79.34 789.0 
79.316 790.0 
79.316 791.0 
79.328 792.0 
79.328 793.0 
79.34 794.0 
79.305 795.0 
79.328 796.0 
79.293 797.0 
79.316 798.0 
79.281 799.0 
79.281 800.0 
79.293 801.0 
79.305 802.0 
79.281 803.0 
79.305 804.0 
-0.001 805.0 
-0.001 806.0 
0.0 807.0 
0.007 808.0 
0.0 809.0 
0.006 810.0 
0.011 811.0 
0.008 812.0 
0.006 813.0 
-0.001 814.0 
-0.001 815.0 
0.0 816.0 
-0.001 817.0 
-0.002 818.0 
-0.004 819.0 
-0.011 820.0 
-0.007 821.0 
-0.01 822.0 
-0.01 823.0 
-0.006 824.0 
-0.01 825.0 
-0.012 826.0 
-0.013 827.0 
-0.016 828.0 
-0.013 829.0 
