-0.04 257.0 
-0.03 258.0 
-0.034 259.0 
-0.034 260.0 
-0.031 261.0 
-0.034 262.0 
-0.013 263.0 
-0.024 264.0 
-0.02 265.0 
-0.025 266.0 
-0.028 267.0 
-0.026 268.0 
-0.032 269.0 
-0.023 270.0 
-0.061 271.0 
-0.049 272.0 
-0.031 273.0 
-0.035 274.0 
274.105 275.0 
269.579 276.0 
268.071 277.0 
265.866 278.0 
264.009 279.0 
262.036 280.0 
260.063 281.0 
258.787 282.0 
256.35 283.0 
256.698 284.0 
256.002 285.0 
255.886 286.0 
255.886 287.0 
255.538 288.0 
255.77 289.0 
255.305 290.0 
254.261 291.0 
254.029 292.0 
253.913 293.0 
254.145 294.0 
253.333 295.0 
253.217 296.0 
253.217 297.0 
252.636 298.0 
252.636 299.0 
252.985 300.0 
252.172 301.0 
252.636 302.0 
251.708 303.0 
252.404 304.0 
252.752 305.0 
252.056 306.0 
252.288 307.0 
251.592 308.0 
252.288 309.0 
251.708 310.0 
251.36 311.0 
251.128 312.0 
251.36 313.0 
250.896 314.0 
251.592 315.0 
250.664 316.0 
251.476 317.0 
250.78 318.0 
251.36 319.0 
251.244 320.0 
244.281 321.0 
251.244 322.0 
250.78 323.0 
251.128 324.0 
250.78 325.0 
254.145 326.0 
251.244 327.0 
251.012 328.0 
251.476 329.0 
251.244 330.0 
250.548 331.0 
250.78 332.0 
250.896 333.0 
250.78 334.0 
254.261 335.0 
251.012 336.0 
251.128 337.0 
250.78 338.0 
251.012 339.0 
250.896 340.0 
250.896 341.0 
251.012 342.0 
251.012 343.0 
251.128 344.0 
251.012 345.0 
251.012 346.0 
250.315 347.0 
249.851 348.0 
251.128 349.0 
251.012 350.0 
250.896 351.0 
251.012 352.0 
250.896 353.0 
246.834 354.0 
251.244 355.0 
250.548 356.0 
250.896 357.0 
250.896 358.0 
251.012 359.0 
251.128 360.0 
250.896 361.0 
250.896 362.0 
251.36 363.0 
250.664 364.0 
250.896 365.0 
251.244 366.0 
251.012 367.0 
250.78 368.0 
251.476 369.0 
251.244 370.0 
250.896 371.0 
250.664 372.0 
250.896 373.0 
251.128 374.0 
251.708 375.0 
254.029 376.0 
250.083 377.0 
250.896 378.0 
251.012 379.0 
250.78 380.0 
250.896 381.0 
251.592 382.0 
250.548 383.0 
251.012 384.0 
251.244 385.0 
251.476 386.0 
250.083 387.0 
251.012 388.0 
251.592 389.0 
251.244 390.0 
251.36 391.0 
251.012 392.0 
251.36 393.0 
250.431 394.0 
251.128 395.0 
251.592 396.0 
250.664 397.0 
251.012 398.0 
247.878 399.0 
250.896 400.0 
251.012 401.0 
251.012 402.0 
251.476 403.0 
251.244 404.0 
251.128 405.0 
251.128 406.0 
251.012 407.0 
251.128 408.0 
251.012 409.0 
250.78 410.0 
250.896 411.0 
251.244 412.0 
251.824 413.0 
251.128 414.0 
250.896 415.0 
251.36 416.0 
250.78 417.0 
251.824 418.0 
250.896 419.0 
250.548 420.0 
250.78 421.0 
251.244 422.0 
251.244 423.0 
251.012 424.0 
250.664 425.0 
251.012 426.0 
251.012 427.0 
250.896 428.0 
250.664 429.0 
250.896 430.0 
251.012 431.0 
251.244 432.0 
251.128 433.0 
250.78 434.0 
251.128 435.0 
250.78 436.0 
251.244 437.0 
250.315 438.0 
250.78 439.0 
250.78 440.0 
251.128 441.0 
251.128 442.0 
250.896 443.0 
251.244 444.0 
251.244 445.0 
251.128 446.0 
251.36 447.0 
251.128 448.0 
251.36 449.0 
251.708 450.0 
250.896 451.0 
251.128 452.0 
250.896 453.0 
250.664 454.0 
250.896 455.0 
251.012 456.0 
251.012 457.0 
251.012 458.0 
251.36 459.0 
251.128 460.0 
251.128 461.0 
251.128 462.0 
251.476 463.0 
251.244 464.0 
251.708 465.0 
251.36 466.0 
251.36 467.0 
250.431 468.0 
251.36 469.0 
251.476 470.0 
251.244 471.0 
251.012 472.0 
251.244 473.0 
251.012 474.0 
251.476 475.0 
250.896 476.0 
250.896 477.0 
251.244 478.0 
251.244 479.0 
250.896 480.0 
251.36 481.0 
251.128 482.0 
251.476 483.0 
251.012 484.0 
251.476 485.0 
251.36 486.0 
250.315 487.0 
251.36 488.0 
251.36 489.0 
251.592 490.0 
251.476 491.0 
251.128 492.0 
251.128 493.0 
251.244 494.0 
250.78 495.0 
250.199 496.0 
251.244 497.0 
251.36 498.0 
250.896 499.0 
250.431 500.0 
251.244 501.0 
251.476 502.0 
250.896 503.0 
251.128 504.0 
251.012 505.0 
251.128 506.0 
246.602 507.0 
253.797 508.0 
251.012 509.0 
251.128 510.0 
251.012 511.0 
250.548 512.0 
251.244 513.0 
251.012 514.0 
251.012 515.0 
251.012 516.0 
254.029 517.0 
250.199 518.0 
250.315 519.0 
250.896 520.0 
251.012 521.0 
250.896 522.0 
251.012 523.0 
250.896 524.0 
250.896 525.0 
250.78 526.0 
250.896 527.0 
250.431 528.0 
250.78 529.0 
250.664 530.0 
250.78 531.0 
251.592 532.0 
251.244 533.0 
251.128 534.0 
251.244 535.0 
250.896 536.0 
251.012 537.0 
250.896 538.0 
250.78 539.0 
250.896 540.0 
251.36 541.0 
251.244 542.0 
251.012 543.0 
251.36 544.0 
251.012 545.0 
250.315 546.0 
251.128 547.0 
251.244 548.0 
251.244 549.0 
251.012 550.0 
249.619 551.0 
250.78 552.0 
250.78 553.0 
250.548 554.0 
250.896 555.0 
251.012 556.0 
250.896 557.0 
251.128 558.0 
251.012 559.0 
251.128 560.0 
250.896 561.0 
249.967 562.0 
251.128 563.0 
250.78 564.0 
250.083 565.0 
251.36 566.0 
249.967 567.0 
250.548 568.0 
250.896 569.0 
250.896 570.0 
251.244 571.0 
250.664 572.0 
250.548 573.0 
250.315 574.0 
250.896 575.0 
251.128 576.0 
250.78 577.0 
250.896 578.0 
250.896 579.0 
251.012 580.0 
251.012 581.0 
251.128 582.0 
251.476 583.0 
251.36 584.0 
251.476 585.0 
250.896 586.0 
250.78 587.0 
251.244 588.0 
250.896 589.0 
251.244 590.0 
250.896 591.0 
251.012 592.0 
250.664 593.0 
250.548 594.0 
250.78 595.0 
251.012 596.0 
250.78 597.0 
251.128 598.0 
250.664 599.0 
251.128 600.0 
251.244 601.0 
251.012 602.0 
251.244 603.0 
251.128 604.0 
251.244 605.0 
250.896 606.0 
251.128 607.0 
250.78 608.0 
251.244 609.0 
251.592 610.0 
251.012 611.0 
250.896 612.0 
250.78 613.0 
251.476 614.0 
251.012 615.0 
251.012 616.0 
251.36 617.0 
250.78 618.0 
251.244 619.0 
245.441 620.0 
251.244 621.0 
250.896 622.0 
251.012 623.0 
251.012 624.0 
251.476 625.0 
250.896 626.0 
251.36 627.0 
251.012 628.0 
251.244 629.0 
250.78 630.0 
251.244 631.0 
250.431 632.0 
251.36 633.0 
251.244 634.0 
250.78 635.0 
250.896 636.0 
251.012 637.0 
250.896 638.0 
251.128 639.0 
250.896 640.0 
250.896 641.0 
251.244 642.0 
251.36 643.0 
250.664 644.0 
250.896 645.0 
251.36 646.0 
251.36 647.0 
250.78 648.0 
251.012 649.0 
251.36 650.0 
250.664 651.0 
250.78 652.0 
250.896 653.0 
251.012 654.0 
250.664 655.0 
250.78 656.0 
251.012 657.0 
251.128 658.0 
250.896 659.0 
250.896 660.0 
251.476 661.0 
251.36 662.0 
250.548 663.0 
251.128 664.0 
251.244 665.0 
251.244 666.0 
251.012 667.0 
251.244 668.0 
251.36 669.0 
251.824 670.0 
250.78 671.0 
250.78 672.0 
251.012 673.0 
250.78 674.0 
250.78 675.0 
250.896 676.0 
250.896 677.0 
250.78 678.0 
251.012 679.0 
251.244 680.0 
250.896 681.0 
251.244 682.0 
251.012 683.0 
251.36 684.0 
251.36 685.0 
251.476 686.0 
250.664 687.0 
251.012 688.0 
251.012 689.0 
251.012 690.0 
251.128 691.0 
251.244 692.0 
250.78 693.0 
251.012 694.0 
251.012 695.0 
250.78 696.0 
251.128 697.0 
250.548 698.0 
249.039 699.0 
250.78 700.0 
250.896 701.0 
251.012 702.0 
250.896 703.0 
251.244 704.0 
251.244 705.0 
251.128 706.0 
250.896 707.0 
250.896 708.0 
251.36 709.0 
251.36 710.0 
251.012 711.0 
251.012 712.0 
251.012 713.0 
251.476 714.0 
251.012 715.0 
251.012 716.0 
250.664 717.0 
250.664 718.0 
250.896 719.0 
251.012 720.0 
251.012 721.0 
251.128 722.0 
251.36 723.0 
251.36 724.0 
251.708 725.0 
251.012 726.0 
250.548 727.0 
251.012 728.0 
251.128 729.0 
251.012 730.0 
251.012 731.0 
251.128 732.0 
250.896 733.0 
251.012 734.0 
251.36 735.0 
250.896 736.0 
251.36 737.0 
251.128 738.0 
249.271 739.0 
250.548 740.0 
250.896 741.0 
250.896 742.0 
251.012 743.0 
251.012 744.0 
250.664 745.0 
251.012 746.0 
251.012 747.0 
250.78 748.0 
250.896 749.0 
250.896 750.0 
250.78 751.0 
250.78 752.0 
251.012 753.0 
251.012 754.0 
250.896 755.0 
250.896 756.0 
251.244 757.0 
251.244 758.0 
251.128 759.0 
250.896 760.0 
251.128 761.0 
251.244 762.0 
251.128 763.0 
251.244 764.0 
251.244 765.0 
251.012 766.0 
251.128 767.0 
251.012 768.0 
251.36 769.0 
251.36 770.0 
251.128 771.0 
251.128 772.0 
251.244 773.0 
251.012 774.0 
250.896 775.0 
251.244 776.0 
250.78 777.0 
251.244 778.0 
250.896 779.0 
251.012 780.0 
251.012 781.0 
251.36 782.0 
251.128 783.0 
251.128 784.0 
251.128 785.0 
251.128 786.0 
251.128 787.0 
250.896 788.0 
251.244 789.0 
251.476 790.0 
251.128 791.0 
250.896 792.0 
251.012 793.0 
251.128 794.0 
250.896 795.0 
250.896 796.0 
250.896 797.0 
250.78 798.0 
251.012 799.0 
250.896 800.0 
251.128 801.0 
251.012 802.0 
251.012 803.0 
251.128 804.0 
0.038 805.0 
0.047 806.0 
0.036 807.0 
0.042 808.0 
0.046 809.0 
0.044 810.0 
0.029 811.0 
0.022 812.0 
0.023 813.0 
0.02 814.0 
0.016 815.0 
-0.004 816.0 
-0.01 817.0 
-0.01 818.0 
-0.02 819.0 
-0.028 820.0 
-0.037 821.0 
-0.04 822.0 
-0.038 823.0 
-0.054 824.0 
-0.055 825.0 
-0.064 826.0 
-0.054 827.0 
-0.048 828.0 
-0.064 829.0 
