-0.06 257.0 
-0.036 258.0 
-0.029 259.0 
-0.03 260.0 
-0.049 261.0 
-0.029 262.0 
-0.026 263.0 
-0.024 264.0 
-0.026 265.0 
-0.114 266.0 
-0.022 267.0 
-0.05 268.0 
-0.032 269.0 
-0.022 270.0 
-0.04 271.0 
-0.05 272.0 
-0.034 273.0 
-0.044 274.0 
261.224 275.0 
258.671 276.0 
257.046 277.0 
255.189 278.0 
253.333 279.0 
251.128 280.0 
249.039 281.0 
249.735 282.0 
245.209 283.0 
244.861 284.0 
244.513 285.0 
243.933 286.0 
243.817 287.0 
243.701 288.0 
243.469 289.0 
243.004 290.0 
242.308 291.0 
242.424 292.0 
242.308 293.0 
240.916 294.0 
241.612 295.0 
241.96 296.0 
242.076 297.0 
241.728 298.0 
241.38 299.0 
239.871 300.0 
241.032 301.0 
241.264 302.0 
240.451 303.0 
241.264 304.0 
244.861 305.0 
240.567 306.0 
240.567 307.0 
239.987 308.0 
240.451 309.0 
239.871 310.0 
240.219 311.0 
239.755 312.0 
240.451 313.0 
239.639 314.0 
240.219 315.0 
239.987 316.0 
240.219 317.0 
239.755 318.0 
235.113 319.0 
240.219 320.0 
239.059 321.0 
239.987 322.0 
239.755 323.0 
240.219 324.0 
239.639 325.0 
240.219 326.0 
239.291 327.0 
239.523 328.0 
239.987 329.0 
239.755 330.0 
239.639 331.0 
242.076 332.0 
239.871 333.0 
239.639 334.0 
239.755 335.0 
239.987 336.0 
239.987 337.0 
239.523 338.0 
242.888 339.0 
239.871 340.0 
239.987 341.0 
239.639 342.0 
237.202 343.0 
239.871 344.0 
239.407 345.0 
239.523 346.0 
239.059 347.0 
238.362 348.0 
239.755 349.0 
239.755 350.0 
239.291 351.0 
239.987 352.0 
239.639 353.0 
239.059 354.0 
238.13 355.0 
239.871 356.0 
239.987 357.0 
240.219 358.0 
240.219 359.0 
239.523 360.0 
240.219 361.0 
239.871 362.0 
239.871 363.0 
239.755 364.0 
239.639 365.0 
239.639 366.0 
239.407 367.0 
239.639 368.0 
239.871 369.0 
239.639 370.0 
239.755 371.0 
239.871 372.0 
239.755 373.0 
239.755 374.0 
240.103 375.0 
240.219 376.0 
239.523 377.0 
239.523 378.0 
239.871 379.0 
239.871 380.0 
239.755 381.0 
237.782 382.0 
239.755 383.0 
239.871 384.0 
239.987 385.0 
239.523 386.0 
239.523 387.0 
239.639 388.0 
239.755 389.0 
239.987 390.0 
239.755 391.0 
239.523 392.0 
240.103 393.0 
239.291 394.0 
239.755 395.0 
238.827 396.0 
239.639 397.0 
240.103 398.0 
239.291 399.0 
239.755 400.0 
243.353 401.0 
239.987 402.0 
240.451 403.0 
239.987 404.0 
240.103 405.0 
239.639 406.0 
239.755 407.0 
239.755 408.0 
239.987 409.0 
239.523 410.0 
239.755 411.0 
239.871 412.0 
240.335 413.0 
240.219 414.0 
239.871 415.0 
240.219 416.0 
239.755 417.0 
239.987 418.0 
240.103 419.0 
239.987 420.0 
239.639 421.0 
239.871 422.0 
240.219 423.0 
239.987 424.0 
239.755 425.0 
239.523 426.0 
239.755 427.0 
239.755 428.0 
239.523 429.0 
240.103 430.0 
239.871 431.0 
239.755 432.0 
239.987 433.0 
239.639 434.0 
239.987 435.0 
240.103 436.0 
240.335 437.0 
239.987 438.0 
239.175 439.0 
240.219 440.0 
239.871 441.0 
240.219 442.0 
240.219 443.0 
239.987 444.0 
239.987 445.0 
239.755 446.0 
239.755 447.0 
239.987 448.0 
239.871 449.0 
239.987 450.0 
239.755 451.0 
240.103 452.0 
239.755 453.0 
239.639 454.0 
240.103 455.0 
237.898 456.0 
239.755 457.0 
239.639 458.0 
239.987 459.0 
240.219 460.0 
240.103 461.0 
239.755 462.0 
240.335 463.0 
240.219 464.0 
240.103 465.0 
240.335 466.0 
240.103 467.0 
239.523 468.0 
239.871 469.0 
239.639 470.0 
239.755 471.0 
239.871 472.0 
238.362 473.0 
239.871 474.0 
240.219 475.0 
239.639 476.0 
239.755 477.0 
239.987 478.0 
239.871 479.0 
239.987 480.0 
240.219 481.0 
240.335 482.0 
240.219 483.0 
240.219 484.0 
240.219 485.0 
240.103 486.0 
239.523 487.0 
239.987 488.0 
239.639 489.0 
239.639 490.0 
240.335 491.0 
239.987 492.0 
239.871 493.0 
240.103 494.0 
239.987 495.0 
239.755 496.0 
239.871 497.0 
240.451 498.0 
239.755 499.0 
239.987 500.0 
239.987 501.0 
240.219 502.0 
239.871 503.0 
239.755 504.0 
240.335 505.0 
239.639 506.0 
237.086 507.0 
243.469 508.0 
239.523 509.0 
239.639 510.0 
239.755 511.0 
239.755 512.0 
240.335 513.0 
239.871 514.0 
239.755 515.0 
240.335 516.0 
242.192 517.0 
239.523 518.0 
239.755 519.0 
239.871 520.0 
239.871 521.0 
239.871 522.0 
239.871 523.0 
240.103 524.0 
239.987 525.0 
239.407 526.0 
239.523 527.0 
239.639 528.0 
239.871 529.0 
239.291 530.0 
239.407 531.0 
240.103 532.0 
241.38 533.0 
239.987 534.0 
239.987 535.0 
240.103 536.0 
239.871 537.0 
239.407 538.0 
239.871 539.0 
239.987 540.0 
240.219 541.0 
239.175 542.0 
239.987 543.0 
239.871 544.0 
239.987 545.0 
239.407 546.0 
240.103 547.0 
239.291 548.0 
239.755 549.0 
239.755 550.0 
238.827 551.0 
239.755 552.0 
239.755 553.0 
239.639 554.0 
239.523 555.0 
240.103 556.0 
239.639 557.0 
239.523 558.0 
234.417 559.0 
239.871 560.0 
239.755 561.0 
239.523 562.0 
239.987 563.0 
239.871 564.0 
239.175 565.0 
239.639 566.0 
239.523 567.0 
239.871 568.0 
239.987 569.0 
239.871 570.0 
239.871 571.0 
239.871 572.0 
239.407 573.0 
239.987 574.0 
239.639 575.0 
243.469 576.0 
239.639 577.0 
239.523 578.0 
239.987 579.0 
239.871 580.0 
239.987 581.0 
240.103 582.0 
240.219 583.0 
239.987 584.0 
236.042 585.0 
239.871 586.0 
239.639 587.0 
239.871 588.0 
239.639 589.0 
239.755 590.0 
239.523 591.0 
239.755 592.0 
239.871 593.0 
239.639 594.0 
239.523 595.0 
239.639 596.0 
239.871 597.0 
239.407 598.0 
239.755 599.0 
239.987 600.0 
240.103 601.0 
239.755 602.0 
239.987 603.0 
239.871 604.0 
240.219 605.0 
239.755 606.0 
239.407 607.0 
239.639 608.0 
239.523 609.0 
240.219 610.0 
239.871 611.0 
239.987 612.0 
239.523 613.0 
239.639 614.0 
239.523 615.0 
239.523 616.0 
240.103 617.0 
239.639 618.0 
240.219 619.0 
237.666 620.0 
239.639 621.0 
239.987 622.0 
239.755 623.0 
239.987 624.0 
240.567 625.0 
239.639 626.0 
239.755 627.0 
239.871 628.0 
239.755 629.0 
239.523 630.0 
240.219 631.0 
239.639 632.0 
239.755 633.0 
243.701 634.0 
239.755 635.0 
239.871 636.0 
240.103 637.0 
239.987 638.0 
240.219 639.0 
240.219 640.0 
239.987 641.0 
239.639 642.0 
240.103 643.0 
239.639 644.0 
240.219 645.0 
239.755 646.0 
240.219 647.0 
239.755 648.0 
240.103 649.0 
240.103 650.0 
239.523 651.0 
239.291 652.0 
239.639 653.0 
240.103 654.0 
239.523 655.0 
239.755 656.0 
239.987 657.0 
240.219 658.0 
239.639 659.0 
239.755 660.0 
240.103 661.0 
239.755 662.0 
239.871 663.0 
239.871 664.0 
240.219 665.0 
240.103 666.0 
239.407 667.0 
240.103 668.0 
239.523 669.0 
240.219 670.0 
239.755 671.0 
239.755 672.0 
239.871 673.0 
240.103 674.0 
239.639 675.0 
239.639 676.0 
239.987 677.0 
239.987 678.0 
239.987 679.0 
240.335 680.0 
239.871 681.0 
239.871 682.0 
239.987 683.0 
240.103 684.0 
240.219 685.0 
239.987 686.0 
239.291 687.0 
239.871 688.0 
239.639 689.0 
240.103 690.0 
240.103 691.0 
240.567 692.0 
239.523 693.0 
239.523 694.0 
239.639 695.0 
239.987 696.0 
239.639 697.0 
239.987 698.0 
238.943 699.0 
239.639 700.0 
239.987 701.0 
240.219 702.0 
239.639 703.0 
239.871 704.0 
239.291 705.0 
240.219 706.0 
239.639 707.0 
239.523 708.0 
239.871 709.0 
239.755 710.0 
239.639 711.0 
240.103 712.0 
240.103 713.0 
240.219 714.0 
238.479 715.0 
239.755 716.0 
239.523 717.0 
239.871 718.0 
239.639 719.0 
240.335 720.0 
239.755 721.0 
240.103 722.0 
239.987 723.0 
240.103 724.0 
240.103 725.0 
239.407 726.0 
239.639 727.0 
239.523 728.0 
239.639 729.0 
239.639 730.0 
239.871 731.0 
239.639 732.0 
240.103 733.0 
239.987 734.0 
240.219 735.0 
240.103 736.0 
240.335 737.0 
240.219 738.0 
238.711 739.0 
239.523 740.0 
239.755 741.0 
239.987 742.0 
239.523 743.0 
240.103 744.0 
239.871 745.0 
239.639 746.0 
239.523 747.0 
239.755 748.0 
239.407 749.0 
239.871 750.0 
240.103 751.0 
239.987 752.0 
239.871 753.0 
239.871 754.0 
239.871 755.0 
239.407 756.0 
239.987 757.0 
239.755 758.0 
240.219 759.0 
240.103 760.0 
239.755 761.0 
239.871 762.0 
239.987 763.0 
239.987 764.0 
240.219 765.0 
239.639 766.0 
239.755 767.0 
239.871 768.0 
239.755 769.0 
239.871 770.0 
239.755 771.0 
239.871 772.0 
239.987 773.0 
239.871 774.0 
239.871 775.0 
239.871 776.0 
240.103 777.0 
239.987 778.0 
240.103 779.0 
240.103 780.0 
240.219 781.0 
239.987 782.0 
240.103 783.0 
240.219 784.0 
239.871 785.0 
240.103 786.0 
239.639 787.0 
239.755 788.0 
239.987 789.0 
239.987 790.0 
239.755 791.0 
240.103 792.0 
239.755 793.0 
239.987 794.0 
239.871 795.0 
240.103 796.0 
239.871 797.0 
239.523 798.0 
239.871 799.0 
239.871 800.0 
240.103 801.0 
239.871 802.0 
240.103 803.0 
239.987 804.0 
0.036 805.0 
0.029 806.0 
0.031 807.0 
0.04 808.0 
0.04 809.0 
0.043 810.0 
0.043 811.0 
0.046 812.0 
0.047 813.0 
0.036 814.0 
0.028 815.0 
0.023 816.0 
0.02 817.0 
0.019 818.0 
0.019 819.0 
0.011 820.0 
0.013 821.0 
0.0 822.0 
-0.004 823.0 
-0.013 824.0 
-0.018 825.0 
-0.02 826.0 
-0.022 827.0 
-0.029 828.0 
-0.032 829.0 
