-0.058 257.0 
-0.059 258.0 
-0.067 259.0 
-0.052 260.0 
-0.043 261.0 
-0.032 262.0 
-0.046 263.0 
-0.056 264.0 
-0.049 265.0 
-0.049 266.0 
-0.069 267.0 
-0.047 268.0 
-0.066 269.0 
-0.056 270.0 
-0.04 271.0 
-0.064 272.0 
-0.06 273.0 
-0.052 274.0 
100.643 275.0 
98.961 276.0 
98.739 277.0 
98.588 278.0 
98.482 279.0 
97.642 280.0 
96.368 281.0 
94.733 282.0 
93.285 283.0 
92.841 284.0 
92.795 285.0 
92.83 286.0 
92.876 287.0 
92.911 288.0 
92.97 289.0 
92.958 290.0 
92.783 291.0 
92.701 292.0 
92.83 293.0 
92.783 294.0 
92.748 295.0 
92.818 296.0 
92.9 297.0 
92.771 298.0 
92.841 299.0 
92.783 300.0 
92.748 301.0 
92.818 302.0 
92.666 303.0 
92.806 304.0 
93.449 305.0 
92.759 306.0 
92.736 307.0 
92.269 308.0 
91.743 309.0 
90.318 310.0 
88.496 311.0 
85.88 312.0 
82.937 313.0 
79.643 314.0 
76.677 315.0 
73.874 316.0 
71.538 317.0 
69.529 318.0 
69.283 319.0 
68.991 320.0 
68.805 321.0 
68.84 322.0 
68.629 323.0 
68.594 324.0 
68.594 325.0 
68.489 326.0 
68.548 327.0 
68.489 328.0 
68.793 329.0 
68.513 330.0 
68.314 331.0 
68.291 332.0 
68.466 333.0 
68.361 334.0 
68.291 335.0 
68.326 336.0 
68.431 337.0 
68.361 338.0 
68.326 339.0 
68.653 340.0 
68.372 341.0 
68.361 342.0 
68.361 343.0 
68.349 344.0 
68.337 345.0 
68.267 346.0 
68.407 347.0 
68.349 348.0 
68.337 349.0 
68.256 350.0 
68.431 351.0 
68.372 352.0 
68.407 353.0 
68.372 354.0 
68.361 355.0 
68.372 356.0 
68.384 357.0 
68.361 358.0 
68.419 359.0 
68.326 360.0 
68.384 361.0 
68.384 362.0 
68.372 363.0 
68.279 364.0 
68.337 365.0 
68.372 366.0 
68.407 367.0 
68.372 368.0 
68.384 369.0 
68.396 370.0 
68.372 371.0 
68.384 372.0 
68.407 373.0 
68.407 374.0 
68.723 375.0 
68.396 376.0 
68.361 377.0 
68.361 378.0 
68.372 379.0 
68.384 380.0 
68.361 381.0 
68.396 382.0 
68.349 383.0 
68.372 384.0 
68.349 385.0 
68.396 386.0 
68.314 387.0 
68.291 388.0 
68.396 389.0 
68.396 390.0 
68.349 391.0 
68.326 392.0 
68.431 393.0 
68.291 394.0 
68.384 395.0 
68.419 396.0 
68.302 397.0 
68.349 398.0 
68.291 399.0 
68.302 400.0 
68.419 401.0 
68.384 402.0 
68.454 403.0 
68.396 404.0 
68.349 405.0 
68.291 406.0 
68.372 407.0 
68.314 408.0 
68.384 409.0 
68.314 410.0 
68.361 411.0 
68.372 412.0 
68.735 413.0 
68.384 414.0 
68.314 415.0 
68.361 416.0 
68.326 417.0 
68.431 418.0 
68.384 419.0 
68.314 420.0 
68.372 421.0 
68.372 422.0 
68.419 423.0 
68.314 424.0 
68.337 425.0 
68.384 426.0 
68.396 427.0 
68.314 428.0 
68.454 429.0 
68.326 430.0 
68.337 431.0 
68.337 432.0 
68.372 433.0 
68.361 434.0 
68.361 435.0 
68.384 436.0 
68.407 437.0 
68.267 438.0 
68.302 439.0 
68.291 440.0 
68.326 441.0 
68.302 442.0 
68.326 443.0 
68.302 444.0 
67.987 445.0 
67.426 446.0 
67.543 447.0 
67.543 448.0 
67.496 449.0 
67.438 450.0 
67.52 451.0 
67.52 452.0 
67.473 453.0 
67.508 454.0 
67.473 455.0 
67.426 456.0 
67.508 457.0 
67.473 458.0 
67.485 459.0 
67.461 460.0 
67.578 461.0 
67.532 462.0 
67.426 463.0 
67.543 464.0 
67.508 465.0 
67.567 466.0 
67.52 467.0 
67.473 468.0 
67.543 469.0 
67.438 470.0 
67.438 471.0 
67.508 472.0 
67.38 473.0 
67.508 474.0 
67.578 475.0 
67.508 476.0 
67.45 477.0 
67.496 478.0 
67.438 479.0 
67.485 480.0 
67.578 481.0 
67.532 482.0 
67.555 483.0 
67.496 484.0 
67.543 485.0 
67.473 486.0 
67.485 487.0 
67.567 488.0 
67.485 489.0 
67.496 490.0 
67.52 491.0 
67.496 492.0 
67.485 493.0 
67.578 494.0 
67.461 495.0 
67.461 496.0 
67.532 497.0 
67.555 498.0 
67.415 499.0 
67.426 500.0 
67.508 501.0 
67.52 502.0 
67.426 503.0 
67.461 504.0 
67.508 505.0 
67.485 506.0 
67.415 507.0 
67.625 508.0 
67.391 509.0 
67.461 510.0 
67.473 511.0 
67.485 512.0 
67.473 513.0 
67.496 514.0 
67.882 515.0 
67.391 516.0 
67.847 517.0 
67.38 518.0 
67.415 519.0 
67.391 520.0 
67.415 521.0 
67.438 522.0 
67.403 523.0 
67.426 524.0 
67.415 525.0 
67.438 526.0 
67.403 527.0 
67.368 528.0 
67.38 529.0 
67.368 530.0 
67.368 531.0 
67.45 532.0 
67.777 533.0 
67.438 534.0 
67.438 535.0 
67.403 536.0 
67.368 537.0 
67.321 538.0 
67.31 539.0 
67.275 540.0 
67.403 541.0 
67.321 542.0 
67.321 543.0 
67.286 544.0 
67.24 545.0 
67.216 546.0 
67.321 547.0 
67.263 548.0 
67.251 549.0 
67.251 550.0 
67.158 551.0 
67.31 552.0 
67.228 553.0 
67.251 554.0 
67.193 555.0 
67.275 556.0 
67.24 557.0 
67.181 558.0 
66.983 559.0 
67.251 560.0 
67.228 561.0 
67.146 562.0 
67.275 563.0 
67.216 564.0 
67.181 565.0 
67.251 566.0 
67.251 567.0 
67.158 568.0 
67.228 569.0 
67.228 570.0 
67.298 571.0 
67.24 572.0 
67.158 573.0 
67.24 574.0 
67.193 575.0 
67.578 576.0 
67.24 577.0 
67.216 578.0 
67.321 579.0 
67.251 580.0 
67.333 581.0 
67.286 582.0 
67.31 583.0 
67.31 584.0 
66.901 585.0 
67.263 586.0 
67.228 587.0 
67.298 588.0 
67.24 589.0 
67.298 590.0 
67.216 591.0 
67.298 592.0 
67.24 593.0 
67.263 594.0 
67.216 595.0 
67.24 596.0 
67.216 597.0 
67.228 598.0 
67.228 599.0 
67.216 600.0 
67.345 601.0 
67.286 602.0 
67.356 603.0 
67.275 604.0 
67.286 605.0 
67.193 606.0 
67.286 607.0 
67.204 608.0 
67.298 609.0 
67.333 610.0 
67.24 611.0 
67.31 612.0 
67.216 613.0 
67.263 614.0 
67.181 615.0 
67.228 616.0 
67.275 617.0 
67.251 618.0 
67.263 619.0 
66.726 620.0 
67.228 621.0 
67.24 622.0 
67.228 623.0 
67.251 624.0 
67.286 625.0 
67.204 626.0 
67.275 627.0 
67.345 628.0 
67.204 629.0 
67.286 630.0 
67.31 631.0 
67.181 632.0 
67.275 633.0 
67.59 634.0 
67.24 635.0 
67.31 636.0 
67.31 637.0 
67.204 638.0 
67.251 639.0 
67.31 640.0 
67.204 641.0 
67.204 642.0 
67.286 643.0 
67.204 644.0 
67.169 645.0 
67.298 646.0 
67.321 647.0 
67.216 648.0 
67.24 649.0 
67.345 650.0 
67.169 651.0 
67.169 652.0 
67.251 653.0 
67.31 654.0 
67.193 655.0 
67.193 656.0 
67.275 657.0 
67.31 658.0 
67.204 659.0 
67.228 660.0 
67.298 661.0 
67.275 662.0 
67.228 663.0 
67.263 664.0 
67.333 665.0 
67.321 666.0 
67.193 667.0 
67.24 668.0 
67.298 669.0 
67.321 670.0 
67.181 671.0 
67.216 672.0 
67.275 673.0 
67.298 674.0 
67.275 675.0 
67.193 676.0 
67.263 677.0 
67.24 678.0 
67.263 679.0 
67.31 680.0 
67.181 681.0 
67.228 682.0 
67.228 683.0 
67.286 684.0 
67.251 685.0 
67.345 686.0 
67.158 687.0 
67.216 688.0 
67.263 689.0 
67.298 690.0 
67.298 691.0 
67.345 692.0 
67.193 693.0 
67.193 694.0 
67.24 695.0 
67.263 696.0 
67.24 697.0 
67.31 698.0 
67.076 699.0 
67.181 700.0 
67.204 701.0 
67.24 702.0 
67.286 703.0 
67.275 704.0 
67.286 705.0 
67.298 706.0 
67.169 707.0 
67.228 708.0 
67.24 709.0 
67.228 710.0 
67.263 711.0 
67.286 712.0 
67.31 713.0 
67.333 714.0 
67.134 715.0 
67.204 716.0 
67.099 717.0 
67.204 718.0 
67.216 719.0 
67.251 720.0 
67.251 721.0 
67.31 722.0 
67.31 723.0 
67.298 724.0 
67.321 725.0 
67.181 726.0 
67.181 727.0 
67.193 728.0 
67.228 729.0 
67.251 730.0 
67.251 731.0 
67.275 732.0 
67.24 733.0 
67.286 734.0 
67.263 735.0 
67.24 736.0 
67.298 737.0 
67.31 738.0 
67.134 739.0 
67.146 740.0 
67.158 741.0 
67.181 742.0 
67.204 743.0 
67.193 744.0 
67.204 745.0 
67.181 746.0 
67.204 747.0 
67.181 748.0 
67.228 749.0 
67.24 750.0 
67.24 751.0 
67.193 752.0 
67.216 753.0 
67.251 754.0 
67.251 755.0 
67.24 756.0 
67.251 757.0 
67.263 758.0 
67.263 759.0 
67.263 760.0 
67.228 761.0 
67.31 762.0 
67.298 763.0 
67.263 764.0 
67.31 765.0 
67.298 766.0 
67.275 767.0 
67.286 768.0 
67.263 769.0 
67.286 770.0 
67.286 771.0 
67.263 772.0 
67.24 773.0 
67.251 774.0 
67.263 775.0 
67.228 776.0 
67.275 777.0 
67.286 778.0 
67.251 779.0 
67.275 780.0 
67.275 781.0 
67.286 782.0 
67.263 783.0 
67.263 784.0 
67.275 785.0 
67.251 786.0 
67.263 787.0 
67.275 788.0 
67.286 789.0 
67.275 790.0 
67.24 791.0 
67.24 792.0 
67.251 793.0 
67.204 794.0 
67.216 795.0 
67.228 796.0 
67.216 797.0 
67.228 798.0 
67.216 799.0 
67.204 800.0 
67.24 801.0 
67.228 802.0 
67.216 803.0 
67.275 804.0 
0.006 805.0 
-0.005 806.0 
-0.005 807.0 
-0.004 808.0 
-0.001 809.0 
0.001 810.0 
-0.002 811.0 
-0.014 812.0 
-0.01 813.0 
-0.011 814.0 
-0.017 815.0 
-0.018 816.0 
-0.023 817.0 
-0.019 818.0 
-0.026 819.0 
-0.03 820.0 
-0.023 821.0 
-0.025 822.0 
-0.03 823.0 
-0.029 824.0 
-0.024 825.0 
-0.028 826.0 
-0.032 827.0 
-0.029 828.0 
-0.02 829.0 
