-0.048 257.0 
-0.058 258.0 
-0.049 259.0 
-0.035 260.0 
-0.055 261.0 
-0.056 262.0 
-0.067 263.0 
-0.044 264.0 
-0.048 265.0 
-0.035 266.0 
-0.054 267.0 
-0.028 268.0 
-0.05 269.0 
-0.064 270.0 
-0.048 271.0 
-0.052 272.0 
-0.064 273.0 
-0.05 274.0 
100.503 275.0 
99.51 276.0 
99.393 277.0 
99.265 278.0 
99.113 279.0 
98.249 280.0 
96.871 281.0 
94.885 282.0 
93.087 283.0 
92.608 284.0 
92.526 285.0 
92.549 286.0 
92.666 287.0 
92.701 288.0 
92.631 289.0 
92.701 290.0 
92.467 291.0 
92.491 292.0 
92.467 293.0 
92.456 294.0 
92.386 295.0 
92.432 296.0 
92.596 297.0 
92.351 298.0 
92.409 299.0 
92.479 300.0 
92.269 301.0 
92.374 302.0 
92.222 303.0 
92.327 304.0 
92.467 305.0 
92.281 306.0 
92.257 307.0 
91.825 308.0 
91.253 309.0 
89.945 310.0 
88.321 311.0 
85.682 312.0 
82.972 313.0 
79.795 314.0 
77.004 315.0 
74.236 316.0 
71.865 317.0 
69.856 318.0 
69.61 319.0 
69.33 320.0 
69.026 321.0 
69.12 322.0 
68.956 323.0 
68.968 324.0 
68.898 325.0 
68.851 326.0 
68.875 327.0 
68.793 328.0 
69.307 329.0 
68.886 330.0 
68.816 331.0 
68.77 332.0 
68.898 333.0 
68.805 334.0 
68.781 335.0 
68.828 336.0 
68.875 337.0 
68.805 338.0 
68.77 339.0 
68.968 340.0 
68.828 341.0 
68.805 342.0 
68.793 343.0 
68.758 344.0 
68.746 345.0 
68.711 346.0 
68.84 347.0 
68.781 348.0 
68.735 349.0 
68.711 350.0 
68.77 351.0 
68.793 352.0 
68.828 353.0 
68.816 354.0 
68.77 355.0 
68.758 356.0 
68.816 357.0 
68.77 358.0 
68.863 359.0 
68.758 360.0 
68.828 361.0 
68.805 362.0 
68.828 363.0 
68.746 364.0 
68.77 365.0 
68.793 366.0 
68.805 367.0 
68.793 368.0 
68.746 369.0 
68.793 370.0 
68.816 371.0 
68.828 372.0 
68.851 373.0 
68.84 374.0 
69.132 375.0 
68.875 376.0 
68.77 377.0 
68.781 378.0 
68.77 379.0 
68.793 380.0 
68.805 381.0 
68.805 382.0 
68.77 383.0 
68.805 384.0 
68.781 385.0 
68.84 386.0 
68.735 387.0 
68.735 388.0 
68.805 389.0 
68.828 390.0 
68.805 391.0 
68.746 392.0 
68.805 393.0 
68.723 394.0 
68.805 395.0 
68.863 396.0 
68.746 397.0 
68.816 398.0 
68.723 399.0 
68.77 400.0 
68.851 401.0 
68.84 402.0 
68.863 403.0 
68.816 404.0 
68.781 405.0 
68.711 406.0 
68.793 407.0 
68.723 408.0 
68.77 409.0 
68.735 410.0 
68.781 411.0 
68.816 412.0 
69.248 413.0 
68.851 414.0 
68.746 415.0 
68.793 416.0 
68.77 417.0 
68.875 418.0 
68.805 419.0 
68.758 420.0 
68.793 421.0 
68.805 422.0 
68.851 423.0 
68.793 424.0 
68.676 425.0 
68.781 426.0 
68.781 427.0 
68.758 428.0 
68.828 429.0 
68.758 430.0 
68.735 431.0 
68.793 432.0 
68.781 433.0 
68.793 434.0 
68.816 435.0 
68.816 436.0 
68.851 437.0 
68.723 438.0 
68.711 439.0 
68.711 440.0 
68.805 441.0 
68.758 442.0 
68.781 443.0 
68.758 444.0 
68.361 445.0 
67.835 446.0 
67.929 447.0 
67.94 448.0 
67.964 449.0 
67.824 450.0 
67.917 451.0 
67.894 452.0 
67.835 453.0 
67.894 454.0 
67.87 455.0 
67.859 456.0 
67.952 457.0 
67.847 458.0 
67.917 459.0 
67.859 460.0 
67.94 461.0 
67.87 462.0 
67.788 463.0 
67.94 464.0 
67.894 465.0 
67.929 466.0 
67.882 467.0 
67.835 468.0 
67.94 469.0 
67.812 470.0 
67.847 471.0 
67.882 472.0 
67.753 473.0 
67.894 474.0 
67.964 475.0 
67.882 476.0 
67.835 477.0 
67.894 478.0 
67.859 479.0 
67.917 480.0 
67.952 481.0 
67.905 482.0 
67.952 483.0 
67.859 484.0 
67.905 485.0 
67.812 486.0 
67.835 487.0 
67.917 488.0 
67.882 489.0 
67.847 490.0 
67.905 491.0 
67.882 492.0 
67.847 493.0 
67.917 494.0 
67.835 495.0 
67.812 496.0 
67.87 497.0 
67.929 498.0 
67.835 499.0 
67.824 500.0 
67.882 501.0 
67.929 502.0 
67.812 503.0 
67.824 504.0 
67.847 505.0 
67.859 506.0 
67.777 507.0 
68.069 508.0 
67.8 509.0 
67.835 510.0 
67.87 511.0 
67.847 512.0 
67.87 513.0 
67.917 514.0 
68.221 515.0 
67.742 516.0 
68.361 517.0 
67.742 518.0 
67.788 519.0 
67.8 520.0 
67.788 521.0 
67.788 522.0 
67.812 523.0 
67.8 524.0 
67.788 525.0 
67.777 526.0 
67.8 527.0 
67.742 528.0 
67.742 529.0 
67.73 530.0 
67.753 531.0 
67.835 532.0 
68.092 533.0 
67.824 534.0 
67.788 535.0 
67.812 536.0 
67.765 537.0 
67.672 538.0 
67.695 539.0 
67.672 540.0 
67.765 541.0 
67.707 542.0 
67.718 543.0 
67.66 544.0 
67.578 545.0 
67.567 546.0 
67.707 547.0 
67.625 548.0 
67.625 549.0 
67.567 550.0 
67.532 551.0 
67.672 552.0 
67.602 553.0 
67.578 554.0 
67.543 555.0 
67.648 556.0 
67.637 557.0 
67.555 558.0 
67.111 559.0 
67.602 560.0 
67.602 561.0 
67.52 562.0 
67.648 563.0 
67.567 564.0 
67.508 565.0 
67.637 566.0 
67.637 567.0 
67.555 568.0 
67.532 569.0 
67.567 570.0 
67.648 571.0 
67.602 572.0 
67.508 573.0 
67.59 574.0 
67.555 575.0 
67.905 576.0 
67.602 577.0 
67.613 578.0 
67.66 579.0 
67.637 580.0 
67.683 581.0 
67.625 582.0 
67.695 583.0 
67.66 584.0 
67.251 585.0 
67.672 586.0 
67.567 587.0 
67.672 588.0 
67.602 589.0 
67.66 590.0 
67.567 591.0 
67.66 592.0 
67.59 593.0 
67.66 594.0 
67.59 595.0 
67.625 596.0 
67.567 597.0 
67.555 598.0 
67.602 599.0 
67.59 600.0 
67.718 601.0 
67.613 602.0 
67.718 603.0 
67.602 604.0 
67.625 605.0 
67.613 606.0 
67.637 607.0 
67.543 608.0 
67.625 609.0 
67.672 610.0 
67.602 611.0 
67.66 612.0 
67.578 613.0 
67.66 614.0 
67.543 615.0 
67.625 616.0 
67.718 617.0 
67.578 618.0 
67.613 619.0 
67.193 620.0 
67.59 621.0 
67.637 622.0 
67.578 623.0 
67.59 624.0 
67.683 625.0 
67.52 626.0 
67.648 627.0 
67.672 628.0 
67.59 629.0 
67.625 630.0 
67.683 631.0 
67.555 632.0 
67.66 633.0 
67.672 634.0 
67.59 635.0 
67.637 636.0 
67.707 637.0 
67.59 638.0 
67.648 639.0 
67.683 640.0 
67.543 641.0 
67.637 642.0 
67.695 643.0 
67.567 644.0 
67.555 645.0 
67.637 646.0 
67.718 647.0 
67.567 648.0 
67.567 649.0 
67.648 650.0 
67.496 651.0 
67.543 652.0 
67.613 653.0 
67.66 654.0 
67.532 655.0 
67.59 656.0 
67.648 657.0 
67.66 658.0 
67.613 659.0 
67.613 660.0 
67.648 661.0 
67.695 662.0 
67.567 663.0 
67.648 664.0 
67.648 665.0 
67.683 666.0 
67.543 667.0 
67.613 668.0 
67.637 669.0 
67.683 670.0 
67.578 671.0 
67.578 672.0 
67.602 673.0 
67.613 674.0 
67.625 675.0 
67.555 676.0 
67.578 677.0 
67.625 678.0 
67.66 679.0 
67.683 680.0 
67.52 681.0 
67.602 682.0 
67.613 683.0 
67.648 684.0 
67.66 685.0 
67.672 686.0 
67.543 687.0 
67.578 688.0 
67.602 689.0 
67.625 690.0 
67.648 691.0 
67.672 692.0 
67.52 693.0 
67.567 694.0 
67.613 695.0 
67.613 696.0 
67.637 697.0 
67.66 698.0 
67.45 699.0 
67.567 700.0 
67.578 701.0 
67.613 702.0 
67.66 703.0 
67.625 704.0 
67.66 705.0 
67.695 706.0 
67.555 707.0 
67.59 708.0 
67.613 709.0 
67.613 710.0 
67.613 711.0 
67.648 712.0 
67.672 713.0 
67.695 714.0 
67.438 715.0 
67.543 716.0 
67.52 717.0 
67.602 718.0 
67.613 719.0 
67.625 720.0 
67.613 721.0 
67.625 722.0 
67.648 723.0 
67.695 724.0 
67.707 725.0 
67.508 726.0 
67.543 727.0 
67.567 728.0 
67.578 729.0 
67.578 730.0 
67.555 731.0 
67.59 732.0 
67.648 733.0 
67.66 734.0 
67.648 735.0 
67.648 736.0 
67.695 737.0 
67.672 738.0 
67.52 739.0 
67.52 740.0 
67.532 741.0 
67.532 742.0 
67.555 743.0 
67.555 744.0 
67.567 745.0 
67.555 746.0 
67.578 747.0 
67.555 748.0 
67.567 749.0 
67.59 750.0 
67.613 751.0 
67.567 752.0 
67.59 753.0 
67.602 754.0 
67.625 755.0 
67.625 756.0 
67.637 757.0 
67.613 758.0 
67.602 759.0 
67.613 760.0 
67.637 761.0 
67.66 762.0 
67.637 763.0 
67.625 764.0 
67.637 765.0 
67.602 766.0 
67.637 767.0 
67.637 768.0 
67.637 769.0 
67.625 770.0 
67.637 771.0 
67.625 772.0 
67.637 773.0 
67.613 774.0 
67.637 775.0 
67.637 776.0 
67.637 777.0 
67.625 778.0 
67.637 779.0 
67.625 780.0 
67.625 781.0 
67.613 782.0 
67.613 783.0 
67.625 784.0 
67.613 785.0 
67.613 786.0 
67.625 787.0 
67.613 788.0 
67.637 789.0 
67.613 790.0 
67.637 791.0 
67.625 792.0 
67.613 793.0 
67.613 794.0 
67.613 795.0 
67.613 796.0 
67.59 797.0 
67.613 798.0 
67.613 799.0 
67.602 800.0 
67.613 801.0 
67.625 802.0 
67.66 803.0 
67.613 804.0 
-0.002 805.0 
-0.014 806.0 
0.0 807.0 
-0.013 808.0 
-0.017 809.0 
-0.02 810.0 
-0.028 811.0 
-0.036 812.0 
-0.037 813.0 
-0.042 814.0 
-0.054 815.0 
-0.064 816.0 
-0.055 817.0 
-0.064 818.0 
-0.06 819.0 
-0.064 820.0 
-0.06 821.0 
-0.065 822.0 
-0.062 823.0 
-0.052 824.0 
-0.055 825.0 
-0.064 826.0 
-0.047 827.0 
-0.032 828.0 
-0.042 829.0 
