-0.052 257.0 
-0.05 258.0 
-0.048 259.0 
-0.032 260.0 
-0.032 261.0 
-0.041 262.0 
-0.046 263.0 
-0.056 264.0 
-0.042 265.0 
-0.059 266.0 
-0.044 267.0 
-0.04 268.0 
-0.025 269.0 
-0.023 270.0 
-0.03 271.0 
-0.034 272.0 
-0.02 273.0 
-0.038 274.0 
144.839 275.0 
141.755 276.0 
140.214 277.0 
138.59 278.0 
136.827 279.0 
134.864 280.0 
133.054 281.0 
130.041 282.0 
126.759 283.0 
125.334 284.0 
124.972 285.0 
124.715 286.0 
124.575 287.0 
124.388 288.0 
124.178 289.0 
123.582 290.0 
123.43 291.0 
123.313 292.0 
123.208 293.0 
122.729 294.0 
122.671 295.0 
122.519 296.0 
122.484 297.0 
121.982 298.0 
121.783 299.0 
121.48 300.0 
121.258 301.0 
121.176 302.0 
120.674 303.0 
120.604 304.0 
120.218 305.0 
119.704 306.0 
118.058 307.0 
115.663 308.0 
113.467 309.0 
110.559 310.0 
107.417 311.0 
104.03 312.0 
100.585 313.0 
96.614 314.0 
92.573 315.0 
88.356 316.0 
84.455 317.0 
81.243 318.0 
81.01 319.0 
80.741 320.0 
80.519 321.0 
80.473 322.0 
80.321 323.0 
80.321 324.0 
80.274 325.0 
80.169 326.0 
80.251 327.0 
80.216 328.0 
80.099 329.0 
80.309 330.0 
80.239 331.0 
80.157 332.0 
80.297 333.0 
80.216 334.0 
80.134 335.0 
80.286 336.0 
80.262 337.0 
80.157 338.0 
80.157 339.0 
80.239 340.0 
80.204 341.0 
80.145 342.0 
80.192 343.0 
80.192 344.0 
80.192 345.0 
80.169 346.0 
80.157 347.0 
80.145 348.0 
80.262 349.0 
80.204 350.0 
80.181 351.0 
80.239 352.0 
80.169 353.0 
80.145 354.0 
80.134 355.0 
80.11 356.0 
80.274 357.0 
80.204 358.0 
80.274 359.0 
80.204 360.0 
80.262 361.0 
80.181 362.0 
80.216 363.0 
80.157 364.0 
80.181 365.0 
80.204 366.0 
80.204 367.0 
80.169 368.0 
80.181 369.0 
80.204 370.0 
80.216 371.0 
80.227 372.0 
80.262 373.0 
80.286 374.0 
80.297 375.0 
80.286 376.0 
80.169 377.0 
80.181 378.0 
80.181 379.0 
80.157 380.0 
80.192 381.0 
80.134 382.0 
80.181 383.0 
80.181 384.0 
80.157 385.0 
80.274 386.0 
80.169 387.0 
80.157 388.0 
80.216 389.0 
80.239 390.0 
80.216 391.0 
80.181 392.0 
80.262 393.0 
80.134 394.0 
80.227 395.0 
80.122 396.0 
80.145 397.0 
80.192 398.0 
80.052 399.0 
80.134 400.0 
80.251 401.0 
80.204 402.0 
80.262 403.0 
80.169 404.0 
80.157 405.0 
80.145 406.0 
80.227 407.0 
80.134 408.0 
80.216 409.0 
80.145 410.0 
80.169 411.0 
80.262 412.0 
80.274 413.0 
80.216 414.0 
80.204 415.0 
80.251 416.0 
80.145 417.0 
80.204 418.0 
80.251 419.0 
80.181 420.0 
80.204 421.0 
80.473 422.0 
80.227 423.0 
80.169 424.0 
80.169 425.0 
80.239 426.0 
80.251 427.0 
80.157 428.0 
80.181 429.0 
80.181 430.0 
80.227 431.0 
80.216 432.0 
80.251 433.0 
80.134 434.0 
80.145 435.0 
80.169 436.0 
80.181 437.0 
80.145 438.0 
80.145 439.0 
80.134 440.0 
80.145 441.0 
80.157 442.0 
80.157 443.0 
80.122 444.0 
80.11 445.0 
80.145 446.0 
80.484 447.0 
80.484 448.0 
80.356 449.0 
80.145 450.0 
80.192 451.0 
80.157 452.0 
80.145 453.0 
80.122 454.0 
80.239 455.0 
80.005 456.0 
80.157 457.0 
80.134 458.0 
80.204 459.0 
80.239 460.0 
80.181 461.0 
80.134 462.0 
80.262 463.0 
80.169 464.0 
80.157 465.0 
80.262 466.0 
80.181 467.0 
80.145 468.0 
80.204 469.0 
80.169 470.0 
80.122 471.0 
80.181 472.0 
80.099 473.0 
80.192 474.0 
80.309 475.0 
80.181 476.0 
80.145 477.0 
80.169 478.0 
80.134 479.0 
80.181 480.0 
80.251 481.0 
80.169 482.0 
80.204 483.0 
80.134 484.0 
80.169 485.0 
80.11 486.0 
80.181 487.0 
80.216 488.0 
80.169 489.0 
80.157 490.0 
80.216 491.0 
80.134 492.0 
80.11 493.0 
80.204 494.0 
80.122 495.0 
80.122 496.0 
80.157 497.0 
80.216 498.0 
80.11 499.0 
80.122 500.0 
80.122 501.0 
80.192 502.0 
80.064 503.0 
80.064 504.0 
80.134 505.0 
80.134 506.0 
80.064 507.0 
80.11 508.0 
80.029 509.0 
80.029 510.0 
80.134 511.0 
80.157 512.0 
80.192 513.0 
79.854 514.0 
80.356 515.0 
80.11 516.0 
80.367 517.0 
80.005 518.0 
80.052 519.0 
80.052 520.0 
80.017 521.0 
80.04 522.0 
80.075 523.0 
80.04 524.0 
80.052 525.0 
80.017 526.0 
80.005 527.0 
80.005 528.0 
79.982 529.0 
79.935 530.0 
79.959 531.0 
80.087 532.0 
80.332 533.0 
80.005 534.0 
79.994 535.0 
79.947 536.0 
79.865 537.0 
79.807 538.0 
79.818 539.0 
79.76 540.0 
79.854 541.0 
79.842 542.0 
79.795 543.0 
79.713 544.0 
79.667 545.0 
79.632 546.0 
79.772 547.0 
79.725 548.0 
79.69 549.0 
79.62 550.0 
79.526 551.0 
79.667 552.0 
79.643 553.0 
79.585 554.0 
79.562 555.0 
79.62 556.0 
79.632 557.0 
79.562 558.0 
79.445 559.0 
79.678 560.0 
79.585 561.0 
79.515 562.0 
79.655 563.0 
79.562 564.0 
79.491 565.0 
79.632 566.0 
79.608 567.0 
79.503 568.0 
79.62 569.0 
79.562 570.0 
79.667 571.0 
79.608 572.0 
79.55 573.0 
79.655 574.0 
79.562 575.0 
79.877 576.0 
79.573 577.0 
79.573 578.0 
79.667 579.0 
79.597 580.0 
79.69 581.0 
79.62 582.0 
79.678 583.0 
79.667 584.0 
79.48 585.0 
79.667 586.0 
79.503 587.0 
79.632 588.0 
79.597 589.0 
79.69 590.0 
79.55 591.0 
79.702 592.0 
79.608 593.0 
79.667 594.0 
79.573 595.0 
79.62 596.0 
79.562 597.0 
79.573 598.0 
79.562 599.0 
79.573 600.0 
79.702 601.0 
79.573 602.0 
79.713 603.0 
79.62 604.0 
79.678 605.0 
79.585 606.0 
79.643 607.0 
79.562 608.0 
79.62 609.0 
78.942 610.0 
79.62 611.0 
79.643 612.0 
79.573 613.0 
79.608 614.0 
79.562 615.0 
79.585 616.0 
79.702 617.0 
79.538 618.0 
79.678 619.0 
79.48 620.0 
79.585 621.0 
79.655 622.0 
79.562 623.0 
79.608 624.0 
79.69 625.0 
79.538 626.0 
79.643 627.0 
79.69 628.0 
79.573 629.0 
79.632 630.0 
79.725 631.0 
79.597 632.0 
79.678 633.0 
79.807 634.0 
79.62 635.0 
79.643 636.0 
79.713 637.0 
79.562 638.0 
79.62 639.0 
79.69 640.0 
79.538 641.0 
79.608 642.0 
79.702 643.0 
79.538 644.0 
79.562 645.0 
79.667 646.0 
79.725 647.0 
79.538 648.0 
79.632 649.0 
79.69 650.0 
79.55 651.0 
79.562 652.0 
79.655 653.0 
79.667 654.0 
79.526 655.0 
79.538 656.0 
79.643 657.0 
79.667 658.0 
79.573 659.0 
79.632 660.0 
79.678 661.0 
79.69 662.0 
79.597 663.0 
79.632 664.0 
79.667 665.0 
79.702 666.0 
79.573 667.0 
79.632 668.0 
79.608 669.0 
79.69 670.0 
79.562 671.0 
79.585 672.0 
79.655 673.0 
79.667 674.0 
79.713 675.0 
79.538 676.0 
79.573 677.0 
79.608 678.0 
79.62 679.0 
79.62 680.0 
79.562 681.0 
79.573 682.0 
79.608 683.0 
79.632 684.0 
79.655 685.0 
79.737 686.0 
79.573 687.0 
79.597 688.0 
79.585 689.0 
79.643 690.0 
79.713 691.0 
79.725 692.0 
79.562 693.0 
79.608 694.0 
79.585 695.0 
79.62 696.0 
79.632 697.0 
79.655 698.0 
79.491 699.0 
79.55 700.0 
79.562 701.0 
79.573 702.0 
79.608 703.0 
79.655 704.0 
79.643 705.0 
79.632 706.0 
79.515 707.0 
79.526 708.0 
79.585 709.0 
79.632 710.0 
79.655 711.0 
79.678 712.0 
79.678 713.0 
79.69 714.0 
79.538 715.0 
79.538 716.0 
79.538 717.0 
79.585 718.0 
79.597 719.0 
79.62 720.0 
79.632 721.0 
79.643 722.0 
79.713 723.0 
79.667 724.0 
79.702 725.0 
79.456 726.0 
79.55 727.0 
79.585 728.0 
79.608 729.0 
79.632 730.0 
79.632 731.0 
79.632 732.0 
79.655 733.0 
79.562 734.0 
79.678 735.0 
79.643 736.0 
79.643 737.0 
79.702 738.0 
79.503 739.0 
79.515 740.0 
79.515 741.0 
79.538 742.0 
79.55 743.0 
79.538 744.0 
79.538 745.0 
79.55 746.0 
79.55 747.0 
79.573 748.0 
79.585 749.0 
79.573 750.0 
79.62 751.0 
79.597 752.0 
79.632 753.0 
79.608 754.0 
79.608 755.0 
79.632 756.0 
79.597 757.0 
79.62 758.0 
79.632 759.0 
79.62 760.0 
79.632 761.0 
79.632 762.0 
79.643 763.0 
79.632 764.0 
79.62 765.0 
79.632 766.0 
79.643 767.0 
79.667 768.0 
79.632 769.0 
79.655 770.0 
79.655 771.0 
79.608 772.0 
79.632 773.0 
79.643 774.0 
79.62 775.0 
79.643 776.0 
79.608 777.0 
79.62 778.0 
79.597 779.0 
79.643 780.0 
79.655 781.0 
79.62 782.0 
79.62 783.0 
79.62 784.0 
79.597 785.0 
79.62 786.0 
79.632 787.0 
79.643 788.0 
79.643 789.0 
79.62 790.0 
79.62 791.0 
79.608 792.0 
79.608 793.0 
79.632 794.0 
79.62 795.0 
79.632 796.0 
79.597 797.0 
79.608 798.0 
79.655 799.0 
79.643 800.0 
79.655 801.0 
79.655 802.0 
79.632 803.0 
79.597 804.0 
-0.001 805.0 
0.002 806.0 
-0.001 807.0 
-0.006 808.0 
-0.008 809.0 
-0.014 810.0 
-0.016 811.0 
-0.02 812.0 
-0.044 813.0 
-0.035 814.0 
-0.043 815.0 
-0.052 816.0 
-0.058 817.0 
-0.062 818.0 
-0.054 819.0 
-0.062 820.0 
-0.064 821.0 
-0.067 822.0 
-0.064 823.0 
-0.064 824.0 
-0.065 825.0 
-0.056 826.0 
-0.056 827.0 
-0.049 828.0 
-0.044 829.0 
