-0.037 257.0 
-0.037 258.0 
-0.068 259.0 
-0.034 260.0 
-0.037 261.0 
-0.034 262.0 
-0.032 263.0 
-0.028 264.0 
-0.035 265.0 
-0.05 266.0 
-0.025 267.0 
-0.04 268.0 
-0.04 269.0 
-0.025 270.0 
-0.03 271.0 
-0.011 272.0 
-0.012 273.0 
-0.026 274.0 
146.369 275.0 
143.869 276.0 
142.818 277.0 
141.358 278.0 
139.968 279.0 
138.146 280.0 
136.605 281.0 
134.479 282.0 
132.096 283.0 
130.508 284.0 
130.029 285.0 
129.644 286.0 
129.433 287.0 
129.188 288.0 
128.885 289.0 
128.149 290.0 
127.997 291.0 
127.752 292.0 
127.576 293.0 
127.46 294.0 
126.852 295.0 
126.665 296.0 
126.642 297.0 
126.093 298.0 
125.836 299.0 
125.778 300.0 
125.252 301.0 
125.182 302.0 
124.633 303.0 
124.575 304.0 
124.493 305.0 
123.781 306.0 
122.496 307.0 
120.078 308.0 
116.936 309.0 
112.708 310.0 
108.445 311.0 
103.913 312.0 
99.545 313.0 
95.154 314.0 
91.206 315.0 
87.445 316.0 
84.198 317.0 
81.582 318.0 
81.465 319.0 
81.232 320.0 
81.15 321.0 
81.138 322.0 
80.998 323.0 
81.08 324.0 
80.986 325.0 
80.835 326.0 
80.986 327.0 
80.928 328.0 
81.092 329.0 
81.033 330.0 
80.928 331.0 
81.033 332.0 
81.08 333.0 
80.963 334.0 
80.975 335.0 
81.021 336.0 
81.033 337.0 
80.916 338.0 
81.08 339.0 
80.975 340.0 
80.963 341.0 
80.916 342.0 
80.881 343.0 
80.986 344.0 
80.963 345.0 
80.94 346.0 
80.87 347.0 
80.928 348.0 
80.986 349.0 
80.963 350.0 
80.916 351.0 
80.986 352.0 
80.963 353.0 
80.87 354.0 
81.033 355.0 
80.998 356.0 
81.057 357.0 
80.998 358.0 
81.033 359.0 
80.986 360.0 
81.033 361.0 
80.94 362.0 
80.951 363.0 
80.928 364.0 
80.916 365.0 
80.94 366.0 
80.951 367.0 
80.916 368.0 
80.951 369.0 
80.986 370.0 
80.998 371.0 
80.998 372.0 
80.986 373.0 
81.01 374.0 
81.033 375.0 
81.372 376.0 
80.846 377.0 
80.975 378.0 
80.975 379.0 
80.951 380.0 
80.963 381.0 
81.045 382.0 
80.963 383.0 
80.94 384.0 
80.94 385.0 
81.045 386.0 
80.905 387.0 
80.881 388.0 
80.998 389.0 
80.998 390.0 
80.986 391.0 
80.928 392.0 
81.033 393.0 
80.87 394.0 
80.986 395.0 
81.068 396.0 
80.928 397.0 
81.033 398.0 
80.835 399.0 
80.893 400.0 
80.998 401.0 
80.951 402.0 
81.068 403.0 
80.986 404.0 
80.928 405.0 
80.87 406.0 
80.975 407.0 
80.916 408.0 
80.963 409.0 
80.881 410.0 
80.986 411.0 
81.021 412.0 
81.033 413.0 
81.021 414.0 
80.893 415.0 
80.998 416.0 
80.94 417.0 
81.068 418.0 
80.975 419.0 
80.94 420.0 
80.928 421.0 
80.975 422.0 
81.01 423.0 
80.916 424.0 
80.94 425.0 
80.975 426.0 
81.021 427.0 
80.94 428.0 
80.94 429.0 
80.928 430.0 
80.951 431.0 
81.033 432.0 
81.01 433.0 
80.893 434.0 
80.916 435.0 
80.963 436.0 
81.068 437.0 
80.87 438.0 
80.94 439.0 
80.928 440.0 
80.94 441.0 
80.94 442.0 
80.905 443.0 
80.905 444.0 
80.928 445.0 
80.905 446.0 
80.998 447.0 
81.01 448.0 
80.998 449.0 
81.22 450.0 
80.963 451.0 
80.928 452.0 
80.928 453.0 
80.858 454.0 
80.998 455.0 
80.998 456.0 
80.916 457.0 
80.905 458.0 
80.975 459.0 
80.963 460.0 
80.94 461.0 
80.916 462.0 
80.998 463.0 
80.975 464.0 
80.94 465.0 
80.998 466.0 
80.94 467.0 
80.893 468.0 
80.986 469.0 
80.928 470.0 
80.905 471.0 
80.928 472.0 
80.881 473.0 
80.951 474.0 
81.01 475.0 
80.94 476.0 
80.881 477.0 
80.94 478.0 
80.823 479.0 
80.94 480.0 
81.01 481.0 
80.94 482.0 
80.986 483.0 
80.916 484.0 
80.975 485.0 
80.893 486.0 
80.893 487.0 
80.986 488.0 
80.916 489.0 
80.94 490.0 
80.986 491.0 
80.963 492.0 
80.928 493.0 
80.951 494.0 
80.881 495.0 
80.905 496.0 
80.963 497.0 
80.986 498.0 
80.846 499.0 
80.858 500.0 
80.94 501.0 
80.963 502.0 
80.846 503.0 
80.846 504.0 
80.905 505.0 
80.916 506.0 
80.87 507.0 
80.975 508.0 
80.811 509.0 
80.858 510.0 
80.87 511.0 
80.928 512.0 
80.94 513.0 
80.951 514.0 
80.94 515.0 
80.963 516.0 
80.986 517.0 
80.753 518.0 
80.776 519.0 
80.811 520.0 
80.823 521.0 
80.858 522.0 
80.811 523.0 
80.811 524.0 
80.811 525.0 
80.8 526.0 
80.8 527.0 
80.706 528.0 
80.765 529.0 
80.741 530.0 
80.706 531.0 
80.858 532.0 
80.811 533.0 
80.823 534.0 
80.788 535.0 
80.776 536.0 
80.718 537.0 
80.613 538.0 
80.566 539.0 
80.508 540.0 
80.648 541.0 
80.531 542.0 
80.543 543.0 
80.496 544.0 
80.473 545.0 
80.402 546.0 
80.508 547.0 
80.461 548.0 
80.391 549.0 
80.367 550.0 
80.367 551.0 
80.391 552.0 
80.367 553.0 
80.297 554.0 
80.297 555.0 
80.449 556.0 
80.379 557.0 
80.321 558.0 
79.959 559.0 
80.379 560.0 
80.321 561.0 
80.262 562.0 
80.356 563.0 
80.321 564.0 
80.262 565.0 
80.391 566.0 
80.356 567.0 
80.251 568.0 
80.356 569.0 
80.286 570.0 
80.449 571.0 
80.367 572.0 
80.286 573.0 
80.379 574.0 
80.309 575.0 
80.753 576.0 
80.344 577.0 
80.356 578.0 
80.426 579.0 
80.344 580.0 
80.437 581.0 
80.391 582.0 
80.426 583.0 
80.379 584.0 
80.484 585.0 
80.414 586.0 
80.309 587.0 
80.391 588.0 
80.321 589.0 
80.379 590.0 
80.344 591.0 
80.426 592.0 
80.356 593.0 
80.426 594.0 
80.321 595.0 
80.379 596.0 
80.309 597.0 
80.356 598.0 
80.309 599.0 
80.391 600.0 
80.461 601.0 
80.367 602.0 
80.437 603.0 
80.344 604.0 
80.449 605.0 
80.297 606.0 
80.344 607.0 
80.274 608.0 
80.391 609.0 
80.484 610.0 
80.356 611.0 
80.426 612.0 
80.321 613.0 
80.402 614.0 
80.274 615.0 
80.309 616.0 
80.461 617.0 
80.251 618.0 
80.379 619.0 
80.145 620.0 
80.344 621.0 
80.414 622.0 
80.309 623.0 
80.367 624.0 
80.449 625.0 
80.309 626.0 
80.379 627.0 
80.449 628.0 
80.332 629.0 
80.402 630.0 
80.484 631.0 
80.344 632.0 
80.402 633.0 
80.706 634.0 
80.344 635.0 
80.414 636.0 
80.484 637.0 
80.332 638.0 
80.391 639.0 
80.437 640.0 
80.286 641.0 
80.321 642.0 
80.426 643.0 
80.251 644.0 
80.332 645.0 
80.367 646.0 
80.473 647.0 
80.309 648.0 
80.344 649.0 
80.402 650.0 
80.297 651.0 
80.309 652.0 
80.391 653.0 
80.461 654.0 
80.274 655.0 
80.344 656.0 
80.402 657.0 
80.414 658.0 
80.321 659.0 
80.332 660.0 
80.402 661.0 
80.461 662.0 
80.309 663.0 
80.344 664.0 
80.414 665.0 
80.461 666.0 
80.297 667.0 
80.309 668.0 
80.379 669.0 
80.449 670.0 
80.309 671.0 
80.309 672.0 
80.379 673.0 
80.379 674.0 
80.391 675.0 
80.309 676.0 
80.344 677.0 
80.367 678.0 
80.379 679.0 
80.426 680.0 
80.286 681.0 
80.309 682.0 
80.344 683.0 
80.367 684.0 
80.402 685.0 
80.449 686.0 
80.204 687.0 
80.321 688.0 
80.391 689.0 
80.379 690.0 
80.437 691.0 
80.473 692.0 
80.286 693.0 
80.332 694.0 
80.379 695.0 
80.356 696.0 
80.426 697.0 
80.414 698.0 
80.216 699.0 
80.297 700.0 
80.321 701.0 
80.367 702.0 
80.379 703.0 
80.402 704.0 
80.402 705.0 
80.461 706.0 
80.286 707.0 
80.309 708.0 
80.344 709.0 
80.367 710.0 
80.391 711.0 
80.367 712.0 
80.426 713.0 
80.461 714.0 
80.262 715.0 
80.286 716.0 
80.251 717.0 
80.356 718.0 
80.356 719.0 
80.344 720.0 
80.414 721.0 
80.379 722.0 
80.414 723.0 
80.437 724.0 
80.449 725.0 
80.274 726.0 
80.297 727.0 
80.297 728.0 
80.332 729.0 
80.367 730.0 
80.367 731.0 
80.367 732.0 
80.367 733.0 
80.356 734.0 
80.414 735.0 
80.437 736.0 
80.449 737.0 
80.473 738.0 
80.251 739.0 
80.251 740.0 
80.274 741.0 
80.297 742.0 
80.274 743.0 
80.309 744.0 
80.321 745.0 
80.297 746.0 
80.309 747.0 
80.321 748.0 
80.332 749.0 
80.356 750.0 
80.332 751.0 
80.356 752.0 
80.356 753.0 
80.379 754.0 
80.356 755.0 
80.367 756.0 
80.344 757.0 
80.379 758.0 
80.367 759.0 
80.379 760.0 
80.379 761.0 
80.402 762.0 
80.367 763.0 
80.367 764.0 
80.391 765.0 
80.391 766.0 
80.379 767.0 
80.367 768.0 
80.391 769.0 
80.402 770.0 
80.379 771.0 
80.402 772.0 
80.414 773.0 
80.414 774.0 
80.391 775.0 
80.379 776.0 
80.367 777.0 
80.402 778.0 
80.391 779.0 
80.379 780.0 
80.356 781.0 
80.367 782.0 
80.402 783.0 
80.321 784.0 
80.379 785.0 
80.379 786.0 
80.332 787.0 
80.344 788.0 
80.391 789.0 
80.356 790.0 
80.402 791.0 
80.402 792.0 
80.379 793.0 
80.379 794.0 
80.367 795.0 
80.367 796.0 
80.367 797.0 
80.391 798.0 
80.356 799.0 
80.367 800.0 
80.356 801.0 
80.344 802.0 
80.379 803.0 
80.344 804.0 
-0.005 805.0 
-0.001 806.0 
-0.008 807.0 
-0.005 808.0 
0.001 809.0 
0.001 810.0 
0.006 811.0 
-0.006 812.0 
-0.002 813.0 
-0.006 814.0 
-0.005 815.0 
-0.006 816.0 
-0.001 817.0 
-0.012 818.0 
-0.011 819.0 
-0.013 820.0 
-0.018 821.0 
-0.023 822.0 
-0.019 823.0 
-0.022 824.0 
-0.032 825.0 
-0.022 826.0 
-0.022 827.0 
-0.028 828.0 
-0.028 829.0 
