-0.042 257.0 
-0.044 258.0 
-0.105 259.0 
-0.028 260.0 
-0.029 261.0 
-0.041 262.0 
-0.032 263.0 
-0.029 264.0 
-0.059 265.0 
-0.048 266.0 
-0.068 267.0 
-0.06 268.0 
-0.046 269.0 
-0.058 270.0 
-0.049 271.0 
-0.062 272.0 
-0.043 273.0 
-0.037 274.0 
151.928 275.0 
148.693 276.0 
147.584 277.0 
145.948 278.0 
144.243 279.0 
141.977 280.0 
140.179 281.0 
137.971 282.0 
135.343 283.0 
133.591 284.0 
133.136 285.0 
132.762 286.0 
132.494 287.0 
132.202 288.0 
131.886 289.0 
131.629 290.0 
131.034 291.0 
130.707 292.0 
130.438 293.0 
130.309 294.0 
129.69 295.0 
129.492 296.0 
129.387 297.0 
128.803 298.0 
128.604 299.0 
128.487 300.0 
127.915 301.0 
127.798 302.0 
127.308 303.0 
127.144 304.0 
127.086 305.0 
126.397 306.0 
125.182 307.0 
122.694 308.0 
119.774 309.0 
115.745 310.0 
111.365 311.0 
106.705 312.0 
102.278 313.0 
97.84 314.0 
93.729 315.0 
89.711 316.0 
86.067 317.0 
83.217 318.0 
83.077 319.0 
82.879 320.0 
82.902 321.0 
82.75 322.0 
82.633 323.0 
82.703 324.0 
82.61 325.0 
82.703 326.0 
82.645 327.0 
82.528 328.0 
82.738 329.0 
82.633 330.0 
82.563 331.0 
82.668 332.0 
82.645 333.0 
82.598 334.0 
83.03 335.0 
82.657 336.0 
82.645 337.0 
82.563 338.0 
82.715 339.0 
82.645 340.0 
82.61 341.0 
82.598 342.0 
82.703 343.0 
82.575 344.0 
82.551 345.0 
82.575 346.0 
82.54 347.0 
82.692 348.0 
82.645 349.0 
82.598 350.0 
82.551 351.0 
82.622 352.0 
82.54 353.0 
82.435 354.0 
82.657 355.0 
82.61 356.0 
82.668 357.0 
82.598 358.0 
82.68 359.0 
82.622 360.0 
82.692 361.0 
82.54 362.0 
82.587 363.0 
82.54 364.0 
82.54 365.0 
82.598 366.0 
82.622 367.0 
82.528 368.0 
82.575 369.0 
82.598 370.0 
82.622 371.0 
82.645 372.0 
82.645 373.0 
82.668 374.0 
82.68 375.0 
82.692 376.0 
82.4 377.0 
82.61 378.0 
82.563 379.0 
82.622 380.0 
82.54 381.0 
82.715 382.0 
82.645 383.0 
82.563 384.0 
82.528 385.0 
82.657 386.0 
82.528 387.0 
82.516 388.0 
82.61 389.0 
82.61 390.0 
82.587 391.0 
82.587 392.0 
82.645 393.0 
82.54 394.0 
82.587 395.0 
82.715 396.0 
82.528 397.0 
82.633 398.0 
82.598 399.0 
82.551 400.0 
82.668 401.0 
82.645 402.0 
82.668 403.0 
82.622 404.0 
82.563 405.0 
82.54 406.0 
82.563 407.0 
82.551 408.0 
82.575 409.0 
82.54 410.0 
82.587 411.0 
82.633 412.0 
82.668 413.0 
82.633 414.0 
82.598 415.0 
82.575 416.0 
82.54 417.0 
82.855 418.0 
82.645 419.0 
82.587 420.0 
82.575 421.0 
82.598 422.0 
82.645 423.0 
82.563 424.0 
82.551 425.0 
82.622 426.0 
82.622 427.0 
82.54 428.0 
82.54 429.0 
82.528 430.0 
82.587 431.0 
82.622 432.0 
82.645 433.0 
82.516 434.0 
82.516 435.0 
82.622 436.0 
82.738 437.0 
82.54 438.0 
82.551 439.0 
82.587 440.0 
82.587 441.0 
82.516 442.0 
82.563 443.0 
82.551 444.0 
82.505 445.0 
82.505 446.0 
82.633 447.0 
82.645 448.0 
82.587 449.0 
82.575 450.0 
82.505 451.0 
82.516 452.0 
82.528 453.0 
82.505 454.0 
82.61 455.0 
82.587 456.0 
82.54 457.0 
82.54 458.0 
82.61 459.0 
82.633 460.0 
82.505 461.0 
82.54 462.0 
82.633 463.0 
82.622 464.0 
82.645 465.0 
82.61 466.0 
82.563 467.0 
82.516 468.0 
82.633 469.0 
82.551 470.0 
82.563 471.0 
82.528 472.0 
82.668 473.0 
82.587 474.0 
82.657 475.0 
82.54 476.0 
82.505 477.0 
82.587 478.0 
82.505 479.0 
82.633 480.0 
82.657 481.0 
82.551 482.0 
82.633 483.0 
82.528 484.0 
82.61 485.0 
82.516 486.0 
82.505 487.0 
82.61 488.0 
82.551 489.0 
82.587 490.0 
82.598 491.0 
82.575 492.0 
82.575 493.0 
82.622 494.0 
82.551 495.0 
82.505 496.0 
82.587 497.0 
82.622 498.0 
82.505 499.0 
82.54 500.0 
82.575 501.0 
82.598 502.0 
82.446 503.0 
82.54 504.0 
82.516 505.0 
82.54 506.0 
82.598 507.0 
82.785 508.0 
82.47 509.0 
82.481 510.0 
82.516 511.0 
82.587 512.0 
82.598 513.0 
82.563 514.0 
82.551 515.0 
82.563 516.0 
82.622 517.0 
82.458 518.0 
82.388 519.0 
82.47 520.0 
82.423 521.0 
82.446 522.0 
82.446 523.0 
82.47 524.0 
82.446 525.0 
82.435 526.0 
82.4 527.0 
82.353 528.0 
82.376 529.0 
82.341 530.0 
82.353 531.0 
82.516 532.0 
82.493 533.0 
82.435 534.0 
82.435 535.0 
82.376 536.0 
82.33 537.0 
82.283 538.0 
82.26 539.0 
82.189 540.0 
82.306 541.0 
82.224 542.0 
82.178 543.0 
82.143 544.0 
82.061 545.0 
82.049 546.0 
82.166 547.0 
82.119 548.0 
82.038 549.0 
82.014 550.0 
82.154 551.0 
82.131 552.0 
82.049 553.0 
81.956 554.0 
81.944 555.0 
82.096 556.0 
82.014 557.0 
82.003 558.0 
81.699 559.0 
82.049 560.0 
81.979 561.0 
81.909 562.0 
82.073 563.0 
82.038 564.0 
81.897 565.0 
82.026 566.0 
82.061 567.0 
81.909 568.0 
82.014 569.0 
81.956 570.0 
82.073 571.0 
81.968 572.0 
81.968 573.0 
81.979 574.0 
81.979 575.0 
82.084 576.0 
82.014 577.0 
82.003 578.0 
82.108 579.0 
82.003 580.0 
82.084 581.0 
82.038 582.0 
82.061 583.0 
82.049 584.0 
82.154 585.0 
82.108 586.0 
81.979 587.0 
82.084 588.0 
81.979 589.0 
82.084 590.0 
82.014 591.0 
82.073 592.0 
82.026 593.0 
81.991 594.0 
82.026 595.0 
82.108 596.0 
81.968 597.0 
82.061 598.0 
82.003 599.0 
82.049 600.0 
82.119 601.0 
82.038 602.0 
82.096 603.0 
82.014 604.0 
82.108 605.0 
81.979 606.0 
82.061 607.0 
81.968 608.0 
82.038 609.0 
82.108 610.0 
82.038 611.0 
82.108 612.0 
82.014 613.0 
82.084 614.0 
81.956 615.0 
82.038 616.0 
82.108 617.0 
81.921 618.0 
82.084 619.0 
81.746 620.0 
82.003 621.0 
82.049 622.0 
81.944 623.0 
82.003 624.0 
82.131 625.0 
81.968 626.0 
82.038 627.0 
82.108 628.0 
81.956 629.0 
82.049 630.0 
82.108 631.0 
81.991 632.0 
82.061 633.0 
82.131 634.0 
81.991 635.0 
82.049 636.0 
82.131 637.0 
81.991 638.0 
82.084 639.0 
82.131 640.0 
81.956 641.0 
82.014 642.0 
82.073 643.0 
81.921 644.0 
82.014 645.0 
82.049 646.0 
82.108 647.0 
81.956 648.0 
82.026 649.0 
82.084 650.0 
81.932 651.0 
81.968 652.0 
82.049 653.0 
82.119 654.0 
81.932 655.0 
82.026 656.0 
82.003 657.0 
82.096 658.0 
82.014 659.0 
82.073 660.0 
82.061 661.0 
82.143 662.0 
81.979 663.0 
82.026 664.0 
82.061 665.0 
82.143 666.0 
81.968 667.0 
82.003 668.0 
82.049 669.0 
82.096 670.0 
81.932 671.0 
81.979 672.0 
82.026 673.0 
82.108 674.0 
82.014 675.0 
81.956 676.0 
81.991 677.0 
82.026 678.0 
82.049 679.0 
82.119 680.0 
81.956 681.0 
81.968 682.0 
82.026 683.0 
82.073 684.0 
82.108 685.0 
82.119 686.0 
81.944 687.0 
81.991 688.0 
82.038 689.0 
82.049 690.0 
82.108 691.0 
82.154 692.0 
81.956 693.0 
81.991 694.0 
82.014 695.0 
82.073 696.0 
82.096 697.0 
82.096 698.0 
81.839 699.0 
81.979 700.0 
81.956 701.0 
81.991 702.0 
82.049 703.0 
82.049 704.0 
82.108 705.0 
82.108 706.0 
81.968 707.0 
81.968 708.0 
81.968 709.0 
82.003 710.0 
82.014 711.0 
82.061 712.0 
82.108 713.0 
82.119 714.0 
82.143 715.0 
81.909 716.0 
82.014 717.0 
82.003 718.0 
82.026 719.0 
82.038 720.0 
82.038 721.0 
82.061 722.0 
82.061 723.0 
82.108 724.0 
82.096 725.0 
81.932 726.0 
81.921 727.0 
81.944 728.0 
81.979 729.0 
82.003 730.0 
82.038 731.0 
82.026 732.0 
82.049 733.0 
82.096 734.0 
82.084 735.0 
82.096 736.0 
82.119 737.0 
82.131 738.0 
81.804 739.0 
81.921 740.0 
81.932 741.0 
81.944 742.0 
81.956 743.0 
81.979 744.0 
81.991 745.0 
81.956 746.0 
81.968 747.0 
81.968 748.0 
81.979 749.0 
81.979 750.0 
81.991 751.0 
82.014 752.0 
82.014 753.0 
81.991 754.0 
81.979 755.0 
82.014 756.0 
82.026 757.0 
82.038 758.0 
82.038 759.0 
82.014 760.0 
81.991 761.0 
82.026 762.0 
82.038 763.0 
82.038 764.0 
82.061 765.0 
82.049 766.0 
82.061 767.0 
82.049 768.0 
82.038 769.0 
82.049 770.0 
82.049 771.0 
82.049 772.0 
82.061 773.0 
82.061 774.0 
82.038 775.0 
82.049 776.0 
82.049 777.0 
82.038 778.0 
82.038 779.0 
82.049 780.0 
82.014 781.0 
82.049 782.0 
82.049 783.0 
82.061 784.0 
82.014 785.0 
82.061 786.0 
82.014 787.0 
82.049 788.0 
82.026 789.0 
82.038 790.0 
82.038 791.0 
82.061 792.0 
82.049 793.0 
82.038 794.0 
82.014 795.0 
82.038 796.0 
82.038 797.0 
82.014 798.0 
82.026 799.0 
82.026 800.0 
82.049 801.0 
82.014 802.0 
82.014 803.0 
82.026 804.0 
0.002 805.0 
-0.001 806.0 
-0.004 807.0 
0.004 808.0 
0.007 809.0 
0.0 810.0 
-0.001 811.0 
-0.005 812.0 
-0.001 813.0 
0.002 814.0 
0.0 815.0 
0.007 816.0 
0.0 817.0 
-0.002 818.0 
-0.002 819.0 
-0.004 820.0 
-0.011 821.0 
-0.014 822.0 
-0.012 823.0 
-0.01 824.0 
-0.012 825.0 
-0.016 826.0 
-0.02 827.0 
-0.019 828.0 
-0.02 829.0 
