-0.03 257.0 
-0.02 258.0 
-0.101 259.0 
-0.006 260.0 
-0.054 261.0 
-0.068 262.0 
-0.03 263.0 
-0.029 264.0 
-0.022 265.0 
-0.05 266.0 
-0.062 267.0 
-0.067 268.0 
-0.062 269.0 
-0.035 270.0 
-0.053 271.0 
-0.054 272.0 
-0.036 273.0 
-0.043 274.0 
151.706 275.0 
147.233 276.0 
145.983 277.0 
144.465 278.0 
142.865 279.0 
140.973 280.0 
139.443 281.0 
137.387 282.0 
134.444 283.0 
133.451 284.0 
133.019 285.0 
132.704 286.0 
132.517 287.0 
132.225 288.0 
131.956 289.0 
131.723 290.0 
131.174 291.0 
130.917 292.0 
130.625 293.0 
130.555 294.0 
130.006 295.0 
129.784 296.0 
129.667 297.0 
129.13 298.0 
128.943 299.0 
128.92 300.0 
128.336 301.0 
128.207 302.0 
127.728 303.0 
127.705 304.0 
127.623 305.0 
126.992 306.0 
125.965 307.0 
123.722 308.0 
121.024 309.0 
117.193 310.0 
113.234 311.0 
108.632 312.0 
104.404 313.0 
99.872 314.0 
95.563 315.0 
91.171 316.0 
87.153 317.0 
84.011 318.0 
83.906 319.0 
83.649 320.0 
83.521 321.0 
83.474 322.0 
83.357 323.0 
83.416 324.0 
83.346 325.0 
83.719 326.0 
83.346 327.0 
83.311 328.0 
83.463 329.0 
83.369 330.0 
83.322 331.0 
83.392 332.0 
83.404 333.0 
83.311 334.0 
83.649 335.0 
83.404 336.0 
83.369 337.0 
83.276 338.0 
83.474 339.0 
83.334 340.0 
83.357 341.0 
83.299 342.0 
83.463 343.0 
83.334 344.0 
83.346 345.0 
83.299 346.0 
83.264 347.0 
83.182 348.0 
83.369 349.0 
83.381 350.0 
83.299 351.0 
83.369 352.0 
83.334 353.0 
83.276 354.0 
83.427 355.0 
83.369 356.0 
83.416 357.0 
83.369 358.0 
83.439 359.0 
83.404 360.0 
83.392 361.0 
83.357 362.0 
83.357 363.0 
83.241 364.0 
83.334 365.0 
83.322 366.0 
83.369 367.0 
83.287 368.0 
83.311 369.0 
83.334 370.0 
83.381 371.0 
83.381 372.0 
83.381 373.0 
83.416 374.0 
83.427 375.0 
83.416 376.0 
83.229 377.0 
83.357 378.0 
83.381 379.0 
83.334 380.0 
83.322 381.0 
83.427 382.0 
83.311 383.0 
83.322 384.0 
83.299 385.0 
83.392 386.0 
83.264 387.0 
83.229 388.0 
83.381 389.0 
83.357 390.0 
83.357 391.0 
83.334 392.0 
83.416 393.0 
83.299 394.0 
83.334 395.0 
83.427 396.0 
83.276 397.0 
83.369 398.0 
83.264 399.0 
83.299 400.0 
83.392 401.0 
83.346 402.0 
83.404 403.0 
83.357 404.0 
83.357 405.0 
83.287 406.0 
83.346 407.0 
83.287 408.0 
83.334 409.0 
83.264 410.0 
83.311 411.0 
83.392 412.0 
83.427 413.0 
83.392 414.0 
83.287 415.0 
83.357 416.0 
83.287 417.0 
83.509 418.0 
83.392 419.0 
83.276 420.0 
83.369 421.0 
83.346 422.0 
83.369 423.0 
83.299 424.0 
83.276 425.0 
83.346 426.0 
83.357 427.0 
83.311 428.0 
83.299 429.0 
83.276 430.0 
83.369 431.0 
83.404 432.0 
83.381 433.0 
83.299 434.0 
83.311 435.0 
83.334 436.0 
83.427 437.0 
83.264 438.0 
83.334 439.0 
83.334 440.0 
83.276 441.0 
83.311 442.0 
83.299 443.0 
83.287 444.0 
83.299 445.0 
83.287 446.0 
83.404 447.0 
83.357 448.0 
83.357 449.0 
83.708 450.0 
83.322 451.0 
83.311 452.0 
83.276 453.0 
83.229 454.0 
83.392 455.0 
83.334 456.0 
83.299 457.0 
83.287 458.0 
83.404 459.0 
83.381 460.0 
83.311 461.0 
83.287 462.0 
83.392 463.0 
83.357 464.0 
83.311 465.0 
83.381 466.0 
83.334 467.0 
83.241 468.0 
83.357 469.0 
83.276 470.0 
83.311 471.0 
83.311 472.0 
83.264 473.0 
83.311 474.0 
83.404 475.0 
83.334 476.0 
83.252 477.0 
83.381 478.0 
83.276 479.0 
83.346 480.0 
83.404 481.0 
83.299 482.0 
83.381 483.0 
83.264 484.0 
83.334 485.0 
83.276 486.0 
83.276 487.0 
83.381 488.0 
83.287 489.0 
83.287 490.0 
83.357 491.0 
83.287 492.0 
83.322 493.0 
83.392 494.0 
83.252 495.0 
83.241 496.0 
83.357 497.0 
83.381 498.0 
83.252 499.0 
83.287 500.0 
83.287 501.0 
83.334 502.0 
83.217 503.0 
83.276 504.0 
83.252 505.0 
83.299 506.0 
83.287 507.0 
83.334 508.0 
83.241 509.0 
83.252 510.0 
83.252 511.0 
83.276 512.0 
83.322 513.0 
83.299 514.0 
83.357 515.0 
83.346 516.0 
83.322 517.0 
83.1 518.0 
83.171 519.0 
83.206 520.0 
83.217 521.0 
83.171 522.0 
83.194 523.0 
83.194 524.0 
83.194 525.0 
83.182 526.0 
83.206 527.0 
83.147 528.0 
83.171 529.0 
83.112 530.0 
83.112 531.0 
83.241 532.0 
83.182 533.0 
83.135 534.0 
83.147 535.0 
83.065 536.0 
83.077 537.0 
82.96 538.0 
82.949 539.0 
82.902 540.0 
82.995 541.0 
82.902 542.0 
82.914 543.0 
82.879 544.0 
82.808 545.0 
82.75 546.0 
82.867 547.0 
82.832 548.0 
82.785 549.0 
82.692 550.0 
82.692 551.0 
82.808 552.0 
82.75 553.0 
82.715 554.0 
82.692 555.0 
82.797 556.0 
82.692 557.0 
82.715 558.0 
82.376 559.0 
82.75 560.0 
82.715 561.0 
82.622 562.0 
82.715 563.0 
82.668 564.0 
82.633 565.0 
82.762 566.0 
82.703 567.0 
82.633 568.0 
82.692 569.0 
82.657 570.0 
82.797 571.0 
82.727 572.0 
82.668 573.0 
82.738 574.0 
82.657 575.0 
83.124 576.0 
82.692 577.0 
82.703 578.0 
82.82 579.0 
82.727 580.0 
82.785 581.0 
82.75 582.0 
82.808 583.0 
82.762 584.0 
82.376 585.0 
82.773 586.0 
82.703 587.0 
82.773 588.0 
82.703 589.0 
82.797 590.0 
82.727 591.0 
82.762 592.0 
82.692 593.0 
82.738 594.0 
82.715 595.0 
82.703 596.0 
82.703 597.0 
82.727 598.0 
82.715 599.0 
82.75 600.0 
82.832 601.0 
82.703 602.0 
82.855 603.0 
82.715 604.0 
82.808 605.0 
82.645 606.0 
82.762 607.0 
82.668 608.0 
82.762 609.0 
82.843 610.0 
82.727 611.0 
82.832 612.0 
82.692 613.0 
82.797 614.0 
82.668 615.0 
82.692 616.0 
82.82 617.0 
82.657 618.0 
82.785 619.0 
82.458 620.0 
82.727 621.0 
82.773 622.0 
82.668 623.0 
82.727 624.0 
82.82 625.0 
82.727 626.0 
82.762 627.0 
82.808 628.0 
82.692 629.0 
82.75 630.0 
82.82 631.0 
82.692 632.0 
82.773 633.0 
83.03 634.0 
82.703 635.0 
82.738 636.0 
82.843 637.0 
82.715 638.0 
82.727 639.0 
82.82 640.0 
82.657 641.0 
82.692 642.0 
82.797 643.0 
82.645 644.0 
82.727 645.0 
82.75 646.0 
82.808 647.0 
82.68 648.0 
82.703 649.0 
82.797 650.0 
82.668 651.0 
82.657 652.0 
82.785 653.0 
82.832 654.0 
82.645 655.0 
82.692 656.0 
82.738 657.0 
82.82 658.0 
82.715 659.0 
82.738 660.0 
82.762 661.0 
82.808 662.0 
82.657 663.0 
82.715 664.0 
82.773 665.0 
82.82 666.0 
82.668 667.0 
82.692 668.0 
82.762 669.0 
82.797 670.0 
82.668 671.0 
82.727 672.0 
82.738 673.0 
82.762 674.0 
82.82 675.0 
82.657 676.0 
82.668 677.0 
82.762 678.0 
82.785 679.0 
82.82 680.0 
82.657 681.0 
82.703 682.0 
82.727 683.0 
82.727 684.0 
82.82 685.0 
82.855 686.0 
82.645 687.0 
82.692 688.0 
82.727 689.0 
82.75 690.0 
82.738 691.0 
82.82 692.0 
82.657 693.0 
82.668 694.0 
82.715 695.0 
82.738 696.0 
82.727 697.0 
82.797 698.0 
82.575 699.0 
82.703 700.0 
82.68 701.0 
82.715 702.0 
82.75 703.0 
82.762 704.0 
82.773 705.0 
82.832 706.0 
82.633 707.0 
82.645 708.0 
82.668 709.0 
82.692 710.0 
82.738 711.0 
82.773 712.0 
82.785 713.0 
82.82 714.0 
82.575 715.0 
82.657 716.0 
82.61 717.0 
82.703 718.0 
82.703 719.0 
82.715 720.0 
82.738 721.0 
82.773 722.0 
82.785 723.0 
82.808 724.0 
82.82 725.0 
82.61 726.0 
82.633 727.0 
82.668 728.0 
82.692 729.0 
82.703 730.0 
82.727 731.0 
82.762 732.0 
82.762 733.0 
82.773 734.0 
82.797 735.0 
82.797 736.0 
82.82 737.0 
82.832 738.0 
82.61 739.0 
82.622 740.0 
82.622 741.0 
82.598 742.0 
82.645 743.0 
82.633 744.0 
82.657 745.0 
82.657 746.0 
82.68 747.0 
82.68 748.0 
82.657 749.0 
82.727 750.0 
82.715 751.0 
82.715 752.0 
82.715 753.0 
82.727 754.0 
82.703 755.0 
82.738 756.0 
82.738 757.0 
82.762 758.0 
82.75 759.0 
82.75 760.0 
82.738 761.0 
82.727 762.0 
82.762 763.0 
82.727 764.0 
82.727 765.0 
82.762 766.0 
82.75 767.0 
82.762 768.0 
82.727 769.0 
82.75 770.0 
82.727 771.0 
82.785 772.0 
82.773 773.0 
82.75 774.0 
82.762 775.0 
82.773 776.0 
82.773 777.0 
82.738 778.0 
82.75 779.0 
82.75 780.0 
82.738 781.0 
82.75 782.0 
82.75 783.0 
82.762 784.0 
82.727 785.0 
82.773 786.0 
82.762 787.0 
82.762 788.0 
82.727 789.0 
82.762 790.0 
82.738 791.0 
82.75 792.0 
82.727 793.0 
82.75 794.0 
82.75 795.0 
82.727 796.0 
82.727 797.0 
82.75 798.0 
82.727 799.0 
82.727 800.0 
82.715 801.0 
82.738 802.0 
82.703 803.0 
82.727 804.0 
0.001 805.0 
-0.001 806.0 
0.0 807.0 
0.002 808.0 
-0.006 809.0 
-0.006 810.0 
-0.014 811.0 
-0.019 812.0 
-0.018 813.0 
-0.011 814.0 
-0.02 815.0 
-0.017 816.0 
-0.016 817.0 
-0.028 818.0 
-0.02 819.0 
-0.029 820.0 
-0.026 821.0 
-0.028 822.0 
-0.018 823.0 
-0.018 824.0 
-0.028 825.0 
-0.023 826.0 
-0.025 827.0 
-0.025 828.0 
-0.031 829.0 
