-0.022 257.0 
-0.041 258.0 
-0.06 259.0 
-0.038 260.0 
-0.028 261.0 
-0.043 262.0 
-0.052 263.0 
-0.044 264.0 
-0.05 265.0 
-0.034 266.0 
-0.025 267.0 
-0.031 268.0 
-0.017 269.0 
-0.042 270.0 
-0.025 271.0 
-0.019 272.0 
-0.02 273.0 
-0.042 274.0 
153.026 275.0 
149.744 276.0 
148.88 277.0 
147.572 278.0 
145.913 279.0 
143.893 280.0 
141.861 281.0 
139.688 282.0 
136.359 283.0 
134.958 284.0 
134.549 285.0 
134.117 286.0 
133.872 287.0 
133.463 288.0 
133.148 289.0 
132.388 290.0 
132.213 291.0 
131.956 292.0 
131.641 293.0 
131.372 294.0 
130.882 295.0 
130.683 296.0 
130.543 297.0 
129.936 298.0 
129.69 299.0 
129.574 300.0 
128.861 301.0 
128.674 302.0 
128.02 303.0 
127.857 304.0 
127.565 305.0 
126.537 306.0 
124.516 307.0 
121.445 308.0 
118.046 309.0 
113.806 310.0 
109.812 311.0 
105.56 312.0 
101.484 313.0 
97.174 314.0 
93.122 315.0 
89.267 316.0 
85.565 317.0 
82.715 318.0 
82.493 319.0 
82.201 320.0 
82.038 321.0 
82.014 322.0 
81.886 323.0 
81.897 324.0 
81.851 325.0 
81.734 326.0 
81.816 327.0 
81.722 328.0 
81.874 329.0 
81.827 330.0 
81.781 331.0 
81.897 332.0 
81.862 333.0 
81.757 334.0 
81.687 335.0 
81.816 336.0 
81.839 337.0 
81.699 338.0 
81.897 339.0 
81.769 340.0 
81.757 341.0 
81.757 342.0 
81.851 343.0 
81.839 344.0 
81.769 345.0 
81.757 346.0 
81.711 347.0 
81.722 348.0 
81.816 349.0 
81.816 350.0 
81.757 351.0 
81.839 352.0 
81.781 353.0 
81.711 354.0 
81.699 355.0 
81.804 356.0 
81.862 357.0 
81.734 358.0 
81.851 359.0 
81.757 360.0 
81.827 361.0 
81.781 362.0 
81.804 363.0 
81.722 364.0 
81.734 365.0 
81.781 366.0 
81.816 367.0 
81.722 368.0 
81.781 369.0 
81.757 370.0 
81.792 371.0 
81.839 372.0 
81.827 373.0 
81.839 374.0 
81.827 375.0 
82.154 376.0 
81.699 377.0 
81.769 378.0 
81.769 379.0 
81.746 380.0 
81.757 381.0 
81.874 382.0 
81.734 383.0 
81.746 384.0 
81.722 385.0 
81.874 386.0 
81.734 387.0 
81.722 388.0 
81.792 389.0 
81.816 390.0 
81.816 391.0 
81.722 392.0 
81.862 393.0 
81.687 394.0 
81.769 395.0 
81.862 396.0 
81.699 397.0 
81.792 398.0 
81.676 399.0 
81.711 400.0 
81.827 401.0 
81.792 402.0 
81.862 403.0 
81.816 404.0 
81.734 405.0 
81.722 406.0 
81.792 407.0 
81.722 408.0 
81.757 409.0 
81.652 410.0 
81.734 411.0 
81.862 412.0 
82.119 413.0 
81.816 414.0 
81.734 415.0 
81.781 416.0 
81.699 417.0 
81.769 418.0 
81.792 419.0 
81.699 420.0 
81.734 421.0 
81.769 422.0 
81.816 423.0 
81.734 424.0 
81.757 425.0 
81.781 426.0 
81.792 427.0 
81.722 428.0 
81.746 429.0 
81.711 430.0 
81.792 431.0 
81.792 432.0 
81.827 433.0 
81.699 434.0 
81.676 435.0 
81.699 436.0 
81.839 437.0 
81.664 438.0 
81.687 439.0 
81.734 440.0 
81.734 441.0 
81.711 442.0 
81.757 443.0 
81.746 444.0 
81.734 445.0 
81.711 446.0 
81.816 447.0 
81.804 448.0 
81.804 449.0 
82.073 450.0 
81.757 451.0 
81.757 452.0 
81.722 453.0 
81.687 454.0 
81.769 455.0 
81.617 456.0 
81.746 457.0 
81.711 458.0 
81.804 459.0 
81.816 460.0 
81.769 461.0 
81.711 462.0 
81.816 463.0 
81.781 464.0 
81.746 465.0 
81.804 466.0 
81.757 467.0 
81.676 468.0 
81.804 469.0 
81.734 470.0 
81.699 471.0 
81.757 472.0 
81.617 473.0 
81.722 474.0 
81.816 475.0 
81.722 476.0 
81.687 477.0 
81.746 478.0 
81.64 479.0 
81.781 480.0 
81.816 481.0 
81.734 482.0 
81.792 483.0 
81.687 484.0 
81.816 485.0 
81.676 486.0 
81.676 487.0 
81.816 488.0 
81.734 489.0 
81.722 490.0 
81.816 491.0 
81.757 492.0 
81.746 493.0 
81.792 494.0 
81.676 495.0 
81.652 496.0 
81.734 497.0 
81.792 498.0 
81.652 499.0 
81.687 500.0 
81.746 501.0 
81.781 502.0 
81.652 503.0 
81.676 504.0 
81.699 505.0 
81.746 506.0 
81.676 507.0 
81.746 508.0 
81.652 509.0 
81.664 510.0 
81.664 511.0 
81.734 512.0 
81.757 513.0 
81.722 514.0 
81.734 515.0 
81.781 516.0 
81.769 517.0 
81.559 518.0 
81.605 519.0 
81.629 520.0 
81.629 521.0 
81.617 522.0 
81.64 523.0 
81.64 524.0 
81.617 525.0 
81.629 526.0 
81.629 527.0 
81.559 528.0 
81.594 529.0 
81.547 530.0 
81.535 531.0 
81.664 532.0 
81.652 533.0 
81.582 534.0 
81.559 535.0 
81.535 536.0 
81.5 537.0 
81.384 538.0 
81.419 539.0 
81.384 540.0 
81.489 541.0 
81.407 542.0 
81.43 543.0 
81.43 544.0 
81.36 545.0 
81.302 546.0 
81.43 547.0 
81.325 548.0 
81.372 549.0 
81.313 550.0 
81.255 551.0 
81.395 552.0 
81.313 553.0 
81.267 554.0 
81.22 555.0 
81.372 556.0 
81.313 557.0 
81.255 558.0 
80.975 559.0 
81.325 560.0 
81.278 561.0 
81.208 562.0 
81.36 563.0 
81.29 564.0 
81.185 565.0 
81.337 566.0 
81.36 567.0 
81.197 568.0 
81.313 569.0 
81.243 570.0 
81.372 571.0 
81.313 572.0 
81.243 573.0 
81.313 574.0 
81.208 575.0 
81.337 576.0 
81.278 577.0 
81.278 578.0 
81.384 579.0 
81.278 580.0 
81.372 581.0 
81.313 582.0 
81.372 583.0 
81.372 584.0 
80.811 585.0 
81.348 586.0 
81.278 587.0 
81.36 588.0 
81.29 589.0 
81.36 590.0 
81.29 591.0 
81.36 592.0 
81.267 593.0 
81.313 594.0 
81.278 595.0 
81.278 596.0 
81.255 597.0 
81.313 598.0 
81.243 599.0 
81.325 600.0 
81.407 601.0 
81.302 602.0 
81.419 603.0 
81.29 604.0 
81.348 605.0 
81.255 606.0 
81.337 607.0 
81.255 608.0 
81.313 609.0 
81.43 610.0 
81.302 611.0 
81.384 612.0 
81.302 613.0 
81.348 614.0 
81.267 615.0 
81.29 616.0 
81.395 617.0 
81.173 618.0 
81.337 619.0 
81.092 620.0 
81.302 621.0 
81.325 622.0 
81.22 623.0 
81.313 624.0 
81.384 625.0 
81.267 626.0 
81.372 627.0 
81.395 628.0 
81.278 629.0 
81.348 630.0 
81.395 631.0 
81.29 632.0 
81.337 633.0 
81.629 634.0 
81.255 635.0 
81.337 636.0 
81.372 637.0 
81.29 638.0 
81.313 639.0 
81.337 640.0 
81.243 641.0 
81.232 642.0 
81.372 643.0 
81.232 644.0 
81.232 645.0 
81.267 646.0 
81.15 647.0 
80.566 648.0 
80.204 649.0 
79.643 650.0 
79.094 651.0 
79.001 652.0 
78.791 653.0 
78.674 654.0 
78.3 655.0 
78.242 656.0 
78.16 657.0 
78.148 658.0 
78.02 659.0 
78.078 660.0 
78.008 661.0 
78.008 662.0 
77.88 663.0 
77.926 664.0 
77.95 665.0 
77.95 666.0 
77.833 667.0 
77.88 668.0 
77.88 669.0 
77.938 670.0 
77.798 671.0 
77.868 672.0 
77.868 673.0 
77.891 674.0 
77.903 675.0 
77.775 676.0 
77.833 677.0 
77.845 678.0 
77.88 679.0 
77.926 680.0 
77.751 681.0 
77.81 682.0 
77.845 683.0 
77.903 684.0 
77.891 685.0 
77.961 686.0 
77.786 687.0 
77.81 688.0 
77.845 689.0 
77.903 690.0 
77.95 691.0 
77.95 692.0 
77.81 693.0 
77.786 694.0 
77.833 695.0 
77.856 696.0 
77.81 697.0 
77.903 698.0 
77.681 699.0 
77.798 700.0 
77.833 701.0 
77.856 702.0 
77.868 703.0 
77.891 704.0 
77.915 705.0 
77.961 706.0 
77.775 707.0 
77.81 708.0 
77.821 709.0 
77.798 710.0 
77.868 711.0 
77.903 712.0 
77.915 713.0 
77.926 714.0 
77.95 715.0 
77.763 716.0 
77.81 717.0 
77.798 718.0 
77.868 719.0 
77.821 720.0 
77.868 721.0 
77.856 722.0 
77.915 723.0 
77.95 724.0 
77.973 725.0 
77.763 726.0 
77.763 727.0 
77.798 728.0 
77.798 729.0 
77.81 730.0 
77.833 731.0 
77.868 732.0 
77.856 733.0 
77.88 734.0 
77.891 735.0 
77.88 736.0 
77.903 737.0 
77.926 738.0 
77.728 739.0 
77.751 740.0 
77.798 741.0 
77.751 742.0 
77.775 743.0 
77.81 744.0 
77.821 745.0 
77.81 746.0 
77.798 747.0 
77.833 748.0 
77.833 749.0 
77.798 750.0 
77.845 751.0 
77.868 752.0 
77.833 753.0 
77.856 754.0 
77.833 755.0 
77.833 756.0 
77.845 757.0 
77.856 758.0 
77.88 759.0 
77.868 760.0 
77.868 761.0 
77.868 762.0 
77.833 763.0 
77.88 764.0 
77.868 765.0 
77.891 766.0 
77.868 767.0 
77.868 768.0 
77.88 769.0 
77.903 770.0 
77.88 771.0 
77.88 772.0 
77.856 773.0 
77.856 774.0 
77.868 775.0 
77.845 776.0 
77.88 777.0 
77.868 778.0 
77.868 779.0 
77.845 780.0 
77.868 781.0 
77.856 782.0 
77.868 783.0 
77.868 784.0 
77.88 785.0 
77.845 786.0 
77.833 787.0 
77.856 788.0 
77.903 789.0 
77.868 790.0 
77.903 791.0 
77.868 792.0 
77.903 793.0 
77.868 794.0 
77.856 795.0 
77.845 796.0 
77.833 797.0 
77.845 798.0 
77.856 799.0 
77.856 800.0 
77.856 801.0 
77.88 802.0 
77.856 803.0 
77.868 804.0 
0.005 805.0 
-0.002 806.0 
0.006 807.0 
0.006 808.0 
-0.005 809.0 
-0.011 810.0 
-0.017 811.0 
-0.023 812.0 
-0.028 813.0 
-0.032 814.0 
-0.043 815.0 
-0.047 816.0 
-0.046 817.0 
-0.049 818.0 
-0.052 819.0 
-0.061 820.0 
-0.064 821.0 
-0.064 822.0 
-0.054 823.0 
-0.049 824.0 
-0.053 825.0 
-0.05 826.0 
-0.042 827.0 
-0.038 828.0 
-0.032 829.0 
