-0.038 257.0 
-0.047 258.0 
-0.073 259.0 
-0.062 260.0 
-0.062 261.0 
-0.066 262.0 
-0.037 263.0 
-0.062 264.0 
-0.036 265.0 
-0.044 266.0 
-0.03 267.0 
-0.031 268.0 
-0.016 269.0 
-0.037 270.0 
-0.029 271.0 
0.0 272.0 
-0.038 273.0 
-0.02 274.0 
146.894 275.0 
143.951 276.0 
142.62 277.0 
141.043 278.0 
139.209 279.0 
137.341 280.0 
135.519 281.0 
133.334 282.0 
129.807 283.0 
128.394 284.0 
128.02 285.0 
127.658 286.0 
127.565 287.0 
127.226 288.0 
126.957 289.0 
126.724 290.0 
126.187 291.0 
125.953 292.0 
125.731 293.0 
125.661 294.0 
125.147 295.0 
125.019 296.0 
124.96 297.0 
124.423 298.0 
124.224 299.0 
124.178 300.0 
123.617 301.0 
123.57 302.0 
123.01 303.0 
122.881 304.0 
122.706 305.0 
121.783 306.0 
120.113 307.0 
117.287 308.0 
114.472 309.0 
110.898 310.0 
107.534 311.0 
103.505 312.0 
99.814 313.0 
95.679 314.0 
91.872 315.0 
87.796 316.0 
84.245 317.0 
81.208 318.0 
80.963 319.0 
80.671 320.0 
80.251 321.0 
80.496 322.0 
80.379 323.0 
80.367 324.0 
80.309 325.0 
80.216 326.0 
80.332 327.0 
80.216 328.0 
80.694 329.0 
80.286 330.0 
80.251 331.0 
80.543 332.0 
80.367 333.0 
80.239 334.0 
80.239 335.0 
80.321 336.0 
80.321 337.0 
80.204 338.0 
80.356 339.0 
80.251 340.0 
80.262 341.0 
80.239 342.0 
79.982 343.0 
80.286 344.0 
80.216 345.0 
80.192 346.0 
80.192 347.0 
80.122 348.0 
80.309 349.0 
80.251 350.0 
80.216 351.0 
80.297 352.0 
80.262 353.0 
80.134 354.0 
80.332 355.0 
80.297 356.0 
80.332 357.0 
80.274 358.0 
80.321 359.0 
80.274 360.0 
80.286 361.0 
80.262 362.0 
80.239 363.0 
80.192 364.0 
80.251 365.0 
80.262 366.0 
80.297 367.0 
80.204 368.0 
80.262 369.0 
80.227 370.0 
80.262 371.0 
80.286 372.0 
80.297 373.0 
80.321 374.0 
80.321 375.0 
80.508 376.0 
80.204 377.0 
80.262 378.0 
80.216 379.0 
80.239 380.0 
80.216 381.0 
80.367 382.0 
80.274 383.0 
80.216 384.0 
80.216 385.0 
80.321 386.0 
80.204 387.0 
80.192 388.0 
80.274 389.0 
80.262 390.0 
80.274 391.0 
80.239 392.0 
80.321 393.0 
80.134 394.0 
80.262 395.0 
80.379 396.0 
80.192 397.0 
80.274 398.0 
80.122 399.0 
80.204 400.0 
80.286 401.0 
80.286 402.0 
80.321 403.0 
80.286 404.0 
80.227 405.0 
80.145 406.0 
80.239 407.0 
80.204 408.0 
80.274 409.0 
80.216 410.0 
80.227 411.0 
80.297 412.0 
80.356 413.0 
80.274 414.0 
80.204 415.0 
80.251 416.0 
80.204 417.0 
80.332 418.0 
80.251 419.0 
80.239 420.0 
80.227 421.0 
80.251 422.0 
80.286 423.0 
80.227 424.0 
80.169 425.0 
80.251 426.0 
80.274 427.0 
80.181 428.0 
80.204 429.0 
80.227 430.0 
80.286 431.0 
80.251 432.0 
80.274 433.0 
80.181 434.0 
80.169 435.0 
80.239 436.0 
80.367 437.0 
80.157 438.0 
80.216 439.0 
80.192 440.0 
80.192 441.0 
80.169 442.0 
80.204 443.0 
80.169 444.0 
80.204 445.0 
80.169 446.0 
80.286 447.0 
80.297 448.0 
80.274 449.0 
80.239 450.0 
80.251 451.0 
80.239 452.0 
80.181 453.0 
80.181 454.0 
80.251 455.0 
80.157 456.0 
80.216 457.0 
80.169 458.0 
80.251 459.0 
80.274 460.0 
80.227 461.0 
80.204 462.0 
80.286 463.0 
80.239 464.0 
80.262 465.0 
80.297 466.0 
80.251 467.0 
80.181 468.0 
80.274 469.0 
80.216 470.0 
80.251 471.0 
80.239 472.0 
80.286 473.0 
80.227 474.0 
80.309 475.0 
80.227 476.0 
80.145 477.0 
80.251 478.0 
80.145 479.0 
80.181 480.0 
80.321 481.0 
80.204 482.0 
80.286 483.0 
80.192 484.0 
80.262 485.0 
80.157 486.0 
80.181 487.0 
80.274 488.0 
80.216 489.0 
80.204 490.0 
80.309 491.0 
80.251 492.0 
80.227 493.0 
80.262 494.0 
80.192 495.0 
80.169 496.0 
80.274 497.0 
80.286 498.0 
80.157 499.0 
80.145 500.0 
80.204 501.0 
80.262 502.0 
80.11 503.0 
80.145 504.0 
80.181 505.0 
80.192 506.0 
80.227 507.0 
80.332 508.0 
80.099 509.0 
80.181 510.0 
80.169 511.0 
80.216 512.0 
80.227 513.0 
80.192 514.0 
80.227 515.0 
80.262 516.0 
80.274 517.0 
80.04 518.0 
80.087 519.0 
80.075 520.0 
80.11 521.0 
80.099 522.0 
80.11 523.0 
80.134 524.0 
80.099 525.0 
80.099 526.0 
80.122 527.0 
80.017 528.0 
80.04 529.0 
80.029 530.0 
80.04 531.0 
80.181 532.0 
80.122 533.0 
80.075 534.0 
80.099 535.0 
80.052 536.0 
80.04 537.0 
80.005 538.0 
79.912 539.0 
79.9 540.0 
80.064 541.0 
79.982 542.0 
79.947 543.0 
79.877 544.0 
79.854 545.0 
79.807 546.0 
79.935 547.0 
79.912 548.0 
79.854 549.0 
79.807 550.0 
79.737 551.0 
79.877 552.0 
79.83 553.0 
79.772 554.0 
79.783 555.0 
79.854 556.0 
79.807 557.0 
79.783 558.0 
79.865 559.0 
79.865 560.0 
79.783 561.0 
79.737 562.0 
79.842 563.0 
79.76 564.0 
79.643 565.0 
79.842 566.0 
79.97 567.0 
79.702 568.0 
79.854 569.0 
79.76 570.0 
79.854 571.0 
79.76 572.0 
79.725 573.0 
79.772 574.0 
79.748 575.0 
79.854 576.0 
79.795 577.0 
79.76 578.0 
79.83 579.0 
79.783 580.0 
79.9 581.0 
79.83 582.0 
79.854 583.0 
79.807 584.0 
79.935 585.0 
79.83 586.0 
79.76 587.0 
79.83 588.0 
79.772 589.0 
79.842 590.0 
79.772 591.0 
79.83 592.0 
79.772 593.0 
79.818 594.0 
79.772 595.0 
79.854 596.0 
79.737 597.0 
79.842 598.0 
79.76 599.0 
79.818 600.0 
79.924 601.0 
79.795 602.0 
79.9 603.0 
79.795 604.0 
79.854 605.0 
79.748 606.0 
79.818 607.0 
79.772 608.0 
79.807 609.0 
79.9 610.0 
79.795 611.0 
79.9 612.0 
79.772 613.0 
79.854 614.0 
79.783 615.0 
79.807 616.0 
79.912 617.0 
79.795 618.0 
79.818 619.0 
79.491 620.0 
79.795 621.0 
79.83 622.0 
79.783 623.0 
79.795 624.0 
79.865 625.0 
79.76 626.0 
79.83 627.0 
79.912 628.0 
79.783 629.0 
79.818 630.0 
79.889 631.0 
79.678 632.0 
79.842 633.0 
79.889 634.0 
79.807 635.0 
79.83 636.0 
79.889 637.0 
79.76 638.0 
79.807 639.0 
79.877 640.0 
79.737 641.0 
79.795 642.0 
79.842 643.0 
79.737 644.0 
79.76 645.0 
79.865 646.0 
79.912 647.0 
79.76 648.0 
79.783 649.0 
79.854 650.0 
79.713 651.0 
79.795 652.0 
79.818 653.0 
79.877 654.0 
79.702 655.0 
79.795 656.0 
79.795 657.0 
79.877 658.0 
79.748 659.0 
79.783 660.0 
79.842 661.0 
79.9 662.0 
79.725 663.0 
79.818 664.0 
79.83 665.0 
79.877 666.0 
79.748 667.0 
79.76 668.0 
79.83 669.0 
79.9 670.0 
79.748 671.0 
79.807 672.0 
79.818 673.0 
79.818 674.0 
79.9 675.0 
79.748 676.0 
79.783 677.0 
79.842 678.0 
79.83 679.0 
79.877 680.0 
79.76 681.0 
79.725 682.0 
79.807 683.0 
79.842 684.0 
79.865 685.0 
79.9 686.0 
79.737 687.0 
79.76 688.0 
79.795 689.0 
79.83 690.0 
79.877 691.0 
79.9 692.0 
79.748 693.0 
79.795 694.0 
79.772 695.0 
79.83 696.0 
79.865 697.0 
79.854 698.0 
79.328 699.0 
79.713 700.0 
79.737 701.0 
79.783 702.0 
79.795 703.0 
79.783 704.0 
79.865 705.0 
79.889 706.0 
79.713 707.0 
79.748 708.0 
79.748 709.0 
79.83 710.0 
79.818 711.0 
79.842 712.0 
79.889 713.0 
79.889 714.0 
79.877 715.0 
79.702 716.0 
79.748 717.0 
79.783 718.0 
79.783 719.0 
79.795 720.0 
79.83 721.0 
79.854 722.0 
79.865 723.0 
79.889 724.0 
79.877 725.0 
79.69 726.0 
79.702 727.0 
79.737 728.0 
79.772 729.0 
79.807 730.0 
79.807 731.0 
79.818 732.0 
79.83 733.0 
79.842 734.0 
79.865 735.0 
79.9 736.0 
79.9 737.0 
79.889 738.0 
79.573 739.0 
79.69 740.0 
79.725 741.0 
79.702 742.0 
79.713 743.0 
79.725 744.0 
79.748 745.0 
79.737 746.0 
79.76 747.0 
79.748 748.0 
79.783 749.0 
79.76 750.0 
79.783 751.0 
79.783 752.0 
79.807 753.0 
79.772 754.0 
79.783 755.0 
79.83 756.0 
79.818 757.0 
79.818 758.0 
79.83 759.0 
79.783 760.0 
79.795 761.0 
79.818 762.0 
79.83 763.0 
79.854 764.0 
79.865 765.0 
79.818 766.0 
79.842 767.0 
79.818 768.0 
79.795 769.0 
79.83 770.0 
79.807 771.0 
79.83 772.0 
79.83 773.0 
79.818 774.0 
79.818 775.0 
79.83 776.0 
79.83 777.0 
79.842 778.0 
79.83 779.0 
79.807 780.0 
79.83 781.0 
79.818 782.0 
79.818 783.0 
79.783 784.0 
79.807 785.0 
79.818 786.0 
79.783 787.0 
79.818 788.0 
79.807 789.0 
79.818 790.0 
79.818 791.0 
79.83 792.0 
79.795 793.0 
79.807 794.0 
79.807 795.0 
79.83 796.0 
79.842 797.0 
79.83 798.0 
79.83 799.0 
79.818 800.0 
79.83 801.0 
79.83 802.0 
79.818 803.0 
79.83 804.0 
-0.004 805.0 
-0.008 806.0 
-0.012 807.0 
-0.008 808.0 
-0.016 809.0 
-0.014 810.0 
-0.022 811.0 
-0.028 812.0 
-0.044 813.0 
-0.04 814.0 
-0.06 815.0 
-0.064 816.0 
-0.062 817.0 
-0.061 818.0 
-0.065 819.0 
-0.072 820.0 
-0.067 821.0 
-0.058 822.0 
-0.058 823.0 
-0.064 824.0 
-0.06 825.0 
-0.059 826.0 
-0.052 827.0 
-0.053 828.0 
-0.042 829.0 
