-0.04 257.0 
-0.044 258.0 
-0.115 259.0 
-0.054 260.0 
-0.047 261.0 
-0.042 262.0 
-0.037 263.0 
-0.049 264.0 
-0.04 265.0 
-0.044 266.0 
-0.014 267.0 
-0.049 268.0 
-0.046 269.0 
-0.023 270.0 
-0.049 271.0 
-0.046 272.0 
-0.034 273.0 
-0.03 274.0 
150.083 275.0 
145.972 276.0 
144.991 277.0 
143.718 278.0 
142.211 279.0 
140.412 280.0 
138.532 281.0 
136.43 282.0 
133.405 283.0 
131.839 284.0 
131.442 285.0 
131.127 286.0 
131.022 287.0 
130.718 288.0 
130.485 289.0 
129.714 290.0 
129.644 291.0 
129.398 292.0 
129.153 293.0 
129.153 294.0 
128.604 295.0 
128.464 296.0 
128.406 297.0 
127.81 298.0 
127.623 299.0 
127.483 300.0 
126.911 301.0 
126.771 302.0 
126.198 303.0 
126.058 304.0 
125.824 305.0 
124.808 306.0 
122.963 307.0 
120.172 308.0 
117.076 309.0 
113.444 310.0 
109.753 311.0 
105.455 312.0 
101.472 313.0 
97.069 314.0 
92.923 315.0 
88.742 316.0 
84.841 317.0 
81.652 318.0 
81.407 319.0 
81.127 320.0 
80.169 321.0 
80.916 322.0 
80.811 323.0 
80.835 324.0 
80.718 325.0 
80.624 326.0 
80.765 327.0 
80.718 328.0 
80.87 329.0 
80.8 330.0 
80.694 331.0 
80.765 332.0 
80.788 333.0 
80.718 334.0 
80.835 335.0 
80.765 336.0 
80.729 337.0 
80.601 338.0 
80.811 339.0 
80.706 340.0 
80.718 341.0 
80.648 342.0 
80.823 343.0 
80.706 344.0 
80.729 345.0 
80.624 346.0 
80.636 347.0 
80.835 348.0 
80.753 349.0 
80.729 350.0 
80.729 351.0 
80.718 352.0 
80.671 353.0 
80.624 354.0 
80.8 355.0 
80.753 356.0 
80.776 357.0 
80.706 358.0 
80.8 359.0 
80.741 360.0 
80.753 361.0 
80.706 362.0 
80.718 363.0 
80.671 364.0 
80.706 365.0 
80.683 366.0 
80.729 367.0 
80.694 368.0 
80.694 369.0 
80.706 370.0 
80.765 371.0 
80.753 372.0 
80.776 373.0 
80.753 374.0 
80.753 375.0 
81.057 376.0 
80.601 377.0 
80.706 378.0 
80.683 379.0 
80.694 380.0 
80.694 381.0 
80.811 382.0 
80.694 383.0 
80.659 384.0 
80.648 385.0 
80.753 386.0 
80.659 387.0 
80.636 388.0 
80.718 389.0 
80.729 390.0 
80.694 391.0 
80.671 392.0 
80.788 393.0 
80.659 394.0 
80.729 395.0 
80.8 396.0 
80.648 397.0 
80.729 398.0 
80.566 399.0 
80.624 400.0 
80.765 401.0 
80.741 402.0 
80.788 403.0 
80.741 404.0 
80.683 405.0 
80.659 406.0 
80.729 407.0 
80.659 408.0 
80.683 409.0 
80.636 410.0 
80.718 411.0 
80.741 412.0 
80.8 413.0 
80.765 414.0 
80.683 415.0 
80.741 416.0 
80.636 417.0 
80.87 418.0 
80.753 419.0 
80.671 420.0 
80.718 421.0 
80.718 422.0 
80.753 423.0 
80.671 424.0 
80.671 425.0 
80.706 426.0 
80.741 427.0 
80.683 428.0 
80.706 429.0 
80.694 430.0 
80.753 431.0 
80.729 432.0 
80.753 433.0 
80.636 434.0 
80.694 435.0 
80.706 436.0 
80.811 437.0 
80.613 438.0 
80.671 439.0 
80.683 440.0 
80.648 441.0 
80.648 442.0 
80.659 443.0 
80.683 444.0 
80.671 445.0 
80.648 446.0 
80.8 447.0 
80.741 448.0 
80.776 449.0 
80.986 450.0 
80.706 451.0 
80.683 452.0 
80.648 453.0 
80.636 454.0 
80.765 455.0 
80.636 456.0 
80.648 457.0 
80.648 458.0 
80.729 459.0 
80.776 460.0 
80.741 461.0 
80.648 462.0 
80.765 463.0 
80.729 464.0 
80.718 465.0 
80.729 466.0 
80.694 467.0 
80.613 468.0 
80.706 469.0 
80.706 470.0 
80.706 471.0 
80.694 472.0 
80.811 473.0 
80.694 474.0 
80.776 475.0 
80.718 476.0 
80.613 477.0 
80.683 478.0 
80.589 479.0 
80.683 480.0 
80.8 481.0 
80.636 482.0 
80.741 483.0 
80.683 484.0 
80.741 485.0 
80.624 486.0 
80.706 487.0 
80.729 488.0 
80.659 489.0 
80.706 490.0 
80.741 491.0 
80.776 492.0 
80.718 493.0 
80.753 494.0 
80.683 495.0 
80.671 496.0 
80.694 497.0 
80.741 498.0 
80.636 499.0 
80.601 500.0 
80.718 501.0 
80.741 502.0 
80.578 503.0 
80.624 504.0 
80.648 505.0 
80.671 506.0 
80.683 507.0 
80.975 508.0 
80.613 509.0 
80.659 510.0 
80.648 511.0 
80.671 512.0 
80.683 513.0 
80.694 514.0 
80.729 515.0 
80.765 516.0 
80.753 517.0 
80.508 518.0 
80.508 519.0 
80.566 520.0 
80.589 521.0 
80.613 522.0 
80.601 523.0 
80.589 524.0 
80.601 525.0 
80.566 526.0 
80.589 527.0 
80.519 528.0 
80.543 529.0 
80.496 530.0 
80.484 531.0 
80.613 532.0 
80.601 533.0 
80.519 534.0 
80.554 535.0 
80.519 536.0 
80.461 537.0 
80.437 538.0 
80.379 539.0 
80.402 540.0 
80.496 541.0 
80.473 542.0 
80.426 543.0 
80.356 544.0 
80.344 545.0 
80.286 546.0 
80.414 547.0 
80.379 548.0 
80.321 549.0 
80.274 550.0 
80.227 551.0 
80.344 552.0 
80.321 553.0 
80.274 554.0 
80.239 555.0 
80.356 556.0 
80.309 557.0 
80.251 558.0 
80.356 559.0 
80.321 560.0 
80.262 561.0 
80.181 562.0 
80.332 563.0 
80.286 564.0 
80.134 565.0 
80.332 566.0 
80.391 567.0 
80.216 568.0 
80.286 569.0 
80.262 570.0 
80.344 571.0 
80.239 572.0 
80.227 573.0 
80.251 574.0 
80.286 575.0 
80.321 576.0 
80.286 577.0 
80.239 578.0 
80.344 579.0 
80.274 580.0 
80.379 581.0 
80.286 582.0 
80.332 583.0 
80.309 584.0 
80.402 585.0 
80.309 586.0 
80.262 587.0 
80.344 588.0 
80.239 589.0 
80.321 590.0 
80.274 591.0 
80.297 592.0 
80.262 593.0 
80.344 594.0 
80.274 595.0 
80.332 596.0 
80.239 597.0 
80.309 598.0 
80.239 599.0 
80.286 600.0 
80.402 601.0 
80.309 602.0 
80.402 603.0 
80.274 604.0 
80.356 605.0 
80.239 606.0 
80.321 607.0 
80.216 608.0 
80.286 609.0 
80.391 610.0 
80.297 611.0 
80.344 612.0 
80.251 613.0 
80.332 614.0 
80.239 615.0 
80.297 616.0 
80.379 617.0 
80.262 618.0 
80.297 619.0 
79.959 620.0 
80.332 621.0 
80.332 622.0 
80.239 623.0 
80.286 624.0 
80.356 625.0 
80.216 626.0 
80.321 627.0 
80.391 628.0 
80.274 629.0 
80.309 630.0 
80.402 631.0 
80.251 632.0 
80.356 633.0 
80.402 634.0 
80.262 635.0 
80.367 636.0 
80.356 637.0 
80.251 638.0 
80.297 639.0 
80.391 640.0 
80.262 641.0 
80.286 642.0 
80.344 643.0 
80.227 644.0 
80.251 645.0 
80.321 646.0 
80.356 647.0 
80.274 648.0 
80.274 649.0 
80.344 650.0 
80.204 651.0 
80.286 652.0 
80.321 653.0 
80.379 654.0 
80.227 655.0 
80.297 656.0 
80.262 657.0 
80.356 658.0 
80.227 659.0 
80.286 660.0 
80.356 661.0 
80.391 662.0 
80.192 663.0 
80.274 664.0 
80.344 665.0 
80.379 666.0 
80.262 667.0 
80.274 668.0 
80.332 669.0 
80.356 670.0 
80.251 671.0 
80.274 672.0 
80.321 673.0 
80.332 674.0 
80.402 675.0 
80.227 676.0 
80.274 677.0 
80.286 678.0 
80.274 679.0 
80.344 680.0 
80.227 681.0 
80.227 682.0 
80.286 683.0 
80.332 684.0 
80.356 685.0 
80.391 686.0 
80.251 687.0 
80.262 688.0 
80.286 689.0 
80.321 690.0 
80.356 691.0 
80.379 692.0 
80.227 693.0 
80.274 694.0 
80.309 695.0 
80.321 696.0 
80.332 697.0 
80.297 698.0 
79.959 699.0 
80.181 700.0 
80.239 701.0 
80.297 702.0 
80.309 703.0 
80.286 704.0 
80.367 705.0 
80.379 706.0 
80.204 707.0 
80.262 708.0 
80.262 709.0 
80.274 710.0 
80.297 711.0 
80.344 712.0 
80.379 713.0 
80.391 714.0 
80.402 715.0 
80.262 716.0 
80.227 717.0 
80.274 718.0 
80.274 719.0 
80.274 720.0 
80.309 721.0 
80.321 722.0 
80.356 723.0 
80.332 724.0 
80.402 725.0 
80.192 726.0 
80.204 727.0 
80.251 728.0 
80.251 729.0 
80.286 730.0 
80.297 731.0 
80.332 732.0 
80.309 733.0 
80.332 734.0 
80.356 735.0 
80.402 736.0 
80.379 737.0 
80.402 738.0 
79.713 739.0 
80.181 740.0 
80.192 741.0 
80.216 742.0 
80.204 743.0 
80.227 744.0 
80.216 745.0 
80.251 746.0 
80.227 747.0 
80.181 748.0 
80.274 749.0 
80.274 750.0 
80.274 751.0 
80.262 752.0 
80.309 753.0 
80.262 754.0 
80.309 755.0 
80.262 756.0 
80.286 757.0 
80.274 758.0 
80.286 759.0 
80.297 760.0 
80.321 761.0 
80.309 762.0 
80.332 763.0 
80.321 764.0 
80.332 765.0 
80.297 766.0 
80.309 767.0 
80.309 768.0 
80.321 769.0 
80.332 770.0 
80.309 771.0 
80.332 772.0 
80.321 773.0 
80.321 774.0 
80.321 775.0 
80.321 776.0 
80.309 777.0 
80.286 778.0 
80.321 779.0 
80.332 780.0 
80.297 781.0 
80.297 782.0 
80.297 783.0 
80.286 784.0 
80.297 785.0 
80.309 786.0 
80.274 787.0 
80.309 788.0 
80.297 789.0 
80.297 790.0 
80.321 791.0 
80.321 792.0 
80.309 793.0 
80.321 794.0 
80.321 795.0 
80.332 796.0 
80.297 797.0 
80.286 798.0 
80.321 799.0 
80.286 800.0 
80.309 801.0 
80.286 802.0 
80.274 803.0 
80.321 804.0 
0.007 805.0 
0.01 806.0 
0.011 807.0 
0.004 808.0 
0.01 809.0 
0.004 810.0 
0.001 811.0 
0.001 812.0 
0.002 813.0 
-0.008 814.0 
-0.011 815.0 
-0.012 816.0 
-0.017 817.0 
-0.022 818.0 
-0.016 819.0 
-0.018 820.0 
-0.011 821.0 
-0.008 822.0 
-0.011 823.0 
-0.011 824.0 
-0.006 825.0 
-0.011 826.0 
-0.013 827.0 
-0.006 828.0 
-0.011 829.0 
