-0.031 257.0 
-0.022 258.0 
-0.032 259.0 
-0.031 260.0 
-0.031 261.0 
-0.025 262.0 
-0.042 263.0 
-0.037 264.0 
0.0 265.0 
-0.019 266.0 
-0.04 267.0 
-0.019 268.0 
-0.03 269.0 
-0.031 270.0 
-0.042 271.0 
-0.055 272.0 
-0.046 273.0 
-0.011 274.0 
133.907 275.0 
130.847 276.0 
129.34 277.0 
127.623 278.0 
125.871 279.0 
123.921 280.0 
122.297 281.0 
120.253 282.0 
117.018 283.0 
115.663 284.0 
115.336 285.0 
115.044 286.0 
114.904 287.0 
114.624 288.0 
114.39 289.0 
113.853 290.0 
113.736 291.0 
113.561 292.0 
113.397 293.0 
113.234 294.0 
112.895 295.0 
112.813 296.0 
112.732 297.0 
112.253 298.0 
112.089 299.0 
112.031 300.0 
111.552 301.0 
111.494 302.0 
111.026 303.0 
110.945 304.0 
111.015 305.0 
110.197 306.0 
108.924 307.0 
106.822 308.0 
104.626 309.0 
101.823 310.0 
99.02 311.0 
95.668 312.0 
92.374 313.0 
88.812 314.0 
85.658 315.0 
82.248 316.0 
78.954 317.0 
76.548 318.0 
76.408 319.0 
76.209 320.0 
76.104 321.0 
76.058 322.0 
75.976 323.0 
76.011 324.0 
75.976 325.0 
75.847 326.0 
75.953 327.0 
75.894 328.0 
76.151 329.0 
75.988 330.0 
75.917 331.0 
76.338 332.0 
75.964 333.0 
75.917 334.0 
75.941 335.0 
75.988 336.0 
75.964 337.0 
75.836 338.0 
76.046 339.0 
75.917 340.0 
75.906 341.0 
75.882 342.0 
76.139 343.0 
75.929 344.0 
75.917 345.0 
75.847 346.0 
75.836 347.0 
75.917 348.0 
75.964 349.0 
75.929 350.0 
75.894 351.0 
75.906 352.0 
75.906 353.0 
75.824 354.0 
75.882 355.0 
75.964 356.0 
75.976 357.0 
75.906 358.0 
75.976 359.0 
75.917 360.0 
75.929 361.0 
75.859 362.0 
75.964 363.0 
75.847 364.0 
75.894 365.0 
75.917 366.0 
75.929 367.0 
75.882 368.0 
75.894 369.0 
75.941 370.0 
75.894 371.0 
75.941 372.0 
75.976 373.0 
75.964 374.0 
75.976 375.0 
76.058 376.0 
75.882 377.0 
75.882 378.0 
75.894 379.0 
75.906 380.0 
75.906 381.0 
75.953 382.0 
75.871 383.0 
75.894 384.0 
75.894 385.0 
75.976 386.0 
75.836 387.0 
75.836 388.0 
75.929 389.0 
75.929 390.0 
75.929 391.0 
75.894 392.0 
75.929 393.0 
75.847 394.0 
75.906 395.0 
75.976 396.0 
75.847 397.0 
75.894 398.0 
75.836 399.0 
75.847 400.0 
75.941 401.0 
75.894 402.0 
75.999 403.0 
75.929 404.0 
75.906 405.0 
75.836 406.0 
75.917 407.0 
75.894 408.0 
75.917 409.0 
75.859 410.0 
75.917 411.0 
75.964 412.0 
76.455 413.0 
75.988 414.0 
75.906 415.0 
75.929 416.0 
75.871 417.0 
75.953 418.0 
75.917 419.0 
75.847 420.0 
75.882 421.0 
75.917 422.0 
75.941 423.0 
75.894 424.0 
75.906 425.0 
75.941 426.0 
75.941 427.0 
75.847 428.0 
75.906 429.0 
75.882 430.0 
75.906 431.0 
75.894 432.0 
75.941 433.0 
75.847 434.0 
75.859 435.0 
75.871 436.0 
75.929 437.0 
75.812 438.0 
75.824 439.0 
75.836 440.0 
75.894 441.0 
75.836 442.0 
75.871 443.0 
75.871 444.0 
75.859 445.0 
75.847 446.0 
75.953 447.0 
75.953 448.0 
75.917 449.0 
76.303 450.0 
75.882 451.0 
75.871 452.0 
75.847 453.0 
75.824 454.0 
75.976 455.0 
75.742 456.0 
75.882 457.0 
75.836 458.0 
75.882 459.0 
75.953 460.0 
75.894 461.0 
75.871 462.0 
75.929 463.0 
75.894 464.0 
75.894 465.0 
75.929 466.0 
75.894 467.0 
75.859 468.0 
75.894 469.0 
75.871 470.0 
75.859 471.0 
75.906 472.0 
75.812 473.0 
75.906 474.0 
75.964 475.0 
75.894 476.0 
75.824 477.0 
75.882 478.0 
75.801 479.0 
75.882 480.0 
75.953 481.0 
75.894 482.0 
75.953 483.0 
75.871 484.0 
75.906 485.0 
75.836 486.0 
75.812 487.0 
75.941 488.0 
75.906 489.0 
75.882 490.0 
75.929 491.0 
75.917 492.0 
75.882 493.0 
75.929 494.0 
75.871 495.0 
75.801 496.0 
75.882 497.0 
75.917 498.0 
75.777 499.0 
75.812 500.0 
75.859 501.0 
75.929 502.0 
75.777 503.0 
75.824 504.0 
75.859 505.0 
75.871 506.0 
75.859 507.0 
76.011 508.0 
75.801 509.0 
75.801 510.0 
75.836 511.0 
75.859 512.0 
75.871 513.0 
75.882 514.0 
75.894 515.0 
75.941 516.0 
76.139 517.0 
75.684 518.0 
75.777 519.0 
75.742 520.0 
75.789 521.0 
75.789 522.0 
75.812 523.0 
75.801 524.0 
75.766 525.0 
75.754 526.0 
75.801 527.0 
75.707 528.0 
75.731 529.0 
75.742 530.0 
75.754 531.0 
75.836 532.0 
75.824 533.0 
75.789 534.0 
75.824 535.0 
75.777 536.0 
75.719 537.0 
75.684 538.0 
75.672 539.0 
75.625 540.0 
75.731 541.0 
75.661 542.0 
75.614 543.0 
75.614 544.0 
75.555 545.0 
75.544 546.0 
75.672 547.0 
75.625 548.0 
75.59 549.0 
75.544 550.0 
75.439 551.0 
75.567 552.0 
75.509 553.0 
75.462 554.0 
75.474 555.0 
75.579 556.0 
75.52 557.0 
75.462 558.0 
75.123 559.0 
75.544 560.0 
75.52 561.0 
75.427 562.0 
75.532 563.0 
75.509 564.0 
75.427 565.0 
75.555 566.0 
75.567 567.0 
75.415 568.0 
75.555 569.0 
75.485 570.0 
75.59 571.0 
75.52 572.0 
75.462 573.0 
75.532 574.0 
75.497 575.0 
75.579 576.0 
75.474 577.0 
75.485 578.0 
75.567 579.0 
75.509 580.0 
75.579 581.0 
75.52 582.0 
75.59 583.0 
75.579 584.0 
75.649 585.0 
75.567 586.0 
75.485 587.0 
75.59 588.0 
75.485 589.0 
75.579 590.0 
75.497 591.0 
75.579 592.0 
75.532 593.0 
75.555 594.0 
75.509 595.0 
75.532 596.0 
75.497 597.0 
75.567 598.0 
75.45 599.0 
75.532 600.0 
75.637 601.0 
75.509 602.0 
75.649 603.0 
75.52 604.0 
75.59 605.0 
75.485 606.0 
75.59 607.0 
75.485 608.0 
75.567 609.0 
75.614 610.0 
75.497 611.0 
75.625 612.0 
75.497 613.0 
75.579 614.0 
75.474 615.0 
75.532 616.0 
75.555 617.0 
75.485 618.0 
75.532 619.0 
75.287 620.0 
75.52 621.0 
75.555 622.0 
75.462 623.0 
75.544 624.0 
75.59 625.0 
75.485 626.0 
75.567 627.0 
75.625 628.0 
75.485 629.0 
75.555 630.0 
75.614 631.0 
75.474 632.0 
75.579 633.0 
75.625 634.0 
75.52 635.0 
75.579 636.0 
75.625 637.0 
75.52 638.0 
75.544 639.0 
75.602 640.0 
75.462 641.0 
75.509 642.0 
75.555 643.0 
75.45 644.0 
75.497 645.0 
75.555 646.0 
75.637 647.0 
75.485 648.0 
75.52 649.0 
75.602 650.0 
75.439 651.0 
75.462 652.0 
75.544 653.0 
75.637 654.0 
75.474 655.0 
75.52 656.0 
75.509 657.0 
75.59 658.0 
75.52 659.0 
75.509 660.0 
75.567 661.0 
75.637 662.0 
75.45 663.0 
75.532 664.0 
75.59 665.0 
75.625 666.0 
75.497 667.0 
75.52 668.0 
75.555 669.0 
75.567 670.0 
75.474 671.0 
75.509 672.0 
75.532 673.0 
75.579 674.0 
75.602 675.0 
75.474 676.0 
75.532 677.0 
75.544 678.0 
75.567 679.0 
75.59 680.0 
75.45 681.0 
75.485 682.0 
75.509 683.0 
75.567 684.0 
75.59 685.0 
75.625 686.0 
75.485 687.0 
75.532 688.0 
75.52 689.0 
75.59 690.0 
75.59 691.0 
75.602 692.0 
75.462 693.0 
75.509 694.0 
75.509 695.0 
75.532 696.0 
75.555 697.0 
75.567 698.0 
75.322 699.0 
75.439 700.0 
75.485 701.0 
75.52 702.0 
75.52 703.0 
75.567 704.0 
75.52 705.0 
75.614 706.0 
75.45 707.0 
75.485 708.0 
75.532 709.0 
75.509 710.0 
75.567 711.0 
75.555 712.0 
75.579 713.0 
75.625 714.0 
75.38 715.0 
75.474 716.0 
75.439 717.0 
75.509 718.0 
75.497 719.0 
75.532 720.0 
75.544 721.0 
75.579 722.0 
75.555 723.0 
75.602 724.0 
75.625 725.0 
75.427 726.0 
75.45 727.0 
75.497 728.0 
75.497 729.0 
75.544 730.0 
75.509 731.0 
75.509 732.0 
75.544 733.0 
75.59 734.0 
75.567 735.0 
75.509 736.0 
75.602 737.0 
75.625 738.0 
75.345 739.0 
75.427 740.0 
75.415 741.0 
75.462 742.0 
75.497 743.0 
75.439 744.0 
75.485 745.0 
75.474 746.0 
75.485 747.0 
75.497 748.0 
75.474 749.0 
75.462 750.0 
75.509 751.0 
75.532 752.0 
75.509 753.0 
75.52 754.0 
75.532 755.0 
75.509 756.0 
75.544 757.0 
75.52 758.0 
75.544 759.0 
75.509 760.0 
75.544 761.0 
75.532 762.0 
75.532 763.0 
75.532 764.0 
75.544 765.0 
75.567 766.0 
75.532 767.0 
75.567 768.0 
75.59 769.0 
75.532 770.0 
75.544 771.0 
75.567 772.0 
75.544 773.0 
75.544 774.0 
75.544 775.0 
75.52 776.0 
75.532 777.0 
75.532 778.0 
75.532 779.0 
75.544 780.0 
75.567 781.0 
75.532 782.0 
75.544 783.0 
75.532 784.0 
75.532 785.0 
75.52 786.0 
75.544 787.0 
75.532 788.0 
75.532 789.0 
75.532 790.0 
75.579 791.0 
75.52 792.0 
75.567 793.0 
75.544 794.0 
75.544 795.0 
75.52 796.0 
75.509 797.0 
75.509 798.0 
75.497 799.0 
75.52 800.0 
75.52 801.0 
75.544 802.0 
75.532 803.0 
75.544 804.0 
-0.004 805.0 
-0.002 806.0 
-0.006 807.0 
-0.006 808.0 
-0.008 809.0 
-0.001 810.0 
-0.016 811.0 
-0.013 812.0 
-0.018 813.0 
-0.022 814.0 
-0.032 815.0 
-0.023 816.0 
-0.041 817.0 
-0.046 818.0 
-0.043 819.0 
-0.044 820.0 
-0.052 821.0 
-0.049 822.0 
-0.047 823.0 
-0.042 824.0 
-0.048 825.0 
-0.043 826.0 
-0.036 827.0 
-0.044 828.0 
-0.037 829.0 
