-0.055 257.0 
-0.049 258.0 
-0.138 259.0 
-0.044 260.0 
-0.046 261.0 
-0.028 262.0 
-0.044 263.0 
-0.044 264.0 
-0.042 265.0 
-0.058 266.0 
-0.036 267.0 
-0.047 268.0 
-0.037 269.0 
-0.044 270.0 
-0.022 271.0 
-0.042 272.0 
-0.05 273.0 
-0.037 274.0 
146.287 275.0 
143.613 276.0 
142.631 277.0 
141.043 278.0 
139.338 279.0 
137.177 280.0 
135.367 281.0 
133.077 282.0 
129.258 283.0 
127.6 284.0 
127.191 285.0 
126.817 286.0 
126.642 287.0 
126.338 288.0 
125.976 289.0 
125.918 290.0 
125.065 291.0 
124.82 292.0 
124.528 293.0 
124.435 294.0 
123.862 295.0 
123.675 296.0 
123.652 297.0 
123.068 298.0 
122.858 299.0 
122.741 300.0 
122.204 301.0 
122.099 302.0 
121.573 303.0 
121.445 304.0 
121.293 305.0 
120.627 306.0 
119.401 307.0 
117.03 308.0 
114.168 309.0 
110.209 310.0 
106.483 311.0 
102.185 312.0 
98.039 313.0 
93.659 314.0 
89.758 315.0 
85.869 316.0 
82.341 317.0 
79.305 318.0 
79.188 319.0 
78.954 320.0 
78.814 321.0 
78.837 322.0 
78.732 323.0 
78.756 324.0 
78.721 325.0 
78.65 326.0 
78.697 327.0 
78.639 328.0 
78.814 329.0 
78.756 330.0 
78.674 331.0 
78.989 332.0 
78.744 333.0 
78.686 334.0 
78.639 335.0 
78.744 336.0 
78.744 337.0 
78.604 338.0 
78.814 339.0 
78.662 340.0 
78.65 341.0 
78.662 342.0 
78.686 343.0 
78.639 344.0 
78.674 345.0 
78.662 346.0 
78.604 347.0 
78.65 348.0 
78.721 349.0 
78.697 350.0 
78.639 351.0 
78.674 352.0 
78.639 353.0 
78.58 354.0 
78.779 355.0 
78.721 356.0 
78.756 357.0 
78.686 358.0 
78.732 359.0 
78.697 360.0 
78.709 361.0 
78.662 362.0 
78.697 363.0 
78.639 364.0 
78.65 365.0 
78.674 366.0 
78.697 367.0 
78.65 368.0 
78.674 369.0 
78.697 370.0 
78.732 371.0 
78.744 372.0 
78.744 373.0 
78.756 374.0 
78.779 375.0 
79.059 376.0 
78.639 377.0 
78.65 378.0 
78.627 379.0 
78.662 380.0 
78.686 381.0 
78.791 382.0 
78.709 383.0 
78.662 384.0 
78.65 385.0 
78.721 386.0 
78.65 387.0 
78.592 388.0 
78.686 389.0 
78.686 390.0 
78.709 391.0 
78.662 392.0 
78.767 393.0 
78.604 394.0 
78.721 395.0 
78.779 396.0 
78.65 397.0 
78.697 398.0 
78.65 399.0 
78.639 400.0 
78.756 401.0 
78.709 402.0 
78.767 403.0 
78.697 404.0 
78.674 405.0 
78.604 406.0 
78.662 407.0 
78.627 408.0 
78.697 409.0 
78.604 410.0 
78.697 411.0 
78.732 412.0 
79.024 413.0 
78.721 414.0 
78.627 415.0 
78.697 416.0 
78.615 417.0 
78.802 418.0 
78.686 419.0 
78.627 420.0 
78.697 421.0 
78.686 422.0 
78.697 423.0 
78.639 424.0 
78.674 425.0 
78.674 426.0 
78.709 427.0 
78.65 428.0 
78.639 429.0 
78.58 430.0 
78.721 431.0 
78.732 432.0 
78.732 433.0 
78.65 434.0 
78.627 435.0 
78.674 436.0 
78.744 437.0 
78.557 438.0 
78.639 439.0 
78.662 440.0 
78.615 441.0 
78.65 442.0 
78.639 443.0 
78.674 444.0 
78.627 445.0 
78.604 446.0 
78.756 447.0 
78.721 448.0 
78.686 449.0 
78.989 450.0 
78.662 451.0 
78.65 452.0 
78.615 453.0 
78.58 454.0 
78.697 455.0 
78.721 456.0 
78.674 457.0 
78.604 458.0 
78.721 459.0 
78.709 460.0 
78.662 461.0 
78.65 462.0 
78.732 463.0 
78.686 464.0 
78.662 465.0 
78.721 466.0 
78.686 467.0 
78.592 468.0 
78.697 469.0 
78.639 470.0 
78.65 471.0 
78.639 472.0 
78.744 473.0 
78.639 474.0 
78.756 475.0 
78.686 476.0 
78.615 477.0 
78.639 478.0 
78.58 479.0 
78.674 480.0 
78.756 481.0 
78.662 482.0 
78.744 483.0 
78.639 484.0 
78.697 485.0 
78.592 486.0 
78.615 487.0 
78.686 488.0 
78.674 489.0 
78.662 490.0 
78.732 491.0 
78.662 492.0 
78.674 493.0 
78.709 494.0 
78.627 495.0 
78.65 496.0 
78.709 497.0 
78.709 498.0 
78.592 499.0 
78.615 500.0 
78.674 501.0 
78.674 502.0 
78.534 503.0 
78.604 504.0 
78.615 505.0 
78.639 506.0 
78.615 507.0 
78.814 508.0 
78.604 509.0 
78.569 510.0 
78.627 511.0 
78.615 512.0 
78.662 513.0 
78.639 514.0 
78.662 515.0 
78.697 516.0 
78.686 517.0 
78.557 518.0 
78.475 519.0 
78.51 520.0 
78.557 521.0 
78.545 522.0 
78.557 523.0 
78.557 524.0 
78.545 525.0 
78.51 526.0 
78.534 527.0 
78.475 528.0 
78.475 529.0 
78.464 530.0 
78.464 531.0 
78.569 532.0 
78.545 533.0 
78.487 534.0 
78.499 535.0 
78.429 536.0 
78.405 537.0 
78.288 538.0 
78.242 539.0 
78.218 540.0 
78.312 541.0 
78.3 542.0 
78.195 543.0 
78.183 544.0 
78.125 545.0 
78.09 546.0 
78.207 547.0 
78.172 548.0 
78.125 549.0 
78.043 550.0 
78.02 551.0 
78.125 552.0 
78.067 553.0 
78.008 554.0 
77.985 555.0 
78.137 556.0 
78.078 557.0 
78.031 558.0 
78.113 559.0 
78.078 560.0 
78.008 561.0 
77.95 562.0 
78.055 563.0 
78.008 564.0 
77.891 565.0 
78.067 566.0 
78.125 567.0 
77.95 568.0 
78.09 569.0 
78.008 570.0 
78.125 571.0 
77.996 572.0 
77.973 573.0 
78.031 574.0 
78.008 575.0 
78.102 576.0 
78.055 577.0 
78.031 578.0 
78.125 579.0 
78.055 580.0 
78.113 581.0 
78.055 582.0 
78.125 583.0 
78.09 584.0 
78.195 585.0 
78.067 586.0 
77.996 587.0 
78.102 588.0 
78.055 589.0 
78.078 590.0 
78.031 591.0 
78.102 592.0 
78.055 593.0 
78.031 594.0 
78.02 595.0 
78.102 596.0 
78.02 597.0 
78.078 598.0 
78.031 599.0 
78.055 600.0 
78.137 601.0 
78.067 602.0 
78.137 603.0 
78.008 604.0 
78.125 605.0 
78.02 606.0 
78.09 607.0 
77.985 608.0 
78.055 609.0 
78.16 610.0 
78.043 611.0 
78.102 612.0 
77.985 613.0 
78.102 614.0 
78.008 615.0 
78.055 616.0 
78.137 617.0 
78.008 618.0 
78.055 619.0 
77.658 620.0 
78.02 621.0 
78.031 622.0 
77.95 623.0 
78.055 624.0 
78.137 625.0 
78.008 626.0 
78.055 627.0 
78.113 628.0 
78.008 629.0 
78.078 630.0 
78.148 631.0 
77.985 632.0 
78.067 633.0 
78.16 634.0 
77.996 635.0 
78.09 636.0 
78.125 637.0 
77.985 638.0 
78.078 639.0 
78.102 640.0 
77.996 641.0 
78.055 642.0 
78.102 643.0 
77.985 644.0 
78.043 645.0 
78.078 646.0 
78.113 647.0 
78.008 648.0 
78.031 649.0 
78.113 650.0 
77.938 651.0 
78.055 652.0 
78.067 653.0 
78.137 654.0 
77.996 655.0 
78.055 656.0 
78.031 657.0 
78.125 658.0 
77.996 659.0 
78.067 660.0 
78.102 661.0 
78.16 662.0 
77.938 663.0 
78.067 664.0 
78.078 665.0 
78.125 666.0 
77.973 667.0 
78.043 668.0 
78.09 669.0 
78.137 670.0 
77.973 671.0 
78.008 672.0 
78.067 673.0 
78.09 674.0 
78.125 675.0 
77.985 676.0 
78.02 677.0 
78.055 678.0 
78.031 679.0 
78.148 680.0 
77.973 681.0 
77.985 682.0 
78.043 683.0 
78.043 684.0 
78.113 685.0 
78.148 686.0 
77.973 687.0 
77.996 688.0 
78.067 689.0 
78.078 690.0 
78.125 691.0 
78.16 692.0 
77.961 693.0 
78.008 694.0 
78.067 695.0 
78.078 696.0 
78.137 697.0 
78.102 698.0 
77.693 699.0 
77.973 700.0 
78.008 701.0 
78.02 702.0 
78.078 703.0 
78.008 704.0 
78.113 705.0 
78.137 706.0 
77.961 707.0 
77.996 708.0 
78.02 709.0 
78.055 710.0 
78.055 711.0 
78.078 712.0 
78.125 713.0 
78.125 714.0 
78.16 715.0 
78.02 716.0 
78.031 717.0 
78.02 718.0 
78.02 719.0 
78.043 720.0 
78.09 721.0 
78.078 722.0 
78.113 723.0 
78.148 724.0 
78.125 725.0 
77.926 726.0 
77.95 727.0 
77.996 728.0 
78.031 729.0 
78.043 730.0 
78.031 731.0 
78.067 732.0 
78.078 733.0 
78.102 734.0 
78.113 735.0 
78.102 736.0 
78.137 737.0 
78.102 738.0 
78.148 739.0 
77.961 740.0 
77.95 741.0 
77.985 742.0 
77.973 743.0 
77.996 744.0 
77.996 745.0 
78.008 746.0 
78.02 747.0 
77.973 748.0 
78.031 749.0 
78.02 750.0 
78.031 751.0 
78.067 752.0 
78.02 753.0 
78.043 754.0 
78.055 755.0 
78.043 756.0 
78.078 757.0 
78.043 758.0 
78.067 759.0 
78.055 760.0 
78.078 761.0 
78.043 762.0 
78.078 763.0 
77.996 764.0 
78.067 765.0 
78.043 766.0 
78.055 767.0 
78.067 768.0 
78.078 769.0 
78.067 770.0 
78.067 771.0 
78.09 772.0 
78.055 773.0 
78.078 774.0 
78.102 775.0 
78.09 776.0 
78.102 777.0 
78.067 778.0 
78.055 779.0 
78.055 780.0 
78.09 781.0 
78.031 782.0 
78.031 783.0 
78.02 784.0 
78.055 785.0 
78.043 786.0 
78.067 787.0 
78.078 788.0 
78.055 789.0 
78.078 790.0 
78.067 791.0 
78.078 792.0 
78.067 793.0 
78.078 794.0 
78.055 795.0 
78.09 796.0 
78.067 797.0 
78.09 798.0 
78.067 799.0 
78.055 800.0 
78.043 801.0 
78.09 802.0 
78.055 803.0 
78.055 804.0 
-0.001 805.0 
0.005 806.0 
0.005 807.0 
0.0 808.0 
0.002 809.0 
0.007 810.0 
0.0 811.0 
0.005 812.0 
0.001 813.0 
0.004 814.0 
0.006 815.0 
0.01 816.0 
0.004 817.0 
-0.012 818.0 
-0.005 819.0 
-0.005 820.0 
-0.006 821.0 
-0.004 822.0 
-0.011 823.0 
-0.011 824.0 
-0.012 825.0 
-0.017 826.0 
-0.018 827.0 
-0.018 828.0 
-0.02 829.0 
