-0.001 257.0 
-0.011 258.0 
-0.055 259.0 
-0.022 260.0 
-0.025 261.0 
-0.049 262.0 
-0.019 263.0 
-0.023 264.0 
-0.031 265.0 
-0.005 266.0 
-0.024 267.0 
-0.034 268.0 
-0.036 269.0 
-0.018 270.0 
-0.016 271.0 
-0.026 272.0 
-0.038 273.0 
-0.049 274.0 
275.614 275.0 
272.481 276.0 
270.508 277.0 
268.535 278.0 
267.142 279.0 
264.821 280.0 
263.313 281.0 
261.804 282.0 
259.831 283.0 
259.831 284.0 
259.367 285.0 
259.019 286.0 
259.019 287.0 
258.787 288.0 
258.439 289.0 
258.787 290.0 
257.975 291.0 
257.742 292.0 
257.046 293.0 
257.394 294.0 
256.93 295.0 
256.93 296.0 
257.046 297.0 
256.466 298.0 
256.35 299.0 
256.582 300.0 
256.002 301.0 
256.466 302.0 
255.77 303.0 
256.234 304.0 
263.545 305.0 
256.118 306.0 
255.77 307.0 
255.654 308.0 
256.002 309.0 
255.422 310.0 
255.654 311.0 
255.538 312.0 
255.305 313.0 
255.073 314.0 
255.538 315.0 
255.189 316.0 
255.305 317.0 
255.073 318.0 
249.735 319.0 
255.073 320.0 
254.609 321.0 
255.305 322.0 
254.957 323.0 
255.189 324.0 
255.422 325.0 
255.654 326.0 
255.189 327.0 
254.609 328.0 
260.876 329.0 
255.189 330.0 
255.305 331.0 
257.626 332.0 
254.957 333.0 
254.841 334.0 
255.305 335.0 
255.073 336.0 
255.073 337.0 
254.493 338.0 
257.742 339.0 
255.073 340.0 
255.073 341.0 
254.841 342.0 
252.288 343.0 
255.189 344.0 
255.422 345.0 
255.073 346.0 
254.841 347.0 
253.681 348.0 
255.189 349.0 
254.841 350.0 
255.189 351.0 
255.073 352.0 
254.957 353.0 
253.565 354.0 
253.681 355.0 
255.189 356.0 
254.957 357.0 
254.841 358.0 
255.422 359.0 
255.189 360.0 
255.073 361.0 
254.841 362.0 
255.189 363.0 
254.493 364.0 
254.957 365.0 
255.189 366.0 
255.538 367.0 
254.725 368.0 
254.957 369.0 
255.073 370.0 
255.073 371.0 
254.957 372.0 
255.189 373.0 
254.957 374.0 
254.841 375.0 
257.162 376.0 
254.609 377.0 
254.841 378.0 
255.189 379.0 
254.725 380.0 
254.841 381.0 
253.217 382.0 
254.493 383.0 
254.957 384.0 
255.189 385.0 
255.538 386.0 
254.609 387.0 
254.957 388.0 
255.189 389.0 
255.305 390.0 
255.422 391.0 
255.189 392.0 
255.305 393.0 
254.609 394.0 
254.725 395.0 
255.305 396.0 
254.725 397.0 
254.841 398.0 
254.029 399.0 
254.725 400.0 
255.073 401.0 
254.841 402.0 
255.538 403.0 
255.073 404.0 
255.073 405.0 
254.841 406.0 
254.957 407.0 
254.841 408.0 
255.073 409.0 
254.841 410.0 
255.073 411.0 
255.189 412.0 
256.234 413.0 
255.073 414.0 
254.725 415.0 
255.305 416.0 
254.957 417.0 
255.073 418.0 
255.073 419.0 
254.841 420.0 
254.725 421.0 
254.725 422.0 
254.957 423.0 
255.073 424.0 
254.957 425.0 
255.073 426.0 
255.189 427.0 
254.957 428.0 
255.189 429.0 
255.073 430.0 
255.422 431.0 
255.538 432.0 
254.841 433.0 
254.725 434.0 
254.957 435.0 
254.841 436.0 
255.073 437.0 
254.725 438.0 
254.841 439.0 
254.841 440.0 
254.957 441.0 
254.609 442.0 
255.189 443.0 
255.305 444.0 
254.841 445.0 
254.609 446.0 
255.422 447.0 
255.305 448.0 
257.51 449.0 
255.305 450.0 
255.305 451.0 
254.841 452.0 
254.609 453.0 
254.609 454.0 
254.841 455.0 
254.957 456.0 
255.073 457.0 
254.377 458.0 
255.189 459.0 
255.073 460.0 
255.073 461.0 
254.841 462.0 
255.422 463.0 
255.305 464.0 
255.189 465.0 
255.538 466.0 
254.957 467.0 
254.957 468.0 
255.189 469.0 
255.073 470.0 
255.189 471.0 
255.189 472.0 
253.797 473.0 
254.957 474.0 
255.422 475.0 
255.189 476.0 
254.725 477.0 
254.957 478.0 
254.609 479.0 
254.957 480.0 
255.073 481.0 
254.957 482.0 
255.305 483.0 
254.725 484.0 
255.189 485.0 
254.725 486.0 
254.957 487.0 
255.305 488.0 
255.073 489.0 
255.305 490.0 
255.538 491.0 
254.957 492.0 
254.725 493.0 
255.189 494.0 
254.609 495.0 
254.145 496.0 
254.957 497.0 
255.189 498.0 
254.609 499.0 
254.609 500.0 
254.841 501.0 
255.073 502.0 
254.841 503.0 
254.725 504.0 
255.073 505.0 
254.957 506.0 
253.101 507.0 
256.698 508.0 
254.377 509.0 
254.841 510.0 
254.841 511.0 
254.957 512.0 
254.841 513.0 
254.609 514.0 
254.957 515.0 
255.073 516.0 
256.698 517.0 
254.493 518.0 
254.493 519.0 
254.493 520.0 
254.725 521.0 
254.493 522.0 
254.493 523.0 
254.609 524.0 
254.493 525.0 
254.957 526.0 
254.725 527.0 
254.725 528.0 
254.725 529.0 
254.261 530.0 
254.609 531.0 
255.189 532.0 
254.957 533.0 
254.493 534.0 
254.957 535.0 
254.725 536.0 
254.725 537.0 
254.493 538.0 
254.609 539.0 
254.377 540.0 
254.957 541.0 
254.493 542.0 
254.841 543.0 
254.957 544.0 
254.841 545.0 
254.725 546.0 
255.189 547.0 
254.841 548.0 
254.725 549.0 
254.609 550.0 
253.333 551.0 
255.073 552.0 
254.609 553.0 
254.261 554.0 
254.609 555.0 
255.073 556.0 
254.841 557.0 
254.841 558.0 
249.967 559.0 
254.841 560.0 
254.377 561.0 
254.029 562.0 
255.073 563.0 
254.377 564.0 
254.493 565.0 
254.957 566.0 
254.493 567.0 
254.377 568.0 
254.377 569.0 
254.377 570.0 
255.189 571.0 
254.841 572.0 
254.377 573.0 
254.609 574.0 
254.377 575.0 
257.51 576.0 
254.725 577.0 
254.725 578.0 
255.073 579.0 
254.609 580.0 
254.841 581.0 
254.725 582.0 
254.841 583.0 
255.073 584.0 
250.548 585.0 
254.725 586.0 
254.957 587.0 
254.957 588.0 
254.609 589.0 
254.957 590.0 
254.609 591.0 
255.073 592.0 
254.609 593.0 
255.073 594.0 
254.725 595.0 
254.493 596.0 
254.725 597.0 
254.145 598.0 
254.377 599.0 
254.261 600.0 
255.189 601.0 
254.609 602.0 
255.189 603.0 
254.957 604.0 
255.189 605.0 
254.609 606.0 
255.073 607.0 
254.725 608.0 
254.957 609.0 
255.189 610.0 
254.841 611.0 
255.189 612.0 
254.493 613.0 
254.725 614.0 
254.261 615.0 
254.957 616.0 
255.305 617.0 
254.261 618.0 
254.841 619.0 
252.985 620.0 
254.841 621.0 
254.609 622.0 
254.841 623.0 
254.957 624.0 
255.189 625.0 
254.493 626.0 
255.422 627.0 
255.538 628.0 
254.377 629.0 
254.841 630.0 
255.189 631.0 
254.725 632.0 
254.609 633.0 
257.626 634.0 
254.725 635.0 
254.957 636.0 
255.189 637.0 
254.841 638.0 
254.493 639.0 
255.073 640.0 
254.609 641.0 
254.493 642.0 
255.189 643.0 
254.377 644.0 
254.377 645.0 
255.073 646.0 
254.957 647.0 
254.841 648.0 
254.725 649.0 
254.957 650.0 
254.841 651.0 
254.261 652.0 
254.957 653.0 
254.725 654.0 
254.609 655.0 
254.609 656.0 
255.073 657.0 
254.957 658.0 
254.841 659.0 
254.841 660.0 
254.725 661.0 
254.493 662.0 
254.609 663.0 
254.957 664.0 
254.957 665.0 
255.073 666.0 
254.493 667.0 
254.957 668.0 
254.957 669.0 
254.957 670.0 
254.725 671.0 
255.073 672.0 
254.725 673.0 
254.725 674.0 
254.725 675.0 
254.493 676.0 
254.725 677.0 
254.725 678.0 
254.841 679.0 
254.957 680.0 
254.261 681.0 
254.609 682.0 
254.725 683.0 
254.841 684.0 
254.377 685.0 
255.189 686.0 
254.029 687.0 
254.725 688.0 
254.841 689.0 
254.957 690.0 
255.189 691.0 
254.957 692.0 
254.493 693.0 
254.493 694.0 
254.725 695.0 
254.957 696.0 
254.609 697.0 
254.957 698.0 
254.261 699.0 
254.609 700.0 
254.493 701.0 
254.493 702.0 
254.957 703.0 
254.957 704.0 
254.841 705.0 
255.073 706.0 
254.725 707.0 
254.609 708.0 
254.841 709.0 
254.725 710.0 
255.189 711.0 
254.957 712.0 
254.841 713.0 
255.073 714.0 
253.449 715.0 
254.609 716.0 
253.913 717.0 
254.841 718.0 
254.609 719.0 
254.841 720.0 
254.725 721.0 
254.841 722.0 
254.957 723.0 
254.957 724.0 
255.189 725.0 
253.913 726.0 
254.609 727.0 
254.957 728.0 
254.725 729.0 
254.725 730.0 
254.957 731.0 
254.957 732.0 
254.725 733.0 
255.073 734.0 
254.609 735.0 
254.957 736.0 
254.725 737.0 
254.725 738.0 
254.377 739.0 
254.493 740.0 
254.609 741.0 
254.609 742.0 
254.841 743.0 
254.725 744.0 
254.609 745.0 
254.493 746.0 
254.841 747.0 
255.073 748.0 
254.377 749.0 
254.725 750.0 
254.957 751.0 
254.957 752.0 
254.493 753.0 
254.493 754.0 
254.957 755.0 
254.609 756.0 
254.609 757.0 
254.609 758.0 
254.725 759.0 
254.609 760.0 
254.493 761.0 
254.725 762.0 
254.725 763.0 
254.957 764.0 
254.957 765.0 
255.073 766.0 
255.073 767.0 
254.957 768.0 
254.957 769.0 
255.189 770.0 
255.073 771.0 
255.073 772.0 
255.073 773.0 
254.725 774.0 
254.493 775.0 
254.725 776.0 
254.841 777.0 
254.957 778.0 
254.609 779.0 
254.841 780.0 
254.725 781.0 
254.841 782.0 
254.957 783.0 
254.841 784.0 
255.073 785.0 
255.073 786.0 
254.725 787.0 
255.073 788.0 
254.841 789.0 
254.725 790.0 
254.841 791.0 
254.957 792.0 
254.609 793.0 
254.725 794.0 
254.841 795.0 
255.073 796.0 
254.841 797.0 
254.609 798.0 
254.841 799.0 
254.725 800.0 
254.493 801.0 
254.725 802.0 
254.725 803.0 
255.073 804.0 
0.038 805.0 
0.032 806.0 
0.031 807.0 
0.03 808.0 
0.026 809.0 
0.022 810.0 
0.014 811.0 
0.004 812.0 
-0.016 813.0 
-0.017 814.0 
-0.022 815.0 
-0.032 816.0 
-0.04 817.0 
-0.038 818.0 
-0.034 819.0 
-0.043 820.0 
-0.036 821.0 
-0.037 822.0 
-0.037 823.0 
-0.035 824.0 
-0.029 825.0 
-0.026 826.0 
-0.03 827.0 
-0.031 828.0 
-0.02 829.0 
