-0.035 257.0 
-0.04 258.0 
-0.06 259.0 
-0.042 260.0 
-0.023 261.0 
-0.042 262.0 
-0.031 263.0 
-0.038 264.0 
-0.02 265.0 
-0.026 266.0 
-0.023 267.0 
-0.019 268.0 
-0.043 269.0 
-0.014 270.0 
-0.016 271.0 
-0.028 272.0 
-0.022 273.0 
-0.028 274.0 
269.695 275.0 
266.098 276.0 
265.286 277.0 
263.545 278.0 
261.804 279.0 
260.18 280.0 
258.555 281.0 
260.063 282.0 
255.305 283.0 
254.957 284.0 
254.493 285.0 
254.377 286.0 
254.493 287.0 
254.377 288.0 
254.145 289.0 
253.913 290.0 
252.985 291.0 
253.333 292.0 
253.333 293.0 
253.101 294.0 
252.288 295.0 
252.288 296.0 
252.404 297.0 
251.708 298.0 
251.592 299.0 
252.056 300.0 
251.476 301.0 
251.476 302.0 
250.78 303.0 
251.592 304.0 
251.824 305.0 
251.244 306.0 
251.012 307.0 
250.896 308.0 
251.244 309.0 
250.664 310.0 
251.012 311.0 
250.548 312.0 
250.548 313.0 
250.199 314.0 
250.199 315.0 
250.199 316.0 
250.896 317.0 
249.967 318.0 
250.315 319.0 
249.851 320.0 
248.575 321.0 
249.735 322.0 
250.199 323.0 
250.199 324.0 
250.199 325.0 
250.896 326.0 
250.431 327.0 
250.083 328.0 
255.538 329.0 
250.431 330.0 
249.967 331.0 
251.708 332.0 
250.431 333.0 
250.199 334.0 
250.315 335.0 
250.315 336.0 
250.315 337.0 
249.851 338.0 
252.288 339.0 
249.851 340.0 
250.083 341.0 
249.967 342.0 
247.646 343.0 
249.851 344.0 
249.851 345.0 
249.851 346.0 
249.967 347.0 
248.343 348.0 
250.315 349.0 
250.431 350.0 
250.083 351.0 
250.315 352.0 
250.083 353.0 
249.155 354.0 
248.227 355.0 
250.083 356.0 
250.431 357.0 
250.083 358.0 
250.199 359.0 
250.199 360.0 
250.083 361.0 
249.967 362.0 
249.967 363.0 
250.315 364.0 
249.851 365.0 
250.199 366.0 
250.664 367.0 
250.083 368.0 
249.967 369.0 
250.315 370.0 
249.967 371.0 
250.78 372.0 
250.315 373.0 
250.083 374.0 
250.199 375.0 
251.36 376.0 
249.735 377.0 
249.967 378.0 
249.851 379.0 
250.083 380.0 
249.851 381.0 
250.199 382.0 
249.967 383.0 
250.083 384.0 
249.967 385.0 
250.315 386.0 
249.619 387.0 
249.967 388.0 
250.083 389.0 
250.431 390.0 
250.548 391.0 
250.315 392.0 
250.548 393.0 
249.851 394.0 
250.315 395.0 
250.431 396.0 
249.503 397.0 
250.199 398.0 
249.039 399.0 
250.083 400.0 
250.199 401.0 
250.199 402.0 
250.315 403.0 
250.083 404.0 
250.083 405.0 
249.735 406.0 
250.199 407.0 
249.851 408.0 
250.548 409.0 
249.851 410.0 
250.083 411.0 
250.664 412.0 
250.78 413.0 
250.083 414.0 
249.503 415.0 
250.199 416.0 
249.851 417.0 
250.315 418.0 
250.083 419.0 
249.851 420.0 
249.735 421.0 
250.199 422.0 
250.083 423.0 
250.083 424.0 
249.967 425.0 
250.315 426.0 
250.083 427.0 
250.199 428.0 
249.967 429.0 
250.315 430.0 
250.199 431.0 
250.548 432.0 
250.548 433.0 
249.967 434.0 
250.083 435.0 
250.199 436.0 
250.315 437.0 
249.619 438.0 
249.271 439.0 
250.083 440.0 
250.199 441.0 
249.967 442.0 
249.619 443.0 
249.967 444.0 
250.315 445.0 
249.851 446.0 
250.083 447.0 
250.315 448.0 
251.128 449.0 
250.548 450.0 
249.967 451.0 
250.083 452.0 
249.967 453.0 
249.967 454.0 
250.083 455.0 
248.459 456.0 
250.083 457.0 
249.735 458.0 
249.967 459.0 
250.431 460.0 
250.199 461.0 
250.083 462.0 
250.548 463.0 
249.851 464.0 
250.315 465.0 
250.315 466.0 
250.083 467.0 
250.083 468.0 
250.199 469.0 
250.083 470.0 
250.083 471.0 
250.664 472.0 
248.459 473.0 
249.967 474.0 
250.199 475.0 
249.967 476.0 
249.735 477.0 
250.199 478.0 
249.735 479.0 
250.315 480.0 
250.548 481.0 
250.083 482.0 
250.199 483.0 
249.967 484.0 
250.083 485.0 
250.199 486.0 
250.083 487.0 
250.431 488.0 
250.199 489.0 
250.315 490.0 
250.083 491.0 
250.431 492.0 
250.548 493.0 
250.083 494.0 
250.199 495.0 
249.851 496.0 
250.199 497.0 
250.083 498.0 
249.619 499.0 
250.315 500.0 
249.619 501.0 
250.199 502.0 
249.851 503.0 
249.735 504.0 
249.735 505.0 
249.851 506.0 
248.227 507.0 
252.288 508.0 
249.155 509.0 
250.083 510.0 
249.735 511.0 
250.315 512.0 
250.664 513.0 
250.083 514.0 
249.619 515.0 
250.083 516.0 
253.217 517.0 
249.503 518.0 
249.619 519.0 
249.619 520.0 
249.619 521.0 
249.967 522.0 
249.735 523.0 
249.851 524.0 
249.735 525.0 
249.967 526.0 
249.851 527.0 
249.503 528.0 
249.851 529.0 
249.503 530.0 
249.735 531.0 
250.548 532.0 
253.217 533.0 
249.851 534.0 
249.851 535.0 
249.967 536.0 
250.083 537.0 
249.735 538.0 
249.735 539.0 
249.619 540.0 
250.315 541.0 
249.735 542.0 
250.083 543.0 
249.851 544.0 
250.083 545.0 
249.503 546.0 
250.315 547.0 
250.083 548.0 
249.851 549.0 
249.851 550.0 
248.691 551.0 
250.083 552.0 
249.619 553.0 
249.619 554.0 
250.083 555.0 
250.199 556.0 
249.619 557.0 
249.851 558.0 
246.486 559.0 
249.851 560.0 
249.619 561.0 
249.155 562.0 
249.967 563.0 
249.155 564.0 
249.619 565.0 
250.083 566.0 
249.851 567.0 
249.619 568.0 
249.155 569.0 
249.735 570.0 
249.967 571.0 
249.967 572.0 
249.619 573.0 
249.735 574.0 
249.503 575.0 
252.868 576.0 
249.387 577.0 
249.967 578.0 
250.083 579.0 
249.967 580.0 
249.851 581.0 
250.199 582.0 
250.199 583.0 
250.199 584.0 
245.906 585.0 
249.851 586.0 
249.735 587.0 
249.967 588.0 
249.735 589.0 
250.083 590.0 
249.619 591.0 
249.967 592.0 
249.735 593.0 
249.851 594.0 
249.735 595.0 
249.967 596.0 
249.735 597.0 
249.271 598.0 
249.387 599.0 
249.851 600.0 
250.199 601.0 
249.735 602.0 
250.199 603.0 
249.967 604.0 
250.315 605.0 
249.851 606.0 
249.967 607.0 
249.735 608.0 
249.851 609.0 
250.083 610.0 
250.083 611.0 
250.431 612.0 
250.083 613.0 
250.315 614.0 
249.735 615.0 
249.387 616.0 
250.083 617.0 
249.503 618.0 
249.735 619.0 
248.111 620.0 
249.851 621.0 
249.967 622.0 
249.735 623.0 
249.735 624.0 
250.431 625.0 
249.851 626.0 
249.851 627.0 
250.083 628.0 
249.967 629.0 
250.315 630.0 
250.083 631.0 
249.735 632.0 
250.083 633.0 
251.708 634.0 
250.083 635.0 
249.851 636.0 
250.083 637.0 
250.083 638.0 
249.503 639.0 
250.315 640.0 
249.619 641.0 
249.155 642.0 
249.851 643.0 
249.387 644.0 
249.619 645.0 
250.199 646.0 
250.315 647.0 
249.735 648.0 
249.735 649.0 
250.083 650.0 
249.967 651.0 
249.155 652.0 
250.083 653.0 
250.083 654.0 
249.619 655.0 
249.619 656.0 
249.619 657.0 
250.083 658.0 
249.735 659.0 
249.735 660.0 
249.967 661.0 
249.503 662.0 
249.503 663.0 
249.851 664.0 
250.315 665.0 
250.315 666.0 
249.619 667.0 
250.083 668.0 
250.083 669.0 
250.315 670.0 
249.851 671.0 
250.083 672.0 
249.967 673.0 
250.083 674.0 
249.735 675.0 
249.735 676.0 
249.735 677.0 
250.083 678.0 
249.967 679.0 
250.315 680.0 
249.271 681.0 
249.619 682.0 
249.735 683.0 
250.083 684.0 
249.503 685.0 
250.664 686.0 
249.271 687.0 
249.851 688.0 
249.967 689.0 
250.315 690.0 
250.083 691.0 
250.431 692.0 
249.967 693.0 
249.851 694.0 
249.967 695.0 
249.851 696.0 
249.619 697.0 
249.967 698.0 
248.807 699.0 
249.619 700.0 
249.851 701.0 
249.735 702.0 
249.851 703.0 
250.199 704.0 
249.851 705.0 
250.431 706.0 
249.619 707.0 
249.735 708.0 
249.735 709.0 
249.967 710.0 
249.967 711.0 
250.083 712.0 
250.315 713.0 
250.199 714.0 
248.807 715.0 
249.735 716.0 
249.155 717.0 
249.619 718.0 
249.967 719.0 
249.851 720.0 
250.199 721.0 
249.967 722.0 
249.967 723.0 
250.083 724.0 
250.431 725.0 
249.735 726.0 
249.735 727.0 
249.851 728.0 
249.967 729.0 
250.083 730.0 
249.967 731.0 
250.199 732.0 
250.083 733.0 
249.967 734.0 
250.083 735.0 
249.735 736.0 
250.548 737.0 
250.315 738.0 
249.387 739.0 
249.851 740.0 
249.503 741.0 
249.735 742.0 
249.851 743.0 
249.735 744.0 
249.851 745.0 
249.619 746.0 
249.735 747.0 
250.083 748.0 
250.083 749.0 
249.619 750.0 
250.083 751.0 
249.735 752.0 
249.851 753.0 
249.967 754.0 
249.967 755.0 
249.851 756.0 
249.851 757.0 
249.851 758.0 
249.735 759.0 
249.735 760.0 
250.083 761.0 
249.851 762.0 
249.851 763.0 
249.735 764.0 
249.967 765.0 
250.199 766.0 
250.083 767.0 
250.083 768.0 
250.315 769.0 
250.199 770.0 
249.735 771.0 
249.851 772.0 
250.199 773.0 
250.083 774.0 
249.851 775.0 
249.735 776.0 
249.851 777.0 
249.735 778.0 
249.735 779.0 
249.851 780.0 
250.199 781.0 
249.967 782.0 
249.967 783.0 
250.083 784.0 
249.851 785.0 
249.851 786.0 
250.083 787.0 
249.967 788.0 
250.083 789.0 
249.967 790.0 
249.967 791.0 
249.967 792.0 
250.083 793.0 
250.083 794.0 
249.967 795.0 
250.083 796.0 
249.967 797.0 
249.967 798.0 
249.967 799.0 
249.851 800.0 
249.967 801.0 
249.851 802.0 
249.851 803.0 
249.967 804.0 
0.035 805.0 
0.03 806.0 
0.032 807.0 
0.032 808.0 
0.017 809.0 
0.017 810.0 
0.005 811.0 
-0.016 812.0 
-0.03 813.0 
-0.062 814.0 
-0.059 815.0 
-0.085 816.0 
-0.092 817.0 
-0.095 818.0 
-0.111 819.0 
-0.121 820.0 
-0.12 821.0 
-0.123 822.0 
-0.131 823.0 
-0.126 824.0 
-0.114 825.0 
-0.113 826.0 
-0.111 827.0 
-0.097 828.0 
-0.087 829.0 
