-0.023 257.0 
-0.044 258.0 
-0.072 259.0 
-0.02 260.0 
-0.034 261.0 
-0.026 262.0 
-0.043 263.0 
-0.064 264.0 
-0.035 265.0 
-0.05 266.0 
-0.016 267.0 
-0.04 268.0 
-0.046 269.0 
-0.038 270.0 
-0.026 271.0 
-0.034 272.0 
-0.042 273.0 
-0.04 274.0 
145.166 275.0 
142.55 276.0 
141.569 277.0 
140.015 278.0 
138.427 279.0 
136.395 280.0 
134.759 281.0 
132.47 282.0 
128.966 283.0 
127.67 284.0 
127.331 285.0 
126.957 286.0 
126.806 287.0 
126.49 288.0 
126.128 289.0 
125.486 290.0 
125.287 291.0 
125.042 292.0 
124.785 293.0 
124.703 294.0 
124.178 295.0 
123.991 296.0 
123.967 297.0 
123.337 298.0 
123.22 299.0 
123.126 300.0 
122.601 301.0 
122.531 302.0 
122.075 303.0 
121.947 304.0 
121.888 305.0 
121.293 306.0 
120.172 307.0 
117.847 308.0 
115.184 309.0 
111.575 310.0 
107.943 311.0 
103.925 312.0 
99.674 313.0 
95.387 314.0 
91.346 315.0 
87.118 316.0 
83.416 317.0 
80.122 318.0 
79.959 319.0 
79.713 320.0 
79.573 321.0 
79.585 322.0 
79.491 323.0 
79.55 324.0 
79.48 325.0 
79.386 326.0 
79.468 327.0 
79.375 328.0 
79.608 329.0 
79.503 330.0 
79.421 331.0 
79.748 332.0 
79.515 333.0 
79.398 334.0 
79.456 335.0 
79.491 336.0 
79.491 337.0 
79.398 338.0 
79.55 339.0 
79.433 340.0 
79.433 341.0 
79.398 342.0 
79.281 343.0 
79.468 344.0 
79.433 345.0 
79.398 346.0 
79.328 347.0 
79.386 348.0 
79.468 349.0 
79.468 350.0 
79.433 351.0 
79.456 352.0 
79.445 353.0 
79.351 354.0 
79.491 355.0 
79.48 356.0 
79.503 357.0 
79.433 358.0 
79.503 359.0 
79.468 360.0 
79.491 361.0 
79.421 362.0 
79.468 363.0 
79.363 364.0 
79.433 365.0 
79.445 366.0 
79.445 367.0 
79.386 368.0 
79.398 369.0 
79.445 370.0 
79.456 371.0 
79.468 372.0 
79.491 373.0 
79.503 374.0 
79.503 375.0 
79.83 376.0 
79.375 377.0 
79.41 378.0 
79.421 379.0 
79.433 380.0 
79.456 381.0 
79.503 382.0 
79.445 383.0 
79.398 384.0 
79.41 385.0 
79.538 386.0 
79.375 387.0 
79.363 388.0 
79.468 389.0 
79.456 390.0 
79.456 391.0 
79.433 392.0 
79.515 393.0 
79.375 394.0 
79.48 395.0 
79.538 396.0 
79.398 397.0 
79.491 398.0 
79.34 399.0 
79.386 400.0 
79.515 401.0 
79.456 402.0 
79.503 403.0 
79.456 404.0 
79.41 405.0 
79.34 406.0 
79.445 407.0 
79.398 408.0 
79.421 409.0 
79.386 410.0 
79.433 411.0 
79.468 412.0 
79.947 413.0 
79.48 414.0 
79.421 415.0 
79.456 416.0 
79.375 417.0 
79.515 418.0 
79.468 419.0 
79.386 420.0 
79.421 421.0 
79.433 422.0 
79.491 423.0 
79.386 424.0 
79.386 425.0 
79.491 426.0 
79.456 427.0 
79.375 428.0 
79.421 429.0 
79.41 430.0 
79.456 431.0 
79.491 432.0 
79.491 433.0 
79.34 434.0 
79.386 435.0 
79.421 436.0 
79.503 437.0 
79.363 438.0 
79.305 439.0 
79.386 440.0 
79.351 441.0 
79.351 442.0 
79.398 443.0 
79.363 444.0 
79.386 445.0 
79.363 446.0 
79.468 447.0 
79.48 448.0 
79.456 449.0 
79.737 450.0 
79.398 451.0 
79.41 452.0 
79.386 453.0 
79.351 454.0 
79.445 455.0 
79.468 456.0 
79.41 457.0 
79.386 458.0 
79.468 459.0 
79.456 460.0 
79.421 461.0 
79.375 462.0 
79.445 463.0 
79.456 464.0 
79.421 465.0 
79.491 466.0 
79.386 467.0 
79.386 468.0 
79.445 469.0 
79.433 470.0 
79.398 471.0 
79.433 472.0 
79.503 473.0 
79.421 474.0 
79.491 475.0 
79.445 476.0 
79.363 477.0 
79.386 478.0 
79.34 479.0 
79.398 480.0 
79.526 481.0 
79.398 482.0 
79.445 483.0 
79.398 484.0 
79.456 485.0 
79.34 486.0 
79.375 487.0 
79.468 488.0 
79.398 489.0 
79.421 490.0 
79.456 491.0 
79.445 492.0 
79.398 493.0 
79.433 494.0 
79.398 495.0 
79.316 496.0 
79.421 497.0 
79.445 498.0 
79.351 499.0 
79.351 500.0 
79.433 501.0 
79.41 502.0 
79.351 503.0 
79.328 504.0 
79.41 505.0 
79.386 506.0 
79.375 507.0 
79.55 508.0 
79.316 509.0 
79.328 510.0 
79.363 511.0 
79.386 512.0 
79.421 513.0 
79.41 514.0 
79.433 515.0 
79.421 516.0 
79.445 517.0 
79.258 518.0 
79.234 519.0 
79.27 520.0 
79.281 521.0 
79.27 522.0 
79.234 523.0 
79.27 524.0 
79.27 525.0 
79.27 526.0 
79.246 527.0 
79.153 528.0 
79.199 529.0 
79.176 530.0 
79.176 531.0 
79.281 532.0 
79.27 533.0 
79.199 534.0 
79.211 535.0 
79.141 536.0 
79.083 537.0 
79.013 538.0 
78.978 539.0 
78.954 540.0 
79.048 541.0 
78.954 542.0 
78.954 543.0 
78.884 544.0 
78.896 545.0 
78.791 546.0 
78.931 547.0 
78.872 548.0 
78.849 549.0 
78.756 550.0 
78.65 551.0 
78.837 552.0 
78.767 553.0 
78.732 554.0 
78.721 555.0 
78.826 556.0 
78.802 557.0 
78.744 558.0 
78.382 559.0 
78.791 560.0 
78.744 561.0 
78.674 562.0 
78.779 563.0 
78.744 564.0 
78.592 565.0 
78.779 566.0 
78.814 567.0 
78.662 568.0 
78.802 569.0 
78.721 570.0 
78.837 571.0 
78.744 572.0 
78.697 573.0 
78.779 574.0 
78.721 575.0 
78.814 576.0 
78.756 577.0 
78.744 578.0 
78.814 579.0 
78.744 580.0 
78.872 581.0 
78.779 582.0 
78.837 583.0 
78.791 584.0 
78.907 585.0 
78.814 586.0 
78.732 587.0 
78.802 588.0 
78.744 589.0 
78.837 590.0 
78.744 591.0 
78.802 592.0 
78.721 593.0 
78.756 594.0 
78.732 595.0 
78.814 596.0 
78.721 597.0 
78.791 598.0 
78.721 599.0 
78.814 600.0 
78.849 601.0 
78.744 602.0 
78.861 603.0 
78.732 604.0 
78.826 605.0 
78.721 606.0 
78.767 607.0 
78.674 608.0 
78.779 609.0 
78.884 610.0 
78.744 611.0 
78.791 612.0 
78.732 613.0 
78.814 614.0 
78.662 615.0 
78.767 616.0 
78.837 617.0 
78.721 618.0 
78.814 619.0 
78.359 620.0 
78.744 621.0 
78.767 622.0 
78.686 623.0 
78.779 624.0 
78.837 625.0 
78.709 626.0 
78.802 627.0 
78.837 628.0 
78.744 629.0 
78.791 630.0 
78.861 631.0 
78.721 632.0 
78.802 633.0 
78.872 634.0 
78.756 635.0 
78.826 636.0 
78.872 637.0 
78.732 638.0 
78.791 639.0 
78.837 640.0 
78.721 641.0 
78.767 642.0 
78.837 643.0 
78.686 644.0 
78.732 645.0 
78.802 646.0 
78.837 647.0 
78.732 648.0 
78.744 649.0 
78.884 650.0 
78.697 651.0 
78.767 652.0 
78.791 653.0 
78.814 654.0 
78.721 655.0 
78.767 656.0 
78.791 657.0 
78.861 658.0 
78.732 659.0 
78.756 660.0 
78.802 661.0 
78.872 662.0 
78.674 663.0 
78.709 664.0 
78.826 665.0 
78.861 666.0 
78.697 667.0 
78.767 668.0 
78.802 669.0 
78.872 670.0 
78.709 671.0 
78.744 672.0 
78.756 673.0 
78.802 674.0 
78.861 675.0 
78.744 676.0 
78.767 677.0 
78.756 678.0 
78.756 679.0 
78.802 680.0 
78.709 681.0 
78.721 682.0 
78.732 683.0 
78.791 684.0 
78.826 685.0 
78.849 686.0 
78.674 687.0 
78.744 688.0 
78.779 689.0 
78.802 690.0 
78.837 691.0 
78.872 692.0 
78.686 693.0 
78.756 694.0 
78.767 695.0 
78.779 696.0 
78.837 697.0 
78.767 698.0 
78.522 699.0 
78.686 700.0 
78.732 701.0 
78.721 702.0 
78.756 703.0 
78.791 704.0 
78.791 705.0 
78.861 706.0 
78.697 707.0 
78.697 708.0 
78.709 709.0 
78.767 710.0 
78.767 711.0 
78.802 712.0 
78.837 713.0 
78.814 714.0 
78.849 715.0 
78.709 716.0 
78.697 717.0 
78.732 718.0 
78.732 719.0 
78.767 720.0 
78.791 721.0 
78.791 722.0 
78.802 723.0 
78.837 724.0 
78.861 725.0 
78.674 726.0 
78.686 727.0 
78.721 728.0 
78.721 729.0 
78.744 730.0 
78.779 731.0 
78.779 732.0 
78.814 733.0 
78.814 734.0 
78.814 735.0 
78.826 736.0 
78.861 737.0 
78.849 738.0 
78.487 739.0 
78.662 740.0 
78.686 741.0 
78.674 742.0 
78.674 743.0 
78.697 744.0 
78.686 745.0 
78.697 746.0 
78.721 747.0 
78.732 748.0 
78.709 749.0 
78.779 750.0 
78.767 751.0 
78.744 752.0 
78.732 753.0 
78.779 754.0 
78.744 755.0 
78.732 756.0 
78.791 757.0 
78.767 758.0 
78.756 759.0 
78.767 760.0 
78.779 761.0 
78.779 762.0 
78.779 763.0 
78.791 764.0 
78.791 765.0 
78.791 766.0 
78.756 767.0 
78.767 768.0 
78.791 769.0 
78.791 770.0 
78.802 771.0 
78.779 772.0 
78.814 773.0 
78.779 774.0 
78.791 775.0 
78.802 776.0 
78.802 777.0 
78.814 778.0 
78.802 779.0 
78.779 780.0 
78.814 781.0 
78.767 782.0 
78.756 783.0 
78.756 784.0 
78.779 785.0 
78.767 786.0 
78.744 787.0 
78.779 788.0 
78.744 789.0 
78.779 790.0 
78.791 791.0 
78.791 792.0 
78.791 793.0 
78.779 794.0 
78.826 795.0 
78.802 796.0 
78.791 797.0 
78.767 798.0 
78.767 799.0 
78.779 800.0 
78.756 801.0 
78.802 802.0 
78.767 803.0 
78.779 804.0 
0.001 805.0 
0.004 806.0 
0.004 807.0 
0.007 808.0 
0.0 809.0 
0.004 810.0 
0.01 811.0 
0.004 812.0 
0.011 813.0 
0.006 814.0 
0.0 815.0 
-0.01 816.0 
-0.002 817.0 
-0.007 818.0 
-0.004 819.0 
-0.01 820.0 
-0.007 821.0 
-0.022 822.0 
-0.024 823.0 
-0.02 824.0 
-0.022 825.0 
-0.028 826.0 
-0.026 827.0 
-0.02 828.0 
-0.022 829.0 
