-0.031 257.0 
-0.023 258.0 
-0.04 259.0 
-0.037 260.0 
-0.026 261.0 
-0.04 262.0 
-0.042 263.0 
-0.047 264.0 
-0.013 265.0 
-0.056 266.0 
-0.056 267.0 
-0.04 268.0 
-0.035 269.0 
-0.02 270.0 
-0.058 271.0 
-0.046 272.0 
-0.02 273.0 
-0.026 274.0 
141.428 275.0 
138.544 276.0 
137.329 277.0 
135.869 278.0 
134.374 279.0 
132.645 280.0 
131.08 281.0 
128.943 282.0 
125.941 283.0 
124.727 284.0 
124.283 285.0 
124.014 286.0 
123.851 287.0 
123.64 288.0 
123.453 289.0 
122.834 290.0 
122.741 291.0 
122.496 292.0 
122.344 293.0 
122.017 294.0 
121.748 295.0 
121.596 296.0 
121.573 297.0 
121.071 298.0 
120.907 299.0 
120.685 300.0 
120.347 301.0 
120.242 302.0 
119.763 303.0 
119.669 304.0 
119.436 305.0 
118.898 306.0 
117.66 307.0 
115.371 308.0 
112.848 309.0 
109.204 310.0 
105.619 311.0 
101.636 312.0 
97.828 313.0 
93.881 314.0 
89.851 315.0 
86.079 316.0 
82.598 317.0 
80.251 318.0 
80.145 319.0 
79.935 320.0 
79.783 321.0 
79.748 322.0 
79.69 323.0 
79.713 324.0 
79.69 325.0 
79.538 326.0 
79.655 327.0 
79.597 328.0 
79.608 329.0 
79.667 330.0 
79.597 331.0 
79.877 332.0 
79.725 333.0 
79.632 334.0 
79.585 335.0 
79.702 336.0 
79.702 337.0 
79.585 338.0 
79.854 339.0 
79.655 340.0 
79.643 341.0 
79.608 342.0 
79.795 343.0 
79.632 344.0 
79.597 345.0 
79.632 346.0 
79.573 347.0 
79.608 348.0 
79.667 349.0 
79.655 350.0 
79.62 351.0 
79.678 352.0 
79.608 353.0 
79.562 354.0 
79.597 355.0 
79.643 356.0 
79.713 357.0 
79.632 358.0 
79.725 359.0 
79.667 360.0 
79.69 361.0 
79.62 362.0 
79.632 363.0 
79.585 364.0 
79.597 365.0 
79.655 366.0 
79.643 367.0 
79.597 368.0 
79.632 369.0 
79.608 370.0 
79.678 371.0 
79.667 372.0 
79.69 373.0 
79.713 374.0 
79.713 375.0 
79.924 376.0 
79.608 377.0 
79.655 378.0 
79.667 379.0 
79.643 380.0 
79.608 381.0 
79.713 382.0 
79.643 383.0 
79.643 384.0 
79.62 385.0 
79.678 386.0 
79.55 387.0 
79.562 388.0 
79.667 389.0 
79.632 390.0 
79.655 391.0 
79.62 392.0 
79.713 393.0 
79.585 394.0 
79.632 395.0 
79.725 396.0 
79.597 397.0 
79.702 398.0 
79.538 399.0 
79.585 400.0 
79.678 401.0 
79.632 402.0 
79.737 403.0 
79.655 404.0 
79.597 405.0 
79.562 406.0 
79.608 407.0 
79.562 408.0 
79.643 409.0 
79.585 410.0 
79.62 411.0 
79.667 412.0 
80.204 413.0 
79.667 414.0 
79.585 415.0 
79.655 416.0 
79.585 417.0 
79.678 418.0 
79.678 419.0 
79.585 420.0 
79.608 421.0 
79.643 422.0 
79.667 423.0 
79.585 424.0 
79.562 425.0 
79.632 426.0 
79.667 427.0 
79.585 428.0 
79.585 429.0 
79.62 430.0 
79.643 431.0 
79.678 432.0 
79.678 433.0 
79.562 434.0 
79.538 435.0 
79.62 436.0 
79.655 437.0 
79.573 438.0 
79.585 439.0 
79.608 440.0 
79.608 441.0 
79.573 442.0 
79.597 443.0 
79.573 444.0 
79.585 445.0 
79.538 446.0 
79.678 447.0 
79.69 448.0 
79.643 449.0 
79.947 450.0 
79.608 451.0 
79.608 452.0 
79.573 453.0 
79.538 454.0 
79.62 455.0 
79.643 456.0 
79.573 457.0 
79.562 458.0 
79.678 459.0 
79.667 460.0 
79.597 461.0 
79.585 462.0 
79.69 463.0 
79.632 464.0 
79.608 465.0 
79.655 466.0 
79.643 467.0 
79.562 468.0 
79.643 469.0 
79.62 470.0 
79.597 471.0 
79.608 472.0 
79.713 473.0 
79.62 474.0 
79.69 475.0 
79.643 476.0 
79.562 477.0 
79.608 478.0 
79.538 479.0 
79.62 480.0 
79.69 481.0 
79.597 482.0 
79.69 483.0 
79.597 484.0 
79.643 485.0 
79.55 486.0 
79.526 487.0 
79.655 488.0 
79.55 489.0 
79.597 490.0 
79.632 491.0 
79.643 492.0 
79.608 493.0 
79.632 494.0 
79.585 495.0 
79.538 496.0 
79.655 497.0 
79.678 498.0 
79.562 499.0 
79.562 500.0 
79.597 501.0 
79.667 502.0 
79.515 503.0 
79.503 504.0 
79.585 505.0 
79.597 506.0 
79.538 507.0 
79.632 508.0 
79.503 509.0 
79.526 510.0 
79.573 511.0 
79.585 512.0 
79.608 513.0 
79.608 514.0 
79.62 515.0 
79.632 516.0 
79.632 517.0 
79.41 518.0 
79.468 519.0 
79.48 520.0 
79.491 521.0 
79.456 522.0 
79.491 523.0 
79.468 524.0 
79.456 525.0 
79.48 526.0 
79.468 527.0 
79.375 528.0 
79.445 529.0 
79.398 530.0 
79.433 531.0 
79.562 532.0 
79.48 533.0 
79.491 534.0 
79.515 535.0 
79.48 536.0 
79.433 537.0 
79.363 538.0 
79.316 539.0 
79.281 540.0 
79.375 541.0 
79.34 542.0 
79.281 543.0 
79.246 544.0 
79.199 545.0 
79.176 546.0 
79.258 547.0 
79.223 548.0 
79.164 549.0 
79.129 550.0 
79.083 551.0 
79.188 552.0 
79.106 553.0 
79.106 554.0 
79.083 555.0 
79.188 556.0 
79.118 557.0 
79.094 558.0 
78.756 559.0 
79.141 560.0 
79.083 561.0 
79.024 562.0 
79.129 563.0 
79.106 564.0 
78.978 565.0 
79.176 566.0 
79.176 567.0 
79.048 568.0 
79.083 569.0 
79.083 570.0 
79.176 571.0 
79.118 572.0 
79.036 573.0 
79.141 574.0 
79.083 575.0 
79.456 576.0 
79.106 577.0 
79.141 578.0 
79.223 579.0 
79.141 580.0 
79.188 581.0 
79.164 582.0 
79.188 583.0 
79.176 584.0 
79.246 585.0 
79.188 586.0 
79.094 587.0 
79.153 588.0 
79.071 589.0 
79.153 590.0 
79.106 591.0 
79.176 592.0 
79.118 593.0 
79.153 594.0 
79.106 595.0 
79.118 596.0 
79.071 597.0 
79.176 598.0 
79.048 599.0 
79.141 600.0 
79.199 601.0 
79.094 602.0 
79.211 603.0 
79.118 604.0 
79.211 605.0 
79.059 606.0 
79.176 607.0 
79.013 608.0 
79.141 609.0 
79.246 610.0 
79.129 611.0 
79.176 612.0 
79.083 613.0 
79.176 614.0 
79.059 615.0 
79.129 616.0 
79.199 617.0 
79.094 618.0 
79.176 619.0 
78.837 620.0 
79.118 621.0 
79.153 622.0 
79.071 623.0 
79.141 624.0 
79.234 625.0 
79.071 626.0 
79.164 627.0 
79.234 628.0 
79.083 629.0 
79.164 630.0 
79.211 631.0 
79.071 632.0 
79.176 633.0 
79.491 634.0 
79.118 635.0 
79.176 636.0 
79.199 637.0 
79.083 638.0 
79.164 639.0 
79.188 640.0 
79.094 641.0 
79.141 642.0 
79.176 643.0 
79.059 644.0 
79.106 645.0 
79.153 646.0 
79.211 647.0 
79.094 648.0 
79.106 649.0 
79.176 650.0 
79.071 651.0 
79.071 652.0 
79.141 653.0 
79.199 654.0 
79.036 655.0 
79.094 656.0 
79.153 657.0 
79.211 658.0 
79.118 659.0 
79.129 660.0 
79.153 661.0 
79.234 662.0 
79.024 663.0 
79.153 664.0 
79.176 665.0 
79.234 666.0 
79.059 667.0 
79.129 668.0 
79.129 669.0 
79.199 670.0 
79.083 671.0 
79.083 672.0 
79.141 673.0 
79.188 674.0 
79.176 675.0 
79.071 676.0 
79.094 677.0 
79.129 678.0 
79.153 679.0 
79.176 680.0 
79.048 681.0 
79.059 682.0 
79.141 683.0 
79.141 684.0 
79.176 685.0 
79.258 686.0 
79.036 687.0 
79.094 688.0 
79.129 689.0 
79.176 690.0 
79.199 691.0 
79.246 692.0 
79.048 693.0 
79.106 694.0 
79.106 695.0 
79.164 696.0 
79.176 697.0 
79.211 698.0 
78.966 699.0 
79.059 700.0 
79.083 701.0 
79.106 702.0 
79.129 703.0 
79.129 704.0 
79.211 705.0 
79.246 706.0 
79.048 707.0 
79.071 708.0 
79.071 709.0 
79.106 710.0 
79.153 711.0 
79.153 712.0 
79.223 713.0 
79.211 714.0 
79.199 715.0 
79.036 716.0 
79.048 717.0 
79.071 718.0 
79.106 719.0 
79.129 720.0 
79.153 721.0 
79.176 722.0 
79.188 723.0 
79.199 724.0 
79.211 725.0 
79.048 726.0 
79.013 727.0 
79.071 728.0 
79.071 729.0 
79.083 730.0 
79.141 731.0 
79.141 732.0 
79.164 733.0 
79.153 734.0 
79.164 735.0 
79.199 736.0 
79.176 737.0 
79.211 738.0 
78.966 739.0 
79.048 740.0 
79.024 741.0 
79.048 742.0 
79.059 743.0 
79.071 744.0 
79.059 745.0 
79.059 746.0 
79.071 747.0 
79.071 748.0 
79.048 749.0 
79.094 750.0 
79.071 751.0 
79.094 752.0 
79.129 753.0 
79.106 754.0 
79.129 755.0 
79.118 756.0 
79.141 757.0 
79.141 758.0 
79.153 759.0 
79.118 760.0 
79.129 761.0 
79.129 762.0 
79.129 763.0 
79.153 764.0 
79.164 765.0 
79.129 766.0 
79.141 767.0 
79.153 768.0 
79.141 769.0 
79.188 770.0 
79.164 771.0 
79.153 772.0 
79.141 773.0 
79.153 774.0 
79.153 775.0 
79.129 776.0 
79.118 777.0 
79.164 778.0 
79.164 779.0 
79.164 780.0 
79.129 781.0 
79.129 782.0 
79.141 783.0 
79.118 784.0 
79.129 785.0 
79.129 786.0 
79.129 787.0 
79.118 788.0 
79.141 789.0 
79.176 790.0 
79.118 791.0 
79.176 792.0 
79.141 793.0 
79.141 794.0 
79.153 795.0 
79.118 796.0 
79.153 797.0 
79.129 798.0 
79.141 799.0 
79.118 800.0 
79.153 801.0 
79.164 802.0 
79.153 803.0 
79.129 804.0 
0.004 805.0 
0.002 806.0 
-0.001 807.0 
-0.008 808.0 
-0.005 809.0 
-0.008 810.0 
-0.018 811.0 
-0.013 812.0 
-0.025 813.0 
-0.031 814.0 
-0.037 815.0 
-0.031 816.0 
-0.037 817.0 
-0.04 818.0 
-0.032 819.0 
-0.044 820.0 
-0.046 821.0 
-0.043 822.0 
-0.037 823.0 
-0.043 824.0 
-0.046 825.0 
-0.036 826.0 
-0.035 827.0 
-0.032 828.0 
-0.019 829.0 
