-0.025 257.0 
-0.028 258.0 
-0.031 259.0 
-0.032 260.0 
-0.03 261.0 
-0.043 262.0 
-0.013 263.0 
-0.022 264.0 
-0.034 265.0 
-0.01 266.0 
-0.018 267.0 
-0.024 268.0 
-0.026 269.0 
-0.026 270.0 
-0.022 271.0 
-0.037 272.0 
-0.049 273.0 
-0.043 274.0 
138.602 275.0 
135.67 276.0 
134.689 277.0 
133.358 278.0 
131.945 279.0 
130.228 280.0 
128.581 281.0 
126.514 282.0 
123.395 283.0 
121.561 284.0 
121.176 285.0 
120.919 286.0 
120.744 287.0 
120.51 288.0 
120.3 289.0 
120.16 290.0 
119.588 291.0 
119.401 292.0 
119.249 293.0 
119.167 294.0 
118.723 295.0 
118.606 296.0 
118.548 297.0 
118.069 298.0 
117.917 299.0 
117.847 300.0 
117.357 301.0 
117.263 302.0 
116.808 303.0 
116.679 304.0 
116.563 305.0 
115.932 306.0 
114.822 307.0 
112.895 308.0 
110.594 309.0 
107.639 310.0 
104.626 311.0 
100.982 312.0 
97.513 313.0 
93.565 314.0 
89.758 315.0 
85.787 316.0 
82.224 317.0 
79.515 318.0 
79.351 319.0 
79.141 320.0 
78.113 321.0 
79.048 322.0 
78.872 323.0 
78.931 324.0 
78.884 325.0 
78.919 326.0 
78.896 327.0 
78.779 328.0 
78.989 329.0 
78.896 330.0 
78.791 331.0 
78.907 332.0 
78.931 333.0 
78.802 334.0 
78.907 335.0 
78.896 336.0 
78.884 337.0 
78.791 338.0 
78.931 339.0 
78.849 340.0 
78.861 341.0 
78.826 342.0 
78.966 343.0 
78.849 344.0 
78.849 345.0 
78.826 346.0 
78.779 347.0 
78.954 348.0 
78.849 349.0 
78.849 350.0 
78.779 351.0 
78.826 352.0 
78.826 353.0 
78.721 354.0 
78.896 355.0 
78.872 356.0 
78.907 357.0 
78.837 358.0 
78.896 359.0 
78.861 360.0 
78.884 361.0 
78.826 362.0 
78.861 363.0 
78.767 364.0 
78.802 365.0 
78.814 366.0 
78.872 367.0 
78.779 368.0 
78.791 369.0 
78.802 370.0 
78.849 371.0 
78.861 372.0 
78.861 373.0 
78.907 374.0 
78.907 375.0 
78.907 376.0 
78.604 377.0 
78.826 378.0 
78.814 379.0 
78.826 380.0 
78.837 381.0 
78.942 382.0 
78.826 383.0 
78.814 384.0 
78.767 385.0 
78.907 386.0 
78.802 387.0 
78.756 388.0 
78.837 389.0 
78.837 390.0 
78.849 391.0 
78.802 392.0 
78.872 393.0 
78.732 394.0 
78.837 395.0 
78.896 396.0 
78.756 397.0 
78.826 398.0 
78.744 399.0 
78.779 400.0 
78.896 401.0 
78.849 402.0 
78.884 403.0 
78.849 404.0 
78.802 405.0 
78.756 406.0 
78.837 407.0 
78.814 408.0 
78.791 409.0 
78.732 410.0 
78.826 411.0 
78.884 412.0 
78.919 413.0 
78.861 414.0 
78.802 415.0 
78.837 416.0 
78.779 417.0 
78.978 418.0 
78.837 419.0 
78.791 420.0 
78.837 421.0 
78.861 422.0 
78.919 423.0 
78.802 424.0 
78.802 425.0 
78.849 426.0 
78.849 427.0 
78.814 428.0 
78.767 429.0 
78.826 430.0 
78.826 431.0 
78.872 432.0 
78.884 433.0 
78.779 434.0 
78.779 435.0 
78.826 436.0 
78.919 437.0 
78.767 438.0 
78.791 439.0 
78.814 440.0 
78.791 441.0 
78.779 442.0 
78.791 443.0 
78.791 444.0 
78.779 445.0 
78.756 446.0 
78.907 447.0 
78.849 448.0 
78.872 449.0 
78.814 450.0 
78.756 451.0 
78.779 452.0 
78.732 453.0 
78.732 454.0 
78.849 455.0 
78.814 456.0 
78.791 457.0 
78.709 458.0 
78.861 459.0 
78.884 460.0 
78.779 461.0 
78.791 462.0 
78.884 463.0 
78.849 464.0 
78.861 465.0 
78.861 466.0 
78.814 467.0 
78.767 468.0 
78.837 469.0 
78.767 470.0 
78.849 471.0 
78.814 472.0 
78.907 473.0 
78.814 474.0 
78.884 475.0 
78.791 476.0 
78.721 477.0 
78.791 478.0 
78.721 479.0 
78.837 480.0 
78.884 481.0 
78.791 482.0 
78.861 483.0 
78.767 484.0 
78.849 485.0 
78.732 486.0 
78.791 487.0 
78.884 488.0 
78.814 489.0 
78.791 490.0 
78.837 491.0 
78.849 492.0 
78.802 493.0 
78.814 494.0 
78.767 495.0 
78.674 496.0 
78.814 497.0 
78.861 498.0 
78.767 499.0 
78.697 500.0 
78.826 501.0 
78.849 502.0 
78.697 503.0 
78.732 504.0 
78.756 505.0 
78.791 506.0 
78.896 507.0 
78.849 508.0 
78.709 509.0 
78.697 510.0 
78.744 511.0 
78.779 512.0 
78.791 513.0 
78.814 514.0 
78.837 515.0 
78.814 516.0 
78.837 517.0 
78.615 518.0 
78.615 519.0 
78.697 520.0 
78.697 521.0 
78.709 522.0 
78.697 523.0 
78.721 524.0 
78.686 525.0 
78.674 526.0 
78.686 527.0 
78.604 528.0 
78.639 529.0 
78.545 530.0 
78.545 531.0 
78.709 532.0 
78.697 533.0 
78.627 534.0 
78.639 535.0 
78.604 536.0 
78.557 537.0 
78.522 538.0 
78.475 539.0 
78.44 540.0 
78.51 541.0 
78.534 542.0 
78.429 543.0 
78.37 544.0 
78.347 545.0 
78.335 546.0 
78.429 547.0 
78.37 548.0 
78.288 549.0 
78.253 550.0 
78.218 551.0 
78.3 552.0 
78.3 553.0 
78.207 554.0 
78.218 555.0 
78.312 556.0 
78.265 557.0 
78.218 558.0 
77.891 559.0 
78.265 560.0 
78.23 561.0 
78.183 562.0 
78.312 563.0 
78.253 564.0 
78.183 565.0 
78.288 566.0 
78.253 567.0 
78.183 568.0 
78.288 569.0 
78.195 570.0 
78.312 571.0 
78.242 572.0 
78.195 573.0 
78.23 574.0 
78.207 575.0 
78.288 576.0 
78.218 577.0 
78.218 578.0 
78.323 579.0 
78.265 580.0 
78.335 581.0 
78.277 582.0 
78.288 583.0 
78.265 584.0 
78.394 585.0 
78.3 586.0 
78.253 587.0 
78.335 588.0 
78.207 589.0 
78.288 590.0 
78.218 591.0 
78.253 592.0 
78.253 593.0 
78.265 594.0 
78.242 595.0 
78.3 596.0 
78.23 597.0 
78.3 598.0 
78.207 599.0 
78.253 600.0 
78.359 601.0 
78.277 602.0 
78.37 603.0 
78.253 604.0 
78.335 605.0 
78.23 606.0 
78.312 607.0 
78.195 608.0 
78.242 609.0 
78.335 610.0 
78.242 611.0 
78.323 612.0 
78.207 613.0 
78.312 614.0 
78.172 615.0 
78.277 616.0 
78.335 617.0 
78.207 618.0 
78.335 619.0 
77.938 620.0 
78.288 621.0 
78.3 622.0 
78.183 623.0 
78.253 624.0 
78.335 625.0 
78.207 626.0 
78.3 627.0 
78.347 628.0 
78.218 629.0 
78.265 630.0 
78.359 631.0 
78.172 632.0 
78.312 633.0 
78.335 634.0 
78.277 635.0 
78.288 636.0 
78.335 637.0 
78.23 638.0 
78.3 639.0 
78.359 640.0 
78.23 641.0 
78.277 642.0 
78.3 643.0 
78.172 644.0 
78.277 645.0 
78.277 646.0 
78.37 647.0 
78.195 648.0 
78.242 649.0 
78.312 650.0 
78.172 651.0 
78.242 652.0 
78.242 653.0 
78.359 654.0 
78.207 655.0 
78.207 656.0 
78.195 657.0 
78.312 658.0 
78.218 659.0 
78.277 660.0 
78.335 661.0 
78.37 662.0 
78.195 663.0 
78.265 664.0 
78.3 665.0 
78.37 666.0 
78.242 667.0 
78.265 668.0 
78.3 669.0 
78.3 670.0 
78.172 671.0 
78.218 672.0 
78.253 673.0 
78.288 674.0 
78.347 675.0 
78.23 676.0 
78.218 677.0 
78.253 678.0 
78.3 679.0 
78.359 680.0 
78.195 681.0 
78.23 682.0 
78.253 683.0 
78.3 684.0 
78.335 685.0 
78.359 686.0 
78.195 687.0 
78.265 688.0 
78.265 689.0 
78.3 690.0 
78.335 691.0 
78.37 692.0 
78.183 693.0 
78.23 694.0 
78.3 695.0 
78.288 696.0 
78.3 697.0 
78.3 698.0 
78.078 699.0 
78.195 700.0 
78.242 701.0 
78.242 702.0 
78.265 703.0 
78.288 704.0 
78.347 705.0 
78.335 706.0 
78.16 707.0 
78.23 708.0 
78.207 709.0 
78.253 710.0 
78.265 711.0 
78.288 712.0 
78.312 713.0 
78.347 714.0 
78.323 715.0 
78.16 716.0 
78.195 717.0 
78.23 718.0 
78.253 719.0 
78.265 720.0 
78.3 721.0 
78.3 722.0 
78.3 723.0 
78.335 724.0 
78.347 725.0 
78.195 726.0 
78.195 727.0 
78.218 728.0 
78.218 729.0 
78.23 730.0 
78.265 731.0 
78.265 732.0 
78.3 733.0 
78.277 734.0 
78.3 735.0 
78.323 736.0 
78.335 737.0 
78.335 738.0 
77.833 739.0 
78.183 740.0 
78.172 741.0 
78.218 742.0 
78.16 743.0 
78.195 744.0 
78.195 745.0 
78.218 746.0 
78.23 747.0 
78.195 748.0 
78.23 749.0 
78.183 750.0 
78.23 751.0 
78.253 752.0 
78.242 753.0 
78.23 754.0 
78.253 755.0 
78.23 756.0 
78.242 757.0 
78.277 758.0 
78.253 759.0 
78.3 760.0 
78.265 761.0 
78.288 762.0 
78.253 763.0 
78.288 764.0 
78.242 765.0 
78.312 766.0 
78.312 767.0 
78.265 768.0 
78.277 769.0 
78.265 770.0 
78.253 771.0 
78.312 772.0 
78.277 773.0 
78.277 774.0 
78.265 775.0 
78.265 776.0 
78.3 777.0 
78.277 778.0 
78.3 779.0 
78.265 780.0 
78.277 781.0 
78.3 782.0 
78.265 783.0 
78.277 784.0 
78.253 785.0 
78.265 786.0 
78.323 787.0 
78.277 788.0 
78.288 789.0 
78.288 790.0 
78.253 791.0 
78.277 792.0 
78.288 793.0 
78.253 794.0 
78.265 795.0 
78.253 796.0 
78.242 797.0 
78.23 798.0 
78.253 799.0 
78.3 800.0 
78.242 801.0 
78.277 802.0 
78.277 803.0 
78.265 804.0 
0.002 805.0 
0.006 806.0 
0.006 807.0 
0.001 808.0 
0.004 809.0 
0.004 810.0 
-0.005 811.0 
-0.012 812.0 
-0.013 813.0 
-0.016 814.0 
-0.025 815.0 
-0.017 816.0 
-0.023 817.0 
-0.022 818.0 
-0.026 819.0 
-0.022 820.0 
-0.031 821.0 
-0.031 822.0 
-0.03 823.0 
-0.038 824.0 
-0.046 825.0 
-0.035 826.0 
-0.032 827.0 
-0.029 828.0 
-0.04 829.0 
