-0.049 257.0 
-0.029 258.0 
0.001 259.0 
-0.017 260.0 
-0.025 261.0 
-0.049 262.0 
-0.047 263.0 
-0.049 264.0 
-0.025 265.0 
-0.052 266.0 
-0.052 267.0 
-0.024 268.0 
-0.054 269.0 
-0.06 270.0 
-0.061 271.0 
-0.038 272.0 
-0.056 273.0 
-0.024 274.0 
141.569 275.0 
138.882 276.0 
138.193 277.0 
137.27 278.0 
135.951 279.0 
134.292 280.0 
132.587 281.0 
129.889 282.0 
127.133 283.0 
125.579 284.0 
125.252 285.0 
124.96 286.0 
124.902 287.0 
124.692 288.0 
124.481 289.0 
123.886 290.0 
123.792 291.0 
123.652 292.0 
123.477 293.0 
123.22 294.0 
122.916 295.0 
122.834 296.0 
122.764 297.0 
122.332 298.0 
122.145 299.0 
121.923 300.0 
121.585 301.0 
121.468 302.0 
120.861 303.0 
120.732 304.0 
120.545 305.0 
119.588 306.0 
117.836 307.0 
115.068 308.0 
112.405 309.0 
108.831 310.0 
105.397 311.0 
101.472 312.0 
97.607 313.0 
93.752 314.0 
89.734 315.0 
85.915 316.0 
82.54 317.0 
79.818 318.0 
79.643 319.0 
79.41 320.0 
79.176 321.0 
79.153 322.0 
79.013 323.0 
79.071 324.0 
78.978 325.0 
78.896 326.0 
78.989 327.0 
78.872 328.0 
78.861 329.0 
79.024 330.0 
78.919 331.0 
78.931 332.0 
79.024 333.0 
78.931 334.0 
78.872 335.0 
78.989 336.0 
78.989 337.0 
78.884 338.0 
79.048 339.0 
78.954 340.0 
78.931 341.0 
78.919 342.0 
79.001 343.0 
78.942 344.0 
78.896 345.0 
78.861 346.0 
78.849 347.0 
78.849 348.0 
78.966 349.0 
78.966 350.0 
78.931 351.0 
78.989 352.0 
78.919 353.0 
78.826 354.0 
78.884 355.0 
78.966 356.0 
78.954 357.0 
78.919 358.0 
79.013 359.0 
78.942 360.0 
78.978 361.0 
78.872 362.0 
78.919 363.0 
78.826 364.0 
78.872 365.0 
78.907 366.0 
78.907 367.0 
78.872 368.0 
78.907 369.0 
78.896 370.0 
78.978 371.0 
78.896 372.0 
78.966 373.0 
78.978 374.0 
79.013 375.0 
78.942 376.0 
78.872 377.0 
78.942 378.0 
78.896 379.0 
78.884 380.0 
78.896 381.0 
78.954 382.0 
78.907 383.0 
78.872 384.0 
78.907 385.0 
79.001 386.0 
78.814 387.0 
78.849 388.0 
78.919 389.0 
78.931 390.0 
78.931 391.0 
78.872 392.0 
78.978 393.0 
78.849 394.0 
78.931 395.0 
79.024 396.0 
78.861 397.0 
78.954 398.0 
78.837 399.0 
78.861 400.0 
78.989 401.0 
78.931 402.0 
79.024 403.0 
78.942 404.0 
78.896 405.0 
78.861 406.0 
78.907 407.0 
78.896 408.0 
78.907 409.0 
78.837 410.0 
78.884 411.0 
78.966 412.0 
79.223 413.0 
78.989 414.0 
78.884 415.0 
78.931 416.0 
78.861 417.0 
78.919 418.0 
78.954 419.0 
78.849 420.0 
78.884 421.0 
78.919 422.0 
79.001 423.0 
78.872 424.0 
78.919 425.0 
78.919 426.0 
78.978 427.0 
78.861 428.0 
78.884 429.0 
78.896 430.0 
78.919 431.0 
78.954 432.0 
78.954 433.0 
78.837 434.0 
78.884 435.0 
78.849 436.0 
78.919 437.0 
78.872 438.0 
78.826 439.0 
78.837 440.0 
78.861 441.0 
78.861 442.0 
78.907 443.0 
78.849 444.0 
78.884 445.0 
78.837 446.0 
78.978 447.0 
78.919 448.0 
79.199 449.0 
79.013 450.0 
78.896 451.0 
78.896 452.0 
78.861 453.0 
78.826 454.0 
78.954 455.0 
78.674 456.0 
78.884 457.0 
78.849 458.0 
78.966 459.0 
78.954 460.0 
78.896 461.0 
78.884 462.0 
78.966 463.0 
78.931 464.0 
78.907 465.0 
78.954 466.0 
78.931 467.0 
78.814 468.0 
78.931 469.0 
78.919 470.0 
78.837 471.0 
78.907 472.0 
78.802 473.0 
78.861 474.0 
78.989 475.0 
78.896 476.0 
78.826 477.0 
78.907 478.0 
78.802 479.0 
78.919 480.0 
78.942 481.0 
78.884 482.0 
78.966 483.0 
78.849 484.0 
78.931 485.0 
78.849 486.0 
78.896 487.0 
78.942 488.0 
78.837 489.0 
78.861 490.0 
78.942 491.0 
78.884 492.0 
78.896 493.0 
78.954 494.0 
78.814 495.0 
78.849 496.0 
78.896 497.0 
78.931 498.0 
78.837 499.0 
78.872 500.0 
78.884 501.0 
78.966 502.0 
78.791 503.0 
78.802 504.0 
78.837 505.0 
78.861 506.0 
78.802 507.0 
78.861 508.0 
78.721 509.0 
78.837 510.0 
78.849 511.0 
78.861 512.0 
78.861 513.0 
78.896 514.0 
78.919 515.0 
78.814 516.0 
79.281 517.0 
78.756 518.0 
78.802 519.0 
78.802 520.0 
78.791 521.0 
78.779 522.0 
78.767 523.0 
78.779 524.0 
78.767 525.0 
78.756 526.0 
78.709 527.0 
78.756 528.0 
78.697 529.0 
78.732 530.0 
78.674 531.0 
78.814 532.0 
79.234 533.0 
78.721 534.0 
78.791 535.0 
78.709 536.0 
78.686 537.0 
78.604 538.0 
78.545 539.0 
78.51 540.0 
78.627 541.0 
78.557 542.0 
78.534 543.0 
78.522 544.0 
78.452 545.0 
78.417 546.0 
78.51 547.0 
78.475 548.0 
78.452 549.0 
78.394 550.0 
78.359 551.0 
78.452 552.0 
78.429 553.0 
78.347 554.0 
78.347 555.0 
78.475 556.0 
78.417 557.0 
78.37 558.0 
78.172 559.0 
78.417 560.0 
78.359 561.0 
78.3 562.0 
78.452 563.0 
78.335 564.0 
78.277 565.0 
78.405 566.0 
78.394 567.0 
78.3 568.0 
78.323 569.0 
78.347 570.0 
78.44 571.0 
78.405 572.0 
78.335 573.0 
78.44 574.0 
78.359 575.0 
78.896 576.0 
78.394 577.0 
78.37 578.0 
78.464 579.0 
78.405 580.0 
78.475 581.0 
78.394 582.0 
78.464 583.0 
78.429 584.0 
78.16 585.0 
78.417 586.0 
78.37 587.0 
78.429 588.0 
78.323 589.0 
78.464 590.0 
78.37 591.0 
78.452 592.0 
78.382 593.0 
78.417 594.0 
78.394 595.0 
78.44 596.0 
78.359 597.0 
78.382 598.0 
78.347 599.0 
78.417 600.0 
78.487 601.0 
78.382 602.0 
78.51 603.0 
78.394 604.0 
78.464 605.0 
78.382 606.0 
78.452 607.0 
78.347 608.0 
78.394 609.0 
78.51 610.0 
78.394 611.0 
78.487 612.0 
78.394 613.0 
78.37 614.0 
78.347 615.0 
78.359 616.0 
78.475 617.0 
78.37 618.0 
78.464 619.0 
78.242 620.0 
78.347 621.0 
78.464 622.0 
78.359 623.0 
78.429 624.0 
78.464 625.0 
78.347 626.0 
78.429 627.0 
78.475 628.0 
78.394 629.0 
78.44 630.0 
78.534 631.0 
78.382 632.0 
78.44 633.0 
78.639 634.0 
78.382 635.0 
78.429 636.0 
78.475 637.0 
78.382 638.0 
78.382 639.0 
78.44 640.0 
78.335 641.0 
78.37 642.0 
78.429 643.0 
78.323 644.0 
78.312 645.0 
78.394 646.0 
78.464 647.0 
78.347 648.0 
78.405 649.0 
78.464 650.0 
78.323 651.0 
78.359 652.0 
78.429 653.0 
78.487 654.0 
78.3 655.0 
78.37 656.0 
78.417 657.0 
78.464 658.0 
78.37 659.0 
78.405 660.0 
78.429 661.0 
78.44 662.0 
78.37 663.0 
78.405 664.0 
78.475 665.0 
78.51 666.0 
78.323 667.0 
78.359 668.0 
78.429 669.0 
78.499 670.0 
78.347 671.0 
78.359 672.0 
78.429 673.0 
78.405 674.0 
78.51 675.0 
78.347 676.0 
78.382 677.0 
78.44 678.0 
78.464 679.0 
78.452 680.0 
78.3 681.0 
78.37 682.0 
78.405 683.0 
78.452 684.0 
78.452 685.0 
78.499 686.0 
78.312 687.0 
78.37 688.0 
78.405 689.0 
78.417 690.0 
78.475 691.0 
78.475 692.0 
78.347 693.0 
78.359 694.0 
78.405 695.0 
78.44 696.0 
78.429 697.0 
78.487 698.0 
78.288 699.0 
78.347 700.0 
78.359 701.0 
78.382 702.0 
78.44 703.0 
78.44 704.0 
78.429 705.0 
78.464 706.0 
78.359 707.0 
78.335 708.0 
78.359 709.0 
78.335 710.0 
78.429 711.0 
78.452 712.0 
78.475 713.0 
78.487 714.0 
78.3 715.0 
78.323 716.0 
78.347 717.0 
78.394 718.0 
78.382 719.0 
78.405 720.0 
78.417 721.0 
78.394 722.0 
78.417 723.0 
78.44 724.0 
78.499 725.0 
78.23 726.0 
78.347 727.0 
78.312 728.0 
78.37 729.0 
78.382 730.0 
78.394 731.0 
78.405 732.0 
78.452 733.0 
78.452 734.0 
78.452 735.0 
78.475 736.0 
78.487 737.0 
78.499 738.0 
78.335 739.0 
78.3 740.0 
78.3 741.0 
78.323 742.0 
78.288 743.0 
78.335 744.0 
78.335 745.0 
78.347 746.0 
78.323 747.0 
78.37 748.0 
78.347 749.0 
78.382 750.0 
78.394 751.0 
78.37 752.0 
78.347 753.0 
78.405 754.0 
78.405 755.0 
78.417 756.0 
78.405 757.0 
78.429 758.0 
78.429 759.0 
78.429 760.0 
78.417 761.0 
78.405 762.0 
78.394 763.0 
78.452 764.0 
78.429 765.0 
78.417 766.0 
78.405 767.0 
78.405 768.0 
78.429 769.0 
78.417 770.0 
78.44 771.0 
78.429 772.0 
78.452 773.0 
78.382 774.0 
78.44 775.0 
78.44 776.0 
78.417 777.0 
78.44 778.0 
78.405 779.0 
78.429 780.0 
78.382 781.0 
78.405 782.0 
78.417 783.0 
78.429 784.0 
78.417 785.0 
78.394 786.0 
78.405 787.0 
78.417 788.0 
78.394 789.0 
78.429 790.0 
78.417 791.0 
78.405 792.0 
78.429 793.0 
78.452 794.0 
78.44 795.0 
78.44 796.0 
78.405 797.0 
78.405 798.0 
78.452 799.0 
78.405 800.0 
78.405 801.0 
78.382 802.0 
78.417 803.0 
78.405 804.0 
-0.004 805.0 
-0.004 806.0 
-0.002 807.0 
0.001 808.0 
-0.004 809.0 
-0.004 810.0 
0.001 811.0 
0.0 812.0 
-0.001 813.0 
0.001 814.0 
0.0 815.0 
-0.004 816.0 
-0.004 817.0 
-0.005 818.0 
-0.004 819.0 
-0.005 820.0 
-0.01 821.0 
-0.012 822.0 
-0.013 823.0 
-0.018 824.0 
-0.02 825.0 
-0.017 826.0 
-0.02 827.0 
-0.02 828.0 
-0.022 829.0 
