-0.043 257.0 
-0.054 258.0 
-0.049 259.0 
-0.05 260.0 
-0.041 261.0 
-0.054 262.0 
-0.032 263.0 
-0.044 264.0 
-0.011 265.0 
-0.044 266.0 
-0.034 267.0 
-0.054 268.0 
-0.066 269.0 
-0.04 270.0 
-0.049 271.0 
-0.053 272.0 
-0.05 273.0 
-0.05 274.0 
142.713 275.0 
139.992 276.0 
138.649 277.0 
137.212 278.0 
135.519 279.0 
133.416 280.0 
131.606 281.0 
128.721 282.0 
126.222 283.0 
124.797 284.0 
124.47 285.0 
124.224 286.0 
124.073 287.0 
123.827 288.0 
123.582 289.0 
123.021 290.0 
122.998 291.0 
122.799 292.0 
122.648 293.0 
122.344 294.0 
122.134 295.0 
122.04 296.0 
122.04 297.0 
121.515 298.0 
121.375 299.0 
121.083 300.0 
120.814 301.0 
120.744 302.0 
120.3 303.0 
120.253 304.0 
120.031 305.0 
119.576 306.0 
118.408 307.0 
116.294 308.0 
113.935 309.0 
110.758 310.0 
107.593 311.0 
103.797 312.0 
100.083 313.0 
96.158 314.0 
92.129 315.0 
88.134 316.0 
84.257 317.0 
81.5 318.0 
81.36 319.0 
81.173 320.0 
81.033 321.0 
81.021 322.0 
80.905 323.0 
80.975 324.0 
80.94 325.0 
80.823 326.0 
80.94 327.0 
80.823 328.0 
80.858 329.0 
80.951 330.0 
80.893 331.0 
80.905 332.0 
80.963 333.0 
80.87 334.0 
80.811 335.0 
80.951 336.0 
80.94 337.0 
80.858 338.0 
80.881 339.0 
80.893 340.0 
80.87 341.0 
80.835 342.0 
80.975 343.0 
80.905 344.0 
80.881 345.0 
80.835 346.0 
80.776 347.0 
80.835 348.0 
80.928 349.0 
80.881 350.0 
80.823 351.0 
80.881 352.0 
80.835 353.0 
80.765 354.0 
80.811 355.0 
80.881 356.0 
80.928 357.0 
80.87 358.0 
80.916 359.0 
80.893 360.0 
80.928 361.0 
80.858 362.0 
80.87 363.0 
80.8 364.0 
80.835 365.0 
80.905 366.0 
80.858 367.0 
80.811 368.0 
80.846 369.0 
80.87 370.0 
80.881 371.0 
80.87 372.0 
80.928 373.0 
80.928 374.0 
80.963 375.0 
80.975 376.0 
80.788 377.0 
80.87 378.0 
80.823 379.0 
80.87 380.0 
80.87 381.0 
80.928 382.0 
80.846 383.0 
80.87 384.0 
80.846 385.0 
80.928 386.0 
80.811 387.0 
80.765 388.0 
80.905 389.0 
80.893 390.0 
80.846 391.0 
80.823 392.0 
80.87 393.0 
80.765 394.0 
80.846 395.0 
80.928 396.0 
80.788 397.0 
80.881 398.0 
80.706 399.0 
80.8 400.0 
80.94 401.0 
80.835 402.0 
80.963 403.0 
80.905 404.0 
80.835 405.0 
80.8 406.0 
80.881 407.0 
80.788 408.0 
80.835 409.0 
80.776 410.0 
80.823 411.0 
80.905 412.0 
81.208 413.0 
80.87 414.0 
80.811 415.0 
80.881 416.0 
80.788 417.0 
80.881 418.0 
80.87 419.0 
80.8 420.0 
80.858 421.0 
80.858 422.0 
80.928 423.0 
80.823 424.0 
80.858 425.0 
80.893 426.0 
80.893 427.0 
80.8 428.0 
80.811 429.0 
80.846 430.0 
80.87 431.0 
80.893 432.0 
80.916 433.0 
80.753 434.0 
80.788 435.0 
80.811 436.0 
80.835 437.0 
80.788 438.0 
80.729 439.0 
80.823 440.0 
80.8 441.0 
80.811 442.0 
80.846 443.0 
80.811 444.0 
80.811 445.0 
80.8 446.0 
80.87 447.0 
80.846 448.0 
80.858 449.0 
81.185 450.0 
80.811 451.0 
80.8 452.0 
80.788 453.0 
80.753 454.0 
80.858 455.0 
80.648 456.0 
80.811 457.0 
80.8 458.0 
80.905 459.0 
80.916 460.0 
80.87 461.0 
80.8 462.0 
80.928 463.0 
80.823 464.0 
80.835 465.0 
80.928 466.0 
80.846 467.0 
80.753 468.0 
80.858 469.0 
80.811 470.0 
80.776 471.0 
80.823 472.0 
80.659 473.0 
80.811 474.0 
80.893 475.0 
80.8 476.0 
80.718 477.0 
80.811 478.0 
80.753 479.0 
80.811 480.0 
80.893 481.0 
80.823 482.0 
80.905 483.0 
80.811 484.0 
80.858 485.0 
80.776 486.0 
80.8 487.0 
80.835 488.0 
80.776 489.0 
80.788 490.0 
80.835 491.0 
80.776 492.0 
80.811 493.0 
80.858 494.0 
80.765 495.0 
80.765 496.0 
80.823 497.0 
80.87 498.0 
80.741 499.0 
80.788 500.0 
80.835 501.0 
80.858 502.0 
80.718 503.0 
80.729 504.0 
80.765 505.0 
80.811 506.0 
80.753 507.0 
80.8 508.0 
80.706 509.0 
80.729 510.0 
80.706 511.0 
80.776 512.0 
80.823 513.0 
80.788 514.0 
80.823 515.0 
80.706 516.0 
81.08 517.0 
80.671 518.0 
80.671 519.0 
80.706 520.0 
80.694 521.0 
80.671 522.0 
80.741 523.0 
80.741 524.0 
80.718 525.0 
80.694 526.0 
80.694 527.0 
80.648 528.0 
80.624 529.0 
80.601 530.0 
80.636 531.0 
80.776 532.0 
81.115 533.0 
80.706 534.0 
80.694 535.0 
80.659 536.0 
80.613 537.0 
80.578 538.0 
80.566 539.0 
80.531 540.0 
80.671 541.0 
80.554 542.0 
80.543 543.0 
80.519 544.0 
80.461 545.0 
80.449 546.0 
80.566 547.0 
80.496 548.0 
80.414 549.0 
80.402 550.0 
80.379 551.0 
80.484 552.0 
80.426 553.0 
80.391 554.0 
80.379 555.0 
80.461 556.0 
80.426 557.0 
80.391 558.0 
80.11 559.0 
80.449 560.0 
80.391 561.0 
80.367 562.0 
80.496 563.0 
80.391 564.0 
80.367 565.0 
80.473 566.0 
80.414 567.0 
80.309 568.0 
80.356 569.0 
80.356 570.0 
80.484 571.0 
80.402 572.0 
80.309 573.0 
80.426 574.0 
80.367 575.0 
80.835 576.0 
80.379 577.0 
80.391 578.0 
80.519 579.0 
80.414 580.0 
80.531 581.0 
80.437 582.0 
80.496 583.0 
80.461 584.0 
80.239 585.0 
80.449 586.0 
80.379 587.0 
80.461 588.0 
80.379 589.0 
80.461 590.0 
80.391 591.0 
80.496 592.0 
80.391 593.0 
80.437 594.0 
80.379 595.0 
80.414 596.0 
80.367 597.0 
80.414 598.0 
80.402 599.0 
80.437 600.0 
80.531 601.0 
80.437 602.0 
80.531 603.0 
80.402 604.0 
80.508 605.0 
80.391 606.0 
80.437 607.0 
80.367 608.0 
80.449 609.0 
80.496 610.0 
80.437 611.0 
80.496 612.0 
80.391 613.0 
80.449 614.0 
80.367 615.0 
80.367 616.0 
80.496 617.0 
80.297 618.0 
80.437 619.0 
80.216 620.0 
80.437 621.0 
80.508 622.0 
80.356 623.0 
80.473 624.0 
80.519 625.0 
80.367 626.0 
80.484 627.0 
80.508 628.0 
80.402 629.0 
80.437 630.0 
80.519 631.0 
80.344 632.0 
80.473 633.0 
80.741 634.0 
80.391 635.0 
80.437 636.0 
80.508 637.0 
80.391 638.0 
80.473 639.0 
80.484 640.0 
80.391 641.0 
80.426 642.0 
80.496 643.0 
80.356 644.0 
80.391 645.0 
80.473 646.0 
80.496 647.0 
80.367 648.0 
80.391 649.0 
80.508 650.0 
80.309 651.0 
80.344 652.0 
80.437 653.0 
80.484 654.0 
80.332 655.0 
80.379 656.0 
80.426 657.0 
80.508 658.0 
80.379 659.0 
80.461 660.0 
80.484 661.0 
80.566 662.0 
80.356 663.0 
80.449 664.0 
80.508 665.0 
80.519 666.0 
80.391 667.0 
80.402 668.0 
80.437 669.0 
80.508 670.0 
80.356 671.0 
80.367 672.0 
80.437 673.0 
80.449 674.0 
80.484 675.0 
80.344 676.0 
80.379 677.0 
80.449 678.0 
80.449 679.0 
80.543 680.0 
80.367 681.0 
80.367 682.0 
80.414 683.0 
80.461 684.0 
80.519 685.0 
80.531 686.0 
80.367 687.0 
80.367 688.0 
80.449 689.0 
80.449 690.0 
80.496 691.0 
80.473 692.0 
80.332 693.0 
80.391 694.0 
80.426 695.0 
80.437 696.0 
80.414 697.0 
80.484 698.0 
80.274 699.0 
80.332 700.0 
80.414 701.0 
80.414 702.0 
80.449 703.0 
80.461 704.0 
80.473 705.0 
80.519 706.0 
80.356 707.0 
80.391 708.0 
80.402 709.0 
80.402 710.0 
80.426 711.0 
80.437 712.0 
80.484 713.0 
80.496 714.0 
80.239 715.0 
80.344 716.0 
80.332 717.0 
80.391 718.0 
80.402 719.0 
80.426 720.0 
80.414 721.0 
80.461 722.0 
80.484 723.0 
80.484 724.0 
80.519 725.0 
80.356 726.0 
80.367 727.0 
80.344 728.0 
80.367 729.0 
80.391 730.0 
80.391 731.0 
80.437 732.0 
80.449 733.0 
80.473 734.0 
80.461 735.0 
80.437 736.0 
80.508 737.0 
80.508 738.0 
80.274 739.0 
80.332 740.0 
80.356 741.0 
80.321 742.0 
80.344 743.0 
80.367 744.0 
80.379 745.0 
80.344 746.0 
80.379 747.0 
80.356 748.0 
80.391 749.0 
80.379 750.0 
80.391 751.0 
80.391 752.0 
80.391 753.0 
80.391 754.0 
80.379 755.0 
80.426 756.0 
80.414 757.0 
80.414 758.0 
80.449 759.0 
80.484 760.0 
80.426 761.0 
80.414 762.0 
80.473 763.0 
80.449 764.0 
80.473 765.0 
80.473 766.0 
80.437 767.0 
80.414 768.0 
80.414 769.0 
80.437 770.0 
80.461 771.0 
80.461 772.0 
80.414 773.0 
80.437 774.0 
80.473 775.0 
80.473 776.0 
80.437 777.0 
80.437 778.0 
80.449 779.0 
80.437 780.0 
80.449 781.0 
80.449 782.0 
80.461 783.0 
80.437 784.0 
80.449 785.0 
80.461 786.0 
80.461 787.0 
80.426 788.0 
80.437 789.0 
80.414 790.0 
80.449 791.0 
80.437 792.0 
80.484 793.0 
80.449 794.0 
80.437 795.0 
80.414 796.0 
80.461 797.0 
80.449 798.0 
80.461 799.0 
80.461 800.0 
80.414 801.0 
80.414 802.0 
80.449 803.0 
80.437 804.0 
0.004 805.0 
0.002 806.0 
-0.011 807.0 
-0.005 808.0 
-0.006 809.0 
-0.013 810.0 
-0.022 811.0 
-0.028 812.0 
-0.041 813.0 
-0.048 814.0 
-0.065 815.0 
-0.056 816.0 
-0.056 817.0 
-0.066 818.0 
-0.067 819.0 
-0.055 820.0 
-0.058 821.0 
-0.066 822.0 
-0.059 823.0 
-0.062 824.0 
-0.052 825.0 
-0.048 826.0 
-0.052 827.0 
-0.04 828.0 
-0.044 829.0 
