-0.037 257.0 
-0.023 258.0 
-0.054 259.0 
-0.048 260.0 
-0.036 261.0 
-0.037 262.0 
-0.041 263.0 
-0.018 264.0 
-0.036 265.0 
-0.061 266.0 
-0.038 267.0 
-0.013 268.0 
-0.019 269.0 
-0.044 270.0 
-0.044 271.0 
-0.028 272.0 
-0.05 273.0 
-0.04 274.0 
142.153 275.0 
138.789 276.0 
137.703 277.0 
136.173 278.0 
134.467 279.0 
132.47 280.0 
130.73 281.0 
128.359 282.0 
124.797 283.0 
123.395 284.0 
123.033 285.0 
122.694 286.0 
122.531 287.0 
122.344 288.0 
122.087 289.0 
121.433 290.0 
121.269 291.0 
121.047 292.0 
120.907 293.0 
120.685 294.0 
120.312 295.0 
120.23 296.0 
120.16 297.0 
119.704 298.0 
119.494 299.0 
119.424 300.0 
118.91 301.0 
118.875 302.0 
118.361 303.0 
118.314 304.0 
118.233 305.0 
117.625 306.0 
116.527 307.0 
114.519 308.0 
112.334 309.0 
109.006 310.0 
105.946 311.0 
102.162 312.0 
98.447 313.0 
94.313 314.0 
90.295 315.0 
86.242 316.0 
82.47 317.0 
79.935 318.0 
79.795 319.0 
79.526 320.0 
79.351 321.0 
79.363 322.0 
79.223 323.0 
79.281 324.0 
79.211 325.0 
79.118 326.0 
79.211 327.0 
79.164 328.0 
79.34 329.0 
79.246 330.0 
79.141 331.0 
79.421 332.0 
79.246 333.0 
79.164 334.0 
79.094 335.0 
79.258 336.0 
79.223 337.0 
79.106 338.0 
79.41 339.0 
79.141 340.0 
79.153 341.0 
79.176 342.0 
79.281 343.0 
79.223 344.0 
79.176 345.0 
79.153 346.0 
79.118 347.0 
79.129 348.0 
79.223 349.0 
79.188 350.0 
79.118 351.0 
79.188 352.0 
79.141 353.0 
79.094 354.0 
79.153 355.0 
79.176 356.0 
79.223 357.0 
79.141 358.0 
79.246 359.0 
79.211 360.0 
79.234 361.0 
79.141 362.0 
79.188 363.0 
79.118 364.0 
79.129 365.0 
79.188 366.0 
79.211 367.0 
79.141 368.0 
79.118 369.0 
79.164 370.0 
79.188 371.0 
79.164 372.0 
79.211 373.0 
79.234 374.0 
79.258 375.0 
79.386 376.0 
79.141 377.0 
79.129 378.0 
79.176 379.0 
79.188 380.0 
79.153 381.0 
79.293 382.0 
79.188 383.0 
79.164 384.0 
79.176 385.0 
79.223 386.0 
79.141 387.0 
79.118 388.0 
79.176 389.0 
79.176 390.0 
79.153 391.0 
79.188 392.0 
79.246 393.0 
79.083 394.0 
79.153 395.0 
79.258 396.0 
79.118 397.0 
79.223 398.0 
79.059 399.0 
79.118 400.0 
79.223 401.0 
79.164 402.0 
79.281 403.0 
79.211 404.0 
79.188 405.0 
79.059 406.0 
79.188 407.0 
79.141 408.0 
79.164 409.0 
79.106 410.0 
79.164 411.0 
79.176 412.0 
79.62 413.0 
79.234 414.0 
79.153 415.0 
79.188 416.0 
79.129 417.0 
79.199 418.0 
79.153 419.0 
79.118 420.0 
79.164 421.0 
79.176 422.0 
79.199 423.0 
79.129 424.0 
79.164 425.0 
79.176 426.0 
79.199 427.0 
79.094 428.0 
79.153 429.0 
79.129 430.0 
79.141 431.0 
79.199 432.0 
79.211 433.0 
79.094 434.0 
79.106 435.0 
79.153 436.0 
79.176 437.0 
79.071 438.0 
79.059 439.0 
79.129 440.0 
79.141 441.0 
79.153 442.0 
79.153 443.0 
79.118 444.0 
79.094 445.0 
79.094 446.0 
79.258 447.0 
79.211 448.0 
79.199 449.0 
79.48 450.0 
79.141 451.0 
79.118 452.0 
79.083 453.0 
79.083 454.0 
79.199 455.0 
79.001 456.0 
79.129 457.0 
79.083 458.0 
79.176 459.0 
79.234 460.0 
79.199 461.0 
79.141 462.0 
79.223 463.0 
79.164 464.0 
79.141 465.0 
79.199 466.0 
79.153 467.0 
79.129 468.0 
79.164 469.0 
79.094 470.0 
79.164 471.0 
79.129 472.0 
79.234 473.0 
79.153 474.0 
79.234 475.0 
79.164 476.0 
79.106 477.0 
79.153 478.0 
79.059 479.0 
79.153 480.0 
79.258 481.0 
79.176 482.0 
79.199 483.0 
79.129 484.0 
79.188 485.0 
79.083 486.0 
79.118 487.0 
79.234 488.0 
79.106 489.0 
79.188 490.0 
79.211 491.0 
79.153 492.0 
79.129 493.0 
79.176 494.0 
79.118 495.0 
79.083 496.0 
79.141 497.0 
79.199 498.0 
79.083 499.0 
79.118 500.0 
79.153 501.0 
79.188 502.0 
79.048 503.0 
79.083 504.0 
79.141 505.0 
79.129 506.0 
79.118 507.0 
79.258 508.0 
79.059 509.0 
79.083 510.0 
79.106 511.0 
79.118 512.0 
79.129 513.0 
79.141 514.0 
79.164 515.0 
79.176 516.0 
79.398 517.0 
78.919 518.0 
79.001 519.0 
79.013 520.0 
79.048 521.0 
79.048 522.0 
79.048 523.0 
79.048 524.0 
79.013 525.0 
79.001 526.0 
79.013 527.0 
78.966 528.0 
78.954 529.0 
78.966 530.0 
78.942 531.0 
79.071 532.0 
79.059 533.0 
79.001 534.0 
79.024 535.0 
78.942 536.0 
78.966 537.0 
78.884 538.0 
78.826 539.0 
78.802 540.0 
78.907 541.0 
78.849 542.0 
78.837 543.0 
78.791 544.0 
78.721 545.0 
78.662 546.0 
78.814 547.0 
78.779 548.0 
78.721 549.0 
78.686 550.0 
78.662 551.0 
78.732 552.0 
78.662 553.0 
78.615 554.0 
78.592 555.0 
78.697 556.0 
78.674 557.0 
78.615 558.0 
78.323 559.0 
78.674 560.0 
78.65 561.0 
78.58 562.0 
78.674 563.0 
78.615 564.0 
78.545 565.0 
78.709 566.0 
78.697 567.0 
78.58 568.0 
78.639 569.0 
78.592 570.0 
78.709 571.0 
78.639 572.0 
78.58 573.0 
78.65 574.0 
78.592 575.0 
78.697 576.0 
78.639 577.0 
78.662 578.0 
78.732 579.0 
78.65 580.0 
78.732 581.0 
78.662 582.0 
78.662 583.0 
78.721 584.0 
78.767 585.0 
78.697 586.0 
78.639 587.0 
78.686 588.0 
78.639 589.0 
78.709 590.0 
78.627 591.0 
78.697 592.0 
78.65 593.0 
78.709 594.0 
78.604 595.0 
78.709 596.0 
78.615 597.0 
78.697 598.0 
78.604 599.0 
78.697 600.0 
78.732 601.0 
78.686 602.0 
78.767 603.0 
78.639 604.0 
78.744 605.0 
78.639 606.0 
78.709 607.0 
78.604 608.0 
78.674 609.0 
78.744 610.0 
78.65 611.0 
78.721 612.0 
78.639 613.0 
78.709 614.0 
78.604 615.0 
78.674 616.0 
78.721 617.0 
78.615 618.0 
78.697 619.0 
78.382 620.0 
78.662 621.0 
78.709 622.0 
78.627 623.0 
78.65 624.0 
78.756 625.0 
78.592 626.0 
78.697 627.0 
78.744 628.0 
78.65 629.0 
78.65 630.0 
78.744 631.0 
78.592 632.0 
78.697 633.0 
78.896 634.0 
78.615 635.0 
78.686 636.0 
78.744 637.0 
78.627 638.0 
78.674 639.0 
78.744 640.0 
78.639 641.0 
78.627 642.0 
78.697 643.0 
78.58 644.0 
78.604 645.0 
78.721 646.0 
78.744 647.0 
78.65 648.0 
78.674 649.0 
78.721 650.0 
78.545 651.0 
78.639 652.0 
78.674 653.0 
78.732 654.0 
78.569 655.0 
78.65 656.0 
78.65 657.0 
78.744 658.0 
78.604 659.0 
78.639 660.0 
78.721 661.0 
78.732 662.0 
78.627 663.0 
78.686 664.0 
78.732 665.0 
78.756 666.0 
78.627 667.0 
78.65 668.0 
78.721 669.0 
78.709 670.0 
78.557 671.0 
78.639 672.0 
78.686 673.0 
78.686 674.0 
78.662 675.0 
78.604 676.0 
78.615 677.0 
78.686 678.0 
78.662 679.0 
78.721 680.0 
78.569 681.0 
78.65 682.0 
78.639 683.0 
78.709 684.0 
78.721 685.0 
78.779 686.0 
78.58 687.0 
78.639 688.0 
78.662 689.0 
78.686 690.0 
78.709 691.0 
78.756 692.0 
78.592 693.0 
78.639 694.0 
78.627 695.0 
78.65 696.0 
78.686 697.0 
78.721 698.0 
78.475 699.0 
78.604 700.0 
78.639 701.0 
78.65 702.0 
78.686 703.0 
78.686 704.0 
78.674 705.0 
78.756 706.0 
78.592 707.0 
78.627 708.0 
78.662 709.0 
78.65 710.0 
78.639 711.0 
78.697 712.0 
78.732 713.0 
78.756 714.0 
78.674 715.0 
78.569 716.0 
78.592 717.0 
78.615 718.0 
78.639 719.0 
78.686 720.0 
78.686 721.0 
78.709 722.0 
78.756 723.0 
78.744 724.0 
78.732 725.0 
78.569 726.0 
78.592 727.0 
78.639 728.0 
78.627 729.0 
78.627 730.0 
78.65 731.0 
78.686 732.0 
78.674 733.0 
78.721 734.0 
78.709 735.0 
78.744 736.0 
78.732 737.0 
78.732 738.0 
78.335 739.0 
78.592 740.0 
78.569 741.0 
78.58 742.0 
78.58 743.0 
78.615 744.0 
78.615 745.0 
78.639 746.0 
78.627 747.0 
78.592 748.0 
78.627 749.0 
78.615 750.0 
78.627 751.0 
78.639 752.0 
78.65 753.0 
78.65 754.0 
78.639 755.0 
78.662 756.0 
78.639 757.0 
78.639 758.0 
78.686 759.0 
78.686 760.0 
78.674 761.0 
78.662 762.0 
78.697 763.0 
78.686 764.0 
78.709 765.0 
78.697 766.0 
78.709 767.0 
78.686 768.0 
78.721 769.0 
78.662 770.0 
78.686 771.0 
78.674 772.0 
78.674 773.0 
78.65 774.0 
78.662 775.0 
78.662 776.0 
78.686 777.0 
78.674 778.0 
78.686 779.0 
78.674 780.0 
78.686 781.0 
78.686 782.0 
78.674 783.0 
78.639 784.0 
78.674 785.0 
78.674 786.0 
78.662 787.0 
78.686 788.0 
78.686 789.0 
78.686 790.0 
78.674 791.0 
78.662 792.0 
78.674 793.0 
78.674 794.0 
78.686 795.0 
78.662 796.0 
78.674 797.0 
78.662 798.0 
78.65 799.0 
78.697 800.0 
78.662 801.0 
78.674 802.0 
78.686 803.0 
78.674 804.0 
-0.002 805.0 
0.0 806.0 
-0.001 807.0 
-0.001 808.0 
-0.012 809.0 
-0.008 810.0 
-0.018 811.0 
-0.028 812.0 
-0.028 813.0 
-0.031 814.0 
-0.042 815.0 
-0.04 816.0 
-0.042 817.0 
-0.047 818.0 
-0.048 819.0 
-0.058 820.0 
-0.038 821.0 
-0.042 822.0 
-0.048 823.0 
-0.047 824.0 
-0.035 825.0 
-0.036 826.0 
-0.04 827.0 
-0.023 828.0 
-0.02 829.0 
