-0.024 257.0 
-0.013 258.0 
-0.066 259.0 
-0.024 260.0 
-0.029 261.0 
-0.038 262.0 
-0.032 263.0 
-0.043 264.0 
-0.011 265.0 
-0.028 266.0 
-0.025 267.0 
-0.032 268.0 
-0.028 269.0 
-0.023 270.0 
-0.023 271.0 
-0.007 272.0 
-0.017 273.0 
-0.034 274.0 
155.129 275.0 
151.987 276.0 
151.064 277.0 
149.814 278.0 
148.214 279.0 
146.182 280.0 
144.15 281.0 
141.989 282.0 
138.917 283.0 
137.457 284.0 
136.967 285.0 
136.651 286.0 
136.383 287.0 
136.138 288.0 
135.822 289.0 
134.981 290.0 
134.864 291.0 
134.561 292.0 
134.316 293.0 
133.918 294.0 
133.521 295.0 
133.358 296.0 
133.183 297.0 
132.564 298.0 
132.248 299.0 
132.061 300.0 
131.396 301.0 
131.185 302.0 
130.555 303.0 
130.286 304.0 
129.994 305.0 
129.025 306.0 
127.098 307.0 
124.002 308.0 
120.604 309.0 
116.119 310.0 
111.961 311.0 
107.394 312.0 
103.178 313.0 
98.506 314.0 
94.336 315.0 
90.26 316.0 
86.628 317.0 
83.731 318.0 
83.509 319.0 
83.217 320.0 
83.229 321.0 
83.019 322.0 
82.902 323.0 
82.925 324.0 
82.855 325.0 
82.715 326.0 
82.867 327.0 
82.762 328.0 
82.855 329.0 
82.867 330.0 
82.797 331.0 
83.019 332.0 
82.879 333.0 
82.797 334.0 
82.738 335.0 
82.855 336.0 
82.879 337.0 
82.75 338.0 
82.89 339.0 
82.797 340.0 
82.75 341.0 
82.773 342.0 
82.937 343.0 
82.762 344.0 
82.773 345.0 
82.738 346.0 
82.75 347.0 
82.738 348.0 
82.832 349.0 
82.808 350.0 
82.762 351.0 
82.82 352.0 
82.762 353.0 
82.727 354.0 
82.703 355.0 
82.785 356.0 
82.879 357.0 
82.82 358.0 
82.89 359.0 
82.785 360.0 
82.832 361.0 
82.75 362.0 
82.785 363.0 
82.727 364.0 
82.75 365.0 
82.773 366.0 
82.808 367.0 
82.715 368.0 
82.797 369.0 
82.762 370.0 
82.843 371.0 
82.808 372.0 
82.797 373.0 
82.843 374.0 
82.879 375.0 
83.124 376.0 
82.785 377.0 
82.773 378.0 
82.797 379.0 
82.762 380.0 
82.738 381.0 
82.843 382.0 
82.75 383.0 
82.773 384.0 
82.715 385.0 
82.808 386.0 
82.715 387.0 
82.692 388.0 
82.785 389.0 
82.762 390.0 
82.727 391.0 
82.762 392.0 
82.82 393.0 
82.692 394.0 
82.785 395.0 
82.879 396.0 
82.75 397.0 
82.797 398.0 
82.668 399.0 
82.703 400.0 
82.808 401.0 
82.75 402.0 
82.879 403.0 
82.762 404.0 
82.773 405.0 
82.703 406.0 
82.762 407.0 
82.727 408.0 
82.785 409.0 
82.727 410.0 
82.738 411.0 
82.832 412.0 
83.241 413.0 
82.832 414.0 
82.727 415.0 
82.808 416.0 
82.727 417.0 
82.785 418.0 
82.808 419.0 
82.738 420.0 
82.762 421.0 
82.808 422.0 
82.82 423.0 
82.738 424.0 
82.75 425.0 
82.773 426.0 
82.808 427.0 
82.692 428.0 
82.75 429.0 
82.738 430.0 
82.773 431.0 
82.785 432.0 
82.832 433.0 
82.727 434.0 
82.727 435.0 
82.727 436.0 
82.785 437.0 
82.68 438.0 
82.703 439.0 
82.715 440.0 
82.75 441.0 
82.703 442.0 
82.715 443.0 
82.715 444.0 
82.703 445.0 
82.68 446.0 
82.82 447.0 
82.808 448.0 
82.82 449.0 
82.902 450.0 
82.727 451.0 
82.703 452.0 
82.668 453.0 
82.68 454.0 
82.762 455.0 
82.622 456.0 
82.668 457.0 
82.645 458.0 
82.808 459.0 
82.785 460.0 
82.727 461.0 
82.715 462.0 
82.797 463.0 
82.785 464.0 
82.738 465.0 
82.808 466.0 
82.738 467.0 
82.633 468.0 
82.762 469.0 
82.703 470.0 
82.692 471.0 
82.75 472.0 
82.68 473.0 
82.738 474.0 
82.785 475.0 
82.727 476.0 
82.715 477.0 
82.75 478.0 
82.645 479.0 
82.727 480.0 
82.808 481.0 
82.703 482.0 
82.808 483.0 
82.703 484.0 
82.762 485.0 
82.633 486.0 
82.692 487.0 
82.785 488.0 
82.668 489.0 
82.727 490.0 
82.762 491.0 
82.715 492.0 
82.703 493.0 
82.797 494.0 
82.692 495.0 
82.657 496.0 
82.715 497.0 
82.797 498.0 
82.657 499.0 
82.657 500.0 
82.738 501.0 
82.738 502.0 
82.598 503.0 
82.645 504.0 
82.645 505.0 
82.703 506.0 
82.622 507.0 
82.68 508.0 
82.551 509.0 
82.668 510.0 
82.657 511.0 
82.68 512.0 
82.715 513.0 
82.727 514.0 
82.727 515.0 
82.785 516.0 
83.1 517.0 
82.575 518.0 
82.575 519.0 
82.575 520.0 
82.575 521.0 
82.61 522.0 
82.61 523.0 
82.587 524.0 
82.575 525.0 
82.587 526.0 
82.575 527.0 
82.493 528.0 
82.54 529.0 
82.481 530.0 
82.528 531.0 
82.633 532.0 
82.622 533.0 
82.575 534.0 
82.587 535.0 
82.493 536.0 
82.481 537.0 
82.446 538.0 
82.423 539.0 
82.376 540.0 
82.493 541.0 
82.388 542.0 
82.365 543.0 
82.353 544.0 
82.295 545.0 
82.236 546.0 
82.353 547.0 
82.318 548.0 
82.283 549.0 
82.236 550.0 
82.166 551.0 
82.318 552.0 
82.236 553.0 
82.201 554.0 
82.143 555.0 
82.295 556.0 
82.26 557.0 
82.224 558.0 
81.897 559.0 
82.248 560.0 
82.178 561.0 
82.154 562.0 
82.248 563.0 
82.166 564.0 
82.096 565.0 
82.236 566.0 
82.271 567.0 
82.119 568.0 
82.178 569.0 
82.189 570.0 
82.306 571.0 
82.26 572.0 
82.166 573.0 
82.248 574.0 
82.201 575.0 
82.54 576.0 
82.201 577.0 
82.224 578.0 
82.295 579.0 
82.224 580.0 
82.306 581.0 
82.248 582.0 
82.26 583.0 
82.26 584.0 
81.851 585.0 
82.271 586.0 
82.189 587.0 
82.295 588.0 
82.224 589.0 
82.283 590.0 
82.189 591.0 
82.283 592.0 
82.213 593.0 
82.26 594.0 
82.201 595.0 
82.201 596.0 
82.201 597.0 
82.295 598.0 
82.166 599.0 
82.248 600.0 
82.33 601.0 
82.213 602.0 
82.33 603.0 
82.236 604.0 
82.283 605.0 
82.178 606.0 
82.306 607.0 
82.143 608.0 
82.213 609.0 
82.295 610.0 
82.236 611.0 
82.318 612.0 
82.201 613.0 
82.26 614.0 
82.154 615.0 
82.248 616.0 
82.318 617.0 
82.119 618.0 
82.248 619.0 
82.003 620.0 
82.201 621.0 
82.248 622.0 
82.131 623.0 
82.248 624.0 
82.306 625.0 
82.166 626.0 
82.26 627.0 
82.295 628.0 
82.201 629.0 
82.283 630.0 
82.353 631.0 
82.178 632.0 
82.306 633.0 
82.61 634.0 
82.224 635.0 
82.271 636.0 
82.33 637.0 
82.213 638.0 
82.26 639.0 
82.295 640.0 
82.178 641.0 
82.248 642.0 
82.26 643.0 
82.108 644.0 
82.061 645.0 
81.956 646.0 
81.711 647.0 
81.057 648.0 
80.636 649.0 
79.713 650.0 
79.059 651.0 
78.942 652.0 
78.686 653.0 
78.569 654.0 
78.218 655.0 
78.207 656.0 
78.16 657.0 
78.172 658.0 
78.043 659.0 
78.043 660.0 
78.113 661.0 
78.125 662.0 
77.973 663.0 
77.996 664.0 
78.078 665.0 
78.102 666.0 
77.996 667.0 
78.02 668.0 
78.055 669.0 
78.125 670.0 
77.996 671.0 
78.008 672.0 
78.02 673.0 
78.067 674.0 
78.09 675.0 
77.926 676.0 
78.008 677.0 
78.043 678.0 
78.055 679.0 
78.113 680.0 
77.95 681.0 
77.985 682.0 
78.008 683.0 
78.043 684.0 
78.055 685.0 
78.137 686.0 
77.915 687.0 
77.973 688.0 
78.055 689.0 
78.055 690.0 
78.102 691.0 
78.09 692.0 
77.973 693.0 
77.985 694.0 
78.02 695.0 
78.008 696.0 
78.067 697.0 
78.078 698.0 
77.845 699.0 
77.961 700.0 
77.961 701.0 
77.985 702.0 
77.996 703.0 
78.043 704.0 
78.031 705.0 
78.113 706.0 
77.95 707.0 
77.973 708.0 
77.985 709.0 
78.008 710.0 
78.043 711.0 
78.055 712.0 
78.078 713.0 
78.137 714.0 
77.891 715.0 
77.973 716.0 
77.996 717.0 
77.996 718.0 
78.02 719.0 
78.02 720.0 
78.043 721.0 
78.067 722.0 
78.102 723.0 
78.067 724.0 
78.09 725.0 
77.938 726.0 
77.915 727.0 
77.973 728.0 
78.008 729.0 
78.008 730.0 
78.031 731.0 
78.043 732.0 
78.067 733.0 
78.055 734.0 
78.067 735.0 
78.043 736.0 
78.067 737.0 
78.09 738.0 
77.903 739.0 
77.915 740.0 
77.915 741.0 
77.95 742.0 
77.961 743.0 
77.95 744.0 
77.95 745.0 
77.973 746.0 
77.996 747.0 
77.95 748.0 
77.973 749.0 
77.973 750.0 
77.996 751.0 
78.008 752.0 
78.008 753.0 
78.008 754.0 
78.008 755.0 
78.008 756.0 
78.008 757.0 
78.02 758.0 
78.031 759.0 
78.031 760.0 
78.031 761.0 
78.008 762.0 
78.043 763.0 
78.055 764.0 
78.055 765.0 
78.02 766.0 
78.055 767.0 
78.031 768.0 
78.043 769.0 
78.031 770.0 
78.055 771.0 
78.078 772.0 
78.055 773.0 
78.031 774.0 
78.043 775.0 
78.078 776.0 
78.031 777.0 
78.02 778.0 
78.02 779.0 
78.031 780.0 
78.031 781.0 
78.031 782.0 
78.043 783.0 
78.031 784.0 
78.02 785.0 
78.008 786.0 
78.02 787.0 
78.031 788.0 
78.067 789.0 
78.008 790.0 
77.996 791.0 
78.031 792.0 
78.055 793.0 
78.043 794.0 
78.031 795.0 
78.043 796.0 
78.02 797.0 
78.055 798.0 
78.031 799.0 
78.02 800.0 
77.996 801.0 
78.008 802.0 
78.02 803.0 
78.055 804.0 
-0.004 805.0 
0.004 806.0 
0.0 807.0 
0.008 808.0 
0.001 809.0 
-0.012 810.0 
-0.016 811.0 
-0.01 812.0 
-0.011 813.0 
-0.018 814.0 
-0.026 815.0 
-0.03 816.0 
-0.029 817.0 
-0.031 818.0 
-0.034 819.0 
-0.04 820.0 
-0.041 821.0 
-0.038 822.0 
-0.025 823.0 
-0.031 824.0 
-0.032 825.0 
-0.025 826.0 
-0.028 827.0 
-0.026 828.0 
-0.017 829.0 
