-0.049 257.0 
-0.03 258.0 
-0.188 259.0 
-0.026 260.0 
-0.007 261.0 
-0.04 262.0 
-0.043 263.0 
-0.047 264.0 
-0.029 265.0 
-0.03 266.0 
-0.041 267.0 
-0.041 268.0 
-0.028 269.0 
-0.025 270.0 
-0.016 271.0 
-0.02 272.0 
-0.022 273.0 
-0.031 274.0 
148.752 275.0 
146.147 276.0 
145.084 277.0 
143.753 278.0 
142.304 279.0 
140.401 280.0 
138.929 281.0 
136.815 282.0 
133.732 283.0 
132.809 284.0 
132.447 285.0 
132.166 286.0 
131.98 287.0 
131.746 288.0 
131.489 289.0 
131.571 290.0 
130.742 291.0 
130.543 292.0 
130.344 293.0 
130.274 294.0 
129.725 295.0 
129.62 296.0 
129.515 297.0 
129.036 298.0 
128.826 299.0 
128.814 300.0 
128.301 301.0 
128.301 302.0 
127.787 303.0 
127.74 304.0 
127.717 305.0 
127.133 306.0 
125.953 307.0 
123.57 308.0 
120.615 309.0 
116.574 310.0 
112.545 311.0 
107.85 312.0 
103.505 313.0 
98.891 314.0 
95.014 315.0 
91.066 316.0 
87.352 317.0 
84.42 318.0 
84.233 319.0 
84.058 320.0 
83.93 321.0 
83.941 322.0 
83.743 323.0 
83.883 324.0 
83.79 325.0 
83.696 326.0 
83.79 327.0 
83.719 328.0 
83.895 329.0 
83.801 330.0 
83.743 331.0 
83.965 332.0 
83.813 333.0 
83.731 334.0 
83.79 335.0 
83.813 336.0 
83.801 337.0 
83.684 338.0 
83.848 339.0 
83.754 340.0 
83.766 341.0 
83.754 342.0 
83.778 343.0 
83.731 344.0 
83.719 345.0 
83.719 346.0 
83.673 347.0 
83.719 348.0 
83.825 349.0 
83.766 350.0 
83.731 351.0 
83.743 352.0 
83.719 353.0 
83.673 354.0 
83.836 355.0 
83.754 356.0 
83.79 357.0 
83.79 358.0 
83.848 359.0 
83.79 360.0 
83.813 361.0 
83.731 362.0 
83.778 363.0 
83.673 364.0 
83.719 365.0 
83.754 366.0 
83.743 367.0 
83.673 368.0 
83.731 369.0 
83.743 370.0 
83.766 371.0 
83.743 372.0 
83.778 373.0 
83.801 374.0 
83.825 375.0 
84.07 376.0 
83.696 377.0 
83.743 378.0 
83.731 379.0 
83.719 380.0 
83.754 381.0 
83.848 382.0 
83.731 383.0 
83.731 384.0 
83.708 385.0 
83.79 386.0 
83.696 387.0 
83.649 388.0 
83.754 389.0 
83.778 390.0 
83.754 391.0 
83.696 392.0 
83.79 393.0 
83.673 394.0 
83.743 395.0 
83.848 396.0 
83.684 397.0 
83.79 398.0 
83.719 399.0 
83.673 400.0 
83.836 401.0 
83.766 402.0 
83.86 403.0 
83.743 404.0 
83.743 405.0 
83.661 406.0 
83.754 407.0 
83.684 408.0 
83.743 409.0 
83.673 410.0 
83.743 411.0 
83.778 412.0 
84.233 413.0 
83.778 414.0 
83.719 415.0 
83.766 416.0 
83.696 417.0 
83.801 418.0 
83.766 419.0 
83.684 420.0 
83.754 421.0 
83.754 422.0 
83.801 423.0 
83.696 424.0 
83.708 425.0 
83.754 426.0 
83.754 427.0 
83.673 428.0 
83.696 429.0 
83.696 430.0 
83.743 431.0 
83.79 432.0 
83.778 433.0 
83.696 434.0 
83.719 435.0 
83.719 436.0 
83.754 437.0 
83.673 438.0 
83.661 439.0 
83.696 440.0 
83.743 441.0 
83.731 442.0 
83.719 443.0 
83.708 444.0 
83.708 445.0 
83.696 446.0 
83.813 447.0 
83.766 448.0 
83.743 449.0 
83.976 450.0 
83.708 451.0 
83.719 452.0 
83.661 453.0 
83.649 454.0 
83.754 455.0 
83.719 456.0 
83.673 457.0 
83.661 458.0 
83.743 459.0 
83.801 460.0 
83.754 461.0 
83.719 462.0 
83.79 463.0 
83.743 464.0 
83.754 465.0 
83.79 466.0 
83.708 467.0 
83.696 468.0 
83.743 469.0 
83.661 470.0 
83.673 471.0 
83.719 472.0 
83.661 473.0 
83.743 474.0 
83.801 475.0 
83.708 476.0 
83.649 477.0 
83.731 478.0 
83.626 479.0 
83.719 480.0 
83.836 481.0 
83.708 482.0 
83.766 483.0 
83.719 484.0 
83.719 485.0 
83.673 486.0 
83.661 487.0 
83.754 488.0 
83.708 489.0 
83.696 490.0 
83.766 491.0 
83.696 492.0 
83.684 493.0 
83.801 494.0 
83.661 495.0 
83.626 496.0 
83.719 497.0 
83.766 498.0 
83.649 499.0 
83.696 500.0 
83.719 501.0 
83.743 502.0 
83.614 503.0 
83.684 504.0 
83.696 505.0 
83.684 506.0 
83.638 507.0 
83.708 508.0 
83.579 509.0 
83.661 510.0 
83.638 511.0 
83.708 512.0 
83.696 513.0 
83.719 514.0 
83.743 515.0 
83.754 516.0 
84.011 517.0 
83.509 518.0 
83.591 519.0 
83.579 520.0 
83.614 521.0 
83.603 522.0 
83.591 523.0 
83.544 524.0 
83.579 525.0 
83.556 526.0 
83.556 527.0 
83.474 528.0 
83.486 529.0 
83.439 530.0 
83.463 531.0 
83.603 532.0 
83.603 533.0 
83.521 534.0 
83.509 535.0 
83.509 536.0 
83.404 537.0 
83.346 538.0 
83.322 539.0 
83.287 540.0 
83.416 541.0 
83.287 542.0 
83.287 543.0 
83.182 544.0 
83.147 545.0 
83.112 546.0 
83.217 547.0 
83.171 548.0 
83.1 549.0 
83.054 550.0 
83.054 551.0 
83.135 552.0 
83.065 553.0 
83.03 554.0 
83.007 555.0 
83.159 556.0 
83.089 557.0 
83.042 558.0 
82.715 559.0 
83.124 560.0 
83.065 561.0 
82.995 562.0 
83.089 563.0 
83.007 564.0 
82.937 565.0 
83.1 566.0 
83.1 567.0 
82.949 568.0 
82.995 569.0 
83.007 570.0 
83.124 571.0 
83.042 572.0 
82.972 573.0 
83.065 574.0 
83.019 575.0 
83.135 576.0 
83.03 577.0 
83.03 578.0 
83.124 579.0 
83.065 580.0 
83.182 581.0 
83.089 582.0 
83.089 583.0 
83.1 584.0 
82.68 585.0 
83.124 586.0 
83.019 587.0 
83.1 588.0 
83.042 589.0 
83.124 590.0 
82.995 591.0 
83.112 592.0 
83.03 593.0 
83.1 594.0 
83.042 595.0 
83.065 596.0 
83.042 597.0 
83.124 598.0 
83.007 599.0 
83.089 600.0 
83.194 601.0 
83.054 602.0 
83.135 603.0 
83.077 604.0 
83.147 605.0 
83.007 606.0 
83.1 607.0 
83.007 608.0 
83.089 609.0 
83.182 610.0 
83.03 611.0 
83.112 612.0 
83.007 613.0 
83.124 614.0 
83.007 615.0 
83.077 616.0 
83.182 617.0 
82.984 618.0 
83.1 619.0 
82.89 620.0 
83.089 621.0 
83.147 622.0 
83.03 623.0 
83.077 624.0 
83.171 625.0 
82.995 626.0 
83.089 627.0 
83.124 628.0 
83.03 629.0 
83.077 630.0 
83.147 631.0 
83.007 632.0 
83.124 633.0 
83.381 634.0 
83.042 635.0 
83.1 636.0 
83.171 637.0 
83.054 638.0 
83.089 639.0 
83.124 640.0 
82.995 641.0 
83.019 642.0 
83.112 643.0 
82.949 644.0 
83.019 645.0 
83.1 646.0 
83.159 647.0 
83.019 648.0 
83.054 649.0 
83.124 650.0 
82.984 651.0 
82.972 652.0 
83.1 653.0 
83.159 654.0 
83.019 655.0 
83.042 656.0 
83.054 657.0 
83.147 658.0 
83.03 659.0 
83.077 660.0 
83.147 661.0 
83.171 662.0 
82.995 663.0 
83.065 664.0 
83.124 665.0 
83.171 666.0 
82.995 667.0 
83.065 668.0 
83.089 669.0 
83.147 670.0 
83.007 671.0 
83.019 672.0 
83.054 673.0 
83.135 674.0 
83.077 675.0 
82.995 676.0 
83.03 677.0 
83.077 678.0 
83.124 679.0 
83.147 680.0 
82.995 681.0 
83.03 682.0 
83.065 683.0 
83.1 684.0 
83.124 685.0 
83.206 686.0 
82.949 687.0 
83.042 688.0 
83.077 689.0 
83.065 690.0 
83.124 691.0 
83.159 692.0 
83.007 693.0 
83.042 694.0 
83.065 695.0 
83.124 696.0 
83.054 697.0 
83.147 698.0 
82.914 699.0 
82.995 700.0 
83.042 701.0 
83.077 702.0 
83.065 703.0 
83.089 704.0 
83.1 705.0 
83.147 706.0 
82.995 707.0 
82.995 708.0 
83.019 709.0 
83.065 710.0 
83.089 711.0 
83.1 712.0 
83.124 713.0 
83.159 714.0 
82.937 715.0 
83.007 716.0 
82.984 717.0 
83.03 718.0 
83.042 719.0 
83.077 720.0 
83.077 721.0 
83.112 722.0 
83.1 723.0 
83.124 724.0 
83.159 725.0 
82.995 726.0 
83.007 727.0 
83.007 728.0 
83.019 729.0 
83.03 730.0 
83.077 731.0 
83.077 732.0 
83.089 733.0 
83.135 734.0 
83.124 735.0 
83.112 736.0 
83.159 737.0 
83.147 738.0 
82.949 739.0 
82.96 740.0 
82.949 741.0 
82.984 742.0 
82.949 743.0 
83.007 744.0 
82.972 745.0 
83.03 746.0 
83.007 747.0 
83.019 748.0 
83.03 749.0 
83.03 750.0 
82.984 751.0 
83.019 752.0 
83.019 753.0 
83.065 754.0 
83.054 755.0 
83.054 756.0 
83.077 757.0 
83.089 758.0 
83.089 759.0 
83.089 760.0 
83.1 761.0 
83.089 762.0 
83.077 763.0 
83.112 764.0 
83.065 765.0 
83.077 766.0 
83.065 767.0 
83.065 768.0 
83.065 769.0 
83.089 770.0 
83.065 771.0 
83.077 772.0 
83.077 773.0 
83.112 774.0 
83.077 775.0 
83.1 776.0 
83.1 777.0 
83.077 778.0 
83.1 779.0 
83.077 780.0 
83.054 781.0 
83.077 782.0 
83.065 783.0 
83.042 784.0 
83.065 785.0 
83.042 786.0 
83.1 787.0 
83.112 788.0 
83.089 789.0 
83.065 790.0 
83.077 791.0 
83.1 792.0 
83.077 793.0 
83.112 794.0 
83.054 795.0 
83.065 796.0 
83.042 797.0 
83.054 798.0 
83.077 799.0 
83.054 800.0 
83.077 801.0 
83.089 802.0 
83.077 803.0 
83.065 804.0 
0.001 805.0 
0.01 806.0 
0.008 807.0 
0.007 808.0 
0.002 809.0 
0.007 810.0 
-0.002 811.0 
0.006 812.0 
-0.002 813.0 
-0.001 814.0 
0.0 815.0 
0.005 816.0 
0.004 817.0 
0.001 818.0 
-0.005 819.0 
-0.001 820.0 
-0.006 821.0 
-0.008 822.0 
-0.016 823.0 
-0.011 824.0 
-0.013 825.0 
-0.018 826.0 
-0.013 827.0 
-0.019 828.0 
-0.022 829.0 
