-0.035 257.0 
-0.067 258.0 
-0.055 259.0 
-0.056 260.0 
-0.038 261.0 
-0.048 262.0 
-0.055 263.0 
-0.035 264.0 
-0.025 265.0 
-0.038 266.0 
-0.037 267.0 
-0.034 268.0 
-0.022 269.0 
-0.028 270.0 
-0.043 271.0 
-0.04 272.0 
-0.055 273.0 
-0.035 274.0 
148.343 275.0 
145.575 276.0 
144.594 277.0 
143.134 278.0 
141.545 279.0 
139.396 280.0 
137.668 281.0 
135.53 282.0 
131.851 283.0 
130.274 284.0 
129.854 285.0 
129.492 286.0 
129.27 287.0 
128.966 288.0 
128.651 289.0 
127.962 290.0 
127.845 291.0 
127.623 292.0 
127.366 293.0 
127.074 294.0 
126.689 295.0 
126.56 296.0 
126.514 297.0 
125.906 298.0 
125.743 299.0 
125.684 300.0 
125.147 301.0 
125.065 302.0 
124.54 303.0 
124.47 304.0 
124.353 305.0 
123.652 306.0 
122.321 307.0 
119.809 308.0 
116.808 309.0 
112.72 310.0 
108.714 311.0 
104.322 312.0 
99.977 313.0 
95.679 314.0 
91.907 315.0 
88.018 316.0 
84.642 317.0 
81.816 318.0 
81.325 319.0 
81.5 320.0 
81.384 321.0 
81.407 322.0 
81.302 323.0 
81.372 324.0 
81.313 325.0 
81.197 326.0 
81.302 327.0 
81.22 328.0 
81.407 329.0 
81.348 330.0 
81.255 331.0 
81.594 332.0 
81.29 333.0 
81.232 334.0 
81.208 335.0 
81.337 336.0 
81.313 337.0 
81.185 338.0 
81.419 339.0 
81.243 340.0 
81.302 341.0 
81.243 342.0 
81.313 343.0 
81.302 344.0 
81.278 345.0 
81.197 346.0 
81.185 347.0 
81.197 348.0 
81.313 349.0 
81.302 350.0 
81.208 351.0 
81.29 352.0 
81.208 353.0 
81.162 354.0 
81.208 355.0 
81.255 356.0 
81.302 357.0 
81.267 358.0 
81.348 359.0 
81.278 360.0 
81.302 361.0 
81.232 362.0 
81.267 363.0 
81.185 364.0 
81.22 365.0 
81.267 366.0 
81.29 367.0 
81.185 368.0 
81.243 369.0 
81.255 370.0 
81.267 371.0 
81.29 372.0 
81.243 373.0 
81.302 374.0 
81.325 375.0 
81.477 376.0 
81.197 377.0 
81.22 378.0 
81.243 379.0 
81.243 380.0 
81.232 381.0 
81.092 382.0 
81.232 383.0 
81.255 384.0 
81.22 385.0 
81.29 386.0 
81.197 387.0 
81.185 388.0 
81.255 389.0 
81.29 390.0 
81.243 391.0 
81.208 392.0 
81.29 393.0 
81.15 394.0 
81.243 395.0 
81.337 396.0 
81.173 397.0 
81.243 398.0 
81.162 399.0 
81.162 400.0 
81.278 401.0 
81.232 402.0 
81.313 403.0 
81.267 404.0 
81.22 405.0 
81.185 406.0 
81.243 407.0 
81.185 408.0 
81.255 409.0 
81.185 410.0 
81.232 411.0 
81.29 412.0 
81.711 413.0 
81.278 414.0 
81.208 415.0 
81.232 416.0 
81.173 417.0 
81.302 418.0 
81.232 419.0 
81.208 420.0 
81.22 421.0 
81.232 422.0 
81.29 423.0 
81.197 424.0 
81.232 425.0 
81.243 426.0 
81.255 427.0 
81.173 428.0 
81.22 429.0 
81.232 430.0 
81.255 431.0 
81.267 432.0 
81.267 433.0 
81.173 434.0 
81.173 435.0 
81.22 436.0 
81.208 437.0 
81.22 438.0 
81.162 439.0 
81.138 440.0 
81.197 441.0 
81.185 442.0 
81.197 443.0 
81.185 444.0 
81.185 445.0 
81.15 446.0 
81.278 447.0 
81.302 448.0 
81.547 449.0 
81.348 450.0 
81.22 451.0 
81.185 452.0 
81.15 453.0 
81.15 454.0 
81.267 455.0 
81.068 456.0 
81.197 457.0 
81.173 458.0 
81.278 459.0 
81.243 460.0 
81.197 461.0 
81.162 462.0 
81.255 463.0 
81.208 464.0 
81.197 465.0 
81.278 466.0 
81.232 467.0 
81.15 468.0 
81.232 469.0 
81.185 470.0 
81.173 471.0 
81.185 472.0 
81.068 473.0 
81.208 474.0 
81.302 475.0 
81.208 476.0 
81.127 477.0 
81.185 478.0 
81.127 479.0 
81.197 480.0 
81.267 481.0 
81.208 482.0 
81.232 483.0 
81.208 484.0 
81.232 485.0 
81.15 486.0 
81.208 487.0 
81.255 488.0 
81.173 489.0 
81.22 490.0 
81.255 491.0 
81.197 492.0 
81.162 493.0 
81.243 494.0 
81.127 495.0 
81.173 496.0 
81.22 497.0 
81.267 498.0 
81.115 499.0 
81.173 500.0 
81.162 501.0 
81.232 502.0 
81.103 503.0 
81.15 504.0 
81.185 505.0 
81.173 506.0 
81.08 507.0 
81.22 508.0 
81.045 509.0 
81.15 510.0 
81.162 511.0 
81.173 512.0 
81.162 513.0 
81.185 514.0 
81.208 515.0 
81.232 516.0 
81.489 517.0 
81.033 518.0 
81.057 519.0 
81.068 520.0 
81.08 521.0 
81.08 522.0 
81.103 523.0 
81.103 524.0 
81.068 525.0 
81.068 526.0 
81.057 527.0 
81.045 528.0 
81.021 529.0 
81.021 530.0 
81.033 531.0 
81.185 532.0 
81.419 533.0 
81.057 534.0 
81.057 535.0 
80.998 536.0 
80.975 537.0 
80.858 538.0 
80.893 539.0 
80.8 540.0 
80.951 541.0 
80.87 542.0 
80.846 543.0 
80.788 544.0 
80.683 545.0 
80.671 546.0 
80.8 547.0 
80.718 548.0 
80.706 549.0 
80.648 550.0 
80.624 551.0 
80.729 552.0 
80.636 553.0 
80.601 554.0 
80.589 555.0 
80.706 556.0 
80.648 557.0 
80.578 558.0 
80.227 559.0 
80.671 560.0 
80.601 561.0 
80.531 562.0 
80.694 563.0 
80.554 564.0 
80.531 565.0 
80.671 566.0 
80.624 567.0 
80.554 568.0 
80.601 569.0 
80.601 570.0 
80.706 571.0 
80.636 572.0 
80.554 573.0 
80.648 574.0 
80.589 575.0 
80.694 576.0 
80.589 577.0 
80.613 578.0 
80.718 579.0 
80.636 580.0 
80.718 581.0 
80.648 582.0 
80.753 583.0 
80.718 584.0 
80.437 585.0 
80.683 586.0 
80.589 587.0 
80.706 588.0 
80.636 589.0 
80.694 590.0 
80.624 591.0 
80.694 592.0 
80.601 593.0 
80.683 594.0 
80.601 595.0 
80.636 596.0 
80.624 597.0 
80.613 598.0 
80.589 599.0 
80.659 600.0 
80.753 601.0 
80.648 602.0 
80.729 603.0 
80.636 604.0 
80.741 605.0 
80.624 606.0 
80.706 607.0 
80.589 608.0 
80.671 609.0 
80.741 610.0 
80.659 611.0 
80.718 612.0 
80.601 613.0 
80.683 614.0 
80.566 615.0 
80.589 616.0 
80.765 617.0 
80.601 618.0 
80.683 619.0 
80.473 620.0 
80.636 621.0 
80.694 622.0 
80.578 623.0 
80.706 624.0 
80.718 625.0 
80.601 626.0 
80.671 627.0 
80.729 628.0 
80.624 629.0 
80.694 630.0 
80.741 631.0 
80.601 632.0 
80.671 633.0 
80.975 634.0 
80.613 635.0 
80.718 636.0 
80.729 637.0 
80.589 638.0 
80.694 639.0 
80.718 640.0 
80.566 641.0 
80.636 642.0 
80.694 643.0 
80.566 644.0 
80.566 645.0 
80.683 646.0 
80.718 647.0 
80.589 648.0 
80.648 649.0 
80.741 650.0 
80.554 651.0 
80.519 652.0 
80.648 653.0 
80.694 654.0 
80.578 655.0 
80.624 656.0 
80.648 657.0 
80.706 658.0 
80.601 659.0 
80.659 660.0 
80.671 661.0 
80.659 662.0 
80.578 663.0 
80.659 664.0 
80.729 665.0 
80.753 666.0 
80.589 667.0 
80.671 668.0 
80.659 669.0 
80.718 670.0 
80.578 671.0 
80.613 672.0 
80.648 673.0 
80.671 674.0 
80.718 675.0 
80.578 676.0 
80.648 677.0 
80.659 678.0 
80.659 679.0 
80.741 680.0 
80.566 681.0 
80.566 682.0 
80.636 683.0 
80.694 684.0 
80.659 685.0 
80.753 686.0 
80.496 687.0 
80.613 688.0 
80.648 689.0 
80.671 690.0 
80.718 691.0 
80.741 692.0 
80.554 693.0 
80.613 694.0 
80.601 695.0 
80.671 696.0 
80.613 697.0 
80.718 698.0 
80.484 699.0 
80.578 700.0 
80.578 701.0 
80.601 702.0 
80.683 703.0 
80.694 704.0 
80.694 705.0 
80.706 706.0 
80.566 707.0 
80.624 708.0 
80.636 709.0 
80.624 710.0 
80.659 711.0 
80.694 712.0 
80.729 713.0 
80.753 714.0 
80.484 715.0 
80.566 716.0 
80.531 717.0 
80.589 718.0 
80.613 719.0 
80.659 720.0 
80.636 721.0 
80.659 722.0 
80.706 723.0 
80.765 724.0 
80.729 725.0 
80.543 726.0 
80.601 727.0 
80.636 728.0 
80.589 729.0 
80.624 730.0 
80.648 731.0 
80.659 732.0 
80.659 733.0 
80.683 734.0 
80.683 735.0 
80.694 736.0 
80.729 737.0 
80.718 738.0 
80.543 739.0 
80.566 740.0 
80.566 741.0 
80.543 742.0 
80.578 743.0 
80.589 744.0 
80.578 745.0 
80.589 746.0 
80.601 747.0 
80.624 748.0 
80.613 749.0 
80.624 750.0 
80.624 751.0 
80.624 752.0 
80.636 753.0 
80.636 754.0 
80.636 755.0 
80.648 756.0 
80.624 757.0 
80.636 758.0 
80.636 759.0 
80.636 760.0 
80.648 761.0 
80.636 762.0 
80.671 763.0 
80.659 764.0 
80.659 765.0 
80.659 766.0 
80.671 767.0 
80.671 768.0 
80.683 769.0 
80.671 770.0 
80.683 771.0 
80.648 772.0 
80.683 773.0 
80.659 774.0 
80.659 775.0 
80.671 776.0 
80.648 777.0 
80.671 778.0 
80.659 779.0 
80.636 780.0 
80.648 781.0 
80.578 782.0 
80.659 783.0 
80.648 784.0 
80.671 785.0 
80.636 786.0 
80.659 787.0 
80.648 788.0 
80.648 789.0 
80.648 790.0 
80.659 791.0 
80.659 792.0 
80.624 793.0 
80.648 794.0 
80.636 795.0 
80.648 796.0 
80.624 797.0 
80.648 798.0 
80.659 799.0 
80.624 800.0 
80.624 801.0 
80.589 802.0 
80.648 803.0 
80.706 804.0 
0.007 805.0 
0.012 806.0 
0.004 807.0 
0.0 808.0 
0.0 809.0 
0.0 810.0 
-0.013 811.0 
-0.023 812.0 
-0.03 813.0 
-0.04 814.0 
-0.04 815.0 
-0.044 816.0 
-0.048 817.0 
-0.053 818.0 
-0.053 819.0 
-0.042 820.0 
-0.052 821.0 
-0.054 822.0 
-0.047 823.0 
-0.031 824.0 
-0.036 825.0 
-0.037 826.0 
-0.029 827.0 
-0.03 828.0 
-0.024 829.0 
