-0.016 257.0 
0.008 258.0 
-0.026 259.0 
-0.016 260.0 
-0.012 261.0 
-0.001 262.0 
-0.019 263.0 
-0.013 264.0 
-0.007 265.0 
-0.016 266.0 
-0.032 267.0 
-0.014 268.0 
-0.034 269.0 
-0.035 270.0 
-0.047 271.0 
-0.036 272.0 
-0.013 273.0 
-0.025 274.0 
147.245 275.0 
144.302 276.0 
143.005 277.0 
141.347 278.0 
139.361 279.0 
137.072 280.0 
135.168 281.0 
132.68 282.0 
129.223 283.0 
127.81 284.0 
127.378 285.0 
127.062 286.0 
126.922 287.0 
126.63 288.0 
126.362 289.0 
125.731 290.0 
125.603 291.0 
125.381 292.0 
125.194 293.0 
125.112 294.0 
124.54 295.0 
124.376 296.0 
124.294 297.0 
123.734 298.0 
123.57 299.0 
123.465 300.0 
122.94 301.0 
122.858 302.0 
122.367 303.0 
122.309 304.0 
122.204 305.0 
121.55 306.0 
120.405 307.0 
118.174 308.0 
115.523 309.0 
111.972 310.0 
108.445 311.0 
104.556 312.0 
100.853 313.0 
96.906 314.0 
93.098 315.0 
89.209 316.0 
85.927 317.0 
83.171 318.0 
83.054 319.0 
82.82 320.0 
82.668 321.0 
82.633 322.0 
82.528 323.0 
82.575 324.0 
82.528 325.0 
82.388 326.0 
82.505 327.0 
82.446 328.0 
82.657 329.0 
82.551 330.0 
82.47 331.0 
82.563 332.0 
82.575 333.0 
82.493 334.0 
82.516 335.0 
82.551 336.0 
82.528 337.0 
82.423 338.0 
82.633 339.0 
82.516 340.0 
82.47 341.0 
82.481 342.0 
82.271 343.0 
82.505 344.0 
82.481 345.0 
82.458 346.0 
82.423 347.0 
82.481 348.0 
82.563 349.0 
82.516 350.0 
82.47 351.0 
82.528 352.0 
82.481 353.0 
82.411 354.0 
82.598 355.0 
82.493 356.0 
82.54 357.0 
82.516 358.0 
82.61 359.0 
82.528 360.0 
82.528 361.0 
82.446 362.0 
82.505 363.0 
82.423 364.0 
82.47 365.0 
82.47 366.0 
82.481 367.0 
82.481 368.0 
82.47 369.0 
82.505 370.0 
82.47 371.0 
82.505 372.0 
82.516 373.0 
82.551 374.0 
82.598 375.0 
82.855 376.0 
82.423 377.0 
82.516 378.0 
82.493 379.0 
82.493 380.0 
82.47 381.0 
82.598 382.0 
82.47 383.0 
82.481 384.0 
82.423 385.0 
82.528 386.0 
82.423 387.0 
82.411 388.0 
82.493 389.0 
82.47 390.0 
82.493 391.0 
82.435 392.0 
82.54 393.0 
82.388 394.0 
82.493 395.0 
82.61 396.0 
82.435 397.0 
82.551 398.0 
82.435 399.0 
82.423 400.0 
82.54 401.0 
82.47 402.0 
82.54 403.0 
82.528 404.0 
82.446 405.0 
82.411 406.0 
82.528 407.0 
82.411 408.0 
82.528 409.0 
82.4 410.0 
82.493 411.0 
82.493 412.0 
82.949 413.0 
82.551 414.0 
82.47 415.0 
82.528 416.0 
82.423 417.0 
82.528 418.0 
82.516 419.0 
82.411 420.0 
82.481 421.0 
82.516 422.0 
82.551 423.0 
82.446 424.0 
82.458 425.0 
82.505 426.0 
82.516 427.0 
82.435 428.0 
82.458 429.0 
82.423 430.0 
82.505 431.0 
82.528 432.0 
82.551 433.0 
82.411 434.0 
82.423 435.0 
82.446 436.0 
82.481 437.0 
82.4 438.0 
82.4 439.0 
82.446 440.0 
82.47 441.0 
82.423 442.0 
82.458 443.0 
82.423 444.0 
82.4 445.0 
82.446 446.0 
82.54 447.0 
82.505 448.0 
82.481 449.0 
82.738 450.0 
82.47 451.0 
82.435 452.0 
82.435 453.0 
82.388 454.0 
82.505 455.0 
82.481 456.0 
82.411 457.0 
82.446 458.0 
82.54 459.0 
82.54 460.0 
82.458 461.0 
82.435 462.0 
82.54 463.0 
82.458 464.0 
82.481 465.0 
82.551 466.0 
82.458 467.0 
82.411 468.0 
82.493 469.0 
82.446 470.0 
82.47 471.0 
82.47 472.0 
82.411 473.0 
82.47 474.0 
82.563 475.0 
82.516 476.0 
82.411 477.0 
82.481 478.0 
82.388 479.0 
82.423 480.0 
82.54 481.0 
82.435 482.0 
82.516 483.0 
82.411 484.0 
82.47 485.0 
82.376 486.0 
82.435 487.0 
82.516 488.0 
82.411 489.0 
82.458 490.0 
82.516 491.0 
82.446 492.0 
82.458 493.0 
82.505 494.0 
82.423 495.0 
82.388 496.0 
82.481 497.0 
82.505 498.0 
82.411 499.0 
82.423 500.0 
82.435 501.0 
82.493 502.0 
82.4 503.0 
82.365 504.0 
82.446 505.0 
82.446 506.0 
82.365 507.0 
82.47 508.0 
82.283 509.0 
82.376 510.0 
82.435 511.0 
82.423 512.0 
82.481 513.0 
82.47 514.0 
82.47 515.0 
82.505 516.0 
82.797 517.0 
82.306 518.0 
82.33 519.0 
82.33 520.0 
82.353 521.0 
82.33 522.0 
82.33 523.0 
82.341 524.0 
82.353 525.0 
82.353 526.0 
82.353 527.0 
82.295 528.0 
82.33 529.0 
82.271 530.0 
82.26 531.0 
82.411 532.0 
82.4 533.0 
82.341 534.0 
82.33 535.0 
82.271 536.0 
82.236 537.0 
82.213 538.0 
82.154 539.0 
82.096 540.0 
82.224 541.0 
82.131 542.0 
82.154 543.0 
82.096 544.0 
82.073 545.0 
82.014 546.0 
82.131 547.0 
82.073 548.0 
81.991 549.0 
81.944 550.0 
81.956 551.0 
82.049 552.0 
81.991 553.0 
81.944 554.0 
81.897 555.0 
82.026 556.0 
82.003 557.0 
81.932 558.0 
81.582 559.0 
82.003 560.0 
81.944 561.0 
81.897 562.0 
81.991 563.0 
81.932 564.0 
81.851 565.0 
82.014 566.0 
81.991 567.0 
81.851 568.0 
81.921 569.0 
81.921 570.0 
82.038 571.0 
81.968 572.0 
81.921 573.0 
82.014 574.0 
81.909 575.0 
82.026 576.0 
81.956 577.0 
81.956 578.0 
82.061 579.0 
81.991 580.0 
82.061 581.0 
81.979 582.0 
81.991 583.0 
82.003 584.0 
82.096 585.0 
82.003 586.0 
81.909 587.0 
82.003 588.0 
81.909 589.0 
82.014 590.0 
81.956 591.0 
82.026 592.0 
81.909 593.0 
82.003 594.0 
81.991 595.0 
81.944 596.0 
81.932 597.0 
82.003 598.0 
81.932 599.0 
81.991 600.0 
82.084 601.0 
81.968 602.0 
82.049 603.0 
81.944 604.0 
82.038 605.0 
81.932 606.0 
82.003 607.0 
81.897 608.0 
81.991 609.0 
82.073 610.0 
81.979 611.0 
82.073 612.0 
81.956 613.0 
82.026 614.0 
81.897 615.0 
81.991 616.0 
82.084 617.0 
81.897 618.0 
82.038 619.0 
81.757 620.0 
81.956 621.0 
82.014 622.0 
81.932 623.0 
81.979 624.0 
82.038 625.0 
81.921 626.0 
81.991 627.0 
82.061 628.0 
81.944 629.0 
81.991 630.0 
82.096 631.0 
81.897 632.0 
82.014 633.0 
82.283 634.0 
81.968 635.0 
82.003 636.0 
82.084 637.0 
81.932 638.0 
82.014 639.0 
82.061 640.0 
81.862 641.0 
81.968 642.0 
82.049 643.0 
81.921 644.0 
81.956 645.0 
81.968 646.0 
82.084 647.0 
81.932 648.0 
81.932 649.0 
82.026 650.0 
81.886 651.0 
81.897 652.0 
82.026 653.0 
82.049 654.0 
81.932 655.0 
81.968 656.0 
82.003 657.0 
82.061 658.0 
81.956 659.0 
81.979 660.0 
82.026 661.0 
82.049 662.0 
81.897 663.0 
81.956 664.0 
82.014 665.0 
82.061 666.0 
81.921 667.0 
81.968 668.0 
81.979 669.0 
82.049 670.0 
81.932 671.0 
81.956 672.0 
81.991 673.0 
82.038 674.0 
82.003 675.0 
81.897 676.0 
81.956 677.0 
82.026 678.0 
81.991 679.0 
82.026 680.0 
81.897 681.0 
81.909 682.0 
81.968 683.0 
82.038 684.0 
82.038 685.0 
82.084 686.0 
81.909 687.0 
81.944 688.0 
81.979 689.0 
82.003 690.0 
82.049 691.0 
82.108 692.0 
81.909 693.0 
81.909 694.0 
81.944 695.0 
81.991 696.0 
82.014 697.0 
82.061 698.0 
81.827 699.0 
81.897 700.0 
81.897 701.0 
81.991 702.0 
81.968 703.0 
82.014 704.0 
81.991 705.0 
82.073 706.0 
81.921 707.0 
81.909 708.0 
81.921 709.0 
81.968 710.0 
82.003 711.0 
82.026 712.0 
82.038 713.0 
82.049 714.0 
81.968 715.0 
81.897 716.0 
81.921 717.0 
81.956 718.0 
81.956 719.0 
81.991 720.0 
82.003 721.0 
82.026 722.0 
81.979 723.0 
82.061 724.0 
82.061 725.0 
81.886 726.0 
81.874 727.0 
81.897 728.0 
81.944 729.0 
81.944 730.0 
81.968 731.0 
81.979 732.0 
81.991 733.0 
82.014 734.0 
82.049 735.0 
82.038 736.0 
82.049 737.0 
82.073 738.0 
81.862 739.0 
81.862 740.0 
81.886 741.0 
81.897 742.0 
81.909 743.0 
81.909 744.0 
81.886 745.0 
81.897 746.0 
81.921 747.0 
81.944 748.0 
81.932 749.0 
81.932 750.0 
81.921 751.0 
81.956 752.0 
81.968 753.0 
81.979 754.0 
82.014 755.0 
81.956 756.0 
81.968 757.0 
81.944 758.0 
82.014 759.0 
81.991 760.0 
81.968 761.0 
81.991 762.0 
81.991 763.0 
82.014 764.0 
81.991 765.0 
81.979 766.0 
82.026 767.0 
81.979 768.0 
82.003 769.0 
82.003 770.0 
82.014 771.0 
81.979 772.0 
82.038 773.0 
82.003 774.0 
81.991 775.0 
82.003 776.0 
81.979 777.0 
81.991 778.0 
82.014 779.0 
81.968 780.0 
81.979 781.0 
81.968 782.0 
82.003 783.0 
81.979 784.0 
81.991 785.0 
81.979 786.0 
81.979 787.0 
81.979 788.0 
81.968 789.0 
81.979 790.0 
82.003 791.0 
82.014 792.0 
81.979 793.0 
81.979 794.0 
81.968 795.0 
81.991 796.0 
81.968 797.0 
81.991 798.0 
82.003 799.0 
81.979 800.0 
81.968 801.0 
82.003 802.0 
81.956 803.0 
81.979 804.0 
0.008 805.0 
0.006 806.0 
0.008 807.0 
0.004 808.0 
-0.001 809.0 
-0.016 810.0 
-0.013 811.0 
-0.013 812.0 
-0.022 813.0 
-0.024 814.0 
-0.029 815.0 
-0.032 816.0 
-0.036 817.0 
-0.032 818.0 
-0.032 819.0 
-0.035 820.0 
-0.044 821.0 
-0.036 822.0 
-0.037 823.0 
-0.04 824.0 
-0.038 825.0 
-0.036 826.0 
-0.026 827.0 
-0.025 828.0 
-0.024 829.0 
