-0.025 257.0 
-0.04 258.0 
-0.017 259.0 
-0.03 260.0 
-0.028 261.0 
-0.02 262.0 
-0.011 263.0 
-0.007 264.0 
-0.02 265.0 
-0.061 266.0 
-0.029 267.0 
-0.019 268.0 
-0.011 269.0 
-0.02 270.0 
-0.042 271.0 
-0.047 272.0 
-0.031 273.0 
-0.02 274.0 
145.563 275.0 
142.456 276.0 
141.206 277.0 
139.338 278.0 
137.072 279.0 
134.584 280.0 
132.26 281.0 
129.106 282.0 
125.731 283.0 
124.073 284.0 
123.652 285.0 
123.208 286.0 
122.951 287.0 
122.741 288.0 
122.472 289.0 
121.842 290.0 
121.631 291.0 
121.398 292.0 
121.188 293.0 
120.732 294.0 
120.615 295.0 
120.487 296.0 
120.639 297.0 
119.821 298.0 
119.623 299.0 
119.249 300.0 
118.957 301.0 
118.875 302.0 
118.349 303.0 
118.268 304.0 
117.801 305.0 
117.392 306.0 
116.06 307.0 
113.818 308.0 
111.505 309.0 
108.106 310.0 
104.754 311.0 
100.83 312.0 
97.279 313.0 
93.542 314.0 
89.641 315.0 
85.705 316.0 
82.073 317.0 
78.931 318.0 
78.137 319.0 
78.44 320.0 
78.23 321.0 
78.242 322.0 
78.137 323.0 
78.16 324.0 
78.078 325.0 
77.985 326.0 
78.067 327.0 
77.985 328.0 
78.067 329.0 
78.102 330.0 
78.008 331.0 
77.985 332.0 
78.102 333.0 
78.008 334.0 
77.926 335.0 
78.09 336.0 
78.137 337.0 
78.008 338.0 
78.008 339.0 
78.008 340.0 
78.043 341.0 
78.008 342.0 
78.031 343.0 
78.067 344.0 
78.02 345.0 
77.996 346.0 
77.961 347.0 
77.95 348.0 
78.067 349.0 
78.043 350.0 
78.043 351.0 
78.043 352.0 
77.973 353.0 
77.985 354.0 
77.926 355.0 
78.067 356.0 
78.113 357.0 
78.031 358.0 
78.113 359.0 
78.043 360.0 
78.078 361.0 
78.043 362.0 
78.078 363.0 
77.973 364.0 
77.985 365.0 
78.008 366.0 
78.067 367.0 
78.043 368.0 
78.031 369.0 
78.031 370.0 
78.055 371.0 
78.043 372.0 
78.055 373.0 
78.067 374.0 
78.405 375.0 
78.055 376.0 
78.02 377.0 
77.996 378.0 
78.008 379.0 
77.996 380.0 
78.055 381.0 
78.055 382.0 
78.02 383.0 
78.008 384.0 
77.938 385.0 
78.043 386.0 
77.95 387.0 
77.961 388.0 
78.031 389.0 
78.008 390.0 
78.02 391.0 
77.973 392.0 
78.067 393.0 
77.915 394.0 
78.008 395.0 
78.113 396.0 
77.973 397.0 
78.02 398.0 
77.903 399.0 
77.938 400.0 
78.078 401.0 
78.043 402.0 
78.102 403.0 
78.043 404.0 
78.008 405.0 
77.938 406.0 
77.996 407.0 
77.926 408.0 
78.02 409.0 
77.915 410.0 
77.973 411.0 
78.031 412.0 
78.102 413.0 
78.02 414.0 
77.985 415.0 
78.031 416.0 
77.95 417.0 
78.008 418.0 
78.02 419.0 
77.961 420.0 
77.985 421.0 
78.031 422.0 
78.055 423.0 
77.973 424.0 
77.996 425.0 
77.996 426.0 
78.031 427.0 
77.973 428.0 
77.985 429.0 
77.961 430.0 
78.02 431.0 
78.008 432.0 
78.031 433.0 
77.903 434.0 
77.961 435.0 
77.961 436.0 
78.031 437.0 
77.961 438.0 
77.938 439.0 
77.95 440.0 
77.961 441.0 
77.926 442.0 
77.95 443.0 
77.938 444.0 
77.926 445.0 
77.926 446.0 
78.008 447.0 
78.02 448.0 
78.312 449.0 
78.078 450.0 
77.985 451.0 
77.961 452.0 
77.961 453.0 
77.926 454.0 
78.02 455.0 
77.821 456.0 
77.961 457.0 
77.926 458.0 
78.055 459.0 
78.031 460.0 
77.985 461.0 
77.95 462.0 
78.067 463.0 
77.973 464.0 
77.95 465.0 
78.043 466.0 
77.973 467.0 
77.926 468.0 
78.008 469.0 
77.938 470.0 
77.961 471.0 
78.008 472.0 
77.845 473.0 
77.95 474.0 
78.043 475.0 
78.008 476.0 
77.95 477.0 
77.985 478.0 
77.926 479.0 
77.961 480.0 
78.055 481.0 
77.996 482.0 
78.055 483.0 
77.996 484.0 
77.996 485.0 
77.891 486.0 
77.95 487.0 
78.008 488.0 
77.915 489.0 
77.95 490.0 
78.031 491.0 
77.938 492.0 
77.915 493.0 
78.02 494.0 
77.938 495.0 
77.903 496.0 
77.985 497.0 
78.02 498.0 
77.915 499.0 
77.961 500.0 
77.926 501.0 
78.008 502.0 
77.903 503.0 
77.926 504.0 
77.95 505.0 
77.95 506.0 
77.856 507.0 
77.961 508.0 
77.821 509.0 
77.88 510.0 
77.915 511.0 
77.926 512.0 
77.95 513.0 
77.961 514.0 
78.218 515.0 
77.903 516.0 
78.288 517.0 
77.845 518.0 
77.856 519.0 
77.868 520.0 
77.868 521.0 
77.845 522.0 
77.903 523.0 
77.868 524.0 
77.856 525.0 
77.856 526.0 
77.775 527.0 
77.798 528.0 
77.833 529.0 
77.775 530.0 
77.786 531.0 
77.938 532.0 
78.347 533.0 
77.856 534.0 
77.856 535.0 
77.856 536.0 
77.833 537.0 
77.728 538.0 
77.716 539.0 
77.704 540.0 
77.798 541.0 
77.739 542.0 
77.739 543.0 
77.704 544.0 
77.634 545.0 
77.611 546.0 
77.704 547.0 
77.611 548.0 
77.634 549.0 
77.588 550.0 
77.529 551.0 
77.669 552.0 
77.588 553.0 
77.576 554.0 
77.553 555.0 
77.681 556.0 
77.611 557.0 
77.576 558.0 
77.354 559.0 
77.634 560.0 
77.599 561.0 
77.553 562.0 
77.646 563.0 
77.553 564.0 
77.494 565.0 
77.623 566.0 
77.611 567.0 
77.518 568.0 
77.564 569.0 
77.529 570.0 
77.634 571.0 
77.599 572.0 
77.506 573.0 
77.611 574.0 
77.553 575.0 
78.102 576.0 
77.588 577.0 
77.599 578.0 
77.681 579.0 
77.599 580.0 
77.693 581.0 
77.599 582.0 
77.693 583.0 
77.658 584.0 
77.342 585.0 
77.611 586.0 
77.541 587.0 
77.634 588.0 
77.553 589.0 
77.669 590.0 
77.576 591.0 
77.658 592.0 
77.564 593.0 
77.646 594.0 
77.564 595.0 
77.646 596.0 
77.553 597.0 
77.599 598.0 
77.564 599.0 
77.623 600.0 
77.704 601.0 
77.599 602.0 
77.669 603.0 
77.599 604.0 
77.681 605.0 
77.576 606.0 
77.634 607.0 
77.541 608.0 
77.623 609.0 
77.669 610.0 
77.599 611.0 
77.669 612.0 
77.564 613.0 
77.611 614.0 
77.541 615.0 
77.588 616.0 
77.693 617.0 
77.518 618.0 
77.646 619.0 
77.424 620.0 
77.588 621.0 
77.681 622.0 
77.529 623.0 
77.623 624.0 
77.646 625.0 
77.529 626.0 
77.646 627.0 
77.669 628.0 
77.541 629.0 
77.634 630.0 
77.728 631.0 
77.564 632.0 
77.669 633.0 
77.926 634.0 
77.588 635.0 
77.658 636.0 
77.704 637.0 
77.576 638.0 
77.599 639.0 
77.693 640.0 
77.564 641.0 
77.529 642.0 
77.669 643.0 
77.529 644.0 
77.576 645.0 
77.646 646.0 
77.693 647.0 
77.553 648.0 
77.588 649.0 
77.669 650.0 
77.506 651.0 
77.494 652.0 
77.588 653.0 
77.658 654.0 
77.541 655.0 
77.588 656.0 
77.658 657.0 
77.658 658.0 
77.541 659.0 
77.611 660.0 
77.681 661.0 
77.623 662.0 
77.553 663.0 
77.623 664.0 
77.634 665.0 
77.704 666.0 
77.529 667.0 
77.611 668.0 
77.634 669.0 
77.693 670.0 
77.541 671.0 
77.564 672.0 
77.611 673.0 
77.599 674.0 
77.658 675.0 
77.541 676.0 
77.564 677.0 
77.611 678.0 
77.623 679.0 
77.693 680.0 
77.518 681.0 
77.541 682.0 
77.634 683.0 
77.646 684.0 
77.681 685.0 
77.681 686.0 
77.494 687.0 
77.564 688.0 
77.588 689.0 
77.623 690.0 
77.646 691.0 
77.681 692.0 
77.553 693.0 
77.553 694.0 
77.588 695.0 
77.599 696.0 
77.564 697.0 
77.681 698.0 
77.459 699.0 
77.529 700.0 
77.564 701.0 
77.564 702.0 
77.623 703.0 
77.646 704.0 
77.599 705.0 
77.681 706.0 
77.506 707.0 
77.518 708.0 
77.553 709.0 
77.588 710.0 
77.588 711.0 
77.623 712.0 
77.658 713.0 
77.669 714.0 
77.436 715.0 
77.483 716.0 
77.506 717.0 
77.576 718.0 
77.564 719.0 
77.588 720.0 
77.611 721.0 
77.623 722.0 
77.658 723.0 
77.704 724.0 
77.693 725.0 
77.518 726.0 
77.506 727.0 
77.564 728.0 
77.564 729.0 
77.576 730.0 
77.599 731.0 
77.611 732.0 
77.623 733.0 
77.576 734.0 
77.611 735.0 
77.681 736.0 
77.693 737.0 
77.693 738.0 
77.506 739.0 
77.506 740.0 
77.529 741.0 
77.518 742.0 
77.541 743.0 
77.564 744.0 
77.541 745.0 
77.576 746.0 
77.576 747.0 
77.553 748.0 
77.576 749.0 
77.564 750.0 
77.564 751.0 
77.588 752.0 
77.541 753.0 
77.576 754.0 
77.599 755.0 
77.599 756.0 
77.611 757.0 
77.588 758.0 
77.599 759.0 
77.634 760.0 
77.634 761.0 
77.611 762.0 
77.634 763.0 
77.623 764.0 
77.623 765.0 
77.623 766.0 
77.611 767.0 
77.611 768.0 
77.634 769.0 
77.634 770.0 
77.634 771.0 
77.623 772.0 
77.599 773.0 
77.611 774.0 
77.623 775.0 
77.646 776.0 
77.669 777.0 
77.611 778.0 
77.623 779.0 
77.599 780.0 
77.623 781.0 
77.634 782.0 
77.611 783.0 
77.646 784.0 
77.611 785.0 
77.599 786.0 
77.564 787.0 
77.588 788.0 
77.623 789.0 
77.646 790.0 
77.623 791.0 
77.634 792.0 
77.611 793.0 
77.623 794.0 
77.588 795.0 
77.611 796.0 
77.611 797.0 
77.611 798.0 
77.611 799.0 
77.634 800.0 
77.611 801.0 
77.611 802.0 
77.611 803.0 
77.623 804.0 
0.006 805.0 
0.001 806.0 
-0.001 807.0 
0.007 808.0 
0.011 809.0 
-0.01 810.0 
-0.014 811.0 
-0.004 812.0 
-0.013 813.0 
-0.013 814.0 
-0.02 815.0 
-0.023 816.0 
-0.025 817.0 
-0.028 818.0 
-0.025 819.0 
-0.028 820.0 
-0.025 821.0 
-0.031 822.0 
-0.028 823.0 
-0.008 824.0 
-0.03 825.0 
-0.025 826.0 
-0.025 827.0 
-0.019 828.0 
-0.007 829.0 
