-0.043 257.0 
-0.052 258.0 
-0.035 259.0 
-0.053 260.0 
-0.055 261.0 
-0.025 262.0 
-0.044 263.0 
-0.044 264.0 
-0.03 265.0 
-0.047 266.0 
-0.048 267.0 
-0.055 268.0 
-0.032 269.0 
-0.042 270.0 
-0.037 271.0 
-0.049 272.0 
-0.034 273.0 
-0.046 274.0 
147.864 275.0 
144.594 276.0 
143.274 277.0 
141.709 278.0 
139.898 279.0 
137.738 280.0 
135.834 281.0 
133.44 282.0 
130.485 283.0 
129.118 284.0 
128.721 285.0 
128.347 286.0 
128.219 287.0 
127.927 288.0 
127.717 289.0 
127.074 290.0 
126.876 291.0 
126.642 292.0 
126.443 293.0 
126.35 294.0 
125.789 295.0 
125.661 296.0 
125.567 297.0 
125.007 298.0 
124.82 299.0 
124.715 300.0 
124.189 301.0 
124.084 302.0 
123.594 303.0 
123.477 304.0 
123.348 305.0 
122.659 306.0 
121.269 307.0 
118.688 308.0 
115.57 309.0 
111.388 310.0 
107.067 311.0 
102.594 312.0 
98.284 313.0 
93.904 314.0 
89.991 315.0 
85.939 316.0 
82.283 317.0 
79.55 318.0 
79.421 319.0 
79.176 320.0 
78.896 321.0 
79.048 322.0 
78.989 323.0 
79.059 324.0 
78.966 325.0 
79.258 326.0 
78.942 327.0 
78.896 328.0 
79.083 329.0 
78.989 330.0 
78.907 331.0 
78.966 332.0 
78.978 333.0 
78.896 334.0 
79.024 335.0 
78.989 336.0 
78.966 337.0 
78.872 338.0 
79.048 339.0 
78.931 340.0 
78.942 341.0 
78.884 342.0 
78.592 343.0 
78.954 344.0 
78.942 345.0 
78.884 346.0 
78.896 347.0 
79.001 348.0 
78.978 349.0 
78.978 350.0 
78.884 351.0 
78.966 352.0 
78.931 353.0 
78.837 354.0 
79.036 355.0 
78.954 356.0 
78.989 357.0 
78.919 358.0 
79.013 359.0 
78.954 360.0 
79.001 361.0 
78.919 362.0 
78.978 363.0 
78.907 364.0 
78.919 365.0 
78.931 366.0 
78.989 367.0 
78.919 368.0 
78.954 369.0 
78.931 370.0 
78.954 371.0 
78.966 372.0 
78.978 373.0 
79.001 374.0 
79.036 375.0 
79.001 376.0 
78.826 377.0 
78.942 378.0 
78.907 379.0 
78.931 380.0 
78.919 381.0 
79.036 382.0 
78.931 383.0 
78.931 384.0 
78.919 385.0 
79.001 386.0 
78.907 387.0 
78.884 388.0 
78.966 389.0 
78.954 390.0 
78.931 391.0 
78.907 392.0 
78.989 393.0 
78.849 394.0 
78.919 395.0 
79.013 396.0 
78.872 397.0 
78.978 398.0 
78.849 399.0 
78.872 400.0 
78.989 401.0 
79.001 402.0 
79.048 403.0 
78.978 404.0 
78.931 405.0 
78.861 406.0 
78.954 407.0 
78.931 408.0 
78.966 409.0 
78.861 410.0 
78.907 411.0 
78.954 412.0 
78.989 413.0 
78.989 414.0 
78.861 415.0 
78.954 416.0 
78.872 417.0 
79.164 418.0 
78.966 419.0 
78.861 420.0 
78.931 421.0 
78.978 422.0 
78.989 423.0 
78.919 424.0 
78.896 425.0 
78.954 426.0 
78.978 427.0 
78.919 428.0 
78.896 429.0 
78.931 430.0 
78.942 431.0 
78.942 432.0 
78.954 433.0 
78.849 434.0 
78.872 435.0 
78.966 436.0 
79.106 437.0 
78.896 438.0 
78.919 439.0 
78.872 440.0 
78.907 441.0 
78.896 442.0 
78.919 443.0 
78.907 444.0 
78.896 445.0 
78.849 446.0 
78.989 447.0 
78.989 448.0 
78.907 449.0 
78.942 450.0 
78.872 451.0 
78.861 452.0 
78.884 453.0 
78.826 454.0 
78.931 455.0 
78.931 456.0 
78.872 457.0 
78.884 458.0 
78.954 459.0 
78.978 460.0 
78.907 461.0 
78.884 462.0 
79.013 463.0 
78.931 464.0 
78.942 465.0 
78.978 466.0 
78.919 467.0 
78.849 468.0 
78.954 469.0 
78.907 470.0 
78.954 471.0 
78.896 472.0 
79.024 473.0 
78.931 474.0 
78.954 475.0 
78.896 476.0 
78.872 477.0 
78.919 478.0 
78.826 479.0 
78.907 480.0 
78.989 481.0 
78.931 482.0 
79.001 483.0 
78.861 484.0 
78.942 485.0 
78.896 486.0 
78.884 487.0 
78.954 488.0 
78.978 489.0 
78.919 490.0 
78.954 491.0 
79.001 492.0 
78.919 493.0 
78.919 494.0 
78.884 495.0 
78.826 496.0 
78.907 497.0 
78.954 498.0 
78.791 499.0 
78.779 500.0 
78.919 501.0 
78.931 502.0 
78.837 503.0 
78.872 504.0 
78.861 505.0 
78.861 506.0 
78.954 507.0 
78.989 508.0 
78.814 509.0 
78.896 510.0 
78.826 511.0 
78.861 512.0 
78.884 513.0 
78.896 514.0 
78.907 515.0 
78.942 516.0 
78.919 517.0 
78.744 518.0 
78.721 519.0 
78.756 520.0 
78.802 521.0 
78.814 522.0 
78.837 523.0 
78.802 524.0 
78.826 525.0 
78.802 526.0 
78.791 527.0 
78.767 528.0 
78.756 529.0 
78.756 530.0 
78.779 531.0 
78.896 532.0 
78.849 533.0 
78.791 534.0 
78.837 535.0 
78.791 536.0 
78.744 537.0 
78.697 538.0 
78.627 539.0 
78.627 540.0 
78.721 541.0 
78.697 542.0 
78.662 543.0 
78.604 544.0 
78.58 545.0 
78.522 546.0 
78.662 547.0 
78.592 548.0 
78.58 549.0 
78.51 550.0 
78.475 551.0 
78.557 552.0 
78.522 553.0 
78.452 554.0 
78.44 555.0 
78.545 556.0 
78.522 557.0 
78.487 558.0 
78.604 559.0 
78.534 560.0 
78.475 561.0 
78.44 562.0 
78.545 563.0 
78.487 564.0 
78.347 565.0 
78.569 566.0 
78.627 567.0 
78.429 568.0 
78.522 569.0 
78.499 570.0 
78.58 571.0 
78.475 572.0 
78.429 573.0 
78.464 574.0 
78.475 575.0 
78.545 576.0 
78.475 577.0 
78.464 578.0 
78.557 579.0 
78.487 580.0 
78.592 581.0 
78.557 582.0 
78.639 583.0 
78.58 584.0 
78.65 585.0 
78.557 586.0 
78.487 587.0 
78.58 588.0 
78.487 589.0 
78.569 590.0 
78.487 591.0 
78.545 592.0 
78.475 593.0 
78.534 594.0 
78.487 595.0 
78.545 596.0 
78.464 597.0 
78.569 598.0 
78.475 599.0 
78.522 600.0 
78.615 601.0 
78.522 602.0 
78.592 603.0 
78.51 604.0 
78.592 605.0 
78.464 606.0 
78.569 607.0 
78.452 608.0 
78.534 609.0 
78.615 610.0 
78.499 611.0 
78.58 612.0 
78.44 613.0 
78.569 614.0 
78.452 615.0 
78.522 616.0 
78.592 617.0 
78.475 618.0 
78.545 619.0 
78.218 620.0 
78.522 621.0 
78.51 622.0 
78.429 623.0 
78.499 624.0 
78.592 625.0 
78.487 626.0 
78.58 627.0 
78.58 628.0 
78.499 629.0 
78.545 630.0 
78.592 631.0 
78.405 632.0 
78.545 633.0 
78.615 634.0 
78.475 635.0 
78.545 636.0 
78.569 637.0 
78.464 638.0 
78.51 639.0 
78.58 640.0 
78.464 641.0 
78.522 642.0 
78.58 643.0 
78.452 644.0 
78.487 645.0 
78.545 646.0 
78.604 647.0 
78.487 648.0 
78.487 649.0 
78.569 650.0 
78.452 651.0 
78.464 652.0 
78.522 653.0 
78.58 654.0 
78.464 655.0 
78.499 656.0 
78.487 657.0 
78.58 658.0 
78.464 659.0 
78.522 660.0 
78.58 661.0 
78.627 662.0 
78.417 663.0 
78.51 664.0 
78.569 665.0 
78.58 666.0 
78.452 667.0 
78.499 668.0 
78.557 669.0 
78.592 670.0 
78.464 671.0 
78.487 672.0 
78.51 673.0 
78.522 674.0 
78.592 675.0 
78.417 676.0 
78.475 677.0 
78.534 678.0 
78.487 679.0 
78.615 680.0 
78.429 681.0 
78.475 682.0 
78.487 683.0 
78.545 684.0 
78.569 685.0 
78.604 686.0 
78.452 687.0 
78.487 688.0 
78.51 689.0 
78.534 690.0 
78.569 691.0 
78.604 692.0 
78.405 693.0 
78.475 694.0 
78.487 695.0 
78.534 696.0 
78.569 697.0 
78.615 698.0 
77.985 699.0 
78.429 700.0 
78.464 701.0 
78.487 702.0 
78.522 703.0 
78.499 704.0 
78.58 705.0 
78.65 706.0 
78.452 707.0 
78.487 708.0 
78.464 709.0 
78.522 710.0 
78.499 711.0 
78.569 712.0 
78.58 713.0 
78.569 714.0 
78.615 715.0 
78.417 716.0 
78.44 717.0 
78.475 718.0 
78.499 719.0 
78.499 720.0 
78.534 721.0 
78.569 722.0 
78.569 723.0 
78.604 724.0 
78.604 725.0 
78.394 726.0 
78.405 727.0 
78.464 728.0 
78.475 729.0 
78.487 730.0 
78.534 731.0 
78.51 732.0 
78.545 733.0 
78.58 734.0 
78.569 735.0 
78.545 736.0 
78.592 737.0 
78.58 738.0 
78.323 739.0 
78.405 740.0 
78.405 741.0 
78.452 742.0 
78.475 743.0 
78.452 744.0 
78.452 745.0 
78.464 746.0 
78.464 747.0 
78.475 748.0 
78.487 749.0 
78.475 750.0 
78.464 751.0 
78.487 752.0 
78.487 753.0 
78.487 754.0 
78.499 755.0 
78.487 756.0 
78.499 757.0 
78.499 758.0 
78.522 759.0 
78.51 760.0 
78.557 761.0 
78.534 762.0 
78.545 763.0 
78.557 764.0 
78.545 765.0 
78.522 766.0 
78.545 767.0 
78.545 768.0 
78.557 769.0 
78.569 770.0 
78.534 771.0 
78.522 772.0 
78.51 773.0 
78.534 774.0 
78.557 775.0 
78.51 776.0 
78.522 777.0 
78.545 778.0 
78.522 779.0 
78.475 780.0 
78.545 781.0 
78.557 782.0 
78.557 783.0 
78.51 784.0 
78.545 785.0 
78.534 786.0 
78.522 787.0 
78.51 788.0 
78.557 789.0 
78.545 790.0 
78.534 791.0 
78.534 792.0 
78.499 793.0 
78.522 794.0 
78.534 795.0 
78.499 796.0 
78.522 797.0 
78.522 798.0 
78.499 799.0 
78.487 800.0 
78.534 801.0 
78.557 802.0 
78.545 803.0 
78.534 804.0 
0.004 805.0 
0.005 806.0 
-0.004 807.0 
0.004 808.0 
0.002 809.0 
0.004 810.0 
0.008 811.0 
-0.006 812.0 
0.0 813.0 
-0.004 814.0 
0.005 815.0 
-0.001 816.0 
-0.007 817.0 
-0.008 818.0 
-0.002 819.0 
-0.008 820.0 
-0.008 821.0 
-0.016 822.0 
-0.013 823.0 
-0.011 824.0 
-0.016 825.0 
-0.018 826.0 
-0.02 827.0 
-0.022 828.0 
-0.022 829.0 
