-0.041 257.0 
-0.038 258.0 
-0.054 259.0 
-0.035 260.0 
-0.031 261.0 
-0.066 262.0 
-0.066 263.0 
-0.025 264.0 
-0.01 265.0 
-0.028 266.0 
-0.041 267.0 
-0.031 268.0 
-0.038 269.0 
-0.019 270.0 
-0.04 271.0 
-0.046 272.0 
-0.064 273.0 
-0.031 274.0 
147.864 275.0 
144.699 276.0 
143.589 277.0 
142.211 278.0 
140.623 279.0 
138.509 280.0 
136.675 281.0 
134.526 282.0 
131.162 283.0 
129.609 284.0 
129.2 285.0 
128.826 286.0 
128.534 287.0 
128.219 288.0 
127.915 289.0 
127.238 290.0 
127.133 291.0 
126.864 292.0 
126.619 293.0 
126.514 294.0 
125.953 295.0 
125.766 296.0 
125.743 297.0 
125.147 298.0 
124.948 299.0 
124.878 300.0 
124.306 301.0 
124.236 302.0 
123.664 303.0 
123.594 304.0 
123.442 305.0 
122.811 306.0 
121.561 307.0 
119.272 308.0 
116.422 309.0 
112.638 310.0 
108.726 311.0 
104.17 312.0 
100.176 313.0 
95.749 314.0 
91.954 315.0 
87.819 316.0 
84.21 317.0 
81.197 318.0 
81.045 319.0 
80.846 320.0 
80.718 321.0 
80.718 322.0 
80.589 323.0 
80.694 324.0 
80.648 325.0 
80.519 326.0 
80.624 327.0 
80.531 328.0 
80.706 329.0 
80.648 330.0 
80.578 331.0 
80.636 332.0 
80.624 333.0 
80.578 334.0 
80.624 335.0 
80.624 336.0 
80.636 337.0 
80.508 338.0 
80.683 339.0 
80.589 340.0 
80.589 341.0 
80.566 342.0 
80.449 343.0 
80.613 344.0 
80.613 345.0 
80.554 346.0 
80.519 347.0 
80.496 348.0 
80.624 349.0 
80.578 350.0 
80.554 351.0 
80.578 352.0 
80.554 353.0 
80.484 354.0 
80.624 355.0 
80.578 356.0 
80.648 357.0 
80.601 358.0 
80.624 359.0 
80.613 360.0 
80.601 361.0 
80.566 362.0 
80.589 363.0 
80.543 364.0 
80.578 365.0 
80.589 366.0 
80.589 367.0 
80.496 368.0 
80.508 369.0 
80.543 370.0 
80.578 371.0 
80.589 372.0 
80.636 373.0 
80.648 374.0 
80.613 375.0 
80.893 376.0 
80.484 377.0 
80.578 378.0 
80.578 379.0 
80.554 380.0 
80.589 381.0 
80.659 382.0 
80.578 383.0 
80.566 384.0 
80.543 385.0 
80.648 386.0 
80.508 387.0 
80.508 388.0 
80.589 389.0 
80.578 390.0 
80.566 391.0 
80.496 392.0 
80.636 393.0 
80.484 394.0 
80.578 395.0 
80.659 396.0 
80.531 397.0 
80.578 398.0 
80.484 399.0 
80.531 400.0 
80.613 401.0 
80.554 402.0 
80.671 403.0 
80.624 404.0 
80.578 405.0 
80.543 406.0 
80.566 407.0 
80.508 408.0 
80.566 409.0 
80.508 410.0 
80.554 411.0 
80.636 412.0 
80.928 413.0 
80.578 414.0 
80.519 415.0 
80.589 416.0 
80.496 417.0 
80.648 418.0 
80.601 419.0 
80.543 420.0 
80.554 421.0 
80.589 422.0 
80.624 423.0 
80.543 424.0 
80.554 425.0 
80.636 426.0 
80.613 427.0 
80.531 428.0 
80.543 429.0 
80.508 430.0 
80.601 431.0 
80.578 432.0 
80.613 433.0 
80.461 434.0 
80.531 435.0 
80.543 436.0 
80.624 437.0 
80.531 438.0 
80.484 439.0 
80.531 440.0 
80.519 441.0 
80.508 442.0 
80.566 443.0 
80.554 444.0 
80.578 445.0 
80.496 446.0 
80.648 447.0 
80.613 448.0 
80.589 449.0 
80.951 450.0 
80.543 451.0 
80.554 452.0 
80.519 453.0 
80.496 454.0 
80.613 455.0 
80.414 456.0 
80.508 457.0 
80.531 458.0 
80.601 459.0 
80.613 460.0 
80.554 461.0 
80.543 462.0 
80.601 463.0 
80.613 464.0 
80.589 465.0 
80.648 466.0 
80.566 467.0 
80.508 468.0 
80.578 469.0 
80.531 470.0 
80.496 471.0 
80.554 472.0 
80.449 473.0 
80.566 474.0 
80.624 475.0 
80.531 476.0 
80.484 477.0 
80.543 478.0 
80.473 479.0 
80.566 480.0 
80.648 481.0 
80.531 482.0 
80.589 483.0 
80.519 484.0 
80.589 485.0 
80.508 486.0 
80.519 487.0 
80.613 488.0 
80.496 489.0 
80.554 490.0 
80.613 491.0 
80.543 492.0 
80.531 493.0 
80.578 494.0 
80.508 495.0 
80.484 496.0 
80.543 497.0 
80.636 498.0 
80.473 499.0 
80.484 500.0 
80.578 501.0 
80.601 502.0 
80.473 503.0 
80.461 504.0 
80.543 505.0 
80.554 506.0 
80.496 507.0 
80.543 508.0 
80.449 509.0 
80.484 510.0 
80.508 511.0 
80.531 512.0 
80.496 513.0 
80.566 514.0 
80.566 515.0 
80.566 516.0 
80.613 517.0 
80.321 518.0 
80.426 519.0 
80.391 520.0 
80.449 521.0 
80.449 522.0 
80.461 523.0 
80.449 524.0 
80.437 525.0 
80.426 526.0 
80.437 527.0 
80.332 528.0 
80.379 529.0 
80.321 530.0 
80.332 531.0 
80.496 532.0 
80.449 533.0 
80.426 534.0 
80.426 535.0 
80.356 536.0 
80.344 537.0 
80.274 538.0 
80.251 539.0 
80.227 540.0 
80.344 541.0 
80.192 542.0 
80.216 543.0 
80.227 544.0 
80.181 545.0 
80.099 546.0 
80.216 547.0 
80.181 548.0 
80.134 549.0 
80.075 550.0 
80.029 551.0 
80.157 552.0 
80.099 553.0 
80.04 554.0 
80.052 555.0 
80.145 556.0 
80.099 557.0 
80.075 558.0 
79.667 559.0 
80.122 560.0 
80.064 561.0 
79.994 562.0 
80.11 563.0 
80.005 564.0 
79.994 565.0 
80.122 566.0 
80.11 567.0 
79.935 568.0 
80.029 569.0 
80.052 570.0 
80.145 571.0 
80.052 572.0 
79.982 573.0 
80.099 574.0 
80.017 575.0 
80.414 576.0 
80.029 577.0 
80.029 578.0 
80.169 579.0 
80.099 580.0 
80.181 581.0 
80.122 582.0 
80.157 583.0 
80.122 584.0 
79.818 585.0 
80.169 586.0 
80.064 587.0 
80.157 588.0 
80.064 589.0 
80.145 590.0 
80.064 591.0 
80.145 592.0 
80.04 593.0 
80.134 594.0 
80.052 595.0 
80.099 596.0 
80.005 597.0 
80.075 598.0 
80.064 599.0 
80.134 600.0 
80.227 601.0 
80.11 602.0 
80.181 603.0 
80.099 604.0 
80.169 605.0 
80.064 606.0 
80.157 607.0 
80.029 608.0 
80.122 609.0 
80.181 610.0 
80.099 611.0 
80.181 612.0 
80.075 613.0 
80.099 614.0 
80.005 615.0 
80.04 616.0 
80.181 617.0 
80.029 618.0 
80.145 619.0 
79.912 620.0 
80.11 621.0 
80.157 622.0 
80.04 623.0 
80.122 624.0 
80.239 625.0 
80.052 626.0 
80.087 627.0 
80.157 628.0 
80.04 629.0 
80.157 630.0 
80.216 631.0 
80.052 632.0 
80.145 633.0 
80.414 634.0 
80.04 635.0 
80.145 636.0 
80.157 637.0 
80.075 638.0 
80.11 639.0 
80.169 640.0 
80.029 641.0 
80.04 642.0 
80.169 643.0 
80.017 644.0 
80.075 645.0 
80.145 646.0 
80.181 647.0 
80.064 648.0 
80.087 649.0 
80.122 650.0 
79.982 651.0 
79.97 652.0 
80.099 653.0 
80.134 654.0 
80.005 655.0 
80.04 656.0 
80.11 657.0 
80.181 658.0 
80.064 659.0 
80.099 660.0 
80.145 661.0 
80.134 662.0 
80.064 663.0 
80.087 664.0 
80.181 665.0 
80.181 666.0 
80.029 667.0 
80.064 668.0 
80.122 669.0 
80.157 670.0 
80.005 671.0 
80.052 672.0 
80.11 673.0 
80.122 674.0 
80.157 675.0 
79.994 676.0 
80.052 677.0 
80.087 678.0 
80.11 679.0 
80.216 680.0 
80.04 681.0 
80.064 682.0 
80.11 683.0 
80.134 684.0 
80.122 685.0 
80.204 686.0 
79.97 687.0 
80.029 688.0 
80.087 689.0 
80.145 690.0 
80.192 691.0 
80.169 692.0 
80.005 693.0 
80.029 694.0 
80.087 695.0 
80.099 696.0 
80.064 697.0 
80.157 698.0 
79.959 699.0 
80.017 700.0 
80.064 701.0 
80.075 702.0 
80.11 703.0 
80.122 704.0 
80.157 705.0 
80.192 706.0 
79.994 707.0 
80.029 708.0 
80.052 709.0 
80.099 710.0 
80.122 711.0 
80.11 712.0 
80.134 713.0 
80.157 714.0 
79.97 715.0 
80.017 716.0 
79.982 717.0 
80.064 718.0 
80.052 719.0 
80.087 720.0 
80.122 721.0 
80.134 722.0 
80.145 723.0 
80.192 724.0 
80.192 725.0 
80.029 726.0 
79.994 727.0 
80.052 728.0 
80.017 729.0 
80.052 730.0 
80.122 731.0 
80.087 732.0 
80.122 733.0 
80.134 734.0 
80.11 735.0 
80.075 736.0 
80.134 737.0 
80.157 738.0 
79.994 739.0 
80.017 740.0 
79.982 741.0 
80.005 742.0 
80.029 743.0 
79.994 744.0 
80.005 745.0 
80.029 746.0 
80.052 747.0 
80.052 748.0 
80.029 749.0 
80.052 750.0 
80.075 751.0 
80.052 752.0 
80.075 753.0 
80.075 754.0 
80.075 755.0 
80.099 756.0 
80.064 757.0 
80.087 758.0 
80.11 759.0 
80.145 760.0 
80.099 761.0 
80.122 762.0 
80.134 763.0 
80.134 764.0 
80.145 765.0 
80.157 766.0 
80.099 767.0 
80.122 768.0 
80.122 769.0 
80.122 770.0 
80.11 771.0 
80.099 772.0 
80.11 773.0 
80.122 774.0 
80.087 775.0 
80.099 776.0 
80.11 777.0 
80.145 778.0 
80.134 779.0 
80.134 780.0 
80.11 781.0 
80.122 782.0 
80.087 783.0 
80.11 784.0 
80.087 785.0 
80.122 786.0 
80.122 787.0 
80.11 788.0 
80.087 789.0 
80.099 790.0 
80.134 791.0 
80.122 792.0 
80.122 793.0 
80.122 794.0 
80.064 795.0 
80.064 796.0 
80.11 797.0 
80.11 798.0 
80.099 799.0 
80.087 800.0 
80.087 801.0 
80.099 802.0 
80.064 803.0 
80.11 804.0 
0.011 805.0 
0.008 806.0 
0.001 807.0 
0.002 808.0 
-0.004 809.0 
-0.013 810.0 
-0.019 811.0 
-0.034 812.0 
-0.042 813.0 
-0.05 814.0 
-0.046 815.0 
-0.054 816.0 
-0.06 817.0 
-0.061 818.0 
-0.064 819.0 
-0.065 820.0 
-0.062 821.0 
-0.065 822.0 
-0.061 823.0 
-0.052 824.0 
-0.044 825.0 
-0.05 826.0 
-0.044 827.0 
-0.034 828.0 
-0.038 829.0 
