-0.03 257.0 
-0.006 258.0 
-0.01 259.0 
-0.041 260.0 
-0.038 261.0 
-0.022 262.0 
-0.025 263.0 
-0.022 264.0 
-0.024 265.0 
-0.02 266.0 
-0.013 267.0 
0.001 268.0 
-0.022 269.0 
-0.038 270.0 
-0.025 271.0 
-0.008 272.0 
-0.026 273.0 
-0.013 274.0 
150.363 275.0 
147.093 276.0 
145.598 277.0 
143.648 278.0 
141.569 279.0 
139.057 280.0 
137.037 281.0 
134.526 282.0 
130.812 283.0 
129.118 284.0 
128.698 285.0 
128.312 286.0 
128.09 287.0 
127.868 288.0 
127.565 289.0 
126.876 290.0 
126.712 291.0 
126.443 292.0 
126.28 293.0 
126.198 294.0 
125.638 295.0 
125.451 296.0 
125.404 297.0 
124.867 298.0 
124.656 299.0 
124.551 300.0 
124.002 301.0 
123.909 302.0 
123.407 303.0 
123.325 304.0 
123.185 305.0 
122.554 306.0 
121.351 307.0 
119.225 308.0 
116.843 309.0 
113.374 310.0 
109.777 311.0 
105.584 312.0 
101.659 313.0 
97.361 314.0 
93.168 315.0 
88.94 316.0 
85.086 317.0 
82.038 318.0 
81.874 319.0 
81.64 320.0 
81.5 321.0 
81.465 322.0 
81.407 323.0 
81.419 324.0 
81.302 325.0 
81.267 326.0 
81.313 327.0 
81.278 328.0 
81.442 329.0 
81.372 330.0 
81.255 331.0 
81.337 332.0 
81.348 333.0 
81.267 334.0 
81.348 335.0 
81.325 336.0 
81.337 337.0 
81.243 338.0 
81.395 339.0 
81.278 340.0 
81.302 341.0 
81.255 342.0 
81.535 343.0 
81.325 344.0 
81.29 345.0 
81.22 346.0 
81.22 347.0 
81.302 348.0 
81.348 349.0 
81.313 350.0 
81.255 351.0 
81.313 352.0 
81.232 353.0 
81.173 354.0 
81.36 355.0 
81.313 356.0 
81.36 357.0 
81.29 358.0 
81.36 359.0 
81.325 360.0 
81.337 361.0 
81.267 362.0 
81.313 363.0 
81.255 364.0 
81.29 365.0 
81.302 366.0 
81.313 367.0 
81.255 368.0 
81.278 369.0 
81.302 370.0 
81.267 371.0 
81.325 372.0 
81.337 373.0 
81.372 374.0 
81.348 375.0 
81.605 376.0 
81.173 377.0 
81.302 378.0 
81.255 379.0 
81.29 380.0 
81.29 381.0 
81.395 382.0 
81.29 383.0 
81.255 384.0 
81.243 385.0 
81.337 386.0 
81.243 387.0 
81.255 388.0 
81.325 389.0 
81.278 390.0 
81.302 391.0 
81.243 392.0 
81.313 393.0 
81.208 394.0 
81.29 395.0 
81.348 396.0 
81.243 397.0 
81.302 398.0 
81.173 399.0 
81.185 400.0 
81.325 401.0 
81.325 402.0 
81.372 403.0 
81.278 404.0 
81.243 405.0 
81.232 406.0 
81.267 407.0 
81.267 408.0 
81.313 409.0 
81.208 410.0 
81.255 411.0 
81.337 412.0 
81.629 413.0 
81.302 414.0 
81.232 415.0 
81.313 416.0 
81.232 417.0 
81.313 418.0 
81.302 419.0 
81.243 420.0 
81.278 421.0 
81.302 422.0 
81.325 423.0 
81.255 424.0 
81.267 425.0 
81.302 426.0 
81.325 427.0 
81.267 428.0 
81.243 429.0 
81.243 430.0 
81.302 431.0 
81.313 432.0 
81.325 433.0 
81.197 434.0 
81.232 435.0 
81.267 436.0 
81.337 437.0 
81.22 438.0 
81.185 439.0 
81.278 440.0 
81.243 441.0 
81.22 442.0 
81.232 443.0 
81.278 444.0 
81.243 445.0 
81.208 446.0 
81.325 447.0 
81.337 448.0 
81.337 449.0 
81.617 450.0 
81.232 451.0 
81.22 452.0 
81.197 453.0 
81.162 454.0 
81.302 455.0 
81.29 456.0 
81.22 457.0 
81.208 458.0 
81.302 459.0 
81.337 460.0 
81.29 461.0 
81.267 462.0 
81.337 463.0 
81.278 464.0 
81.255 465.0 
81.337 466.0 
81.29 467.0 
81.232 468.0 
81.337 469.0 
81.255 470.0 
81.208 471.0 
81.255 472.0 
81.173 473.0 
81.267 474.0 
81.313 475.0 
81.255 476.0 
81.197 477.0 
81.267 478.0 
81.197 479.0 
81.267 480.0 
81.36 481.0 
81.267 482.0 
81.313 483.0 
81.208 484.0 
81.29 485.0 
81.232 486.0 
81.29 487.0 
81.302 488.0 
81.232 489.0 
81.255 490.0 
81.302 491.0 
81.243 492.0 
81.255 493.0 
81.302 494.0 
81.208 495.0 
81.208 496.0 
81.243 497.0 
81.302 498.0 
81.173 499.0 
81.232 500.0 
81.267 501.0 
81.29 502.0 
81.173 503.0 
81.173 504.0 
81.22 505.0 
81.243 506.0 
81.185 507.0 
81.278 508.0 
81.173 509.0 
81.208 510.0 
81.197 511.0 
81.22 512.0 
81.232 513.0 
81.243 514.0 
81.243 515.0 
81.313 516.0 
81.512 517.0 
81.092 518.0 
81.15 519.0 
81.173 520.0 
81.15 521.0 
81.162 522.0 
81.173 523.0 
81.138 524.0 
81.173 525.0 
81.162 526.0 
81.138 527.0 
81.127 528.0 
81.127 529.0 
81.127 530.0 
81.068 531.0 
81.208 532.0 
81.208 533.0 
81.162 534.0 
81.115 535.0 
81.092 536.0 
81.033 537.0 
80.986 538.0 
80.951 539.0 
80.905 540.0 
81.057 541.0 
80.905 542.0 
80.94 543.0 
80.916 544.0 
80.835 545.0 
80.811 546.0 
80.928 547.0 
80.87 548.0 
80.823 549.0 
80.788 550.0 
80.718 551.0 
80.858 552.0 
80.8 553.0 
80.729 554.0 
80.718 555.0 
80.858 556.0 
80.8 557.0 
80.741 558.0 
80.508 559.0 
80.811 560.0 
80.741 561.0 
80.694 562.0 
80.835 563.0 
80.683 564.0 
80.659 565.0 
80.788 566.0 
80.788 567.0 
80.683 568.0 
80.741 569.0 
80.741 570.0 
80.835 571.0 
80.788 572.0 
80.694 573.0 
80.776 574.0 
80.718 575.0 
81.115 576.0 
80.741 577.0 
80.753 578.0 
80.858 579.0 
80.776 580.0 
80.881 581.0 
80.835 582.0 
80.916 583.0 
80.835 584.0 
80.566 585.0 
80.8 586.0 
80.741 587.0 
80.893 588.0 
80.741 589.0 
80.823 590.0 
80.765 591.0 
80.8 592.0 
80.776 593.0 
80.823 594.0 
80.741 595.0 
80.765 596.0 
80.741 597.0 
80.811 598.0 
80.694 599.0 
80.823 600.0 
80.881 601.0 
80.8 602.0 
80.928 603.0 
80.776 604.0 
80.87 605.0 
80.776 606.0 
80.846 607.0 
80.741 608.0 
80.8 609.0 
80.881 610.0 
80.765 611.0 
80.87 612.0 
80.765 613.0 
80.788 614.0 
80.718 615.0 
80.706 616.0 
80.881 617.0 
80.694 618.0 
80.835 619.0 
80.578 620.0 
80.753 621.0 
80.846 622.0 
80.706 623.0 
80.811 624.0 
80.881 625.0 
80.765 626.0 
80.811 627.0 
80.881 628.0 
80.788 629.0 
80.835 630.0 
80.858 631.0 
80.729 632.0 
80.846 633.0 
81.103 634.0 
80.765 635.0 
80.835 636.0 
80.846 637.0 
80.753 638.0 
80.788 639.0 
80.858 640.0 
80.718 641.0 
80.753 642.0 
80.835 643.0 
80.718 644.0 
80.729 645.0 
80.823 646.0 
80.881 647.0 
80.776 648.0 
80.811 649.0 
80.835 650.0 
80.671 651.0 
80.659 652.0 
80.788 653.0 
80.858 654.0 
80.671 655.0 
80.706 656.0 
80.8 657.0 
80.87 658.0 
80.753 659.0 
80.765 660.0 
80.87 661.0 
80.835 662.0 
80.753 663.0 
80.8 664.0 
80.87 665.0 
80.916 666.0 
80.753 667.0 
80.8 668.0 
80.858 669.0 
80.846 670.0 
80.706 671.0 
80.753 672.0 
80.8 673.0 
80.8 674.0 
80.811 675.0 
80.718 676.0 
80.741 677.0 
80.8 678.0 
80.846 679.0 
80.881 680.0 
80.729 681.0 
80.765 682.0 
80.788 683.0 
80.811 684.0 
80.835 685.0 
80.893 686.0 
80.648 687.0 
80.776 688.0 
80.835 689.0 
80.823 690.0 
80.858 691.0 
80.858 692.0 
80.706 693.0 
80.741 694.0 
80.776 695.0 
80.811 696.0 
80.741 697.0 
80.87 698.0 
80.659 699.0 
80.706 700.0 
80.753 701.0 
80.8 702.0 
80.823 703.0 
80.846 704.0 
80.846 705.0 
80.916 706.0 
80.718 707.0 
80.729 708.0 
80.741 709.0 
80.8 710.0 
80.788 711.0 
80.811 712.0 
80.823 713.0 
80.881 714.0 
80.671 715.0 
80.729 716.0 
80.671 717.0 
80.753 718.0 
80.753 719.0 
80.776 720.0 
80.811 721.0 
80.846 722.0 
80.87 723.0 
80.905 724.0 
80.881 725.0 
80.694 726.0 
80.741 727.0 
80.741 728.0 
80.753 729.0 
80.776 730.0 
80.765 731.0 
80.8 732.0 
80.811 733.0 
80.8 734.0 
80.823 735.0 
80.835 736.0 
80.858 737.0 
80.858 738.0 
80.659 739.0 
80.671 740.0 
80.718 741.0 
80.718 742.0 
80.729 743.0 
80.729 744.0 
80.729 745.0 
80.729 746.0 
80.741 747.0 
80.753 748.0 
80.765 749.0 
80.753 750.0 
80.788 751.0 
80.741 752.0 
80.776 753.0 
80.765 754.0 
80.776 755.0 
80.776 756.0 
80.811 757.0 
80.776 758.0 
80.765 759.0 
80.811 760.0 
80.788 761.0 
80.811 762.0 
80.811 763.0 
80.811 764.0 
80.811 765.0 
80.8 766.0 
80.8 767.0 
80.823 768.0 
80.8 769.0 
80.823 770.0 
80.8 771.0 
80.811 772.0 
80.823 773.0 
80.8 774.0 
80.8 775.0 
80.811 776.0 
80.811 777.0 
80.835 778.0 
80.811 779.0 
80.8 780.0 
80.811 781.0 
80.8 782.0 
80.811 783.0 
80.8 784.0 
80.8 785.0 
80.788 786.0 
80.823 787.0 
80.811 788.0 
80.776 789.0 
80.8 790.0 
80.823 791.0 
80.811 792.0 
80.8 793.0 
80.8 794.0 
80.788 795.0 
80.8 796.0 
80.776 797.0 
80.8 798.0 
80.8 799.0 
80.741 800.0 
80.765 801.0 
80.8 802.0 
80.788 803.0 
80.811 804.0 
0.002 805.0 
0.002 806.0 
0.007 807.0 
0.004 808.0 
-0.002 809.0 
0.001 810.0 
-0.004 811.0 
-0.011 812.0 
-0.011 813.0 
-0.012 814.0 
-0.013 815.0 
-0.016 816.0 
-0.02 817.0 
-0.018 818.0 
-0.024 819.0 
-0.022 820.0 
-0.019 821.0 
-0.019 822.0 
-0.013 823.0 
-0.016 824.0 
-0.011 825.0 
-0.02 826.0 
-0.02 827.0 
-0.019 828.0 
-0.014 829.0 
