-0.019 257.0 
-0.024 258.0 
-0.06 259.0 
-0.013 260.0 
-0.018 261.0 
-0.037 262.0 
-0.052 263.0 
-0.041 264.0 
-0.032 265.0 
-0.036 266.0 
-0.059 267.0 
-0.02 268.0 
-0.049 269.0 
-0.028 270.0 
-0.013 271.0 
-0.041 272.0 
-0.018 273.0 
-0.016 274.0 
134.806 275.0 
131.921 276.0 
130.823 277.0 
129.48 278.0 
127.985 279.0 
126.175 280.0 
124.586 281.0 
122.402 282.0 
118.945 283.0 
117.368 284.0 
116.96 285.0 
116.656 286.0 
116.434 287.0 
116.247 288.0 
115.979 289.0 
115.5 290.0 
115.301 291.0 
115.103 292.0 
114.916 293.0 
114.799 294.0 
114.332 295.0 
114.25 296.0 
114.145 297.0 
113.689 298.0 
113.491 299.0 
113.374 300.0 
112.86 301.0 
112.825 302.0 
112.311 303.0 
112.241 304.0 
112.159 305.0 
111.517 306.0 
110.326 307.0 
108.305 308.0 
106.179 309.0 
103.458 310.0 
100.503 311.0 
97.011 312.0 
93.449 313.0 
89.548 314.0 
85.974 315.0 
82.108 316.0 
78.627 317.0 
76.151 318.0 
75.929 319.0 
75.696 320.0 
75.462 321.0 
75.474 322.0 
75.357 323.0 
75.427 324.0 
75.345 325.0 
75.217 326.0 
75.369 327.0 
75.287 328.0 
75.474 329.0 
75.404 330.0 
75.333 331.0 
75.392 332.0 
75.392 333.0 
75.322 334.0 
75.369 335.0 
75.392 336.0 
75.369 337.0 
75.24 338.0 
75.404 339.0 
75.275 340.0 
75.31 341.0 
75.275 342.0 
75.462 343.0 
75.298 344.0 
75.287 345.0 
75.298 346.0 
75.263 347.0 
75.404 348.0 
75.369 349.0 
75.322 350.0 
75.298 351.0 
75.31 352.0 
75.298 353.0 
75.193 354.0 
75.38 355.0 
75.333 356.0 
75.357 357.0 
75.287 358.0 
75.357 359.0 
75.357 360.0 
75.38 361.0 
75.322 362.0 
75.31 363.0 
75.275 364.0 
75.263 365.0 
75.322 366.0 
75.322 367.0 
75.298 368.0 
75.31 369.0 
75.333 370.0 
75.333 371.0 
75.322 372.0 
75.345 373.0 
75.357 374.0 
75.38 375.0 
75.742 376.0 
75.193 377.0 
75.31 378.0 
75.322 379.0 
75.322 380.0 
75.275 381.0 
75.38 382.0 
75.322 383.0 
75.275 384.0 
75.275 385.0 
75.38 386.0 
75.275 387.0 
75.252 388.0 
75.333 389.0 
75.333 390.0 
75.31 391.0 
75.298 392.0 
75.38 393.0 
75.24 394.0 
75.31 395.0 
75.427 396.0 
75.24 397.0 
75.298 398.0 
75.17 399.0 
75.275 400.0 
75.38 401.0 
75.31 402.0 
75.369 403.0 
75.345 404.0 
75.275 405.0 
75.263 406.0 
75.275 407.0 
75.263 408.0 
75.31 409.0 
75.252 410.0 
75.322 411.0 
75.345 412.0 
75.754 413.0 
75.345 414.0 
75.252 415.0 
75.345 416.0 
75.252 417.0 
75.427 418.0 
75.357 419.0 
75.287 420.0 
75.298 421.0 
75.287 422.0 
75.345 423.0 
75.263 424.0 
75.275 425.0 
75.31 426.0 
75.322 427.0 
75.275 428.0 
75.287 429.0 
75.263 430.0 
75.333 431.0 
75.333 432.0 
75.345 433.0 
75.24 434.0 
75.287 435.0 
75.31 436.0 
75.392 437.0 
75.228 438.0 
75.263 439.0 
75.287 440.0 
75.287 441.0 
75.263 442.0 
75.275 443.0 
75.287 444.0 
75.275 445.0 
75.217 446.0 
75.322 447.0 
75.345 448.0 
75.322 449.0 
75.602 450.0 
75.275 451.0 
75.275 452.0 
75.263 453.0 
75.263 454.0 
75.345 455.0 
75.345 456.0 
75.275 457.0 
75.24 458.0 
75.31 459.0 
75.357 460.0 
75.31 461.0 
75.252 462.0 
75.345 463.0 
75.275 464.0 
75.31 465.0 
75.357 466.0 
75.287 467.0 
75.263 468.0 
75.298 469.0 
75.287 470.0 
75.287 471.0 
75.275 472.0 
75.24 473.0 
75.287 474.0 
75.38 475.0 
75.322 476.0 
75.24 477.0 
75.275 478.0 
75.182 479.0 
75.263 480.0 
75.369 481.0 
75.287 482.0 
75.357 483.0 
75.252 484.0 
75.287 485.0 
75.217 486.0 
75.275 487.0 
75.345 488.0 
75.275 489.0 
75.298 490.0 
75.333 491.0 
75.31 492.0 
75.31 493.0 
75.333 494.0 
75.252 495.0 
75.217 496.0 
75.275 497.0 
75.322 498.0 
75.205 499.0 
75.252 500.0 
75.252 501.0 
75.31 502.0 
75.217 503.0 
75.205 504.0 
75.252 505.0 
75.287 506.0 
75.24 507.0 
75.427 508.0 
75.217 509.0 
75.24 510.0 
75.252 511.0 
75.24 512.0 
75.275 513.0 
75.322 514.0 
75.298 515.0 
75.322 516.0 
75.322 517.0 
75.1 518.0 
75.147 519.0 
75.193 520.0 
75.217 521.0 
75.205 522.0 
75.217 523.0 
75.17 524.0 
75.205 525.0 
75.17 526.0 
75.182 527.0 
75.077 528.0 
75.147 529.0 
75.123 530.0 
75.135 531.0 
75.275 532.0 
75.252 533.0 
75.228 534.0 
75.205 535.0 
75.205 536.0 
75.17 537.0 
75.077 538.0 
75.041 539.0 
75.041 540.0 
75.1 541.0 
75.1 542.0 
75.065 543.0 
75.03 544.0 
74.971 545.0 
74.936 546.0 
75.053 547.0 
75.03 548.0 
74.971 549.0 
74.913 550.0 
74.82 551.0 
74.983 552.0 
74.925 553.0 
74.866 554.0 
74.878 555.0 
75.006 556.0 
74.936 557.0 
74.866 558.0 
74.551 559.0 
74.971 560.0 
74.89 561.0 
74.831 562.0 
74.936 563.0 
74.89 564.0 
74.796 565.0 
74.913 566.0 
74.878 567.0 
74.855 568.0 
74.936 569.0 
74.866 570.0 
74.983 571.0 
74.901 572.0 
74.831 573.0 
74.878 574.0 
74.878 575.0 
74.971 576.0 
74.866 577.0 
74.89 578.0 
74.96 579.0 
74.925 580.0 
75.018 581.0 
74.936 582.0 
74.925 583.0 
74.948 584.0 
75.053 585.0 
74.948 586.0 
74.89 587.0 
74.971 588.0 
74.89 589.0 
74.971 590.0 
74.878 591.0 
74.96 592.0 
74.855 593.0 
74.936 594.0 
74.89 595.0 
74.948 596.0 
74.878 597.0 
74.971 598.0 
74.855 599.0 
74.948 600.0 
75.006 601.0 
74.925 602.0 
75.018 603.0 
74.913 604.0 
74.971 605.0 
74.866 606.0 
74.983 607.0 
74.866 608.0 
74.948 609.0 
74.983 610.0 
74.936 611.0 
75.006 612.0 
74.901 613.0 
74.971 614.0 
74.866 615.0 
74.96 616.0 
74.971 617.0 
74.878 618.0 
74.936 619.0 
74.586 620.0 
74.913 621.0 
74.948 622.0 
74.901 623.0 
74.936 624.0 
74.983 625.0 
74.866 626.0 
74.948 627.0 
75.018 628.0 
74.89 629.0 
74.948 630.0 
75.006 631.0 
74.855 632.0 
74.983 633.0 
75.24 634.0 
74.878 635.0 
74.936 636.0 
74.983 637.0 
74.89 638.0 
74.925 639.0 
74.995 640.0 
74.866 641.0 
74.913 642.0 
74.971 643.0 
74.866 644.0 
74.901 645.0 
74.925 646.0 
75.018 647.0 
74.89 648.0 
74.925 649.0 
75.006 650.0 
74.831 651.0 
74.878 652.0 
74.971 653.0 
74.971 654.0 
74.855 655.0 
74.866 656.0 
74.89 657.0 
74.995 658.0 
74.866 659.0 
74.925 660.0 
75.006 661.0 
75.041 662.0 
74.89 663.0 
74.925 664.0 
74.96 665.0 
74.96 666.0 
74.855 667.0 
74.913 668.0 
74.936 669.0 
75.03 670.0 
74.878 671.0 
74.901 672.0 
74.948 673.0 
74.936 674.0 
75.006 675.0 
74.855 676.0 
74.89 677.0 
74.89 678.0 
74.925 679.0 
75.006 680.0 
74.843 681.0 
74.89 682.0 
74.948 683.0 
74.96 684.0 
75.006 685.0 
75.006 686.0 
74.855 687.0 
74.901 688.0 
74.925 689.0 
74.913 690.0 
74.983 691.0 
75.006 692.0 
74.843 693.0 
74.913 694.0 
74.913 695.0 
74.925 696.0 
74.971 697.0 
74.96 698.0 
74.598 699.0 
74.878 700.0 
74.866 701.0 
74.925 702.0 
74.901 703.0 
74.948 704.0 
74.936 705.0 
74.995 706.0 
74.82 707.0 
74.878 708.0 
74.89 709.0 
74.913 710.0 
74.913 711.0 
74.971 712.0 
74.96 713.0 
75.006 714.0 
74.995 715.0 
74.843 716.0 
74.855 717.0 
74.878 718.0 
74.878 719.0 
74.96 720.0 
74.913 721.0 
74.948 722.0 
74.971 723.0 
74.983 724.0 
74.995 725.0 
74.831 726.0 
74.843 727.0 
74.901 728.0 
74.901 729.0 
74.913 730.0 
74.913 731.0 
74.936 732.0 
74.913 733.0 
74.983 734.0 
74.971 735.0 
75.018 736.0 
74.983 737.0 
74.983 738.0 
74.679 739.0 
74.82 740.0 
74.831 741.0 
74.82 742.0 
74.866 743.0 
74.878 744.0 
74.843 745.0 
74.878 746.0 
74.866 747.0 
74.866 748.0 
74.89 749.0 
74.925 750.0 
74.913 751.0 
74.913 752.0 
74.89 753.0 
74.913 754.0 
74.936 755.0 
74.913 756.0 
74.901 757.0 
74.901 758.0 
74.89 759.0 
74.96 760.0 
74.936 761.0 
74.936 762.0 
74.913 763.0 
74.913 764.0 
74.925 765.0 
74.925 766.0 
74.936 767.0 
74.971 768.0 
74.925 769.0 
74.948 770.0 
74.925 771.0 
74.936 772.0 
74.948 773.0 
74.936 774.0 
74.96 775.0 
74.936 776.0 
74.948 777.0 
74.948 778.0 
74.96 779.0 
74.936 780.0 
74.925 781.0 
74.901 782.0 
74.96 783.0 
74.96 784.0 
74.925 785.0 
74.901 786.0 
74.96 787.0 
74.948 788.0 
74.948 789.0 
74.913 790.0 
74.913 791.0 
74.913 792.0 
74.936 793.0 
74.948 794.0 
74.925 795.0 
74.925 796.0 
74.925 797.0 
74.913 798.0 
74.936 799.0 
74.89 800.0 
74.901 801.0 
74.901 802.0 
74.936 803.0 
74.913 804.0 
0.01 805.0 
0.001 806.0 
-0.005 807.0 
-0.006 808.0 
-0.001 809.0 
-0.004 810.0 
-0.023 811.0 
-0.024 812.0 
-0.026 813.0 
-0.037 814.0 
-0.042 815.0 
-0.046 816.0 
-0.053 817.0 
-0.059 818.0 
-0.06 819.0 
-0.056 820.0 
-0.065 821.0 
-0.064 822.0 
-0.059 823.0 
-0.058 824.0 
-0.052 825.0 
-0.058 826.0 
-0.046 827.0 
-0.054 828.0 
-0.047 829.0 
