-0.059 257.0 
-0.03 258.0 
-0.066 259.0 
-0.05 260.0 
-0.046 261.0 
-0.036 262.0 
-0.037 263.0 
-0.032 264.0 
-0.047 265.0 
-0.03 266.0 
-0.049 267.0 
-0.037 268.0 
-0.037 269.0 
-0.02 270.0 
-0.044 271.0 
-0.032 272.0 
-0.032 273.0 
-0.044 274.0 
139.735 275.0 
136.535 276.0 
135.215 277.0 
133.58 278.0 
131.804 279.0 
129.772 280.0 
127.845 281.0 
124.937 282.0 
121.807 283.0 
120.207 284.0 
119.809 285.0 
119.447 286.0 
119.331 287.0 
119.097 288.0 
118.852 289.0 
118.221 290.0 
118.116 291.0 
117.894 292.0 
117.742 293.0 
117.357 294.0 
117.193 295.0 
117.1 296.0 
117.053 297.0 
116.644 298.0 
116.446 299.0 
116.095 300.0 
115.862 301.0 
115.827 302.0 
115.313 303.0 
115.243 304.0 
115.068 305.0 
114.519 306.0 
113.421 307.0 
111.412 308.0 
109.193 309.0 
106.156 310.0 
103.271 311.0 
99.779 312.0 
96.357 313.0 
92.316 314.0 
88.508 315.0 
84.479 316.0 
80.951 317.0 
78.335 318.0 
78.148 319.0 
77.938 320.0 
77.728 321.0 
77.751 322.0 
77.611 323.0 
77.658 324.0 
77.564 325.0 
77.518 326.0 
77.576 327.0 
77.494 328.0 
77.588 329.0 
77.588 330.0 
77.529 331.0 
77.704 332.0 
77.599 333.0 
77.541 334.0 
77.471 335.0 
77.588 336.0 
77.564 337.0 
77.483 338.0 
77.611 339.0 
77.541 340.0 
77.529 341.0 
77.576 342.0 
77.576 343.0 
77.576 344.0 
77.553 345.0 
77.529 346.0 
77.506 347.0 
77.483 348.0 
77.588 349.0 
77.564 350.0 
77.506 351.0 
77.576 352.0 
77.529 353.0 
77.471 354.0 
77.448 355.0 
77.576 356.0 
77.611 357.0 
77.518 358.0 
77.611 359.0 
77.541 360.0 
77.599 361.0 
77.518 362.0 
77.506 363.0 
77.506 364.0 
77.518 365.0 
77.553 366.0 
77.588 367.0 
77.518 368.0 
77.529 369.0 
77.518 370.0 
77.553 371.0 
77.553 372.0 
77.599 373.0 
77.599 374.0 
77.611 375.0 
77.623 376.0 
77.494 377.0 
77.541 378.0 
77.564 379.0 
77.564 380.0 
77.553 381.0 
77.611 382.0 
77.553 383.0 
77.518 384.0 
77.483 385.0 
77.623 386.0 
77.494 387.0 
77.471 388.0 
77.553 389.0 
77.529 390.0 
77.576 391.0 
77.494 392.0 
77.599 393.0 
77.471 394.0 
77.529 395.0 
77.634 396.0 
77.459 397.0 
77.576 398.0 
77.448 399.0 
77.506 400.0 
77.623 401.0 
77.553 402.0 
77.611 403.0 
77.564 404.0 
77.529 405.0 
77.459 406.0 
77.564 407.0 
77.494 408.0 
77.506 409.0 
77.483 410.0 
77.529 411.0 
77.553 412.0 
77.938 413.0 
77.564 414.0 
77.506 415.0 
77.576 416.0 
77.459 417.0 
77.576 418.0 
77.564 419.0 
77.483 420.0 
77.518 421.0 
77.564 422.0 
77.599 423.0 
77.518 424.0 
77.541 425.0 
77.553 426.0 
77.588 427.0 
77.518 428.0 
77.506 429.0 
77.494 430.0 
77.553 431.0 
77.564 432.0 
77.588 433.0 
77.483 434.0 
77.494 435.0 
77.518 436.0 
77.506 437.0 
77.494 438.0 
77.459 439.0 
77.529 440.0 
77.518 441.0 
77.541 442.0 
77.518 443.0 
77.506 444.0 
77.483 445.0 
77.483 446.0 
77.599 447.0 
77.599 448.0 
77.81 449.0 
77.751 450.0 
77.518 451.0 
77.518 452.0 
77.494 453.0 
77.471 454.0 
77.541 455.0 
77.307 456.0 
77.483 457.0 
77.471 458.0 
77.553 459.0 
77.588 460.0 
77.541 461.0 
77.518 462.0 
77.599 463.0 
77.564 464.0 
77.541 465.0 
77.599 466.0 
77.529 467.0 
77.471 468.0 
77.541 469.0 
77.506 470.0 
77.459 471.0 
77.506 472.0 
77.424 473.0 
77.553 474.0 
77.599 475.0 
77.564 476.0 
77.424 477.0 
77.529 478.0 
77.424 479.0 
77.518 480.0 
77.611 481.0 
77.506 482.0 
77.588 483.0 
77.494 484.0 
77.564 485.0 
77.483 486.0 
77.494 487.0 
77.588 488.0 
77.448 489.0 
77.506 490.0 
77.564 491.0 
77.529 492.0 
77.483 493.0 
77.553 494.0 
77.448 495.0 
77.494 496.0 
77.506 497.0 
77.588 498.0 
77.459 499.0 
77.448 500.0 
77.529 501.0 
77.564 502.0 
77.412 503.0 
77.459 504.0 
77.494 505.0 
77.518 506.0 
77.494 507.0 
77.518 508.0 
77.389 509.0 
77.401 510.0 
77.459 511.0 
77.494 512.0 
77.483 513.0 
77.494 514.0 
77.518 515.0 
77.354 516.0 
77.856 517.0 
77.354 518.0 
77.401 519.0 
77.389 520.0 
77.448 521.0 
77.459 522.0 
77.412 523.0 
77.401 524.0 
77.401 525.0 
77.401 526.0 
77.424 527.0 
77.366 528.0 
77.354 529.0 
77.342 530.0 
77.342 531.0 
77.506 532.0 
77.681 533.0 
77.448 534.0 
77.448 535.0 
77.401 536.0 
77.354 537.0 
77.307 538.0 
77.296 539.0 
77.296 540.0 
77.401 541.0 
77.272 542.0 
77.296 543.0 
77.249 544.0 
77.237 545.0 
77.191 546.0 
77.296 547.0 
77.249 548.0 
77.202 549.0 
77.167 550.0 
77.109 551.0 
77.214 552.0 
77.085 553.0 
77.027 554.0 
76.922 555.0 
77.039 556.0 
76.945 557.0 
76.899 558.0 
76.7 559.0 
76.98 560.0 
76.969 561.0 
76.887 562.0 
76.992 563.0 
76.957 564.0 
76.864 565.0 
76.98 566.0 
76.98 567.0 
76.887 568.0 
76.945 569.0 
76.899 570.0 
77.015 571.0 
76.922 572.0 
76.875 573.0 
76.922 574.0 
76.899 575.0 
77.296 576.0 
76.91 577.0 
76.91 578.0 
77.027 579.0 
76.969 580.0 
77.062 581.0 
76.969 582.0 
77.039 583.0 
77.015 584.0 
76.992 585.0 
77.027 586.0 
76.957 587.0 
77.004 588.0 
76.945 589.0 
77.015 590.0 
76.922 591.0 
76.992 592.0 
76.91 593.0 
76.992 594.0 
76.91 595.0 
76.98 596.0 
76.899 597.0 
76.957 598.0 
76.91 599.0 
76.992 600.0 
77.074 601.0 
76.992 602.0 
77.062 603.0 
76.945 604.0 
77.05 605.0 
76.91 606.0 
76.992 607.0 
76.887 608.0 
76.945 609.0 
77.062 610.0 
76.934 611.0 
77.027 612.0 
76.945 613.0 
76.98 614.0 
76.899 615.0 
76.934 616.0 
77.039 617.0 
76.852 618.0 
77.004 619.0 
76.77 620.0 
76.91 621.0 
76.969 622.0 
76.91 623.0 
76.969 624.0 
77.05 625.0 
76.91 626.0 
77.015 627.0 
77.05 628.0 
76.922 629.0 
76.969 630.0 
77.062 631.0 
76.91 632.0 
76.992 633.0 
77.307 634.0 
76.969 635.0 
77.015 636.0 
77.05 637.0 
76.91 638.0 
76.992 639.0 
77.085 640.0 
76.91 641.0 
76.887 642.0 
77.027 643.0 
76.887 644.0 
76.957 645.0 
77.027 646.0 
77.062 647.0 
76.922 648.0 
76.945 649.0 
77.027 650.0 
76.864 651.0 
76.887 652.0 
76.992 653.0 
77.039 654.0 
76.899 655.0 
76.934 656.0 
76.992 657.0 
77.004 658.0 
76.945 659.0 
76.969 660.0 
77.004 661.0 
77.015 662.0 
76.934 663.0 
76.969 664.0 
77.027 665.0 
77.027 666.0 
76.91 667.0 
76.934 668.0 
76.992 669.0 
77.004 670.0 
76.899 671.0 
76.899 672.0 
76.934 673.0 
77.015 674.0 
76.98 675.0 
76.887 676.0 
76.922 677.0 
76.945 678.0 
76.98 679.0 
77.027 680.0 
76.934 681.0 
76.945 682.0 
76.969 683.0 
76.992 684.0 
77.039 685.0 
77.062 686.0 
76.875 687.0 
76.98 688.0 
76.98 689.0 
77.004 690.0 
77.004 691.0 
77.05 692.0 
76.91 693.0 
76.91 694.0 
76.934 695.0 
76.969 696.0 
77.004 697.0 
77.027 698.0 
76.84 699.0 
76.91 700.0 
76.922 701.0 
76.957 702.0 
77.004 703.0 
76.992 704.0 
76.969 705.0 
77.062 706.0 
76.899 707.0 
76.899 708.0 
76.922 709.0 
76.934 710.0 
76.969 711.0 
76.992 712.0 
76.992 713.0 
77.05 714.0 
76.805 715.0 
76.899 716.0 
76.817 717.0 
76.922 718.0 
76.945 719.0 
76.969 720.0 
76.992 721.0 
76.992 722.0 
77.004 723.0 
77.027 724.0 
77.109 725.0 
76.887 726.0 
76.899 727.0 
76.922 728.0 
76.91 729.0 
76.934 730.0 
76.945 731.0 
76.98 732.0 
76.98 733.0 
76.98 734.0 
77.027 735.0 
76.91 736.0 
77.027 737.0 
77.039 738.0 
76.864 739.0 
76.864 740.0 
76.864 741.0 
76.875 742.0 
76.864 743.0 
76.899 744.0 
76.922 745.0 
76.922 746.0 
76.922 747.0 
76.934 748.0 
76.945 749.0 
76.922 750.0 
76.957 751.0 
76.922 752.0 
76.945 753.0 
76.957 754.0 
76.957 755.0 
76.945 756.0 
76.945 757.0 
76.922 758.0 
76.969 759.0 
76.969 760.0 
76.934 761.0 
77.015 762.0 
76.969 763.0 
77.004 764.0 
76.992 765.0 
76.969 766.0 
77.004 767.0 
76.992 768.0 
76.969 769.0 
76.969 770.0 
76.957 771.0 
76.98 772.0 
76.98 773.0 
76.992 774.0 
76.98 775.0 
76.992 776.0 
76.98 777.0 
76.969 778.0 
76.969 779.0 
76.969 780.0 
76.957 781.0 
77.004 782.0 
77.004 783.0 
77.015 784.0 
76.98 785.0 
76.945 786.0 
76.98 787.0 
76.992 788.0 
76.969 789.0 
76.992 790.0 
76.969 791.0 
76.957 792.0 
76.957 793.0 
76.957 794.0 
76.969 795.0 
76.957 796.0 
76.969 797.0 
76.945 798.0 
77.015 799.0 
76.992 800.0 
76.98 801.0 
76.957 802.0 
76.98 803.0 
76.969 804.0 
0.004 805.0 
0.007 806.0 
0.001 807.0 
0.0 808.0 
0.002 809.0 
0.005 810.0 
0.0 811.0 
0.005 812.0 
0.0 813.0 
-0.007 814.0 
-0.012 815.0 
-0.007 816.0 
-0.001 817.0 
-0.016 818.0 
-0.012 819.0 
-0.01 820.0 
-0.016 821.0 
-0.022 822.0 
-0.02 823.0 
-0.019 824.0 
-0.016 825.0 
-0.019 826.0 
-0.02 827.0 
-0.025 828.0 
-0.03 829.0 
