-0.028 257.0 
-0.029 258.0 
-0.001 259.0 
-0.029 260.0 
-0.032 261.0 
-0.04 262.0 
-0.022 263.0 
-0.037 264.0 
-0.032 265.0 
-0.187 266.0 
-0.028 267.0 
-0.02 268.0 
-0.016 269.0 
-0.034 270.0 
-0.056 271.0 
-0.04 272.0 
-0.012 273.0 
-0.031 274.0 
140.95 275.0 
136.827 276.0 
135.764 277.0 
134.386 278.0 
133.101 279.0 
131.267 280.0 
129.714 281.0 
127.319 282.0 
124.505 283.0 
123.103 284.0 
122.694 285.0 
122.356 286.0 
122.134 287.0 
121.912 288.0 
121.608 289.0 
120.931 290.0 
120.732 291.0 
120.428 292.0 
120.277 293.0 
119.856 294.0 
119.541 295.0 
119.424 296.0 
119.342 297.0 
118.793 298.0 
118.606 299.0 
118.279 300.0 
117.871 301.0 
117.73 302.0 
117.17 303.0 
117.041 304.0 
116.913 305.0 
116.13 306.0 
114.787 307.0 
112.323 308.0 
109.73 309.0 
105.981 310.0 
102.512 311.0 
98.588 312.0 
94.897 313.0 
90.809 314.0 
87.258 315.0 
83.509 316.0 
80.356 317.0 
78.02 318.0 
77.961 319.0 
77.728 320.0 
77.611 321.0 
77.599 322.0 
77.506 323.0 
77.599 324.0 
77.494 325.0 
77.389 326.0 
77.471 327.0 
77.401 328.0 
77.681 329.0 
77.483 330.0 
77.412 331.0 
77.599 332.0 
77.518 333.0 
77.483 334.0 
77.401 335.0 
77.506 336.0 
77.518 337.0 
77.424 338.0 
77.646 339.0 
77.459 340.0 
77.436 341.0 
77.436 342.0 
77.506 343.0 
77.483 344.0 
77.424 345.0 
77.424 346.0 
77.342 347.0 
77.424 348.0 
77.506 349.0 
77.424 350.0 
77.424 351.0 
77.448 352.0 
77.412 353.0 
77.412 354.0 
77.424 355.0 
77.483 356.0 
77.518 357.0 
77.483 358.0 
77.518 359.0 
77.459 360.0 
77.483 361.0 
77.436 362.0 
77.448 363.0 
77.377 364.0 
77.401 365.0 
77.436 366.0 
77.471 367.0 
77.366 368.0 
77.424 369.0 
77.448 370.0 
77.459 371.0 
77.471 372.0 
77.471 373.0 
77.483 374.0 
77.506 375.0 
77.611 376.0 
77.401 377.0 
77.471 378.0 
77.436 379.0 
77.459 380.0 
77.401 381.0 
77.494 382.0 
77.401 383.0 
77.412 384.0 
77.401 385.0 
77.459 386.0 
77.366 387.0 
77.366 388.0 
77.436 389.0 
77.471 390.0 
77.459 391.0 
77.389 392.0 
77.506 393.0 
77.366 394.0 
77.436 395.0 
77.518 396.0 
77.366 397.0 
77.471 398.0 
77.307 399.0 
77.377 400.0 
77.494 401.0 
77.471 402.0 
77.518 403.0 
77.448 404.0 
77.401 405.0 
77.389 406.0 
77.377 407.0 
77.377 408.0 
77.436 409.0 
77.377 410.0 
77.412 411.0 
77.483 412.0 
77.775 413.0 
77.483 414.0 
77.377 415.0 
77.436 416.0 
77.331 417.0 
77.459 418.0 
77.471 419.0 
77.377 420.0 
77.436 421.0 
77.424 422.0 
77.483 423.0 
77.377 424.0 
77.377 425.0 
77.424 426.0 
77.506 427.0 
77.377 428.0 
77.424 429.0 
77.412 430.0 
77.448 431.0 
77.471 432.0 
77.471 433.0 
77.377 434.0 
77.389 435.0 
77.401 436.0 
77.424 437.0 
77.366 438.0 
77.377 439.0 
77.389 440.0 
77.389 441.0 
77.389 442.0 
77.401 443.0 
77.389 444.0 
77.366 445.0 
77.342 446.0 
77.448 447.0 
77.401 448.0 
77.401 449.0 
77.716 450.0 
77.389 451.0 
77.412 452.0 
77.366 453.0 
77.354 454.0 
77.448 455.0 
77.214 456.0 
77.377 457.0 
77.354 458.0 
77.424 459.0 
77.483 460.0 
77.412 461.0 
77.366 462.0 
77.471 463.0 
77.424 464.0 
77.401 465.0 
77.424 466.0 
77.401 467.0 
77.331 468.0 
77.424 469.0 
77.366 470.0 
77.366 471.0 
77.377 472.0 
77.272 473.0 
77.412 474.0 
77.471 475.0 
77.436 476.0 
77.354 477.0 
77.424 478.0 
77.342 479.0 
77.389 480.0 
77.471 481.0 
77.389 482.0 
77.424 483.0 
77.377 484.0 
77.436 485.0 
77.331 486.0 
77.342 487.0 
77.424 488.0 
77.377 489.0 
77.424 490.0 
77.448 491.0 
77.412 492.0 
77.436 493.0 
77.401 494.0 
77.331 495.0 
77.342 496.0 
77.366 497.0 
77.424 498.0 
77.342 499.0 
77.342 500.0 
77.389 501.0 
77.412 502.0 
77.331 503.0 
77.354 504.0 
77.331 505.0 
77.366 506.0 
77.307 507.0 
77.448 508.0 
77.296 509.0 
77.319 510.0 
77.354 511.0 
77.401 512.0 
77.377 513.0 
77.401 514.0 
77.412 515.0 
77.401 516.0 
77.681 517.0 
77.202 518.0 
77.249 519.0 
77.296 520.0 
77.284 521.0 
77.284 522.0 
77.284 523.0 
77.284 524.0 
77.272 525.0 
77.249 526.0 
77.272 527.0 
77.202 528.0 
77.214 529.0 
77.202 530.0 
77.202 531.0 
77.331 532.0 
77.342 533.0 
77.284 534.0 
77.272 535.0 
77.272 536.0 
77.249 537.0 
77.097 538.0 
77.132 539.0 
77.097 540.0 
77.237 541.0 
77.156 542.0 
77.097 543.0 
77.097 544.0 
77.05 545.0 
77.004 546.0 
77.132 547.0 
77.039 548.0 
77.004 549.0 
76.98 550.0 
76.945 551.0 
77.027 552.0 
76.992 553.0 
76.992 554.0 
76.98 555.0 
77.062 556.0 
77.027 557.0 
76.957 558.0 
76.595 559.0 
77.004 560.0 
76.957 561.0 
76.899 562.0 
77.015 563.0 
76.945 564.0 
76.864 565.0 
77.027 566.0 
76.98 567.0 
76.899 568.0 
77.015 569.0 
76.934 570.0 
77.05 571.0 
76.969 572.0 
76.91 573.0 
77.004 574.0 
76.945 575.0 
77.319 576.0 
76.98 577.0 
76.957 578.0 
77.097 579.0 
76.98 580.0 
77.05 581.0 
77.004 582.0 
77.074 583.0 
77.039 584.0 
76.56 585.0 
77.027 586.0 
76.98 587.0 
77.05 588.0 
76.934 589.0 
77.05 590.0 
76.957 591.0 
77.085 592.0 
76.98 593.0 
77.027 594.0 
76.969 595.0 
76.969 596.0 
76.945 597.0 
77.027 598.0 
76.945 599.0 
77.039 600.0 
77.097 601.0 
77.015 602.0 
77.085 603.0 
76.992 604.0 
77.085 605.0 
76.922 606.0 
77.039 607.0 
76.934 608.0 
76.945 609.0 
77.085 610.0 
76.98 611.0 
77.074 612.0 
76.98 613.0 
77.039 614.0 
76.945 615.0 
76.957 616.0 
77.074 617.0 
76.864 618.0 
77.039 619.0 
76.793 620.0 
76.969 621.0 
77.015 622.0 
76.957 623.0 
77.004 624.0 
77.05 625.0 
76.922 626.0 
77.004 627.0 
77.085 628.0 
76.945 629.0 
77.027 630.0 
77.062 631.0 
76.969 632.0 
77.027 633.0 
77.342 634.0 
76.98 635.0 
77.039 636.0 
77.109 637.0 
76.957 638.0 
77.05 639.0 
77.085 640.0 
76.957 641.0 
77.004 642.0 
77.015 643.0 
76.922 644.0 
76.969 645.0 
77.015 646.0 
77.085 647.0 
76.957 648.0 
76.957 649.0 
77.074 650.0 
76.91 651.0 
76.922 652.0 
76.98 653.0 
77.062 654.0 
76.945 655.0 
76.98 656.0 
77.004 657.0 
77.074 658.0 
76.969 659.0 
76.992 660.0 
77.027 661.0 
77.039 662.0 
76.934 663.0 
76.992 664.0 
77.05 665.0 
77.074 666.0 
76.934 667.0 
76.98 668.0 
77.015 669.0 
77.062 670.0 
76.957 671.0 
76.98 672.0 
77.004 673.0 
76.992 674.0 
76.98 675.0 
76.922 676.0 
76.91 677.0 
77.027 678.0 
77.027 679.0 
77.074 680.0 
76.934 681.0 
76.934 682.0 
76.992 683.0 
76.992 684.0 
77.039 685.0 
77.097 686.0 
76.899 687.0 
76.957 688.0 
76.98 689.0 
77.004 690.0 
77.074 691.0 
77.097 692.0 
76.957 693.0 
76.945 694.0 
76.992 695.0 
77.015 696.0 
76.98 697.0 
77.05 698.0 
76.852 699.0 
76.957 700.0 
76.945 701.0 
76.98 702.0 
77.015 703.0 
77.015 704.0 
77.015 705.0 
77.097 706.0 
76.922 707.0 
76.91 708.0 
76.957 709.0 
76.98 710.0 
77.004 711.0 
77.027 712.0 
77.085 713.0 
77.097 714.0 
76.84 715.0 
76.922 716.0 
76.922 717.0 
76.969 718.0 
76.969 719.0 
76.992 720.0 
77.004 721.0 
77.039 722.0 
77.074 723.0 
77.062 724.0 
77.074 725.0 
76.922 726.0 
76.934 727.0 
76.957 728.0 
76.922 729.0 
76.934 730.0 
76.992 731.0 
77.004 732.0 
77.015 733.0 
77.027 734.0 
77.027 735.0 
77.004 736.0 
77.039 737.0 
77.062 738.0 
76.864 739.0 
76.899 740.0 
76.899 741.0 
76.887 742.0 
76.91 743.0 
76.957 744.0 
76.934 745.0 
76.922 746.0 
76.945 747.0 
76.934 748.0 
76.934 749.0 
76.945 750.0 
76.98 751.0 
76.992 752.0 
76.992 753.0 
77.004 754.0 
76.98 755.0 
76.91 756.0 
77.004 757.0 
76.969 758.0 
76.98 759.0 
77.015 760.0 
77.015 761.0 
76.992 762.0 
76.98 763.0 
76.98 764.0 
76.969 765.0 
76.98 766.0 
77.027 767.0 
77.062 768.0 
76.992 769.0 
77.015 770.0 
77.015 771.0 
77.004 772.0 
77.015 773.0 
77.039 774.0 
77.015 775.0 
76.992 776.0 
77.015 777.0 
77.027 778.0 
77.015 779.0 
77.004 780.0 
77.015 781.0 
76.98 782.0 
76.992 783.0 
76.98 784.0 
76.98 785.0 
77.004 786.0 
76.992 787.0 
76.98 788.0 
77.004 789.0 
76.992 790.0 
76.992 791.0 
77.027 792.0 
77.015 793.0 
77.004 794.0 
77.027 795.0 
77.015 796.0 
76.957 797.0 
76.969 798.0 
76.98 799.0 
76.98 800.0 
76.992 801.0 
76.98 802.0 
76.969 803.0 
76.969 804.0 
-0.001 805.0 
-0.001 806.0 
-0.008 807.0 
-0.004 808.0 
0.002 809.0 
-0.006 810.0 
-0.006 811.0 
0.0 812.0 
0.0 813.0 
-0.01 814.0 
-0.02 815.0 
-0.005 816.0 
-0.008 817.0 
-0.013 818.0 
-0.005 819.0 
-0.01 820.0 
-0.011 821.0 
-0.016 822.0 
-0.012 823.0 
-0.018 824.0 
-0.014 825.0 
-0.022 826.0 
-0.017 827.0 
-0.018 828.0 
-0.016 829.0 
