-0.05 257.0 
-0.019 258.0 
-0.047 259.0 
-0.023 260.0 
-0.037 261.0 
-0.014 262.0 
-0.032 263.0 
-0.032 264.0 
-0.044 265.0 
-0.182 266.0 
-0.018 267.0 
-0.034 268.0 
-0.024 269.0 
-0.035 270.0 
-0.025 271.0 
-0.025 272.0 
-0.032 273.0 
-0.044 274.0 
139.361 275.0 
134.9 276.0 
134.0 277.0 
132.739 278.0 
131.407 279.0 
129.655 280.0 
128.312 281.0 
126.525 282.0 
123.757 283.0 
122.613 284.0 
122.344 285.0 
122.134 286.0 
122.052 287.0 
121.853 288.0 
121.643 289.0 
121.036 290.0 
121.024 291.0 
120.837 292.0 
120.72 293.0 
120.428 294.0 
120.277 295.0 
120.23 296.0 
120.23 297.0 
119.798 298.0 
119.681 299.0 
119.482 300.0 
119.214 301.0 
119.179 302.0 
118.688 303.0 
118.56 304.0 
118.349 305.0 
117.952 306.0 
116.878 307.0 
114.869 308.0 
112.626 309.0 
109.438 310.0 
106.284 311.0 
102.547 312.0 
98.669 313.0 
94.581 314.0 
90.669 315.0 
86.663 316.0 
83.054 317.0 
80.251 318.0 
80.157 319.0 
79.912 320.0 
79.737 321.0 
79.772 322.0 
79.667 323.0 
79.678 324.0 
79.655 325.0 
79.55 326.0 
79.655 327.0 
79.562 328.0 
79.597 329.0 
79.667 330.0 
79.573 331.0 
79.667 332.0 
79.655 333.0 
79.573 334.0 
79.48 335.0 
79.643 336.0 
79.62 337.0 
79.538 338.0 
79.655 339.0 
79.585 340.0 
79.585 341.0 
79.597 342.0 
79.608 343.0 
79.562 344.0 
79.597 345.0 
79.608 346.0 
79.562 347.0 
79.526 348.0 
79.69 349.0 
79.608 350.0 
79.597 351.0 
79.632 352.0 
79.562 353.0 
79.562 354.0 
79.515 355.0 
79.62 356.0 
79.667 357.0 
79.585 358.0 
79.702 359.0 
79.632 360.0 
79.69 361.0 
79.585 362.0 
79.632 363.0 
79.55 364.0 
79.585 365.0 
79.608 366.0 
79.655 367.0 
79.562 368.0 
79.62 369.0 
79.585 370.0 
79.62 371.0 
79.643 372.0 
79.62 373.0 
79.667 374.0 
79.667 375.0 
79.643 376.0 
79.608 377.0 
79.585 378.0 
79.585 379.0 
79.608 380.0 
79.55 381.0 
79.643 382.0 
79.597 383.0 
79.585 384.0 
79.562 385.0 
79.643 386.0 
79.562 387.0 
79.515 388.0 
79.608 389.0 
79.597 390.0 
79.585 391.0 
79.573 392.0 
79.632 393.0 
79.526 394.0 
79.62 395.0 
79.678 396.0 
79.538 397.0 
79.643 398.0 
79.503 399.0 
79.573 400.0 
79.655 401.0 
79.643 402.0 
79.69 403.0 
79.632 404.0 
79.62 405.0 
79.55 406.0 
79.62 407.0 
79.55 408.0 
79.632 409.0 
79.538 410.0 
79.573 411.0 
79.643 412.0 
79.842 413.0 
79.655 414.0 
79.562 415.0 
79.597 416.0 
79.538 417.0 
79.62 418.0 
79.632 419.0 
79.55 420.0 
79.585 421.0 
79.643 422.0 
79.655 423.0 
79.573 424.0 
79.573 425.0 
79.643 426.0 
79.667 427.0 
79.573 428.0 
79.562 429.0 
79.573 430.0 
79.585 431.0 
79.632 432.0 
79.667 433.0 
79.503 434.0 
79.515 435.0 
79.562 436.0 
79.608 437.0 
79.573 438.0 
79.608 439.0 
79.562 440.0 
79.562 441.0 
79.55 442.0 
79.573 443.0 
79.538 444.0 
79.562 445.0 
79.55 446.0 
79.655 447.0 
79.667 448.0 
79.9 449.0 
79.702 450.0 
79.562 451.0 
79.573 452.0 
79.515 453.0 
79.503 454.0 
79.62 455.0 
79.398 456.0 
79.526 457.0 
79.538 458.0 
79.643 459.0 
79.655 460.0 
79.597 461.0 
79.55 462.0 
79.667 463.0 
79.515 464.0 
79.573 465.0 
79.643 466.0 
79.597 467.0 
79.526 468.0 
79.608 469.0 
79.562 470.0 
79.503 471.0 
79.585 472.0 
79.445 473.0 
79.62 474.0 
79.643 475.0 
79.585 476.0 
79.503 477.0 
79.597 478.0 
79.491 479.0 
79.585 480.0 
79.69 481.0 
79.562 482.0 
79.643 483.0 
79.538 484.0 
79.597 485.0 
79.55 486.0 
79.573 487.0 
79.632 488.0 
79.515 489.0 
79.562 490.0 
79.597 491.0 
79.55 492.0 
79.538 493.0 
79.597 494.0 
79.538 495.0 
79.55 496.0 
79.62 497.0 
79.632 498.0 
79.503 499.0 
79.538 500.0 
79.573 501.0 
79.62 502.0 
79.468 503.0 
79.491 504.0 
79.526 505.0 
79.562 506.0 
79.503 507.0 
79.55 508.0 
79.421 509.0 
79.456 510.0 
79.515 511.0 
79.585 512.0 
79.538 513.0 
79.55 514.0 
79.877 515.0 
79.55 516.0 
79.772 517.0 
79.468 518.0 
79.433 519.0 
79.468 520.0 
79.468 521.0 
79.468 522.0 
79.456 523.0 
79.456 524.0 
79.48 525.0 
79.48 526.0 
79.421 527.0 
79.421 528.0 
79.433 529.0 
79.386 530.0 
79.363 531.0 
79.526 532.0 
79.807 533.0 
79.421 534.0 
79.456 535.0 
79.421 536.0 
79.34 537.0 
79.305 538.0 
79.246 539.0 
79.211 540.0 
79.34 541.0 
79.27 542.0 
79.199 543.0 
79.199 544.0 
79.164 545.0 
79.106 546.0 
79.211 547.0 
79.129 548.0 
79.118 549.0 
79.036 550.0 
78.989 551.0 
79.106 552.0 
79.071 553.0 
78.989 554.0 
79.024 555.0 
79.106 556.0 
79.071 557.0 
79.024 558.0 
78.814 559.0 
79.094 560.0 
79.036 561.0 
78.989 562.0 
79.071 563.0 
78.954 564.0 
78.954 565.0 
79.071 566.0 
79.118 567.0 
78.989 568.0 
79.013 569.0 
79.013 570.0 
79.118 571.0 
79.048 572.0 
78.978 573.0 
79.024 574.0 
78.989 575.0 
79.562 576.0 
79.001 577.0 
79.036 578.0 
79.094 579.0 
79.036 580.0 
79.129 581.0 
79.094 582.0 
79.106 583.0 
79.083 584.0 
78.802 585.0 
79.106 586.0 
79.036 587.0 
79.106 588.0 
79.013 589.0 
79.106 590.0 
78.989 591.0 
79.094 592.0 
79.013 593.0 
79.094 594.0 
78.989 595.0 
79.059 596.0 
79.024 597.0 
79.048 598.0 
78.989 599.0 
79.083 600.0 
79.164 601.0 
79.059 602.0 
79.129 603.0 
79.036 604.0 
79.176 605.0 
79.013 606.0 
79.129 607.0 
79.001 608.0 
79.071 609.0 
79.129 610.0 
79.036 611.0 
79.106 612.0 
78.989 613.0 
79.106 614.0 
78.966 615.0 
78.978 616.0 
79.129 617.0 
78.978 618.0 
79.083 619.0 
78.896 620.0 
79.036 621.0 
79.094 622.0 
79.001 623.0 
79.083 624.0 
79.176 625.0 
78.989 626.0 
79.106 627.0 
79.164 628.0 
79.024 629.0 
79.059 630.0 
79.129 631.0 
79.001 632.0 
79.094 633.0 
79.41 634.0 
79.024 635.0 
79.083 636.0 
79.164 637.0 
79.013 638.0 
79.059 639.0 
79.153 640.0 
79.001 641.0 
79.036 642.0 
79.106 643.0 
79.013 644.0 
78.978 645.0 
79.106 646.0 
79.164 647.0 
79.024 648.0 
79.048 649.0 
79.106 650.0 
78.942 651.0 
78.989 652.0 
79.036 653.0 
79.094 654.0 
79.001 655.0 
79.001 656.0 
79.059 657.0 
79.141 658.0 
79.013 659.0 
79.048 660.0 
79.129 661.0 
79.094 662.0 
79.013 663.0 
79.059 664.0 
79.129 665.0 
79.153 666.0 
79.013 667.0 
79.048 668.0 
79.083 669.0 
79.141 670.0 
78.966 671.0 
79.013 672.0 
79.048 673.0 
79.083 674.0 
79.094 675.0 
79.013 676.0 
79.024 677.0 
79.036 678.0 
79.106 679.0 
79.141 680.0 
78.978 681.0 
79.048 682.0 
79.059 683.0 
79.106 684.0 
79.106 685.0 
79.153 686.0 
78.942 687.0 
79.036 688.0 
79.071 689.0 
79.094 690.0 
79.106 691.0 
79.176 692.0 
78.978 693.0 
79.013 694.0 
79.036 695.0 
79.094 696.0 
79.024 697.0 
79.118 698.0 
78.942 699.0 
78.966 700.0 
79.001 701.0 
79.048 702.0 
79.071 703.0 
79.071 704.0 
79.083 705.0 
79.153 706.0 
79.024 707.0 
78.989 708.0 
79.001 709.0 
79.013 710.0 
79.059 711.0 
79.083 712.0 
79.094 713.0 
79.141 714.0 
78.919 715.0 
78.966 716.0 
78.978 717.0 
79.001 718.0 
79.059 719.0 
79.083 720.0 
79.094 721.0 
79.106 722.0 
79.106 723.0 
79.141 724.0 
79.141 725.0 
78.931 726.0 
79.024 727.0 
79.001 728.0 
79.013 729.0 
79.024 730.0 
79.071 731.0 
79.059 732.0 
79.071 733.0 
79.071 734.0 
79.083 735.0 
79.083 736.0 
79.106 737.0 
79.141 738.0 
78.966 739.0 
78.978 740.0 
78.954 741.0 
78.966 742.0 
78.978 743.0 
78.978 744.0 
79.001 745.0 
78.989 746.0 
79.001 747.0 
79.001 748.0 
78.978 749.0 
79.013 750.0 
79.013 751.0 
79.036 752.0 
79.024 753.0 
79.048 754.0 
79.036 755.0 
79.048 756.0 
79.013 757.0 
79.048 758.0 
79.059 759.0 
79.094 760.0 
79.059 761.0 
79.059 762.0 
79.059 763.0 
79.071 764.0 
79.071 765.0 
79.071 766.0 
79.059 767.0 
79.083 768.0 
79.059 769.0 
79.059 770.0 
79.059 771.0 
79.083 772.0 
79.106 773.0 
79.071 774.0 
79.059 775.0 
79.083 776.0 
79.083 777.0 
79.059 778.0 
79.059 779.0 
79.048 780.0 
79.083 781.0 
79.036 782.0 
79.059 783.0 
79.071 784.0 
79.071 785.0 
79.071 786.0 
79.071 787.0 
79.071 788.0 
79.059 789.0 
79.071 790.0 
79.083 791.0 
79.059 792.0 
79.059 793.0 
79.048 794.0 
79.083 795.0 
79.013 796.0 
79.048 797.0 
79.036 798.0 
79.059 799.0 
79.083 800.0 
79.059 801.0 
79.106 802.0 
79.083 803.0 
79.071 804.0 
-0.002 805.0 
0.013 806.0 
0.001 807.0 
0.0 808.0 
0.0 809.0 
0.007 810.0 
0.01 811.0 
0.0 812.0 
-0.001 813.0 
0.004 814.0 
0.0 815.0 
-0.007 816.0 
-0.007 817.0 
-0.001 818.0 
-0.004 819.0 
-0.006 820.0 
-0.008 821.0 
0.0 822.0 
-0.005 823.0 
-0.013 824.0 
-0.017 825.0 
-0.008 826.0 
-0.007 827.0 
-0.02 828.0 
-0.02 829.0 
