-0.008 257.0 
-0.028 258.0 
-0.047 259.0 
-0.047 260.0 
-0.022 261.0 
-0.028 262.0 
-0.068 263.0 
-0.041 264.0 
-0.048 265.0 
-0.072 266.0 
-0.044 267.0 
-0.029 268.0 
-0.049 269.0 
-0.02 270.0 
-0.04 271.0 
-0.031 272.0 
-0.042 273.0 
-0.052 274.0 
136.196 275.0 
133.276 276.0 
132.33 277.0 
130.999 278.0 
129.644 279.0 
127.973 280.0 
126.724 281.0 
124.913 282.0 
122.659 283.0 
121.316 284.0 
121.047 285.0 
120.802 286.0 
120.65 287.0 
120.464 288.0 
120.218 289.0 
120.195 290.0 
119.424 291.0 
119.237 292.0 
119.074 293.0 
119.004 294.0 
118.56 295.0 
118.408 296.0 
118.42 297.0 
117.917 298.0 
117.742 299.0 
117.73 300.0 
117.182 301.0 
117.135 302.0 
116.668 303.0 
116.563 304.0 
116.446 305.0 
115.838 306.0 
114.682 307.0 
112.603 308.0 
110.127 309.0 
106.74 310.0 
103.294 311.0 
99.685 312.0 
95.866 313.0 
91.954 314.0 
88.169 315.0 
84.362 316.0 
80.963 317.0 
77.763 318.0 
77.658 319.0 
77.412 320.0 
77.424 321.0 
77.307 322.0 
77.191 323.0 
77.272 324.0 
77.167 325.0 
77.191 326.0 
77.191 327.0 
77.109 328.0 
77.296 329.0 
77.226 330.0 
77.156 331.0 
77.249 332.0 
77.237 333.0 
77.167 334.0 
77.331 335.0 
77.214 336.0 
77.214 337.0 
77.109 338.0 
77.284 339.0 
77.167 340.0 
77.156 341.0 
77.144 342.0 
77.237 343.0 
77.156 344.0 
77.144 345.0 
77.109 346.0 
77.097 347.0 
77.004 348.0 
77.167 349.0 
77.179 350.0 
77.097 351.0 
77.191 352.0 
77.12 353.0 
77.015 354.0 
77.237 355.0 
77.226 356.0 
77.226 357.0 
77.144 358.0 
77.214 359.0 
77.167 360.0 
77.191 361.0 
77.12 362.0 
77.144 363.0 
77.109 364.0 
77.097 365.0 
77.132 366.0 
77.179 367.0 
77.085 368.0 
77.109 369.0 
77.156 370.0 
77.179 371.0 
77.226 372.0 
77.179 373.0 
77.202 374.0 
77.202 375.0 
77.518 376.0 
77.085 377.0 
77.132 378.0 
77.097 379.0 
77.156 380.0 
77.132 381.0 
77.226 382.0 
77.109 383.0 
77.109 384.0 
77.097 385.0 
77.179 386.0 
77.062 387.0 
77.039 388.0 
77.132 389.0 
77.156 390.0 
77.144 391.0 
77.109 392.0 
77.214 393.0 
77.062 394.0 
77.156 395.0 
77.226 396.0 
77.085 397.0 
77.156 398.0 
77.074 399.0 
77.097 400.0 
77.202 401.0 
77.144 402.0 
77.191 403.0 
77.156 404.0 
77.109 405.0 
77.062 406.0 
77.132 407.0 
77.097 408.0 
77.156 409.0 
77.062 410.0 
77.132 411.0 
77.179 412.0 
77.214 413.0 
77.191 414.0 
77.097 415.0 
77.179 416.0 
77.097 417.0 
77.307 418.0 
77.144 419.0 
77.074 420.0 
77.144 421.0 
77.132 422.0 
77.179 423.0 
77.132 424.0 
77.074 425.0 
77.144 426.0 
77.144 427.0 
77.085 428.0 
77.12 429.0 
77.062 430.0 
77.132 431.0 
77.144 432.0 
77.202 433.0 
77.074 434.0 
77.109 435.0 
77.12 436.0 
77.167 437.0 
77.085 438.0 
77.074 439.0 
77.05 440.0 
77.074 441.0 
77.05 442.0 
77.109 443.0 
77.085 444.0 
77.074 445.0 
77.039 446.0 
77.167 447.0 
77.167 448.0 
77.156 449.0 
77.471 450.0 
77.132 451.0 
77.097 452.0 
77.062 453.0 
77.05 454.0 
77.167 455.0 
77.144 456.0 
77.12 457.0 
77.062 458.0 
77.144 459.0 
77.202 460.0 
77.085 461.0 
77.05 462.0 
77.167 463.0 
77.132 464.0 
77.144 465.0 
77.144 466.0 
77.12 467.0 
77.05 468.0 
77.144 469.0 
77.097 470.0 
77.085 471.0 
77.085 472.0 
77.179 473.0 
77.109 474.0 
77.214 475.0 
77.12 476.0 
77.05 477.0 
77.074 478.0 
77.027 479.0 
77.109 480.0 
77.167 481.0 
77.074 482.0 
77.167 483.0 
77.05 484.0 
77.132 485.0 
77.062 486.0 
77.085 487.0 
77.156 488.0 
77.074 489.0 
77.097 490.0 
77.156 491.0 
77.12 492.0 
77.12 493.0 
77.179 494.0 
77.074 495.0 
77.027 496.0 
77.144 497.0 
77.167 498.0 
77.027 499.0 
77.05 500.0 
77.074 501.0 
77.144 502.0 
76.992 503.0 
77.015 504.0 
77.062 505.0 
77.097 506.0 
77.039 507.0 
77.331 508.0 
77.027 509.0 
77.074 510.0 
77.074 511.0 
77.074 512.0 
77.074 513.0 
77.085 514.0 
77.132 515.0 
77.132 516.0 
77.144 517.0 
76.969 518.0 
76.934 519.0 
77.004 520.0 
76.98 521.0 
76.98 522.0 
76.98 523.0 
76.945 524.0 
76.957 525.0 
76.945 526.0 
76.957 527.0 
76.864 528.0 
76.922 529.0 
76.899 530.0 
76.899 531.0 
77.062 532.0 
76.969 533.0 
76.969 534.0 
76.957 535.0 
76.887 536.0 
76.887 537.0 
76.817 538.0 
76.77 539.0 
76.712 540.0 
76.852 541.0 
76.817 542.0 
76.747 543.0 
76.7 544.0 
76.653 545.0 
76.618 546.0 
76.758 547.0 
76.653 548.0 
76.653 549.0 
76.595 550.0 
76.56 551.0 
76.653 552.0 
76.618 553.0 
76.513 554.0 
76.513 555.0 
76.653 556.0 
76.583 557.0 
76.572 558.0 
76.198 559.0 
76.607 560.0 
76.56 561.0 
76.501 562.0 
76.618 563.0 
76.572 564.0 
76.455 565.0 
76.607 566.0 
76.653 567.0 
76.501 568.0 
76.607 569.0 
76.536 570.0 
76.653 571.0 
76.572 572.0 
76.466 573.0 
76.572 574.0 
76.513 575.0 
76.642 576.0 
76.572 577.0 
76.572 578.0 
76.618 579.0 
76.572 580.0 
76.653 581.0 
76.583 582.0 
76.677 583.0 
76.595 584.0 
76.712 585.0 
76.63 586.0 
76.501 587.0 
76.618 588.0 
76.548 589.0 
76.63 590.0 
76.548 591.0 
76.595 592.0 
76.548 593.0 
76.548 594.0 
76.572 595.0 
76.642 596.0 
76.56 597.0 
76.607 598.0 
76.548 599.0 
76.607 600.0 
76.688 601.0 
76.583 602.0 
76.63 603.0 
76.572 604.0 
76.653 605.0 
76.548 606.0 
76.595 607.0 
76.501 608.0 
76.572 609.0 
76.653 610.0 
76.595 611.0 
76.665 612.0 
76.548 613.0 
76.653 614.0 
76.513 615.0 
76.56 616.0 
76.653 617.0 
76.525 618.0 
76.618 619.0 
76.186 620.0 
76.56 621.0 
76.572 622.0 
76.513 623.0 
76.56 624.0 
76.677 625.0 
76.536 626.0 
76.618 627.0 
76.618 628.0 
76.536 629.0 
76.618 630.0 
76.677 631.0 
76.525 632.0 
76.607 633.0 
76.7 634.0 
76.56 635.0 
76.607 636.0 
76.677 637.0 
76.56 638.0 
76.583 639.0 
76.642 640.0 
76.525 641.0 
76.607 642.0 
76.63 643.0 
76.501 644.0 
76.548 645.0 
76.583 646.0 
76.653 647.0 
76.536 648.0 
76.548 649.0 
76.642 650.0 
76.49 651.0 
76.548 652.0 
76.583 653.0 
76.642 654.0 
76.525 655.0 
76.572 656.0 
76.618 657.0 
76.642 658.0 
76.525 659.0 
76.595 660.0 
76.642 661.0 
76.688 662.0 
76.49 663.0 
76.595 664.0 
76.63 665.0 
76.688 666.0 
76.525 667.0 
76.595 668.0 
76.642 669.0 
76.653 670.0 
76.536 671.0 
76.572 672.0 
76.572 673.0 
76.595 674.0 
76.665 675.0 
76.525 676.0 
76.548 677.0 
76.607 678.0 
76.607 679.0 
76.653 680.0 
76.49 681.0 
76.513 682.0 
76.595 683.0 
76.583 684.0 
76.653 685.0 
76.677 686.0 
76.501 687.0 
76.56 688.0 
76.583 689.0 
76.618 690.0 
76.618 691.0 
76.665 692.0 
76.501 693.0 
76.548 694.0 
76.548 695.0 
76.583 696.0 
76.653 697.0 
76.642 698.0 
76.35 699.0 
76.501 700.0 
76.513 701.0 
76.595 702.0 
76.595 703.0 
76.607 704.0 
76.63 705.0 
76.653 706.0 
76.501 707.0 
76.525 708.0 
76.536 709.0 
76.572 710.0 
76.56 711.0 
76.607 712.0 
76.665 713.0 
76.677 714.0 
76.723 715.0 
76.49 716.0 
76.56 717.0 
76.536 718.0 
76.56 719.0 
76.56 720.0 
76.572 721.0 
76.618 722.0 
76.63 723.0 
76.642 724.0 
76.653 725.0 
76.466 726.0 
76.49 727.0 
76.501 728.0 
76.536 729.0 
76.56 730.0 
76.572 731.0 
76.572 732.0 
76.63 733.0 
76.618 734.0 
76.63 735.0 
76.653 736.0 
76.665 737.0 
76.642 738.0 
76.303 739.0 
76.501 740.0 
76.49 741.0 
76.49 742.0 
76.49 743.0 
76.513 744.0 
76.513 745.0 
76.548 746.0 
76.513 747.0 
76.513 748.0 
76.536 749.0 
76.548 750.0 
76.56 751.0 
76.548 752.0 
76.595 753.0 
76.583 754.0 
76.583 755.0 
76.583 756.0 
76.607 757.0 
76.595 758.0 
76.572 759.0 
76.56 760.0 
76.583 761.0 
76.583 762.0 
76.607 763.0 
76.583 764.0 
76.595 765.0 
76.572 766.0 
76.607 767.0 
76.607 768.0 
76.595 769.0 
76.618 770.0 
76.595 771.0 
76.607 772.0 
76.595 773.0 
76.595 774.0 
76.63 775.0 
76.618 776.0 
76.595 777.0 
76.607 778.0 
76.607 779.0 
76.595 780.0 
76.583 781.0 
76.607 782.0 
76.595 783.0 
76.583 784.0 
76.583 785.0 
76.595 786.0 
76.595 787.0 
76.583 788.0 
76.583 789.0 
76.607 790.0 
76.595 791.0 
76.595 792.0 
76.595 793.0 
76.607 794.0 
76.607 795.0 
76.595 796.0 
76.607 797.0 
76.595 798.0 
76.595 799.0 
76.583 800.0 
76.607 801.0 
76.572 802.0 
76.572 803.0 
76.595 804.0 
-0.001 805.0 
0.0 806.0 
-0.001 807.0 
0.001 808.0 
0.004 809.0 
0.001 810.0 
0.002 811.0 
0.008 812.0 
0.01 813.0 
0.002 814.0 
-0.001 815.0 
0.001 816.0 
0.001 817.0 
0.002 818.0 
-0.012 819.0 
0.0 820.0 
-0.004 821.0 
0.0 822.0 
-0.007 823.0 
-0.004 824.0 
-0.01 825.0 
-0.016 826.0 
-0.014 827.0 
-0.022 828.0 
-0.022 829.0 
