-0.026 257.0 
-0.038 258.0 
-0.047 259.0 
-0.044 260.0 
-0.022 261.0 
-0.04 262.0 
-0.04 263.0 
-0.02 264.0 
-0.054 265.0 
-0.049 266.0 
-0.036 267.0 
-0.036 268.0 
-0.032 269.0 
-0.041 270.0 
-0.024 271.0 
-0.047 272.0 
-0.058 273.0 
-0.035 274.0 
141.487 275.0 
137.831 276.0 
136.803 277.0 
135.343 278.0 
133.802 279.0 
132.003 280.0 
130.578 281.0 
128.593 282.0 
125.813 283.0 
124.843 284.0 
124.505 285.0 
124.224 286.0 
124.073 287.0 
123.886 288.0 
123.652 289.0 
123.045 290.0 
122.893 291.0 
122.659 292.0 
122.449 293.0 
122.379 294.0 
121.83 295.0 
121.748 296.0 
121.678 297.0 
121.118 298.0 
120.954 299.0 
120.837 300.0 
120.277 301.0 
120.183 302.0 
119.669 303.0 
119.517 304.0 
119.424 305.0 
118.747 306.0 
117.602 307.0 
115.523 308.0 
113.012 309.0 
109.391 310.0 
105.782 311.0 
101.683 312.0 
97.735 313.0 
93.495 314.0 
89.618 315.0 
85.541 316.0 
82.049 317.0 
79.094 318.0 
78.989 319.0 
78.744 320.0 
78.44 321.0 
78.615 322.0 
78.522 323.0 
78.545 324.0 
78.464 325.0 
78.312 326.0 
78.452 327.0 
78.417 328.0 
78.604 329.0 
78.487 330.0 
78.475 331.0 
78.522 332.0 
78.557 333.0 
78.44 334.0 
78.487 335.0 
78.487 336.0 
78.545 337.0 
78.429 338.0 
78.569 339.0 
78.452 340.0 
78.429 341.0 
78.452 342.0 
78.043 343.0 
78.464 344.0 
78.44 345.0 
78.382 346.0 
78.394 347.0 
78.335 348.0 
78.487 349.0 
78.499 350.0 
78.417 351.0 
78.452 352.0 
78.452 353.0 
78.288 354.0 
78.522 355.0 
78.475 356.0 
78.522 357.0 
78.487 358.0 
78.534 359.0 
78.429 360.0 
78.475 361.0 
78.382 362.0 
78.475 363.0 
78.37 364.0 
78.417 365.0 
78.394 366.0 
78.417 367.0 
78.405 368.0 
78.429 369.0 
78.464 370.0 
78.429 371.0 
78.522 372.0 
78.487 373.0 
78.51 374.0 
78.534 375.0 
78.884 376.0 
78.37 377.0 
78.452 378.0 
78.452 379.0 
78.429 380.0 
78.417 381.0 
78.499 382.0 
78.44 383.0 
78.429 384.0 
78.382 385.0 
78.464 386.0 
78.417 387.0 
78.405 388.0 
78.452 389.0 
78.499 390.0 
78.44 391.0 
78.475 392.0 
78.51 393.0 
78.359 394.0 
78.475 395.0 
78.522 396.0 
78.417 397.0 
78.475 398.0 
78.44 399.0 
78.44 400.0 
78.475 401.0 
78.44 402.0 
78.534 403.0 
78.487 404.0 
78.417 405.0 
78.335 406.0 
78.44 407.0 
78.37 408.0 
78.429 409.0 
78.394 410.0 
78.405 411.0 
78.499 412.0 
78.639 413.0 
78.487 414.0 
78.417 415.0 
78.464 416.0 
78.405 417.0 
78.627 418.0 
78.475 419.0 
78.37 420.0 
78.452 421.0 
78.475 422.0 
78.475 423.0 
78.429 424.0 
78.394 425.0 
78.487 426.0 
78.475 427.0 
78.405 428.0 
78.417 429.0 
78.405 430.0 
78.475 431.0 
78.487 432.0 
78.522 433.0 
78.359 434.0 
78.405 435.0 
78.464 436.0 
78.545 437.0 
78.37 438.0 
78.429 439.0 
78.417 440.0 
78.417 441.0 
78.394 442.0 
78.417 443.0 
78.417 444.0 
78.37 445.0 
78.394 446.0 
78.487 447.0 
78.499 448.0 
78.487 449.0 
78.779 450.0 
78.429 451.0 
78.429 452.0 
78.382 453.0 
78.382 454.0 
78.452 455.0 
78.277 456.0 
78.44 457.0 
78.405 458.0 
78.51 459.0 
78.499 460.0 
78.44 461.0 
78.394 462.0 
78.499 463.0 
78.44 464.0 
78.452 465.0 
78.499 466.0 
78.429 467.0 
78.347 468.0 
78.464 469.0 
78.394 470.0 
78.429 471.0 
78.44 472.0 
78.522 473.0 
78.44 474.0 
78.499 475.0 
78.417 476.0 
78.37 477.0 
78.464 478.0 
78.394 479.0 
78.464 480.0 
78.51 481.0 
78.394 482.0 
78.522 483.0 
78.394 484.0 
78.452 485.0 
78.347 486.0 
78.37 487.0 
78.464 488.0 
78.394 489.0 
78.429 490.0 
78.475 491.0 
78.452 492.0 
78.429 493.0 
78.487 494.0 
78.37 495.0 
78.405 496.0 
78.452 497.0 
78.51 498.0 
78.359 499.0 
78.37 500.0 
78.405 501.0 
78.475 502.0 
78.323 503.0 
78.347 504.0 
78.394 505.0 
78.417 506.0 
78.37 507.0 
78.569 508.0 
78.323 509.0 
78.37 510.0 
78.37 511.0 
78.405 512.0 
78.405 513.0 
78.429 514.0 
78.429 515.0 
78.452 516.0 
78.697 517.0 
78.218 518.0 
78.277 519.0 
78.312 520.0 
78.3 521.0 
78.323 522.0 
78.277 523.0 
78.288 524.0 
78.3 525.0 
78.312 526.0 
78.277 527.0 
78.23 528.0 
78.253 529.0 
78.23 530.0 
78.242 531.0 
78.347 532.0 
78.359 533.0 
78.265 534.0 
78.265 535.0 
78.277 536.0 
78.207 537.0 
78.16 538.0 
78.148 539.0 
78.067 540.0 
78.207 541.0 
78.172 542.0 
78.09 543.0 
78.055 544.0 
78.031 545.0 
77.996 546.0 
78.137 547.0 
78.055 548.0 
78.008 549.0 
77.95 550.0 
77.88 551.0 
78.031 552.0 
77.985 553.0 
77.926 554.0 
77.891 555.0 
78.055 556.0 
77.973 557.0 
77.926 558.0 
77.728 559.0 
77.985 560.0 
77.926 561.0 
77.868 562.0 
77.996 563.0 
77.95 564.0 
77.833 565.0 
77.996 566.0 
78.031 567.0 
77.856 568.0 
77.985 569.0 
77.88 570.0 
78.008 571.0 
77.961 572.0 
77.903 573.0 
77.926 574.0 
77.915 575.0 
78.02 576.0 
77.95 577.0 
77.95 578.0 
78.043 579.0 
77.973 580.0 
78.02 581.0 
77.985 582.0 
78.09 583.0 
77.973 584.0 
78.09 585.0 
77.996 586.0 
77.915 587.0 
78.008 588.0 
77.915 589.0 
77.985 590.0 
77.961 591.0 
78.043 592.0 
77.95 593.0 
77.95 594.0 
77.938 595.0 
78.008 596.0 
77.938 597.0 
78.031 598.0 
77.903 599.0 
77.985 600.0 
78.09 601.0 
77.961 602.0 
78.067 603.0 
77.961 604.0 
78.055 605.0 
77.95 606.0 
78.02 607.0 
77.915 608.0 
77.95 609.0 
78.031 610.0 
77.95 611.0 
78.043 612.0 
77.926 613.0 
78.02 614.0 
77.891 615.0 
77.996 616.0 
78.043 617.0 
77.926 618.0 
78.02 619.0 
77.599 620.0 
77.95 621.0 
77.996 622.0 
77.903 623.0 
77.926 624.0 
78.031 625.0 
77.903 626.0 
77.996 627.0 
78.055 628.0 
77.903 629.0 
77.996 630.0 
78.067 631.0 
77.938 632.0 
77.996 633.0 
78.09 634.0 
77.926 635.0 
77.985 636.0 
78.055 637.0 
77.926 638.0 
77.985 639.0 
78.02 640.0 
77.903 641.0 
77.973 642.0 
78.043 643.0 
77.891 644.0 
77.926 645.0 
78.02 646.0 
78.067 647.0 
77.903 648.0 
77.926 649.0 
78.031 650.0 
77.915 651.0 
77.961 652.0 
77.985 653.0 
78.02 654.0 
77.891 655.0 
77.95 656.0 
77.996 657.0 
78.078 658.0 
77.926 659.0 
77.95 660.0 
78.02 661.0 
78.043 662.0 
77.88 663.0 
77.961 664.0 
78.008 665.0 
78.055 666.0 
77.938 667.0 
77.973 668.0 
78.008 669.0 
78.043 670.0 
77.903 671.0 
77.95 672.0 
77.973 673.0 
77.996 674.0 
77.996 675.0 
77.903 676.0 
77.915 677.0 
77.996 678.0 
78.008 679.0 
78.043 680.0 
77.891 681.0 
77.926 682.0 
77.938 683.0 
78.02 684.0 
78.008 685.0 
78.102 686.0 
77.915 687.0 
77.938 688.0 
78.008 689.0 
77.996 690.0 
78.008 691.0 
78.078 692.0 
77.938 693.0 
77.915 694.0 
77.961 695.0 
77.996 696.0 
78.008 697.0 
77.996 698.0 
77.716 699.0 
77.88 700.0 
77.903 701.0 
77.926 702.0 
77.985 703.0 
77.973 704.0 
78.043 705.0 
78.031 706.0 
77.88 707.0 
77.891 708.0 
77.938 709.0 
77.973 710.0 
77.961 711.0 
78.031 712.0 
78.008 713.0 
78.055 714.0 
78.09 715.0 
77.891 716.0 
77.938 717.0 
77.973 718.0 
77.961 719.0 
77.961 720.0 
77.961 721.0 
78.008 722.0 
78.031 723.0 
77.985 724.0 
78.043 725.0 
77.868 726.0 
77.891 727.0 
77.926 728.0 
77.95 729.0 
77.973 730.0 
77.973 731.0 
77.996 732.0 
77.985 733.0 
78.031 734.0 
78.02 735.0 
78.055 736.0 
78.055 737.0 
78.055 738.0 
77.821 739.0 
77.88 740.0 
77.845 741.0 
77.891 742.0 
77.903 743.0 
77.88 744.0 
77.903 745.0 
77.903 746.0 
77.926 747.0 
77.88 748.0 
77.938 749.0 
77.961 750.0 
77.938 751.0 
77.961 752.0 
77.973 753.0 
77.985 754.0 
77.996 755.0 
77.973 756.0 
77.938 757.0 
78.031 758.0 
77.973 759.0 
77.961 760.0 
77.985 761.0 
77.973 762.0 
77.961 763.0 
77.996 764.0 
77.985 765.0 
77.961 766.0 
77.996 767.0 
77.961 768.0 
77.985 769.0 
77.985 770.0 
77.996 771.0 
77.996 772.0 
78.02 773.0 
77.985 774.0 
77.961 775.0 
77.985 776.0 
77.973 777.0 
77.996 778.0 
77.973 779.0 
77.985 780.0 
77.985 781.0 
77.973 782.0 
77.961 783.0 
77.985 784.0 
77.973 785.0 
77.961 786.0 
77.961 787.0 
77.961 788.0 
77.973 789.0 
77.996 790.0 
78.02 791.0 
78.008 792.0 
77.961 793.0 
77.996 794.0 
77.985 795.0 
77.973 796.0 
77.973 797.0 
77.996 798.0 
77.996 799.0 
77.973 800.0 
77.996 801.0 
77.973 802.0 
77.985 803.0 
77.973 804.0 
0.0 805.0 
-0.007 806.0 
-0.002 807.0 
-0.008 808.0 
-0.012 809.0 
-0.013 810.0 
-0.022 811.0 
-0.026 812.0 
-0.029 813.0 
-0.032 814.0 
-0.041 815.0 
-0.037 816.0 
-0.042 817.0 
-0.044 818.0 
-0.049 819.0 
-0.053 820.0 
-0.05 821.0 
-0.049 822.0 
-0.048 823.0 
-0.043 824.0 
-0.037 825.0 
-0.042 826.0 
-0.031 827.0 
-0.035 828.0 
-0.026 829.0 
