-0.031 257.0 
-0.049 258.0 
-0.152 259.0 
-0.052 260.0 
-0.043 261.0 
-0.036 262.0 
-0.029 263.0 
-0.055 264.0 
-0.046 265.0 
-0.028 266.0 
-0.032 267.0 
-0.031 268.0 
-0.059 269.0 
-0.044 270.0 
-0.052 271.0 
-0.02 272.0 
-0.023 273.0 
-0.042 274.0 
278.515 275.0 
273.757 276.0 
272.365 277.0 
270.624 278.0 
268.883 279.0 
267.374 280.0 
265.75 281.0 
264.357 282.0 
263.661 283.0 
262.5 284.0 
262.152 285.0 
261.804 286.0 
262.152 287.0 
262.036 288.0 
261.456 289.0 
263.545 290.0 
260.412 291.0 
260.644 292.0 
260.412 293.0 
260.528 294.0 
259.483 295.0 
259.599 296.0 
259.831 297.0 
259.251 298.0 
259.135 299.0 
259.947 300.0 
259.019 301.0 
259.599 302.0 
257.975 303.0 
258.903 304.0 
259.135 305.0 
258.555 306.0 
258.787 307.0 
258.671 308.0 
258.671 309.0 
258.323 310.0 
257.975 311.0 
257.626 312.0 
258.439 313.0 
257.975 314.0 
258.323 315.0 
257.975 316.0 
258.091 317.0 
257.975 318.0 
258.323 319.0 
258.091 320.0 
249.039 321.0 
257.975 322.0 
257.742 323.0 
257.975 324.0 
257.626 325.0 
260.876 326.0 
258.091 327.0 
257.975 328.0 
258.207 329.0 
257.626 330.0 
257.859 331.0 
258.091 332.0 
258.091 333.0 
257.394 334.0 
258.439 335.0 
257.742 336.0 
258.091 337.0 
257.742 338.0 
260.644 339.0 
257.626 340.0 
257.742 341.0 
257.742 342.0 
258.207 343.0 
258.091 344.0 
257.742 345.0 
257.742 346.0 
257.859 347.0 
256.814 348.0 
257.975 349.0 
257.51 350.0 
257.626 351.0 
257.742 352.0 
257.742 353.0 
254.493 354.0 
258.323 355.0 
257.742 356.0 
257.859 357.0 
257.51 358.0 
258.207 359.0 
257.975 360.0 
258.207 361.0 
257.859 362.0 
257.975 363.0 
257.742 364.0 
257.859 365.0 
257.626 366.0 
257.975 367.0 
257.742 368.0 
257.626 369.0 
257.859 370.0 
258.207 371.0 
257.859 372.0 
257.859 373.0 
257.975 374.0 
257.859 375.0 
260.412 376.0 
257.046 377.0 
257.859 378.0 
257.742 379.0 
258.091 380.0 
257.859 381.0 
258.439 382.0 
257.626 383.0 
257.859 384.0 
257.859 385.0 
258.439 386.0 
256.698 387.0 
257.742 388.0 
258.091 389.0 
257.742 390.0 
257.975 391.0 
257.859 392.0 
258.207 393.0 
257.51 394.0 
257.742 395.0 
258.091 396.0 
257.626 397.0 
257.975 398.0 
256.466 399.0 
257.742 400.0 
258.207 401.0 
257.975 402.0 
258.555 403.0 
258.091 404.0 
257.742 405.0 
257.859 406.0 
258.323 407.0 
258.207 408.0 
257.859 409.0 
257.51 410.0 
257.975 411.0 
258.323 412.0 
257.859 413.0 
257.975 414.0 
257.51 415.0 
258.091 416.0 
257.742 417.0 
258.555 418.0 
257.975 419.0 
257.975 420.0 
257.626 421.0 
258.207 422.0 
258.207 423.0 
258.091 424.0 
257.975 425.0 
258.207 426.0 
257.859 427.0 
257.975 428.0 
257.278 429.0 
257.51 430.0 
258.207 431.0 
257.975 432.0 
258.439 433.0 
257.742 434.0 
257.975 435.0 
258.207 436.0 
258.323 437.0 
257.278 438.0 
258.207 439.0 
257.975 440.0 
258.091 441.0 
257.859 442.0 
257.859 443.0 
257.975 444.0 
257.975 445.0 
257.742 446.0 
258.439 447.0 
258.323 448.0 
258.091 449.0 
258.555 450.0 
257.859 451.0 
257.859 452.0 
257.742 453.0 
257.742 454.0 
258.323 455.0 
257.975 456.0 
257.742 457.0 
257.859 458.0 
257.975 459.0 
258.323 460.0 
258.207 461.0 
257.859 462.0 
258.207 463.0 
258.555 464.0 
258.323 465.0 
258.323 466.0 
257.975 467.0 
257.742 468.0 
257.975 469.0 
257.975 470.0 
257.975 471.0 
258.091 472.0 
258.207 473.0 
258.091 474.0 
258.439 475.0 
258.207 476.0 
257.742 477.0 
258.207 478.0 
257.742 479.0 
258.207 480.0 
258.555 481.0 
257.975 482.0 
258.439 483.0 
257.975 484.0 
258.323 485.0 
257.859 486.0 
257.859 487.0 
258.555 488.0 
257.626 489.0 
257.742 490.0 
257.975 491.0 
257.975 492.0 
258.091 493.0 
258.091 494.0 
257.859 495.0 
257.51 496.0 
257.975 497.0 
258.207 498.0 
257.742 499.0 
257.626 500.0 
258.439 501.0 
258.439 502.0 
257.859 503.0 
257.742 504.0 
258.091 505.0 
257.975 506.0 
254.725 507.0 
261.456 508.0 
257.626 509.0 
257.742 510.0 
257.742 511.0 
257.975 512.0 
257.975 513.0 
257.975 514.0 
257.859 515.0 
258.439 516.0 
260.412 517.0 
257.51 518.0 
257.626 519.0 
257.859 520.0 
257.626 521.0 
257.859 522.0 
257.742 523.0 
257.859 524.0 
257.975 525.0 
257.626 526.0 
258.091 527.0 
257.394 528.0 
257.742 529.0 
257.394 530.0 
257.742 531.0 
258.323 532.0 
258.323 533.0 
257.742 534.0 
257.859 535.0 
258.091 536.0 
257.859 537.0 
257.046 538.0 
257.394 539.0 
257.626 540.0 
258.207 541.0 
257.975 542.0 
257.742 543.0 
257.859 544.0 
258.091 545.0 
257.626 546.0 
258.439 547.0 
258.323 548.0 
257.859 549.0 
257.394 550.0 
255.654 551.0 
258.207 552.0 
257.742 553.0 
257.742 554.0 
257.626 555.0 
257.742 556.0 
257.626 557.0 
257.742 558.0 
252.288 559.0 
257.742 560.0 
257.742 561.0 
257.278 562.0 
258.091 563.0 
257.742 564.0 
257.162 565.0 
258.091 566.0 
257.51 567.0 
257.859 568.0 
257.51 569.0 
257.278 570.0 
257.742 571.0 
257.51 572.0 
257.742 573.0 
257.742 574.0 
257.626 575.0 
260.412 576.0 
257.394 577.0 
257.975 578.0 
257.859 579.0 
257.859 580.0 
258.091 581.0 
257.975 582.0 
258.091 583.0 
257.975 584.0 
254.725 585.0 
258.091 586.0 
257.742 587.0 
258.091 588.0 
257.51 589.0 
257.975 590.0 
257.626 591.0 
257.859 592.0 
257.626 593.0 
257.51 594.0 
257.626 595.0 
257.394 596.0 
257.742 597.0 
257.51 598.0 
257.859 599.0 
258.207 600.0 
258.323 601.0 
258.439 602.0 
258.207 603.0 
257.742 604.0 
258.091 605.0 
257.626 606.0 
258.207 607.0 
257.742 608.0 
257.859 609.0 
257.859 610.0 
257.975 611.0 
258.091 612.0 
257.859 613.0 
257.51 614.0 
257.394 615.0 
257.859 616.0 
258.323 617.0 
257.162 618.0 
258.091 619.0 
252.985 620.0 
258.091 621.0 
257.742 622.0 
257.859 623.0 
257.742 624.0 
258.439 625.0 
257.626 626.0 
258.091 627.0 
258.207 628.0 
257.278 629.0 
257.742 630.0 
258.207 631.0 
257.278 632.0 
257.859 633.0 
259.831 634.0 
257.859 635.0 
257.975 636.0 
257.975 637.0 
257.742 638.0 
258.091 639.0 
258.207 640.0 
257.859 641.0 
257.975 642.0 
258.207 643.0 
257.626 644.0 
258.091 645.0 
258.091 646.0 
258.323 647.0 
257.742 648.0 
257.394 649.0 
257.626 650.0 
257.046 651.0 
257.626 652.0 
257.859 653.0 
257.975 654.0 
257.51 655.0 
257.975 656.0 
257.742 657.0 
257.975 658.0 
257.859 659.0 
257.742 660.0 
258.207 661.0 
258.323 662.0 
257.51 663.0 
257.742 664.0 
258.091 665.0 
258.091 666.0 
257.975 667.0 
257.859 668.0 
257.859 669.0 
258.207 670.0 
257.626 671.0 
257.626 672.0 
258.091 673.0 
258.091 674.0 
257.975 675.0 
257.859 676.0 
257.859 677.0 
257.975 678.0 
258.091 679.0 
258.439 680.0 
257.626 681.0 
257.394 682.0 
258.323 683.0 
258.207 684.0 
258.207 685.0 
258.555 686.0 
257.975 687.0 
258.207 688.0 
257.51 689.0 
257.742 690.0 
258.207 691.0 
258.323 692.0 
257.626 693.0 
257.859 694.0 
258.091 695.0 
258.207 696.0 
258.091 697.0 
257.742 698.0 
256.466 699.0 
258.091 700.0 
257.51 701.0 
257.975 702.0 
258.323 703.0 
257.975 704.0 
257.626 705.0 
258.439 706.0 
257.859 707.0 
257.742 708.0 
257.394 709.0 
257.975 710.0 
257.859 711.0 
258.091 712.0 
258.323 713.0 
258.091 714.0 
258.555 715.0 
257.626 716.0 
257.742 717.0 
257.51 718.0 
257.859 719.0 
258.091 720.0 
258.207 721.0 
258.091 722.0 
258.323 723.0 
258.207 724.0 
258.439 725.0 
257.742 726.0 
257.626 727.0 
257.742 728.0 
257.859 729.0 
257.742 730.0 
258.207 731.0 
257.975 732.0 
257.975 733.0 
257.975 734.0 
258.207 735.0 
257.742 736.0 
258.207 737.0 
257.975 738.0 
256.582 739.0 
257.742 740.0 
257.742 741.0 
257.742 742.0 
257.742 743.0 
257.626 744.0 
257.975 745.0 
257.859 746.0 
257.859 747.0 
257.975 748.0 
257.626 749.0 
257.51 750.0 
257.742 751.0 
257.742 752.0 
257.859 753.0 
257.742 754.0 
258.091 755.0 
257.975 756.0 
257.859 757.0 
257.859 758.0 
257.975 759.0 
257.975 760.0 
257.859 761.0 
257.975 762.0 
258.091 763.0 
258.091 764.0 
257.975 765.0 
258.207 766.0 
257.859 767.0 
257.975 768.0 
257.742 769.0 
257.742 770.0 
257.975 771.0 
258.207 772.0 
257.975 773.0 
257.859 774.0 
257.742 775.0 
258.091 776.0 
257.742 777.0 
257.975 778.0 
257.975 779.0 
258.207 780.0 
257.975 781.0 
257.859 782.0 
258.091 783.0 
258.091 784.0 
257.742 785.0 
258.091 786.0 
258.207 787.0 
258.091 788.0 
257.742 789.0 
257.626 790.0 
257.626 791.0 
257.742 792.0 
258.091 793.0 
257.742 794.0 
257.51 795.0 
257.742 796.0 
257.859 797.0 
257.742 798.0 
258.091 799.0 
257.975 800.0 
257.859 801.0 
257.975 802.0 
257.975 803.0 
258.207 804.0 
0.032 805.0 
0.032 806.0 
0.032 807.0 
0.031 808.0 
0.02 809.0 
0.019 810.0 
0.01 811.0 
0.001 812.0 
-0.013 813.0 
-0.032 814.0 
-0.04 815.0 
-0.056 816.0 
-0.054 817.0 
-0.072 818.0 
-0.078 819.0 
-0.092 820.0 
-0.093 821.0 
-0.096 822.0 
-0.105 823.0 
-0.097 824.0 
-0.095 825.0 
-0.101 826.0 
-0.095 827.0 
-0.095 828.0 
-0.092 829.0 
