-0.052 257.0 
-0.038 258.0 
-0.025 259.0 
-0.029 260.0 
-0.032 261.0 
-0.037 262.0 
-0.031 263.0 
-0.019 264.0 
-0.025 265.0 
-0.04 266.0 
-0.029 267.0 
-0.048 268.0 
-0.029 269.0 
-0.037 270.0 
-0.04 271.0 
-0.03 272.0 
-0.018 273.0 
-0.025 274.0 
141.101 275.0 
138.018 276.0 
136.628 277.0 
134.829 278.0 
132.891 279.0 
130.671 280.0 
128.628 281.0 
126.198 282.0 
122.823 283.0 
121.304 284.0 
120.861 285.0 
120.487 286.0 
120.253 287.0 
120.043 288.0 
119.821 289.0 
119.833 290.0 
119.12 291.0 
118.887 292.0 
118.735 293.0 
118.653 294.0 
118.221 295.0 
118.081 296.0 
118.022 297.0 
117.509 298.0 
117.38 299.0 
117.345 300.0 
116.89 301.0 
116.784 302.0 
116.341 303.0 
116.259 304.0 
116.142 305.0 
115.476 306.0 
114.308 307.0 
112.299 308.0 
110.092 309.0 
106.903 310.0 
103.843 311.0 
100.176 312.0 
96.777 313.0 
92.911 314.0 
89.186 315.0 
85.273 316.0 
81.687 317.0 
78.767 318.0 
78.639 319.0 
78.394 320.0 
78.23 321.0 
78.253 322.0 
78.125 323.0 
78.148 324.0 
78.055 325.0 
77.903 326.0 
78.078 327.0 
77.996 328.0 
78.195 329.0 
78.113 330.0 
78.008 331.0 
78.09 332.0 
78.125 333.0 
78.008 334.0 
78.09 335.0 
78.113 336.0 
78.078 337.0 
77.996 338.0 
78.137 339.0 
78.043 340.0 
78.067 341.0 
77.996 342.0 
77.891 343.0 
78.055 344.0 
78.031 345.0 
78.008 346.0 
77.961 347.0 
78.113 348.0 
78.09 349.0 
78.02 350.0 
77.996 351.0 
78.078 352.0 
77.996 353.0 
77.938 354.0 
78.113 355.0 
78.078 356.0 
78.113 357.0 
78.055 358.0 
78.125 359.0 
78.09 360.0 
78.078 361.0 
78.043 362.0 
78.102 363.0 
78.02 364.0 
77.996 365.0 
78.008 366.0 
78.043 367.0 
77.961 368.0 
78.02 369.0 
78.031 370.0 
78.067 371.0 
78.067 372.0 
78.067 373.0 
78.102 374.0 
78.125 375.0 
78.335 376.0 
77.891 377.0 
78.02 378.0 
78.043 379.0 
78.02 380.0 
78.031 381.0 
78.148 382.0 
78.043 383.0 
78.02 384.0 
77.961 385.0 
78.09 386.0 
77.996 387.0 
77.926 388.0 
78.055 389.0 
78.031 390.0 
78.031 391.0 
77.996 392.0 
78.067 393.0 
77.915 394.0 
78.031 395.0 
78.137 396.0 
77.996 397.0 
78.067 398.0 
78.043 399.0 
77.985 400.0 
78.078 401.0 
78.067 402.0 
78.102 403.0 
78.102 404.0 
78.043 405.0 
77.95 406.0 
78.043 407.0 
77.996 408.0 
78.043 409.0 
77.95 410.0 
77.985 411.0 
78.09 412.0 
78.429 413.0 
78.078 414.0 
78.031 415.0 
78.067 416.0 
77.996 417.0 
78.195 418.0 
78.067 419.0 
77.973 420.0 
77.996 421.0 
78.055 422.0 
78.113 423.0 
77.996 424.0 
77.95 425.0 
78.031 426.0 
78.09 427.0 
77.996 428.0 
78.02 429.0 
77.996 430.0 
78.043 431.0 
78.067 432.0 
78.067 433.0 
77.95 434.0 
77.961 435.0 
78.031 436.0 
78.172 437.0 
77.973 438.0 
77.996 439.0 
77.996 440.0 
78.008 441.0 
78.02 442.0 
78.008 443.0 
78.031 444.0 
77.985 445.0 
77.95 446.0 
78.102 447.0 
78.078 448.0 
78.055 449.0 
78.288 450.0 
78.008 451.0 
78.008 452.0 
77.961 453.0 
77.938 454.0 
78.067 455.0 
78.043 456.0 
77.996 457.0 
77.961 458.0 
78.055 459.0 
78.043 460.0 
78.008 461.0 
77.985 462.0 
78.102 463.0 
78.043 464.0 
78.043 465.0 
78.102 466.0 
77.996 467.0 
77.95 468.0 
78.067 469.0 
77.973 470.0 
77.996 471.0 
78.008 472.0 
77.926 473.0 
78.02 474.0 
78.113 475.0 
78.031 476.0 
77.95 477.0 
78.031 478.0 
77.95 479.0 
78.008 480.0 
78.137 481.0 
78.031 482.0 
78.09 483.0 
77.985 484.0 
78.055 485.0 
77.938 486.0 
77.961 487.0 
78.043 488.0 
78.02 489.0 
78.008 490.0 
78.055 491.0 
78.031 492.0 
78.031 493.0 
78.02 494.0 
77.938 495.0 
77.95 496.0 
78.031 497.0 
78.067 498.0 
77.938 499.0 
77.985 500.0 
77.996 501.0 
78.043 502.0 
77.95 503.0 
77.95 504.0 
77.961 505.0 
77.996 506.0 
77.938 507.0 
78.102 508.0 
77.938 509.0 
77.915 510.0 
77.926 511.0 
77.95 512.0 
77.996 513.0 
77.996 514.0 
78.008 515.0 
78.031 516.0 
78.031 517.0 
77.821 518.0 
77.891 519.0 
77.903 520.0 
77.915 521.0 
77.938 522.0 
77.938 523.0 
77.915 524.0 
77.891 525.0 
77.915 526.0 
77.891 527.0 
77.798 528.0 
77.88 529.0 
77.821 530.0 
77.845 531.0 
77.973 532.0 
77.95 533.0 
77.88 534.0 
77.868 535.0 
77.845 536.0 
77.868 537.0 
77.716 538.0 
77.728 539.0 
77.693 540.0 
77.786 541.0 
77.716 542.0 
77.728 543.0 
77.693 544.0 
77.634 545.0 
77.588 546.0 
77.704 547.0 
77.681 548.0 
77.599 549.0 
77.553 550.0 
77.518 551.0 
77.611 552.0 
77.553 553.0 
77.506 554.0 
77.529 555.0 
77.634 556.0 
77.576 557.0 
77.529 558.0 
77.191 559.0 
77.576 560.0 
77.518 561.0 
77.459 562.0 
77.623 563.0 
77.541 564.0 
77.448 565.0 
77.588 566.0 
77.611 567.0 
77.471 568.0 
77.588 569.0 
77.506 570.0 
77.634 571.0 
77.576 572.0 
77.494 573.0 
77.564 574.0 
77.518 575.0 
77.634 576.0 
77.541 577.0 
77.564 578.0 
77.611 579.0 
77.541 580.0 
77.623 581.0 
77.599 582.0 
77.599 583.0 
77.611 584.0 
77.681 585.0 
77.576 586.0 
77.541 587.0 
77.623 588.0 
77.506 589.0 
77.588 590.0 
77.506 591.0 
77.611 592.0 
77.541 593.0 
77.541 594.0 
77.541 595.0 
77.553 596.0 
77.518 597.0 
77.611 598.0 
77.529 599.0 
77.588 600.0 
77.716 601.0 
77.588 602.0 
77.681 603.0 
77.588 604.0 
77.599 605.0 
77.529 606.0 
77.588 607.0 
77.494 608.0 
77.564 609.0 
77.634 610.0 
77.553 611.0 
77.611 612.0 
77.529 613.0 
77.576 614.0 
77.541 615.0 
77.588 616.0 
77.646 617.0 
77.529 618.0 
77.611 619.0 
77.226 620.0 
77.541 621.0 
77.599 622.0 
77.529 623.0 
77.588 624.0 
77.623 625.0 
77.494 626.0 
77.576 627.0 
77.646 628.0 
77.541 629.0 
77.564 630.0 
77.669 631.0 
77.494 632.0 
77.588 633.0 
77.704 634.0 
77.553 635.0 
77.611 636.0 
77.658 637.0 
77.529 638.0 
77.588 639.0 
77.646 640.0 
77.553 641.0 
77.588 642.0 
77.646 643.0 
77.494 644.0 
77.553 645.0 
77.588 646.0 
77.658 647.0 
77.541 648.0 
77.553 649.0 
77.623 650.0 
77.494 651.0 
77.529 652.0 
77.588 653.0 
77.658 654.0 
77.471 655.0 
77.541 656.0 
77.553 657.0 
77.588 658.0 
77.506 659.0 
77.588 660.0 
77.634 661.0 
77.658 662.0 
77.483 663.0 
77.599 664.0 
77.599 665.0 
77.646 666.0 
77.506 667.0 
77.553 668.0 
77.611 669.0 
77.623 670.0 
77.448 671.0 
77.518 672.0 
77.553 673.0 
77.623 674.0 
77.588 675.0 
77.483 676.0 
77.553 677.0 
77.599 678.0 
77.588 679.0 
77.634 680.0 
77.471 681.0 
77.518 682.0 
77.564 683.0 
77.611 684.0 
77.588 685.0 
77.646 686.0 
77.471 687.0 
77.541 688.0 
77.553 689.0 
77.611 690.0 
77.599 691.0 
77.693 692.0 
77.471 693.0 
77.541 694.0 
77.576 695.0 
77.553 696.0 
77.623 697.0 
77.623 698.0 
77.366 699.0 
77.506 700.0 
77.529 701.0 
77.564 702.0 
77.588 703.0 
77.599 704.0 
77.599 705.0 
77.634 706.0 
77.471 707.0 
77.494 708.0 
77.518 709.0 
77.541 710.0 
77.564 711.0 
77.599 712.0 
77.623 713.0 
77.623 714.0 
77.693 715.0 
77.483 716.0 
77.506 717.0 
77.529 718.0 
77.541 719.0 
77.588 720.0 
77.588 721.0 
77.576 722.0 
77.634 723.0 
77.646 724.0 
77.681 725.0 
77.471 726.0 
77.483 727.0 
77.506 728.0 
77.529 729.0 
77.518 730.0 
77.588 731.0 
77.564 732.0 
77.599 733.0 
77.623 734.0 
77.599 735.0 
77.623 736.0 
77.611 737.0 
77.634 738.0 
77.377 739.0 
77.448 740.0 
77.483 741.0 
77.483 742.0 
77.483 743.0 
77.494 744.0 
77.506 745.0 
77.506 746.0 
77.518 747.0 
77.518 748.0 
77.553 749.0 
77.506 750.0 
77.506 751.0 
77.541 752.0 
77.553 753.0 
77.576 754.0 
77.553 755.0 
77.576 756.0 
77.564 757.0 
77.564 758.0 
77.576 759.0 
77.588 760.0 
77.564 761.0 
77.599 762.0 
77.599 763.0 
77.576 764.0 
77.599 765.0 
77.599 766.0 
77.576 767.0 
77.588 768.0 
77.576 769.0 
77.588 770.0 
77.588 771.0 
77.564 772.0 
77.576 773.0 
77.576 774.0 
77.588 775.0 
77.611 776.0 
77.611 777.0 
77.576 778.0 
77.564 779.0 
77.576 780.0 
77.564 781.0 
77.588 782.0 
77.588 783.0 
77.634 784.0 
77.553 785.0 
77.564 786.0 
77.576 787.0 
77.588 788.0 
77.553 789.0 
77.564 790.0 
77.564 791.0 
77.576 792.0 
77.576 793.0 
77.588 794.0 
77.553 795.0 
77.541 796.0 
77.564 797.0 
77.576 798.0 
77.541 799.0 
77.553 800.0 
77.553 801.0 
77.553 802.0 
77.553 803.0 
77.564 804.0 
0.007 805.0 
0.0 806.0 
0.005 807.0 
0.005 808.0 
0.001 809.0 
0.0 810.0 
-0.006 811.0 
-0.012 812.0 
-0.013 813.0 
-0.016 814.0 
-0.023 815.0 
-0.024 816.0 
-0.024 817.0 
-0.03 818.0 
-0.034 819.0 
-0.023 820.0 
-0.014 821.0 
-0.025 822.0 
-0.017 823.0 
-0.019 824.0 
-0.016 825.0 
-0.02 826.0 
-0.022 827.0 
-0.018 828.0 
-0.023 829.0 
