-0.054 257.0 
-0.036 258.0 
-0.061 259.0 
-0.006 260.0 
-0.037 261.0 
-0.028 262.0 
-0.034 263.0 
-0.034 264.0 
-0.018 265.0 
-0.044 266.0 
-0.053 267.0 
-0.058 268.0 
-0.071 269.0 
-0.04 270.0 
-0.028 271.0 
-0.052 272.0 
-0.043 273.0 
-0.038 274.0 
851.792 275.0 
846.454 276.0 
839.723 277.0 
830.671 278.0 
823.128 279.0 
817.326 280.0 
812.916 281.0 
809.434 282.0 
805.373 283.0 
802.472 284.0 
800.731 285.0 
799.222 286.0 
798.642 287.0 
797.598 288.0 
796.437 289.0 
794.0 290.0 
792.491 291.0 
791.795 292.0 
791.331 293.0 
788.43 294.0 
788.546 295.0 
788.198 296.0 
788.662 297.0 
785.761 298.0 
785.413 299.0 
786.341 300.0 
783.44 301.0 
784.02 302.0 
781.003 303.0 
782.047 304.0 
788.082 305.0 
780.538 306.0 
780.655 307.0 
779.03 308.0 
779.958 309.0 
778.218 310.0 
778.566 311.0 
777.173 312.0 
777.985 313.0 
776.361 314.0 
777.057 315.0 
776.593 316.0 
777.173 317.0 
775.2 318.0 
776.129 319.0 
775.2 320.0 
773.344 321.0 
775.2 322.0 
774.504 323.0 
774.852 324.0 
774.852 325.0 
774.272 326.0 
774.156 327.0 
773.576 328.0 
778.682 329.0 
774.272 330.0 
772.879 331.0 
776.013 332.0 
774.04 333.0 
773.111 334.0 
773.344 335.0 
773.808 336.0 
773.808 337.0 
772.763 338.0 
774.04 339.0 
773.111 340.0 
773.111 341.0 
772.879 342.0 
770.674 343.0 
772.879 344.0 
772.531 345.0 
772.299 346.0 
772.067 347.0 
772.067 348.0 
772.763 349.0 
772.879 350.0 
772.415 351.0 
772.763 352.0 
772.183 353.0 
771.139 354.0 
773.111 355.0 
772.647 356.0 
773.111 357.0 
772.299 358.0 
772.879 359.0 
772.299 360.0 
772.879 361.0 
772.183 362.0 
772.299 363.0 
771.603 364.0 
771.951 365.0 
772.067 366.0 
772.299 367.0 
771.719 368.0 
772.067 369.0 
772.415 370.0 
772.299 371.0 
772.647 372.0 
772.647 373.0 
772.995 374.0 
772.879 375.0 
775.664 376.0 
771.835 377.0 
771.835 378.0 
771.835 379.0 
772.415 380.0 
772.067 381.0 
773.227 382.0 
772.067 383.0 
771.951 384.0 
772.067 385.0 
772.763 386.0 
771.603 387.0 
771.835 388.0 
771.951 389.0 
772.183 390.0 
771.835 391.0 
771.835 392.0 
772.995 393.0 
771.487 394.0 
772.299 395.0 
773.111 396.0 
771.719 397.0 
772.415 398.0 
771.139 399.0 
771.603 400.0 
772.879 401.0 
772.067 402.0 
772.647 403.0 
771.951 404.0 
771.835 405.0 
771.255 406.0 
771.835 407.0 
771.719 408.0 
772.183 409.0 
771.255 410.0 
772.067 411.0 
772.415 412.0 
775.897 413.0 
772.415 414.0 
772.067 415.0 
772.067 416.0 
771.835 417.0 
773.576 418.0 
772.531 419.0 
771.487 420.0 
771.951 421.0 
772.415 422.0 
772.415 423.0 
771.603 424.0 
772.067 425.0 
772.183 426.0 
772.299 427.0 
771.487 428.0 
771.951 429.0 
772.183 430.0 
772.067 431.0 
772.531 432.0 
772.763 433.0 
771.371 434.0 
771.719 435.0 
772.067 436.0 
772.531 437.0 
771.603 438.0 
772.067 439.0 
772.067 440.0 
771.951 441.0 
771.835 442.0 
771.371 443.0 
771.603 444.0 
771.835 445.0 
771.603 446.0 
772.415 447.0 
772.415 448.0 
772.183 449.0 
773.344 450.0 
771.835 451.0 
771.719 452.0 
771.603 453.0 
771.255 454.0 
772.415 455.0 
770.442 456.0 
771.603 457.0 
771.603 458.0 
772.531 459.0 
772.763 460.0 
772.183 461.0 
771.603 462.0 
772.531 463.0 
772.067 464.0 
772.415 465.0 
772.415 466.0 
771.951 467.0 
770.906 468.0 
772.183 469.0 
771.951 470.0 
771.835 471.0 
772.067 472.0 
772.763 473.0 
772.415 474.0 
772.647 475.0 
772.183 476.0 
771.487 477.0 
771.835 478.0 
771.255 479.0 
772.299 480.0 
772.879 481.0 
771.719 482.0 
772.299 483.0 
771.371 484.0 
772.067 485.0 
771.255 486.0 
770.906 487.0 
772.183 488.0 
771.603 489.0 
771.835 490.0 
771.951 491.0 
771.603 492.0 
771.951 493.0 
772.067 494.0 
771.371 495.0 
770.906 496.0 
771.835 497.0 
772.415 498.0 
771.139 499.0 
771.371 500.0 
771.951 501.0 
772.067 502.0 
770.558 503.0 
770.674 504.0 
770.674 505.0 
771.139 506.0 
768.818 507.0 
773.46 508.0 
770.326 509.0 
769.978 510.0 
770.674 511.0 
770.79 512.0 
770.906 513.0 
771.371 514.0 
771.603 515.0 
771.835 516.0 
775.2 517.0 
769.746 518.0 
769.978 519.0 
769.978 520.0 
770.558 521.0 
770.326 522.0 
770.21 523.0 
770.094 524.0 
770.21 525.0 
770.094 526.0 
770.21 527.0 
769.398 528.0 
769.746 529.0 
769.514 530.0 
769.63 531.0 
771.255 532.0 
771.255 533.0 
770.326 534.0 
771.139 535.0 
770.558 536.0 
770.674 537.0 
770.442 538.0 
770.094 539.0 
770.21 540.0 
771.719 541.0 
771.255 542.0 
770.442 543.0 
770.326 544.0 
770.094 545.0 
769.63 546.0 
771.023 547.0 
770.674 548.0 
770.442 549.0 
769.978 550.0 
768.586 551.0 
770.906 552.0 
770.558 553.0 
769.978 554.0 
770.094 555.0 
770.906 556.0 
770.558 557.0 
769.978 558.0 
771.139 559.0 
770.558 560.0 
770.674 561.0 
769.398 562.0 
770.326 563.0 
769.978 564.0 
768.702 565.0 
770.674 566.0 
770.21 567.0 
769.282 568.0 
770.442 569.0 
769.862 570.0 
770.674 571.0 
770.326 572.0 
769.514 573.0 
770.326 574.0 
769.746 575.0 
770.674 576.0 
769.862 577.0 
770.21 578.0 
770.906 579.0 
770.442 580.0 
771.255 581.0 
770.674 582.0 
770.79 583.0 
770.906 584.0 
771.835 585.0 
770.79 586.0 
769.746 587.0 
770.906 588.0 
770.094 589.0 
770.906 590.0 
769.978 591.0 
770.906 592.0 
770.326 593.0 
770.442 594.0 
770.558 595.0 
770.906 596.0 
770.326 597.0 
770.558 598.0 
769.978 599.0 
771.023 600.0 
771.719 601.0 
770.79 602.0 
771.255 603.0 
770.326 604.0 
771.139 605.0 
769.862 606.0 
770.79 607.0 
769.746 608.0 
770.442 609.0 
771.023 610.0 
770.094 611.0 
771.255 612.0 
770.21 613.0 
771.255 614.0 
769.746 615.0 
770.558 616.0 
771.255 617.0 
769.63 618.0 
770.674 619.0 
765.452 620.0 
770.326 621.0 
771.023 622.0 
770.094 623.0 
770.094 624.0 
771.371 625.0 
769.862 626.0 
770.79 627.0 
771.023 628.0 
770.094 629.0 
771.023 630.0 
771.255 631.0 
769.514 632.0 
770.674 633.0 
771.603 634.0 
769.978 635.0 
770.79 636.0 
771.487 637.0 
769.978 638.0 
770.906 639.0 
771.139 640.0 
770.094 641.0 
770.558 642.0 
771.139 643.0 
769.63 644.0 
770.094 645.0 
770.79 646.0 
771.023 647.0 
769.978 648.0 
770.326 649.0 
771.139 650.0 
769.514 651.0 
769.63 652.0 
770.674 653.0 
770.906 654.0 
769.746 655.0 
770.442 656.0 
770.442 657.0 
771.023 658.0 
770.21 659.0 
770.558 660.0 
771.371 661.0 
771.835 662.0 
769.514 663.0 
770.094 664.0 
770.906 665.0 
771.255 666.0 
769.862 667.0 
770.326 668.0 
770.79 669.0 
771.139 670.0 
769.862 671.0 
770.094 672.0 
770.442 673.0 
770.79 674.0 
771.023 675.0 
770.094 676.0 
770.21 677.0 
770.558 678.0 
770.906 679.0 
771.371 680.0 
769.862 681.0 
769.978 682.0 
770.326 683.0 
770.674 684.0 
771.139 685.0 
771.371 686.0 
769.978 687.0 
770.442 688.0 
770.094 689.0 
770.442 690.0 
771.139 691.0 
770.906 692.0 
769.63 693.0 
770.094 694.0 
770.442 695.0 
770.442 696.0 
770.79 697.0 
770.674 698.0 
767.657 699.0 
769.63 700.0 
770.21 701.0 
770.326 702.0 
770.442 703.0 
770.674 704.0 
770.906 705.0 
771.487 706.0 
769.746 707.0 
769.862 708.0 
770.094 709.0 
770.442 710.0 
770.442 711.0 
770.79 712.0 
771.255 713.0 
771.371 714.0 
771.487 715.0 
769.63 716.0 
770.094 717.0 
770.21 718.0 
770.442 719.0 
770.558 720.0 
770.906 721.0 
771.255 722.0 
771.023 723.0 
770.906 724.0 
771.487 725.0 
769.282 726.0 
769.746 727.0 
769.978 728.0 
770.094 729.0 
770.442 730.0 
769.978 731.0 
770.326 732.0 
771.255 733.0 
770.906 734.0 
771.255 735.0 
771.023 736.0 
771.139 737.0 
771.603 738.0 
768.353 739.0 
769.746 740.0 
770.21 741.0 
769.862 742.0 
770.094 743.0 
769.746 744.0 
769.63 745.0 
769.978 746.0 
770.094 747.0 
769.63 748.0 
770.21 749.0 
770.094 750.0 
770.442 751.0 
770.094 752.0 
770.674 753.0 
770.442 754.0 
770.674 755.0 
770.442 756.0 
770.906 757.0 
770.558 758.0 
770.79 759.0 
770.79 760.0 
770.906 761.0 
770.906 762.0 
770.21 763.0 
770.326 764.0 
770.558 765.0 
770.442 766.0 
770.79 767.0 
770.79 768.0 
770.674 769.0 
770.442 770.0 
770.558 771.0 
770.79 772.0 
771.023 773.0 
771.023 774.0 
770.906 775.0 
770.906 776.0 
770.326 777.0 
770.674 778.0 
770.79 779.0 
770.674 780.0 
771.023 781.0 
770.558 782.0 
770.442 783.0 
770.326 784.0 
770.442 785.0 
770.326 786.0 
770.674 787.0 
770.442 788.0 
770.442 789.0 
770.558 790.0 
770.674 791.0 
770.326 792.0 
770.558 793.0 
770.674 794.0 
770.326 795.0 
770.674 796.0 
770.442 797.0 
770.21 798.0 
770.442 799.0 
770.326 800.0 
770.326 801.0 
770.558 802.0 
769.978 803.0 
770.21 804.0 
0.104 805.0 
0.117 806.0 
0.119 807.0 
0.102 808.0 
0.084 809.0 
0.068 810.0 
0.032 811.0 
-0.006 812.0 
-0.035 813.0 
-0.066 814.0 
-0.086 815.0 
-0.103 816.0 
-0.121 817.0 
-0.131 818.0 
-0.125 819.0 
-0.128 820.0 
-0.127 821.0 
-0.133 822.0 
-0.132 823.0 
-0.119 824.0 
-0.108 825.0 
-0.101 826.0 
-0.084 827.0 
-0.074 828.0 
-0.061 829.0 
