-0.031 257.0 
-0.02 258.0 
-0.108 259.0 
-0.044 260.0 
-0.042 261.0 
-0.04 262.0 
-0.037 263.0 
-0.034 264.0 
-0.03 265.0 
-0.059 266.0 
-0.029 267.0 
-0.041 268.0 
-0.006 269.0 
-0.035 270.0 
-0.042 271.0 
-0.047 272.0 
-0.028 273.0 
-0.029 274.0 
855.622 275.0 
849.587 276.0 
842.276 277.0 
832.644 278.0 
824.521 279.0 
817.558 280.0 
811.639 281.0 
808.158 282.0 
802.936 283.0 
800.035 284.0 
798.062 285.0 
796.437 286.0 
795.741 287.0 
794.696 288.0 
792.956 289.0 
792.375 290.0 
789.126 291.0 
788.43 292.0 
787.849 293.0 
787.617 294.0 
784.716 295.0 
784.368 296.0 
784.484 297.0 
782.163 298.0 
781.699 299.0 
782.279 300.0 
779.726 301.0 
780.19 302.0 
777.289 303.0 
778.45 304.0 
778.798 305.0 
777.173 306.0 
777.289 307.0 
775.664 308.0 
776.593 309.0 
774.272 310.0 
774.968 311.0 
773.344 312.0 
774.504 313.0 
772.647 314.0 
772.995 315.0 
772.183 316.0 
773.111 317.0 
771.719 318.0 
772.067 319.0 
771.139 320.0 
767.309 321.0 
770.906 322.0 
770.094 323.0 
771.023 324.0 
770.558 325.0 
770.674 326.0 
770.094 327.0 
769.166 328.0 
771.139 329.0 
769.978 330.0 
769.05 331.0 
770.21 332.0 
769.978 333.0 
769.282 334.0 
771.487 335.0 
769.05 336.0 
769.282 337.0 
768.237 338.0 
769.862 339.0 
768.586 340.0 
768.47 341.0 
768.121 342.0 
769.63 343.0 
768.702 344.0 
768.237 345.0 
768.121 346.0 
767.541 347.0 
767.773 348.0 
768.934 349.0 
768.586 350.0 
768.121 351.0 
768.702 352.0 
768.237 353.0 
765.104 354.0 
768.702 355.0 
768.005 356.0 
768.702 357.0 
767.773 358.0 
768.586 359.0 
768.121 360.0 
768.237 361.0 
767.773 362.0 
768.005 363.0 
767.309 364.0 
767.657 365.0 
767.889 366.0 
768.121 367.0 
767.541 368.0 
767.657 369.0 
768.005 370.0 
768.237 371.0 
768.237 372.0 
768.47 373.0 
768.47 374.0 
768.353 375.0 
771.487 376.0 
766.497 377.0 
767.657 378.0 
767.657 379.0 
767.773 380.0 
767.193 381.0 
768.702 382.0 
767.657 383.0 
767.309 384.0 
767.425 385.0 
768.702 386.0 
766.729 387.0 
767.077 388.0 
767.773 389.0 
767.889 390.0 
767.889 391.0 
767.309 392.0 
768.47 393.0 
766.845 394.0 
767.541 395.0 
768.586 396.0 
766.845 397.0 
767.889 398.0 
766.265 399.0 
766.845 400.0 
768.237 401.0 
767.541 402.0 
768.121 403.0 
767.773 404.0 
767.425 405.0 
767.077 406.0 
767.541 407.0 
767.425 408.0 
767.541 409.0 
766.961 410.0 
767.541 411.0 
767.889 412.0 
771.139 413.0 
768.121 414.0 
767.193 415.0 
767.657 416.0 
766.845 417.0 
769.05 418.0 
767.541 419.0 
766.961 420.0 
767.193 421.0 
767.889 422.0 
767.541 423.0 
767.077 424.0 
767.193 425.0 
768.237 426.0 
767.889 427.0 
767.309 428.0 
767.193 429.0 
767.077 430.0 
767.773 431.0 
768.121 432.0 
767.773 433.0 
766.961 434.0 
766.845 435.0 
767.425 436.0 
768.702 437.0 
766.729 438.0 
767.193 439.0 
767.193 440.0 
767.193 441.0 
767.193 442.0 
767.541 443.0 
767.077 444.0 
767.309 445.0 
766.845 446.0 
768.121 447.0 
768.121 448.0 
767.889 449.0 
770.094 450.0 
767.309 451.0 
767.425 452.0 
766.845 453.0 
766.961 454.0 
767.889 455.0 
767.309 456.0 
766.961 457.0 
766.729 458.0 
767.657 459.0 
767.889 460.0 
767.077 461.0 
767.309 462.0 
768.005 463.0 
767.657 464.0 
767.773 465.0 
768.237 466.0 
767.773 467.0 
766.729 468.0 
767.657 469.0 
767.541 470.0 
767.425 471.0 
767.541 472.0 
768.237 473.0 
767.425 474.0 
768.121 475.0 
767.193 476.0 
766.613 477.0 
767.425 478.0 
766.613 479.0 
767.309 480.0 
768.353 481.0 
767.077 482.0 
767.773 483.0 
766.845 484.0 
767.541 485.0 
766.845 486.0 
766.845 487.0 
767.773 488.0 
766.961 489.0 
767.425 490.0 
767.541 491.0 
767.077 492.0 
767.077 493.0 
767.657 494.0 
766.497 495.0 
765.916 496.0 
766.961 497.0 
767.309 498.0 
765.916 499.0 
766.497 500.0 
766.845 501.0 
767.193 502.0 
766.033 503.0 
765.8 504.0 
766.265 505.0 
766.845 506.0 
764.06 507.0 
769.282 508.0 
765.8 509.0 
766.033 510.0 
766.381 511.0 
766.497 512.0 
766.497 513.0 
767.193 514.0 
766.497 515.0 
766.613 516.0 
766.845 517.0 
765.104 518.0 
765.336 519.0 
765.336 520.0 
765.568 521.0 
765.916 522.0 
765.684 523.0 
765.568 524.0 
765.452 525.0 
765.916 526.0 
765.684 527.0 
764.872 528.0 
765.336 529.0 
765.104 530.0 
765.22 531.0 
766.961 532.0 
766.729 533.0 
766.149 534.0 
766.381 535.0 
766.149 536.0 
765.916 537.0 
765.8 538.0 
765.452 539.0 
765.336 540.0 
766.845 541.0 
765.684 542.0 
766.149 543.0 
766.033 544.0 
765.916 545.0 
765.568 546.0 
766.729 547.0 
766.265 548.0 
765.8 549.0 
765.684 550.0 
764.64 551.0 
766.033 552.0 
766.149 553.0 
765.684 554.0 
765.336 555.0 
766.149 556.0 
765.684 557.0 
765.336 558.0 
761.971 559.0 
766.149 560.0 
765.452 561.0 
764.524 562.0 
766.149 563.0 
765.336 564.0 
764.06 565.0 
766.265 566.0 
765.684 567.0 
764.988 568.0 
765.8 569.0 
765.336 570.0 
766.265 571.0 
765.8 572.0 
765.336 573.0 
765.452 574.0 
765.336 575.0 
765.916 576.0 
765.452 577.0 
765.8 578.0 
766.613 579.0 
765.916 580.0 
766.497 581.0 
766.033 582.0 
766.729 583.0 
766.381 584.0 
767.541 585.0 
766.265 586.0 
765.452 587.0 
766.265 588.0 
765.684 589.0 
766.149 590.0 
765.568 591.0 
765.916 592.0 
765.916 593.0 
765.916 594.0 
765.568 595.0 
766.265 596.0 
765.452 597.0 
766.265 598.0 
765.568 599.0 
766.033 600.0 
766.729 601.0 
766.033 602.0 
766.729 603.0 
765.8 604.0 
766.265 605.0 
765.452 606.0 
766.381 607.0 
765.22 608.0 
765.8 609.0 
766.729 610.0 
765.684 611.0 
766.497 612.0 
765.568 613.0 
766.613 614.0 
765.22 615.0 
765.916 616.0 
766.497 617.0 
765.452 618.0 
766.149 619.0 
761.042 620.0 
765.8 621.0 
766.033 622.0 
765.336 623.0 
765.684 624.0 
766.729 625.0 
765.336 626.0 
765.916 627.0 
766.729 628.0 
765.452 629.0 
766.033 630.0 
766.961 631.0 
764.988 632.0 
766.265 633.0 
766.961 634.0 
765.568 635.0 
766.149 636.0 
766.265 637.0 
765.568 638.0 
765.8 639.0 
766.381 640.0 
765.22 641.0 
765.568 642.0 
766.265 643.0 
765.336 644.0 
765.8 645.0 
766.265 646.0 
766.497 647.0 
765.336 648.0 
765.336 649.0 
766.265 650.0 
765.22 651.0 
765.336 652.0 
765.8 653.0 
766.265 654.0 
762.899 655.0 
759.998 656.0 
755.124 657.0 
751.294 658.0 
748.161 659.0 
747.813 660.0 
747.697 661.0 
747.349 662.0 
745.376 663.0 
745.144 664.0 
745.26 665.0 
744.216 666.0 
742.243 667.0 
742.475 668.0 
742.127 669.0 
742.475 670.0 
741.198 671.0 
741.43 672.0 
741.546 673.0 
742.127 674.0 
742.707 675.0 
740.966 676.0 
741.198 677.0 
741.546 678.0 
741.546 679.0 
742.243 680.0 
740.966 681.0 
741.198 682.0 
741.43 683.0 
741.779 684.0 
742.243 685.0 
742.359 686.0 
741.082 687.0 
741.43 688.0 
741.546 689.0 
741.895 690.0 
742.011 691.0 
742.475 692.0 
740.734 693.0 
740.966 694.0 
741.314 695.0 
741.198 696.0 
741.779 697.0 
741.662 698.0 
735.86 699.0 
736.208 700.0 
732.379 701.0 
726.344 702.0 
719.845 703.0 
714.507 704.0 
711.606 705.0 
710.445 706.0 
707.776 707.0 
707.312 708.0 
706.848 709.0 
706.5 710.0 
705.92 711.0 
705.688 712.0 
705.92 713.0 
706.5 714.0 
706.152 715.0 
703.831 716.0 
704.179 717.0 
704.295 718.0 
704.411 719.0 
704.411 720.0 
704.411 721.0 
704.759 722.0 
704.875 723.0 
704.875 724.0 
705.107 725.0 
703.715 726.0 
703.831 727.0 
703.947 728.0 
704.411 729.0 
704.063 730.0 
704.295 731.0 
704.643 732.0 
704.643 733.0 
704.759 734.0 
704.759 735.0 
704.295 736.0 
704.991 737.0 
704.759 738.0 
699.769 739.0 
703.367 740.0 
703.599 741.0 
703.599 742.0 
703.599 743.0 
703.483 744.0 
703.715 745.0 
704.179 746.0 
704.179 747.0 
704.063 748.0 
703.831 749.0 
704.063 750.0 
704.295 751.0 
704.527 752.0 
704.643 753.0 
704.295 754.0 
704.179 755.0 
704.295 756.0 
704.063 757.0 
704.411 758.0 
704.411 759.0 
704.527 760.0 
704.295 761.0 
704.527 762.0 
704.643 763.0 
704.179 764.0 
704.759 765.0 
704.759 766.0 
704.527 767.0 
704.643 768.0 
704.759 769.0 
704.411 770.0 
704.411 771.0 
704.759 772.0 
704.875 773.0 
704.643 774.0 
704.759 775.0 
704.411 776.0 
704.875 777.0 
704.411 778.0 
704.295 779.0 
704.759 780.0 
704.411 781.0 
704.411 782.0 
704.411 783.0 
704.295 784.0 
704.063 785.0 
704.527 786.0 
704.295 787.0 
704.179 788.0 
704.527 789.0 
704.643 790.0 
704.411 791.0 
704.411 792.0 
704.527 793.0 
704.643 794.0 
704.063 795.0 
703.831 796.0 
704.063 797.0 
704.179 798.0 
704.179 799.0 
703.947 800.0 
704.063 801.0 
704.063 802.0 
703.947 803.0 
704.063 804.0 
0.091 805.0 
0.097 806.0 
0.098 807.0 
0.105 808.0 
0.091 809.0 
0.066 810.0 
0.041 811.0 
0.011 812.0 
-0.011 813.0 
-0.035 814.0 
-0.06 815.0 
-0.079 816.0 
-0.086 817.0 
-0.097 818.0 
-0.099 819.0 
-0.098 820.0 
-0.111 821.0 
-0.105 822.0 
-0.099 823.0 
-0.092 824.0 
-0.083 825.0 
-0.08 826.0 
-0.068 827.0 
-0.054 828.0 
-0.05 829.0 
