-0.03 257.0 
-0.049 258.0 
-0.044 259.0 
-0.022 260.0 
-0.035 261.0 
-0.044 262.0 
-0.035 263.0 
-0.01 264.0 
-0.044 265.0 
-0.031 266.0 
-0.049 267.0 
-0.066 268.0 
-0.03 269.0 
-0.038 270.0 
-0.043 271.0 
-0.023 272.0 
-0.042 273.0 
-0.011 274.0 
856.898 275.0 
851.328 276.0 
844.481 277.0 
834.849 278.0 
827.19 279.0 
820.343 280.0 
815.585 281.0 
811.407 282.0 
809.202 283.0 
808.042 284.0 
802.936 285.0 
801.427 286.0 
800.615 287.0 
799.454 288.0 
798.294 289.0 
797.365 290.0 
794.116 291.0 
793.536 292.0 
792.724 293.0 
792.607 294.0 
789.706 295.0 
789.822 296.0 
789.59 297.0 
787.269 298.0 
786.573 299.0 
787.269 300.0 
784.252 301.0 
784.6 302.0 
781.351 303.0 
782.743 304.0 
783.324 305.0 
781.583 306.0 
781.351 307.0 
779.494 308.0 
780.19 309.0 
778.218 310.0 
778.914 311.0 
777.173 312.0 
778.102 313.0 
776.477 314.0 
776.941 315.0 
775.897 316.0 
776.593 317.0 
775.316 318.0 
775.897 319.0 
775.2 320.0 
769.862 321.0 
774.62 322.0 
773.692 323.0 
774.504 324.0 
773.808 325.0 
774.62 326.0 
773.692 327.0 
772.531 328.0 
774.156 329.0 
772.995 330.0 
772.879 331.0 
773.576 332.0 
773.227 333.0 
772.763 334.0 
779.726 335.0 
772.879 336.0 
772.995 337.0 
771.951 338.0 
773.227 339.0 
772.647 340.0 
772.299 341.0 
771.951 342.0 
773.344 343.0 
772.183 344.0 
772.067 345.0 
771.487 346.0 
770.674 347.0 
772.415 348.0 
772.299 349.0 
771.835 350.0 
771.487 351.0 
772.183 352.0 
771.487 353.0 
764.524 354.0 
772.415 355.0 
771.487 356.0 
772.183 357.0 
771.371 358.0 
771.835 359.0 
772.183 360.0 
771.835 361.0 
771.023 362.0 
771.139 363.0 
770.79 364.0 
771.255 365.0 
771.255 366.0 
771.023 367.0 
770.906 368.0 
771.023 369.0 
771.255 370.0 
771.371 371.0 
771.487 372.0 
771.835 373.0 
771.835 374.0 
771.951 375.0 
771.951 376.0 
769.514 377.0 
771.139 378.0 
771.023 379.0 
771.255 380.0 
771.023 381.0 
771.951 382.0 
770.674 383.0 
770.674 384.0 
770.674 385.0 
771.835 386.0 
770.21 387.0 
770.21 388.0 
771.255 389.0 
771.255 390.0 
771.371 391.0 
771.255 392.0 
771.835 393.0 
770.674 394.0 
771.139 395.0 
771.835 396.0 
770.79 397.0 
771.255 398.0 
770.558 399.0 
770.674 400.0 
771.487 401.0 
771.255 402.0 
771.719 403.0 
770.906 404.0 
770.906 405.0 
769.862 406.0 
770.674 407.0 
770.674 408.0 
770.906 409.0 
769.978 410.0 
770.906 411.0 
771.603 412.0 
771.603 413.0 
771.835 414.0 
770.326 415.0 
771.371 416.0 
770.21 417.0 
773.924 418.0 
771.371 419.0 
770.326 420.0 
770.79 421.0 
770.906 422.0 
771.139 423.0 
770.674 424.0 
770.21 425.0 
771.139 426.0 
771.255 427.0 
770.326 428.0 
770.558 429.0 
770.21 430.0 
770.79 431.0 
771.371 432.0 
771.719 433.0 
770.442 434.0 
770.906 435.0 
770.906 436.0 
772.995 437.0 
770.558 438.0 
770.79 439.0 
771.023 440.0 
770.674 441.0 
770.442 442.0 
770.21 443.0 
770.674 444.0 
770.442 445.0 
770.094 446.0 
771.487 447.0 
771.255 448.0 
771.255 449.0 
770.906 450.0 
770.442 451.0 
770.674 452.0 
770.21 453.0 
770.326 454.0 
771.139 455.0 
770.79 456.0 
770.326 457.0 
770.21 458.0 
771.371 459.0 
771.255 460.0 
770.674 461.0 
769.978 462.0 
771.371 463.0 
771.023 464.0 
771.487 465.0 
771.371 466.0 
770.906 467.0 
769.978 468.0 
771.139 469.0 
770.442 470.0 
771.139 471.0 
770.906 472.0 
771.603 473.0 
771.023 474.0 
771.835 475.0 
771.023 476.0 
770.094 477.0 
770.558 478.0 
770.21 479.0 
770.906 480.0 
771.603 481.0 
770.21 482.0 
770.906 483.0 
770.094 484.0 
770.79 485.0 
769.746 486.0 
770.094 487.0 
770.674 488.0 
770.21 489.0 
770.21 490.0 
770.79 491.0 
770.674 492.0 
770.79 493.0 
770.906 494.0 
769.746 495.0 
770.326 496.0 
770.442 497.0 
770.906 498.0 
769.514 499.0 
769.514 500.0 
770.21 501.0 
770.558 502.0 
769.398 503.0 
769.166 504.0 
769.746 505.0 
769.514 506.0 
766.381 507.0 
770.21 508.0 
769.05 509.0 
768.934 510.0 
769.398 511.0 
769.398 512.0 
769.746 513.0 
769.862 514.0 
769.978 515.0 
769.978 516.0 
770.558 517.0 
768.586 518.0 
768.005 519.0 
768.586 520.0 
768.702 521.0 
768.702 522.0 
768.702 523.0 
768.586 524.0 
768.586 525.0 
768.586 526.0 
768.702 527.0 
768.353 528.0 
768.005 529.0 
767.425 530.0 
768.237 531.0 
769.514 532.0 
769.746 533.0 
769.05 534.0 
769.282 535.0 
769.05 536.0 
768.934 537.0 
768.934 538.0 
768.237 539.0 
768.934 540.0 
769.978 541.0 
769.398 542.0 
768.818 543.0 
768.818 544.0 
768.818 545.0 
768.121 546.0 
769.282 547.0 
769.282 548.0 
768.702 549.0 
768.353 550.0 
768.586 551.0 
769.514 552.0 
768.818 553.0 
768.353 554.0 
768.237 555.0 
769.166 556.0 
768.818 557.0 
768.586 558.0 
769.862 559.0 
769.166 560.0 
768.353 561.0 
767.193 562.0 
769.05 563.0 
768.121 564.0 
766.729 565.0 
769.05 566.0 
768.121 567.0 
767.657 568.0 
768.934 569.0 
768.237 570.0 
769.05 571.0 
768.353 572.0 
768.121 573.0 
768.47 574.0 
768.237 575.0 
769.398 576.0 
768.586 577.0 
768.353 578.0 
769.514 579.0 
768.934 580.0 
769.63 581.0 
768.818 582.0 
769.978 583.0 
769.05 584.0 
769.862 585.0 
769.05 586.0 
768.353 587.0 
769.05 588.0 
768.353 589.0 
769.05 590.0 
768.237 591.0 
769.166 592.0 
769.05 593.0 
769.05 594.0 
768.702 595.0 
769.63 596.0 
768.47 597.0 
769.398 598.0 
769.05 599.0 
769.282 600.0 
770.21 601.0 
768.702 602.0 
769.398 603.0 
768.818 604.0 
769.63 605.0 
768.237 606.0 
768.818 607.0 
768.121 608.0 
768.702 609.0 
769.746 610.0 
768.47 611.0 
769.398 612.0 
768.586 613.0 
769.166 614.0 
768.237 615.0 
768.702 616.0 
769.746 617.0 
768.586 618.0 
769.05 619.0 
765.104 620.0 
768.702 621.0 
768.934 622.0 
768.121 623.0 
768.353 624.0 
769.398 625.0 
768.353 626.0 
768.702 627.0 
769.398 628.0 
768.47 629.0 
769.05 630.0 
769.63 631.0 
768.353 632.0 
769.282 633.0 
769.978 634.0 
768.586 635.0 
769.282 636.0 
769.514 637.0 
768.702 638.0 
769.398 639.0 
769.978 640.0 
768.121 641.0 
768.586 642.0 
769.166 643.0 
768.005 644.0 
768.47 645.0 
769.05 646.0 
770.094 647.0 
768.47 648.0 
768.121 649.0 
769.05 650.0 
768.353 651.0 
768.934 652.0 
768.934 653.0 
769.63 654.0 
768.121 655.0 
768.702 656.0 
768.586 657.0 
769.63 658.0 
768.818 659.0 
769.05 660.0 
769.514 661.0 
769.746 662.0 
768.121 663.0 
768.702 664.0 
769.166 665.0 
769.63 666.0 
768.353 667.0 
768.818 668.0 
769.282 669.0 
769.746 670.0 
768.237 671.0 
768.586 672.0 
768.934 673.0 
769.398 674.0 
769.746 675.0 
768.353 676.0 
768.353 677.0 
768.818 678.0 
768.934 679.0 
769.978 680.0 
768.237 681.0 
768.237 682.0 
768.586 683.0 
769.282 684.0 
769.514 685.0 
769.978 686.0 
768.005 687.0 
768.47 688.0 
768.818 689.0 
768.934 690.0 
769.05 691.0 
769.746 692.0 
768.005 693.0 
768.818 694.0 
768.702 695.0 
769.05 696.0 
769.514 697.0 
769.282 698.0 
766.033 699.0 
768.353 700.0 
768.353 701.0 
768.702 702.0 
769.05 703.0 
768.702 704.0 
769.514 705.0 
769.746 706.0 
768.005 707.0 
768.47 708.0 
768.586 709.0 
768.702 710.0 
769.05 711.0 
769.398 712.0 
769.282 713.0 
769.746 714.0 
769.978 715.0 
768.353 716.0 
768.47 717.0 
768.586 718.0 
768.702 719.0 
769.282 720.0 
769.05 721.0 
769.166 722.0 
769.166 723.0 
769.746 724.0 
769.746 725.0 
768.121 726.0 
767.773 727.0 
768.353 728.0 
768.47 729.0 
768.586 730.0 
768.934 731.0 
769.166 732.0 
769.05 733.0 
769.398 734.0 
769.398 735.0 
769.63 736.0 
769.63 737.0 
769.746 738.0 
769.978 739.0 
768.353 740.0 
768.121 741.0 
768.121 742.0 
768.005 743.0 
768.353 744.0 
768.121 745.0 
768.353 746.0 
768.353 747.0 
768.702 748.0 
768.586 749.0 
768.353 750.0 
768.586 751.0 
769.05 752.0 
769.05 753.0 
769.05 754.0 
768.702 755.0 
768.818 756.0 
768.934 757.0 
769.05 758.0 
769.166 759.0 
769.166 760.0 
769.05 761.0 
769.05 762.0 
769.05 763.0 
769.398 764.0 
769.05 765.0 
769.166 766.0 
769.398 767.0 
768.818 768.0 
769.398 769.0 
769.05 770.0 
769.398 771.0 
769.514 772.0 
769.398 773.0 
769.282 774.0 
769.282 775.0 
769.282 776.0 
769.166 777.0 
769.514 778.0 
769.166 779.0 
769.282 780.0 
769.05 781.0 
768.934 782.0 
768.818 783.0 
768.934 784.0 
768.818 785.0 
769.166 786.0 
768.934 787.0 
768.818 788.0 
768.702 789.0 
768.586 790.0 
769.05 791.0 
768.934 792.0 
769.166 793.0 
768.702 794.0 
768.818 795.0 
768.934 796.0 
768.702 797.0 
768.702 798.0 
768.586 799.0 
769.05 800.0 
768.818 801.0 
768.121 802.0 
768.47 803.0 
768.47 804.0 
0.095 805.0 
0.109 806.0 
0.119 807.0 
0.109 808.0 
0.093 809.0 
0.075 810.0 
0.038 811.0 
0.004 812.0 
-0.047 813.0 
-0.079 814.0 
-0.121 815.0 
-0.156 816.0 
-0.194 817.0 
-0.218 818.0 
-0.246 819.0 
-0.27 820.0 
-0.285 821.0 
-0.294 822.0 
-0.306 823.0 
-0.3 824.0 
-0.303 825.0 
-0.291 826.0 
-0.278 827.0 
-0.261 828.0 
-0.238 829.0 
