-0.037 257.0 
-0.052 258.0 
-0.078 259.0 
-0.012 260.0 
-0.05 261.0 
-0.054 262.0 
-0.053 263.0 
-0.044 264.0 
-0.047 265.0 
-0.037 266.0 
-0.043 267.0 
-0.034 268.0 
-0.023 269.0 
-0.008 270.0 
-0.017 271.0 
-0.042 272.0 
-0.044 273.0 
-0.023 274.0 
857.71 275.0 
852.256 276.0 
845.177 277.0 
836.474 278.0 
829.279 279.0 
822.896 280.0 
817.442 281.0 
813.844 282.0 
808.39 283.0 
806.533 284.0 
804.677 285.0 
802.936 286.0 
802.356 287.0 
801.195 288.0 
800.383 289.0 
800.847 290.0 
796.089 291.0 
795.044 292.0 
794.58 293.0 
792.84 294.0 
791.911 295.0 
791.215 296.0 
791.331 297.0 
789.126 298.0 
788.662 299.0 
789.474 300.0 
786.573 301.0 
787.037 302.0 
784.484 303.0 
785.296 304.0 
790.983 305.0 
784.02 306.0 
783.788 307.0 
782.279 308.0 
782.859 309.0 
781.235 310.0 
781.815 311.0 
779.842 312.0 
780.538 313.0 
779.03 314.0 
780.306 315.0 
778.914 316.0 
779.146 317.0 
777.985 318.0 
778.218 319.0 
777.869 320.0 
774.62 321.0 
777.405 322.0 
776.709 323.0 
777.289 324.0 
776.361 325.0 
776.013 326.0 
776.709 327.0 
775.432 328.0 
780.771 329.0 
776.129 330.0 
775.316 331.0 
777.289 332.0 
776.245 333.0 
775.316 334.0 
774.968 335.0 
776.013 336.0 
775.316 337.0 
774.504 338.0 
775.897 339.0 
774.852 340.0 
775.084 341.0 
774.04 342.0 
772.995 343.0 
774.736 344.0 
774.272 345.0 
774.04 346.0 
773.924 347.0 
773.924 348.0 
774.968 349.0 
774.852 350.0 
774.156 351.0 
774.852 352.0 
774.388 353.0 
772.763 354.0 
775.432 355.0 
774.736 356.0 
774.62 357.0 
774.156 358.0 
774.852 359.0 
774.504 360.0 
774.62 361.0 
773.808 362.0 
774.272 363.0 
773.692 364.0 
773.576 365.0 
774.04 366.0 
774.388 367.0 
773.808 368.0 
773.808 369.0 
773.924 370.0 
774.272 371.0 
774.504 372.0 
774.504 373.0 
774.62 374.0 
775.084 375.0 
774.852 376.0 
772.763 377.0 
773.692 378.0 
773.808 379.0 
773.692 380.0 
773.692 381.0 
773.111 382.0 
773.808 383.0 
773.576 384.0 
773.46 385.0 
774.388 386.0 
773.576 387.0 
773.111 388.0 
774.272 389.0 
774.388 390.0 
773.808 391.0 
773.576 392.0 
774.62 393.0 
773.111 394.0 
773.924 395.0 
774.736 396.0 
772.763 397.0 
773.924 398.0 
772.647 399.0 
773.111 400.0 
774.156 401.0 
773.692 402.0 
774.388 403.0 
773.808 404.0 
773.576 405.0 
773.111 406.0 
773.808 407.0 
773.344 408.0 
774.04 409.0 
773.227 410.0 
773.924 411.0 
773.808 412.0 
777.637 413.0 
774.388 414.0 
773.576 415.0 
773.924 416.0 
773.111 417.0 
773.924 418.0 
773.808 419.0 
772.879 420.0 
773.46 421.0 
773.924 422.0 
774.272 423.0 
773.576 424.0 
773.111 425.0 
774.04 426.0 
774.272 427.0 
773.692 428.0 
773.576 429.0 
773.576 430.0 
773.924 431.0 
774.156 432.0 
774.156 433.0 
773.111 434.0 
773.46 435.0 
773.576 436.0 
774.04 437.0 
772.763 438.0 
772.995 439.0 
773.576 440.0 
773.227 441.0 
773.227 442.0 
773.808 443.0 
773.46 444.0 
773.227 445.0 
773.344 446.0 
774.504 447.0 
774.156 448.0 
774.04 449.0 
775.781 450.0 
773.576 451.0 
773.692 452.0 
773.227 453.0 
772.763 454.0 
774.388 455.0 
772.415 456.0 
773.344 457.0 
772.879 458.0 
773.692 459.0 
773.924 460.0 
773.344 461.0 
772.995 462.0 
774.272 463.0 
773.808 464.0 
773.46 465.0 
774.388 466.0 
773.924 467.0 
773.111 468.0 
773.924 469.0 
773.576 470.0 
772.995 471.0 
773.692 472.0 
772.879 473.0 
773.576 474.0 
774.736 475.0 
773.344 476.0 
772.763 477.0 
773.344 478.0 
772.531 479.0 
773.46 480.0 
774.156 481.0 
772.879 482.0 
773.692 483.0 
772.763 484.0 
773.227 485.0 
772.879 486.0 
772.879 487.0 
773.344 488.0 
772.531 489.0 
772.995 490.0 
773.227 491.0 
772.879 492.0 
772.995 493.0 
773.344 494.0 
772.415 495.0 
771.719 496.0 
772.763 497.0 
773.111 498.0 
771.835 499.0 
772.415 500.0 
772.879 501.0 
772.647 502.0 
772.183 503.0 
771.719 504.0 
772.067 505.0 
772.415 506.0 
770.558 507.0 
775.432 508.0 
771.487 509.0 
771.835 510.0 
771.951 511.0 
772.067 512.0 
772.415 513.0 
772.299 514.0 
772.531 515.0 
772.415 516.0 
775.2 517.0 
770.79 518.0 
771.023 519.0 
771.139 520.0 
771.255 521.0 
771.371 522.0 
771.487 523.0 
771.139 524.0 
771.023 525.0 
771.255 526.0 
771.255 527.0 
770.558 528.0 
771.023 529.0 
770.674 530.0 
770.906 531.0 
772.299 532.0 
772.415 533.0 
771.951 534.0 
772.299 535.0 
772.299 536.0 
771.835 537.0 
771.371 538.0 
771.023 539.0 
771.255 540.0 
772.183 541.0 
771.951 542.0 
771.835 543.0 
771.371 544.0 
771.255 545.0 
770.906 546.0 
772.415 547.0 
771.835 548.0 
771.719 549.0 
771.371 550.0 
769.746 551.0 
772.183 552.0 
771.255 553.0 
771.023 554.0 
771.255 555.0 
771.487 556.0 
771.371 557.0 
770.906 558.0 
767.657 559.0 
771.719 560.0 
771.139 561.0 
770.21 562.0 
771.371 563.0 
770.906 564.0 
770.442 565.0 
771.487 566.0 
771.255 567.0 
770.442 568.0 
771.719 569.0 
770.906 570.0 
771.835 571.0 
771.023 572.0 
770.79 573.0 
771.487 574.0 
771.139 575.0 
771.835 576.0 
770.79 577.0 
770.906 578.0 
772.067 579.0 
771.371 580.0 
772.183 581.0 
771.603 582.0 
771.951 583.0 
771.835 584.0 
768.586 585.0 
771.835 586.0 
771.139 587.0 
771.835 588.0 
771.255 589.0 
771.951 590.0 
771.255 591.0 
771.951 592.0 
770.906 593.0 
771.835 594.0 
771.371 595.0 
772.067 596.0 
770.558 597.0 
771.719 598.0 
771.139 599.0 
771.835 600.0 
772.647 601.0 
771.255 602.0 
772.299 603.0 
771.371 604.0 
771.951 605.0 
771.371 606.0 
772.067 607.0 
770.906 608.0 
771.719 609.0 
772.415 610.0 
771.371 611.0 
772.067 612.0 
771.023 613.0 
772.067 614.0 
770.79 615.0 
771.371 616.0 
772.183 617.0 
770.674 618.0 
771.835 619.0 
766.381 620.0 
771.371 621.0 
771.719 622.0 
770.79 623.0 
771.835 624.0 
772.299 625.0 
770.906 626.0 
772.067 627.0 
772.531 628.0 
771.139 629.0 
771.835 630.0 
772.415 631.0 
771.023 632.0 
771.835 633.0 
772.299 634.0 
771.603 635.0 
771.835 636.0 
772.183 637.0 
770.79 638.0 
771.719 639.0 
772.299 640.0 
771.139 641.0 
771.023 642.0 
772.067 643.0 
770.442 644.0 
771.023 645.0 
771.835 646.0 
772.647 647.0 
770.906 648.0 
771.255 649.0 
772.183 650.0 
770.674 651.0 
771.139 652.0 
771.603 653.0 
772.067 654.0 
770.79 655.0 
771.255 656.0 
771.371 657.0 
771.719 658.0 
771.255 659.0 
771.487 660.0 
771.951 661.0 
772.531 662.0 
770.674 663.0 
771.371 664.0 
771.951 665.0 
772.299 666.0 
770.906 667.0 
771.603 668.0 
771.835 669.0 
772.415 670.0 
771.023 671.0 
771.487 672.0 
771.255 673.0 
772.067 674.0 
772.415 675.0 
770.442 676.0 
771.023 677.0 
771.255 678.0 
771.719 679.0 
772.067 680.0 
770.79 681.0 
771.255 682.0 
771.255 683.0 
771.835 684.0 
771.951 685.0 
772.647 686.0 
771.371 687.0 
771.371 688.0 
771.603 689.0 
772.183 690.0 
772.299 691.0 
772.415 692.0 
770.79 693.0 
771.487 694.0 
771.603 695.0 
771.951 696.0 
771.603 697.0 
771.951 698.0 
769.862 699.0 
770.79 700.0 
770.906 701.0 
771.371 702.0 
771.835 703.0 
771.835 704.0 
771.487 705.0 
772.415 706.0 
770.906 707.0 
770.906 708.0 
771.603 709.0 
771.139 710.0 
771.719 711.0 
772.067 712.0 
772.067 713.0 
772.415 714.0 
769.978 715.0 
771.023 716.0 
770.326 717.0 
771.255 718.0 
771.371 719.0 
771.487 720.0 
771.835 721.0 
771.951 722.0 
772.067 723.0 
772.183 724.0 
772.299 725.0 
770.442 726.0 
771.023 727.0 
770.906 728.0 
771.371 729.0 
771.255 730.0 
771.603 731.0 
771.719 732.0 
771.835 733.0 
772.067 734.0 
772.183 735.0 
772.067 736.0 
772.299 737.0 
772.183 738.0 
766.845 739.0 
770.558 740.0 
770.442 741.0 
770.442 742.0 
770.906 743.0 
770.79 744.0 
771.023 745.0 
771.023 746.0 
770.79 747.0 
771.255 748.0 
771.139 749.0 
771.487 750.0 
771.255 751.0 
771.487 752.0 
771.603 753.0 
771.371 754.0 
771.603 755.0 
771.371 756.0 
771.603 757.0 
771.487 758.0 
771.719 759.0 
771.719 760.0 
771.603 761.0 
771.487 762.0 
771.719 763.0 
771.719 764.0 
771.835 765.0 
772.067 766.0 
771.719 767.0 
771.719 768.0 
772.067 769.0 
771.835 770.0 
771.951 771.0 
771.603 772.0 
772.067 773.0 
771.835 774.0 
771.835 775.0 
771.835 776.0 
771.487 777.0 
771.255 778.0 
771.487 779.0 
771.487 780.0 
771.719 781.0 
771.719 782.0 
771.487 783.0 
771.487 784.0 
771.487 785.0 
771.487 786.0 
771.835 787.0 
771.603 788.0 
771.603 789.0 
771.603 790.0 
771.719 791.0 
771.371 792.0 
771.835 793.0 
771.255 794.0 
771.487 795.0 
771.371 796.0 
770.906 797.0 
771.255 798.0 
771.371 799.0 
771.371 800.0 
771.487 801.0 
770.906 802.0 
771.023 803.0 
771.371 804.0 
0.089 805.0 
0.102 806.0 
0.116 807.0 
0.115 808.0 
0.116 809.0 
0.091 810.0 
0.08 811.0 
0.034 812.0 
0.001 813.0 
-0.03 814.0 
-0.059 815.0 
-0.096 816.0 
-0.119 817.0 
-0.15 818.0 
-0.176 819.0 
-0.195 820.0 
-0.226 821.0 
-0.243 822.0 
-0.243 823.0 
-0.249 824.0 
-0.254 825.0 
-0.252 826.0 
-0.238 827.0 
-0.234 828.0 
-0.214 829.0 
