-0.02 257.0 
-0.037 258.0 
-0.081 259.0 
-0.049 260.0 
-0.038 261.0 
-0.042 262.0 
-0.049 263.0 
-0.049 264.0 
-0.036 265.0 
-0.026 266.0 
-0.05 267.0 
-0.034 268.0 
-0.034 269.0 
-0.019 270.0 
-0.036 271.0 
-0.02 272.0 
-0.03 273.0 
-0.032 274.0 
139.046 275.0 
136.441 276.0 
135.577 277.0 
134.327 278.0 
132.972 279.0 
131.314 280.0 
129.667 281.0 
127.635 282.0 
124.703 283.0 
123.547 284.0 
123.208 285.0 
122.94 286.0 
122.799 287.0 
122.531 288.0 
122.356 289.0 
121.783 290.0 
121.667 291.0 
121.503 292.0 
121.316 293.0 
121.129 294.0 
120.872 295.0 
120.72 296.0 
120.685 297.0 
120.207 298.0 
120.055 299.0 
120.055 300.0 
119.541 301.0 
119.494 302.0 
119.015 303.0 
118.945 304.0 
118.922 305.0 
118.314 306.0 
117.193 307.0 
115.126 308.0 
112.591 309.0 
109.298 310.0 
105.876 311.0 
101.788 312.0 
97.887 313.0 
93.67 314.0 
89.513 315.0 
85.004 316.0 
81.197 317.0 
78.394 318.0 
78.288 319.0 
78.102 320.0 
77.985 321.0 
77.95 322.0 
77.833 323.0 
77.88 324.0 
77.81 325.0 
77.716 326.0 
77.845 327.0 
77.739 328.0 
77.95 329.0 
77.891 330.0 
77.775 331.0 
77.845 332.0 
77.891 333.0 
77.763 334.0 
77.763 335.0 
77.821 336.0 
77.798 337.0 
77.728 338.0 
77.903 339.0 
77.798 340.0 
77.763 341.0 
77.751 342.0 
77.868 343.0 
77.81 344.0 
77.775 345.0 
77.751 346.0 
77.751 347.0 
77.775 348.0 
77.856 349.0 
77.786 350.0 
77.763 351.0 
77.81 352.0 
77.763 353.0 
77.739 354.0 
77.751 355.0 
77.786 356.0 
77.833 357.0 
77.775 358.0 
77.868 359.0 
77.798 360.0 
77.833 361.0 
77.739 362.0 
77.786 363.0 
77.704 364.0 
77.739 365.0 
77.739 366.0 
77.751 367.0 
77.728 368.0 
77.751 369.0 
77.81 370.0 
77.763 371.0 
77.81 372.0 
77.81 373.0 
77.833 374.0 
77.845 375.0 
78.137 376.0 
77.681 377.0 
77.751 378.0 
77.739 379.0 
77.751 380.0 
77.739 381.0 
77.88 382.0 
77.786 383.0 
77.728 384.0 
77.739 385.0 
77.845 386.0 
77.728 387.0 
77.716 388.0 
77.786 389.0 
77.763 390.0 
77.798 391.0 
77.763 392.0 
77.798 393.0 
77.704 394.0 
77.775 395.0 
77.856 396.0 
77.693 397.0 
77.775 398.0 
77.646 399.0 
77.704 400.0 
77.821 401.0 
77.786 402.0 
77.845 403.0 
77.775 404.0 
77.739 405.0 
77.693 406.0 
77.775 407.0 
77.728 408.0 
77.751 409.0 
77.704 410.0 
77.739 411.0 
77.821 412.0 
78.218 413.0 
77.81 414.0 
77.728 415.0 
77.775 416.0 
77.704 417.0 
77.786 418.0 
77.786 419.0 
77.704 420.0 
77.739 421.0 
77.763 422.0 
77.833 423.0 
77.704 424.0 
77.739 425.0 
77.81 426.0 
77.798 427.0 
77.681 428.0 
77.728 429.0 
77.716 430.0 
77.739 431.0 
77.798 432.0 
77.821 433.0 
77.681 434.0 
77.716 435.0 
77.728 436.0 
77.786 437.0 
77.704 438.0 
77.739 439.0 
77.728 440.0 
77.739 441.0 
77.716 442.0 
77.728 443.0 
77.704 444.0 
77.716 445.0 
77.704 446.0 
77.786 447.0 
77.81 448.0 
77.763 449.0 
78.031 450.0 
77.728 451.0 
77.716 452.0 
77.716 453.0 
77.681 454.0 
77.775 455.0 
77.623 456.0 
77.681 457.0 
77.681 458.0 
77.775 459.0 
77.775 460.0 
77.716 461.0 
77.693 462.0 
77.81 463.0 
77.763 464.0 
77.739 465.0 
77.821 466.0 
77.739 467.0 
77.681 468.0 
77.775 469.0 
77.716 470.0 
77.739 471.0 
77.751 472.0 
77.81 473.0 
77.728 474.0 
77.798 475.0 
77.728 476.0 
77.681 477.0 
77.751 478.0 
77.658 479.0 
77.739 480.0 
77.751 481.0 
77.716 482.0 
77.775 483.0 
77.704 484.0 
77.751 485.0 
77.693 486.0 
77.681 487.0 
77.786 488.0 
77.681 489.0 
77.739 490.0 
77.763 491.0 
77.775 492.0 
77.739 493.0 
77.775 494.0 
77.669 495.0 
77.634 496.0 
77.739 497.0 
77.763 498.0 
77.669 499.0 
77.669 500.0 
77.728 501.0 
77.739 502.0 
77.634 503.0 
77.646 504.0 
77.681 505.0 
77.693 506.0 
77.681 507.0 
77.891 508.0 
77.646 509.0 
77.634 510.0 
77.704 511.0 
77.704 512.0 
77.704 513.0 
77.739 514.0 
77.739 515.0 
77.739 516.0 
77.716 517.0 
77.518 518.0 
77.564 519.0 
77.611 520.0 
77.611 521.0 
77.599 522.0 
77.623 523.0 
77.599 524.0 
77.611 525.0 
77.611 526.0 
77.611 527.0 
77.506 528.0 
77.599 529.0 
77.518 530.0 
77.553 531.0 
77.681 532.0 
77.658 533.0 
77.576 534.0 
77.611 535.0 
77.553 536.0 
77.483 537.0 
77.459 538.0 
77.389 539.0 
77.401 540.0 
77.483 541.0 
77.424 542.0 
77.401 543.0 
77.366 544.0 
77.319 545.0 
77.296 546.0 
77.401 547.0 
77.319 548.0 
77.296 549.0 
77.249 550.0 
77.144 551.0 
77.342 552.0 
77.249 553.0 
77.226 554.0 
77.191 555.0 
77.319 556.0 
77.272 557.0 
77.202 558.0 
76.91 559.0 
77.261 560.0 
77.214 561.0 
77.156 562.0 
77.284 563.0 
77.214 564.0 
77.109 565.0 
77.284 566.0 
77.296 567.0 
77.191 568.0 
77.284 569.0 
77.191 570.0 
77.307 571.0 
77.226 572.0 
77.191 573.0 
77.214 574.0 
77.167 575.0 
77.541 576.0 
77.214 577.0 
77.202 578.0 
77.319 579.0 
77.261 580.0 
77.296 581.0 
77.261 582.0 
77.272 583.0 
77.237 584.0 
77.401 585.0 
77.284 586.0 
77.179 587.0 
77.319 588.0 
77.249 589.0 
77.319 590.0 
77.202 591.0 
77.272 592.0 
77.214 593.0 
77.249 594.0 
77.191 595.0 
77.272 596.0 
77.191 597.0 
77.261 598.0 
77.226 599.0 
77.249 600.0 
77.389 601.0 
77.226 602.0 
77.331 603.0 
77.226 604.0 
77.307 605.0 
77.191 606.0 
77.307 607.0 
77.191 608.0 
77.249 609.0 
77.319 610.0 
77.249 611.0 
77.319 612.0 
77.202 613.0 
77.307 614.0 
77.144 615.0 
77.249 616.0 
77.342 617.0 
77.214 618.0 
77.284 619.0 
76.899 620.0 
77.237 621.0 
77.261 622.0 
77.179 623.0 
77.202 624.0 
77.319 625.0 
77.226 626.0 
77.272 627.0 
77.319 628.0 
77.214 629.0 
77.249 630.0 
77.342 631.0 
77.191 632.0 
77.284 633.0 
77.377 634.0 
77.202 635.0 
77.272 636.0 
77.342 637.0 
77.214 638.0 
77.261 639.0 
77.307 640.0 
77.156 641.0 
77.214 642.0 
77.284 643.0 
77.179 644.0 
77.191 645.0 
77.272 646.0 
77.319 647.0 
77.226 648.0 
77.249 649.0 
77.307 650.0 
77.167 651.0 
77.237 652.0 
77.272 653.0 
77.342 654.0 
77.179 655.0 
77.202 656.0 
77.202 657.0 
77.307 658.0 
77.226 659.0 
77.226 660.0 
77.307 661.0 
77.342 662.0 
77.144 663.0 
77.202 664.0 
77.296 665.0 
77.366 666.0 
77.214 667.0 
77.261 668.0 
77.284 669.0 
77.354 670.0 
77.144 671.0 
77.214 672.0 
77.249 673.0 
77.296 674.0 
77.354 675.0 
77.191 676.0 
77.202 677.0 
77.237 678.0 
77.237 679.0 
77.296 680.0 
77.156 681.0 
77.179 682.0 
77.237 683.0 
77.261 684.0 
77.296 685.0 
77.331 686.0 
77.202 687.0 
77.191 688.0 
77.284 689.0 
77.261 690.0 
77.296 691.0 
77.354 692.0 
77.179 693.0 
77.237 694.0 
77.214 695.0 
77.272 696.0 
77.272 697.0 
77.249 698.0 
76.899 699.0 
77.179 700.0 
77.191 701.0 
77.237 702.0 
77.261 703.0 
77.261 704.0 
77.284 705.0 
77.342 706.0 
77.156 707.0 
77.214 708.0 
77.202 709.0 
77.249 710.0 
77.261 711.0 
77.284 712.0 
77.307 713.0 
77.319 714.0 
77.331 715.0 
77.156 716.0 
77.167 717.0 
77.214 718.0 
77.214 719.0 
77.237 720.0 
77.272 721.0 
77.261 722.0 
77.284 723.0 
77.307 724.0 
77.354 725.0 
77.144 726.0 
77.156 727.0 
77.214 728.0 
77.202 729.0 
77.226 730.0 
77.237 731.0 
77.261 732.0 
77.284 733.0 
77.307 734.0 
77.319 735.0 
77.272 736.0 
77.342 737.0 
77.331 738.0 
76.805 739.0 
77.144 740.0 
77.132 741.0 
77.167 742.0 
77.156 743.0 
77.156 744.0 
77.167 745.0 
77.191 746.0 
77.202 747.0 
77.202 748.0 
77.226 749.0 
77.202 750.0 
77.202 751.0 
77.214 752.0 
77.237 753.0 
77.214 754.0 
77.237 755.0 
77.237 756.0 
77.249 757.0 
77.261 758.0 
77.272 759.0 
77.272 760.0 
77.249 761.0 
77.237 762.0 
77.284 763.0 
77.249 764.0 
77.261 765.0 
77.272 766.0 
77.261 767.0 
77.272 768.0 
77.261 769.0 
77.272 770.0 
77.272 771.0 
77.272 772.0 
77.284 773.0 
77.261 774.0 
77.261 775.0 
77.249 776.0 
77.261 777.0 
77.296 778.0 
77.226 779.0 
77.249 780.0 
77.261 781.0 
77.237 782.0 
77.237 783.0 
77.272 784.0 
77.261 785.0 
77.261 786.0 
77.249 787.0 
77.307 788.0 
77.237 789.0 
77.272 790.0 
77.272 791.0 
77.249 792.0 
77.249 793.0 
77.272 794.0 
77.249 795.0 
77.249 796.0 
77.226 797.0 
77.261 798.0 
77.249 799.0 
77.284 800.0 
77.272 801.0 
77.272 802.0 
77.237 803.0 
77.284 804.0 
0.0 805.0 
0.005 806.0 
0.002 807.0 
0.002 808.0 
0.007 809.0 
0.001 810.0 
0.0 811.0 
-0.001 812.0 
0.0 813.0 
-0.01 814.0 
-0.005 815.0 
-0.011 816.0 
-0.011 817.0 
-0.013 818.0 
-0.013 819.0 
-0.022 820.0 
-0.024 821.0 
-0.016 822.0 
-0.011 823.0 
-0.022 824.0 
-0.022 825.0 
-0.018 826.0 
-0.016 827.0 
-0.011 828.0 
-0.01 829.0 
