-0.032 257.0 
-0.059 258.0 
-0.046 259.0 
-0.029 260.0 
-0.032 261.0 
-0.028 262.0 
-0.044 263.0 
-0.025 264.0 
0.004 265.0 
-0.034 266.0 
-0.02 267.0 
-0.03 268.0 
-0.029 269.0 
-0.014 270.0 
-0.011 271.0 
-0.018 272.0 
-0.042 273.0 
-0.019 274.0 
144.594 275.0 
141.382 276.0 
140.482 277.0 
139.022 278.0 
137.562 279.0 
135.589 280.0 
133.872 281.0 
131.723 282.0 
128.347 283.0 
127.027 284.0 
126.619 285.0 
126.315 286.0 
126.175 287.0 
125.883 288.0 
125.579 289.0 
124.832 290.0 
124.727 291.0 
124.54 292.0 
124.306 293.0 
124.224 294.0 
123.687 295.0 
123.535 296.0 
123.5 297.0 
122.975 298.0 
122.776 299.0 
122.706 300.0 
122.215 301.0 
122.11 302.0 
121.585 303.0 
121.48 304.0 
121.41 305.0 
120.791 306.0 
119.611 307.0 
117.392 308.0 
114.764 309.0 
111.225 310.0 
107.569 311.0 
103.4 312.0 
99.3 313.0 
94.85 314.0 
90.459 315.0 
86.16 316.0 
82.224 317.0 
79.328 318.0 
79.211 319.0 
78.942 320.0 
78.896 321.0 
78.826 322.0 
78.709 323.0 
78.779 324.0 
78.709 325.0 
78.615 326.0 
78.744 327.0 
78.662 328.0 
78.802 329.0 
78.697 330.0 
78.697 331.0 
78.721 332.0 
78.791 333.0 
78.662 334.0 
78.709 335.0 
78.732 336.0 
78.709 337.0 
78.639 338.0 
78.802 339.0 
78.686 340.0 
78.65 341.0 
78.674 342.0 
78.837 343.0 
78.697 344.0 
78.662 345.0 
78.639 346.0 
78.627 347.0 
78.639 348.0 
78.686 349.0 
78.686 350.0 
78.65 351.0 
78.709 352.0 
78.627 353.0 
78.545 354.0 
78.744 355.0 
78.674 356.0 
78.686 357.0 
78.686 358.0 
78.744 359.0 
78.709 360.0 
78.721 361.0 
78.674 362.0 
78.686 363.0 
78.592 364.0 
78.604 365.0 
78.662 366.0 
78.697 367.0 
78.604 368.0 
78.674 369.0 
78.674 370.0 
78.686 371.0 
78.697 372.0 
78.732 373.0 
78.744 374.0 
78.756 375.0 
78.919 376.0 
78.627 377.0 
78.65 378.0 
78.686 379.0 
78.639 380.0 
78.686 381.0 
78.802 382.0 
78.686 383.0 
78.639 384.0 
78.662 385.0 
78.767 386.0 
78.674 387.0 
78.604 388.0 
78.65 389.0 
78.697 390.0 
78.709 391.0 
78.662 392.0 
78.686 393.0 
78.58 394.0 
78.662 395.0 
78.744 396.0 
78.615 397.0 
78.686 398.0 
78.58 399.0 
78.604 400.0 
78.697 401.0 
78.697 402.0 
78.756 403.0 
78.686 404.0 
78.662 405.0 
78.592 406.0 
78.65 407.0 
78.639 408.0 
78.697 409.0 
78.604 410.0 
78.674 411.0 
78.721 412.0 
78.744 413.0 
78.697 414.0 
78.65 415.0 
78.674 416.0 
78.627 417.0 
78.791 418.0 
78.697 419.0 
78.627 420.0 
78.697 421.0 
78.721 422.0 
78.709 423.0 
78.627 424.0 
78.615 425.0 
78.709 426.0 
78.732 427.0 
78.604 428.0 
78.639 429.0 
78.569 430.0 
78.662 431.0 
78.686 432.0 
78.732 433.0 
78.592 434.0 
78.627 435.0 
78.686 436.0 
78.732 437.0 
78.569 438.0 
78.65 439.0 
78.639 440.0 
78.615 441.0 
78.674 442.0 
78.639 443.0 
78.615 444.0 
78.639 445.0 
78.627 446.0 
78.732 447.0 
78.697 448.0 
78.662 449.0 
79.013 450.0 
78.662 451.0 
78.639 452.0 
78.615 453.0 
78.604 454.0 
78.686 455.0 
78.674 456.0 
78.592 457.0 
78.615 458.0 
78.709 459.0 
78.721 460.0 
78.65 461.0 
78.604 462.0 
78.721 463.0 
78.662 464.0 
78.65 465.0 
78.732 466.0 
78.697 467.0 
78.569 468.0 
78.65 469.0 
78.627 470.0 
78.674 471.0 
78.65 472.0 
78.744 473.0 
78.65 474.0 
78.721 475.0 
78.686 476.0 
78.592 477.0 
78.686 478.0 
78.604 479.0 
78.674 480.0 
78.767 481.0 
78.65 482.0 
78.697 483.0 
78.615 484.0 
78.662 485.0 
78.627 486.0 
78.569 487.0 
78.697 488.0 
78.615 489.0 
78.639 490.0 
78.709 491.0 
78.697 492.0 
78.615 493.0 
78.697 494.0 
78.627 495.0 
78.592 496.0 
78.674 497.0 
78.732 498.0 
78.557 499.0 
78.639 500.0 
78.662 501.0 
78.65 502.0 
78.522 503.0 
78.545 504.0 
78.604 505.0 
78.65 506.0 
78.65 507.0 
78.954 508.0 
78.557 509.0 
78.58 510.0 
78.615 511.0 
78.604 512.0 
78.639 513.0 
78.65 514.0 
78.639 515.0 
78.674 516.0 
78.954 517.0 
78.499 518.0 
78.499 519.0 
78.534 520.0 
78.557 521.0 
78.557 522.0 
78.534 523.0 
78.557 524.0 
78.534 525.0 
78.545 526.0 
78.534 527.0 
78.487 528.0 
78.475 529.0 
78.44 530.0 
78.452 531.0 
78.569 532.0 
78.545 533.0 
78.499 534.0 
78.522 535.0 
78.464 536.0 
78.429 537.0 
78.394 538.0 
78.277 539.0 
78.3 540.0 
78.417 541.0 
78.37 542.0 
78.3 543.0 
78.277 544.0 
78.207 545.0 
78.183 546.0 
78.288 547.0 
78.265 548.0 
78.218 549.0 
78.183 550.0 
78.113 551.0 
78.207 552.0 
78.183 553.0 
78.078 554.0 
78.102 555.0 
78.207 556.0 
78.16 557.0 
78.125 558.0 
78.242 559.0 
78.207 560.0 
78.148 561.0 
78.055 562.0 
78.183 563.0 
78.113 564.0 
77.985 565.0 
78.183 566.0 
78.3 567.0 
78.067 568.0 
78.125 569.0 
78.067 570.0 
78.207 571.0 
78.148 572.0 
78.113 573.0 
78.125 574.0 
78.09 575.0 
78.242 576.0 
78.102 577.0 
78.148 578.0 
78.207 579.0 
78.137 580.0 
78.253 581.0 
78.207 582.0 
78.277 583.0 
78.195 584.0 
78.265 585.0 
78.218 586.0 
78.102 587.0 
78.207 588.0 
78.113 589.0 
78.183 590.0 
78.16 591.0 
78.183 592.0 
78.102 593.0 
78.148 594.0 
78.125 595.0 
78.207 596.0 
78.102 597.0 
78.207 598.0 
78.137 599.0 
78.172 600.0 
78.242 601.0 
78.183 602.0 
78.277 603.0 
78.16 604.0 
78.218 605.0 
78.137 606.0 
78.195 607.0 
78.055 608.0 
78.172 609.0 
78.242 610.0 
78.137 611.0 
78.218 612.0 
78.113 613.0 
78.207 614.0 
78.078 615.0 
78.183 616.0 
78.207 617.0 
78.137 618.0 
78.218 619.0 
77.786 620.0 
78.16 621.0 
78.183 622.0 
78.078 623.0 
78.16 624.0 
78.242 625.0 
78.113 626.0 
78.207 627.0 
78.23 628.0 
78.113 629.0 
78.148 630.0 
78.265 631.0 
78.09 632.0 
78.183 633.0 
78.277 634.0 
78.125 635.0 
78.183 636.0 
78.218 637.0 
78.102 638.0 
78.172 639.0 
78.242 640.0 
78.113 641.0 
78.137 642.0 
78.23 643.0 
78.078 644.0 
78.137 645.0 
78.172 646.0 
78.23 647.0 
78.125 648.0 
78.125 649.0 
78.195 650.0 
78.078 651.0 
78.148 652.0 
78.183 653.0 
78.242 654.0 
78.055 655.0 
78.113 656.0 
78.113 657.0 
78.218 658.0 
78.113 659.0 
78.172 660.0 
78.23 661.0 
78.288 662.0 
78.067 663.0 
78.16 664.0 
78.207 665.0 
78.277 666.0 
78.102 667.0 
78.148 668.0 
78.218 669.0 
78.242 670.0 
78.102 671.0 
78.102 672.0 
78.172 673.0 
78.16 674.0 
78.218 675.0 
78.067 676.0 
78.102 677.0 
78.148 678.0 
78.172 679.0 
78.253 680.0 
78.09 681.0 
78.113 682.0 
78.16 683.0 
78.207 684.0 
78.265 685.0 
78.265 686.0 
78.125 687.0 
78.125 688.0 
78.148 689.0 
78.16 690.0 
78.23 691.0 
78.242 692.0 
78.067 693.0 
78.137 694.0 
78.137 695.0 
78.16 696.0 
78.195 697.0 
78.195 698.0 
77.903 699.0 
78.113 700.0 
78.102 701.0 
78.172 702.0 
78.125 703.0 
78.183 704.0 
78.23 705.0 
78.265 706.0 
78.113 707.0 
78.09 708.0 
78.09 709.0 
78.137 710.0 
78.16 711.0 
78.195 712.0 
78.218 713.0 
78.218 714.0 
78.242 715.0 
78.067 716.0 
78.113 717.0 
78.148 718.0 
78.148 719.0 
78.172 720.0 
78.16 721.0 
78.207 722.0 
78.207 723.0 
78.253 724.0 
78.3 725.0 
78.078 726.0 
78.113 727.0 
78.09 728.0 
78.113 729.0 
78.183 730.0 
78.125 731.0 
78.16 732.0 
78.172 733.0 
78.207 734.0 
78.183 735.0 
78.183 736.0 
78.207 737.0 
78.265 738.0 
77.845 739.0 
78.067 740.0 
78.078 741.0 
78.078 742.0 
78.09 743.0 
78.078 744.0 
78.102 745.0 
78.113 746.0 
78.09 747.0 
78.102 748.0 
78.125 749.0 
78.125 750.0 
78.09 751.0 
78.148 752.0 
78.137 753.0 
78.125 754.0 
78.16 755.0 
78.125 756.0 
78.183 757.0 
78.148 758.0 
78.16 759.0 
78.195 760.0 
78.183 761.0 
78.172 762.0 
78.183 763.0 
78.16 764.0 
78.183 765.0 
78.207 766.0 
78.172 767.0 
78.195 768.0 
78.195 769.0 
78.137 770.0 
78.195 771.0 
78.207 772.0 
78.16 773.0 
78.172 774.0 
78.172 775.0 
78.183 776.0 
78.183 777.0 
78.172 778.0 
78.183 779.0 
78.207 780.0 
78.148 781.0 
78.195 782.0 
78.148 783.0 
78.16 784.0 
78.195 785.0 
78.172 786.0 
78.172 787.0 
78.183 788.0 
78.172 789.0 
78.195 790.0 
78.172 791.0 
78.172 792.0 
78.16 793.0 
78.16 794.0 
78.16 795.0 
78.172 796.0 
78.183 797.0 
78.148 798.0 
78.195 799.0 
78.183 800.0 
78.195 801.0 
78.172 802.0 
78.172 803.0 
78.183 804.0 
0.005 805.0 
0.007 806.0 
0.011 807.0 
0.001 808.0 
0.005 809.0 
0.002 810.0 
0.014 811.0 
0.006 812.0 
-0.002 813.0 
-0.006 814.0 
-0.006 815.0 
0.004 816.0 
0.001 817.0 
-0.01 818.0 
-0.007 819.0 
-0.006 820.0 
-0.005 821.0 
-0.006 822.0 
-0.018 823.0 
-0.013 824.0 
-0.012 825.0 
-0.004 826.0 
0.0 827.0 
-0.012 828.0 
-0.013 829.0 
