-0.041 257.0 
-0.02 258.0 
-0.037 259.0 
-0.046 260.0 
-0.046 261.0 
-0.041 262.0 
-0.031 263.0 
-0.044 264.0 
-0.024 265.0 
-0.007 266.0 
-0.048 267.0 
-0.036 268.0 
-0.035 269.0 
-0.043 270.0 
-0.046 271.0 
-0.011 272.0 
-0.038 273.0 
-0.038 274.0 
144.161 275.0 
141.101 276.0 
140.179 277.0 
138.765 278.0 
137.084 279.0 
134.759 280.0 
132.622 281.0 
130.088 282.0 
126.28 283.0 
124.738 284.0 
124.47 285.0 
124.108 286.0 
123.816 287.0 
123.582 288.0 
123.278 289.0 
122.659 290.0 
122.519 291.0 
122.344 292.0 
122.169 293.0 
121.923 294.0 
121.608 295.0 
121.468 296.0 
121.386 297.0 
120.896 298.0 
120.767 299.0 
120.697 300.0 
120.207 301.0 
120.125 302.0 
119.646 303.0 
119.611 304.0 
119.529 305.0 
118.957 306.0 
117.812 307.0 
115.792 308.0 
113.479 309.0 
110.232 310.0 
106.833 311.0 
102.734 312.0 
98.915 313.0 
94.593 314.0 
90.202 315.0 
85.32 316.0 
81.197 317.0 
78.09 318.0 
77.95 319.0 
77.681 320.0 
77.506 321.0 
77.494 322.0 
77.389 323.0 
77.448 324.0 
77.342 325.0 
77.272 326.0 
77.366 327.0 
77.284 328.0 
77.553 329.0 
77.354 330.0 
77.272 331.0 
77.506 332.0 
77.366 333.0 
77.296 334.0 
77.249 335.0 
77.331 336.0 
77.331 337.0 
77.214 338.0 
77.716 339.0 
77.307 340.0 
77.272 341.0 
77.272 342.0 
77.377 343.0 
77.331 344.0 
77.296 345.0 
77.284 346.0 
77.226 347.0 
77.261 348.0 
77.331 349.0 
77.296 350.0 
77.307 351.0 
77.342 352.0 
77.296 353.0 
77.226 354.0 
77.377 355.0 
77.307 356.0 
77.342 357.0 
77.296 358.0 
77.354 359.0 
77.284 360.0 
77.319 361.0 
77.284 362.0 
77.296 363.0 
77.214 364.0 
77.272 365.0 
77.307 366.0 
77.331 367.0 
77.249 368.0 
77.284 369.0 
77.272 370.0 
77.296 371.0 
77.319 372.0 
77.342 373.0 
77.366 374.0 
77.366 375.0 
77.564 376.0 
77.237 377.0 
77.272 378.0 
77.272 379.0 
77.296 380.0 
77.272 381.0 
77.354 382.0 
77.307 383.0 
77.284 384.0 
77.261 385.0 
77.377 386.0 
77.237 387.0 
77.226 388.0 
77.331 389.0 
77.342 390.0 
77.307 391.0 
77.296 392.0 
77.354 393.0 
77.261 394.0 
77.296 395.0 
77.366 396.0 
77.214 397.0 
77.319 398.0 
77.179 399.0 
77.202 400.0 
77.331 401.0 
77.284 402.0 
77.307 403.0 
77.331 404.0 
77.284 405.0 
77.226 406.0 
77.296 407.0 
77.202 408.0 
77.307 409.0 
77.237 410.0 
77.296 411.0 
77.342 412.0 
77.704 413.0 
77.389 414.0 
77.296 415.0 
77.307 416.0 
77.237 417.0 
77.366 418.0 
77.319 419.0 
77.237 420.0 
77.272 421.0 
77.331 422.0 
77.354 423.0 
77.249 424.0 
77.237 425.0 
77.342 426.0 
77.307 427.0 
77.237 428.0 
77.261 429.0 
77.226 430.0 
77.284 431.0 
77.331 432.0 
77.342 433.0 
77.226 434.0 
77.214 435.0 
77.284 436.0 
77.319 437.0 
77.226 438.0 
77.249 439.0 
77.284 440.0 
77.237 441.0 
77.272 442.0 
77.284 443.0 
77.249 444.0 
77.261 445.0 
77.226 446.0 
77.331 447.0 
77.342 448.0 
77.284 449.0 
77.623 450.0 
77.272 451.0 
77.284 452.0 
77.237 453.0 
77.237 454.0 
77.331 455.0 
77.202 456.0 
77.249 457.0 
77.202 458.0 
77.307 459.0 
77.319 460.0 
77.284 461.0 
77.226 462.0 
77.354 463.0 
77.272 464.0 
77.296 465.0 
77.342 466.0 
77.284 467.0 
77.249 468.0 
77.319 469.0 
77.261 470.0 
77.249 471.0 
77.272 472.0 
77.191 473.0 
77.249 474.0 
77.354 475.0 
77.284 476.0 
77.202 477.0 
77.284 478.0 
77.191 479.0 
77.284 480.0 
77.342 481.0 
77.261 482.0 
77.342 483.0 
77.237 484.0 
77.284 485.0 
77.237 486.0 
77.226 487.0 
77.331 488.0 
77.249 489.0 
77.284 490.0 
77.331 491.0 
77.237 492.0 
77.284 493.0 
77.331 494.0 
77.237 495.0 
77.132 496.0 
77.249 497.0 
77.319 498.0 
77.179 499.0 
77.214 500.0 
77.261 501.0 
77.307 502.0 
77.179 503.0 
77.202 504.0 
77.237 505.0 
77.296 506.0 
77.191 507.0 
77.389 508.0 
77.191 509.0 
77.191 510.0 
77.214 511.0 
77.272 512.0 
77.272 513.0 
77.307 514.0 
77.272 515.0 
77.319 516.0 
77.646 517.0 
77.109 518.0 
77.097 519.0 
77.144 520.0 
77.179 521.0 
77.144 522.0 
77.156 523.0 
77.156 524.0 
77.144 525.0 
77.144 526.0 
77.144 527.0 
77.062 528.0 
77.074 529.0 
77.039 530.0 
77.074 531.0 
77.202 532.0 
77.167 533.0 
77.097 534.0 
77.12 535.0 
77.062 536.0 
76.98 537.0 
76.969 538.0 
76.899 539.0 
76.852 540.0 
76.945 541.0 
76.934 542.0 
76.875 543.0 
76.84 544.0 
76.793 545.0 
76.735 546.0 
76.864 547.0 
76.782 548.0 
76.758 549.0 
76.723 550.0 
76.618 551.0 
76.77 552.0 
76.723 553.0 
76.712 554.0 
76.63 555.0 
76.758 556.0 
76.723 557.0 
76.63 558.0 
76.793 559.0 
76.712 560.0 
76.688 561.0 
76.642 562.0 
76.747 563.0 
76.677 564.0 
76.583 565.0 
76.712 566.0 
76.782 567.0 
76.63 568.0 
76.7 569.0 
76.63 570.0 
76.77 571.0 
76.688 572.0 
76.63 573.0 
76.7 574.0 
76.653 575.0 
76.712 576.0 
76.7 577.0 
76.642 578.0 
76.782 579.0 
76.712 580.0 
76.782 581.0 
76.735 582.0 
76.735 583.0 
76.747 584.0 
76.84 585.0 
76.758 586.0 
76.665 587.0 
76.77 588.0 
76.677 589.0 
76.758 590.0 
76.677 591.0 
76.758 592.0 
76.677 593.0 
76.7 594.0 
76.653 595.0 
76.758 596.0 
76.677 597.0 
76.735 598.0 
76.677 599.0 
76.723 600.0 
76.805 601.0 
76.712 602.0 
76.793 603.0 
76.665 604.0 
76.747 605.0 
76.653 606.0 
76.747 607.0 
76.653 608.0 
76.712 609.0 
76.793 610.0 
76.7 611.0 
76.805 612.0 
76.688 613.0 
76.782 614.0 
76.607 615.0 
76.723 616.0 
76.782 617.0 
76.665 618.0 
76.723 619.0 
76.315 620.0 
76.677 621.0 
76.747 622.0 
76.653 623.0 
76.7 624.0 
76.805 625.0 
76.677 626.0 
76.735 627.0 
76.77 628.0 
76.677 629.0 
76.723 630.0 
76.817 631.0 
76.618 632.0 
76.758 633.0 
76.805 634.0 
76.653 635.0 
76.747 636.0 
76.758 637.0 
76.677 638.0 
76.712 639.0 
76.758 640.0 
76.642 641.0 
76.7 642.0 
76.758 643.0 
76.642 644.0 
76.677 645.0 
76.758 646.0 
76.805 647.0 
76.642 648.0 
76.712 649.0 
76.77 650.0 
76.642 651.0 
76.712 652.0 
76.735 653.0 
76.758 654.0 
76.595 655.0 
76.688 656.0 
76.712 657.0 
76.758 658.0 
76.665 659.0 
76.677 660.0 
76.793 661.0 
76.793 662.0 
76.63 663.0 
76.7 664.0 
76.782 665.0 
76.805 666.0 
76.642 667.0 
76.723 668.0 
76.723 669.0 
76.782 670.0 
76.642 671.0 
76.677 672.0 
76.758 673.0 
76.735 674.0 
76.805 675.0 
76.618 676.0 
76.677 677.0 
76.723 678.0 
76.688 679.0 
76.77 680.0 
76.653 681.0 
76.665 682.0 
76.712 683.0 
76.735 684.0 
76.747 685.0 
76.828 686.0 
76.665 687.0 
76.677 688.0 
76.723 689.0 
76.677 690.0 
76.77 691.0 
76.782 692.0 
76.63 693.0 
76.677 694.0 
76.665 695.0 
76.7 696.0 
76.735 697.0 
76.735 698.0 
76.315 699.0 
76.63 700.0 
76.677 701.0 
76.665 702.0 
76.7 703.0 
76.712 704.0 
76.77 705.0 
76.805 706.0 
76.63 707.0 
76.653 708.0 
76.677 709.0 
76.665 710.0 
76.723 711.0 
76.747 712.0 
76.747 713.0 
76.805 714.0 
76.805 715.0 
76.607 716.0 
76.653 717.0 
76.665 718.0 
76.688 719.0 
76.723 720.0 
76.7 721.0 
76.723 722.0 
76.735 723.0 
76.77 724.0 
76.817 725.0 
76.618 726.0 
76.642 727.0 
76.665 728.0 
76.653 729.0 
76.677 730.0 
76.688 731.0 
76.7 732.0 
76.735 733.0 
76.758 734.0 
76.758 735.0 
76.747 736.0 
76.782 737.0 
76.782 738.0 
76.408 739.0 
76.607 740.0 
76.595 741.0 
76.63 742.0 
76.618 743.0 
76.653 744.0 
76.677 745.0 
76.653 746.0 
76.688 747.0 
76.665 748.0 
76.688 749.0 
76.665 750.0 
76.7 751.0 
76.7 752.0 
76.7 753.0 
76.7 754.0 
76.688 755.0 
76.688 756.0 
76.688 757.0 
76.7 758.0 
76.677 759.0 
76.7 760.0 
76.688 761.0 
76.7 762.0 
76.723 763.0 
76.7 764.0 
76.735 765.0 
76.712 766.0 
76.735 767.0 
76.735 768.0 
76.735 769.0 
76.735 770.0 
76.747 771.0 
76.723 772.0 
76.735 773.0 
76.735 774.0 
76.712 775.0 
76.747 776.0 
76.723 777.0 
76.735 778.0 
76.747 779.0 
76.712 780.0 
76.735 781.0 
76.723 782.0 
76.723 783.0 
76.723 784.0 
76.712 785.0 
76.747 786.0 
76.735 787.0 
76.712 788.0 
76.712 789.0 
76.712 790.0 
76.723 791.0 
76.712 792.0 
76.735 793.0 
76.735 794.0 
76.7 795.0 
76.688 796.0 
76.723 797.0 
76.712 798.0 
76.723 799.0 
76.7 800.0 
76.723 801.0 
76.7 802.0 
76.747 803.0 
76.712 804.0 
0.007 805.0 
0.013 806.0 
0.002 807.0 
0.002 808.0 
-0.006 809.0 
-0.007 810.0 
-0.011 811.0 
-0.013 812.0 
-0.01 813.0 
-0.022 814.0 
-0.037 815.0 
-0.043 816.0 
-0.034 817.0 
-0.035 818.0 
-0.042 819.0 
-0.049 820.0 
-0.036 821.0 
-0.038 822.0 
-0.037 823.0 
-0.028 824.0 
-0.031 825.0 
-0.025 826.0 
-0.026 827.0 
-0.016 828.0 
-0.01 829.0 
