-0.025 257.0 
-0.05 258.0 
-0.054 259.0 
-0.037 260.0 
-0.035 261.0 
-0.041 262.0 
-0.019 263.0 
-0.022 264.0 
-0.019 265.0 
-0.046 266.0 
-0.029 267.0 
-0.034 268.0 
-0.022 269.0 
-0.034 270.0 
-0.034 271.0 
-0.048 272.0 
-0.041 273.0 
-0.044 274.0 
148.693 275.0 
145.516 276.0 
144.045 277.0 
141.977 278.0 
139.723 279.0 
137.13 280.0 
134.841 281.0 
132.05 282.0 
127.95 283.0 
126.303 284.0 
125.836 285.0 
125.497 286.0 
125.252 287.0 
124.96 288.0 
124.727 289.0 
124.213 290.0 
123.909 291.0 
123.71 292.0 
123.442 293.0 
123.383 294.0 
122.87 295.0 
122.671 296.0 
122.624 297.0 
122.005 298.0 
121.877 299.0 
121.783 300.0 
121.188 301.0 
121.106 302.0 
120.557 303.0 
120.452 304.0 
120.265 305.0 
119.576 306.0 
118.326 307.0 
115.979 308.0 
113.479 309.0 
110.15 310.0 
106.728 311.0 
102.722 312.0 
99.043 313.0 
95.142 314.0 
91.405 315.0 
87.422 316.0 
83.813 317.0 
80.823 318.0 
80.648 319.0 
80.426 320.0 
80.227 321.0 
80.251 322.0 
80.122 323.0 
80.204 324.0 
80.122 325.0 
79.982 326.0 
80.145 327.0 
80.005 328.0 
80.204 329.0 
80.087 330.0 
80.017 331.0 
80.122 332.0 
80.099 333.0 
80.052 334.0 
80.11 335.0 
80.145 336.0 
80.11 337.0 
79.97 338.0 
80.169 339.0 
80.087 340.0 
80.075 341.0 
80.052 342.0 
80.122 343.0 
80.099 344.0 
80.064 345.0 
80.017 346.0 
79.97 347.0 
80.04 348.0 
80.122 349.0 
80.075 350.0 
80.029 351.0 
80.087 352.0 
80.04 353.0 
79.912 354.0 
80.134 355.0 
80.075 356.0 
80.122 357.0 
80.11 358.0 
80.181 359.0 
80.075 360.0 
80.099 361.0 
80.075 362.0 
80.087 363.0 
80.052 364.0 
80.087 365.0 
80.052 366.0 
80.075 367.0 
80.029 368.0 
80.04 369.0 
80.04 370.0 
80.064 371.0 
80.087 372.0 
80.099 373.0 
80.11 374.0 
80.134 375.0 
80.367 376.0 
79.994 377.0 
80.029 378.0 
80.075 379.0 
80.064 380.0 
80.04 381.0 
80.145 382.0 
80.087 383.0 
80.075 384.0 
80.052 385.0 
80.134 386.0 
80.005 387.0 
79.994 388.0 
80.087 389.0 
80.087 390.0 
80.064 391.0 
80.029 392.0 
80.11 393.0 
79.982 394.0 
80.04 395.0 
80.145 396.0 
80.029 397.0 
80.099 398.0 
80.04 399.0 
80.029 400.0 
80.122 401.0 
80.099 402.0 
80.157 403.0 
80.099 404.0 
80.064 405.0 
79.947 406.0 
80.052 407.0 
80.052 408.0 
80.064 409.0 
79.994 410.0 
80.064 411.0 
80.122 412.0 
80.484 413.0 
80.099 414.0 
80.005 415.0 
80.075 416.0 
80.005 417.0 
80.157 418.0 
80.099 419.0 
80.017 420.0 
80.052 421.0 
80.11 422.0 
80.099 423.0 
80.052 424.0 
80.017 425.0 
80.052 426.0 
80.075 427.0 
80.052 428.0 
80.017 429.0 
79.982 430.0 
80.087 431.0 
80.11 432.0 
80.087 433.0 
80.005 434.0 
80.017 435.0 
80.029 436.0 
80.134 437.0 
80.005 438.0 
80.017 439.0 
80.017 440.0 
80.04 441.0 
80.052 442.0 
80.04 443.0 
80.04 444.0 
80.04 445.0 
79.994 446.0 
80.134 447.0 
80.075 448.0 
80.099 449.0 
80.344 450.0 
80.017 451.0 
80.017 452.0 
79.994 453.0 
79.982 454.0 
80.064 455.0 
80.04 456.0 
80.04 457.0 
80.005 458.0 
80.099 459.0 
80.11 460.0 
80.04 461.0 
80.005 462.0 
80.122 463.0 
80.064 464.0 
80.052 465.0 
80.11 466.0 
80.04 467.0 
79.982 468.0 
80.087 469.0 
80.017 470.0 
79.97 471.0 
80.029 472.0 
79.994 473.0 
80.04 474.0 
80.134 475.0 
80.052 476.0 
79.97 477.0 
80.052 478.0 
79.947 479.0 
80.052 480.0 
80.11 481.0 
80.029 482.0 
80.099 483.0 
80.017 484.0 
80.064 485.0 
79.982 486.0 
79.97 487.0 
80.075 488.0 
80.04 489.0 
80.04 490.0 
80.11 491.0 
80.04 492.0 
80.005 493.0 
80.087 494.0 
79.994 495.0 
79.947 496.0 
80.075 497.0 
80.099 498.0 
79.994 499.0 
80.005 500.0 
80.052 501.0 
80.099 502.0 
79.97 503.0 
79.982 504.0 
80.017 505.0 
80.017 506.0 
79.97 507.0 
80.087 508.0 
79.912 509.0 
79.982 510.0 
79.982 511.0 
80.017 512.0 
79.994 513.0 
80.052 514.0 
80.075 515.0 
80.075 516.0 
80.344 517.0 
79.912 518.0 
79.924 519.0 
79.924 520.0 
79.947 521.0 
79.959 522.0 
79.959 523.0 
79.947 524.0 
79.947 525.0 
79.924 526.0 
79.912 527.0 
79.865 528.0 
79.877 529.0 
79.83 530.0 
79.865 531.0 
79.97 532.0 
79.959 533.0 
79.889 534.0 
79.9 535.0 
79.877 536.0 
79.818 537.0 
79.737 538.0 
79.725 539.0 
79.643 540.0 
79.807 541.0 
79.667 542.0 
79.69 543.0 
79.655 544.0 
79.608 545.0 
79.562 546.0 
79.678 547.0 
79.597 548.0 
79.597 549.0 
79.48 550.0 
79.398 551.0 
79.597 552.0 
79.503 553.0 
79.48 554.0 
79.433 555.0 
79.585 556.0 
79.538 557.0 
79.503 558.0 
79.118 559.0 
79.573 560.0 
79.515 561.0 
79.48 562.0 
79.585 563.0 
79.491 564.0 
79.456 565.0 
79.526 566.0 
79.562 567.0 
79.421 568.0 
79.515 569.0 
79.48 570.0 
79.562 571.0 
79.526 572.0 
79.445 573.0 
79.526 574.0 
79.491 575.0 
79.83 576.0 
79.55 577.0 
79.503 578.0 
79.573 579.0 
79.538 580.0 
79.632 581.0 
79.55 582.0 
79.643 583.0 
79.597 584.0 
79.293 585.0 
79.55 586.0 
79.491 587.0 
79.573 588.0 
79.48 589.0 
79.585 590.0 
79.491 591.0 
79.608 592.0 
79.491 593.0 
79.562 594.0 
79.526 595.0 
79.515 596.0 
79.526 597.0 
79.526 598.0 
79.468 599.0 
79.503 600.0 
79.643 601.0 
79.526 602.0 
79.62 603.0 
79.562 604.0 
79.632 605.0 
79.491 606.0 
79.562 607.0 
79.456 608.0 
79.515 609.0 
79.62 610.0 
79.515 611.0 
79.62 612.0 
79.468 613.0 
79.585 614.0 
79.48 615.0 
79.526 616.0 
79.597 617.0 
79.445 618.0 
79.573 619.0 
79.375 620.0 
79.526 621.0 
79.562 622.0 
79.468 623.0 
79.562 624.0 
79.608 625.0 
79.468 626.0 
79.562 627.0 
79.632 628.0 
79.515 629.0 
79.526 630.0 
79.608 631.0 
79.491 632.0 
79.562 633.0 
79.83 634.0 
79.503 635.0 
79.55 636.0 
79.62 637.0 
79.491 638.0 
79.526 639.0 
79.62 640.0 
79.48 641.0 
79.48 642.0 
79.632 643.0 
79.456 644.0 
79.515 645.0 
79.55 646.0 
79.632 647.0 
79.491 648.0 
79.503 649.0 
79.585 650.0 
79.445 651.0 
79.456 652.0 
79.538 653.0 
79.597 654.0 
79.468 655.0 
79.503 656.0 
79.55 657.0 
79.608 658.0 
79.503 659.0 
79.55 660.0 
79.608 661.0 
79.597 662.0 
79.48 663.0 
79.515 664.0 
79.597 665.0 
79.643 666.0 
79.456 667.0 
79.491 668.0 
79.562 669.0 
79.597 670.0 
79.456 671.0 
79.503 672.0 
79.515 673.0 
79.573 674.0 
79.585 675.0 
79.456 676.0 
79.515 677.0 
79.55 678.0 
79.573 679.0 
79.632 680.0 
79.468 681.0 
79.491 682.0 
79.526 683.0 
79.562 684.0 
79.526 685.0 
79.632 686.0 
79.41 687.0 
79.491 688.0 
79.55 689.0 
79.562 690.0 
79.562 691.0 
79.632 692.0 
79.445 693.0 
79.503 694.0 
79.538 695.0 
79.526 696.0 
79.526 697.0 
79.573 698.0 
79.41 699.0 
79.491 700.0 
79.491 701.0 
79.526 702.0 
79.55 703.0 
79.585 704.0 
79.55 705.0 
79.632 706.0 
79.456 707.0 
79.468 708.0 
79.503 709.0 
79.503 710.0 
79.503 711.0 
79.562 712.0 
79.573 713.0 
79.597 714.0 
79.363 715.0 
79.445 716.0 
79.41 717.0 
79.491 718.0 
79.491 719.0 
79.515 720.0 
79.55 721.0 
79.562 722.0 
79.597 723.0 
79.62 724.0 
79.643 725.0 
79.456 726.0 
79.456 727.0 
79.48 728.0 
79.491 729.0 
79.48 730.0 
79.55 731.0 
79.538 732.0 
79.55 733.0 
79.562 734.0 
79.585 735.0 
79.585 736.0 
79.632 737.0 
79.62 738.0 
79.433 739.0 
79.445 740.0 
79.468 741.0 
79.468 742.0 
79.468 743.0 
79.491 744.0 
79.48 745.0 
79.48 746.0 
79.491 747.0 
79.48 748.0 
79.468 749.0 
79.468 750.0 
79.515 751.0 
79.503 752.0 
79.503 753.0 
79.538 754.0 
79.538 755.0 
79.515 756.0 
79.526 757.0 
79.562 758.0 
79.515 759.0 
79.562 760.0 
79.55 761.0 
79.538 762.0 
79.562 763.0 
79.573 764.0 
79.562 765.0 
79.562 766.0 
79.538 767.0 
79.55 768.0 
79.562 769.0 
79.562 770.0 
79.573 771.0 
79.55 772.0 
79.538 773.0 
79.55 774.0 
79.55 775.0 
79.573 776.0 
79.538 777.0 
79.585 778.0 
79.55 779.0 
79.503 780.0 
79.526 781.0 
79.526 782.0 
79.55 783.0 
79.538 784.0 
79.55 785.0 
79.538 786.0 
79.55 787.0 
79.526 788.0 
79.55 789.0 
79.515 790.0 
79.538 791.0 
79.538 792.0 
79.526 793.0 
79.55 794.0 
79.503 795.0 
79.538 796.0 
79.491 797.0 
79.503 798.0 
79.526 799.0 
79.503 800.0 
79.538 801.0 
79.526 802.0 
79.503 803.0 
79.515 804.0 
0.007 805.0 
0.008 806.0 
0.01 807.0 
0.006 808.0 
0.002 809.0 
0.0 810.0 
-0.001 811.0 
-0.002 812.0 
-0.005 813.0 
-0.002 814.0 
-0.007 815.0 
-0.019 816.0 
-0.02 817.0 
-0.014 818.0 
-0.02 819.0 
-0.023 820.0 
-0.024 821.0 
-0.031 822.0 
-0.03 823.0 
-0.024 824.0 
-0.037 825.0 
-0.034 826.0 
-0.024 827.0 
-0.03 828.0 
-0.029 829.0 
