-0.04 257.0 
-0.041 258.0 
-0.048 259.0 
-0.059 260.0 
-0.049 261.0 
-0.035 262.0 
-0.047 263.0 
-0.065 264.0 
-0.059 265.0 
-0.065 266.0 
-0.037 267.0 
-0.041 268.0 
-0.041 269.0 
-0.047 270.0 
-0.048 271.0 
-0.032 272.0 
-0.032 273.0 
-0.041 274.0 
144.664 275.0 
141.872 276.0 
140.996 277.0 
139.501 278.0 
137.714 279.0 
135.203 280.0 
133.183 281.0 
130.928 282.0 
127.354 283.0 
125.719 284.0 
125.334 285.0 
125.03 286.0 
124.902 287.0 
124.575 288.0 
124.294 289.0 
123.617 290.0 
123.453 291.0 
123.267 292.0 
123.056 293.0 
122.753 294.0 
122.402 295.0 
122.25 296.0 
122.215 297.0 
121.725 298.0 
121.515 299.0 
121.375 300.0 
120.849 301.0 
120.756 302.0 
120.195 303.0 
120.066 304.0 
119.938 305.0 
119.249 306.0 
117.987 307.0 
115.64 308.0 
112.848 309.0 
108.994 310.0 
105.373 311.0 
101.297 312.0 
97.303 313.0 
93.122 314.0 
89.162 315.0 
85.063 316.0 
81.395 317.0 
78.359 318.0 
78.218 319.0 
78.02 320.0 
77.868 321.0 
77.891 322.0 
77.798 323.0 
77.833 324.0 
77.798 325.0 
77.728 326.0 
77.833 327.0 
77.763 328.0 
77.891 329.0 
77.81 330.0 
77.739 331.0 
78.113 332.0 
77.88 333.0 
77.763 334.0 
77.739 335.0 
77.821 336.0 
77.798 337.0 
77.739 338.0 
78.078 339.0 
77.751 340.0 
77.786 341.0 
77.751 342.0 
77.903 343.0 
77.786 344.0 
77.751 345.0 
77.728 346.0 
77.739 347.0 
77.739 348.0 
77.821 349.0 
77.786 350.0 
77.739 351.0 
77.845 352.0 
77.775 353.0 
77.681 354.0 
77.658 355.0 
77.786 356.0 
77.833 357.0 
77.739 358.0 
77.856 359.0 
77.786 360.0 
77.821 361.0 
77.763 362.0 
77.751 363.0 
77.739 364.0 
77.716 365.0 
77.763 366.0 
77.798 367.0 
77.763 368.0 
77.763 369.0 
77.798 370.0 
77.763 371.0 
77.833 372.0 
77.821 373.0 
77.868 374.0 
77.833 375.0 
78.055 376.0 
77.728 377.0 
77.775 378.0 
77.786 379.0 
77.775 380.0 
77.775 381.0 
77.669 382.0 
77.763 383.0 
77.751 384.0 
77.751 385.0 
77.81 386.0 
77.728 387.0 
77.704 388.0 
77.798 389.0 
77.786 390.0 
77.786 391.0 
77.763 392.0 
77.88 393.0 
77.704 394.0 
77.775 395.0 
77.856 396.0 
77.739 397.0 
77.763 398.0 
77.693 399.0 
77.704 400.0 
77.821 401.0 
77.798 402.0 
77.88 403.0 
77.798 404.0 
77.751 405.0 
77.693 406.0 
77.763 407.0 
77.763 408.0 
77.786 409.0 
77.693 410.0 
77.751 411.0 
77.833 412.0 
78.265 413.0 
77.821 414.0 
77.728 415.0 
77.751 416.0 
77.716 417.0 
77.868 418.0 
77.775 419.0 
77.728 420.0 
77.751 421.0 
77.775 422.0 
77.81 423.0 
77.739 424.0 
77.751 425.0 
77.786 426.0 
77.845 427.0 
77.739 428.0 
77.739 429.0 
77.704 430.0 
77.786 431.0 
77.81 432.0 
77.821 433.0 
77.693 434.0 
77.728 435.0 
77.728 436.0 
77.798 437.0 
77.704 438.0 
77.681 439.0 
77.775 440.0 
77.751 441.0 
77.763 442.0 
77.751 443.0 
77.763 444.0 
77.739 445.0 
77.716 446.0 
77.88 447.0 
77.833 448.0 
77.775 449.0 
77.985 450.0 
77.751 451.0 
77.751 452.0 
77.728 453.0 
77.669 454.0 
77.775 455.0 
77.599 456.0 
77.739 457.0 
77.704 458.0 
77.833 459.0 
77.798 460.0 
77.739 461.0 
77.763 462.0 
77.833 463.0 
77.763 464.0 
77.763 465.0 
77.833 466.0 
77.751 467.0 
77.716 468.0 
77.763 469.0 
77.763 470.0 
77.751 471.0 
77.739 472.0 
77.658 473.0 
77.739 474.0 
77.821 475.0 
77.728 476.0 
77.693 477.0 
77.751 478.0 
77.658 479.0 
77.751 480.0 
77.845 481.0 
77.739 482.0 
77.786 483.0 
77.704 484.0 
77.798 485.0 
77.716 486.0 
77.739 487.0 
77.821 488.0 
77.739 489.0 
77.763 490.0 
77.798 491.0 
77.775 492.0 
77.739 493.0 
77.798 494.0 
77.704 495.0 
77.704 496.0 
77.763 497.0 
77.798 498.0 
77.658 499.0 
77.704 500.0 
77.763 501.0 
77.821 502.0 
77.669 503.0 
77.681 504.0 
77.704 505.0 
77.728 506.0 
77.681 507.0 
77.821 508.0 
77.623 509.0 
77.704 510.0 
77.716 511.0 
77.739 512.0 
77.739 513.0 
77.775 514.0 
77.775 515.0 
77.669 516.0 
78.09 517.0 
77.623 518.0 
77.646 519.0 
77.646 520.0 
77.646 521.0 
77.634 522.0 
77.658 523.0 
77.634 524.0 
77.646 525.0 
77.646 526.0 
77.669 527.0 
77.588 528.0 
77.623 529.0 
77.564 530.0 
77.599 531.0 
77.728 532.0 
77.985 533.0 
77.634 534.0 
77.611 535.0 
77.623 536.0 
77.564 537.0 
77.448 538.0 
77.483 539.0 
77.459 540.0 
77.564 541.0 
77.483 542.0 
77.459 543.0 
77.412 544.0 
77.401 545.0 
77.366 546.0 
77.471 547.0 
77.401 548.0 
77.366 549.0 
77.342 550.0 
77.296 551.0 
77.366 552.0 
77.366 553.0 
77.296 554.0 
77.237 555.0 
77.377 556.0 
77.307 557.0 
77.284 558.0 
76.899 559.0 
77.366 560.0 
77.296 561.0 
77.261 562.0 
77.354 563.0 
77.284 564.0 
77.261 565.0 
77.354 566.0 
77.319 567.0 
77.226 568.0 
77.307 569.0 
77.272 570.0 
77.377 571.0 
77.331 572.0 
77.261 573.0 
77.331 574.0 
77.296 575.0 
77.623 576.0 
77.319 577.0 
77.296 578.0 
77.366 579.0 
77.307 580.0 
77.389 581.0 
77.342 582.0 
77.412 583.0 
77.354 584.0 
77.097 585.0 
77.377 586.0 
77.272 587.0 
77.366 588.0 
77.272 589.0 
77.389 590.0 
77.296 591.0 
77.377 592.0 
77.307 593.0 
77.342 594.0 
77.272 595.0 
77.342 596.0 
77.272 597.0 
77.319 598.0 
77.296 599.0 
77.319 600.0 
77.424 601.0 
77.331 602.0 
77.412 603.0 
77.319 604.0 
77.436 605.0 
77.284 606.0 
77.401 607.0 
77.261 608.0 
77.354 609.0 
77.424 610.0 
77.331 611.0 
77.448 612.0 
77.307 613.0 
77.366 614.0 
77.272 615.0 
77.296 616.0 
77.389 617.0 
77.261 618.0 
77.377 619.0 
77.074 620.0 
77.319 621.0 
77.377 622.0 
77.284 623.0 
77.342 624.0 
77.448 625.0 
77.284 626.0 
77.377 627.0 
77.401 628.0 
77.307 629.0 
77.354 630.0 
77.436 631.0 
77.284 632.0 
77.366 633.0 
77.669 634.0 
77.319 635.0 
77.354 636.0 
77.412 637.0 
77.284 638.0 
77.331 639.0 
77.412 640.0 
77.261 641.0 
77.272 642.0 
77.401 643.0 
77.261 644.0 
77.249 645.0 
77.389 646.0 
77.412 647.0 
77.284 648.0 
77.354 649.0 
77.401 650.0 
77.237 651.0 
77.237 652.0 
77.366 653.0 
77.401 654.0 
77.261 655.0 
77.226 656.0 
77.366 657.0 
77.424 658.0 
77.307 659.0 
77.331 660.0 
77.354 661.0 
77.389 662.0 
77.284 663.0 
77.354 664.0 
77.354 665.0 
77.424 666.0 
77.284 667.0 
77.331 668.0 
77.377 669.0 
77.436 670.0 
77.272 671.0 
77.319 672.0 
77.342 673.0 
77.366 674.0 
77.354 675.0 
77.272 676.0 
77.296 677.0 
77.319 678.0 
77.354 679.0 
77.424 680.0 
77.272 681.0 
77.261 682.0 
77.342 683.0 
77.331 684.0 
77.342 685.0 
77.448 686.0 
77.226 687.0 
77.296 688.0 
77.331 689.0 
77.342 690.0 
77.401 691.0 
77.401 692.0 
77.261 693.0 
77.284 694.0 
77.319 695.0 
77.342 696.0 
77.331 697.0 
77.424 698.0 
77.179 699.0 
77.249 700.0 
77.284 701.0 
77.319 702.0 
77.342 703.0 
77.366 704.0 
77.377 705.0 
77.436 706.0 
77.249 707.0 
77.319 708.0 
77.296 709.0 
77.296 710.0 
77.354 711.0 
77.377 712.0 
77.401 713.0 
77.377 714.0 
77.191 715.0 
77.249 716.0 
77.226 717.0 
77.284 718.0 
77.307 719.0 
77.319 720.0 
77.319 721.0 
77.342 722.0 
77.412 723.0 
77.412 724.0 
77.412 725.0 
77.249 726.0 
77.261 727.0 
77.296 728.0 
77.319 729.0 
77.307 730.0 
77.342 731.0 
77.331 732.0 
77.354 733.0 
77.354 734.0 
77.377 735.0 
77.331 736.0 
77.401 737.0 
77.412 738.0 
77.191 739.0 
77.214 740.0 
77.249 741.0 
77.226 742.0 
77.261 743.0 
77.272 744.0 
77.307 745.0 
77.307 746.0 
77.307 747.0 
77.307 748.0 
77.272 749.0 
77.296 750.0 
77.319 751.0 
77.319 752.0 
77.307 753.0 
77.307 754.0 
77.284 755.0 
77.331 756.0 
77.366 757.0 
77.307 758.0 
77.307 759.0 
77.354 760.0 
77.366 761.0 
77.331 762.0 
77.342 763.0 
77.354 764.0 
77.331 765.0 
77.354 766.0 
77.366 767.0 
77.366 768.0 
77.342 769.0 
77.342 770.0 
77.354 771.0 
77.366 772.0 
77.389 773.0 
77.366 774.0 
77.366 775.0 
77.354 776.0 
77.342 777.0 
77.331 778.0 
77.331 779.0 
77.342 780.0 
77.319 781.0 
77.331 782.0 
77.319 783.0 
77.354 784.0 
77.331 785.0 
77.354 786.0 
77.342 787.0 
77.342 788.0 
77.354 789.0 
77.342 790.0 
77.319 791.0 
77.319 792.0 
77.307 793.0 
77.331 794.0 
77.319 795.0 
77.319 796.0 
77.272 797.0 
77.284 798.0 
77.331 799.0 
77.319 800.0 
77.307 801.0 
77.307 802.0 
77.296 803.0 
77.331 804.0 
0.005 805.0 
0.0 806.0 
0.004 807.0 
0.001 808.0 
-0.005 809.0 
-0.005 810.0 
-0.007 811.0 
-0.01 812.0 
-0.016 813.0 
-0.02 814.0 
-0.029 815.0 
-0.037 816.0 
-0.044 817.0 
-0.041 818.0 
-0.049 819.0 
-0.041 820.0 
-0.047 821.0 
-0.053 822.0 
-0.055 823.0 
-0.054 824.0 
-0.052 825.0 
-0.04 826.0 
-0.037 827.0 
-0.04 828.0 
-0.04 829.0 
