-0.061 257.0 
-0.04 258.0 
-0.077 259.0 
-0.041 260.0 
-0.043 261.0 
-0.05 262.0 
-0.054 263.0 
-0.052 264.0 
-0.044 265.0 
-0.059 266.0 
-0.047 267.0 
-0.059 268.0 
-0.053 269.0 
-0.02 270.0 
-0.026 271.0 
-0.029 272.0 
-0.054 273.0 
-0.04 274.0 
101.04 275.0 
100.106 276.0 
100.059 277.0 
99.907 278.0 
99.709 279.0 
98.95 280.0 
97.455 281.0 
95.072 282.0 
93.227 283.0 
92.853 284.0 
92.83 285.0 
92.806 286.0 
92.9 287.0 
92.911 288.0 
92.9 289.0 
92.631 290.0 
92.701 291.0 
92.771 292.0 
92.748 293.0 
92.631 294.0 
92.643 295.0 
92.701 296.0 
92.83 297.0 
92.608 298.0 
92.678 299.0 
92.561 300.0 
92.584 301.0 
92.724 302.0 
92.514 303.0 
92.619 304.0 
92.935 305.0 
92.631 306.0 
92.573 307.0 
92.035 308.0 
91.416 309.0 
89.991 310.0 
88.158 311.0 
85.32 312.0 
82.306 313.0 
78.989 314.0 
76.034 315.0 
73.149 316.0 
70.767 317.0 
68.711 318.0 
68.256 319.0 
68.232 320.0 
68.01 321.0 
67.952 322.0 
67.824 323.0 
67.859 324.0 
67.8 325.0 
67.672 326.0 
67.777 327.0 
67.683 328.0 
67.859 329.0 
67.788 330.0 
67.59 331.0 
67.602 332.0 
67.695 333.0 
67.625 334.0 
67.555 335.0 
67.578 336.0 
67.73 337.0 
67.613 338.0 
67.602 339.0 
67.613 340.0 
67.625 341.0 
67.613 342.0 
67.602 343.0 
67.625 344.0 
67.602 345.0 
67.543 346.0 
67.637 347.0 
67.648 348.0 
67.625 349.0 
67.567 350.0 
67.532 351.0 
67.648 352.0 
67.695 353.0 
67.66 354.0 
67.637 355.0 
67.602 356.0 
67.672 357.0 
67.602 358.0 
67.683 359.0 
67.637 360.0 
67.672 361.0 
67.602 362.0 
67.66 363.0 
67.567 364.0 
67.648 365.0 
67.637 366.0 
67.66 367.0 
67.637 368.0 
67.602 369.0 
67.625 370.0 
67.672 371.0 
67.695 372.0 
67.683 373.0 
67.648 374.0 
67.8 375.0 
67.613 376.0 
67.59 377.0 
67.625 378.0 
67.637 379.0 
67.625 380.0 
67.648 381.0 
67.555 382.0 
67.613 383.0 
67.602 384.0 
67.613 385.0 
67.695 386.0 
67.578 387.0 
67.578 388.0 
67.648 389.0 
67.859 390.0 
67.637 391.0 
67.637 392.0 
67.672 393.0 
67.543 394.0 
67.625 395.0 
67.683 396.0 
67.567 397.0 
67.648 398.0 
67.52 399.0 
67.555 400.0 
67.94 401.0 
67.648 402.0 
67.695 403.0 
67.683 404.0 
67.637 405.0 
67.555 406.0 
67.625 407.0 
67.613 408.0 
67.59 409.0 
67.578 410.0 
67.625 411.0 
67.695 412.0 
67.73 413.0 
67.66 414.0 
67.59 415.0 
67.648 416.0 
67.532 417.0 
67.625 418.0 
67.683 419.0 
67.578 420.0 
67.613 421.0 
67.625 422.0 
67.695 423.0 
67.613 424.0 
67.625 425.0 
67.672 426.0 
67.637 427.0 
67.59 428.0 
67.683 429.0 
67.578 430.0 
67.648 431.0 
67.613 432.0 
67.532 433.0 
67.602 434.0 
67.637 435.0 
67.637 436.0 
67.66 437.0 
67.555 438.0 
67.567 439.0 
67.578 440.0 
67.555 441.0 
67.578 442.0 
67.602 443.0 
67.567 444.0 
67.181 445.0 
66.621 446.0 
66.726 447.0 
66.726 448.0 
66.656 449.0 
66.574 450.0 
66.691 451.0 
66.726 452.0 
66.667 453.0 
66.632 454.0 
66.656 455.0 
66.609 456.0 
66.702 457.0 
66.621 458.0 
66.644 459.0 
66.667 460.0 
66.714 461.0 
66.667 462.0 
66.585 463.0 
66.714 464.0 
66.644 465.0 
66.749 466.0 
66.667 467.0 
66.621 468.0 
66.726 469.0 
66.644 470.0 
66.644 471.0 
66.667 472.0 
66.597 473.0 
66.632 474.0 
66.702 475.0 
66.702 476.0 
66.621 477.0 
66.691 478.0 
66.597 479.0 
66.691 480.0 
66.726 481.0 
66.679 482.0 
66.714 483.0 
66.644 484.0 
66.691 485.0 
66.644 486.0 
66.679 487.0 
66.737 488.0 
66.621 489.0 
66.621 490.0 
66.702 491.0 
66.644 492.0 
66.656 493.0 
66.714 494.0 
66.597 495.0 
66.632 496.0 
66.714 497.0 
66.714 498.0 
66.621 499.0 
66.667 500.0 
66.609 501.0 
66.691 502.0 
66.574 503.0 
66.644 504.0 
66.656 505.0 
66.679 506.0 
66.539 507.0 
66.714 508.0 
66.539 509.0 
66.55 510.0 
66.667 511.0 
66.667 512.0 
66.656 513.0 
66.632 514.0 
66.702 515.0 
66.562 516.0 
67.041 517.0 
66.527 518.0 
66.574 519.0 
66.609 520.0 
66.574 521.0 
66.574 522.0 
66.597 523.0 
66.609 524.0 
66.597 525.0 
66.585 526.0 
66.527 527.0 
66.539 528.0 
66.527 529.0 
66.527 530.0 
66.539 531.0 
66.644 532.0 
67.053 533.0 
66.574 534.0 
66.562 535.0 
66.55 536.0 
66.504 537.0 
66.469 538.0 
66.422 539.0 
66.375 540.0 
66.492 541.0 
66.445 542.0 
66.387 543.0 
66.364 544.0 
66.305 545.0 
66.305 546.0 
66.399 547.0 
66.317 548.0 
66.352 549.0 
66.305 550.0 
66.247 551.0 
66.364 552.0 
66.329 553.0 
66.305 554.0 
66.27 555.0 
66.352 556.0 
66.317 557.0 
66.247 558.0 
66.037 559.0 
66.329 560.0 
66.282 561.0 
66.247 562.0 
66.34 563.0 
66.27 564.0 
66.235 565.0 
66.375 566.0 
66.352 567.0 
66.223 568.0 
66.282 569.0 
66.27 570.0 
66.399 571.0 
66.293 572.0 
66.293 573.0 
66.329 574.0 
66.258 575.0 
66.702 576.0 
66.305 577.0 
66.305 578.0 
66.399 579.0 
66.305 580.0 
66.399 581.0 
66.34 582.0 
66.375 583.0 
66.364 584.0 
66.025 585.0 
66.352 586.0 
66.305 587.0 
66.364 588.0 
66.305 589.0 
66.387 590.0 
66.282 591.0 
66.375 592.0 
66.293 593.0 
66.364 594.0 
66.293 595.0 
66.352 596.0 
66.27 597.0 
66.34 598.0 
66.282 599.0 
66.282 600.0 
66.422 601.0 
66.247 602.0 
66.422 603.0 
66.247 604.0 
66.399 605.0 
66.305 606.0 
66.375 607.0 
66.258 608.0 
66.352 609.0 
66.364 610.0 
66.305 611.0 
66.399 612.0 
66.293 613.0 
66.329 614.0 
66.258 615.0 
66.34 616.0 
66.375 617.0 
66.27 618.0 
66.352 619.0 
65.955 620.0 
66.317 621.0 
66.34 622.0 
66.305 623.0 
66.317 624.0 
66.399 625.0 
66.293 626.0 
66.305 627.0 
66.387 628.0 
66.317 629.0 
66.329 630.0 
66.41 631.0 
66.329 632.0 
66.352 633.0 
66.656 634.0 
66.282 635.0 
66.352 636.0 
66.364 637.0 
66.293 638.0 
66.282 639.0 
66.399 640.0 
66.282 641.0 
66.27 642.0 
66.387 643.0 
66.235 644.0 
66.235 645.0 
66.34 646.0 
66.41 647.0 
66.282 648.0 
66.305 649.0 
66.375 650.0 
66.282 651.0 
66.27 652.0 
66.317 653.0 
66.399 654.0 
66.258 655.0 
66.258 656.0 
66.293 657.0 
66.399 658.0 
66.293 659.0 
66.317 660.0 
66.387 661.0 
66.375 662.0 
66.305 663.0 
66.305 664.0 
66.375 665.0 
66.399 666.0 
66.293 667.0 
66.293 668.0 
66.387 669.0 
66.41 670.0 
66.27 671.0 
66.317 672.0 
66.34 673.0 
66.352 674.0 
66.387 675.0 
66.247 676.0 
66.305 677.0 
66.34 678.0 
66.364 679.0 
66.387 680.0 
66.247 681.0 
66.317 682.0 
66.329 683.0 
66.34 684.0 
66.329 685.0 
66.41 686.0 
66.27 687.0 
66.293 688.0 
66.317 689.0 
66.375 690.0 
66.387 691.0 
66.434 692.0 
66.27 693.0 
66.247 694.0 
66.317 695.0 
66.34 696.0 
66.305 697.0 
66.387 698.0 
66.223 699.0 
66.258 700.0 
66.305 701.0 
66.317 702.0 
66.34 703.0 
66.364 704.0 
66.364 705.0 
66.375 706.0 
66.27 707.0 
66.282 708.0 
66.293 709.0 
66.27 710.0 
66.364 711.0 
66.352 712.0 
66.364 713.0 
66.375 714.0 
66.188 715.0 
66.27 716.0 
66.247 717.0 
66.282 718.0 
66.305 719.0 
66.305 720.0 
66.352 721.0 
66.317 722.0 
66.364 723.0 
66.387 724.0 
66.41 725.0 
66.2 726.0 
66.27 727.0 
66.282 728.0 
66.293 729.0 
66.282 730.0 
66.34 731.0 
66.34 732.0 
66.352 733.0 
66.34 734.0 
66.352 735.0 
66.364 736.0 
66.375 737.0 
66.41 738.0 
66.212 739.0 
66.235 740.0 
66.258 741.0 
66.235 742.0 
66.258 743.0 
66.247 744.0 
66.293 745.0 
66.305 746.0 
66.27 747.0 
66.305 748.0 
66.305 749.0 
66.305 750.0 
66.305 751.0 
66.352 752.0 
66.34 753.0 
66.27 754.0 
66.258 755.0 
66.364 756.0 
66.34 757.0 
66.34 758.0 
66.305 759.0 
66.34 760.0 
66.34 761.0 
66.317 762.0 
66.34 763.0 
66.329 764.0 
66.34 765.0 
66.352 766.0 
66.352 767.0 
66.352 768.0 
66.329 769.0 
66.305 770.0 
66.34 771.0 
66.34 772.0 
66.364 773.0 
66.317 774.0 
66.352 775.0 
66.317 776.0 
66.364 777.0 
66.34 778.0 
66.317 779.0 
66.317 780.0 
66.352 781.0 
66.329 782.0 
66.329 783.0 
66.317 784.0 
66.329 785.0 
66.352 786.0 
66.34 787.0 
66.329 788.0 
66.34 789.0 
66.352 790.0 
66.317 791.0 
66.364 792.0 
66.364 793.0 
66.305 794.0 
66.329 795.0 
66.317 796.0 
66.317 797.0 
66.305 798.0 
66.282 799.0 
66.293 800.0 
66.293 801.0 
66.305 802.0 
66.329 803.0 
66.305 804.0 
0.0 805.0 
0.0 806.0 
-0.002 807.0 
-0.006 808.0 
-0.007 809.0 
-0.006 810.0 
0.0 811.0 
-0.004 812.0 
-0.016 813.0 
-0.006 814.0 
-0.008 815.0 
-0.022 816.0 
-0.016 817.0 
-0.012 818.0 
-0.02 819.0 
-0.028 820.0 
-0.029 821.0 
-0.028 822.0 
-0.03 823.0 
-0.03 824.0 
-0.031 825.0 
-0.024 826.0 
-0.035 827.0 
-0.037 828.0 
-0.028 829.0 
