-0.037 257.0 
-0.037 258.0 
-0.047 259.0 
-0.044 260.0 
-0.043 261.0 
-0.03 262.0 
-0.048 263.0 
-0.05 264.0 
-0.016 265.0 
-0.035 266.0 
-0.037 267.0 
-0.053 268.0 
-0.023 269.0 
-0.046 270.0 
-0.034 271.0 
-0.04 272.0 
-0.031 273.0 
-0.048 274.0 
144.442 275.0 
141.475 276.0 
140.214 277.0 
138.742 278.0 
137.002 279.0 
134.935 280.0 
132.902 281.0 
130.344 282.0 
126.957 283.0 
126.0 284.0 
125.544 285.0 
125.229 286.0 
125.03 287.0 
124.773 288.0 
124.551 289.0 
124.002 290.0 
123.745 291.0 
123.582 292.0 
123.407 293.0 
123.208 294.0 
122.881 295.0 
122.694 296.0 
122.648 297.0 
122.145 298.0 
121.994 299.0 
121.912 300.0 
121.363 301.0 
121.328 302.0 
120.767 303.0 
120.732 304.0 
120.674 305.0 
119.985 306.0 
118.782 307.0 
116.481 308.0 
113.888 309.0 
110.069 310.0 
106.448 311.0 
102.348 312.0 
98.716 313.0 
94.43 314.0 
90.389 315.0 
86.312 316.0 
82.598 317.0 
79.34 318.0 
79.188 319.0 
78.954 320.0 
78.872 321.0 
78.861 322.0 
78.756 323.0 
78.814 324.0 
78.721 325.0 
78.662 326.0 
78.732 327.0 
78.65 328.0 
78.849 329.0 
78.802 330.0 
78.65 331.0 
78.989 332.0 
78.767 333.0 
78.721 334.0 
78.662 335.0 
78.791 336.0 
78.756 337.0 
78.674 338.0 
78.837 339.0 
78.756 340.0 
78.732 341.0 
78.697 342.0 
78.534 343.0 
78.721 344.0 
78.697 345.0 
78.662 346.0 
78.615 347.0 
78.604 348.0 
78.779 349.0 
78.744 350.0 
78.674 351.0 
78.732 352.0 
78.697 353.0 
78.604 354.0 
78.791 355.0 
78.732 356.0 
78.779 357.0 
78.721 358.0 
78.814 359.0 
78.709 360.0 
78.791 361.0 
78.686 362.0 
78.686 363.0 
78.639 364.0 
78.674 365.0 
78.697 366.0 
78.732 367.0 
78.674 368.0 
78.721 369.0 
78.721 370.0 
78.709 371.0 
78.744 372.0 
78.767 373.0 
78.756 374.0 
78.756 375.0 
78.756 376.0 
78.604 377.0 
78.732 378.0 
78.709 379.0 
78.697 380.0 
78.697 381.0 
78.802 382.0 
78.732 383.0 
78.686 384.0 
78.686 385.0 
78.802 386.0 
78.686 387.0 
78.592 388.0 
78.721 389.0 
78.732 390.0 
78.732 391.0 
78.709 392.0 
78.767 393.0 
78.615 394.0 
78.732 395.0 
78.779 396.0 
78.674 397.0 
78.744 398.0 
78.744 399.0 
78.627 400.0 
78.767 401.0 
78.709 402.0 
78.791 403.0 
78.744 404.0 
78.686 405.0 
78.615 406.0 
78.721 407.0 
78.662 408.0 
78.709 409.0 
78.65 410.0 
78.697 411.0 
78.744 412.0 
79.153 413.0 
78.744 414.0 
78.674 415.0 
78.721 416.0 
78.627 417.0 
78.849 418.0 
78.732 419.0 
78.604 420.0 
78.709 421.0 
78.721 422.0 
78.744 423.0 
78.697 424.0 
78.697 425.0 
78.721 426.0 
78.732 427.0 
78.627 428.0 
78.662 429.0 
78.627 430.0 
78.744 431.0 
78.756 432.0 
78.697 433.0 
78.615 434.0 
78.697 435.0 
78.674 436.0 
78.744 437.0 
78.615 438.0 
78.662 439.0 
78.615 440.0 
78.65 441.0 
78.686 442.0 
78.709 443.0 
78.662 444.0 
78.65 445.0 
78.65 446.0 
78.767 447.0 
78.744 448.0 
78.744 449.0 
79.036 450.0 
78.65 451.0 
78.674 452.0 
78.639 453.0 
78.627 454.0 
78.732 455.0 
78.732 456.0 
78.662 457.0 
78.662 458.0 
78.721 459.0 
78.732 460.0 
78.721 461.0 
78.674 462.0 
78.767 463.0 
78.697 464.0 
78.697 465.0 
78.767 466.0 
78.697 467.0 
78.604 468.0 
78.662 469.0 
78.627 470.0 
78.697 471.0 
78.674 472.0 
78.779 473.0 
78.662 474.0 
78.756 475.0 
78.686 476.0 
78.615 477.0 
78.65 478.0 
78.604 479.0 
78.686 480.0 
78.779 481.0 
78.697 482.0 
78.732 483.0 
78.674 484.0 
78.686 485.0 
78.65 486.0 
78.615 487.0 
78.721 488.0 
78.686 489.0 
78.697 490.0 
78.756 491.0 
78.697 492.0 
78.662 493.0 
78.697 494.0 
78.627 495.0 
78.639 496.0 
78.709 497.0 
78.721 498.0 
78.615 499.0 
78.639 500.0 
78.697 501.0 
78.721 502.0 
78.639 503.0 
78.65 504.0 
78.65 505.0 
78.674 506.0 
78.662 507.0 
78.744 508.0 
78.604 509.0 
78.604 510.0 
78.639 511.0 
78.662 512.0 
78.639 513.0 
78.674 514.0 
78.674 515.0 
78.697 516.0 
78.697 517.0 
78.487 518.0 
78.534 519.0 
78.557 520.0 
78.569 521.0 
78.569 522.0 
78.58 523.0 
78.592 524.0 
78.545 525.0 
78.569 526.0 
78.557 527.0 
78.522 528.0 
78.499 529.0 
78.452 530.0 
78.475 531.0 
78.569 532.0 
78.557 533.0 
78.51 534.0 
78.545 535.0 
78.475 536.0 
78.405 537.0 
78.382 538.0 
78.288 539.0 
78.3 540.0 
78.417 541.0 
78.312 542.0 
78.253 543.0 
78.265 544.0 
78.23 545.0 
78.172 546.0 
78.3 547.0 
78.23 548.0 
78.183 549.0 
78.148 550.0 
78.055 551.0 
78.207 552.0 
78.113 553.0 
78.09 554.0 
78.113 555.0 
78.195 556.0 
78.148 557.0 
78.113 558.0 
77.81 559.0 
78.16 560.0 
78.137 561.0 
78.067 562.0 
78.195 563.0 
78.137 564.0 
77.996 565.0 
78.172 566.0 
78.253 567.0 
78.02 568.0 
78.16 569.0 
78.09 570.0 
78.195 571.0 
78.137 572.0 
78.09 573.0 
78.102 574.0 
78.102 575.0 
78.218 576.0 
78.137 577.0 
78.113 578.0 
78.23 579.0 
78.137 580.0 
78.207 581.0 
78.16 582.0 
78.218 583.0 
78.183 584.0 
78.265 585.0 
78.195 586.0 
78.102 587.0 
78.183 588.0 
78.113 589.0 
78.183 590.0 
78.113 591.0 
78.148 592.0 
78.09 593.0 
78.137 594.0 
78.113 595.0 
78.172 596.0 
78.125 597.0 
78.172 598.0 
78.148 599.0 
78.172 600.0 
78.218 601.0 
78.148 602.0 
78.23 603.0 
78.137 604.0 
78.207 605.0 
78.09 606.0 
78.183 607.0 
78.078 608.0 
78.137 609.0 
78.218 610.0 
78.125 611.0 
78.23 612.0 
78.113 613.0 
78.183 614.0 
78.067 615.0 
78.148 616.0 
78.265 617.0 
78.137 618.0 
78.195 619.0 
77.739 620.0 
78.102 621.0 
78.148 622.0 
78.102 623.0 
78.137 624.0 
78.207 625.0 
78.055 626.0 
78.183 627.0 
78.23 628.0 
78.09 629.0 
78.172 630.0 
78.242 631.0 
78.055 632.0 
78.195 633.0 
78.242 634.0 
78.148 635.0 
78.148 636.0 
78.218 637.0 
78.125 638.0 
78.16 639.0 
78.242 640.0 
78.078 641.0 
78.16 642.0 
78.195 643.0 
78.067 644.0 
78.125 645.0 
78.172 646.0 
78.242 647.0 
78.078 648.0 
78.16 649.0 
78.23 650.0 
78.078 651.0 
78.125 652.0 
78.148 653.0 
78.207 654.0 
78.09 655.0 
78.113 656.0 
78.16 657.0 
78.218 658.0 
78.137 659.0 
78.172 660.0 
78.195 661.0 
78.265 662.0 
78.078 663.0 
78.16 664.0 
78.183 665.0 
78.242 666.0 
78.113 667.0 
78.16 668.0 
78.172 669.0 
78.207 670.0 
78.102 671.0 
78.113 672.0 
78.137 673.0 
78.172 674.0 
78.23 675.0 
78.113 676.0 
78.125 677.0 
78.137 678.0 
78.195 679.0 
78.242 680.0 
78.113 681.0 
78.125 682.0 
78.183 683.0 
78.172 684.0 
78.207 685.0 
78.23 686.0 
78.09 687.0 
78.125 688.0 
78.137 689.0 
78.23 690.0 
78.207 691.0 
78.253 692.0 
78.078 693.0 
78.113 694.0 
78.148 695.0 
78.207 696.0 
78.207 697.0 
78.148 698.0 
77.961 699.0 
78.055 700.0 
78.125 701.0 
78.125 702.0 
78.172 703.0 
78.148 704.0 
78.218 705.0 
78.218 706.0 
78.043 707.0 
78.09 708.0 
78.09 709.0 
78.137 710.0 
78.183 711.0 
78.172 712.0 
78.195 713.0 
78.218 714.0 
78.288 715.0 
78.067 716.0 
78.09 717.0 
78.09 718.0 
78.137 719.0 
78.137 720.0 
78.16 721.0 
78.218 722.0 
78.207 723.0 
78.242 724.0 
78.23 725.0 
78.031 726.0 
78.055 727.0 
78.09 728.0 
78.102 729.0 
78.125 730.0 
78.172 731.0 
78.16 732.0 
78.16 733.0 
78.172 734.0 
78.23 735.0 
78.242 736.0 
78.242 737.0 
78.23 738.0 
77.728 739.0 
78.067 740.0 
78.055 741.0 
78.09 742.0 
78.09 743.0 
78.09 744.0 
78.102 745.0 
78.09 746.0 
78.102 747.0 
78.113 748.0 
78.137 749.0 
78.102 750.0 
78.148 751.0 
78.16 752.0 
78.137 753.0 
78.16 754.0 
78.148 755.0 
78.16 756.0 
78.172 757.0 
78.16 758.0 
78.148 759.0 
78.148 760.0 
78.125 761.0 
78.183 762.0 
78.183 763.0 
78.148 764.0 
78.137 765.0 
78.16 766.0 
78.172 767.0 
78.148 768.0 
78.172 769.0 
78.16 770.0 
78.16 771.0 
78.172 772.0 
78.16 773.0 
78.183 774.0 
78.16 775.0 
78.16 776.0 
78.172 777.0 
78.137 778.0 
78.172 779.0 
78.148 780.0 
78.172 781.0 
78.195 782.0 
78.172 783.0 
78.172 784.0 
78.183 785.0 
78.148 786.0 
78.148 787.0 
78.183 788.0 
78.172 789.0 
78.148 790.0 
78.16 791.0 
78.16 792.0 
78.172 793.0 
78.172 794.0 
78.172 795.0 
78.183 796.0 
78.183 797.0 
78.148 798.0 
78.183 799.0 
78.148 800.0 
78.172 801.0 
78.195 802.0 
78.172 803.0 
78.195 804.0 
0.0 805.0 
-0.002 806.0 
0.0 807.0 
-0.005 808.0 
-0.001 809.0 
-0.011 810.0 
-0.02 811.0 
-0.023 812.0 
-0.032 813.0 
-0.036 814.0 
-0.043 815.0 
-0.043 816.0 
-0.052 817.0 
-0.052 818.0 
-0.059 819.0 
-0.05 820.0 
-0.059 821.0 
-0.062 822.0 
-0.06 823.0 
-0.055 824.0 
-0.056 825.0 
-0.052 826.0 
-0.046 827.0 
-0.031 828.0 
-0.037 829.0 
