-0.04 257.0 
-0.073 258.0 
-0.038 259.0 
-0.036 260.0 
-0.04 261.0 
-0.041 262.0 
-0.065 263.0 
-0.044 264.0 
-0.037 265.0 
-0.054 266.0 
-0.052 267.0 
-0.05 268.0 
-0.058 269.0 
-0.047 270.0 
-0.028 271.0 
-0.028 272.0 
-0.044 273.0 
-0.03 274.0 
140.19 275.0 
137.422 276.0 
136.231 277.0 
134.783 278.0 
133.206 279.0 
131.326 280.0 
129.574 281.0 
127.46 282.0 
124.621 283.0 
122.87 284.0 
122.507 285.0 
122.262 286.0 
122.134 287.0 
121.923 288.0 
121.69 289.0 
121.001 290.0 
120.977 291.0 
120.779 292.0 
120.604 293.0 
120.604 294.0 
120.136 295.0 
120.043 296.0 
120.066 297.0 
119.459 298.0 
119.366 299.0 
119.319 300.0 
118.805 301.0 
118.758 302.0 
118.256 303.0 
118.221 304.0 
118.116 305.0 
117.567 306.0 
116.446 307.0 
114.285 308.0 
111.832 309.0 
108.55 310.0 
105.28 311.0 
101.379 312.0 
97.548 313.0 
93.355 314.0 
89.361 315.0 
85.378 316.0 
81.582 317.0 
78.3 318.0 
78.16 319.0 
77.95 320.0 
76.992 321.0 
77.798 322.0 
77.693 323.0 
77.81 324.0 
77.728 325.0 
77.634 326.0 
77.739 327.0 
77.658 328.0 
77.81 329.0 
77.786 330.0 
77.704 331.0 
77.961 332.0 
77.786 333.0 
77.681 334.0 
77.751 335.0 
77.775 336.0 
77.739 337.0 
77.634 338.0 
77.833 339.0 
77.681 340.0 
77.681 341.0 
77.658 342.0 
77.81 343.0 
77.693 344.0 
77.693 345.0 
77.646 346.0 
77.646 347.0 
77.763 348.0 
77.739 349.0 
77.693 350.0 
77.623 351.0 
77.716 352.0 
77.681 353.0 
77.588 354.0 
77.751 355.0 
77.716 356.0 
77.751 357.0 
77.693 358.0 
77.775 359.0 
77.704 360.0 
77.728 361.0 
77.681 362.0 
77.693 363.0 
77.658 364.0 
77.693 365.0 
77.704 366.0 
77.728 367.0 
77.669 368.0 
77.681 369.0 
77.739 370.0 
77.704 371.0 
77.763 372.0 
77.739 373.0 
77.763 374.0 
77.775 375.0 
77.786 376.0 
77.611 377.0 
77.681 378.0 
77.658 379.0 
77.693 380.0 
77.669 381.0 
77.775 382.0 
77.704 383.0 
77.669 384.0 
77.681 385.0 
77.739 386.0 
77.634 387.0 
77.669 388.0 
77.739 389.0 
77.704 390.0 
77.693 391.0 
77.704 392.0 
77.739 393.0 
77.623 394.0 
77.704 395.0 
77.786 396.0 
77.646 397.0 
77.728 398.0 
77.669 399.0 
77.599 400.0 
77.728 401.0 
77.716 402.0 
77.775 403.0 
77.704 404.0 
77.704 405.0 
77.623 406.0 
77.693 407.0 
77.669 408.0 
77.681 409.0 
77.681 410.0 
77.728 411.0 
77.751 412.0 
77.786 413.0 
77.763 414.0 
77.669 415.0 
77.716 416.0 
77.623 417.0 
77.821 418.0 
77.739 419.0 
77.611 420.0 
77.681 421.0 
77.693 422.0 
77.751 423.0 
77.669 424.0 
77.681 425.0 
77.693 426.0 
77.704 427.0 
77.658 428.0 
77.669 429.0 
77.623 430.0 
77.704 431.0 
77.728 432.0 
77.716 433.0 
77.634 434.0 
77.681 435.0 
77.681 436.0 
77.775 437.0 
77.588 438.0 
77.658 439.0 
77.669 440.0 
77.681 441.0 
77.646 442.0 
77.634 443.0 
77.658 444.0 
77.646 445.0 
77.599 446.0 
77.763 447.0 
77.775 448.0 
77.704 449.0 
77.996 450.0 
77.669 451.0 
77.681 452.0 
77.658 453.0 
77.623 454.0 
77.739 455.0 
77.588 456.0 
77.681 457.0 
77.623 458.0 
77.728 459.0 
77.739 460.0 
77.658 461.0 
77.658 462.0 
77.728 463.0 
77.693 464.0 
77.728 465.0 
77.728 466.0 
77.681 467.0 
77.634 468.0 
77.728 469.0 
77.634 470.0 
77.704 471.0 
77.669 472.0 
77.751 473.0 
77.669 474.0 
77.739 475.0 
77.693 476.0 
77.611 477.0 
77.669 478.0 
77.564 479.0 
77.681 480.0 
77.775 481.0 
77.623 482.0 
77.739 483.0 
77.634 484.0 
77.681 485.0 
77.599 486.0 
77.611 487.0 
77.704 488.0 
77.704 489.0 
77.681 490.0 
77.716 491.0 
77.751 492.0 
77.681 493.0 
77.693 494.0 
77.646 495.0 
77.658 496.0 
77.681 497.0 
77.704 498.0 
77.564 499.0 
77.588 500.0 
77.681 501.0 
77.693 502.0 
77.611 503.0 
77.576 504.0 
77.634 505.0 
77.646 506.0 
77.634 507.0 
78.055 508.0 
77.611 509.0 
77.646 510.0 
77.623 511.0 
77.658 512.0 
77.669 513.0 
77.681 514.0 
77.704 515.0 
77.693 516.0 
77.716 517.0 
77.518 518.0 
77.494 519.0 
77.553 520.0 
77.529 521.0 
77.564 522.0 
77.576 523.0 
77.564 524.0 
77.588 525.0 
77.576 526.0 
77.553 527.0 
77.494 528.0 
77.529 529.0 
77.494 530.0 
77.518 531.0 
77.669 532.0 
77.599 533.0 
77.564 534.0 
77.588 535.0 
77.541 536.0 
77.459 537.0 
77.412 538.0 
77.319 539.0 
77.342 540.0 
77.471 541.0 
77.424 542.0 
77.354 543.0 
77.331 544.0 
77.307 545.0 
77.261 546.0 
77.354 547.0 
77.319 548.0 
77.261 549.0 
77.202 550.0 
77.144 551.0 
77.284 552.0 
77.249 553.0 
77.156 554.0 
77.202 555.0 
77.272 556.0 
77.214 557.0 
77.179 558.0 
77.144 559.0 
77.237 560.0 
77.214 561.0 
77.12 562.0 
77.249 563.0 
77.202 564.0 
77.062 565.0 
77.237 566.0 
77.319 567.0 
77.144 568.0 
77.226 569.0 
77.179 570.0 
77.272 571.0 
77.202 572.0 
77.12 573.0 
77.191 574.0 
77.167 575.0 
77.284 576.0 
77.191 577.0 
77.167 578.0 
77.261 579.0 
77.214 580.0 
77.296 581.0 
77.226 582.0 
77.284 583.0 
77.237 584.0 
77.342 585.0 
77.237 586.0 
77.156 587.0 
77.272 588.0 
77.179 589.0 
77.272 590.0 
77.226 591.0 
77.237 592.0 
77.202 593.0 
77.249 594.0 
77.179 595.0 
77.296 596.0 
77.179 597.0 
77.272 598.0 
77.202 599.0 
77.226 600.0 
77.319 601.0 
77.226 602.0 
77.296 603.0 
77.202 604.0 
77.296 605.0 
77.167 606.0 
77.261 607.0 
77.167 608.0 
77.249 609.0 
77.319 610.0 
77.214 611.0 
77.319 612.0 
77.179 613.0 
77.261 614.0 
77.167 615.0 
77.249 616.0 
77.319 617.0 
77.167 618.0 
77.226 619.0 
76.91 620.0 
77.191 621.0 
77.237 622.0 
77.167 623.0 
77.214 624.0 
77.296 625.0 
77.132 626.0 
77.237 627.0 
77.261 628.0 
77.191 629.0 
77.249 630.0 
77.319 631.0 
77.144 632.0 
77.261 633.0 
77.319 634.0 
77.202 635.0 
77.249 636.0 
77.307 637.0 
77.191 638.0 
77.237 639.0 
77.272 640.0 
77.12 641.0 
77.226 642.0 
77.272 643.0 
77.144 644.0 
77.226 645.0 
77.249 646.0 
77.296 647.0 
77.156 648.0 
77.191 649.0 
77.284 650.0 
77.156 651.0 
77.214 652.0 
77.202 653.0 
77.307 654.0 
77.144 655.0 
77.214 656.0 
77.237 657.0 
77.272 658.0 
77.179 659.0 
77.237 660.0 
77.296 661.0 
77.319 662.0 
77.097 663.0 
77.214 664.0 
77.272 665.0 
77.307 666.0 
77.167 667.0 
77.249 668.0 
77.272 669.0 
77.296 670.0 
77.156 671.0 
77.179 672.0 
77.226 673.0 
77.249 674.0 
77.307 675.0 
77.156 676.0 
77.191 677.0 
77.202 678.0 
77.214 679.0 
77.319 680.0 
77.132 681.0 
77.167 682.0 
77.214 683.0 
77.249 684.0 
77.284 685.0 
77.319 686.0 
77.144 687.0 
77.202 688.0 
77.226 689.0 
77.272 690.0 
77.284 691.0 
77.342 692.0 
77.144 693.0 
77.191 694.0 
77.237 695.0 
77.237 696.0 
77.272 697.0 
77.214 698.0 
76.875 699.0 
77.167 700.0 
77.167 701.0 
77.191 702.0 
77.226 703.0 
77.226 704.0 
77.284 705.0 
77.296 706.0 
77.156 707.0 
77.144 708.0 
77.214 709.0 
77.214 710.0 
77.249 711.0 
77.261 712.0 
77.284 713.0 
77.284 714.0 
77.342 715.0 
77.156 716.0 
77.167 717.0 
77.191 718.0 
77.214 719.0 
77.226 720.0 
77.237 721.0 
77.237 722.0 
77.237 723.0 
77.284 724.0 
77.307 725.0 
77.12 726.0 
77.132 727.0 
77.191 728.0 
77.179 729.0 
77.226 730.0 
77.249 731.0 
77.249 732.0 
77.237 733.0 
77.249 734.0 
77.284 735.0 
77.284 736.0 
77.331 737.0 
77.296 738.0 
76.793 739.0 
77.144 740.0 
77.109 741.0 
77.132 742.0 
77.156 743.0 
77.156 744.0 
77.167 745.0 
77.179 746.0 
77.179 747.0 
77.156 748.0 
77.179 749.0 
77.249 750.0 
77.191 751.0 
77.202 752.0 
77.214 753.0 
77.179 754.0 
77.237 755.0 
77.249 756.0 
77.214 757.0 
77.191 758.0 
77.214 759.0 
77.261 760.0 
77.226 761.0 
77.261 762.0 
77.226 763.0 
77.237 764.0 
77.237 765.0 
77.237 766.0 
77.237 767.0 
77.272 768.0 
77.249 769.0 
77.261 770.0 
77.237 771.0 
77.272 772.0 
77.272 773.0 
77.261 774.0 
77.214 775.0 
77.237 776.0 
77.272 777.0 
77.237 778.0 
77.226 779.0 
77.237 780.0 
77.214 781.0 
77.214 782.0 
77.226 783.0 
77.249 784.0 
77.226 785.0 
77.202 786.0 
77.237 787.0 
77.237 788.0 
77.214 789.0 
77.261 790.0 
77.237 791.0 
77.202 792.0 
77.249 793.0 
77.226 794.0 
77.237 795.0 
77.237 796.0 
77.272 797.0 
77.261 798.0 
77.237 799.0 
77.226 800.0 
77.226 801.0 
77.214 802.0 
77.237 803.0 
77.214 804.0 
0.006 805.0 
-0.004 806.0 
-0.004 807.0 
-0.007 808.0 
-0.011 809.0 
-0.004 810.0 
-0.007 811.0 
-0.006 812.0 
-0.011 813.0 
-0.013 814.0 
-0.008 815.0 
-0.019 816.0 
-0.018 817.0 
-0.032 818.0 
-0.02 819.0 
-0.023 820.0 
-0.026 821.0 
-0.026 822.0 
-0.029 823.0 
-0.023 824.0 
-0.023 825.0 
-0.023 826.0 
-0.02 827.0 
-0.02 828.0 
-0.011 829.0 
