-0.026 257.0 
-0.047 258.0 
-0.046 259.0 
-0.025 260.0 
-0.04 261.0 
-0.035 262.0 
-0.053 263.0 
-0.061 264.0 
-0.041 265.0 
-0.043 266.0 
-0.037 267.0 
-0.032 268.0 
-0.061 269.0 
-0.036 270.0 
-0.05 271.0 
-0.049 272.0 
-0.038 273.0 
-0.056 274.0 
142.047 275.0 
138.824 276.0 
137.831 277.0 
136.301 278.0 
134.841 279.0 
132.937 280.0 
131.454 281.0 
129.398 282.0 
127.027 283.0 
125.603 284.0 
125.276 285.0 
125.089 286.0 
124.96 287.0 
124.762 288.0 
124.47 289.0 
124.248 290.0 
123.745 291.0 
123.559 292.0 
123.43 293.0 
123.325 294.0 
122.823 295.0 
122.718 296.0 
122.718 297.0 
122.192 298.0 
121.97 299.0 
121.958 300.0 
121.468 301.0 
121.41 302.0 
120.872 303.0 
120.791 304.0 
120.732 305.0 
120.125 306.0 
119.097 307.0 
116.971 308.0 
114.39 309.0 
111.096 310.0 
107.791 311.0 
103.762 312.0 
99.872 313.0 
95.411 314.0 
91.463 315.0 
87.293 316.0 
83.427 317.0 
80.204 318.0 
80.029 319.0 
79.818 320.0 
79.713 321.0 
79.725 322.0 
79.608 323.0 
79.632 324.0 
79.597 325.0 
79.526 326.0 
79.632 327.0 
79.538 328.0 
79.737 329.0 
79.678 330.0 
79.55 331.0 
79.667 332.0 
79.667 333.0 
79.562 334.0 
79.632 335.0 
79.632 336.0 
79.643 337.0 
79.515 338.0 
79.69 339.0 
79.573 340.0 
79.562 341.0 
79.55 342.0 
79.702 343.0 
79.538 344.0 
79.526 345.0 
79.515 346.0 
79.526 347.0 
79.445 348.0 
79.597 349.0 
79.597 350.0 
79.562 351.0 
79.585 352.0 
79.538 353.0 
79.445 354.0 
79.643 355.0 
79.573 356.0 
79.608 357.0 
79.562 358.0 
79.608 359.0 
79.597 360.0 
79.597 361.0 
79.573 362.0 
79.585 363.0 
79.515 364.0 
79.526 365.0 
79.562 366.0 
79.597 367.0 
79.515 368.0 
79.562 369.0 
79.585 370.0 
79.608 371.0 
79.632 372.0 
79.597 373.0 
79.643 374.0 
79.655 375.0 
79.667 376.0 
79.515 377.0 
79.562 378.0 
79.573 379.0 
79.562 380.0 
79.526 381.0 
79.655 382.0 
79.562 383.0 
79.585 384.0 
79.55 385.0 
79.62 386.0 
79.526 387.0 
79.515 388.0 
79.585 389.0 
79.608 390.0 
79.585 391.0 
79.515 392.0 
79.678 393.0 
79.503 394.0 
79.597 395.0 
79.69 396.0 
79.55 397.0 
79.608 398.0 
79.55 399.0 
79.526 400.0 
79.597 401.0 
79.597 402.0 
79.667 403.0 
79.585 404.0 
79.562 405.0 
79.48 406.0 
79.573 407.0 
79.515 408.0 
79.573 409.0 
79.48 410.0 
79.562 411.0 
79.62 412.0 
79.667 413.0 
79.655 414.0 
79.538 415.0 
79.585 416.0 
79.562 417.0 
79.702 418.0 
79.585 419.0 
79.515 420.0 
79.585 421.0 
79.608 422.0 
79.585 423.0 
79.503 424.0 
79.562 425.0 
79.562 426.0 
79.632 427.0 
79.585 428.0 
79.562 429.0 
79.48 430.0 
79.597 431.0 
79.585 432.0 
79.585 433.0 
79.503 434.0 
79.55 435.0 
79.562 436.0 
79.655 437.0 
79.468 438.0 
79.515 439.0 
79.515 440.0 
79.526 441.0 
79.491 442.0 
79.55 443.0 
79.526 444.0 
79.526 445.0 
79.456 446.0 
79.608 447.0 
79.597 448.0 
79.585 449.0 
79.865 450.0 
79.55 451.0 
79.538 452.0 
79.526 453.0 
79.468 454.0 
79.597 455.0 
79.585 456.0 
79.538 457.0 
79.503 458.0 
79.608 459.0 
79.597 460.0 
79.503 461.0 
79.55 462.0 
79.585 463.0 
79.55 464.0 
79.562 465.0 
79.62 466.0 
79.55 467.0 
79.503 468.0 
79.573 469.0 
79.526 470.0 
79.573 471.0 
79.573 472.0 
79.632 473.0 
79.573 474.0 
79.643 475.0 
79.573 476.0 
79.515 477.0 
79.538 478.0 
79.503 479.0 
79.55 480.0 
79.632 481.0 
79.526 482.0 
79.608 483.0 
79.538 484.0 
79.562 485.0 
79.503 486.0 
79.491 487.0 
79.62 488.0 
79.62 489.0 
79.55 490.0 
79.562 491.0 
79.608 492.0 
79.562 493.0 
79.597 494.0 
79.515 495.0 
79.445 496.0 
79.562 497.0 
79.585 498.0 
79.48 499.0 
79.491 500.0 
79.562 501.0 
79.562 502.0 
79.456 503.0 
79.456 504.0 
79.503 505.0 
79.526 506.0 
79.468 507.0 
79.912 508.0 
79.456 509.0 
79.48 510.0 
79.526 511.0 
79.538 512.0 
79.515 513.0 
79.585 514.0 
79.573 515.0 
79.597 516.0 
79.585 517.0 
79.375 518.0 
79.351 519.0 
79.398 520.0 
79.433 521.0 
79.421 522.0 
79.468 523.0 
79.421 524.0 
79.398 525.0 
79.421 526.0 
79.386 527.0 
79.351 528.0 
79.328 529.0 
79.351 530.0 
79.34 531.0 
79.468 532.0 
79.445 533.0 
79.386 534.0 
79.41 535.0 
79.386 536.0 
79.293 537.0 
79.258 538.0 
79.199 539.0 
79.199 540.0 
79.305 541.0 
79.246 542.0 
79.211 543.0 
79.129 544.0 
79.118 545.0 
79.036 546.0 
79.141 547.0 
79.129 548.0 
79.071 549.0 
79.013 550.0 
79.001 551.0 
79.071 552.0 
79.036 553.0 
79.001 554.0 
78.931 555.0 
79.118 556.0 
79.036 557.0 
78.978 558.0 
79.106 559.0 
79.048 560.0 
78.989 561.0 
78.931 562.0 
79.036 563.0 
78.989 564.0 
78.849 565.0 
79.048 566.0 
79.106 567.0 
78.907 568.0 
79.013 569.0 
78.966 570.0 
79.083 571.0 
78.978 572.0 
78.942 573.0 
79.001 574.0 
78.978 575.0 
79.083 576.0 
79.001 577.0 
78.966 578.0 
79.071 579.0 
79.001 580.0 
79.071 581.0 
79.036 582.0 
79.129 583.0 
79.048 584.0 
79.141 585.0 
79.048 586.0 
78.966 587.0 
79.071 588.0 
78.989 589.0 
79.094 590.0 
78.989 591.0 
79.048 592.0 
78.978 593.0 
79.013 594.0 
78.978 595.0 
79.083 596.0 
78.966 597.0 
79.059 598.0 
78.954 599.0 
79.059 600.0 
79.094 601.0 
79.036 602.0 
79.094 603.0 
79.024 604.0 
79.083 605.0 
78.978 606.0 
79.036 607.0 
78.954 608.0 
79.024 609.0 
79.129 610.0 
78.989 611.0 
79.094 612.0 
78.989 613.0 
79.059 614.0 
78.978 615.0 
79.071 616.0 
79.118 617.0 
79.001 618.0 
79.024 619.0 
78.674 620.0 
79.013 621.0 
79.024 622.0 
78.954 623.0 
78.978 624.0 
79.106 625.0 
78.978 626.0 
79.036 627.0 
79.059 628.0 
79.013 629.0 
79.036 630.0 
79.164 631.0 
78.978 632.0 
79.071 633.0 
79.118 634.0 
79.013 635.0 
79.106 636.0 
79.106 637.0 
78.978 638.0 
79.036 639.0 
79.106 640.0 
78.942 641.0 
79.001 642.0 
79.083 643.0 
78.954 644.0 
78.989 645.0 
79.036 646.0 
79.083 647.0 
78.978 648.0 
79.024 649.0 
79.071 650.0 
78.931 651.0 
79.001 652.0 
79.001 653.0 
79.094 654.0 
78.978 655.0 
79.001 656.0 
79.013 657.0 
79.094 658.0 
78.989 659.0 
79.059 660.0 
79.083 661.0 
79.118 662.0 
78.919 663.0 
79.013 664.0 
79.048 665.0 
79.094 666.0 
78.942 667.0 
79.024 668.0 
79.094 669.0 
79.094 670.0 
78.942 671.0 
78.966 672.0 
79.036 673.0 
79.024 674.0 
79.106 675.0 
78.966 676.0 
79.013 677.0 
79.013 678.0 
79.024 679.0 
79.106 680.0 
78.954 681.0 
78.954 682.0 
79.024 683.0 
79.036 684.0 
79.071 685.0 
79.129 686.0 
78.954 687.0 
78.978 688.0 
79.048 689.0 
79.071 690.0 
79.071 691.0 
79.118 692.0 
78.942 693.0 
78.989 694.0 
79.001 695.0 
79.036 696.0 
79.094 697.0 
79.048 698.0 
78.697 699.0 
78.954 700.0 
79.001 701.0 
79.013 702.0 
79.013 703.0 
79.048 704.0 
79.071 705.0 
79.129 706.0 
78.942 707.0 
78.989 708.0 
79.001 709.0 
79.024 710.0 
79.024 711.0 
79.083 712.0 
79.094 713.0 
79.118 714.0 
79.141 715.0 
78.978 716.0 
78.966 717.0 
78.989 718.0 
78.989 719.0 
79.036 720.0 
79.048 721.0 
79.036 722.0 
79.071 723.0 
79.071 724.0 
79.083 725.0 
78.919 726.0 
78.931 727.0 
78.954 728.0 
78.978 729.0 
78.989 730.0 
79.059 731.0 
79.036 732.0 
79.048 733.0 
79.071 734.0 
79.071 735.0 
79.083 736.0 
79.094 737.0 
79.083 738.0 
78.674 739.0 
78.919 740.0 
78.931 741.0 
78.919 742.0 
78.931 743.0 
78.954 744.0 
78.966 745.0 
78.966 746.0 
78.942 747.0 
78.942 748.0 
79.001 749.0 
78.989 750.0 
78.989 751.0 
78.989 752.0 
79.013 753.0 
79.001 754.0 
79.024 755.0 
78.989 756.0 
79.036 757.0 
79.036 758.0 
79.001 759.0 
79.024 760.0 
79.036 761.0 
79.048 762.0 
79.024 763.0 
79.036 764.0 
79.024 765.0 
79.013 766.0 
79.059 767.0 
79.036 768.0 
79.036 769.0 
79.059 770.0 
79.059 771.0 
79.036 772.0 
79.013 773.0 
79.048 774.0 
79.048 775.0 
79.059 776.0 
79.001 777.0 
79.036 778.0 
79.048 779.0 
79.013 780.0 
79.024 781.0 
79.048 782.0 
79.024 783.0 
79.036 784.0 
79.036 785.0 
79.013 786.0 
79.024 787.0 
78.989 788.0 
79.036 789.0 
79.059 790.0 
79.036 791.0 
79.059 792.0 
79.024 793.0 
79.036 794.0 
79.059 795.0 
79.071 796.0 
79.048 797.0 
79.036 798.0 
79.024 799.0 
79.013 800.0 
79.036 801.0 
79.048 802.0 
79.036 803.0 
79.036 804.0 
0.0 805.0 
0.002 806.0 
-0.001 807.0 
0.0 808.0 
0.0 809.0 
-0.002 810.0 
0.0 811.0 
-0.001 812.0 
-0.012 813.0 
-0.005 814.0 
-0.008 815.0 
-0.013 816.0 
-0.008 817.0 
-0.018 818.0 
-0.016 819.0 
-0.018 820.0 
-0.014 821.0 
-0.016 822.0 
-0.017 823.0 
-0.019 824.0 
-0.01 825.0 
-0.014 826.0 
-0.013 827.0 
-0.016 828.0 
-0.018 829.0 
