-0.073 257.0 
-0.04 258.0 
-0.055 259.0 
-0.044 260.0 
-0.065 261.0 
-0.049 262.0 
-0.053 263.0 
-0.052 264.0 
-0.054 265.0 
-0.058 266.0 
-0.065 267.0 
-0.038 268.0 
-0.054 269.0 
-0.043 270.0 
-0.067 271.0 
-0.059 272.0 
-0.055 273.0 
-0.066 274.0 
256.118 275.0 
251.824 276.0 
249.619 277.0 
247.298 278.0 
244.513 279.0 
241.96 280.0 
239.987 281.0 
240.219 282.0 
235.809 283.0 
235.229 284.0 
234.417 285.0 
233.953 286.0 
233.837 287.0 
233.605 288.0 
233.256 289.0 
233.14 290.0 
231.864 291.0 
231.748 292.0 
231.864 293.0 
229.195 294.0 
231.051 295.0 
231.4 296.0 
231.284 297.0 
230.471 298.0 
230.935 299.0 
229.543 300.0 
230.123 301.0 
230.355 302.0 
229.775 303.0 
230.239 304.0 
231.98 305.0 
229.659 306.0 
229.775 307.0 
229.311 308.0 
229.543 309.0 
229.079 310.0 
228.963 311.0 
229.195 312.0 
229.543 313.0 
228.963 314.0 
229.079 315.0 
228.963 316.0 
229.311 317.0 
228.963 318.0 
229.079 319.0 
229.079 320.0 
227.222 321.0 
229.311 322.0 
228.847 323.0 
229.079 324.0 
228.73 325.0 
229.311 326.0 
228.73 327.0 
228.266 328.0 
233.837 329.0 
228.73 330.0 
228.498 331.0 
230.935 332.0 
228.382 333.0 
228.498 334.0 
228.963 335.0 
228.847 336.0 
228.73 337.0 
228.73 338.0 
231.516 339.0 
228.73 340.0 
229.079 341.0 
228.847 342.0 
226.526 343.0 
229.079 344.0 
228.73 345.0 
228.382 346.0 
227.918 347.0 
227.338 348.0 
228.498 349.0 
228.498 350.0 
228.266 351.0 
228.614 352.0 
228.73 353.0 
227.686 354.0 
226.758 355.0 
228.847 356.0 
228.847 357.0 
228.73 358.0 
228.73 359.0 
228.73 360.0 
228.73 361.0 
228.614 362.0 
228.73 363.0 
228.614 364.0 
228.73 365.0 
228.382 366.0 
228.614 367.0 
228.266 368.0 
228.498 369.0 
228.73 370.0 
228.498 371.0 
228.498 372.0 
228.847 373.0 
228.847 374.0 
228.73 375.0 
229.311 376.0 
228.614 377.0 
228.963 378.0 
228.498 379.0 
228.73 380.0 
228.73 381.0 
228.963 382.0 
228.614 383.0 
228.73 384.0 
228.382 385.0 
228.382 386.0 
228.15 387.0 
228.382 388.0 
228.382 389.0 
228.963 390.0 
228.382 391.0 
228.498 392.0 
228.73 393.0 
228.15 394.0 
228.73 395.0 
228.847 396.0 
228.73 397.0 
228.847 398.0 
228.034 399.0 
228.498 400.0 
228.614 401.0 
228.847 402.0 
228.847 403.0 
229.079 404.0 
228.73 405.0 
228.15 406.0 
228.614 407.0 
228.498 408.0 
228.266 409.0 
228.15 410.0 
228.614 411.0 
228.73 412.0 
229.543 413.0 
228.498 414.0 
228.498 415.0 
228.614 416.0 
228.498 417.0 
228.847 418.0 
228.614 419.0 
228.382 420.0 
228.614 421.0 
228.73 422.0 
229.079 423.0 
228.963 424.0 
228.614 425.0 
228.498 426.0 
228.614 427.0 
228.266 428.0 
228.266 429.0 
228.382 430.0 
228.498 431.0 
228.382 432.0 
228.498 433.0 
228.266 434.0 
228.498 435.0 
228.73 436.0 
228.73 437.0 
228.73 438.0 
227.802 439.0 
228.498 440.0 
228.614 441.0 
228.382 442.0 
228.73 443.0 
228.614 444.0 
228.614 445.0 
228.15 446.0 
228.847 447.0 
228.963 448.0 
228.963 449.0 
228.847 450.0 
228.498 451.0 
228.382 452.0 
228.614 453.0 
228.266 454.0 
228.847 455.0 
227.222 456.0 
228.614 457.0 
228.614 458.0 
229.195 459.0 
228.847 460.0 
228.498 461.0 
228.382 462.0 
228.73 463.0 
228.614 464.0 
228.73 465.0 
228.847 466.0 
228.847 467.0 
228.034 468.0 
228.498 469.0 
228.266 470.0 
228.498 471.0 
228.614 472.0 
226.642 473.0 
228.614 474.0 
228.614 475.0 
228.847 476.0 
228.847 477.0 
228.498 478.0 
228.498 479.0 
228.847 480.0 
229.195 481.0 
228.847 482.0 
229.079 483.0 
228.73 484.0 
228.614 485.0 
228.614 486.0 
228.382 487.0 
228.614 488.0 
228.498 489.0 
228.498 490.0 
228.498 491.0 
228.614 492.0 
228.614 493.0 
228.498 494.0 
228.382 495.0 
228.614 496.0 
228.498 497.0 
228.963 498.0 
228.382 499.0 
228.73 500.0 
228.382 501.0 
228.498 502.0 
228.73 503.0 
228.498 504.0 
228.498 505.0 
228.266 506.0 
225.945 507.0 
231.516 508.0 
228.15 509.0 
228.614 510.0 
228.382 511.0 
228.73 512.0 
228.73 513.0 
228.382 514.0 
228.498 515.0 
229.079 516.0 
230.819 517.0 
228.15 518.0 
228.498 519.0 
228.382 520.0 
228.498 521.0 
228.498 522.0 
228.498 523.0 
228.498 524.0 
228.498 525.0 
228.382 526.0 
228.382 527.0 
227.918 528.0 
228.266 529.0 
227.918 530.0 
228.266 531.0 
228.382 532.0 
230.007 533.0 
228.15 534.0 
228.382 535.0 
228.498 536.0 
228.614 537.0 
228.614 538.0 
228.266 539.0 
228.15 540.0 
228.847 541.0 
228.034 542.0 
228.498 543.0 
228.73 544.0 
228.847 545.0 
228.15 546.0 
228.498 547.0 
228.034 548.0 
228.498 549.0 
228.15 550.0 
227.338 551.0 
228.614 552.0 
228.614 553.0 
228.15 554.0 
228.034 555.0 
228.614 556.0 
228.614 557.0 
228.266 558.0 
224.553 559.0 
228.498 560.0 
228.382 561.0 
227.918 562.0 
228.614 563.0 
227.918 564.0 
228.15 565.0 
228.382 566.0 
228.15 567.0 
228.266 568.0 
227.918 569.0 
228.382 570.0 
228.498 571.0 
228.382 572.0 
228.382 573.0 
227.918 574.0 
228.15 575.0 
229.543 576.0 
228.498 577.0 
228.382 578.0 
228.847 579.0 
228.614 580.0 
228.73 581.0 
228.266 582.0 
228.614 583.0 
228.73 584.0 
224.785 585.0 
228.266 586.0 
228.266 587.0 
228.382 588.0 
228.382 589.0 
228.382 590.0 
228.15 591.0 
228.15 592.0 
228.266 593.0 
228.15 594.0 
228.266 595.0 
228.498 596.0 
228.614 597.0 
228.266 598.0 
228.382 599.0 
228.498 600.0 
228.963 601.0 
228.266 602.0 
228.847 603.0 
228.73 604.0 
228.73 605.0 
228.382 606.0 
228.498 607.0 
228.382 608.0 
228.382 609.0 
228.73 610.0 
228.266 611.0 
228.847 612.0 
228.15 613.0 
228.498 614.0 
228.498 615.0 
227.918 616.0 
229.195 617.0 
228.266 618.0 
228.498 619.0 
226.177 620.0 
228.382 621.0 
228.614 622.0 
228.614 623.0 
228.498 624.0 
228.73 625.0 
228.15 626.0 
228.614 627.0 
228.498 628.0 
228.266 629.0 
228.266 630.0 
228.847 631.0 
227.918 632.0 
228.73 633.0 
230.007 634.0 
228.498 635.0 
228.498 636.0 
228.963 637.0 
228.382 638.0 
228.034 639.0 
228.73 640.0 
228.498 641.0 
228.15 642.0 
228.614 643.0 
228.614 644.0 
228.382 645.0 
228.382 646.0 
228.73 647.0 
228.614 648.0 
228.15 649.0 
228.498 650.0 
228.266 651.0 
227.918 652.0 
228.382 653.0 
228.614 654.0 
228.266 655.0 
227.918 656.0 
228.498 657.0 
228.73 658.0 
228.498 659.0 
228.266 660.0 
228.614 661.0 
228.614 662.0 
228.382 663.0 
228.614 664.0 
228.614 665.0 
228.73 666.0 
228.15 667.0 
228.614 668.0 
228.498 669.0 
228.847 670.0 
228.15 671.0 
228.498 672.0 
228.73 673.0 
228.963 674.0 
228.73 675.0 
228.266 676.0 
228.498 677.0 
228.847 678.0 
228.73 679.0 
228.614 680.0 
228.498 681.0 
228.266 682.0 
228.614 683.0 
228.266 684.0 
228.73 685.0 
228.614 686.0 
227.918 687.0 
228.034 688.0 
228.614 689.0 
228.382 690.0 
228.614 691.0 
228.614 692.0 
228.266 693.0 
228.266 694.0 
228.266 695.0 
228.498 696.0 
228.15 697.0 
228.614 698.0 
227.918 699.0 
228.266 700.0 
228.382 701.0 
228.382 702.0 
228.73 703.0 
229.079 704.0 
228.382 705.0 
228.498 706.0 
228.15 707.0 
228.382 708.0 
228.382 709.0 
228.73 710.0 
228.382 711.0 
228.614 712.0 
228.382 713.0 
228.73 714.0 
227.802 715.0 
228.614 716.0 
228.15 717.0 
228.498 718.0 
228.498 719.0 
228.266 720.0 
228.847 721.0 
228.73 722.0 
228.73 723.0 
228.847 724.0 
228.498 725.0 
227.918 726.0 
228.266 727.0 
228.15 728.0 
228.266 729.0 
228.498 730.0 
228.73 731.0 
228.498 732.0 
228.498 733.0 
228.614 734.0 
228.382 735.0 
228.382 736.0 
228.73 737.0 
228.614 738.0 
228.15 739.0 
228.034 740.0 
228.382 741.0 
228.498 742.0 
228.73 743.0 
228.382 744.0 
228.266 745.0 
228.498 746.0 
228.15 747.0 
228.15 748.0 
228.266 749.0 
228.614 750.0 
228.382 751.0 
228.498 752.0 
228.498 753.0 
228.382 754.0 
228.266 755.0 
228.847 756.0 
228.73 757.0 
228.498 758.0 
228.614 759.0 
228.614 760.0 
228.498 761.0 
228.614 762.0 
228.614 763.0 
228.614 764.0 
228.73 765.0 
228.382 766.0 
228.498 767.0 
228.498 768.0 
228.847 769.0 
228.382 770.0 
228.266 771.0 
228.73 772.0 
228.614 773.0 
228.382 774.0 
228.498 775.0 
228.847 776.0 
228.963 777.0 
228.614 778.0 
228.73 779.0 
228.614 780.0 
228.73 781.0 
228.498 782.0 
228.847 783.0 
228.73 784.0 
228.382 785.0 
228.498 786.0 
228.382 787.0 
228.382 788.0 
228.498 789.0 
228.382 790.0 
228.382 791.0 
228.382 792.0 
228.614 793.0 
228.382 794.0 
228.382 795.0 
228.382 796.0 
228.614 797.0 
228.73 798.0 
228.498 799.0 
228.498 800.0 
228.498 801.0 
228.382 802.0 
228.614 803.0 
228.498 804.0 
0.024 805.0 
0.013 806.0 
0.014 807.0 
0.03 808.0 
0.031 809.0 
0.024 810.0 
0.017 811.0 
0.012 812.0 
0.018 813.0 
0.017 814.0 
0.01 815.0 
0.002 816.0 
0.0 817.0 
0.01 818.0 
0.002 819.0 
-0.01 820.0 
-0.016 821.0 
-0.01 822.0 
-0.007 823.0 
-0.012 824.0 
-0.025 825.0 
-0.029 826.0 
-0.025 827.0 
-0.026 828.0 
-0.031 829.0 
