-0.044 257.0 
-0.043 258.0 
-0.047 259.0 
-0.025 260.0 
-0.035 261.0 
-0.038 262.0 
-0.052 263.0 
-0.049 264.0 
-0.047 265.0 
-0.115 266.0 
-0.058 267.0 
-0.064 268.0 
-0.052 269.0 
-0.052 270.0 
-0.052 271.0 
-0.05 272.0 
-0.047 273.0 
-0.036 274.0 
252.404 275.0 
249.155 276.0 
247.182 277.0 
244.861 278.0 
242.54 279.0 
240.335 280.0 
238.362 281.0 
236.738 282.0 
233.953 283.0 
233.721 284.0 
233.372 285.0 
232.792 286.0 
232.56 287.0 
232.444 288.0 
232.212 289.0 
231.516 290.0 
230.819 291.0 
230.819 292.0 
230.935 293.0 
229.775 294.0 
230.355 295.0 
230.239 296.0 
230.587 297.0 
229.891 298.0 
229.659 299.0 
228.498 300.0 
229.311 301.0 
229.659 302.0 
228.266 303.0 
228.614 304.0 
232.676 305.0 
228.73 306.0 
228.614 307.0 
228.034 308.0 
228.382 309.0 
227.918 310.0 
228.15 311.0 
227.686 312.0 
228.266 313.0 
227.918 314.0 
228.15 315.0 
227.802 316.0 
228.614 317.0 
227.686 318.0 
223.74 319.0 
227.918 320.0 
227.106 321.0 
227.802 322.0 
227.338 323.0 
227.802 324.0 
227.802 325.0 
228.614 326.0 
227.686 327.0 
227.454 328.0 
233.024 329.0 
227.918 330.0 
227.686 331.0 
229.311 332.0 
228.034 333.0 
227.918 334.0 
227.918 335.0 
227.802 336.0 
227.918 337.0 
227.686 338.0 
227.918 339.0 
227.918 340.0 
227.918 341.0 
227.802 342.0 
222.928 343.0 
228.034 344.0 
227.686 345.0 
227.686 346.0 
227.338 347.0 
225.481 348.0 
227.802 349.0 
227.57 350.0 
227.454 351.0 
227.686 352.0 
227.57 353.0 
226.642 354.0 
225.365 355.0 
227.57 356.0 
227.918 357.0 
227.454 358.0 
228.15 359.0 
227.57 360.0 
228.15 361.0 
227.686 362.0 
227.338 363.0 
227.57 364.0 
227.338 365.0 
227.454 366.0 
227.338 367.0 
227.57 368.0 
227.57 369.0 
227.802 370.0 
227.454 371.0 
227.686 372.0 
228.034 373.0 
227.918 374.0 
227.802 375.0 
229.195 376.0 
227.57 377.0 
227.454 378.0 
228.034 379.0 
227.686 380.0 
227.802 381.0 
228.034 382.0 
227.454 383.0 
227.338 384.0 
227.454 385.0 
227.686 386.0 
226.758 387.0 
227.454 388.0 
227.57 389.0 
227.802 390.0 
227.57 391.0 
227.222 392.0 
227.686 393.0 
227.686 394.0 
227.686 395.0 
227.802 396.0 
227.57 397.0 
227.918 398.0 
226.526 399.0 
227.454 400.0 
228.034 401.0 
227.802 402.0 
228.034 403.0 
227.454 404.0 
227.686 405.0 
227.222 406.0 
227.338 407.0 
227.454 408.0 
227.686 409.0 
227.338 410.0 
227.454 411.0 
227.686 412.0 
228.614 413.0 
228.034 414.0 
227.222 415.0 
227.918 416.0 
227.802 417.0 
227.918 418.0 
227.454 419.0 
227.686 420.0 
227.454 421.0 
227.918 422.0 
227.454 423.0 
226.99 424.0 
227.57 425.0 
227.57 426.0 
227.802 427.0 
227.222 428.0 
227.454 429.0 
227.454 430.0 
227.57 431.0 
227.802 432.0 
228.034 433.0 
227.802 434.0 
227.802 435.0 
227.686 436.0 
227.802 437.0 
227.802 438.0 
227.57 439.0 
227.57 440.0 
227.57 441.0 
227.686 442.0 
227.57 443.0 
227.57 444.0 
227.454 445.0 
227.338 446.0 
228.034 447.0 
227.802 448.0 
227.802 449.0 
227.802 450.0 
227.338 451.0 
227.57 452.0 
227.918 453.0 
227.338 454.0 
227.802 455.0 
226.642 456.0 
227.686 457.0 
227.686 458.0 
228.15 459.0 
227.802 460.0 
228.034 461.0 
227.802 462.0 
227.802 463.0 
227.802 464.0 
228.034 465.0 
228.034 466.0 
227.686 467.0 
227.338 468.0 
227.686 469.0 
227.454 470.0 
227.918 471.0 
227.454 472.0 
226.41 473.0 
227.57 474.0 
228.034 475.0 
227.686 476.0 
227.454 477.0 
227.454 478.0 
227.454 479.0 
227.686 480.0 
227.802 481.0 
227.918 482.0 
227.802 483.0 
227.454 484.0 
227.802 485.0 
227.338 486.0 
227.454 487.0 
227.57 488.0 
227.57 489.0 
227.57 490.0 
227.222 491.0 
227.57 492.0 
227.338 493.0 
227.918 494.0 
227.686 495.0 
227.454 496.0 
227.918 497.0 
227.802 498.0 
227.338 499.0 
227.57 500.0 
227.918 501.0 
228.034 502.0 
227.106 503.0 
227.454 504.0 
227.686 505.0 
227.918 506.0 
225.481 507.0 
230.007 508.0 
227.106 509.0 
227.686 510.0 
227.338 511.0 
227.338 512.0 
227.918 513.0 
227.686 514.0 
228.15 515.0 
228.266 516.0 
229.659 517.0 
227.106 518.0 
227.338 519.0 
227.57 520.0 
227.686 521.0 
227.57 522.0 
227.338 523.0 
227.338 524.0 
227.338 525.0 
227.454 526.0 
227.454 527.0 
227.222 528.0 
227.106 529.0 
226.758 530.0 
227.106 531.0 
227.802 532.0 
227.918 533.0 
227.57 534.0 
227.57 535.0 
227.686 536.0 
227.57 537.0 
227.222 538.0 
227.57 539.0 
227.686 540.0 
228.15 541.0 
226.99 542.0 
227.454 543.0 
227.454 544.0 
227.454 545.0 
227.222 546.0 
227.57 547.0 
227.454 548.0 
227.338 549.0 
227.57 550.0 
225.829 551.0 
227.57 552.0 
227.57 553.0 
227.338 554.0 
227.454 555.0 
227.686 556.0 
227.338 557.0 
227.57 558.0 
221.536 559.0 
227.802 560.0 
227.686 561.0 
226.99 562.0 
227.57 563.0 
226.99 564.0 
227.106 565.0 
227.802 566.0 
227.338 567.0 
227.106 568.0 
227.222 569.0 
227.222 570.0 
227.802 571.0 
227.686 572.0 
227.454 573.0 
227.338 574.0 
227.454 575.0 
227.454 576.0 
227.57 577.0 
227.57 578.0 
227.686 579.0 
227.802 580.0 
228.034 581.0 
227.57 582.0 
227.686 583.0 
227.222 584.0 
222.928 585.0 
227.686 586.0 
227.222 587.0 
227.57 588.0 
227.454 589.0 
227.454 590.0 
227.106 591.0 
227.454 592.0 
227.686 593.0 
227.686 594.0 
227.338 595.0 
227.106 596.0 
227.57 597.0 
227.338 598.0 
227.57 599.0 
227.57 600.0 
228.034 601.0 
227.802 602.0 
227.686 603.0 
227.222 604.0 
227.686 605.0 
227.57 606.0 
227.57 607.0 
227.338 608.0 
227.454 609.0 
227.802 610.0 
227.57 611.0 
227.686 612.0 
227.454 613.0 
228.034 614.0 
227.454 615.0 
227.222 616.0 
227.918 617.0 
227.106 618.0 
227.686 619.0 
225.597 620.0 
227.918 621.0 
227.686 622.0 
227.222 623.0 
227.338 624.0 
227.686 625.0 
227.338 626.0 
227.454 627.0 
227.454 628.0 
227.338 629.0 
227.454 630.0 
227.57 631.0 
227.222 632.0 
227.802 633.0 
229.311 634.0 
227.57 635.0 
227.802 636.0 
228.034 637.0 
227.686 638.0 
227.802 639.0 
227.686 640.0 
227.686 641.0 
227.454 642.0 
227.222 643.0 
227.106 644.0 
226.99 645.0 
227.802 646.0 
227.918 647.0 
227.338 648.0 
227.222 649.0 
227.802 650.0 
227.106 651.0 
226.874 652.0 
227.802 653.0 
227.802 654.0 
227.222 655.0 
227.222 656.0 
227.57 657.0 
227.802 658.0 
227.686 659.0 
227.57 660.0 
228.034 661.0 
227.802 662.0 
227.338 663.0 
227.454 664.0 
227.454 665.0 
227.802 666.0 
227.57 667.0 
227.454 668.0 
227.454 669.0 
227.918 670.0 
227.338 671.0 
227.338 672.0 
227.454 673.0 
227.57 674.0 
227.454 675.0 
227.454 676.0 
227.686 677.0 
227.57 678.0 
227.57 679.0 
227.802 680.0 
227.454 681.0 
227.454 682.0 
227.57 683.0 
227.338 684.0 
227.222 685.0 
227.686 686.0 
226.41 687.0 
227.106 688.0 
227.454 689.0 
228.034 690.0 
227.57 691.0 
227.918 692.0 
227.106 693.0 
227.686 694.0 
227.454 695.0 
228.034 696.0 
227.454 697.0 
227.57 698.0 
226.758 699.0 
227.686 700.0 
227.686 701.0 
227.57 702.0 
227.454 703.0 
227.686 704.0 
226.99 705.0 
227.57 706.0 
227.106 707.0 
227.222 708.0 
227.338 709.0 
227.57 710.0 
227.454 711.0 
227.802 712.0 
227.686 713.0 
228.034 714.0 
226.294 715.0 
227.454 716.0 
226.874 717.0 
227.686 718.0 
227.57 719.0 
227.918 720.0 
227.802 721.0 
227.686 722.0 
227.57 723.0 
227.918 724.0 
227.686 725.0 
226.99 726.0 
227.57 727.0 
227.454 728.0 
227.454 729.0 
227.338 730.0 
227.338 731.0 
227.454 732.0 
227.686 733.0 
227.802 734.0 
227.918 735.0 
227.454 736.0 
228.034 737.0 
228.034 738.0 
227.454 739.0 
227.57 740.0 
227.338 741.0 
227.57 742.0 
227.106 743.0 
227.106 744.0 
227.338 745.0 
227.454 746.0 
227.454 747.0 
227.454 748.0 
227.338 749.0 
227.454 750.0 
227.454 751.0 
227.338 752.0 
227.454 753.0 
227.686 754.0 
227.686 755.0 
227.338 756.0 
227.802 757.0 
227.802 758.0 
227.57 759.0 
227.802 760.0 
227.918 761.0 
227.918 762.0 
227.57 763.0 
227.222 764.0 
227.338 765.0 
227.802 766.0 
227.338 767.0 
227.57 768.0 
227.918 769.0 
227.57 770.0 
227.338 771.0 
227.802 772.0 
227.57 773.0 
227.454 774.0 
227.57 775.0 
227.918 776.0 
227.338 777.0 
227.57 778.0 
227.454 779.0 
228.034 780.0 
227.454 781.0 
227.57 782.0 
227.338 783.0 
227.454 784.0 
227.686 785.0 
227.57 786.0 
227.686 787.0 
227.338 788.0 
227.454 789.0 
227.686 790.0 
227.57 791.0 
227.802 792.0 
227.57 793.0 
227.686 794.0 
227.57 795.0 
227.686 796.0 
227.802 797.0 
227.57 798.0 
227.802 799.0 
227.57 800.0 
227.57 801.0 
227.802 802.0 
227.454 803.0 
227.57 804.0 
0.028 805.0 
0.017 806.0 
0.019 807.0 
0.019 808.0 
0.01 809.0 
0.0 810.0 
-0.007 811.0 
-0.03 812.0 
-0.037 813.0 
-0.056 814.0 
-0.054 815.0 
-0.064 816.0 
-0.068 817.0 
-0.074 818.0 
-0.078 819.0 
-0.078 820.0 
-0.071 821.0 
-0.071 822.0 
-0.071 823.0 
-0.071 824.0 
-0.06 825.0 
-0.06 826.0 
-0.048 827.0 
-0.044 828.0 
-0.046 829.0 
