-0.062 257.0 
-0.05 258.0 
-0.056 259.0 
-0.059 260.0 
-0.065 261.0 
-0.065 262.0 
-0.05 263.0 
-0.062 264.0 
-0.058 265.0 
-0.056 266.0 
-0.053 267.0 
-0.024 268.0 
-0.041 269.0 
-0.053 270.0 
-0.05 271.0 
-0.049 272.0 
-0.049 273.0 
-0.037 274.0 
254.725 275.0 
250.315 276.0 
248.575 277.0 
246.834 278.0 
244.745 279.0 
242.772 280.0 
240.683 281.0 
240.683 282.0 
237.434 283.0 
236.738 284.0 
236.042 285.0 
235.693 286.0 
235.809 287.0 
235.229 288.0 
234.997 289.0 
234.417 290.0 
234.069 291.0 
233.488 292.0 
233.721 293.0 
231.4 294.0 
232.676 295.0 
232.328 296.0 
233.024 297.0 
231.98 298.0 
232.096 299.0 
230.007 300.0 
232.096 301.0 
232.212 302.0 
231.4 303.0 
231.632 304.0 
234.533 305.0 
231.284 306.0 
231.516 307.0 
231.4 308.0 
231.4 309.0 
230.819 310.0 
230.819 311.0 
230.123 312.0 
230.587 313.0 
230.587 314.0 
231.051 315.0 
230.355 316.0 
230.703 317.0 
230.355 318.0 
230.355 319.0 
230.355 320.0 
229.543 321.0 
230.587 322.0 
230.355 323.0 
230.587 324.0 
230.355 325.0 
230.819 326.0 
230.239 327.0 
230.239 328.0 
234.533 329.0 
230.471 330.0 
230.239 331.0 
232.212 332.0 
230.123 333.0 
230.239 334.0 
230.239 335.0 
230.355 336.0 
230.355 337.0 
230.471 338.0 
232.212 339.0 
230.239 340.0 
230.239 341.0 
230.007 342.0 
228.034 343.0 
230.239 344.0 
230.471 345.0 
230.007 346.0 
230.007 347.0 
229.543 348.0 
230.703 349.0 
230.239 350.0 
230.355 351.0 
230.123 352.0 
230.239 353.0 
229.427 354.0 
229.427 355.0 
230.355 356.0 
230.123 357.0 
230.007 358.0 
230.355 359.0 
230.239 360.0 
230.703 361.0 
230.123 362.0 
230.471 363.0 
230.007 364.0 
230.355 365.0 
230.355 366.0 
230.935 367.0 
230.239 368.0 
230.355 369.0 
230.123 370.0 
230.007 371.0 
230.123 372.0 
230.355 373.0 
230.703 374.0 
230.123 375.0 
230.935 376.0 
229.659 377.0 
230.123 378.0 
230.239 379.0 
230.123 380.0 
230.239 381.0 
230.703 382.0 
230.239 383.0 
230.355 384.0 
230.239 385.0 
230.355 386.0 
229.891 387.0 
230.471 388.0 
230.471 389.0 
230.355 390.0 
230.007 391.0 
230.123 392.0 
230.471 393.0 
229.891 394.0 
230.123 395.0 
230.471 396.0 
230.007 397.0 
230.123 398.0 
229.195 399.0 
229.659 400.0 
230.587 401.0 
230.355 402.0 
230.703 403.0 
230.239 404.0 
230.355 405.0 
230.239 406.0 
230.123 407.0 
230.239 408.0 
230.123 409.0 
230.007 410.0 
230.123 411.0 
230.239 412.0 
230.935 413.0 
230.587 414.0 
230.123 415.0 
230.123 416.0 
230.007 417.0 
230.355 418.0 
230.355 419.0 
230.239 420.0 
230.239 421.0 
230.471 422.0 
230.935 423.0 
229.891 424.0 
230.471 425.0 
230.355 426.0 
230.355 427.0 
230.007 428.0 
230.471 429.0 
230.123 430.0 
230.239 431.0 
230.239 432.0 
230.703 433.0 
230.355 434.0 
230.239 435.0 
230.355 436.0 
230.239 437.0 
230.123 438.0 
229.659 439.0 
229.427 440.0 
230.587 441.0 
230.123 442.0 
230.355 443.0 
230.355 444.0 
230.471 445.0 
230.123 446.0 
230.587 447.0 
230.355 448.0 
232.212 449.0 
230.471 450.0 
230.123 451.0 
230.007 452.0 
230.123 453.0 
229.891 454.0 
230.123 455.0 
228.614 456.0 
230.355 457.0 
230.123 458.0 
230.123 459.0 
230.471 460.0 
230.819 461.0 
230.239 462.0 
230.471 463.0 
230.239 464.0 
230.587 465.0 
230.819 466.0 
230.471 467.0 
230.123 468.0 
230.587 469.0 
230.355 470.0 
230.355 471.0 
230.123 472.0 
228.614 473.0 
230.355 474.0 
230.123 475.0 
230.355 476.0 
230.239 477.0 
230.471 478.0 
230.355 479.0 
230.007 480.0 
230.703 481.0 
230.123 482.0 
230.819 483.0 
230.239 484.0 
230.587 485.0 
230.239 486.0 
229.775 487.0 
230.471 488.0 
230.355 489.0 
230.355 490.0 
230.355 491.0 
230.123 492.0 
230.471 493.0 
230.355 494.0 
230.355 495.0 
229.891 496.0 
230.239 497.0 
230.355 498.0 
230.123 499.0 
230.123 500.0 
230.587 501.0 
230.703 502.0 
229.891 503.0 
229.891 504.0 
230.239 505.0 
230.239 506.0 
228.034 507.0 
231.98 508.0 
229.775 509.0 
230.007 510.0 
230.007 511.0 
229.891 512.0 
230.355 513.0 
230.123 514.0 
230.123 515.0 
228.266 516.0 
231.632 517.0 
229.891 518.0 
230.007 519.0 
230.239 520.0 
230.123 521.0 
230.239 522.0 
230.239 523.0 
230.123 524.0 
230.123 525.0 
229.891 526.0 
230.239 527.0 
229.659 528.0 
230.123 529.0 
230.007 530.0 
229.543 531.0 
230.123 532.0 
232.56 533.0 
230.123 534.0 
230.355 535.0 
230.123 536.0 
230.123 537.0 
229.659 538.0 
230.007 539.0 
230.123 540.0 
230.471 541.0 
229.775 542.0 
230.123 543.0 
230.123 544.0 
230.123 545.0 
229.891 546.0 
230.355 547.0 
230.007 548.0 
230.007 549.0 
230.007 550.0 
228.847 551.0 
230.239 552.0 
230.007 553.0 
229.775 554.0 
229.659 555.0 
230.239 556.0 
230.007 557.0 
229.891 558.0 
226.41 559.0 
230.239 560.0 
230.123 561.0 
229.891 562.0 
230.123 563.0 
229.195 564.0 
229.775 565.0 
230.007 566.0 
230.007 567.0 
229.775 568.0 
229.543 569.0 
230.007 570.0 
230.123 571.0 
229.891 572.0 
229.891 573.0 
229.891 574.0 
229.659 575.0 
230.239 576.0 
230.007 577.0 
230.123 578.0 
230.123 579.0 
230.123 580.0 
230.471 581.0 
230.123 582.0 
230.355 583.0 
230.471 584.0 
223.74 585.0 
230.471 586.0 
230.007 587.0 
230.471 588.0 
230.007 589.0 
230.355 590.0 
229.891 591.0 
230.123 592.0 
229.543 593.0 
230.007 594.0 
229.891 595.0 
230.007 596.0 
230.355 597.0 
229.659 598.0 
230.007 599.0 
230.007 600.0 
230.471 601.0 
230.355 602.0 
230.471 603.0 
229.891 604.0 
230.123 605.0 
230.123 606.0 
230.355 607.0 
230.007 608.0 
230.355 609.0 
230.355 610.0 
230.355 611.0 
230.239 612.0 
230.007 613.0 
230.123 614.0 
229.891 615.0 
229.427 616.0 
230.239 617.0 
229.891 618.0 
230.123 619.0 
228.266 620.0 
230.355 621.0 
230.123 622.0 
229.891 623.0 
230.355 624.0 
230.355 625.0 
230.007 626.0 
230.471 627.0 
230.239 628.0 
230.123 629.0 
230.123 630.0 
230.123 631.0 
229.775 632.0 
230.123 633.0 
231.748 634.0 
230.123 635.0 
230.123 636.0 
230.355 637.0 
230.123 638.0 
229.659 639.0 
230.355 640.0 
230.007 641.0 
229.543 642.0 
230.355 643.0 
230.007 644.0 
229.543 645.0 
230.239 646.0 
230.471 647.0 
229.891 648.0 
230.123 649.0 
230.239 650.0 
229.891 651.0 
229.543 652.0 
230.239 653.0 
230.471 654.0 
230.007 655.0 
229.311 656.0 
230.007 657.0 
230.355 658.0 
229.891 659.0 
229.891 660.0 
230.471 661.0 
230.239 662.0 
230.239 663.0 
230.007 664.0 
230.471 665.0 
230.471 666.0 
230.239 667.0 
230.007 668.0 
230.123 669.0 
230.471 670.0 
229.891 671.0 
230.239 672.0 
229.775 673.0 
230.007 674.0 
230.239 675.0 
229.891 676.0 
230.123 677.0 
230.123 678.0 
230.123 679.0 
230.239 680.0 
230.123 681.0 
229.891 682.0 
230.239 683.0 
230.239 684.0 
229.775 685.0 
230.471 686.0 
229.427 687.0 
230.239 688.0 
230.471 689.0 
230.123 690.0 
230.123 691.0 
230.587 692.0 
229.775 693.0 
229.891 694.0 
230.239 695.0 
229.775 696.0 
229.891 697.0 
230.471 698.0 
229.311 699.0 
230.007 700.0 
230.007 701.0 
230.239 702.0 
230.239 703.0 
230.355 704.0 
230.355 705.0 
230.471 706.0 
230.123 707.0 
230.239 708.0 
230.239 709.0 
230.239 710.0 
230.123 711.0 
230.355 712.0 
230.355 713.0 
230.587 714.0 
229.195 715.0 
230.007 716.0 
229.195 717.0 
229.891 718.0 
229.891 719.0 
230.123 720.0 
230.355 721.0 
230.355 722.0 
230.355 723.0 
230.355 724.0 
230.239 725.0 
230.123 726.0 
229.891 727.0 
230.239 728.0 
230.239 729.0 
230.355 730.0 
230.239 731.0 
230.123 732.0 
230.239 733.0 
230.123 734.0 
230.007 735.0 
229.775 736.0 
230.355 737.0 
230.355 738.0 
229.543 739.0 
229.891 740.0 
229.775 741.0 
230.123 742.0 
230.123 743.0 
229.891 744.0 
230.123 745.0 
229.891 746.0 
229.891 747.0 
230.007 748.0 
230.123 749.0 
230.123 750.0 
230.007 751.0 
229.891 752.0 
230.007 753.0 
230.123 754.0 
229.891 755.0 
229.775 756.0 
230.123 757.0 
229.891 758.0 
230.123 759.0 
230.123 760.0 
230.355 761.0 
230.355 762.0 
230.471 763.0 
230.239 764.0 
230.355 765.0 
230.239 766.0 
230.007 767.0 
230.471 768.0 
230.355 769.0 
230.123 770.0 
230.123 771.0 
230.239 772.0 
230.007 773.0 
230.239 774.0 
230.239 775.0 
230.007 776.0 
230.123 777.0 
230.123 778.0 
229.659 779.0 
229.891 780.0 
230.123 781.0 
230.123 782.0 
230.123 783.0 
230.239 784.0 
230.123 785.0 
230.239 786.0 
230.471 787.0 
230.471 788.0 
230.239 789.0 
230.239 790.0 
229.775 791.0 
230.123 792.0 
230.007 793.0 
230.355 794.0 
230.007 795.0 
230.123 796.0 
230.007 797.0 
230.471 798.0 
230.007 799.0 
230.239 800.0 
230.355 801.0 
230.239 802.0 
230.123 803.0 
230.123 804.0 
0.018 805.0 
0.018 806.0 
0.024 807.0 
0.026 808.0 
0.028 809.0 
0.013 810.0 
0.01 811.0 
0.01 812.0 
0.0 813.0 
-0.001 814.0 
-0.011 815.0 
-0.019 816.0 
-0.008 817.0 
-0.011 818.0 
-0.018 819.0 
-0.012 820.0 
-0.025 821.0 
-0.019 822.0 
-0.017 823.0 
-0.022 824.0 
-0.028 825.0 
-0.038 826.0 
-0.025 827.0 
-0.029 828.0 
-0.023 829.0 
