-0.047 257.0 
-0.042 258.0 
-0.024 259.0 
-0.037 260.0 
-0.016 261.0 
-0.018 262.0 
-0.041 263.0 
-0.032 264.0 
-0.035 265.0 
-0.028 266.0 
-0.026 267.0 
-0.035 268.0 
-0.01 269.0 
-0.035 270.0 
-0.03 271.0 
-0.044 272.0 
-0.046 273.0 
-0.052 274.0 
145.189 275.0 
142.153 276.0 
140.938 277.0 
139.139 278.0 
137.189 279.0 
135.016 280.0 
133.007 281.0 
130.344 282.0 
126.198 283.0 
124.621 284.0 
124.213 285.0 
123.827 286.0 
123.57 287.0 
123.302 288.0 
123.033 289.0 
122.414 290.0 
122.262 291.0 
121.97 292.0 
121.748 293.0 
121.643 294.0 
121.129 295.0 
120.966 296.0 
120.884 297.0 
120.335 298.0 
120.136 299.0 
120.09 300.0 
119.529 301.0 
119.424 302.0 
118.828 303.0 
118.735 304.0 
118.595 305.0 
117.871 306.0 
116.574 307.0 
114.227 308.0 
111.704 309.0 
108.457 310.0 
105.093 311.0 
101.087 312.0 
97.443 313.0 
93.519 314.0 
89.921 315.0 
86.254 316.0 
82.808 317.0 
79.924 318.0 
79.748 319.0 
79.503 320.0 
79.375 321.0 
79.328 322.0 
79.188 323.0 
79.258 324.0 
79.199 325.0 
79.106 326.0 
79.199 327.0 
79.106 328.0 
79.328 329.0 
79.211 330.0 
79.106 331.0 
79.188 332.0 
79.211 333.0 
79.141 334.0 
79.234 335.0 
79.223 336.0 
79.199 337.0 
79.129 338.0 
79.55 339.0 
79.176 340.0 
79.141 341.0 
79.176 342.0 
79.316 343.0 
79.188 344.0 
79.188 345.0 
79.129 346.0 
79.106 347.0 
79.141 348.0 
79.188 349.0 
79.199 350.0 
79.164 351.0 
79.176 352.0 
79.153 353.0 
79.059 354.0 
79.258 355.0 
79.153 356.0 
79.211 357.0 
79.188 358.0 
79.211 359.0 
79.153 360.0 
79.211 361.0 
79.141 362.0 
79.141 363.0 
79.141 364.0 
79.118 365.0 
79.141 366.0 
79.188 367.0 
79.129 368.0 
79.176 369.0 
79.164 370.0 
79.176 371.0 
79.164 372.0 
79.188 373.0 
79.211 374.0 
79.211 375.0 
79.456 376.0 
79.059 377.0 
79.164 378.0 
79.141 379.0 
79.164 380.0 
79.118 381.0 
79.293 382.0 
79.129 383.0 
79.176 384.0 
79.129 385.0 
79.211 386.0 
79.141 387.0 
79.094 388.0 
79.176 389.0 
79.188 390.0 
79.188 391.0 
79.118 392.0 
79.234 393.0 
79.083 394.0 
79.164 395.0 
79.246 396.0 
79.094 397.0 
79.176 398.0 
79.118 399.0 
79.083 400.0 
79.199 401.0 
79.164 402.0 
79.188 403.0 
79.176 404.0 
79.164 405.0 
79.094 406.0 
79.176 407.0 
79.106 408.0 
79.176 409.0 
79.118 410.0 
79.129 411.0 
79.176 412.0 
79.526 413.0 
79.199 414.0 
79.129 415.0 
79.176 416.0 
79.071 417.0 
79.199 418.0 
79.153 419.0 
79.083 420.0 
79.176 421.0 
79.188 422.0 
79.234 423.0 
79.118 424.0 
79.118 425.0 
79.199 426.0 
79.211 427.0 
79.141 428.0 
79.129 429.0 
79.083 430.0 
79.164 431.0 
79.153 432.0 
79.188 433.0 
79.059 434.0 
79.118 435.0 
79.129 436.0 
79.176 437.0 
79.083 438.0 
79.083 439.0 
79.094 440.0 
79.106 441.0 
79.106 442.0 
79.141 443.0 
79.129 444.0 
79.094 445.0 
79.071 446.0 
79.223 447.0 
79.223 448.0 
79.188 449.0 
79.456 450.0 
79.118 451.0 
79.083 452.0 
79.106 453.0 
79.036 454.0 
79.164 455.0 
79.141 456.0 
79.094 457.0 
79.094 458.0 
79.153 459.0 
79.176 460.0 
79.176 461.0 
79.118 462.0 
79.211 463.0 
79.199 464.0 
79.141 465.0 
79.223 466.0 
79.141 467.0 
79.106 468.0 
79.188 469.0 
79.118 470.0 
79.094 471.0 
79.083 472.0 
78.954 473.0 
79.129 474.0 
79.199 475.0 
79.176 476.0 
79.071 477.0 
79.129 478.0 
79.024 479.0 
79.129 480.0 
79.234 481.0 
79.129 482.0 
79.188 483.0 
79.083 484.0 
79.164 485.0 
79.094 486.0 
79.083 487.0 
79.153 488.0 
79.106 489.0 
79.118 490.0 
79.211 491.0 
79.094 492.0 
79.141 493.0 
79.176 494.0 
79.083 495.0 
79.059 496.0 
79.141 497.0 
79.164 498.0 
79.036 499.0 
79.083 500.0 
79.164 501.0 
79.188 502.0 
79.024 503.0 
79.048 504.0 
79.071 505.0 
79.083 506.0 
79.024 507.0 
79.199 508.0 
79.024 509.0 
79.071 510.0 
79.106 511.0 
79.083 512.0 
79.106 513.0 
79.164 514.0 
79.129 515.0 
79.153 516.0 
79.164 517.0 
78.966 518.0 
78.978 519.0 
79.001 520.0 
79.048 521.0 
79.013 522.0 
79.013 523.0 
79.024 524.0 
79.001 525.0 
79.036 526.0 
79.001 527.0 
78.942 528.0 
78.978 529.0 
78.954 530.0 
78.942 531.0 
79.059 532.0 
79.036 533.0 
78.978 534.0 
78.989 535.0 
78.931 536.0 
78.896 537.0 
78.814 538.0 
78.791 539.0 
78.779 540.0 
78.872 541.0 
78.767 542.0 
78.779 543.0 
78.732 544.0 
78.697 545.0 
78.604 546.0 
78.744 547.0 
78.697 548.0 
78.639 549.0 
78.604 550.0 
78.58 551.0 
78.627 552.0 
78.58 553.0 
78.557 554.0 
78.545 555.0 
78.639 556.0 
78.545 557.0 
78.557 558.0 
78.172 559.0 
78.592 560.0 
78.58 561.0 
78.487 562.0 
78.627 563.0 
78.557 564.0 
78.487 565.0 
78.615 566.0 
78.639 567.0 
78.499 568.0 
78.545 569.0 
78.58 570.0 
78.662 571.0 
78.534 572.0 
78.487 573.0 
78.58 574.0 
78.569 575.0 
78.65 576.0 
78.557 577.0 
78.557 578.0 
78.65 579.0 
78.569 580.0 
78.674 581.0 
78.592 582.0 
78.662 583.0 
78.627 584.0 
78.709 585.0 
78.627 586.0 
78.534 587.0 
78.627 588.0 
78.58 589.0 
78.639 590.0 
78.557 591.0 
78.615 592.0 
78.534 593.0 
78.604 594.0 
78.545 595.0 
78.557 596.0 
78.534 597.0 
78.65 598.0 
78.545 599.0 
78.615 600.0 
78.686 601.0 
78.615 602.0 
78.686 603.0 
78.58 604.0 
78.65 605.0 
78.545 606.0 
78.627 607.0 
78.545 608.0 
78.592 609.0 
78.697 610.0 
78.592 611.0 
78.686 612.0 
78.569 613.0 
78.639 614.0 
78.51 615.0 
78.58 616.0 
78.662 617.0 
78.499 618.0 
78.627 619.0 
78.429 620.0 
78.604 621.0 
78.639 622.0 
78.534 623.0 
78.592 624.0 
78.662 625.0 
78.557 626.0 
78.639 627.0 
78.674 628.0 
78.58 629.0 
78.65 630.0 
78.697 631.0 
78.51 632.0 
78.639 633.0 
78.954 634.0 
78.545 635.0 
78.627 636.0 
78.662 637.0 
78.58 638.0 
78.615 639.0 
78.662 640.0 
78.534 641.0 
78.522 642.0 
78.639 643.0 
78.522 644.0 
78.534 645.0 
78.639 646.0 
78.697 647.0 
78.545 648.0 
78.592 649.0 
78.627 650.0 
78.475 651.0 
78.522 652.0 
78.569 653.0 
78.65 654.0 
78.522 655.0 
78.569 656.0 
78.604 657.0 
78.639 658.0 
78.534 659.0 
78.58 660.0 
78.639 661.0 
78.639 662.0 
78.522 663.0 
78.58 664.0 
78.65 665.0 
78.697 666.0 
78.545 667.0 
78.58 668.0 
78.65 669.0 
78.65 670.0 
78.545 671.0 
78.569 672.0 
78.604 673.0 
78.615 674.0 
78.604 675.0 
78.545 676.0 
78.569 677.0 
78.627 678.0 
78.604 679.0 
78.686 680.0 
78.522 681.0 
78.534 682.0 
78.592 683.0 
78.674 684.0 
78.662 685.0 
78.709 686.0 
78.464 687.0 
78.557 688.0 
78.58 689.0 
78.627 690.0 
78.639 691.0 
78.674 692.0 
78.522 693.0 
78.58 694.0 
78.58 695.0 
78.604 696.0 
78.65 697.0 
78.627 698.0 
78.394 699.0 
78.51 700.0 
78.522 701.0 
78.569 702.0 
78.604 703.0 
78.662 704.0 
78.639 705.0 
78.674 706.0 
78.487 707.0 
78.534 708.0 
78.569 709.0 
78.604 710.0 
78.615 711.0 
78.592 712.0 
78.65 713.0 
78.65 714.0 
78.569 715.0 
78.499 716.0 
78.499 717.0 
78.545 718.0 
78.58 719.0 
78.58 720.0 
78.592 721.0 
78.615 722.0 
78.662 723.0 
78.674 724.0 
78.709 725.0 
78.51 726.0 
78.522 727.0 
78.534 728.0 
78.569 729.0 
78.58 730.0 
78.604 731.0 
78.592 732.0 
78.592 733.0 
78.592 734.0 
78.615 735.0 
78.662 736.0 
78.627 737.0 
78.686 738.0 
78.452 739.0 
78.51 740.0 
78.499 741.0 
78.51 742.0 
78.534 743.0 
78.557 744.0 
78.51 745.0 
78.534 746.0 
78.557 747.0 
78.557 748.0 
78.557 749.0 
78.592 750.0 
78.557 751.0 
78.545 752.0 
78.569 753.0 
78.545 754.0 
78.534 755.0 
78.58 756.0 
78.569 757.0 
78.569 758.0 
78.615 759.0 
78.557 760.0 
78.557 761.0 
78.615 762.0 
78.604 763.0 
78.65 764.0 
78.592 765.0 
78.615 766.0 
78.592 767.0 
78.615 768.0 
78.662 769.0 
78.627 770.0 
78.615 771.0 
78.627 772.0 
78.592 773.0 
78.615 774.0 
78.627 775.0 
78.627 776.0 
78.592 777.0 
78.604 778.0 
78.58 779.0 
78.58 780.0 
78.592 781.0 
78.627 782.0 
78.627 783.0 
78.615 784.0 
78.615 785.0 
78.604 786.0 
78.615 787.0 
78.592 788.0 
78.592 789.0 
78.604 790.0 
78.627 791.0 
78.592 792.0 
78.569 793.0 
78.58 794.0 
78.592 795.0 
78.592 796.0 
78.569 797.0 
78.557 798.0 
78.569 799.0 
78.569 800.0 
78.592 801.0 
78.592 802.0 
78.569 803.0 
78.58 804.0 
0.007 805.0 
0.001 806.0 
-0.006 807.0 
0.002 808.0 
-0.002 809.0 
0.0 810.0 
-0.004 811.0 
-0.01 812.0 
-0.014 813.0 
-0.01 814.0 
-0.016 815.0 
-0.023 816.0 
-0.032 817.0 
-0.035 818.0 
-0.034 819.0 
-0.034 820.0 
-0.041 821.0 
-0.046 822.0 
-0.036 823.0 
-0.044 824.0 
-0.035 825.0 
-0.031 826.0 
-0.038 827.0 
-0.032 828.0 
-0.032 829.0 
