-0.041 257.0 
-0.026 258.0 
-0.052 259.0 
-0.035 260.0 
-0.029 261.0 
-0.05 262.0 
-0.042 263.0 
-0.025 264.0 
-0.018 265.0 
-0.032 266.0 
-0.029 267.0 
-0.037 268.0 
-0.047 269.0 
-0.04 270.0 
-0.041 271.0 
-0.049 272.0 
-0.047 273.0 
-0.03 274.0 
138.579 275.0 
135.624 276.0 
134.643 277.0 
133.148 278.0 
131.676 279.0 
129.69 280.0 
127.95 281.0 
125.836 282.0 
122.729 283.0 
121.059 284.0 
120.72 285.0 
120.405 286.0 
120.218 287.0 
120.008 288.0 
119.763 289.0 
119.202 290.0 
119.12 291.0 
118.863 292.0 
118.688 293.0 
118.571 294.0 
118.116 295.0 
117.976 296.0 
117.917 297.0 
117.403 298.0 
117.263 299.0 
117.158 300.0 
116.633 301.0 
116.539 302.0 
116.025 303.0 
115.92 304.0 
115.768 305.0 
115.079 306.0 
113.759 307.0 
111.447 308.0 
108.947 309.0 
105.689 310.0 
102.407 311.0 
98.471 312.0 
94.757 313.0 
90.762 314.0 
87.013 315.0 
83.171 316.0 
79.632 317.0 
77.179 318.0 
77.074 319.0 
76.864 320.0 
76.758 321.0 
76.7 322.0 
76.607 323.0 
76.677 324.0 
76.583 325.0 
76.525 326.0 
76.56 327.0 
76.501 328.0 
76.688 329.0 
76.642 330.0 
76.56 331.0 
76.828 332.0 
76.665 333.0 
76.583 334.0 
76.548 335.0 
76.63 336.0 
76.618 337.0 
76.513 338.0 
76.665 339.0 
76.595 340.0 
76.595 341.0 
76.548 342.0 
76.326 343.0 
76.583 344.0 
76.56 345.0 
76.56 346.0 
76.513 347.0 
76.455 348.0 
76.583 349.0 
76.607 350.0 
76.548 351.0 
76.583 352.0 
76.572 353.0 
76.478 354.0 
76.63 355.0 
76.572 356.0 
76.63 357.0 
76.56 358.0 
76.63 359.0 
76.583 360.0 
76.63 361.0 
76.513 362.0 
76.572 363.0 
76.501 364.0 
76.536 365.0 
76.583 366.0 
76.618 367.0 
76.56 368.0 
76.56 369.0 
76.56 370.0 
76.583 371.0 
76.618 372.0 
76.642 373.0 
76.653 374.0 
76.653 375.0 
76.922 376.0 
76.513 377.0 
76.56 378.0 
76.56 379.0 
76.56 380.0 
76.572 381.0 
76.677 382.0 
76.595 383.0 
76.513 384.0 
76.548 385.0 
76.653 386.0 
76.548 387.0 
76.49 388.0 
76.583 389.0 
76.56 390.0 
76.572 391.0 
76.548 392.0 
76.653 393.0 
76.501 394.0 
76.572 395.0 
76.677 396.0 
76.525 397.0 
76.595 398.0 
76.443 399.0 
76.513 400.0 
76.653 401.0 
76.583 402.0 
76.653 403.0 
76.595 404.0 
76.56 405.0 
76.525 406.0 
76.548 407.0 
76.536 408.0 
76.536 409.0 
76.455 410.0 
76.548 411.0 
76.63 412.0 
76.992 413.0 
76.642 414.0 
76.56 415.0 
76.595 416.0 
76.513 417.0 
76.618 418.0 
76.595 419.0 
76.513 420.0 
76.572 421.0 
76.607 422.0 
76.618 423.0 
76.513 424.0 
76.525 425.0 
76.595 426.0 
76.618 427.0 
76.536 428.0 
76.536 429.0 
76.478 430.0 
76.572 431.0 
76.607 432.0 
76.607 433.0 
76.478 434.0 
76.513 435.0 
76.548 436.0 
76.642 437.0 
76.501 438.0 
76.548 439.0 
76.548 440.0 
76.583 441.0 
76.536 442.0 
76.548 443.0 
76.525 444.0 
76.536 445.0 
76.513 446.0 
76.607 447.0 
76.63 448.0 
76.548 449.0 
76.899 450.0 
76.536 451.0 
76.548 452.0 
76.548 453.0 
76.49 454.0 
76.63 455.0 
76.431 456.0 
76.525 457.0 
76.513 458.0 
76.607 459.0 
76.63 460.0 
76.56 461.0 
76.513 462.0 
76.595 463.0 
76.548 464.0 
76.56 465.0 
76.583 466.0 
76.572 467.0 
76.478 468.0 
76.595 469.0 
76.525 470.0 
76.572 471.0 
76.56 472.0 
76.618 473.0 
76.56 474.0 
76.607 475.0 
76.595 476.0 
76.501 477.0 
76.572 478.0 
76.478 479.0 
76.548 480.0 
76.642 481.0 
76.525 482.0 
76.618 483.0 
76.49 484.0 
76.56 485.0 
76.49 486.0 
76.536 487.0 
76.63 488.0 
76.536 489.0 
76.525 490.0 
76.595 491.0 
76.618 492.0 
76.548 493.0 
76.572 494.0 
76.513 495.0 
76.455 496.0 
76.583 497.0 
76.618 498.0 
76.466 499.0 
76.443 500.0 
76.56 501.0 
76.583 502.0 
76.443 503.0 
76.455 504.0 
76.513 505.0 
76.501 506.0 
76.548 507.0 
76.922 508.0 
76.455 509.0 
76.501 510.0 
76.49 511.0 
76.513 512.0 
76.513 513.0 
76.548 514.0 
76.583 515.0 
76.572 516.0 
76.595 517.0 
76.396 518.0 
76.396 519.0 
76.431 520.0 
76.49 521.0 
76.408 522.0 
76.455 523.0 
76.443 524.0 
76.385 525.0 
76.373 526.0 
76.408 527.0 
76.338 528.0 
76.361 529.0 
76.338 530.0 
76.35 531.0 
76.513 532.0 
76.466 533.0 
76.42 534.0 
76.431 535.0 
76.431 536.0 
76.373 537.0 
76.303 538.0 
76.291 539.0 
76.245 540.0 
76.373 541.0 
76.291 542.0 
76.256 543.0 
76.198 544.0 
76.151 545.0 
76.116 546.0 
76.233 547.0 
76.186 548.0 
76.116 549.0 
76.104 550.0 
75.999 551.0 
76.163 552.0 
76.093 553.0 
76.058 554.0 
76.034 555.0 
76.151 556.0 
76.069 557.0 
76.069 558.0 
75.777 559.0 
76.093 560.0 
76.058 561.0 
76.011 562.0 
76.128 563.0 
76.081 564.0 
75.953 565.0 
76.104 566.0 
76.151 567.0 
75.988 568.0 
76.081 569.0 
76.023 570.0 
76.151 571.0 
76.081 572.0 
76.023 573.0 
76.034 574.0 
76.058 575.0 
76.151 576.0 
76.069 577.0 
76.069 578.0 
76.163 579.0 
76.081 580.0 
76.163 581.0 
76.128 582.0 
76.139 583.0 
76.128 584.0 
76.221 585.0 
76.116 586.0 
76.023 587.0 
76.163 588.0 
76.069 589.0 
76.128 590.0 
76.069 591.0 
76.139 592.0 
76.046 593.0 
76.081 594.0 
76.069 595.0 
76.081 596.0 
76.069 597.0 
76.139 598.0 
76.046 599.0 
76.139 600.0 
76.186 601.0 
76.058 602.0 
76.198 603.0 
76.081 604.0 
76.163 605.0 
76.034 606.0 
76.128 607.0 
76.011 608.0 
76.104 609.0 
76.198 610.0 
76.069 611.0 
76.186 612.0 
76.058 613.0 
76.104 614.0 
76.034 615.0 
76.081 616.0 
76.198 617.0 
76.069 618.0 
76.128 619.0 
75.742 620.0 
76.081 621.0 
76.139 622.0 
76.011 623.0 
76.069 624.0 
76.163 625.0 
76.023 626.0 
76.081 627.0 
76.174 628.0 
76.058 629.0 
76.116 630.0 
76.186 631.0 
75.999 632.0 
76.128 633.0 
76.186 634.0 
76.081 635.0 
76.104 636.0 
76.163 637.0 
76.023 638.0 
76.128 639.0 
76.209 640.0 
76.046 641.0 
76.116 642.0 
76.116 643.0 
75.999 644.0 
76.058 645.0 
76.116 646.0 
76.151 647.0 
76.046 648.0 
76.069 649.0 
76.151 650.0 
76.011 651.0 
76.081 652.0 
76.128 653.0 
76.174 654.0 
76.023 655.0 
76.058 656.0 
76.104 657.0 
76.151 658.0 
76.046 659.0 
76.116 660.0 
76.163 661.0 
76.186 662.0 
76.046 663.0 
76.093 664.0 
76.139 665.0 
76.186 666.0 
76.034 667.0 
76.069 668.0 
76.093 669.0 
76.174 670.0 
76.046 671.0 
76.023 672.0 
76.116 673.0 
76.139 674.0 
76.128 675.0 
75.999 676.0 
76.058 677.0 
76.104 678.0 
76.069 679.0 
76.163 680.0 
76.023 681.0 
75.999 682.0 
76.069 683.0 
76.116 684.0 
76.163 685.0 
76.209 686.0 
76.034 687.0 
76.046 688.0 
76.104 689.0 
76.104 690.0 
76.128 691.0 
76.186 692.0 
76.011 693.0 
76.058 694.0 
76.069 695.0 
76.128 696.0 
76.139 697.0 
76.151 698.0 
75.871 699.0 
76.023 700.0 
76.034 701.0 
76.069 702.0 
76.058 703.0 
76.093 704.0 
76.128 705.0 
76.174 706.0 
76.011 707.0 
76.034 708.0 
76.069 709.0 
76.081 710.0 
76.058 711.0 
76.081 712.0 
76.163 713.0 
76.174 714.0 
76.011 715.0 
76.011 716.0 
76.034 717.0 
76.069 718.0 
76.081 719.0 
76.081 720.0 
76.093 721.0 
76.116 722.0 
76.116 723.0 
76.128 724.0 
76.163 725.0 
75.988 726.0 
75.988 727.0 
76.023 728.0 
76.058 729.0 
76.069 730.0 
76.081 731.0 
76.104 732.0 
76.128 733.0 
76.139 734.0 
76.151 735.0 
76.174 736.0 
76.151 737.0 
76.186 738.0 
76.186 739.0 
76.023 740.0 
76.023 741.0 
76.011 742.0 
75.976 743.0 
76.023 744.0 
76.011 745.0 
76.046 746.0 
76.058 747.0 
75.988 748.0 
76.046 749.0 
76.069 750.0 
76.069 751.0 
76.069 752.0 
76.093 753.0 
76.058 754.0 
76.081 755.0 
76.081 756.0 
76.116 757.0 
76.081 758.0 
76.093 759.0 
76.093 760.0 
76.104 761.0 
76.093 762.0 
76.128 763.0 
76.069 764.0 
76.104 765.0 
76.116 766.0 
76.104 767.0 
76.104 768.0 
76.081 769.0 
76.104 770.0 
76.093 771.0 
76.093 772.0 
76.093 773.0 
76.139 774.0 
76.116 775.0 
76.128 776.0 
76.116 777.0 
76.104 778.0 
76.093 779.0 
76.116 780.0 
76.128 781.0 
76.116 782.0 
76.081 783.0 
76.093 784.0 
76.058 785.0 
76.093 786.0 
76.093 787.0 
76.093 788.0 
76.104 789.0 
76.046 790.0 
76.069 791.0 
76.081 792.0 
76.104 793.0 
76.128 794.0 
76.081 795.0 
76.093 796.0 
76.093 797.0 
76.116 798.0 
76.104 799.0 
76.081 800.0 
76.104 801.0 
76.116 802.0 
76.093 803.0 
76.081 804.0 
-0.001 805.0 
0.002 806.0 
-0.004 807.0 
-0.018 808.0 
-0.004 809.0 
-0.011 810.0 
-0.026 811.0 
-0.029 812.0 
-0.037 813.0 
-0.037 814.0 
-0.043 815.0 
-0.046 816.0 
-0.042 817.0 
-0.05 818.0 
-0.048 819.0 
-0.046 820.0 
-0.05 821.0 
-0.05 822.0 
-0.046 823.0 
-0.047 824.0 
-0.041 825.0 
-0.038 826.0 
-0.036 827.0 
-0.036 828.0 
-0.038 829.0 
