-0.05 257.0 
-0.048 258.0 
-0.054 259.0 
-0.029 260.0 
-0.052 261.0 
-0.052 262.0 
-0.036 263.0 
-0.038 264.0 
-0.017 265.0 
-0.028 266.0 
-0.034 267.0 
-0.04 268.0 
-0.03 269.0 
-0.026 270.0 
-0.058 271.0 
-0.053 272.0 
-0.03 273.0 
-0.048 274.0 
149.452 275.0 
146.544 276.0 
145.353 277.0 
143.741 278.0 
142.164 279.0 
140.027 280.0 
138.065 281.0 
135.787 282.0 
131.664 283.0 
129.749 284.0 
129.387 285.0 
129.083 286.0 
128.838 287.0 
128.499 288.0 
128.195 289.0 
127.53 290.0 
127.401 291.0 
127.203 292.0 
126.992 293.0 
126.852 294.0 
126.303 295.0 
126.151 296.0 
126.058 297.0 
125.509 298.0 
125.322 299.0 
125.217 300.0 
124.68 301.0 
124.598 302.0 
124.096 303.0 
123.921 304.0 
123.804 305.0 
123.138 306.0 
122.017 307.0 
119.728 308.0 
117.041 309.0 
113.456 310.0 
109.765 311.0 
105.327 312.0 
101.239 313.0 
96.882 314.0 
93.016 315.0 
88.952 316.0 
85.226 317.0 
82.353 318.0 
82.295 319.0 
81.991 320.0 
81.792 321.0 
81.792 322.0 
81.676 323.0 
81.757 324.0 
81.687 325.0 
81.629 326.0 
81.64 327.0 
81.559 328.0 
81.804 329.0 
81.722 330.0 
81.594 331.0 
81.664 332.0 
81.734 333.0 
81.594 334.0 
81.676 335.0 
81.711 336.0 
81.687 337.0 
81.594 338.0 
81.757 339.0 
81.64 340.0 
81.664 341.0 
81.594 342.0 
81.734 343.0 
81.629 344.0 
81.664 345.0 
81.64 346.0 
81.547 347.0 
81.617 348.0 
81.652 349.0 
81.664 350.0 
81.605 351.0 
81.64 352.0 
81.617 353.0 
81.582 354.0 
81.57 355.0 
81.605 356.0 
81.687 357.0 
81.605 358.0 
81.722 359.0 
81.652 360.0 
81.699 361.0 
81.605 362.0 
81.664 363.0 
81.605 364.0 
81.605 365.0 
81.652 366.0 
81.664 367.0 
81.617 368.0 
81.64 369.0 
81.617 370.0 
81.664 371.0 
81.652 372.0 
81.711 373.0 
81.687 374.0 
81.722 375.0 
81.827 376.0 
81.57 377.0 
81.64 378.0 
81.652 379.0 
81.64 380.0 
81.652 381.0 
81.757 382.0 
81.617 383.0 
81.617 384.0 
81.617 385.0 
81.699 386.0 
81.582 387.0 
81.524 388.0 
81.652 389.0 
81.676 390.0 
81.64 391.0 
81.605 392.0 
81.711 393.0 
81.547 394.0 
81.594 395.0 
81.722 396.0 
81.594 397.0 
81.664 398.0 
81.547 399.0 
81.582 400.0 
81.676 401.0 
81.664 402.0 
81.722 403.0 
81.664 404.0 
81.664 405.0 
81.605 406.0 
81.617 407.0 
81.559 408.0 
81.605 409.0 
81.547 410.0 
81.617 411.0 
81.64 412.0 
82.096 413.0 
81.664 414.0 
81.629 415.0 
81.617 416.0 
81.617 417.0 
81.687 418.0 
81.652 419.0 
81.605 420.0 
81.629 421.0 
81.664 422.0 
81.676 423.0 
81.594 424.0 
81.594 425.0 
81.652 426.0 
81.652 427.0 
81.535 428.0 
81.594 429.0 
81.547 430.0 
81.652 431.0 
81.664 432.0 
81.687 433.0 
81.547 434.0 
81.559 435.0 
81.594 436.0 
81.652 437.0 
81.582 438.0 
81.524 439.0 
81.582 440.0 
81.617 441.0 
81.605 442.0 
81.629 443.0 
81.605 444.0 
81.582 445.0 
81.617 446.0 
81.699 447.0 
81.699 448.0 
81.652 449.0 
82.026 450.0 
81.594 451.0 
81.57 452.0 
81.559 453.0 
81.57 454.0 
81.617 455.0 
81.454 456.0 
81.582 457.0 
81.57 458.0 
81.652 459.0 
81.664 460.0 
81.617 461.0 
81.582 462.0 
81.711 463.0 
81.664 464.0 
81.617 465.0 
81.711 466.0 
81.629 467.0 
81.535 468.0 
81.629 469.0 
81.617 470.0 
81.582 471.0 
81.617 472.0 
81.442 473.0 
81.629 474.0 
81.687 475.0 
81.605 476.0 
81.547 477.0 
81.617 478.0 
81.512 479.0 
81.629 480.0 
81.699 481.0 
81.617 482.0 
81.676 483.0 
81.629 484.0 
81.652 485.0 
81.535 486.0 
81.594 487.0 
81.64 488.0 
81.547 489.0 
81.617 490.0 
81.664 491.0 
81.605 492.0 
81.629 493.0 
81.652 494.0 
81.57 495.0 
81.582 496.0 
81.629 497.0 
81.699 498.0 
81.57 499.0 
81.594 500.0 
81.594 501.0 
81.652 502.0 
81.535 503.0 
81.57 504.0 
81.594 505.0 
81.594 506.0 
81.547 507.0 
81.617 508.0 
81.5 509.0 
81.547 510.0 
81.559 511.0 
81.594 512.0 
81.605 513.0 
81.594 514.0 
81.64 515.0 
81.629 516.0 
81.664 517.0 
81.454 518.0 
81.477 519.0 
81.5 520.0 
81.524 521.0 
81.489 522.0 
81.5 523.0 
81.5 524.0 
81.5 525.0 
81.524 526.0 
81.489 527.0 
81.477 528.0 
81.419 529.0 
81.43 530.0 
81.407 531.0 
81.559 532.0 
81.804 533.0 
81.489 534.0 
81.5 535.0 
81.407 536.0 
81.419 537.0 
81.36 538.0 
81.29 539.0 
81.278 540.0 
81.395 541.0 
81.313 542.0 
81.29 543.0 
81.208 544.0 
81.22 545.0 
81.103 546.0 
81.267 547.0 
81.185 548.0 
81.15 549.0 
81.103 550.0 
81.068 551.0 
81.173 552.0 
81.103 553.0 
81.08 554.0 
81.045 555.0 
81.138 556.0 
81.103 557.0 
81.08 558.0 
80.858 559.0 
81.15 560.0 
81.08 561.0 
81.01 562.0 
81.127 563.0 
81.057 564.0 
81.021 565.0 
81.162 566.0 
81.185 567.0 
80.998 568.0 
81.127 569.0 
81.045 570.0 
81.173 571.0 
81.08 572.0 
81.033 573.0 
81.115 574.0 
81.08 575.0 
81.477 576.0 
81.021 577.0 
81.068 578.0 
81.185 579.0 
81.138 580.0 
81.162 581.0 
81.115 582.0 
81.197 583.0 
81.162 584.0 
80.916 585.0 
81.173 586.0 
81.08 587.0 
81.162 588.0 
81.092 589.0 
81.15 590.0 
81.068 591.0 
81.138 592.0 
81.068 593.0 
81.138 594.0 
81.045 595.0 
81.115 596.0 
81.068 597.0 
81.103 598.0 
81.045 599.0 
81.115 600.0 
81.197 601.0 
81.138 602.0 
81.22 603.0 
81.127 604.0 
81.173 605.0 
81.092 606.0 
81.162 607.0 
81.045 608.0 
81.103 609.0 
81.197 610.0 
81.103 611.0 
81.162 612.0 
81.08 613.0 
81.092 614.0 
81.045 615.0 
81.057 616.0 
81.162 617.0 
81.057 618.0 
81.15 619.0 
80.905 620.0 
81.092 621.0 
81.162 622.0 
81.068 623.0 
81.138 624.0 
81.185 625.0 
81.103 626.0 
81.138 627.0 
81.22 628.0 
81.057 629.0 
81.127 630.0 
81.173 631.0 
81.068 632.0 
81.162 633.0 
81.477 634.0 
81.057 635.0 
81.103 636.0 
81.185 637.0 
81.08 638.0 
81.08 639.0 
81.162 640.0 
81.08 641.0 
81.068 642.0 
81.173 643.0 
81.033 644.0 
81.021 645.0 
81.15 646.0 
81.197 647.0 
81.057 648.0 
81.092 649.0 
81.162 650.0 
81.01 651.0 
81.045 652.0 
81.138 653.0 
81.173 654.0 
81.021 655.0 
81.033 656.0 
81.138 657.0 
81.197 658.0 
81.057 659.0 
81.115 660.0 
81.185 661.0 
81.185 662.0 
81.068 663.0 
81.138 664.0 
81.197 665.0 
81.243 666.0 
81.045 667.0 
81.092 668.0 
81.138 669.0 
81.185 670.0 
81.057 671.0 
81.08 672.0 
81.103 673.0 
81.138 674.0 
81.185 675.0 
81.045 676.0 
81.057 677.0 
81.115 678.0 
81.15 679.0 
81.208 680.0 
81.01 681.0 
81.068 682.0 
81.115 683.0 
81.173 684.0 
81.127 685.0 
81.232 686.0 
80.975 687.0 
81.103 688.0 
81.115 689.0 
81.138 690.0 
81.185 691.0 
81.197 692.0 
81.045 693.0 
81.033 694.0 
81.115 695.0 
81.127 696.0 
81.127 697.0 
81.197 698.0 
81.01 699.0 
81.045 700.0 
81.057 701.0 
81.103 702.0 
81.103 703.0 
81.162 704.0 
81.197 705.0 
81.232 706.0 
81.021 707.0 
81.068 708.0 
81.103 709.0 
81.103 710.0 
81.127 711.0 
81.162 712.0 
81.173 713.0 
81.185 714.0 
81.021 715.0 
81.021 716.0 
81.033 717.0 
81.103 718.0 
81.092 719.0 
81.103 720.0 
81.115 721.0 
81.103 722.0 
81.173 723.0 
81.232 724.0 
81.243 725.0 
81.01 726.0 
81.068 727.0 
81.045 728.0 
81.08 729.0 
81.08 730.0 
81.115 731.0 
81.138 732.0 
81.173 733.0 
81.138 734.0 
81.15 735.0 
81.127 736.0 
81.197 737.0 
81.243 738.0 
81.01 739.0 
81.01 740.0 
80.998 741.0 
81.033 742.0 
81.021 743.0 
81.057 744.0 
81.08 745.0 
81.045 746.0 
81.068 747.0 
81.045 748.0 
81.068 749.0 
81.103 750.0 
81.068 751.0 
81.092 752.0 
81.08 753.0 
81.103 754.0 
81.127 755.0 
81.103 756.0 
81.103 757.0 
81.138 758.0 
81.115 759.0 
81.127 760.0 
81.092 761.0 
81.127 762.0 
81.138 763.0 
81.103 764.0 
81.138 765.0 
81.127 766.0 
81.138 767.0 
81.127 768.0 
81.115 769.0 
81.127 770.0 
81.115 771.0 
81.138 772.0 
81.127 773.0 
81.127 774.0 
81.115 775.0 
81.138 776.0 
81.138 777.0 
81.15 778.0 
81.127 779.0 
81.138 780.0 
81.115 781.0 
81.115 782.0 
81.162 783.0 
81.127 784.0 
81.127 785.0 
81.138 786.0 
81.115 787.0 
81.127 788.0 
81.127 789.0 
81.127 790.0 
81.127 791.0 
81.115 792.0 
81.115 793.0 
81.092 794.0 
81.092 795.0 
81.068 796.0 
81.092 797.0 
81.127 798.0 
81.115 799.0 
81.103 800.0 
81.092 801.0 
81.08 802.0 
81.092 803.0 
81.103 804.0 
0.01 805.0 
0.005 806.0 
-0.005 807.0 
-0.01 808.0 
-0.013 809.0 
-0.014 810.0 
-0.025 811.0 
-0.036 812.0 
-0.04 813.0 
-0.054 814.0 
-0.059 815.0 
-0.061 816.0 
-0.059 817.0 
-0.055 818.0 
-0.06 819.0 
-0.067 820.0 
-0.065 821.0 
-0.066 822.0 
-0.059 823.0 
-0.055 824.0 
-0.054 825.0 
-0.054 826.0 
-0.046 827.0 
-0.046 828.0 
-0.046 829.0 
