-0.035 257.0 
-0.036 258.0 
-0.031 259.0 
-0.068 260.0 
-0.036 261.0 
-0.049 262.0 
-0.044 263.0 
-0.029 264.0 
-0.044 265.0 
-0.059 266.0 
-0.035 267.0 
-0.037 268.0 
-0.03 269.0 
-0.043 270.0 
-0.044 271.0 
-0.043 272.0 
-0.037 273.0 
-0.035 274.0 
786.225 275.0 
781.119 276.0 
778.798 277.0 
774.04 278.0 
769.746 279.0 
765.916 280.0 
763.131 281.0 
761.507 282.0 
757.677 283.0 
755.82 284.0 
754.312 285.0 
753.267 286.0 
752.919 287.0 
751.991 288.0 
751.41 289.0 
753.151 290.0 
748.393 291.0 
747.697 292.0 
747.349 293.0 
747.813 294.0 
745.028 295.0 
745.26 296.0 
746.072 297.0 
743.519 298.0 
743.287 299.0 
743.403 300.0 
741.43 301.0 
742.243 302.0 
739.574 303.0 
740.502 304.0 
741.314 305.0 
739.922 306.0 
739.922 307.0 
738.297 308.0 
739.109 309.0 
737.253 310.0 
737.949 311.0 
737.137 312.0 
737.601 313.0 
736.324 314.0 
736.672 315.0 
736.324 316.0 
737.137 317.0 
735.86 318.0 
736.672 319.0 
735.396 320.0 
732.263 321.0 
735.512 322.0 
734.584 323.0 
735.628 324.0 
735.28 325.0 
735.86 326.0 
734.816 327.0 
733.771 328.0 
735.628 329.0 
735.048 330.0 
734.467 331.0 
737.601 332.0 
735.164 333.0 
734.235 334.0 
734.816 335.0 
734.7 336.0 
734.7 337.0 
734.003 338.0 
735.28 339.0 
733.887 340.0 
733.655 341.0 
733.771 342.0 
731.45 343.0 
733.771 344.0 
734.003 345.0 
733.539 346.0 
732.727 347.0 
732.843 348.0 
734.119 349.0 
733.887 350.0 
733.539 351.0 
734.119 352.0 
733.423 353.0 
731.218 354.0 
734.467 355.0 
733.771 356.0 
734.351 357.0 
733.771 358.0 
734.119 359.0 
733.539 360.0 
733.655 361.0 
733.191 362.0 
733.423 363.0 
732.959 364.0 
733.191 365.0 
733.423 366.0 
733.423 367.0 
732.727 368.0 
732.959 369.0 
733.307 370.0 
733.771 371.0 
734.003 372.0 
734.003 373.0 
733.887 374.0 
734.003 375.0 
734.235 376.0 
732.611 377.0 
733.075 378.0 
733.307 379.0 
733.075 380.0 
733.191 381.0 
734.119 382.0 
732.843 383.0 
732.959 384.0 
732.843 385.0 
733.887 386.0 
732.495 387.0 
732.611 388.0 
733.423 389.0 
733.655 390.0 
733.423 391.0 
733.307 392.0 
733.887 393.0 
732.495 394.0 
733.191 395.0 
734.003 396.0 
732.843 397.0 
733.539 398.0 
732.03 399.0 
732.146 400.0 
733.539 401.0 
733.307 402.0 
734.003 403.0 
733.191 404.0 
733.191 405.0 
732.843 406.0 
732.959 407.0 
732.727 408.0 
733.307 409.0 
732.727 410.0 
733.423 411.0 
733.655 412.0 
736.788 413.0 
733.771 414.0 
732.495 415.0 
733.539 416.0 
732.959 417.0 
734.467 418.0 
733.655 419.0 
732.611 420.0 
733.075 421.0 
733.307 422.0 
733.539 423.0 
732.611 424.0 
732.843 425.0 
733.191 426.0 
733.307 427.0 
732.727 428.0 
732.959 429.0 
732.843 430.0 
733.191 431.0 
733.887 432.0 
733.887 433.0 
732.611 434.0 
732.611 435.0 
733.075 436.0 
733.771 437.0 
732.727 438.0 
732.611 439.0 
732.959 440.0 
733.075 441.0 
732.727 442.0 
733.075 443.0 
732.843 444.0 
732.727 445.0 
732.611 446.0 
733.771 447.0 
733.539 448.0 
733.307 449.0 
735.976 450.0 
732.959 451.0 
733.075 452.0 
732.727 453.0 
732.843 454.0 
733.423 455.0 
733.423 456.0 
732.959 457.0 
733.075 458.0 
733.655 459.0 
733.655 460.0 
733.191 461.0 
732.727 462.0 
733.655 463.0 
733.075 464.0 
733.191 465.0 
733.423 466.0 
733.075 467.0 
732.379 468.0 
733.423 469.0 
733.191 470.0 
733.075 471.0 
733.191 472.0 
733.887 473.0 
733.191 474.0 
734.003 475.0 
733.075 476.0 
732.379 477.0 
733.307 478.0 
732.495 479.0 
732.959 480.0 
733.539 481.0 
733.191 482.0 
733.655 483.0 
732.611 484.0 
733.075 485.0 
732.495 486.0 
732.611 487.0 
733.191 488.0 
732.379 489.0 
733.075 490.0 
733.191 491.0 
733.307 492.0 
732.843 493.0 
733.075 494.0 
732.263 495.0 
732.03 496.0 
733.075 497.0 
733.307 498.0 
732.379 499.0 
732.03 500.0 
732.495 501.0 
733.307 502.0 
731.566 503.0 
731.566 504.0 
731.914 505.0 
732.263 506.0 
730.174 507.0 
735.396 508.0 
731.334 509.0 
731.798 510.0 
732.03 511.0 
732.146 512.0 
732.03 513.0 
731.914 514.0 
732.495 515.0 
732.379 516.0 
735.628 517.0 
731.102 518.0 
731.334 519.0 
731.218 520.0 
730.754 521.0 
731.102 522.0 
731.218 523.0 
731.102 524.0 
731.218 525.0 
731.102 526.0 
731.45 527.0 
730.638 528.0 
730.754 529.0 
730.754 530.0 
730.754 531.0 
732.146 532.0 
731.798 533.0 
731.682 534.0 
731.914 535.0 
731.566 536.0 
731.914 537.0 
731.45 538.0 
731.102 539.0 
730.87 540.0 
732.03 541.0 
731.45 542.0 
731.682 543.0 
731.218 544.0 
731.218 545.0 
730.638 546.0 
731.914 547.0 
731.566 548.0 
730.986 549.0 
731.102 550.0 
730.174 551.0 
731.682 552.0 
731.334 553.0 
730.986 554.0 
730.87 555.0 
732.146 556.0 
731.45 557.0 
731.45 558.0 
725.764 559.0 
731.334 560.0 
730.87 561.0 
730.058 562.0 
731.682 563.0 
730.986 564.0 
730.174 565.0 
731.45 566.0 
730.986 567.0 
730.522 568.0 
730.87 569.0 
730.986 570.0 
732.03 571.0 
731.334 572.0 
730.754 573.0 
731.218 574.0 
731.102 575.0 
732.03 576.0 
731.102 577.0 
731.218 578.0 
731.914 579.0 
731.334 580.0 
732.03 581.0 
731.45 582.0 
731.566 583.0 
731.45 584.0 
728.433 585.0 
731.798 586.0 
730.986 587.0 
731.566 588.0 
730.986 589.0 
732.03 590.0 
730.986 591.0 
731.914 592.0 
731.45 593.0 
731.914 594.0 
731.102 595.0 
731.45 596.0 
730.986 597.0 
731.566 598.0 
731.102 599.0 
731.566 600.0 
732.379 601.0 
731.682 602.0 
732.146 603.0 
731.334 604.0 
731.914 605.0 
731.102 606.0 
731.798 607.0 
730.29 608.0 
731.45 609.0 
732.379 610.0 
731.334 611.0 
732.263 612.0 
731.218 613.0 
731.798 614.0 
730.87 615.0 
731.218 616.0 
732.146 617.0 
730.87 618.0 
731.566 619.0 
728.897 620.0 
731.218 621.0 
731.798 622.0 
730.638 623.0 
731.566 624.0 
731.914 625.0 
730.522 626.0 
731.566 627.0 
732.263 628.0 
731.102 629.0 
731.682 630.0 
732.379 631.0 
731.102 632.0 
731.566 633.0 
732.495 634.0 
731.334 635.0 
731.914 636.0 
732.146 637.0 
731.334 638.0 
731.334 639.0 
732.146 640.0 
730.754 641.0 
731.45 642.0 
731.914 643.0 
730.638 644.0 
731.102 645.0 
731.334 646.0 
732.146 647.0 
730.522 648.0 
731.566 649.0 
732.03 650.0 
730.754 651.0 
730.87 652.0 
731.45 653.0 
732.03 654.0 
731.102 655.0 
731.102 656.0 
731.566 657.0 
732.263 658.0 
730.986 659.0 
731.334 660.0 
731.682 661.0 
732.03 662.0 
730.986 663.0 
731.218 664.0 
731.914 665.0 
732.146 666.0 
731.102 667.0 
731.334 668.0 
731.798 669.0 
732.146 670.0 
731.218 671.0 
731.218 672.0 
731.45 673.0 
731.682 674.0 
731.682 675.0 
730.986 676.0 
731.334 677.0 
731.682 678.0 
731.566 679.0 
732.379 680.0 
730.406 681.0 
730.87 682.0 
731.566 683.0 
731.798 684.0 
731.682 685.0 
732.263 686.0 
730.406 687.0 
731.218 688.0 
731.102 689.0 
731.566 690.0 
732.146 691.0 
732.146 692.0 
730.986 693.0 
731.218 694.0 
731.45 695.0 
732.03 696.0 
731.682 697.0 
732.146 698.0 
730.058 699.0 
730.87 700.0 
730.986 701.0 
731.218 702.0 
731.566 703.0 
731.45 704.0 
731.682 705.0 
732.146 706.0 
730.406 707.0 
730.638 708.0 
730.986 709.0 
731.334 710.0 
731.682 711.0 
731.914 712.0 
732.263 713.0 
732.146 714.0 
730.406 715.0 
730.754 716.0 
730.522 717.0 
731.218 718.0 
731.45 719.0 
731.102 720.0 
731.334 721.0 
731.914 722.0 
732.03 723.0 
732.03 724.0 
732.379 725.0 
730.638 726.0 
730.754 727.0 
730.986 728.0 
730.87 729.0 
731.218 730.0 
731.566 731.0 
731.798 732.0 
731.45 733.0 
732.03 734.0 
732.03 735.0 
732.146 736.0 
732.263 737.0 
732.379 738.0 
730.29 739.0 
730.522 740.0 
730.522 741.0 
730.87 742.0 
730.87 743.0 
730.522 744.0 
730.754 745.0 
730.754 746.0 
730.754 747.0 
730.754 748.0 
731.102 749.0 
731.218 750.0 
731.334 751.0 
731.218 752.0 
731.334 753.0 
731.45 754.0 
731.682 755.0 
731.334 756.0 
731.566 757.0 
731.914 758.0 
731.682 759.0 
731.45 760.0 
731.566 761.0 
731.566 762.0 
731.798 763.0 
731.566 764.0 
731.798 765.0 
731.45 766.0 
731.45 767.0 
731.45 768.0 
731.45 769.0 
731.682 770.0 
731.914 771.0 
731.566 772.0 
731.798 773.0 
731.798 774.0 
731.798 775.0 
731.566 776.0 
731.798 777.0 
731.914 778.0 
731.914 779.0 
731.682 780.0 
731.45 781.0 
731.45 782.0 
731.45 783.0 
731.218 784.0 
731.566 785.0 
731.566 786.0 
731.45 787.0 
731.566 788.0 
731.218 789.0 
731.682 790.0 
731.682 791.0 
731.798 792.0 
731.682 793.0 
731.334 794.0 
731.334 795.0 
731.566 796.0 
731.45 797.0 
731.682 798.0 
731.334 799.0 
731.334 800.0 
731.218 801.0 
731.218 802.0 
731.334 803.0 
731.334 804.0 
0.097 805.0 
0.092 806.0 
0.099 807.0 
0.065 808.0 
0.022 809.0 
-0.029 810.0 
-0.102 811.0 
-0.161 812.0 
-0.222 813.0 
-0.284 814.0 
-0.34 815.0 
-0.387 816.0 
-0.403 817.0 
-0.417 818.0 
-0.435 819.0 
-0.446 820.0 
-0.452 821.0 
-0.43 822.0 
-0.401 823.0 
-0.38 824.0 
-0.346 825.0 
-0.329 826.0 
-0.282 827.0 
-0.258 828.0 
-0.204 829.0 
