-0.016 257.0 
-0.03 258.0 
-0.09 259.0 
-0.049 260.0 
-0.067 261.0 
-0.018 262.0 
-0.03 263.0 
-0.022 264.0 
-0.031 265.0 
-0.035 266.0 
-0.035 267.0 
-0.029 268.0 
-0.02 269.0 
-0.034 270.0 
-0.049 271.0 
-0.029 272.0 
-0.032 273.0 
-0.026 274.0 
139.081 275.0 
136.173 276.0 
135.168 277.0 
133.86 278.0 
132.517 279.0 
130.928 280.0 
129.667 281.0 
127.833 282.0 
125.287 283.0 
124.458 284.0 
124.119 285.0 
123.816 286.0 
123.664 287.0 
123.442 288.0 
123.162 289.0 
122.94 290.0 
122.286 291.0 
122.122 292.0 
121.958 293.0 
121.853 294.0 
121.316 295.0 
121.129 296.0 
121.118 297.0 
120.569 298.0 
120.382 299.0 
120.265 300.0 
119.716 301.0 
119.681 302.0 
119.109 303.0 
119.015 304.0 
118.863 305.0 
118.186 306.0 
116.913 307.0 
114.624 308.0 
111.821 309.0 
107.908 310.0 
103.867 311.0 
99.767 312.0 
95.726 313.0 
91.556 314.0 
87.562 315.0 
83.743 316.0 
80.344 317.0 
77.786 318.0 
77.693 319.0 
77.483 320.0 
77.412 321.0 
77.342 322.0 
77.249 323.0 
77.319 324.0 
77.214 325.0 
77.085 326.0 
77.249 327.0 
77.191 328.0 
77.331 329.0 
77.261 330.0 
77.132 331.0 
77.261 332.0 
77.272 333.0 
77.179 334.0 
77.389 335.0 
77.226 336.0 
77.237 337.0 
77.144 338.0 
77.307 339.0 
77.214 340.0 
77.214 341.0 
77.191 342.0 
76.735 343.0 
77.237 344.0 
77.179 345.0 
77.191 346.0 
77.12 347.0 
77.179 348.0 
77.249 349.0 
77.214 350.0 
77.144 351.0 
77.249 352.0 
77.179 353.0 
77.074 354.0 
77.237 355.0 
77.202 356.0 
77.261 357.0 
77.179 358.0 
77.272 359.0 
77.214 360.0 
77.261 361.0 
77.191 362.0 
77.214 363.0 
77.156 364.0 
77.167 365.0 
77.202 366.0 
77.237 367.0 
77.191 368.0 
77.179 369.0 
77.179 370.0 
77.214 371.0 
77.237 372.0 
77.226 373.0 
77.284 374.0 
77.261 375.0 
77.296 376.0 
77.039 377.0 
77.226 378.0 
77.214 379.0 
77.214 380.0 
77.191 381.0 
77.272 382.0 
77.237 383.0 
77.179 384.0 
77.156 385.0 
77.284 386.0 
77.156 387.0 
77.144 388.0 
77.249 389.0 
77.237 390.0 
77.214 391.0 
77.12 392.0 
77.214 393.0 
77.097 394.0 
77.214 395.0 
77.307 396.0 
77.144 397.0 
77.179 398.0 
77.109 399.0 
77.12 400.0 
77.226 401.0 
77.214 402.0 
77.284 403.0 
77.249 404.0 
77.156 405.0 
77.156 406.0 
77.191 407.0 
77.167 408.0 
77.214 409.0 
77.109 410.0 
77.202 411.0 
77.226 412.0 
77.272 413.0 
77.226 414.0 
77.179 415.0 
77.226 416.0 
77.144 417.0 
77.296 418.0 
77.202 419.0 
77.12 420.0 
77.179 421.0 
77.249 422.0 
77.272 423.0 
77.179 424.0 
77.167 425.0 
77.191 426.0 
77.202 427.0 
77.167 428.0 
77.132 429.0 
77.12 430.0 
77.226 431.0 
77.214 432.0 
77.237 433.0 
77.132 434.0 
77.144 435.0 
77.179 436.0 
77.272 437.0 
77.132 438.0 
77.097 439.0 
77.156 440.0 
77.191 441.0 
77.144 442.0 
77.167 443.0 
77.132 444.0 
77.167 445.0 
77.144 446.0 
77.249 447.0 
77.214 448.0 
77.226 449.0 
77.506 450.0 
77.144 451.0 
77.156 452.0 
77.097 453.0 
77.109 454.0 
77.191 455.0 
77.191 456.0 
77.167 457.0 
77.12 458.0 
77.179 459.0 
77.226 460.0 
77.179 461.0 
77.179 462.0 
77.272 463.0 
77.214 464.0 
77.202 465.0 
77.261 466.0 
77.202 467.0 
77.132 468.0 
77.214 469.0 
77.144 470.0 
77.191 471.0 
77.167 472.0 
77.237 473.0 
77.167 474.0 
77.226 475.0 
77.167 476.0 
77.097 477.0 
77.167 478.0 
77.132 479.0 
77.156 480.0 
77.249 481.0 
77.167 482.0 
77.226 483.0 
77.144 484.0 
77.191 485.0 
77.132 486.0 
77.085 487.0 
77.214 488.0 
77.202 489.0 
77.144 490.0 
77.202 491.0 
77.214 492.0 
77.167 493.0 
77.202 494.0 
77.12 495.0 
77.12 496.0 
77.179 497.0 
77.214 498.0 
77.097 499.0 
77.097 500.0 
77.191 501.0 
77.214 502.0 
77.074 503.0 
77.097 504.0 
77.132 505.0 
77.144 506.0 
77.249 507.0 
77.214 508.0 
77.109 509.0 
77.097 510.0 
77.109 511.0 
77.156 512.0 
77.167 513.0 
77.167 514.0 
77.191 515.0 
77.179 516.0 
77.202 517.0 
76.992 518.0 
76.98 519.0 
77.027 520.0 
77.05 521.0 
77.062 522.0 
77.062 523.0 
77.062 524.0 
77.039 525.0 
77.027 526.0 
77.015 527.0 
76.98 528.0 
76.992 529.0 
76.922 530.0 
76.945 531.0 
77.085 532.0 
77.027 533.0 
77.004 534.0 
77.015 535.0 
76.969 536.0 
76.922 537.0 
76.875 538.0 
76.817 539.0 
76.805 540.0 
76.899 541.0 
76.828 542.0 
76.805 543.0 
76.747 544.0 
76.735 545.0 
76.642 546.0 
76.735 547.0 
76.712 548.0 
76.7 549.0 
76.607 550.0 
76.723 551.0 
76.677 552.0 
76.618 553.0 
76.56 554.0 
76.548 555.0 
76.665 556.0 
76.642 557.0 
76.595 558.0 
76.7 559.0 
76.653 560.0 
76.595 561.0 
76.536 562.0 
76.642 563.0 
76.607 564.0 
76.466 565.0 
76.677 566.0 
76.723 567.0 
76.536 568.0 
76.63 569.0 
76.572 570.0 
76.653 571.0 
76.595 572.0 
76.536 573.0 
76.607 574.0 
76.572 575.0 
76.665 576.0 
76.618 577.0 
76.607 578.0 
76.7 579.0 
76.618 580.0 
76.688 581.0 
76.642 582.0 
76.688 583.0 
76.642 584.0 
76.735 585.0 
76.665 586.0 
76.595 587.0 
76.688 588.0 
76.595 589.0 
76.665 590.0 
76.595 591.0 
76.653 592.0 
76.595 593.0 
76.583 594.0 
76.572 595.0 
76.688 596.0 
76.572 597.0 
76.618 598.0 
76.607 599.0 
76.63 600.0 
76.712 601.0 
76.63 602.0 
76.688 603.0 
76.63 604.0 
76.7 605.0 
76.607 606.0 
76.653 607.0 
76.607 608.0 
76.63 609.0 
76.712 610.0 
76.607 611.0 
76.688 612.0 
76.607 613.0 
76.677 614.0 
76.56 615.0 
76.63 616.0 
76.712 617.0 
76.572 618.0 
76.665 619.0 
76.28 620.0 
76.618 621.0 
76.653 622.0 
76.548 623.0 
76.618 624.0 
76.7 625.0 
76.548 626.0 
76.642 627.0 
76.677 628.0 
76.607 629.0 
76.583 630.0 
76.735 631.0 
76.56 632.0 
76.618 633.0 
76.747 634.0 
76.572 635.0 
76.677 636.0 
76.7 637.0 
76.56 638.0 
76.63 639.0 
76.712 640.0 
76.583 641.0 
76.653 642.0 
76.7 643.0 
76.56 644.0 
76.583 645.0 
76.63 646.0 
76.688 647.0 
76.548 648.0 
76.595 649.0 
76.653 650.0 
76.513 651.0 
76.595 652.0 
76.642 653.0 
76.7 654.0 
76.56 655.0 
76.583 656.0 
76.583 657.0 
76.677 658.0 
76.572 659.0 
76.618 660.0 
76.665 661.0 
76.735 662.0 
76.548 663.0 
76.653 664.0 
76.7 665.0 
76.723 666.0 
76.56 667.0 
76.595 668.0 
76.688 669.0 
76.723 670.0 
76.56 671.0 
76.572 672.0 
76.607 673.0 
76.642 674.0 
76.723 675.0 
76.536 676.0 
76.583 677.0 
76.618 678.0 
76.642 679.0 
76.7 680.0 
76.56 681.0 
76.583 682.0 
76.642 683.0 
76.665 684.0 
76.723 685.0 
76.735 686.0 
76.548 687.0 
76.618 688.0 
76.618 689.0 
76.642 690.0 
76.712 691.0 
76.735 692.0 
76.525 693.0 
76.607 694.0 
76.607 695.0 
76.642 696.0 
76.677 697.0 
76.618 698.0 
76.408 699.0 
76.56 700.0 
76.583 701.0 
76.618 702.0 
76.63 703.0 
76.595 704.0 
76.677 705.0 
76.712 706.0 
76.56 707.0 
76.572 708.0 
76.618 709.0 
76.595 710.0 
76.63 711.0 
76.642 712.0 
76.677 713.0 
76.7 714.0 
76.723 715.0 
76.548 716.0 
76.572 717.0 
76.56 718.0 
76.607 719.0 
76.607 720.0 
76.653 721.0 
76.63 722.0 
76.665 723.0 
76.712 724.0 
76.723 725.0 
76.548 726.0 
76.525 727.0 
76.595 728.0 
76.583 729.0 
76.618 730.0 
76.618 731.0 
76.642 732.0 
76.653 733.0 
76.653 734.0 
76.653 735.0 
76.7 736.0 
76.712 737.0 
76.677 738.0 
76.712 739.0 
76.548 740.0 
76.572 741.0 
76.583 742.0 
76.595 743.0 
76.548 744.0 
76.607 745.0 
76.572 746.0 
76.595 747.0 
76.607 748.0 
76.607 749.0 
76.63 750.0 
76.618 751.0 
76.583 752.0 
76.63 753.0 
76.63 754.0 
76.607 755.0 
76.63 756.0 
76.642 757.0 
76.618 758.0 
76.642 759.0 
76.642 760.0 
76.653 761.0 
76.642 762.0 
76.653 763.0 
76.63 764.0 
76.63 765.0 
76.677 766.0 
76.653 767.0 
76.677 768.0 
76.688 769.0 
76.665 770.0 
76.63 771.0 
76.677 772.0 
76.653 773.0 
76.677 774.0 
76.665 775.0 
76.618 776.0 
76.63 777.0 
76.653 778.0 
76.642 779.0 
76.665 780.0 
76.63 781.0 
76.642 782.0 
76.642 783.0 
76.653 784.0 
76.618 785.0 
76.653 786.0 
76.665 787.0 
76.642 788.0 
76.677 789.0 
76.607 790.0 
76.665 791.0 
76.607 792.0 
76.63 793.0 
76.642 794.0 
76.63 795.0 
76.665 796.0 
76.665 797.0 
76.688 798.0 
76.642 799.0 
76.665 800.0 
76.653 801.0 
76.642 802.0 
76.653 803.0 
76.653 804.0 
0.007 805.0 
0.0 806.0 
0.006 807.0 
-0.008 808.0 
0.005 809.0 
-0.008 810.0 
-0.034 811.0 
-0.03 812.0 
-0.025 813.0 
-0.042 814.0 
-0.049 815.0 
-0.056 816.0 
-0.048 817.0 
-0.05 818.0 
-0.06 819.0 
-0.059 820.0 
-0.052 821.0 
-0.042 822.0 
-0.055 823.0 
-0.048 824.0 
-0.044 825.0 
-0.049 826.0 
-0.036 827.0 
-0.042 828.0 
-0.02 829.0 
