-0.025 257.0 
-0.037 258.0 
-0.041 259.0 
-0.032 260.0 
-0.03 261.0 
-0.035 262.0 
-0.03 263.0 
-0.044 264.0 
-0.019 265.0 
-0.023 266.0 
-0.034 267.0 
-0.037 268.0 
-0.042 269.0 
-0.06 270.0 
-0.041 271.0 
-0.04 272.0 
-0.036 273.0 
-0.034 274.0 
146.521 275.0 
143.379 276.0 
141.72 277.0 
139.653 278.0 
137.212 279.0 
134.572 280.0 
132.353 281.0 
129.889 282.0 
126.315 283.0 
124.692 284.0 
124.259 285.0 
123.851 286.0 
123.64 287.0 
123.337 288.0 
123.068 289.0 
122.484 290.0 
122.367 291.0 
122.122 292.0 
121.923 293.0 
121.842 294.0 
121.316 295.0 
121.188 296.0 
121.153 297.0 
120.615 298.0 
120.487 299.0 
120.382 300.0 
119.868 301.0 
119.786 302.0 
119.237 303.0 
119.12 304.0 
119.039 305.0 
118.385 306.0 
117.147 307.0 
114.904 308.0 
112.346 309.0 
109.041 310.0 
105.607 311.0 
101.741 312.0 
97.852 313.0 
93.565 314.0 
89.606 315.0 
85.6 316.0 
82.038 317.0 
79.036 318.0 
78.907 319.0 
78.697 320.0 
78.627 321.0 
78.58 322.0 
78.452 323.0 
78.475 324.0 
78.382 325.0 
78.3 326.0 
78.394 327.0 
78.347 328.0 
78.569 329.0 
78.429 330.0 
78.347 331.0 
78.534 332.0 
78.44 333.0 
78.359 334.0 
78.323 335.0 
78.417 336.0 
78.44 337.0 
78.323 338.0 
78.861 339.0 
78.405 340.0 
78.394 341.0 
78.37 342.0 
78.627 343.0 
78.382 344.0 
78.323 345.0 
78.347 346.0 
78.312 347.0 
78.382 348.0 
78.382 349.0 
78.335 350.0 
78.323 351.0 
78.382 352.0 
78.323 353.0 
78.3 354.0 
78.323 355.0 
78.405 356.0 
78.429 357.0 
78.37 358.0 
78.44 359.0 
78.417 360.0 
78.429 361.0 
78.37 362.0 
78.37 363.0 
78.3 364.0 
78.3 365.0 
78.347 366.0 
78.37 367.0 
78.288 368.0 
78.277 369.0 
78.335 370.0 
78.37 371.0 
78.347 372.0 
78.417 373.0 
78.405 374.0 
78.44 375.0 
78.557 376.0 
78.3 377.0 
78.312 378.0 
78.335 379.0 
78.359 380.0 
78.312 381.0 
78.44 382.0 
78.335 383.0 
78.312 384.0 
78.277 385.0 
78.417 386.0 
78.3 387.0 
78.265 388.0 
78.335 389.0 
78.359 390.0 
78.37 391.0 
78.335 392.0 
78.44 393.0 
78.265 394.0 
78.359 395.0 
78.452 396.0 
78.288 397.0 
78.359 398.0 
78.23 399.0 
78.288 400.0 
78.394 401.0 
78.382 402.0 
78.44 403.0 
78.37 404.0 
78.335 405.0 
78.288 406.0 
78.359 407.0 
78.3 408.0 
78.347 409.0 
78.265 410.0 
78.335 411.0 
78.382 412.0 
78.697 413.0 
78.394 414.0 
78.323 415.0 
78.382 416.0 
78.277 417.0 
78.417 418.0 
78.347 419.0 
78.277 420.0 
78.359 421.0 
78.323 422.0 
78.394 423.0 
78.312 424.0 
78.3 425.0 
78.335 426.0 
78.37 427.0 
78.312 428.0 
78.3 429.0 
78.253 430.0 
78.347 431.0 
78.347 432.0 
78.382 433.0 
78.265 434.0 
78.288 435.0 
78.347 436.0 
78.37 437.0 
78.3 438.0 
78.265 439.0 
78.3 440.0 
78.335 441.0 
78.288 442.0 
78.323 443.0 
78.253 444.0 
78.277 445.0 
78.253 446.0 
78.37 447.0 
78.347 448.0 
78.347 449.0 
78.686 450.0 
78.312 451.0 
78.277 452.0 
78.253 453.0 
78.242 454.0 
78.335 455.0 
78.183 456.0 
78.3 457.0 
78.242 458.0 
78.359 459.0 
78.37 460.0 
78.347 461.0 
78.312 462.0 
78.347 463.0 
78.312 464.0 
78.3 465.0 
78.37 466.0 
78.323 467.0 
78.265 468.0 
78.347 469.0 
78.265 470.0 
78.277 471.0 
78.3 472.0 
78.172 473.0 
78.3 474.0 
78.382 475.0 
78.347 476.0 
78.242 477.0 
78.335 478.0 
78.242 479.0 
78.323 480.0 
78.405 481.0 
78.335 482.0 
78.359 483.0 
78.277 484.0 
78.335 485.0 
78.23 486.0 
78.23 487.0 
78.359 488.0 
78.3 489.0 
78.3 490.0 
78.359 491.0 
78.277 492.0 
78.312 493.0 
78.335 494.0 
78.277 495.0 
78.277 496.0 
78.312 497.0 
78.335 498.0 
78.242 499.0 
78.242 500.0 
78.312 501.0 
78.347 502.0 
78.195 503.0 
78.242 504.0 
78.288 505.0 
78.277 506.0 
78.253 507.0 
78.347 508.0 
78.218 509.0 
78.23 510.0 
78.23 511.0 
78.253 512.0 
78.265 513.0 
78.277 514.0 
78.335 515.0 
78.347 516.0 
78.639 517.0 
78.113 518.0 
78.195 519.0 
78.183 520.0 
78.218 521.0 
78.172 522.0 
78.207 523.0 
78.16 524.0 
78.195 525.0 
78.183 526.0 
78.183 527.0 
78.067 528.0 
78.113 529.0 
78.125 530.0 
78.113 531.0 
78.265 532.0 
78.23 533.0 
78.218 534.0 
78.207 535.0 
78.16 536.0 
78.125 537.0 
78.02 538.0 
78.02 539.0 
78.02 540.0 
78.137 541.0 
78.09 542.0 
78.043 543.0 
77.973 544.0 
77.95 545.0 
77.926 546.0 
78.031 547.0 
77.996 548.0 
77.915 549.0 
77.903 550.0 
77.81 551.0 
77.985 552.0 
77.915 553.0 
77.856 554.0 
77.833 555.0 
77.973 556.0 
77.903 557.0 
77.845 558.0 
77.553 559.0 
77.926 560.0 
77.903 561.0 
77.845 562.0 
77.926 563.0 
77.856 564.0 
77.763 565.0 
77.938 566.0 
77.973 567.0 
77.798 568.0 
77.915 569.0 
77.856 570.0 
77.973 571.0 
77.891 572.0 
77.833 573.0 
77.891 574.0 
77.833 575.0 
78.312 576.0 
77.868 577.0 
77.903 578.0 
77.985 579.0 
77.926 580.0 
77.985 581.0 
77.891 582.0 
77.938 583.0 
77.938 584.0 
78.02 585.0 
77.915 586.0 
77.856 587.0 
77.938 588.0 
77.891 589.0 
77.95 590.0 
77.88 591.0 
77.915 592.0 
77.845 593.0 
77.903 594.0 
77.868 595.0 
77.926 596.0 
77.868 597.0 
77.985 598.0 
77.88 599.0 
77.95 600.0 
78.008 601.0 
77.926 602.0 
77.996 603.0 
77.891 604.0 
77.961 605.0 
77.845 606.0 
77.961 607.0 
77.821 608.0 
77.903 609.0 
77.985 610.0 
77.903 611.0 
77.985 612.0 
77.868 613.0 
77.926 614.0 
77.868 615.0 
77.891 616.0 
78.008 617.0 
77.856 618.0 
77.915 619.0 
77.611 620.0 
77.868 621.0 
77.95 622.0 
77.88 623.0 
77.903 624.0 
77.961 625.0 
77.833 626.0 
77.926 627.0 
77.996 628.0 
77.845 629.0 
77.926 630.0 
78.055 631.0 
77.821 632.0 
77.926 633.0 
77.996 634.0 
77.856 635.0 
77.95 636.0 
77.973 637.0 
77.856 638.0 
77.903 639.0 
77.961 640.0 
77.845 641.0 
77.926 642.0 
77.95 643.0 
77.821 644.0 
77.88 645.0 
77.938 646.0 
77.996 647.0 
77.856 648.0 
77.903 649.0 
77.938 650.0 
77.833 651.0 
77.891 652.0 
77.891 653.0 
77.973 654.0 
77.845 655.0 
77.856 656.0 
77.915 657.0 
77.95 658.0 
77.903 659.0 
77.926 660.0 
77.95 661.0 
78.02 662.0 
77.821 663.0 
77.891 664.0 
77.95 665.0 
78.008 666.0 
77.868 667.0 
77.868 668.0 
77.926 669.0 
77.95 670.0 
77.833 671.0 
77.868 672.0 
77.891 673.0 
77.95 674.0 
77.985 675.0 
77.856 676.0 
77.891 677.0 
77.915 678.0 
77.938 679.0 
78.02 680.0 
77.845 681.0 
77.856 682.0 
77.88 683.0 
77.961 684.0 
77.961 685.0 
78.02 686.0 
77.821 687.0 
77.88 688.0 
77.903 689.0 
77.903 690.0 
77.973 691.0 
77.996 692.0 
77.845 693.0 
77.856 694.0 
77.903 695.0 
77.938 696.0 
77.973 697.0 
77.961 698.0 
77.669 699.0 
77.856 700.0 
77.868 701.0 
77.88 702.0 
77.903 703.0 
77.891 704.0 
77.985 705.0 
77.985 706.0 
77.821 707.0 
77.845 708.0 
77.845 709.0 
77.891 710.0 
77.915 711.0 
77.926 712.0 
77.938 713.0 
77.961 714.0 
77.856 715.0 
77.821 716.0 
77.845 717.0 
77.845 718.0 
77.88 719.0 
77.903 720.0 
77.915 721.0 
77.938 722.0 
77.961 723.0 
77.996 724.0 
77.95 725.0 
77.798 726.0 
77.821 727.0 
77.821 728.0 
77.856 729.0 
77.891 730.0 
77.845 731.0 
77.915 732.0 
77.961 733.0 
77.926 734.0 
77.938 735.0 
77.926 736.0 
77.973 737.0 
77.996 738.0 
77.751 739.0 
77.798 740.0 
77.833 741.0 
77.81 742.0 
77.833 743.0 
77.845 744.0 
77.845 745.0 
77.845 746.0 
77.856 747.0 
77.833 748.0 
77.856 749.0 
77.88 750.0 
77.88 751.0 
77.868 752.0 
77.88 753.0 
77.891 754.0 
77.891 755.0 
77.891 756.0 
77.915 757.0 
77.926 758.0 
77.903 759.0 
77.891 760.0 
77.903 761.0 
77.95 762.0 
77.903 763.0 
77.915 764.0 
77.891 765.0 
77.915 766.0 
77.926 767.0 
77.938 768.0 
77.915 769.0 
77.891 770.0 
77.95 771.0 
77.915 772.0 
77.88 773.0 
77.926 774.0 
77.926 775.0 
77.938 776.0 
77.95 777.0 
77.95 778.0 
77.891 779.0 
77.903 780.0 
77.938 781.0 
77.903 782.0 
77.903 783.0 
77.88 784.0 
77.88 785.0 
77.891 786.0 
77.926 787.0 
77.903 788.0 
77.891 789.0 
77.903 790.0 
77.903 791.0 
77.891 792.0 
77.903 793.0 
77.938 794.0 
77.938 795.0 
77.903 796.0 
77.926 797.0 
77.903 798.0 
77.95 799.0 
77.903 800.0 
77.891 801.0 
77.926 802.0 
77.915 803.0 
77.868 804.0 
0.0 805.0 
0.007 806.0 
-0.001 807.0 
0.005 808.0 
-0.002 809.0 
0.001 810.0 
0.007 811.0 
0.005 812.0 
0.01 813.0 
-0.001 814.0 
-0.004 815.0 
0.001 816.0 
0.005 817.0 
-0.012 818.0 
-0.014 819.0 
-0.005 820.0 
-0.006 821.0 
-0.013 822.0 
-0.016 823.0 
-0.017 824.0 
-0.025 825.0 
-0.028 826.0 
-0.022 827.0 
-0.016 828.0 
-0.031 829.0 
