-0.031 257.0 
-0.049 258.0 
-0.049 259.0 
-0.046 260.0 
-0.03 261.0 
-0.03 262.0 
-0.024 263.0 
-0.036 264.0 
-0.041 265.0 
-0.04 266.0 
-0.014 267.0 
-0.037 268.0 
-0.032 269.0 
-0.028 270.0 
-0.025 271.0 
-0.016 272.0 
-0.042 273.0 
-0.043 274.0 
149.908 275.0 
146.649 276.0 
145.458 277.0 
143.729 278.0 
141.627 279.0 
138.952 280.0 
136.698 281.0 
133.965 282.0 
130.426 283.0 
128.569 284.0 
128.079 285.0 
127.646 286.0 
127.436 287.0 
127.086 288.0 
126.759 289.0 
126.081 290.0 
125.883 291.0 
125.626 292.0 
125.416 293.0 
125.077 294.0 
124.75 295.0 
124.575 296.0 
124.47 297.0 
123.851 298.0 
123.582 299.0 
123.535 300.0 
122.963 301.0 
122.87 302.0 
122.356 303.0 
122.274 304.0 
122.192 305.0 
121.515 306.0 
120.218 307.0 
117.824 308.0 
114.927 309.0 
111.33 310.0 
107.639 311.0 
103.388 312.0 
99.429 313.0 
95.084 314.0 
91.019 315.0 
86.709 316.0 
82.808 317.0 
79.935 318.0 
79.678 319.0 
79.41 320.0 
79.246 321.0 
79.211 322.0 
79.094 323.0 
79.141 324.0 
79.024 325.0 
78.954 326.0 
79.071 327.0 
79.001 328.0 
79.807 329.0 
79.048 330.0 
78.989 331.0 
79.094 332.0 
79.083 333.0 
78.942 334.0 
78.931 335.0 
79.048 336.0 
79.059 337.0 
78.966 338.0 
79.094 339.0 
78.989 340.0 
78.989 341.0 
78.954 342.0 
79.188 343.0 
79.048 344.0 
78.978 345.0 
78.966 346.0 
78.966 347.0 
79.024 348.0 
79.083 349.0 
78.989 350.0 
79.001 351.0 
79.071 352.0 
79.001 353.0 
78.907 354.0 
78.942 355.0 
79.013 356.0 
79.071 357.0 
78.989 358.0 
79.106 359.0 
79.013 360.0 
79.048 361.0 
79.013 362.0 
78.978 363.0 
78.954 364.0 
79.024 365.0 
79.048 366.0 
79.036 367.0 
78.978 368.0 
79.001 369.0 
79.036 370.0 
79.036 371.0 
79.036 372.0 
79.071 373.0 
79.036 374.0 
79.083 375.0 
79.305 376.0 
78.896 377.0 
78.942 378.0 
78.966 379.0 
78.989 380.0 
78.978 381.0 
79.094 382.0 
79.013 383.0 
78.966 384.0 
78.989 385.0 
79.059 386.0 
78.978 387.0 
78.954 388.0 
79.036 389.0 
79.048 390.0 
79.059 391.0 
79.001 392.0 
79.071 393.0 
78.919 394.0 
79.013 395.0 
79.094 396.0 
78.942 397.0 
79.013 398.0 
78.884 399.0 
78.966 400.0 
79.036 401.0 
79.001 402.0 
79.083 403.0 
79.048 404.0 
78.978 405.0 
78.931 406.0 
78.989 407.0 
78.954 408.0 
79.036 409.0 
78.942 410.0 
79.024 411.0 
79.059 412.0 
79.083 413.0 
79.071 414.0 
78.942 415.0 
79.048 416.0 
78.966 417.0 
79.118 418.0 
79.036 419.0 
78.966 420.0 
78.989 421.0 
79.001 422.0 
79.048 423.0 
78.989 424.0 
79.013 425.0 
79.001 426.0 
79.024 427.0 
78.966 428.0 
79.001 429.0 
78.931 430.0 
79.036 431.0 
79.059 432.0 
79.071 433.0 
78.966 434.0 
78.931 435.0 
79.001 436.0 
79.141 437.0 
78.861 438.0 
78.966 439.0 
79.013 440.0 
78.978 441.0 
78.931 442.0 
78.942 443.0 
78.978 444.0 
78.966 445.0 
78.966 446.0 
79.048 447.0 
79.036 448.0 
79.036 449.0 
79.258 450.0 
78.989 451.0 
78.978 452.0 
78.919 453.0 
78.907 454.0 
79.024 455.0 
78.989 456.0 
78.954 457.0 
78.896 458.0 
79.001 459.0 
79.024 460.0 
78.966 461.0 
78.931 462.0 
79.036 463.0 
79.013 464.0 
79.001 465.0 
79.071 466.0 
79.001 467.0 
78.919 468.0 
79.001 469.0 
78.954 470.0 
79.048 471.0 
78.966 472.0 
79.059 473.0 
78.966 474.0 
79.048 475.0 
78.989 476.0 
78.907 477.0 
78.954 478.0 
78.872 479.0 
78.954 480.0 
79.048 481.0 
78.978 482.0 
79.059 483.0 
78.954 484.0 
79.036 485.0 
78.954 486.0 
78.966 487.0 
79.059 488.0 
78.966 489.0 
78.978 490.0 
79.024 491.0 
79.071 492.0 
78.989 493.0 
79.036 494.0 
78.954 495.0 
78.907 496.0 
79.001 497.0 
79.059 498.0 
78.919 499.0 
78.931 500.0 
78.966 501.0 
79.001 502.0 
78.849 503.0 
78.942 504.0 
78.954 505.0 
78.989 506.0 
78.966 507.0 
79.141 508.0 
78.884 509.0 
78.919 510.0 
78.919 511.0 
78.966 512.0 
78.989 513.0 
78.989 514.0 
78.954 515.0 
79.001 516.0 
79.024 517.0 
78.756 518.0 
78.849 519.0 
78.849 520.0 
78.872 521.0 
78.837 522.0 
78.872 523.0 
78.884 524.0 
78.872 525.0 
78.884 526.0 
78.884 527.0 
78.779 528.0 
78.837 529.0 
78.826 530.0 
78.791 531.0 
78.919 532.0 
78.896 533.0 
78.802 534.0 
78.826 535.0 
78.802 536.0 
78.756 537.0 
78.674 538.0 
78.639 539.0 
78.604 540.0 
78.721 541.0 
78.662 542.0 
78.604 543.0 
78.615 544.0 
78.557 545.0 
78.51 546.0 
78.604 547.0 
78.557 548.0 
78.545 549.0 
78.475 550.0 
78.394 551.0 
78.534 552.0 
78.464 553.0 
78.417 554.0 
78.405 555.0 
78.522 556.0 
78.44 557.0 
78.417 558.0 
78.067 559.0 
78.499 560.0 
78.417 561.0 
78.394 562.0 
78.487 563.0 
78.44 564.0 
78.312 565.0 
78.534 566.0 
78.569 567.0 
78.394 568.0 
78.522 569.0 
78.429 570.0 
78.522 571.0 
78.429 572.0 
78.417 573.0 
78.405 574.0 
78.429 575.0 
78.615 576.0 
78.464 577.0 
78.44 578.0 
78.545 579.0 
78.475 580.0 
78.545 581.0 
78.475 582.0 
78.557 583.0 
78.534 584.0 
78.639 585.0 
78.522 586.0 
78.429 587.0 
78.545 588.0 
78.417 589.0 
78.522 590.0 
78.44 591.0 
78.499 592.0 
78.44 593.0 
78.464 594.0 
78.429 595.0 
78.464 596.0 
78.405 597.0 
78.499 598.0 
78.44 599.0 
78.499 600.0 
78.569 601.0 
78.44 602.0 
78.545 603.0 
78.44 604.0 
78.557 605.0 
78.452 606.0 
78.534 607.0 
78.405 608.0 
78.464 609.0 
78.569 610.0 
78.487 611.0 
78.522 612.0 
78.452 613.0 
78.51 614.0 
78.382 615.0 
78.475 616.0 
78.545 617.0 
78.417 618.0 
78.487 619.0 
78.137 620.0 
78.464 621.0 
78.499 622.0 
78.44 623.0 
78.475 624.0 
78.604 625.0 
78.429 626.0 
78.51 627.0 
78.545 628.0 
78.44 629.0 
78.487 630.0 
78.58 631.0 
78.394 632.0 
78.534 633.0 
78.557 634.0 
78.417 635.0 
78.487 636.0 
78.534 637.0 
78.429 638.0 
78.499 639.0 
78.557 640.0 
78.44 641.0 
78.487 642.0 
78.522 643.0 
78.405 644.0 
78.452 645.0 
78.51 646.0 
78.58 647.0 
78.44 648.0 
78.429 649.0 
78.534 650.0 
78.405 651.0 
78.44 652.0 
78.487 653.0 
78.534 654.0 
78.382 655.0 
78.464 656.0 
78.475 657.0 
78.534 658.0 
78.44 659.0 
78.452 660.0 
78.545 661.0 
78.569 662.0 
78.394 663.0 
78.464 664.0 
78.522 665.0 
78.557 666.0 
78.417 667.0 
78.452 668.0 
78.487 669.0 
78.545 670.0 
78.417 671.0 
78.452 672.0 
78.499 673.0 
78.522 674.0 
78.534 675.0 
78.382 676.0 
78.429 677.0 
78.51 678.0 
78.499 679.0 
78.557 680.0 
78.382 681.0 
78.417 682.0 
78.452 683.0 
78.51 684.0 
78.545 685.0 
78.569 686.0 
78.405 687.0 
78.44 688.0 
78.452 689.0 
78.51 690.0 
78.534 691.0 
78.592 692.0 
78.37 693.0 
78.405 694.0 
78.464 695.0 
78.475 696.0 
78.522 697.0 
78.487 698.0 
78.125 699.0 
78.405 700.0 
78.405 701.0 
78.429 702.0 
78.499 703.0 
78.51 704.0 
78.534 705.0 
78.58 706.0 
78.37 707.0 
78.417 708.0 
78.429 709.0 
78.475 710.0 
78.499 711.0 
78.499 712.0 
78.557 713.0 
78.545 714.0 
78.569 715.0 
78.405 716.0 
78.405 717.0 
78.452 718.0 
78.452 719.0 
78.475 720.0 
78.499 721.0 
78.534 722.0 
78.522 723.0 
78.557 724.0 
78.557 725.0 
78.394 726.0 
78.394 727.0 
78.429 728.0 
78.417 729.0 
78.464 730.0 
78.475 731.0 
78.475 732.0 
78.51 733.0 
78.499 734.0 
78.499 735.0 
78.534 736.0 
78.58 737.0 
78.545 738.0 
78.09 739.0 
78.347 740.0 
78.394 741.0 
78.37 742.0 
78.405 743.0 
78.394 744.0 
78.44 745.0 
78.429 746.0 
78.394 747.0 
78.452 748.0 
78.417 749.0 
78.417 750.0 
78.44 751.0 
78.475 752.0 
78.44 753.0 
78.464 754.0 
78.452 755.0 
78.429 756.0 
78.464 757.0 
78.464 758.0 
78.499 759.0 
78.464 760.0 
78.475 761.0 
78.475 762.0 
78.452 763.0 
78.51 764.0 
78.499 765.0 
78.487 766.0 
78.499 767.0 
78.51 768.0 
78.487 769.0 
78.475 770.0 
78.51 771.0 
78.475 772.0 
78.499 773.0 
78.452 774.0 
78.464 775.0 
78.475 776.0 
78.51 777.0 
78.475 778.0 
78.464 779.0 
78.475 780.0 
78.487 781.0 
78.475 782.0 
78.499 783.0 
78.487 784.0 
78.51 785.0 
78.51 786.0 
78.487 787.0 
78.475 788.0 
78.499 789.0 
78.487 790.0 
78.499 791.0 
78.487 792.0 
78.499 793.0 
78.499 794.0 
78.475 795.0 
78.475 796.0 
78.464 797.0 
78.499 798.0 
78.475 799.0 
78.475 800.0 
78.475 801.0 
78.487 802.0 
78.475 803.0 
78.51 804.0 
0.01 805.0 
0.014 806.0 
0.002 807.0 
-0.001 808.0 
0.011 809.0 
0.008 810.0 
0.004 811.0 
0.001 812.0 
0.007 813.0 
-0.005 814.0 
-0.014 815.0 
-0.006 816.0 
-0.01 817.0 
-0.012 818.0 
-0.018 819.0 
-0.017 820.0 
-0.018 821.0 
-0.023 822.0 
-0.019 823.0 
-0.022 824.0 
-0.016 825.0 
-0.023 826.0 
-0.02 827.0 
-0.019 828.0 
-0.013 829.0 
