-0.023 257.0 
-0.001 258.0 
-0.046 259.0 
-0.035 260.0 
-0.055 261.0 
-0.028 262.0 
-0.029 263.0 
-0.028 264.0 
-0.031 265.0 
-0.031 266.0 
-0.038 267.0 
-0.026 268.0 
-0.029 269.0 
-0.048 270.0 
-0.042 271.0 
-0.04 272.0 
-0.035 273.0 
-0.031 274.0 
140.179 275.0 
137.259 276.0 
136.243 277.0 
134.853 278.0 
133.428 279.0 
131.723 280.0 
130.088 281.0 
128.102 282.0 
125.182 283.0 
123.932 284.0 
123.582 285.0 
123.267 286.0 
123.045 287.0 
122.788 288.0 
122.578 289.0 
121.923 290.0 
121.772 291.0 
121.561 292.0 
121.41 293.0 
121.164 294.0 
120.826 295.0 
120.674 296.0 
120.58 297.0 
120.066 298.0 
119.915 299.0 
119.844 300.0 
119.319 301.0 
119.261 302.0 
118.723 303.0 
118.665 304.0 
118.571 305.0 
117.906 306.0 
116.773 307.0 
114.647 308.0 
112.288 309.0 
108.761 310.0 
105.187 311.0 
101.122 312.0 
97.151 313.0 
93.238 314.0 
89.115 315.0 
84.852 316.0 
81.15 317.0 
78.394 318.0 
78.277 319.0 
78.043 320.0 
77.938 321.0 
77.903 322.0 
77.845 323.0 
77.88 324.0 
77.845 325.0 
77.704 326.0 
77.833 327.0 
77.739 328.0 
78.055 329.0 
77.868 330.0 
77.763 331.0 
77.95 332.0 
77.868 333.0 
77.81 334.0 
77.716 335.0 
77.833 336.0 
77.845 337.0 
77.739 338.0 
78.102 339.0 
77.739 340.0 
77.775 341.0 
77.751 342.0 
77.868 343.0 
77.821 344.0 
77.751 345.0 
77.716 346.0 
77.728 347.0 
77.833 348.0 
77.821 349.0 
77.786 350.0 
77.751 351.0 
77.786 352.0 
77.739 353.0 
77.751 354.0 
77.763 355.0 
77.821 356.0 
77.833 357.0 
77.798 358.0 
77.856 359.0 
77.786 360.0 
77.856 361.0 
77.775 362.0 
77.821 363.0 
77.739 364.0 
77.775 365.0 
77.775 366.0 
77.775 367.0 
77.739 368.0 
77.763 369.0 
77.798 370.0 
77.775 371.0 
77.786 372.0 
77.833 373.0 
77.856 374.0 
77.845 375.0 
78.16 376.0 
77.716 377.0 
77.775 378.0 
77.751 379.0 
77.751 380.0 
77.786 381.0 
77.868 382.0 
77.798 383.0 
77.763 384.0 
77.763 385.0 
77.833 386.0 
77.739 387.0 
77.669 388.0 
77.775 389.0 
77.798 390.0 
77.751 391.0 
77.728 392.0 
77.786 393.0 
77.681 394.0 
77.775 395.0 
77.856 396.0 
77.728 397.0 
77.798 398.0 
77.669 399.0 
77.728 400.0 
77.856 401.0 
77.775 402.0 
77.868 403.0 
77.81 404.0 
77.751 405.0 
77.716 406.0 
77.775 407.0 
77.693 408.0 
77.775 409.0 
77.728 410.0 
77.763 411.0 
77.763 412.0 
78.148 413.0 
77.81 414.0 
77.751 415.0 
77.821 416.0 
77.728 417.0 
77.845 418.0 
77.81 419.0 
77.716 420.0 
77.763 421.0 
77.81 422.0 
77.81 423.0 
77.763 424.0 
77.763 425.0 
77.775 426.0 
77.798 427.0 
77.728 428.0 
77.775 429.0 
77.716 430.0 
77.775 431.0 
77.833 432.0 
77.798 433.0 
77.693 434.0 
77.716 435.0 
77.763 436.0 
77.81 437.0 
77.681 438.0 
77.728 439.0 
77.751 440.0 
77.716 441.0 
77.751 442.0 
77.739 443.0 
77.739 444.0 
77.716 445.0 
77.704 446.0 
77.798 447.0 
77.775 448.0 
77.786 449.0 
78.043 450.0 
77.728 451.0 
77.716 452.0 
77.681 453.0 
77.704 454.0 
77.81 455.0 
77.634 456.0 
77.763 457.0 
77.704 458.0 
77.81 459.0 
77.833 460.0 
77.775 461.0 
77.681 462.0 
77.845 463.0 
77.786 464.0 
77.775 465.0 
77.763 466.0 
77.763 467.0 
77.681 468.0 
77.786 469.0 
77.751 470.0 
77.716 471.0 
77.763 472.0 
77.634 473.0 
77.728 474.0 
77.856 475.0 
77.751 476.0 
77.681 477.0 
77.739 478.0 
77.669 479.0 
77.739 480.0 
77.833 481.0 
77.751 482.0 
77.821 483.0 
77.728 484.0 
77.775 485.0 
77.658 486.0 
77.681 487.0 
77.798 488.0 
77.739 489.0 
77.728 490.0 
77.775 491.0 
77.763 492.0 
77.751 493.0 
77.786 494.0 
77.693 495.0 
77.693 496.0 
77.763 497.0 
77.81 498.0 
77.693 499.0 
77.704 500.0 
77.739 501.0 
77.798 502.0 
77.658 503.0 
77.693 504.0 
77.728 505.0 
77.728 506.0 
77.693 507.0 
77.833 508.0 
77.681 509.0 
77.681 510.0 
77.716 511.0 
77.739 512.0 
77.728 513.0 
77.739 514.0 
77.728 515.0 
77.763 516.0 
78.043 517.0 
77.553 518.0 
77.611 519.0 
77.646 520.0 
77.634 521.0 
77.623 522.0 
77.634 523.0 
77.634 524.0 
77.634 525.0 
77.634 526.0 
77.599 527.0 
77.483 528.0 
77.599 529.0 
77.529 530.0 
77.541 531.0 
77.681 532.0 
77.669 533.0 
77.599 534.0 
77.623 535.0 
77.588 536.0 
77.576 537.0 
77.436 538.0 
77.471 539.0 
77.424 540.0 
77.541 541.0 
77.471 542.0 
77.448 543.0 
77.436 544.0 
77.377 545.0 
77.319 546.0 
77.436 547.0 
77.412 548.0 
77.354 549.0 
77.331 550.0 
77.226 551.0 
77.366 552.0 
77.331 553.0 
77.249 554.0 
77.261 555.0 
77.354 556.0 
77.307 557.0 
77.296 558.0 
76.969 559.0 
77.342 560.0 
77.319 561.0 
77.272 562.0 
77.342 563.0 
77.272 564.0 
77.179 565.0 
77.331 566.0 
77.342 567.0 
77.237 568.0 
77.319 569.0 
77.284 570.0 
77.377 571.0 
77.307 572.0 
77.249 573.0 
77.319 574.0 
77.272 575.0 
77.599 576.0 
77.319 577.0 
77.272 578.0 
77.389 579.0 
77.296 580.0 
77.401 581.0 
77.342 582.0 
77.389 583.0 
77.342 584.0 
77.237 585.0 
77.331 586.0 
77.272 587.0 
77.342 588.0 
77.272 589.0 
77.366 590.0 
77.296 591.0 
77.331 592.0 
77.296 593.0 
77.342 594.0 
77.296 595.0 
77.284 596.0 
77.272 597.0 
77.319 598.0 
77.296 599.0 
77.366 600.0 
77.424 601.0 
77.307 602.0 
77.412 603.0 
77.307 604.0 
77.401 605.0 
77.284 606.0 
77.342 607.0 
77.284 608.0 
77.331 609.0 
77.436 610.0 
77.296 611.0 
77.366 612.0 
77.284 613.0 
77.354 614.0 
77.249 615.0 
77.307 616.0 
77.436 617.0 
77.237 618.0 
77.331 619.0 
77.004 620.0 
77.296 621.0 
77.354 622.0 
77.296 623.0 
77.307 624.0 
77.436 625.0 
77.249 626.0 
77.342 627.0 
77.366 628.0 
77.249 629.0 
77.342 630.0 
77.401 631.0 
77.261 632.0 
77.354 633.0 
77.623 634.0 
77.272 635.0 
77.366 636.0 
77.389 637.0 
77.284 638.0 
77.342 639.0 
77.389 640.0 
77.272 641.0 
77.342 642.0 
77.366 643.0 
77.272 644.0 
77.354 645.0 
77.342 646.0 
77.401 647.0 
77.296 648.0 
77.284 649.0 
77.366 650.0 
77.249 651.0 
77.296 652.0 
77.342 653.0 
77.377 654.0 
77.272 655.0 
77.319 656.0 
77.296 657.0 
77.377 658.0 
77.261 659.0 
77.342 660.0 
77.389 661.0 
77.401 662.0 
77.249 663.0 
77.319 664.0 
77.377 665.0 
77.412 666.0 
77.249 667.0 
77.296 668.0 
77.319 669.0 
77.389 670.0 
77.237 671.0 
77.284 672.0 
77.307 673.0 
77.307 674.0 
77.354 675.0 
77.249 676.0 
77.307 677.0 
77.331 678.0 
77.342 679.0 
77.401 680.0 
77.249 681.0 
77.307 682.0 
77.331 683.0 
77.401 684.0 
77.377 685.0 
77.401 686.0 
77.214 687.0 
77.284 688.0 
77.296 689.0 
77.342 690.0 
77.377 691.0 
77.436 692.0 
77.261 693.0 
77.272 694.0 
77.319 695.0 
77.331 696.0 
77.331 697.0 
77.389 698.0 
77.097 699.0 
77.272 700.0 
77.307 701.0 
77.331 702.0 
77.331 703.0 
77.389 704.0 
77.401 705.0 
77.366 706.0 
77.249 707.0 
77.249 708.0 
77.272 709.0 
77.296 710.0 
77.331 711.0 
77.354 712.0 
77.401 713.0 
77.366 714.0 
77.284 715.0 
77.237 716.0 
77.272 717.0 
77.296 718.0 
77.296 719.0 
77.319 720.0 
77.331 721.0 
77.354 722.0 
77.401 723.0 
77.401 724.0 
77.401 725.0 
77.214 726.0 
77.226 727.0 
77.272 728.0 
77.261 729.0 
77.284 730.0 
77.296 731.0 
77.331 732.0 
77.342 733.0 
77.377 734.0 
77.366 735.0 
77.389 736.0 
77.377 737.0 
77.412 738.0 
77.144 739.0 
77.202 740.0 
77.226 741.0 
77.272 742.0 
77.249 743.0 
77.249 744.0 
77.261 745.0 
77.237 746.0 
77.249 747.0 
77.296 748.0 
77.284 749.0 
77.296 750.0 
77.272 751.0 
77.284 752.0 
77.319 753.0 
77.307 754.0 
77.307 755.0 
77.307 756.0 
77.331 757.0 
77.319 758.0 
77.319 759.0 
77.319 760.0 
77.319 761.0 
77.284 762.0 
77.331 763.0 
77.366 764.0 
77.354 765.0 
77.342 766.0 
77.342 767.0 
77.342 768.0 
77.331 769.0 
77.342 770.0 
77.331 771.0 
77.319 772.0 
77.354 773.0 
77.331 774.0 
77.319 775.0 
77.342 776.0 
77.354 777.0 
77.342 778.0 
77.319 779.0 
77.319 780.0 
77.331 781.0 
77.319 782.0 
77.366 783.0 
77.354 784.0 
77.342 785.0 
77.319 786.0 
77.319 787.0 
77.331 788.0 
77.319 789.0 
77.342 790.0 
77.319 791.0 
77.342 792.0 
77.366 793.0 
77.307 794.0 
77.354 795.0 
77.366 796.0 
77.331 797.0 
77.342 798.0 
77.331 799.0 
77.354 800.0 
77.342 801.0 
77.319 802.0 
77.342 803.0 
77.354 804.0 
0.008 805.0 
0.008 806.0 
0.006 807.0 
0.006 808.0 
0.004 809.0 
0.008 810.0 
0.007 811.0 
0.002 812.0 
0.005 813.0 
0.002 814.0 
0.014 815.0 
0.002 816.0 
0.004 817.0 
0.01 818.0 
-0.004 819.0 
-0.006 820.0 
-0.01 821.0 
-0.004 822.0 
0.0 823.0 
-0.008 824.0 
-0.014 825.0 
-0.018 826.0 
-0.01 827.0 
-0.013 828.0 
-0.023 829.0 
