-0.024 257.0 
-0.025 258.0 
-0.066 259.0 
-0.064 260.0 
-0.019 261.0 
-0.034 262.0 
-0.04 263.0 
-0.03 264.0 
-0.056 265.0 
-0.014 266.0 
-0.03 267.0 
-0.031 268.0 
-0.032 269.0 
-0.042 270.0 
-0.032 271.0 
-0.044 272.0 
-0.04 273.0 
-0.041 274.0 
147.093 275.0 
143.577 276.0 
142.374 277.0 
140.786 278.0 
138.894 279.0 
136.605 280.0 
134.829 281.0 
132.75 282.0 
129.784 283.0 
128.347 284.0 
127.95 285.0 
127.623 286.0 
127.46 287.0 
127.238 288.0 
126.887 289.0 
126.105 290.0 
125.895 291.0 
125.684 292.0 
125.451 293.0 
125.124 294.0 
124.808 295.0 
124.621 296.0 
124.528 297.0 
124.002 298.0 
123.745 299.0 
123.594 300.0 
123.01 301.0 
122.963 302.0 
122.449 303.0 
122.332 304.0 
122.25 305.0 
121.596 306.0 
120.428 307.0 
118.233 308.0 
115.371 309.0 
111.517 310.0 
107.803 311.0 
103.61 312.0 
99.452 313.0 
95.049 314.0 
90.809 315.0 
86.651 316.0 
83.112 317.0 
80.367 318.0 
80.216 319.0 
79.935 320.0 
79.924 321.0 
79.842 322.0 
79.748 323.0 
79.783 324.0 
79.725 325.0 
79.597 326.0 
79.69 327.0 
79.643 328.0 
79.818 329.0 
79.748 330.0 
79.62 331.0 
79.725 332.0 
79.725 333.0 
79.667 334.0 
79.69 335.0 
79.748 336.0 
79.748 337.0 
79.632 338.0 
79.783 339.0 
79.69 340.0 
79.678 341.0 
79.667 342.0 
79.795 343.0 
79.69 344.0 
79.643 345.0 
79.655 346.0 
79.608 347.0 
79.69 348.0 
79.748 349.0 
79.713 350.0 
79.69 351.0 
79.713 352.0 
79.69 353.0 
79.62 354.0 
79.62 355.0 
79.748 356.0 
79.772 357.0 
79.725 358.0 
79.783 359.0 
79.725 360.0 
79.748 361.0 
79.667 362.0 
79.725 363.0 
79.62 364.0 
79.643 365.0 
79.702 366.0 
79.725 367.0 
79.655 368.0 
79.678 369.0 
79.69 370.0 
79.702 371.0 
79.737 372.0 
79.748 373.0 
79.737 374.0 
79.748 375.0 
80.075 376.0 
79.632 377.0 
79.667 378.0 
79.69 379.0 
79.678 380.0 
79.667 381.0 
79.783 382.0 
79.69 383.0 
79.643 384.0 
79.655 385.0 
79.737 386.0 
79.632 387.0 
79.643 388.0 
79.713 389.0 
79.69 390.0 
79.678 391.0 
79.702 392.0 
79.76 393.0 
79.585 394.0 
79.69 395.0 
79.807 396.0 
79.62 397.0 
79.737 398.0 
79.573 399.0 
79.632 400.0 
79.713 401.0 
79.667 402.0 
79.76 403.0 
79.713 404.0 
79.667 405.0 
79.62 406.0 
79.725 407.0 
79.62 408.0 
79.678 409.0 
79.667 410.0 
79.69 411.0 
79.748 412.0 
80.134 413.0 
79.725 414.0 
79.655 415.0 
79.69 416.0 
79.643 417.0 
79.748 418.0 
79.702 419.0 
79.608 420.0 
79.702 421.0 
79.667 422.0 
79.737 423.0 
79.632 424.0 
79.643 425.0 
79.713 426.0 
79.725 427.0 
79.632 428.0 
79.69 429.0 
79.643 430.0 
79.713 431.0 
79.725 432.0 
79.713 433.0 
79.62 434.0 
79.667 435.0 
79.678 436.0 
79.713 437.0 
79.643 438.0 
79.655 439.0 
79.678 440.0 
79.655 441.0 
79.632 442.0 
79.632 443.0 
79.632 444.0 
79.643 445.0 
79.585 446.0 
79.725 447.0 
79.725 448.0 
79.69 449.0 
80.064 450.0 
79.643 451.0 
79.643 452.0 
79.643 453.0 
79.62 454.0 
79.702 455.0 
79.562 456.0 
79.655 457.0 
79.655 458.0 
79.725 459.0 
79.725 460.0 
79.655 461.0 
79.632 462.0 
79.76 463.0 
79.69 464.0 
79.655 465.0 
79.737 466.0 
79.655 467.0 
79.62 468.0 
79.702 469.0 
79.655 470.0 
79.643 471.0 
79.678 472.0 
79.725 473.0 
79.655 474.0 
79.76 475.0 
79.69 476.0 
79.608 477.0 
79.667 478.0 
79.538 479.0 
79.655 480.0 
79.737 481.0 
79.643 482.0 
79.725 483.0 
79.597 484.0 
79.678 485.0 
79.62 486.0 
79.632 487.0 
79.702 488.0 
79.655 489.0 
79.702 490.0 
79.69 491.0 
79.69 492.0 
79.667 493.0 
79.69 494.0 
79.62 495.0 
79.608 496.0 
79.655 497.0 
79.748 498.0 
79.608 499.0 
79.573 500.0 
79.678 501.0 
79.713 502.0 
79.562 503.0 
79.608 504.0 
79.608 505.0 
79.667 506.0 
79.632 507.0 
79.678 508.0 
79.573 509.0 
79.608 510.0 
79.62 511.0 
79.632 512.0 
79.655 513.0 
79.667 514.0 
79.667 515.0 
79.69 516.0 
79.947 517.0 
79.456 518.0 
79.515 519.0 
79.503 520.0 
79.562 521.0 
79.562 522.0 
79.538 523.0 
79.562 524.0 
79.526 525.0 
79.526 526.0 
79.526 527.0 
79.468 528.0 
79.503 529.0 
79.491 530.0 
79.491 531.0 
79.608 532.0 
79.597 533.0 
79.573 534.0 
79.538 535.0 
79.515 536.0 
79.491 537.0 
79.421 538.0 
79.363 539.0 
79.34 540.0 
79.48 541.0 
79.445 542.0 
79.386 543.0 
79.351 544.0 
79.305 545.0 
79.281 546.0 
79.398 547.0 
79.34 548.0 
79.281 549.0 
79.281 550.0 
79.199 551.0 
79.328 552.0 
79.27 553.0 
79.258 554.0 
79.223 555.0 
79.328 556.0 
79.293 557.0 
79.234 558.0 
78.861 559.0 
79.293 560.0 
79.223 561.0 
79.188 562.0 
79.305 563.0 
79.211 564.0 
79.164 565.0 
79.305 566.0 
79.293 567.0 
79.164 568.0 
79.27 569.0 
79.199 570.0 
79.328 571.0 
79.27 572.0 
79.211 573.0 
79.27 574.0 
79.234 575.0 
79.562 576.0 
79.234 577.0 
79.258 578.0 
79.328 579.0 
79.281 580.0 
79.351 581.0 
79.316 582.0 
79.328 583.0 
79.305 584.0 
79.398 585.0 
79.305 586.0 
79.211 587.0 
79.328 588.0 
79.223 589.0 
79.328 590.0 
79.246 591.0 
79.293 592.0 
79.234 593.0 
79.234 594.0 
79.223 595.0 
79.316 596.0 
79.281 597.0 
79.316 598.0 
79.211 599.0 
79.293 600.0 
79.363 601.0 
79.293 602.0 
79.34 603.0 
79.223 604.0 
79.34 605.0 
79.211 606.0 
79.281 607.0 
79.211 608.0 
79.281 609.0 
79.351 610.0 
79.281 611.0 
79.34 612.0 
79.211 613.0 
79.375 614.0 
79.164 615.0 
79.258 616.0 
79.328 617.0 
79.199 618.0 
79.305 619.0 
78.907 620.0 
79.258 621.0 
79.328 622.0 
79.188 623.0 
79.27 624.0 
79.34 625.0 
79.211 626.0 
79.281 627.0 
79.363 628.0 
79.234 629.0 
79.293 630.0 
79.375 631.0 
79.199 632.0 
79.34 633.0 
79.573 634.0 
79.211 635.0 
79.305 636.0 
79.375 637.0 
79.223 638.0 
79.258 639.0 
79.328 640.0 
79.211 641.0 
79.27 642.0 
79.293 643.0 
79.176 644.0 
79.246 645.0 
79.281 646.0 
79.34 647.0 
79.246 648.0 
79.246 649.0 
79.328 650.0 
79.188 651.0 
79.258 652.0 
79.281 653.0 
79.351 654.0 
79.199 655.0 
79.234 656.0 
79.27 657.0 
79.375 658.0 
79.211 659.0 
79.281 660.0 
79.34 661.0 
79.34 662.0 
79.153 663.0 
79.27 664.0 
79.316 665.0 
79.328 666.0 
79.211 667.0 
79.246 668.0 
79.316 669.0 
79.363 670.0 
79.188 671.0 
79.246 672.0 
79.234 673.0 
79.305 674.0 
79.281 675.0 
79.211 676.0 
79.258 677.0 
79.293 678.0 
79.281 679.0 
79.328 680.0 
79.211 681.0 
79.188 682.0 
79.246 683.0 
79.293 684.0 
79.351 685.0 
79.363 686.0 
79.211 687.0 
79.223 688.0 
79.305 689.0 
79.293 690.0 
79.351 691.0 
79.386 692.0 
79.176 693.0 
79.246 694.0 
79.27 695.0 
79.328 696.0 
79.316 697.0 
79.328 698.0 
79.059 699.0 
79.199 700.0 
79.199 701.0 
79.246 702.0 
79.258 703.0 
79.27 704.0 
79.281 705.0 
79.363 706.0 
79.164 707.0 
79.211 708.0 
79.223 709.0 
79.293 710.0 
79.281 711.0 
79.316 712.0 
79.328 713.0 
79.363 714.0 
79.386 715.0 
79.211 716.0 
79.199 717.0 
79.223 718.0 
79.234 719.0 
79.223 720.0 
79.27 721.0 
79.293 722.0 
79.305 723.0 
79.351 724.0 
79.328 725.0 
79.176 726.0 
79.199 727.0 
79.211 728.0 
79.211 729.0 
79.211 730.0 
79.281 731.0 
79.305 732.0 
79.293 733.0 
79.293 734.0 
79.316 735.0 
79.351 736.0 
79.316 737.0 
79.34 738.0 
79.129 739.0 
79.153 740.0 
79.188 741.0 
79.176 742.0 
79.176 743.0 
79.199 744.0 
79.176 745.0 
79.188 746.0 
79.223 747.0 
79.223 748.0 
79.258 749.0 
79.234 750.0 
79.258 751.0 
79.258 752.0 
79.246 753.0 
79.27 754.0 
79.223 755.0 
79.199 756.0 
79.258 757.0 
79.246 758.0 
79.258 759.0 
79.234 760.0 
79.281 761.0 
79.27 762.0 
79.258 763.0 
79.281 764.0 
79.258 765.0 
79.27 766.0 
79.305 767.0 
79.27 768.0 
79.316 769.0 
79.281 770.0 
79.281 771.0 
79.293 772.0 
79.27 773.0 
79.316 774.0 
79.281 775.0 
79.27 776.0 
79.293 777.0 
79.316 778.0 
79.27 779.0 
79.281 780.0 
79.293 781.0 
79.293 782.0 
79.246 783.0 
79.281 784.0 
79.281 785.0 
79.281 786.0 
79.27 787.0 
79.293 788.0 
79.316 789.0 
79.246 790.0 
79.258 791.0 
79.316 792.0 
79.293 793.0 
79.281 794.0 
79.281 795.0 
79.27 796.0 
79.293 797.0 
79.316 798.0 
79.281 799.0 
79.234 800.0 
79.281 801.0 
79.27 802.0 
79.27 803.0 
79.293 804.0 
0.0 805.0 
0.011 806.0 
0.006 807.0 
-0.001 808.0 
-0.002 809.0 
-0.008 810.0 
0.006 811.0 
0.0 812.0 
-0.008 813.0 
0.001 814.0 
-0.014 815.0 
-0.01 816.0 
-0.013 817.0 
-0.014 818.0 
-0.023 819.0 
-0.032 820.0 
-0.03 821.0 
-0.025 822.0 
-0.026 823.0 
-0.03 824.0 
-0.04 825.0 
-0.034 826.0 
-0.024 827.0 
-0.023 828.0 
-0.037 829.0 
