-0.019 257.0 
-0.028 258.0 
-0.023 259.0 
-0.02 260.0 
-0.019 261.0 
-0.03 262.0 
-0.022 263.0 
-0.004 264.0 
-0.001 265.0 
-0.023 266.0 
-0.022 267.0 
-0.008 268.0 
-0.016 269.0 
-0.018 270.0 
-0.025 271.0 
-0.02 272.0 
-0.019 273.0 
-0.029 274.0 
158.247 275.0 
155.012 276.0 
153.902 277.0 
152.501 278.0 
150.912 279.0 
149.032 280.0 
147.198 281.0 
144.956 282.0 
142.41 283.0 
141.101 284.0 
140.821 285.0 
140.424 286.0 
140.225 287.0 
139.957 288.0 
139.641 289.0 
139.42 290.0 
138.824 291.0 
138.544 292.0 
138.345 293.0 
138.205 294.0 
137.621 295.0 
137.434 296.0 
137.352 297.0 
136.698 298.0 
136.511 299.0 
136.324 300.0 
135.682 301.0 
135.53 302.0 
135.028 303.0 
134.783 304.0 
134.584 305.0 
133.673 306.0 
131.98 307.0 
129.235 308.0 
126.128 309.0 
122.157 310.0 
118.069 311.0 
113.643 312.0 
109.415 313.0 
104.801 314.0 
100.351 315.0 
95.621 316.0 
91.393 317.0 
87.947 318.0 
87.726 319.0 
87.422 320.0 
87.387 321.0 
87.2 322.0 
87.13 323.0 
87.142 324.0 
87.083 325.0 
87.2 326.0 
87.036 327.0 
86.966 328.0 
87.188 329.0 
87.083 330.0 
86.978 331.0 
87.095 332.0 
87.083 333.0 
86.943 334.0 
87.06 335.0 
87.06 336.0 
87.095 337.0 
86.978 338.0 
87.118 339.0 
87.048 340.0 
87.001 341.0 
86.978 342.0 
87.177 343.0 
87.013 344.0 
86.978 345.0 
86.978 346.0 
86.955 347.0 
87.107 348.0 
87.048 349.0 
87.013 350.0 
86.99 351.0 
87.001 352.0 
86.955 353.0 
86.908 354.0 
87.072 355.0 
87.013 356.0 
87.036 357.0 
87.001 358.0 
87.083 359.0 
87.013 360.0 
87.06 361.0 
86.966 362.0 
86.99 363.0 
86.92 364.0 
86.978 365.0 
87.013 366.0 
86.99 367.0 
86.931 368.0 
86.978 369.0 
86.99 370.0 
87.001 371.0 
87.013 372.0 
87.036 373.0 
87.06 374.0 
87.072 375.0 
87.083 376.0 
86.85 377.0 
87.001 378.0 
87.001 379.0 
87.001 380.0 
86.978 381.0 
87.083 382.0 
86.978 383.0 
86.99 384.0 
86.966 385.0 
87.072 386.0 
86.931 387.0 
86.908 388.0 
87.001 389.0 
87.025 390.0 
87.025 391.0 
86.966 392.0 
87.072 393.0 
86.896 394.0 
86.99 395.0 
87.118 396.0 
86.92 397.0 
87.013 398.0 
86.931 399.0 
86.943 400.0 
87.036 401.0 
87.001 402.0 
87.107 403.0 
87.036 404.0 
86.99 405.0 
86.896 406.0 
86.99 407.0 
86.908 408.0 
87.025 409.0 
86.92 410.0 
86.978 411.0 
87.025 412.0 
87.083 413.0 
87.001 414.0 
86.955 415.0 
87.025 416.0 
86.92 417.0 
87.235 418.0 
87.001 419.0 
86.931 420.0 
86.978 421.0 
86.99 422.0 
87.036 423.0 
86.955 424.0 
86.943 425.0 
87.013 426.0 
86.99 427.0 
86.943 428.0 
86.978 429.0 
86.966 430.0 
86.966 431.0 
87.001 432.0 
87.048 433.0 
86.92 434.0 
86.908 435.0 
86.978 436.0 
87.223 437.0 
86.92 438.0 
86.931 439.0 
86.943 440.0 
86.978 441.0 
86.931 442.0 
86.966 443.0 
86.99 444.0 
86.966 445.0 
86.908 446.0 
87.013 447.0 
87.001 448.0 
87.001 449.0 
87.258 450.0 
86.955 451.0 
86.908 452.0 
86.92 453.0 
86.885 454.0 
86.99 455.0 
86.966 456.0 
86.92 457.0 
86.92 458.0 
87.013 459.0 
87.025 460.0 
86.966 461.0 
86.931 462.0 
87.025 463.0 
87.001 464.0 
87.001 465.0 
87.036 466.0 
86.966 467.0 
86.885 468.0 
87.001 469.0 
86.955 470.0 
86.955 471.0 
86.92 472.0 
87.048 473.0 
86.931 474.0 
87.013 475.0 
86.966 476.0 
86.885 477.0 
86.931 478.0 
86.908 479.0 
86.943 480.0 
87.025 481.0 
86.943 482.0 
87.048 483.0 
86.931 484.0 
87.025 485.0 
86.908 486.0 
86.885 487.0 
87.013 488.0 
86.966 489.0 
86.966 490.0 
87.001 491.0 
86.99 492.0 
86.99 493.0 
87.001 494.0 
86.908 495.0 
86.92 496.0 
86.966 497.0 
87.001 498.0 
86.896 499.0 
86.861 500.0 
86.966 501.0 
86.99 502.0 
86.885 503.0 
86.908 504.0 
86.931 505.0 
86.931 506.0 
87.083 507.0 
87.001 508.0 
86.838 509.0 
86.885 510.0 
86.885 511.0 
86.955 512.0 
86.978 513.0 
86.943 514.0 
86.966 515.0 
86.978 516.0 
86.99 517.0 
86.803 518.0 
86.768 519.0 
86.803 520.0 
86.826 521.0 
86.838 522.0 
86.85 523.0 
86.85 524.0 
86.791 525.0 
86.803 526.0 
86.756 527.0 
86.721 528.0 
86.651 529.0 
86.628 530.0 
86.628 531.0 
86.768 532.0 
86.721 533.0 
86.651 534.0 
86.616 535.0 
86.604 536.0 
86.511 537.0 
86.452 538.0 
86.406 539.0 
86.382 540.0 
86.523 541.0 
86.429 542.0 
86.382 543.0 
86.347 544.0 
86.336 545.0 
86.254 546.0 
86.359 547.0 
86.324 548.0 
86.289 549.0 
86.219 550.0 
86.207 551.0 
86.277 552.0 
86.219 553.0 
86.149 554.0 
86.137 555.0 
86.254 556.0 
86.184 557.0 
86.184 558.0 
86.289 559.0 
86.219 560.0 
86.196 561.0 
86.149 562.0 
86.266 563.0 
86.207 564.0 
86.079 565.0 
86.242 566.0 
86.289 567.0 
86.09 568.0 
86.231 569.0 
86.172 570.0 
86.277 571.0 
86.196 572.0 
86.149 573.0 
86.196 574.0 
86.149 575.0 
86.242 576.0 
86.196 577.0 
86.184 578.0 
86.336 579.0 
86.231 580.0 
86.301 581.0 
86.254 582.0 
86.301 583.0 
86.254 584.0 
86.347 585.0 
86.254 586.0 
86.16 587.0 
86.266 588.0 
86.184 589.0 
86.277 590.0 
86.172 591.0 
86.219 592.0 
86.172 593.0 
86.196 594.0 
86.172 595.0 
86.254 596.0 
86.184 597.0 
86.266 598.0 
86.184 599.0 
86.277 600.0 
86.336 601.0 
86.207 602.0 
86.301 603.0 
86.207 604.0 
86.289 605.0 
86.172 606.0 
86.231 607.0 
86.125 608.0 
86.219 609.0 
86.312 610.0 
86.207 611.0 
86.301 612.0 
86.196 613.0 
86.277 614.0 
86.149 615.0 
86.231 616.0 
86.301 617.0 
86.196 618.0 
86.254 619.0 
85.95 620.0 
86.172 621.0 
86.254 622.0 
86.149 623.0 
86.137 624.0 
86.336 625.0 
86.137 626.0 
86.266 627.0 
86.277 628.0 
86.172 629.0 
86.231 630.0 
86.289 631.0 
86.125 632.0 
86.254 633.0 
86.336 634.0 
86.196 635.0 
86.254 636.0 
86.312 637.0 
86.196 638.0 
86.231 639.0 
86.336 640.0 
86.149 641.0 
86.231 642.0 
86.266 643.0 
86.114 644.0 
86.207 645.0 
86.242 646.0 
86.254 647.0 
86.16 648.0 
86.16 649.0 
86.277 650.0 
86.16 651.0 
86.16 652.0 
86.242 653.0 
86.324 654.0 
86.137 655.0 
86.172 656.0 
86.184 657.0 
86.312 658.0 
86.16 659.0 
86.242 660.0 
86.312 661.0 
86.336 662.0 
86.137 663.0 
86.219 664.0 
86.266 665.0 
86.312 666.0 
86.149 667.0 
86.207 668.0 
86.254 669.0 
86.277 670.0 
86.149 671.0 
86.184 672.0 
86.231 673.0 
86.207 674.0 
86.301 675.0 
86.149 676.0 
86.219 677.0 
86.242 678.0 
86.184 679.0 
86.301 680.0 
86.137 681.0 
86.16 682.0 
86.207 683.0 
86.231 684.0 
86.289 685.0 
86.347 686.0 
86.137 687.0 
86.16 688.0 
86.196 689.0 
86.231 690.0 
86.312 691.0 
86.312 692.0 
86.067 693.0 
86.149 694.0 
86.219 695.0 
86.219 696.0 
86.277 697.0 
86.324 698.0 
85.787 699.0 
86.125 700.0 
86.16 701.0 
86.231 702.0 
86.219 703.0 
86.196 704.0 
86.277 705.0 
86.301 706.0 
86.125 707.0 
86.137 708.0 
86.149 709.0 
86.207 710.0 
86.231 711.0 
86.254 712.0 
86.266 713.0 
86.289 714.0 
86.312 715.0 
86.149 716.0 
86.137 717.0 
86.184 718.0 
86.207 719.0 
86.219 720.0 
86.254 721.0 
86.254 722.0 
86.289 723.0 
86.312 724.0 
86.312 725.0 
86.114 726.0 
86.09 727.0 
86.149 728.0 
86.184 729.0 
86.207 730.0 
86.196 731.0 
86.242 732.0 
86.219 733.0 
86.266 734.0 
86.242 735.0 
86.289 736.0 
86.277 737.0 
86.301 738.0 
85.682 739.0 
86.102 740.0 
86.114 741.0 
86.125 742.0 
86.125 743.0 
86.172 744.0 
86.149 745.0 
86.137 746.0 
86.149 747.0 
86.114 748.0 
86.172 749.0 
86.207 750.0 
86.196 751.0 
86.172 752.0 
86.196 753.0 
86.207 754.0 
86.207 755.0 
86.207 756.0 
86.231 757.0 
86.219 758.0 
86.219 759.0 
86.242 760.0 
86.242 761.0 
86.207 762.0 
86.242 763.0 
86.254 764.0 
86.254 765.0 
86.219 766.0 
86.254 767.0 
86.242 768.0 
86.231 769.0 
86.231 770.0 
86.266 771.0 
86.266 772.0 
86.242 773.0 
86.231 774.0 
86.254 775.0 
86.219 776.0 
86.266 777.0 
86.231 778.0 
86.231 779.0 
86.231 780.0 
86.219 781.0 
86.219 782.0 
86.219 783.0 
86.231 784.0 
86.254 785.0 
86.242 786.0 
86.196 787.0 
86.231 788.0 
86.231 789.0 
86.242 790.0 
86.219 791.0 
86.242 792.0 
86.231 793.0 
86.219 794.0 
86.207 795.0 
86.231 796.0 
86.242 797.0 
86.219 798.0 
86.207 799.0 
86.219 800.0 
86.219 801.0 
86.242 802.0 
86.231 803.0 
86.219 804.0 
0.005 805.0 
0.008 806.0 
0.0 807.0 
-0.004 808.0 
0.006 809.0 
0.001 810.0 
-0.01 811.0 
-0.019 812.0 
-0.026 813.0 
-0.035 814.0 
-0.038 815.0 
-0.044 816.0 
-0.052 817.0 
-0.052 818.0 
-0.059 819.0 
-0.056 820.0 
-0.061 821.0 
-0.066 822.0 
-0.055 823.0 
-0.053 824.0 
-0.042 825.0 
-0.047 826.0 
-0.046 827.0 
-0.052 828.0 
-0.048 829.0 
