-0.024 257.0 
-0.032 258.0 
-0.108 259.0 
-0.029 260.0 
-0.026 261.0 
-0.028 262.0 
-0.05 263.0 
-0.031 264.0 
-0.016 265.0 
-0.012 266.0 
-0.016 267.0 
-0.035 268.0 
-0.017 269.0 
-0.028 270.0 
-0.036 271.0 
-0.022 272.0 
-0.034 273.0 
-0.03 274.0 
264.009 275.0 
260.876 276.0 
259.251 277.0 
257.51 278.0 
255.654 279.0 
253.333 280.0 
251.476 281.0 
249.851 282.0 
247.53 283.0 
247.762 284.0 
247.066 285.0 
246.834 286.0 
246.602 287.0 
246.602 288.0 
246.138 289.0 
246.37 290.0 
245.557 291.0 
244.977 292.0 
244.513 293.0 
245.093 294.0 
244.049 295.0 
244.281 296.0 
244.281 297.0 
243.701 298.0 
243.469 299.0 
243.933 300.0 
243.353 301.0 
243.585 302.0 
242.888 303.0 
243.004 304.0 
243.585 305.0 
243.353 306.0 
243.12 307.0 
242.888 308.0 
243.12 309.0 
242.656 310.0 
242.772 311.0 
242.308 312.0 
242.424 313.0 
242.308 314.0 
242.308 315.0 
242.308 316.0 
242.656 317.0 
241.96 318.0 
242.424 319.0 
242.308 320.0 
234.533 321.0 
242.192 322.0 
241.728 323.0 
242.424 324.0 
242.308 325.0 
244.861 326.0 
242.308 327.0 
242.308 328.0 
242.656 329.0 
242.308 330.0 
242.076 331.0 
242.308 332.0 
242.192 333.0 
241.96 334.0 
244.977 335.0 
242.192 336.0 
242.192 337.0 
241.844 338.0 
242.54 339.0 
242.076 340.0 
241.96 341.0 
242.076 342.0 
242.656 343.0 
242.308 344.0 
241.96 345.0 
242.192 346.0 
241.612 347.0 
241.032 348.0 
242.076 349.0 
242.424 350.0 
242.308 351.0 
242.192 352.0 
241.728 353.0 
239.291 354.0 
242.308 355.0 
242.076 356.0 
242.076 357.0 
241.96 358.0 
242.076 359.0 
241.728 360.0 
242.192 361.0 
241.96 362.0 
242.192 363.0 
242.076 364.0 
242.192 365.0 
242.192 366.0 
242.192 367.0 
242.076 368.0 
241.96 369.0 
242.192 370.0 
242.424 371.0 
242.192 372.0 
241.844 373.0 
242.076 374.0 
242.192 375.0 
244.861 376.0 
241.612 377.0 
242.076 378.0 
242.192 379.0 
242.076 380.0 
241.96 381.0 
242.54 382.0 
241.728 383.0 
242.192 384.0 
242.308 385.0 
242.424 386.0 
241.496 387.0 
241.844 388.0 
241.96 389.0 
242.424 390.0 
242.656 391.0 
241.96 392.0 
241.844 393.0 
241.496 394.0 
242.192 395.0 
242.424 396.0 
241.728 397.0 
242.192 398.0 
241.032 399.0 
241.96 400.0 
242.076 401.0 
241.96 402.0 
242.54 403.0 
241.96 404.0 
242.076 405.0 
242.076 406.0 
242.076 407.0 
241.96 408.0 
242.192 409.0 
241.612 410.0 
242.192 411.0 
242.192 412.0 
242.424 413.0 
242.192 414.0 
241.612 415.0 
242.308 416.0 
241.728 417.0 
242.308 418.0 
242.076 419.0 
241.844 420.0 
241.844 421.0 
242.308 422.0 
242.308 423.0 
242.076 424.0 
241.96 425.0 
242.192 426.0 
242.308 427.0 
241.844 428.0 
241.728 429.0 
241.844 430.0 
242.192 431.0 
242.192 432.0 
242.192 433.0 
241.496 434.0 
242.076 435.0 
242.308 436.0 
242.656 437.0 
241.728 438.0 
241.728 439.0 
241.96 440.0 
241.96 441.0 
241.728 442.0 
242.192 443.0 
242.54 444.0 
242.192 445.0 
241.96 446.0 
242.308 447.0 
242.54 448.0 
242.076 449.0 
242.424 450.0 
242.076 451.0 
242.308 452.0 
241.844 453.0 
241.728 454.0 
241.96 455.0 
242.076 456.0 
242.076 457.0 
241.96 458.0 
242.308 459.0 
242.192 460.0 
241.728 461.0 
241.96 462.0 
242.424 463.0 
242.308 464.0 
242.192 465.0 
242.424 466.0 
242.424 467.0 
241.728 468.0 
242.192 469.0 
242.192 470.0 
242.424 471.0 
242.54 472.0 
242.308 473.0 
242.076 474.0 
242.192 475.0 
242.424 476.0 
241.728 477.0 
241.96 478.0 
241.844 479.0 
241.96 480.0 
242.076 481.0 
242.076 482.0 
242.308 483.0 
242.192 484.0 
242.424 485.0 
242.076 486.0 
241.96 487.0 
242.424 488.0 
242.076 489.0 
242.424 490.0 
242.308 491.0 
242.308 492.0 
241.844 493.0 
242.192 494.0 
241.728 495.0 
241.612 496.0 
242.308 497.0 
241.96 498.0 
241.728 499.0 
242.076 500.0 
241.96 501.0 
242.308 502.0 
241.844 503.0 
241.96 504.0 
241.96 505.0 
241.96 506.0 
238.595 507.0 
245.325 508.0 
241.496 509.0 
241.728 510.0 
242.192 511.0 
241.96 512.0 
241.728 513.0 
241.96 514.0 
241.96 515.0 
242.192 516.0 
245.557 517.0 
241.38 518.0 
241.496 519.0 
241.612 520.0 
241.496 521.0 
241.96 522.0 
241.844 523.0 
241.96 524.0 
242.076 525.0 
241.96 526.0 
241.844 527.0 
241.496 528.0 
241.612 529.0 
241.496 530.0 
241.844 531.0 
242.192 532.0 
242.076 533.0 
241.496 534.0 
242.076 535.0 
241.96 536.0 
241.96 537.0 
241.844 538.0 
241.496 539.0 
241.496 540.0 
242.192 541.0 
241.728 542.0 
241.96 543.0 
241.96 544.0 
241.844 545.0 
241.612 546.0 
242.308 547.0 
241.96 548.0 
241.844 549.0 
241.844 550.0 
241.032 551.0 
242.308 552.0 
241.728 553.0 
241.612 554.0 
241.844 555.0 
241.96 556.0 
241.612 557.0 
241.612 558.0 
237.434 559.0 
241.844 560.0 
241.496 561.0 
241.264 562.0 
242.192 563.0 
241.844 564.0 
241.148 565.0 
242.076 566.0 
241.612 567.0 
241.496 568.0 
241.96 569.0 
241.96 570.0 
242.192 571.0 
241.96 572.0 
241.496 573.0 
241.148 574.0 
241.728 575.0 
242.076 576.0 
241.844 577.0 
241.728 578.0 
242.308 579.0 
241.844 580.0 
241.96 581.0 
241.96 582.0 
242.076 583.0 
242.192 584.0 
237.55 585.0 
241.844 586.0 
241.96 587.0 
242.192 588.0 
241.96 589.0 
241.844 590.0 
242.308 591.0 
241.844 592.0 
241.844 593.0 
241.38 594.0 
242.076 595.0 
242.076 596.0 
241.148 597.0 
241.728 598.0 
241.844 599.0 
242.076 600.0 
241.96 601.0 
241.96 602.0 
242.192 603.0 
242.192 604.0 
242.656 605.0 
241.728 606.0 
241.96 607.0 
241.728 608.0 
242.308 609.0 
242.308 610.0 
241.844 611.0 
242.308 612.0 
241.96 613.0 
242.076 614.0 
241.844 615.0 
241.96 616.0 
242.192 617.0 
241.496 618.0 
242.192 619.0 
237.55 620.0 
241.496 621.0 
241.728 622.0 
241.728 623.0 
241.612 624.0 
242.192 625.0 
241.96 626.0 
242.076 627.0 
241.96 628.0 
241.96 629.0 
241.96 630.0 
242.308 631.0 
241.612 632.0 
241.728 633.0 
242.076 634.0 
241.612 635.0 
242.192 636.0 
242.192 637.0 
241.844 638.0 
241.844 639.0 
242.192 640.0 
241.728 641.0 
241.96 642.0 
241.728 643.0 
241.728 644.0 
241.96 645.0 
241.728 646.0 
242.308 647.0 
241.96 648.0 
241.844 649.0 
242.424 650.0 
241.844 651.0 
241.844 652.0 
241.844 653.0 
242.192 654.0 
241.728 655.0 
241.728 656.0 
241.844 657.0 
242.192 658.0 
241.844 659.0 
241.728 660.0 
242.076 661.0 
242.192 662.0 
241.844 663.0 
242.076 664.0 
242.076 665.0 
242.192 666.0 
241.612 667.0 
241.728 668.0 
242.192 669.0 
241.96 670.0 
241.844 671.0 
241.96 672.0 
241.264 673.0 
241.844 674.0 
241.612 675.0 
241.612 676.0 
241.844 677.0 
242.076 678.0 
241.728 679.0 
242.192 680.0 
241.728 681.0 
241.728 682.0 
242.076 683.0 
242.192 684.0 
242.192 685.0 
242.424 686.0 
241.728 687.0 
241.96 688.0 
242.076 689.0 
242.192 690.0 
242.192 691.0 
242.308 692.0 
241.612 693.0 
241.612 694.0 
241.728 695.0 
241.96 696.0 
241.96 697.0 
241.612 698.0 
240.219 699.0 
241.844 700.0 
241.844 701.0 
241.96 702.0 
241.96 703.0 
242.424 704.0 
242.192 705.0 
242.424 706.0 
241.96 707.0 
241.96 708.0 
241.844 709.0 
241.728 710.0 
242.424 711.0 
242.54 712.0 
242.192 713.0 
242.076 714.0 
242.076 715.0 
241.728 716.0 
241.728 717.0 
241.728 718.0 
241.612 719.0 
241.96 720.0 
241.96 721.0 
242.192 722.0 
242.076 723.0 
242.308 724.0 
242.308 725.0 
241.728 726.0 
241.844 727.0 
241.728 728.0 
242.076 729.0 
241.728 730.0 
242.076 731.0 
242.076 732.0 
242.076 733.0 
241.728 734.0 
242.076 735.0 
242.192 736.0 
242.192 737.0 
242.308 738.0 
239.291 739.0 
241.612 740.0 
241.844 741.0 
241.728 742.0 
241.612 743.0 
241.96 744.0 
241.844 745.0 
241.728 746.0 
241.844 747.0 
241.496 748.0 
241.844 749.0 
241.728 750.0 
241.96 751.0 
241.728 752.0 
241.96 753.0 
241.264 754.0 
241.612 755.0 
241.612 756.0 
241.96 757.0 
241.844 758.0 
242.192 759.0 
242.076 760.0 
241.844 761.0 
241.612 762.0 
242.308 763.0 
242.192 764.0 
242.308 765.0 
241.96 766.0 
242.076 767.0 
242.192 768.0 
242.076 769.0 
242.076 770.0 
242.192 771.0 
242.192 772.0 
241.96 773.0 
241.96 774.0 
241.96 775.0 
241.844 776.0 
242.076 777.0 
241.96 778.0 
242.076 779.0 
242.308 780.0 
241.728 781.0 
241.96 782.0 
242.192 783.0 
242.192 784.0 
242.192 785.0 
242.192 786.0 
241.96 787.0 
241.844 788.0 
241.96 789.0 
242.076 790.0 
242.424 791.0 
242.076 792.0 
242.076 793.0 
241.612 794.0 
241.728 795.0 
241.844 796.0 
241.96 797.0 
241.728 798.0 
241.844 799.0 
241.496 800.0 
241.728 801.0 
242.076 802.0 
242.076 803.0 
242.076 804.0 
0.038 805.0 
0.037 806.0 
0.034 807.0 
0.038 808.0 
0.035 809.0 
0.019 810.0 
0.019 811.0 
0.018 812.0 
0.002 813.0 
-0.006 814.0 
-0.012 815.0 
-0.006 816.0 
-0.008 817.0 
-0.018 818.0 
-0.023 819.0 
-0.012 820.0 
-0.014 821.0 
-0.02 822.0 
-0.024 823.0 
-0.016 824.0 
-0.019 825.0 
-0.025 826.0 
-0.025 827.0 
-0.011 828.0 
-0.016 829.0 
