-0.034 257.0 
-0.042 258.0 
-0.034 259.0 
-0.032 260.0 
-0.02 261.0 
-0.03 262.0 
-0.03 263.0 
-0.028 264.0 
-0.028 265.0 
-0.025 266.0 
-0.041 267.0 
-0.046 268.0 
-0.043 269.0 
-0.03 270.0 
-0.01 271.0 
-0.001 272.0 
-0.024 273.0 
-0.03 274.0 
145.002 275.0 
142.246 276.0 
141.37 277.0 
140.12 278.0 
138.871 279.0 
137.387 280.0 
135.939 281.0 
134.094 282.0 
131.034 283.0 
130.193 284.0 
129.947 285.0 
129.667 286.0 
129.597 287.0 
129.352 288.0 
129.118 289.0 
128.92 290.0 
128.382 291.0 
128.195 292.0 
128.02 293.0 
127.997 294.0 
127.506 295.0 
127.425 296.0 
127.39 297.0 
126.841 298.0 
126.689 299.0 
126.619 300.0 
126.035 301.0 
125.965 302.0 
125.416 303.0 
125.276 304.0 
124.948 305.0 
124.143 306.0 
122.379 307.0 
119.809 308.0 
116.96 309.0 
113.351 310.0 
109.8 311.0 
105.771 312.0 
101.916 313.0 
97.618 314.0 
93.367 315.0 
89.01 316.0 
84.876 317.0 
81.862 318.0 
81.676 319.0 
81.384 320.0 
80.683 321.0 
81.197 322.0 
81.045 323.0 
81.045 324.0 
80.963 325.0 
80.823 326.0 
80.998 327.0 
80.881 328.0 
81.08 329.0 
81.01 330.0 
80.87 331.0 
81.021 332.0 
81.021 333.0 
80.893 334.0 
80.893 335.0 
80.998 336.0 
80.986 337.0 
80.881 338.0 
81.021 339.0 
80.881 340.0 
80.905 341.0 
80.893 342.0 
81.021 343.0 
80.881 344.0 
80.893 345.0 
80.858 346.0 
80.846 347.0 
80.928 348.0 
80.94 349.0 
80.963 350.0 
80.893 351.0 
80.951 352.0 
80.905 353.0 
80.858 354.0 
80.975 355.0 
80.963 356.0 
80.975 357.0 
80.916 358.0 
81.01 359.0 
80.94 360.0 
80.94 361.0 
80.905 362.0 
80.905 363.0 
80.893 364.0 
80.881 365.0 
80.905 366.0 
80.94 367.0 
80.858 368.0 
80.87 369.0 
80.916 370.0 
80.94 371.0 
80.94 372.0 
80.986 373.0 
80.963 374.0 
80.963 375.0 
81.36 376.0 
80.846 377.0 
80.893 378.0 
80.916 379.0 
80.905 380.0 
80.87 381.0 
80.998 382.0 
80.881 383.0 
80.893 384.0 
80.87 385.0 
80.986 386.0 
80.881 387.0 
80.858 388.0 
80.928 389.0 
80.975 390.0 
80.916 391.0 
80.893 392.0 
80.986 393.0 
80.858 394.0 
80.928 395.0 
80.998 396.0 
80.881 397.0 
80.94 398.0 
80.811 399.0 
80.835 400.0 
80.963 401.0 
80.916 402.0 
80.998 403.0 
80.928 404.0 
80.916 405.0 
80.823 406.0 
80.94 407.0 
80.893 408.0 
80.893 409.0 
80.858 410.0 
80.905 411.0 
80.928 412.0 
81.29 413.0 
80.963 414.0 
80.881 415.0 
80.94 416.0 
80.858 417.0 
80.916 418.0 
80.916 419.0 
80.846 420.0 
80.893 421.0 
80.94 422.0 
80.951 423.0 
80.881 424.0 
80.881 425.0 
80.905 426.0 
80.94 427.0 
80.87 428.0 
80.893 429.0 
80.858 430.0 
80.928 431.0 
80.94 432.0 
80.951 433.0 
80.846 434.0 
80.87 435.0 
80.928 436.0 
80.998 437.0 
80.8 438.0 
80.858 439.0 
80.835 440.0 
80.846 441.0 
80.846 442.0 
80.881 443.0 
80.858 444.0 
80.846 445.0 
80.835 446.0 
80.94 447.0 
80.951 448.0 
80.928 449.0 
81.302 450.0 
80.87 451.0 
80.858 452.0 
80.823 453.0 
80.846 454.0 
80.905 455.0 
80.905 456.0 
80.881 457.0 
80.811 458.0 
80.916 459.0 
80.963 460.0 
80.87 461.0 
80.835 462.0 
80.951 463.0 
80.905 464.0 
80.916 465.0 
80.94 466.0 
80.87 467.0 
80.823 468.0 
80.951 469.0 
80.881 470.0 
80.858 471.0 
80.893 472.0 
80.951 473.0 
80.858 474.0 
80.963 475.0 
80.893 476.0 
80.835 477.0 
80.881 478.0 
80.765 479.0 
80.881 480.0 
80.951 481.0 
80.893 482.0 
80.94 483.0 
80.858 484.0 
80.905 485.0 
80.835 486.0 
80.835 487.0 
80.94 488.0 
80.846 489.0 
80.87 490.0 
80.951 491.0 
80.87 492.0 
80.881 493.0 
80.94 494.0 
80.823 495.0 
80.8 496.0 
80.893 497.0 
80.916 498.0 
80.8 499.0 
80.811 500.0 
80.87 501.0 
80.928 502.0 
80.753 503.0 
80.823 504.0 
80.858 505.0 
80.835 506.0 
80.87 507.0 
81.267 508.0 
80.788 509.0 
80.811 510.0 
80.846 511.0 
80.846 512.0 
80.87 513.0 
80.893 514.0 
80.905 515.0 
80.916 516.0 
81.15 517.0 
80.648 518.0 
80.706 519.0 
80.741 520.0 
80.765 521.0 
80.765 522.0 
80.776 523.0 
80.765 524.0 
80.753 525.0 
80.753 526.0 
80.718 527.0 
80.624 528.0 
80.706 529.0 
80.624 530.0 
80.659 531.0 
80.8 532.0 
80.765 533.0 
80.729 534.0 
80.718 535.0 
80.659 536.0 
80.589 537.0 
80.543 538.0 
80.449 539.0 
80.461 540.0 
80.554 541.0 
80.508 542.0 
80.461 543.0 
80.414 544.0 
80.367 545.0 
80.344 546.0 
80.461 547.0 
80.414 548.0 
80.391 549.0 
80.297 550.0 
80.274 551.0 
80.321 552.0 
80.309 553.0 
80.286 554.0 
80.227 555.0 
80.356 556.0 
80.309 557.0 
80.262 558.0 
80.321 559.0 
80.309 560.0 
80.251 561.0 
80.227 562.0 
80.309 563.0 
80.286 564.0 
80.157 565.0 
80.286 566.0 
80.402 567.0 
80.192 568.0 
80.297 569.0 
80.227 570.0 
80.356 571.0 
80.274 572.0 
80.216 573.0 
80.297 574.0 
80.262 575.0 
80.356 576.0 
80.309 577.0 
80.297 578.0 
80.356 579.0 
80.262 580.0 
80.379 581.0 
80.297 582.0 
80.391 583.0 
80.356 584.0 
80.426 585.0 
80.344 586.0 
80.216 587.0 
80.367 588.0 
80.239 589.0 
80.321 590.0 
80.262 591.0 
80.332 592.0 
80.262 593.0 
80.274 594.0 
80.286 595.0 
80.379 596.0 
80.239 597.0 
80.356 598.0 
80.239 599.0 
80.297 600.0 
80.426 601.0 
80.297 602.0 
80.391 603.0 
80.297 604.0 
80.379 605.0 
80.262 606.0 
80.344 607.0 
80.239 608.0 
80.297 609.0 
80.402 610.0 
80.286 611.0 
80.367 612.0 
80.239 613.0 
80.332 614.0 
80.251 615.0 
80.321 616.0 
80.379 617.0 
80.192 618.0 
80.344 619.0 
79.924 620.0 
80.309 621.0 
80.309 622.0 
80.251 623.0 
80.286 624.0 
80.367 625.0 
80.262 626.0 
80.332 627.0 
80.402 628.0 
80.251 629.0 
80.332 630.0 
80.391 631.0 
80.227 632.0 
80.321 633.0 
80.391 634.0 
80.274 635.0 
80.391 636.0 
80.391 637.0 
80.239 638.0 
80.286 639.0 
80.379 640.0 
80.216 641.0 
80.309 642.0 
80.367 643.0 
80.216 644.0 
80.262 645.0 
80.344 646.0 
80.379 647.0 
80.251 648.0 
80.297 649.0 
80.356 650.0 
80.192 651.0 
80.286 652.0 
80.309 653.0 
80.379 654.0 
80.239 655.0 
80.274 656.0 
80.262 657.0 
80.379 658.0 
80.251 659.0 
80.321 660.0 
80.321 661.0 
80.367 662.0 
80.239 663.0 
80.274 664.0 
80.344 665.0 
80.391 666.0 
80.227 667.0 
80.321 668.0 
80.344 669.0 
80.367 670.0 
80.262 671.0 
80.286 672.0 
80.321 673.0 
80.321 674.0 
80.344 675.0 
80.216 676.0 
80.274 677.0 
80.274 678.0 
80.286 679.0 
80.402 680.0 
80.227 681.0 
80.227 682.0 
80.274 683.0 
80.332 684.0 
80.356 685.0 
80.391 686.0 
80.239 687.0 
80.309 688.0 
80.262 689.0 
80.344 690.0 
80.367 691.0 
80.379 692.0 
80.227 693.0 
80.297 694.0 
80.286 695.0 
80.332 696.0 
80.344 697.0 
80.356 698.0 
80.064 699.0 
80.239 700.0 
80.286 701.0 
80.262 702.0 
80.309 703.0 
80.321 704.0 
80.344 705.0 
80.379 706.0 
80.204 707.0 
80.251 708.0 
80.262 709.0 
80.274 710.0 
80.321 711.0 
80.344 712.0 
80.344 713.0 
80.391 714.0 
80.391 715.0 
80.227 716.0 
80.274 717.0 
80.262 718.0 
80.262 719.0 
80.297 720.0 
80.309 721.0 
80.344 722.0 
80.321 723.0 
80.391 724.0 
80.391 725.0 
80.181 726.0 
80.157 727.0 
80.262 728.0 
80.251 729.0 
80.274 730.0 
80.309 731.0 
80.309 732.0 
80.321 733.0 
80.332 734.0 
80.344 735.0 
80.367 736.0 
80.391 737.0 
80.379 738.0 
80.029 739.0 
80.192 740.0 
80.227 741.0 
80.216 742.0 
80.227 743.0 
80.227 744.0 
80.251 745.0 
80.251 746.0 
80.262 747.0 
80.274 748.0 
80.262 749.0 
80.274 750.0 
80.274 751.0 
80.286 752.0 
80.286 753.0 
80.332 754.0 
80.274 755.0 
80.297 756.0 
80.297 757.0 
80.286 758.0 
80.321 759.0 
80.297 760.0 
80.297 761.0 
80.286 762.0 
80.297 763.0 
80.297 764.0 
80.321 765.0 
80.286 766.0 
80.286 767.0 
80.321 768.0 
80.321 769.0 
80.274 770.0 
80.309 771.0 
80.344 772.0 
80.309 773.0 
80.332 774.0 
80.344 775.0 
80.332 776.0 
80.321 777.0 
80.309 778.0 
80.321 779.0 
80.321 780.0 
80.297 781.0 
80.286 782.0 
80.309 783.0 
80.344 784.0 
80.262 785.0 
80.274 786.0 
80.297 787.0 
80.321 788.0 
80.297 789.0 
80.344 790.0 
80.321 791.0 
80.321 792.0 
80.321 793.0 
80.332 794.0 
80.297 795.0 
80.332 796.0 
80.297 797.0 
80.332 798.0 
80.309 799.0 
80.297 800.0 
80.309 801.0 
80.332 802.0 
80.321 803.0 
80.297 804.0 
0.002 805.0 
-0.004 806.0 
0.001 807.0 
0.002 808.0 
0.0 809.0 
0.006 810.0 
0.005 811.0 
0.006 812.0 
0.002 813.0 
-0.006 814.0 
-0.007 815.0 
0.002 816.0 
-0.002 817.0 
-0.011 818.0 
-0.01 819.0 
-0.013 820.0 
-0.012 821.0 
-0.01 822.0 
-0.019 823.0 
-0.024 824.0 
-0.02 825.0 
-0.023 826.0 
-0.017 827.0 
-0.028 828.0 
-0.028 829.0 
