-0.025 257.0 
-0.04 258.0 
-0.067 259.0 
-0.042 260.0 
-0.048 261.0 
-0.05 262.0 
-0.018 263.0 
-0.047 264.0 
-0.046 265.0 
-0.068 266.0 
-0.008 267.0 
-0.028 268.0 
-0.036 269.0 
-0.038 270.0 
-0.025 271.0 
-0.029 272.0 
-0.043 273.0 
-0.049 274.0 
97.571 275.0 
95.504 276.0 
95.271 277.0 
95.06 278.0 
94.944 279.0 
94.243 280.0 
92.818 281.0 
90.984 282.0 
89.781 283.0 
89.466 284.0 
89.478 285.0 
89.466 286.0 
89.594 287.0 
89.583 288.0 
89.594 289.0 
89.302 290.0 
89.419 291.0 
89.442 292.0 
89.489 293.0 
89.279 294.0 
89.384 295.0 
89.478 296.0 
89.466 297.0 
89.361 298.0 
89.419 299.0 
89.326 300.0 
89.372 301.0 
89.501 302.0 
89.326 303.0 
89.431 304.0 
89.361 305.0 
89.407 306.0 
89.384 307.0 
88.894 308.0 
88.146 309.0 
86.663 310.0 
84.864 311.0 
82.224 312.0 
79.445 313.0 
76.361 314.0 
73.675 315.0 
71.012 316.0 
68.91 317.0 
67.006 318.0 
66.784 319.0 
66.539 320.0 
66.282 321.0 
66.27 322.0 
66.165 323.0 
66.142 324.0 
66.083 325.0 
66.013 326.0 
66.083 327.0 
65.99 328.0 
65.943 329.0 
66.083 330.0 
65.885 331.0 
65.826 332.0 
65.85 333.0 
65.861 334.0 
65.838 335.0 
65.873 336.0 
65.966 337.0 
65.896 338.0 
65.873 339.0 
65.78 340.0 
65.943 341.0 
65.885 342.0 
65.885 343.0 
65.896 344.0 
65.908 345.0 
65.826 346.0 
65.628 347.0 
65.896 348.0 
65.873 349.0 
65.85 350.0 
65.826 351.0 
66.072 352.0 
65.978 353.0 
65.908 354.0 
65.92 355.0 
65.885 356.0 
65.92 357.0 
65.861 358.0 
65.943 359.0 
65.896 360.0 
65.92 361.0 
65.861 362.0 
65.908 363.0 
65.861 364.0 
65.885 365.0 
65.931 366.0 
65.943 367.0 
65.873 368.0 
65.896 369.0 
65.873 370.0 
65.92 371.0 
65.943 372.0 
65.955 373.0 
65.943 374.0 
65.99 375.0 
65.908 376.0 
65.896 377.0 
65.873 378.0 
65.885 379.0 
65.896 380.0 
65.908 381.0 
65.838 382.0 
65.885 383.0 
65.873 384.0 
65.873 385.0 
65.931 386.0 
65.85 387.0 
65.85 388.0 
65.92 389.0 
66.13 390.0 
65.931 391.0 
65.896 392.0 
65.931 393.0 
65.826 394.0 
65.885 395.0 
65.85 396.0 
65.873 397.0 
65.92 398.0 
65.791 399.0 
65.85 400.0 
66.06 401.0 
65.908 402.0 
66.013 403.0 
65.943 404.0 
65.896 405.0 
65.826 406.0 
65.908 407.0 
65.873 408.0 
65.896 409.0 
65.838 410.0 
65.908 411.0 
65.966 412.0 
66.001 413.0 
65.908 414.0 
65.861 415.0 
65.896 416.0 
65.838 417.0 
65.92 418.0 
65.931 419.0 
65.85 420.0 
65.896 421.0 
66.2 422.0 
65.931 423.0 
65.873 424.0 
65.896 425.0 
65.92 426.0 
65.92 427.0 
65.85 428.0 
65.943 429.0 
65.85 430.0 
65.896 431.0 
65.885 432.0 
65.815 433.0 
65.896 434.0 
65.896 435.0 
65.908 436.0 
65.931 437.0 
65.803 438.0 
65.803 439.0 
65.826 440.0 
65.85 441.0 
65.803 442.0 
65.838 443.0 
65.85 444.0 
65.546 445.0 
65.032 446.0 
65.126 447.0 
65.453 448.0 
65.055 449.0 
64.997 450.0 
65.114 451.0 
65.126 452.0 
65.079 453.0 
65.032 454.0 
65.055 455.0 
64.974 456.0 
65.102 457.0 
65.032 458.0 
65.044 459.0 
65.032 460.0 
65.102 461.0 
65.079 462.0 
65.02 463.0 
65.114 464.0 
65.079 465.0 
65.161 466.0 
65.09 467.0 
65.055 468.0 
65.137 469.0 
65.032 470.0 
65.02 471.0 
65.079 472.0 
65.02 473.0 
65.079 474.0 
65.406 475.0 
65.114 476.0 
65.044 477.0 
65.079 478.0 
65.032 479.0 
65.079 480.0 
65.149 481.0 
65.055 482.0 
65.102 483.0 
65.067 484.0 
65.044 485.0 
65.02 486.0 
65.044 487.0 
65.114 488.0 
65.02 489.0 
64.997 490.0 
65.137 491.0 
65.02 492.0 
65.055 493.0 
65.114 494.0 
65.009 495.0 
65.044 496.0 
65.067 497.0 
65.114 498.0 
65.032 499.0 
65.044 500.0 
65.02 501.0 
65.09 502.0 
64.974 503.0 
65.032 504.0 
65.02 505.0 
65.067 506.0 
64.95 507.0 
65.09 508.0 
64.95 509.0 
64.962 510.0 
64.997 511.0 
65.02 512.0 
65.02 513.0 
64.682 514.0 
65.359 515.0 
64.962 516.0 
65.161 517.0 
64.974 518.0 
64.997 519.0 
64.962 520.0 
64.962 521.0 
65.032 522.0 
65.009 523.0 
64.997 524.0 
64.962 525.0 
64.997 526.0 
64.904 527.0 
64.974 528.0 
64.939 529.0 
64.985 530.0 
64.939 531.0 
65.055 532.0 
65.476 533.0 
64.974 534.0 
64.997 535.0 
64.997 536.0 
64.95 537.0 
64.845 538.0 
64.869 539.0 
64.88 540.0 
64.974 541.0 
64.915 542.0 
64.892 543.0 
64.892 544.0 
64.834 545.0 
64.81 546.0 
64.927 547.0 
64.857 548.0 
64.834 549.0 
64.857 550.0 
64.775 551.0 
64.927 552.0 
64.822 553.0 
64.81 554.0 
64.822 555.0 
64.822 556.0 
64.869 557.0 
64.81 558.0 
64.577 559.0 
64.845 560.0 
64.822 561.0 
64.775 562.0 
64.869 563.0 
64.798 564.0 
64.763 565.0 
64.869 566.0 
64.834 567.0 
64.752 568.0 
64.845 569.0 
64.81 570.0 
64.436 571.0 
64.834 572.0 
64.798 573.0 
64.869 574.0 
64.798 575.0 
65.009 576.0 
64.81 577.0 
64.81 578.0 
64.88 579.0 
64.822 580.0 
64.904 581.0 
64.857 582.0 
64.915 583.0 
64.869 584.0 
64.623 585.0 
64.857 586.0 
64.752 587.0 
64.88 588.0 
64.81 589.0 
64.88 590.0 
64.845 591.0 
64.904 592.0 
64.798 593.0 
64.88 594.0 
64.798 595.0 
64.857 596.0 
64.798 597.0 
64.798 598.0 
64.81 599.0 
64.775 600.0 
64.939 601.0 
64.787 602.0 
64.927 603.0 
64.752 604.0 
64.915 605.0 
64.822 606.0 
64.892 607.0 
64.798 608.0 
64.845 609.0 
64.904 610.0 
64.857 611.0 
64.88 612.0 
64.81 613.0 
64.857 614.0 
64.752 615.0 
64.845 616.0 
64.88 617.0 
64.763 618.0 
64.904 619.0 
64.577 620.0 
64.834 621.0 
64.88 622.0 
64.752 623.0 
64.845 624.0 
64.939 625.0 
64.787 626.0 
64.88 627.0 
64.939 628.0 
64.81 629.0 
64.857 630.0 
64.95 631.0 
64.798 632.0 
64.857 633.0 
65.172 634.0 
64.81 635.0 
64.857 636.0 
64.915 637.0 
64.822 638.0 
64.822 639.0 
64.869 640.0 
64.81 641.0 
64.798 642.0 
64.869 643.0 
64.787 644.0 
64.81 645.0 
64.892 646.0 
64.915 647.0 
64.787 648.0 
64.857 649.0 
64.892 650.0 
64.775 651.0 
64.822 652.0 
64.845 653.0 
64.904 654.0 
64.798 655.0 
64.717 656.0 
64.845 657.0 
64.904 658.0 
64.81 659.0 
64.834 660.0 
64.88 661.0 
64.904 662.0 
64.822 663.0 
64.845 664.0 
64.869 665.0 
64.927 666.0 
64.798 667.0 
64.822 668.0 
64.857 669.0 
64.904 670.0 
64.798 671.0 
64.845 672.0 
64.845 673.0 
64.892 674.0 
64.88 675.0 
64.787 676.0 
64.822 677.0 
64.834 678.0 
64.88 679.0 
64.892 680.0 
64.752 681.0 
64.787 682.0 
64.857 683.0 
64.857 684.0 
64.88 685.0 
64.915 686.0 
64.787 687.0 
64.845 688.0 
64.822 689.0 
64.88 690.0 
64.857 691.0 
64.95 692.0 
64.787 693.0 
64.822 694.0 
64.834 695.0 
64.869 696.0 
64.798 697.0 
64.892 698.0 
64.717 699.0 
64.775 700.0 
64.834 701.0 
64.81 702.0 
64.845 703.0 
64.88 704.0 
64.88 705.0 
64.915 706.0 
64.798 707.0 
64.822 708.0 
64.822 709.0 
64.834 710.0 
64.845 711.0 
64.88 712.0 
64.892 713.0 
64.88 714.0 
64.763 715.0 
64.787 716.0 
64.787 717.0 
64.798 718.0 
64.81 719.0 
64.834 720.0 
64.869 721.0 
64.81 722.0 
64.915 723.0 
64.904 724.0 
64.939 725.0 
64.752 726.0 
64.81 727.0 
64.798 728.0 
64.822 729.0 
64.822 730.0 
64.857 731.0 
64.857 732.0 
64.88 733.0 
64.845 734.0 
64.869 735.0 
64.892 736.0 
64.892 737.0 
64.915 738.0 
64.74 739.0 
64.752 740.0 
64.775 741.0 
64.752 742.0 
64.763 743.0 
64.787 744.0 
64.81 745.0 
64.798 746.0 
64.798 747.0 
64.834 748.0 
64.822 749.0 
64.869 750.0 
64.822 751.0 
64.869 752.0 
64.845 753.0 
64.822 754.0 
64.857 755.0 
64.834 756.0 
64.857 757.0 
64.845 758.0 
64.857 759.0 
64.845 760.0 
64.869 761.0 
64.857 762.0 
64.834 763.0 
64.869 764.0 
64.834 765.0 
64.857 766.0 
64.857 767.0 
64.857 768.0 
64.857 769.0 
64.88 770.0 
64.869 771.0 
64.857 772.0 
64.834 773.0 
64.892 774.0 
64.869 775.0 
64.845 776.0 
64.857 777.0 
64.88 778.0 
64.869 779.0 
64.845 780.0 
64.857 781.0 
64.845 782.0 
64.845 783.0 
64.857 784.0 
64.845 785.0 
64.88 786.0 
64.834 787.0 
64.845 788.0 
64.834 789.0 
64.845 790.0 
64.892 791.0 
64.892 792.0 
64.88 793.0 
64.81 794.0 
64.834 795.0 
64.834 796.0 
64.834 797.0 
64.822 798.0 
64.845 799.0 
64.822 800.0 
64.822 801.0 
64.822 802.0 
64.81 803.0 
64.81 804.0 
0.004 805.0 
0.006 806.0 
0.004 807.0 
0.001 808.0 
0.005 809.0 
0.002 810.0 
0.007 811.0 
0.013 812.0 
0.0 813.0 
-0.007 814.0 
-0.001 815.0 
0.004 816.0 
-0.004 817.0 
-0.011 818.0 
-0.002 819.0 
-0.005 820.0 
-0.008 821.0 
-0.01 822.0 
-0.007 823.0 
-0.013 824.0 
-0.011 825.0 
-0.016 826.0 
-0.012 827.0 
-0.025 828.0 
-0.018 829.0 
