-0.05 257.0 
-0.016 258.0 
-0.041 259.0 
-0.041 260.0 
-0.035 261.0 
-0.035 262.0 
-0.024 263.0 
-0.034 264.0 
-0.056 265.0 
-0.147 266.0 
-0.036 267.0 
-0.029 268.0 
-0.042 269.0 
-0.032 270.0 
-0.037 271.0 
-0.05 272.0 
-0.042 273.0 
-0.007 274.0 
99.557 275.0 
98.518 276.0 
98.412 277.0 
98.167 278.0 
97.922 279.0 
97.093 280.0 
95.621 281.0 
92.9 282.0 
90.902 283.0 
90.248 284.0 
90.178 285.0 
90.132 286.0 
90.202 287.0 
90.19 288.0 
90.202 289.0 
89.91 290.0 
89.968 291.0 
90.015 292.0 
89.968 293.0 
89.793 294.0 
89.851 295.0 
89.945 296.0 
90.015 297.0 
89.863 298.0 
89.863 299.0 
89.758 300.0 
89.781 301.0 
89.933 302.0 
89.723 303.0 
89.84 304.0 
89.886 305.0 
89.805 306.0 
89.723 307.0 
89.174 308.0 
88.485 309.0 
87.001 310.0 
85.273 311.0 
82.82 312.0 
80.227 313.0 
77.342 314.0 
74.831 315.0 
72.367 316.0 
70.335 317.0 
68.501 318.0 
68.197 319.0 
68.034 320.0 
67.882 321.0 
67.859 322.0 
67.753 323.0 
67.73 324.0 
67.672 325.0 
67.578 326.0 
67.637 327.0 
67.59 328.0 
67.567 329.0 
67.602 330.0 
67.473 331.0 
67.403 332.0 
67.38 333.0 
67.473 334.0 
67.415 335.0 
67.485 336.0 
67.578 337.0 
67.485 338.0 
67.485 339.0 
67.473 340.0 
67.567 341.0 
67.52 342.0 
67.485 343.0 
67.496 344.0 
67.438 345.0 
67.38 346.0 
67.496 347.0 
67.45 348.0 
67.461 349.0 
67.403 350.0 
67.45 351.0 
67.508 352.0 
67.567 353.0 
67.532 354.0 
67.496 355.0 
67.485 356.0 
67.532 357.0 
67.461 358.0 
67.532 359.0 
67.52 360.0 
67.532 361.0 
67.485 362.0 
67.555 363.0 
67.485 364.0 
67.485 365.0 
67.496 366.0 
67.52 367.0 
67.461 368.0 
67.473 369.0 
67.508 370.0 
67.473 371.0 
67.52 372.0 
67.508 373.0 
67.403 374.0 
67.485 375.0 
67.473 376.0 
67.485 377.0 
67.543 378.0 
67.532 379.0 
67.473 380.0 
67.508 381.0 
67.473 382.0 
67.496 383.0 
67.485 384.0 
67.485 385.0 
67.555 386.0 
67.438 387.0 
67.415 388.0 
67.508 389.0 
67.695 390.0 
67.473 391.0 
67.485 392.0 
67.532 393.0 
67.438 394.0 
67.52 395.0 
67.403 396.0 
67.426 397.0 
67.496 398.0 
67.426 399.0 
67.438 400.0 
67.613 401.0 
67.496 402.0 
67.578 403.0 
67.543 404.0 
67.485 405.0 
67.45 406.0 
67.473 407.0 
67.438 408.0 
67.485 409.0 
67.415 410.0 
67.485 411.0 
67.532 412.0 
67.637 413.0 
67.508 414.0 
67.461 415.0 
67.496 416.0 
67.438 417.0 
67.496 418.0 
67.52 419.0 
67.426 420.0 
67.45 421.0 
67.532 422.0 
67.543 423.0 
67.508 424.0 
67.473 425.0 
67.485 426.0 
67.496 427.0 
67.45 428.0 
67.555 429.0 
67.461 430.0 
67.473 431.0 
67.496 432.0 
67.415 433.0 
67.485 434.0 
67.52 435.0 
67.52 436.0 
67.532 437.0 
67.415 438.0 
67.415 439.0 
67.438 440.0 
67.391 441.0 
67.426 442.0 
67.45 443.0 
67.415 444.0 
67.169 445.0 
66.702 446.0 
66.784 447.0 
66.819 448.0 
66.714 449.0 
66.679 450.0 
66.784 451.0 
66.761 452.0 
66.726 453.0 
66.737 454.0 
66.691 455.0 
66.679 456.0 
66.761 457.0 
66.714 458.0 
66.737 459.0 
66.726 460.0 
66.784 461.0 
66.761 462.0 
66.726 463.0 
66.819 464.0 
66.726 465.0 
66.784 466.0 
66.761 467.0 
66.691 468.0 
66.784 469.0 
66.667 470.0 
66.679 471.0 
66.749 472.0 
66.679 473.0 
66.749 474.0 
66.854 475.0 
66.737 476.0 
66.702 477.0 
66.761 478.0 
66.644 479.0 
66.772 480.0 
66.796 481.0 
66.749 482.0 
66.819 483.0 
66.726 484.0 
66.784 485.0 
66.691 486.0 
66.726 487.0 
66.807 488.0 
66.702 489.0 
66.691 490.0 
66.796 491.0 
66.714 492.0 
66.702 493.0 
66.761 494.0 
66.691 495.0 
66.726 496.0 
66.784 497.0 
66.796 498.0 
66.714 499.0 
66.714 500.0 
66.726 501.0 
66.761 502.0 
66.656 503.0 
66.679 504.0 
66.726 505.0 
66.726 506.0 
66.621 507.0 
66.796 508.0 
66.585 509.0 
66.656 510.0 
66.667 511.0 
66.737 512.0 
66.714 513.0 
66.329 514.0 
67.041 515.0 
66.621 516.0 
66.983 517.0 
66.656 518.0 
66.656 519.0 
66.667 520.0 
66.656 521.0 
66.691 522.0 
66.656 523.0 
66.691 524.0 
66.656 525.0 
66.667 526.0 
66.609 527.0 
66.632 528.0 
66.632 529.0 
66.656 530.0 
66.597 531.0 
66.726 532.0 
67.134 533.0 
66.679 534.0 
66.691 535.0 
66.691 536.0 
66.644 537.0 
66.597 538.0 
66.585 539.0 
66.609 540.0 
66.714 541.0 
66.656 542.0 
66.656 543.0 
66.609 544.0 
66.527 545.0 
66.515 546.0 
66.597 547.0 
66.55 548.0 
66.55 549.0 
66.55 550.0 
66.492 551.0 
66.597 552.0 
66.562 553.0 
66.515 554.0 
66.515 555.0 
66.55 556.0 
66.562 557.0 
66.515 558.0 
66.34 559.0 
66.574 560.0 
66.55 561.0 
66.469 562.0 
66.597 563.0 
66.504 564.0 
66.492 565.0 
66.55 566.0 
66.562 567.0 
66.48 568.0 
66.55 569.0 
66.469 570.0 
66.585 571.0 
66.515 572.0 
66.457 573.0 
66.562 574.0 
66.539 575.0 
66.842 576.0 
66.527 577.0 
66.527 578.0 
66.621 579.0 
66.562 580.0 
66.609 581.0 
66.562 582.0 
66.667 583.0 
66.562 584.0 
66.165 585.0 
66.574 586.0 
66.515 587.0 
66.585 588.0 
66.55 589.0 
66.574 590.0 
66.504 591.0 
66.597 592.0 
66.504 593.0 
66.585 594.0 
66.504 595.0 
66.621 596.0 
66.492 597.0 
66.574 598.0 
66.492 599.0 
66.515 600.0 
66.644 601.0 
66.492 602.0 
66.632 603.0 
66.527 604.0 
66.621 605.0 
66.515 606.0 
66.585 607.0 
66.48 608.0 
66.55 609.0 
66.632 610.0 
66.515 611.0 
66.597 612.0 
66.515 613.0 
66.597 614.0 
66.504 615.0 
66.574 616.0 
66.632 617.0 
66.48 618.0 
66.574 619.0 
66.118 620.0 
66.55 621.0 
66.585 622.0 
66.492 623.0 
66.562 624.0 
66.609 625.0 
66.48 626.0 
66.585 627.0 
66.621 628.0 
66.562 629.0 
66.55 630.0 
66.621 631.0 
66.527 632.0 
66.574 633.0 
66.912 634.0 
66.504 635.0 
66.585 636.0 
66.632 637.0 
66.504 638.0 
66.515 639.0 
66.621 640.0 
66.515 641.0 
66.527 642.0 
66.609 643.0 
66.504 644.0 
66.469 645.0 
66.55 646.0 
66.621 647.0 
66.515 648.0 
66.527 649.0 
66.574 650.0 
66.445 651.0 
66.515 652.0 
66.539 653.0 
66.585 654.0 
66.504 655.0 
66.492 656.0 
66.574 657.0 
66.597 658.0 
66.504 659.0 
66.597 660.0 
66.609 661.0 
66.574 662.0 
66.48 663.0 
66.562 664.0 
66.597 665.0 
66.621 666.0 
66.492 667.0 
66.539 668.0 
66.562 669.0 
66.597 670.0 
66.492 671.0 
66.539 672.0 
66.562 673.0 
66.585 674.0 
66.632 675.0 
66.504 676.0 
66.527 677.0 
66.562 678.0 
66.585 679.0 
66.609 680.0 
66.469 681.0 
66.492 682.0 
66.55 683.0 
66.597 684.0 
66.574 685.0 
66.609 686.0 
66.434 687.0 
66.527 688.0 
66.492 689.0 
66.539 690.0 
66.609 691.0 
66.621 692.0 
66.48 693.0 
66.515 694.0 
66.504 695.0 
66.609 696.0 
66.562 697.0 
66.644 698.0 
66.434 699.0 
66.515 700.0 
66.527 701.0 
66.515 702.0 
66.574 703.0 
66.574 704.0 
66.585 705.0 
66.621 706.0 
66.469 707.0 
66.515 708.0 
66.504 709.0 
66.515 710.0 
66.55 711.0 
66.585 712.0 
66.609 713.0 
66.585 714.0 
66.434 715.0 
66.504 716.0 
66.504 717.0 
66.55 718.0 
66.515 719.0 
66.574 720.0 
66.527 721.0 
66.574 722.0 
66.609 723.0 
66.632 724.0 
66.656 725.0 
66.457 726.0 
66.48 727.0 
66.504 728.0 
66.515 729.0 
66.539 730.0 
66.527 731.0 
66.574 732.0 
66.562 733.0 
66.539 734.0 
66.597 735.0 
66.597 736.0 
66.585 737.0 
66.632 738.0 
66.48 739.0 
66.48 740.0 
66.48 741.0 
66.515 742.0 
66.48 743.0 
66.515 744.0 
66.515 745.0 
66.515 746.0 
66.504 747.0 
66.515 748.0 
66.492 749.0 
66.527 750.0 
66.574 751.0 
66.539 752.0 
66.574 753.0 
66.492 754.0 
66.55 755.0 
66.539 756.0 
66.574 757.0 
66.55 758.0 
66.55 759.0 
66.585 760.0 
66.574 761.0 
66.562 762.0 
66.597 763.0 
66.597 764.0 
66.562 765.0 
66.55 766.0 
66.585 767.0 
66.574 768.0 
66.562 769.0 
66.562 770.0 
66.585 771.0 
66.585 772.0 
66.55 773.0 
66.562 774.0 
66.562 775.0 
66.597 776.0 
66.585 777.0 
66.574 778.0 
66.585 779.0 
66.55 780.0 
66.562 781.0 
66.562 782.0 
66.574 783.0 
66.621 784.0 
66.574 785.0 
66.527 786.0 
66.55 787.0 
66.55 788.0 
66.562 789.0 
66.55 790.0 
66.55 791.0 
66.55 792.0 
66.597 793.0 
66.539 794.0 
66.527 795.0 
66.562 796.0 
66.55 797.0 
66.574 798.0 
66.527 799.0 
66.55 800.0 
66.562 801.0 
66.539 802.0 
66.574 803.0 
66.55 804.0 
0.006 805.0 
-0.002 806.0 
0.002 807.0 
-0.001 808.0 
0.002 809.0 
0.001 810.0 
-0.005 811.0 
-0.001 812.0 
0.001 813.0 
-0.012 814.0 
-0.006 815.0 
-0.005 816.0 
-0.006 817.0 
-0.006 818.0 
-0.004 819.0 
-0.012 820.0 
-0.017 821.0 
-0.004 822.0 
-0.006 823.0 
-0.008 824.0 
-0.014 825.0 
-0.016 826.0 
-0.017 827.0 
-0.013 828.0 
-0.017 829.0 
