-0.042 257.0 
-0.038 258.0 
-0.059 259.0 
-0.052 260.0 
-0.046 261.0 
-0.046 262.0 
-0.024 263.0 
-0.041 264.0 
-0.034 265.0 
-0.053 266.0 
-0.038 267.0 
-0.048 268.0 
-0.06 269.0 
-0.03 270.0 
-0.049 271.0 
-0.046 272.0 
-0.035 273.0 
-0.046 274.0 
95.679 275.0 
94.523 276.0 
94.43 277.0 
94.266 278.0 
94.114 279.0 
93.378 280.0 
92.187 281.0 
90.26 282.0 
88.765 283.0 
88.029 284.0 
87.983 285.0 
87.971 286.0 
88.064 287.0 
87.994 288.0 
88.076 289.0 
87.924 290.0 
87.877 291.0 
87.924 292.0 
87.924 293.0 
87.796 294.0 
87.772 295.0 
87.889 296.0 
87.994 297.0 
87.761 298.0 
87.784 299.0 
87.912 300.0 
87.714 301.0 
87.796 302.0 
87.632 303.0 
87.702 304.0 
87.877 305.0 
87.714 306.0 
87.632 307.0 
87.153 308.0 
86.499 309.0 
85.179 310.0 
83.603 311.0 
81.243 312.0 
78.802 313.0 
76.069 314.0 
73.57 315.0 
71.211 316.0 
69.085 317.0 
67.38 318.0 
67.169 319.0 
66.936 320.0 
66.609 321.0 
66.726 322.0 
66.585 323.0 
66.609 324.0 
66.527 325.0 
66.515 326.0 
66.55 327.0 
66.434 328.0 
66.819 329.0 
66.504 330.0 
66.34 331.0 
66.293 332.0 
66.457 333.0 
66.352 334.0 
66.329 335.0 
66.305 336.0 
66.457 337.0 
66.364 338.0 
66.34 339.0 
66.679 340.0 
66.375 341.0 
66.352 342.0 
66.305 343.0 
66.352 344.0 
66.329 345.0 
66.282 346.0 
66.364 347.0 
66.329 348.0 
66.282 349.0 
66.293 350.0 
66.399 351.0 
66.387 352.0 
66.387 353.0 
66.387 354.0 
66.375 355.0 
66.305 356.0 
66.375 357.0 
66.317 358.0 
66.422 359.0 
66.329 360.0 
66.375 361.0 
66.329 362.0 
66.375 363.0 
66.258 364.0 
66.34 365.0 
66.364 366.0 
66.375 367.0 
66.305 368.0 
66.317 369.0 
66.364 370.0 
66.375 371.0 
66.375 372.0 
66.422 373.0 
66.41 374.0 
66.772 375.0 
66.422 376.0 
66.352 377.0 
66.375 378.0 
66.352 379.0 
66.364 380.0 
66.375 381.0 
66.422 382.0 
66.352 383.0 
66.329 384.0 
66.305 385.0 
66.41 386.0 
66.317 387.0 
66.27 388.0 
66.364 389.0 
66.352 390.0 
66.387 391.0 
66.352 392.0 
66.445 393.0 
66.293 394.0 
66.364 395.0 
66.434 396.0 
66.329 397.0 
66.387 398.0 
66.317 399.0 
66.329 400.0 
66.399 401.0 
66.352 402.0 
66.422 403.0 
66.375 404.0 
66.352 405.0 
66.305 406.0 
66.34 407.0 
66.317 408.0 
66.34 409.0 
66.293 410.0 
66.352 411.0 
66.422 412.0 
66.784 413.0 
66.445 414.0 
66.34 415.0 
66.364 416.0 
66.305 417.0 
66.399 418.0 
66.352 419.0 
66.317 420.0 
66.364 421.0 
66.387 422.0 
66.399 423.0 
66.305 424.0 
66.317 425.0 
66.329 426.0 
66.375 427.0 
66.27 428.0 
66.41 429.0 
66.329 430.0 
66.329 431.0 
66.352 432.0 
66.317 433.0 
66.375 434.0 
66.399 435.0 
66.375 436.0 
66.399 437.0 
66.317 438.0 
66.293 439.0 
66.282 440.0 
66.305 441.0 
66.329 442.0 
66.329 443.0 
66.329 444.0 
65.978 445.0 
65.418 446.0 
65.546 447.0 
65.499 448.0 
65.476 449.0 
65.418 450.0 
65.511 451.0 
65.523 452.0 
65.441 453.0 
65.464 454.0 
65.418 455.0 
65.464 456.0 
65.499 457.0 
65.464 458.0 
65.488 459.0 
65.453 460.0 
65.511 461.0 
65.464 462.0 
65.359 463.0 
65.499 464.0 
65.464 465.0 
65.569 466.0 
65.488 467.0 
65.441 468.0 
65.523 469.0 
65.453 470.0 
65.418 471.0 
65.476 472.0 
65.347 473.0 
65.476 474.0 
65.511 475.0 
65.464 476.0 
65.418 477.0 
65.488 478.0 
65.429 479.0 
65.499 480.0 
65.558 481.0 
65.453 482.0 
65.534 483.0 
65.488 484.0 
65.499 485.0 
65.453 486.0 
65.464 487.0 
65.511 488.0 
65.441 489.0 
65.453 490.0 
65.523 491.0 
65.488 492.0 
65.476 493.0 
65.534 494.0 
65.429 495.0 
65.418 496.0 
65.488 497.0 
65.546 498.0 
65.418 499.0 
65.441 500.0 
65.464 501.0 
65.511 502.0 
65.382 503.0 
65.429 504.0 
65.453 505.0 
65.441 506.0 
65.359 507.0 
65.558 508.0 
65.324 509.0 
65.394 510.0 
65.429 511.0 
65.476 512.0 
65.464 513.0 
65.453 514.0 
65.756 515.0 
65.371 516.0 
65.966 517.0 
65.394 518.0 
65.359 519.0 
65.394 520.0 
65.394 521.0 
65.382 522.0 
65.406 523.0 
65.371 524.0 
65.382 525.0 
65.394 526.0 
65.382 527.0 
65.336 528.0 
65.394 529.0 
65.336 530.0 
65.347 531.0 
65.499 532.0 
65.768 533.0 
65.394 534.0 
65.429 535.0 
65.382 536.0 
65.382 537.0 
65.324 538.0 
65.277 539.0 
65.277 540.0 
65.347 541.0 
65.301 542.0 
65.336 543.0 
65.301 544.0 
65.231 545.0 
65.207 546.0 
65.324 547.0 
65.207 548.0 
65.254 549.0 
65.242 550.0 
65.149 551.0 
65.324 552.0 
65.254 553.0 
65.207 554.0 
65.161 555.0 
65.277 556.0 
65.254 557.0 
65.242 558.0 
64.869 559.0 
65.242 560.0 
65.207 561.0 
65.172 562.0 
65.254 563.0 
65.126 564.0 
65.114 565.0 
65.254 566.0 
65.277 567.0 
65.172 568.0 
65.207 569.0 
65.184 570.0 
65.301 571.0 
65.219 572.0 
65.161 573.0 
65.254 574.0 
65.231 575.0 
65.581 576.0 
65.242 577.0 
65.231 578.0 
65.266 579.0 
65.231 580.0 
65.301 581.0 
65.242 582.0 
65.301 583.0 
65.242 584.0 
64.892 585.0 
65.266 586.0 
65.207 587.0 
65.266 588.0 
65.196 589.0 
65.277 590.0 
65.207 591.0 
65.277 592.0 
65.196 593.0 
65.301 594.0 
65.207 595.0 
65.231 596.0 
65.219 597.0 
65.231 598.0 
65.196 599.0 
65.242 600.0 
65.312 601.0 
65.254 602.0 
65.324 603.0 
65.231 604.0 
65.301 605.0 
65.219 606.0 
65.242 607.0 
65.196 608.0 
65.231 609.0 
65.301 610.0 
65.231 611.0 
65.289 612.0 
65.196 613.0 
65.312 614.0 
65.196 615.0 
65.207 616.0 
65.301 617.0 
65.207 618.0 
65.266 619.0 
65.324 620.0 
65.242 621.0 
65.266 622.0 
65.207 623.0 
65.207 624.0 
65.301 625.0 
65.196 626.0 
65.277 627.0 
65.301 628.0 
65.219 629.0 
65.266 630.0 
65.312 631.0 
65.184 632.0 
65.289 633.0 
65.546 634.0 
65.242 635.0 
65.254 636.0 
65.312 637.0 
65.242 638.0 
65.242 639.0 
65.289 640.0 
65.196 641.0 
65.242 642.0 
65.277 643.0 
65.184 644.0 
65.184 645.0 
65.266 646.0 
65.336 647.0 
65.184 648.0 
65.184 649.0 
65.324 650.0 
65.196 651.0 
65.161 652.0 
65.242 653.0 
65.289 654.0 
65.196 655.0 
65.231 656.0 
65.312 657.0 
65.324 658.0 
65.219 659.0 
65.254 660.0 
65.277 661.0 
65.312 662.0 
65.184 663.0 
65.254 664.0 
65.277 665.0 
65.324 666.0 
65.196 667.0 
65.242 668.0 
65.254 669.0 
65.301 670.0 
65.207 671.0 
65.219 672.0 
65.231 673.0 
65.277 674.0 
65.266 675.0 
65.207 676.0 
65.196 677.0 
65.266 678.0 
65.242 679.0 
65.312 680.0 
65.184 681.0 
65.219 682.0 
65.219 683.0 
65.277 684.0 
65.266 685.0 
65.301 686.0 
65.172 687.0 
65.207 688.0 
65.231 689.0 
65.254 690.0 
65.301 691.0 
65.312 692.0 
65.184 693.0 
65.207 694.0 
65.219 695.0 
65.242 696.0 
65.277 697.0 
65.312 698.0 
65.044 699.0 
65.172 700.0 
65.184 701.0 
65.242 702.0 
65.231 703.0 
65.266 704.0 
65.207 705.0 
65.312 706.0 
65.149 707.0 
65.184 708.0 
65.207 709.0 
65.231 710.0 
65.266 711.0 
65.301 712.0 
65.277 713.0 
65.312 714.0 
65.067 715.0 
65.196 716.0 
65.184 717.0 
65.184 718.0 
65.231 719.0 
65.219 720.0 
65.242 721.0 
65.254 722.0 
65.277 723.0 
65.289 724.0 
65.289 725.0 
65.161 726.0 
65.172 727.0 
65.184 728.0 
65.207 729.0 
65.231 730.0 
65.242 731.0 
65.231 732.0 
65.289 733.0 
65.254 734.0 
65.301 735.0 
65.254 736.0 
65.312 737.0 
65.289 738.0 
65.09 739.0 
65.137 740.0 
65.161 741.0 
65.184 742.0 
65.149 743.0 
65.172 744.0 
65.184 745.0 
65.184 746.0 
65.207 747.0 
65.196 748.0 
65.242 749.0 
65.196 750.0 
65.231 751.0 
65.219 752.0 
65.231 753.0 
65.231 754.0 
65.242 755.0 
65.219 756.0 
65.254 757.0 
65.172 758.0 
65.266 759.0 
65.219 760.0 
65.242 761.0 
65.242 762.0 
65.231 763.0 
65.266 764.0 
65.242 765.0 
65.277 766.0 
65.254 767.0 
65.196 768.0 
65.254 769.0 
65.277 770.0 
65.277 771.0 
65.266 772.0 
65.242 773.0 
65.254 774.0 
65.231 775.0 
65.277 776.0 
65.242 777.0 
65.219 778.0 
65.231 779.0 
65.254 780.0 
65.231 781.0 
65.231 782.0 
65.254 783.0 
65.242 784.0 
65.266 785.0 
65.242 786.0 
65.231 787.0 
65.231 788.0 
65.254 789.0 
65.266 790.0 
65.266 791.0 
65.266 792.0 
65.231 793.0 
65.231 794.0 
65.231 795.0 
65.207 796.0 
65.242 797.0 
65.231 798.0 
65.219 799.0 
65.219 800.0 
65.242 801.0 
65.196 802.0 
65.266 803.0 
65.219 804.0 
0.005 805.0 
0.006 806.0 
0.001 807.0 
-0.001 808.0 
0.006 809.0 
-0.012 810.0 
-0.008 811.0 
-0.014 812.0 
-0.016 813.0 
-0.024 814.0 
-0.031 815.0 
-0.03 816.0 
-0.034 817.0 
-0.037 818.0 
-0.042 819.0 
-0.047 820.0 
-0.04 821.0 
-0.044 822.0 
-0.048 823.0 
-0.046 824.0 
-0.052 825.0 
-0.038 826.0 
-0.037 827.0 
-0.042 828.0 
-0.028 829.0 
