-0.032 257.0 
-0.026 258.0 
-0.145 259.0 
-0.046 260.0 
-0.042 261.0 
-0.025 262.0 
-0.052 263.0 
-0.05 264.0 
-0.049 265.0 
-0.03 266.0 
-0.048 267.0 
-0.04 268.0 
-0.014 269.0 
-0.022 270.0 
-0.029 271.0 
-0.054 272.0 
-0.023 273.0 
-0.028 274.0 
141.218 275.0 
138.123 276.0 
137.014 277.0 
135.659 278.0 
134.094 279.0 
132.073 280.0 
130.648 281.0 
128.686 282.0 
126.21 283.0 
125.24 284.0 
124.832 285.0 
124.598 286.0 
124.376 287.0 
124.096 288.0 
123.827 289.0 
123.15 290.0 
123.021 291.0 
122.776 292.0 
122.542 293.0 
122.472 294.0 
121.958 295.0 
121.795 296.0 
121.69 297.0 
121.129 298.0 
120.954 299.0 
120.837 300.0 
120.3 301.0 
120.148 302.0 
119.588 303.0 
119.471 304.0 
119.354 305.0 
118.723 306.0 
117.415 307.0 
115.103 308.0 
112.311 309.0 
108.597 310.0 
104.626 311.0 
100.468 312.0 
96.485 313.0 
92.327 314.0 
88.672 315.0 
84.852 316.0 
81.547 317.0 
78.826 318.0 
78.662 319.0 
78.464 320.0 
78.335 321.0 
78.347 322.0 
78.242 323.0 
78.288 324.0 
78.207 325.0 
78.137 326.0 
78.23 327.0 
78.195 328.0 
78.347 329.0 
78.265 330.0 
78.195 331.0 
78.277 332.0 
78.3 333.0 
78.207 334.0 
78.277 335.0 
78.253 336.0 
78.253 337.0 
78.137 338.0 
78.335 339.0 
78.183 340.0 
78.218 341.0 
78.148 342.0 
78.09 343.0 
78.183 344.0 
78.172 345.0 
78.148 346.0 
78.16 347.0 
78.125 348.0 
78.242 349.0 
78.242 350.0 
78.172 351.0 
78.23 352.0 
78.172 353.0 
78.113 354.0 
78.277 355.0 
78.195 356.0 
78.265 357.0 
78.172 358.0 
78.242 359.0 
78.195 360.0 
78.218 361.0 
78.137 362.0 
78.207 363.0 
78.137 364.0 
78.183 365.0 
78.172 366.0 
78.23 367.0 
78.16 368.0 
78.172 369.0 
78.172 370.0 
78.207 371.0 
78.207 372.0 
78.242 373.0 
78.242 374.0 
78.265 375.0 
78.569 376.0 
78.09 377.0 
78.183 378.0 
78.148 379.0 
78.172 380.0 
78.137 381.0 
78.265 382.0 
78.148 383.0 
78.148 384.0 
78.137 385.0 
78.253 386.0 
78.148 387.0 
78.137 388.0 
78.207 389.0 
78.218 390.0 
78.218 391.0 
78.148 392.0 
78.253 393.0 
78.125 394.0 
78.23 395.0 
78.288 396.0 
78.16 397.0 
78.183 398.0 
78.067 399.0 
78.125 400.0 
78.218 401.0 
78.207 402.0 
78.265 403.0 
78.183 404.0 
78.16 405.0 
78.09 406.0 
78.16 407.0 
78.113 408.0 
78.183 409.0 
78.113 410.0 
78.16 411.0 
78.23 412.0 
78.569 413.0 
78.218 414.0 
78.137 415.0 
78.183 416.0 
78.09 417.0 
78.253 418.0 
78.207 419.0 
78.125 420.0 
78.148 421.0 
78.183 422.0 
78.207 423.0 
78.148 424.0 
78.102 425.0 
78.183 426.0 
78.195 427.0 
78.113 428.0 
78.148 429.0 
78.09 430.0 
78.183 431.0 
78.207 432.0 
78.218 433.0 
78.102 434.0 
78.137 435.0 
78.172 436.0 
78.277 437.0 
78.067 438.0 
78.148 439.0 
78.148 440.0 
78.102 441.0 
78.113 442.0 
78.16 443.0 
78.125 444.0 
78.113 445.0 
78.078 446.0 
78.207 447.0 
78.218 448.0 
78.195 449.0 
78.464 450.0 
78.113 451.0 
78.09 452.0 
78.102 453.0 
78.078 454.0 
78.218 455.0 
78.172 456.0 
78.078 457.0 
78.067 458.0 
78.172 459.0 
78.207 460.0 
78.16 461.0 
78.09 462.0 
78.207 463.0 
78.148 464.0 
78.148 465.0 
78.183 466.0 
78.16 467.0 
78.102 468.0 
78.207 469.0 
78.125 470.0 
78.102 471.0 
78.137 472.0 
78.242 473.0 
78.16 474.0 
78.253 475.0 
78.16 476.0 
78.055 477.0 
78.137 478.0 
78.067 479.0 
78.148 480.0 
78.207 481.0 
78.102 482.0 
78.195 483.0 
78.113 484.0 
78.16 485.0 
78.067 486.0 
78.09 487.0 
78.218 488.0 
78.113 489.0 
78.137 490.0 
78.195 491.0 
78.125 492.0 
78.148 493.0 
78.172 494.0 
78.09 495.0 
78.02 496.0 
78.16 497.0 
78.16 498.0 
78.055 499.0 
78.09 500.0 
78.102 501.0 
78.148 502.0 
78.043 503.0 
78.078 504.0 
78.113 505.0 
78.09 506.0 
78.055 507.0 
78.277 508.0 
78.031 509.0 
78.055 510.0 
78.067 511.0 
78.102 512.0 
78.125 513.0 
78.16 514.0 
78.148 515.0 
78.183 516.0 
78.405 517.0 
77.95 518.0 
77.985 519.0 
78.043 520.0 
78.02 521.0 
78.02 522.0 
78.008 523.0 
78.02 524.0 
78.02 525.0 
78.02 526.0 
78.02 527.0 
77.95 528.0 
77.961 529.0 
77.961 530.0 
77.926 531.0 
78.043 532.0 
78.043 533.0 
78.02 534.0 
77.961 535.0 
77.961 536.0 
77.88 537.0 
77.786 538.0 
77.798 539.0 
77.751 540.0 
77.856 541.0 
77.739 542.0 
77.763 543.0 
77.716 544.0 
77.646 545.0 
77.623 546.0 
77.751 547.0 
77.693 548.0 
77.634 549.0 
77.599 550.0 
77.564 551.0 
77.669 552.0 
77.599 553.0 
77.541 554.0 
77.576 555.0 
77.658 556.0 
77.599 557.0 
77.564 558.0 
77.202 559.0 
77.634 560.0 
77.564 561.0 
77.494 562.0 
77.634 563.0 
77.541 564.0 
77.483 565.0 
77.623 566.0 
77.599 567.0 
77.494 568.0 
77.576 569.0 
77.564 570.0 
77.646 571.0 
77.599 572.0 
77.518 573.0 
77.588 574.0 
77.553 575.0 
77.611 576.0 
77.588 577.0 
77.576 578.0 
77.658 579.0 
77.588 580.0 
77.658 581.0 
77.599 582.0 
77.623 583.0 
77.646 584.0 
77.331 585.0 
77.611 586.0 
77.541 587.0 
77.634 588.0 
77.541 589.0 
77.646 590.0 
77.564 591.0 
77.623 592.0 
77.564 593.0 
77.611 594.0 
77.588 595.0 
77.588 596.0 
77.553 597.0 
77.611 598.0 
77.564 599.0 
77.611 600.0 
77.681 601.0 
77.623 602.0 
77.669 603.0 
77.564 604.0 
77.658 605.0 
77.541 606.0 
77.646 607.0 
77.541 608.0 
77.623 609.0 
77.704 610.0 
77.588 611.0 
77.658 612.0 
77.541 613.0 
77.634 614.0 
77.553 615.0 
77.588 616.0 
77.646 617.0 
77.483 618.0 
77.611 619.0 
77.354 620.0 
77.611 621.0 
77.623 622.0 
77.553 623.0 
77.599 624.0 
77.704 625.0 
77.553 626.0 
77.634 627.0 
77.681 628.0 
77.564 629.0 
77.634 630.0 
77.681 631.0 
77.541 632.0 
77.669 633.0 
77.681 634.0 
77.564 635.0 
77.611 636.0 
77.623 637.0 
77.553 638.0 
77.611 639.0 
77.669 640.0 
77.541 641.0 
77.588 642.0 
77.658 643.0 
77.529 644.0 
77.588 645.0 
77.623 646.0 
77.669 647.0 
77.553 648.0 
77.599 649.0 
77.646 650.0 
77.529 651.0 
77.529 652.0 
77.599 653.0 
77.681 654.0 
77.529 655.0 
77.553 656.0 
77.588 657.0 
77.634 658.0 
77.564 659.0 
77.599 660.0 
77.634 661.0 
77.716 662.0 
77.518 663.0 
77.599 664.0 
77.634 665.0 
77.669 666.0 
77.564 667.0 
77.588 668.0 
77.623 669.0 
77.646 670.0 
77.564 671.0 
77.553 672.0 
77.588 673.0 
77.646 674.0 
77.611 675.0 
77.541 676.0 
77.564 677.0 
77.599 678.0 
77.634 679.0 
77.646 680.0 
77.494 681.0 
77.541 682.0 
77.564 683.0 
77.599 684.0 
77.634 685.0 
77.704 686.0 
77.553 687.0 
77.576 688.0 
77.588 689.0 
77.634 690.0 
77.658 691.0 
77.681 692.0 
77.529 693.0 
77.564 694.0 
77.588 695.0 
77.611 696.0 
77.599 697.0 
77.623 698.0 
77.401 699.0 
77.518 700.0 
77.553 701.0 
77.564 702.0 
77.599 703.0 
77.588 704.0 
77.576 705.0 
77.669 706.0 
77.518 707.0 
77.541 708.0 
77.576 709.0 
77.576 710.0 
77.611 711.0 
77.623 712.0 
77.658 713.0 
77.658 714.0 
77.518 715.0 
77.483 716.0 
77.483 717.0 
77.529 718.0 
77.553 719.0 
77.576 720.0 
77.588 721.0 
77.588 722.0 
77.646 723.0 
77.681 724.0 
77.681 725.0 
77.518 726.0 
77.506 727.0 
77.541 728.0 
77.564 729.0 
77.576 730.0 
77.599 731.0 
77.588 732.0 
77.623 733.0 
77.634 734.0 
77.658 735.0 
77.646 736.0 
77.646 737.0 
77.646 738.0 
77.412 739.0 
77.483 740.0 
77.471 741.0 
77.506 742.0 
77.529 743.0 
77.518 744.0 
77.529 745.0 
77.529 746.0 
77.564 747.0 
77.541 748.0 
77.564 749.0 
77.599 750.0 
77.564 751.0 
77.564 752.0 
77.576 753.0 
77.588 754.0 
77.588 755.0 
77.541 756.0 
77.576 757.0 
77.588 758.0 
77.588 759.0 
77.588 760.0 
77.599 761.0 
77.599 762.0 
77.599 763.0 
77.611 764.0 
77.599 765.0 
77.611 766.0 
77.634 767.0 
77.588 768.0 
77.611 769.0 
77.611 770.0 
77.611 771.0 
77.646 772.0 
77.599 773.0 
77.634 774.0 
77.611 775.0 
77.623 776.0 
77.599 777.0 
77.623 778.0 
77.623 779.0 
77.599 780.0 
77.611 781.0 
77.564 782.0 
77.599 783.0 
77.634 784.0 
77.588 785.0 
77.599 786.0 
77.623 787.0 
77.611 788.0 
77.634 789.0 
77.623 790.0 
77.634 791.0 
77.611 792.0 
77.599 793.0 
77.669 794.0 
77.634 795.0 
77.564 796.0 
77.576 797.0 
77.588 798.0 
77.576 799.0 
77.588 800.0 
77.576 801.0 
77.588 802.0 
77.588 803.0 
77.576 804.0 
-0.001 805.0 
-0.001 806.0 
0.006 807.0 
0.007 808.0 
0.012 809.0 
0.011 810.0 
0.006 811.0 
0.0 812.0 
0.006 813.0 
0.005 814.0 
-0.004 815.0 
0.004 816.0 
0.001 817.0 
0.0 818.0 
0.004 819.0 
-0.006 820.0 
-0.017 821.0 
-0.012 822.0 
-0.004 823.0 
-0.008 824.0 
-0.016 825.0 
-0.018 826.0 
-0.013 827.0 
-0.02 828.0 
-0.014 829.0 
