-0.065 257.0 
-0.049 258.0 
-0.037 259.0 
-0.028 260.0 
-0.029 261.0 
-0.044 262.0 
-0.044 263.0 
-0.035 264.0 
-0.054 265.0 
-0.05 266.0 
-0.053 267.0 
-0.034 268.0 
-0.047 269.0 
-0.026 270.0 
-0.041 271.0 
-0.04 272.0 
-0.044 273.0 
-0.02 274.0 
-0.024 275.0 
-0.034 276.0 
-0.035 277.0 
-0.054 278.0 
-0.022 279.0 
-0.037 280.0 
-0.041 281.0 
-0.059 282.0 
-0.046 283.0 
-0.03 284.0 
-0.053 285.0 
-0.037 286.0 
-0.025 287.0 
-0.024 288.0 
-0.01 289.0 
-0.03 290.0 
-0.041 291.0 
-0.038 292.0 
-0.041 293.0 
-0.016 294.0 
-0.031 295.0 
-0.03 296.0 
-0.042 297.0 
-0.047 298.0 
-0.02 299.0 
-0.024 300.0 
-0.025 301.0 
-0.047 302.0 
-0.03 303.0 
-0.04 304.0 
-0.031 305.0 
-0.035 306.0 
-0.024 307.0 
-0.017 308.0 
-0.019 309.0 
-0.037 310.0 
-0.04 311.0 
-0.035 312.0 
-0.025 313.0 
-0.028 314.0 
-0.02 315.0 
-0.037 316.0 
-0.044 317.0 
-0.046 318.0 
-0.037 319.0 
-0.02 320.0 
-0.064 321.0 
-0.041 322.0 
-0.05 323.0 
-0.037 324.0 
-0.03 325.0 
-0.024 326.0 
-0.029 327.0 
-0.026 328.0 
-0.011 329.0 
-0.03 330.0 
-0.035 331.0 
-0.032 332.0 
-0.031 333.0 
-0.022 334.0 
0.001 335.0 
-0.036 336.0 
-0.036 337.0 
-0.029 338.0 
-0.022 339.0 
-0.011 340.0 
-0.032 341.0 
-0.031 342.0 
-0.032 343.0 
-0.024 344.0 
-0.035 345.0 
-0.031 346.0 
-0.035 347.0 
-0.03 348.0 
-0.02 349.0 
-0.03 350.0 
-0.023 351.0 
-0.037 352.0 
-0.026 353.0 
-0.036 354.0 
-0.02 355.0 
-0.02 356.0 
-0.019 357.0 
-0.03 358.0 
-0.025 359.0 
-0.013 360.0 
-0.042 361.0 
-0.035 362.0 
-0.034 363.0 
-0.04 364.0 
-0.029 365.0 
-0.029 366.0 
-0.025 367.0 
-0.031 368.0 
-0.017 369.0 
-0.031 370.0 
-0.035 371.0 
-0.031 372.0 
-0.037 373.0 
-0.02 374.0 
-0.028 375.0 
-0.022 376.0 
-0.047 377.0 
-0.026 378.0 
-0.024 379.0 
-0.026 380.0 
-0.03 381.0 
-0.028 382.0 
-0.022 383.0 
-0.023 384.0 
-0.03 385.0 
-0.03 386.0 
-0.044 387.0 
-0.026 388.0 
-0.014 389.0 
-0.032 390.0 
-0.026 391.0 
-0.014 392.0 
-0.013 393.0 
-0.005 394.0 
-0.018 395.0 
-0.026 396.0 
-0.022 397.0 
-0.019 398.0 
-0.02 399.0 
-0.031 400.0 
-0.018 401.0 
-0.02 402.0 
-0.028 403.0 
-0.028 404.0 
-0.035 405.0 
-0.026 406.0 
-0.013 407.0 
-0.017 408.0 
-0.006 409.0 
-0.02 410.0 
-0.024 411.0 
-0.025 412.0 
0.012 413.0 
-0.002 414.0 
-0.028 415.0 
-0.029 416.0 
-0.023 417.0 
-0.011 418.0 
-0.013 419.0 
-0.016 420.0 
-0.022 421.0 
-0.025 422.0 
-0.022 423.0 
-0.013 424.0 
-0.038 425.0 
-0.026 426.0 
-0.022 427.0 
-0.037 428.0 
-0.029 429.0 
-0.032 430.0 
-0.023 431.0 
-0.017 432.0 
-0.017 433.0 
-0.002 434.0 
-0.018 435.0 
-0.025 436.0 
-0.007 437.0 
-0.037 438.0 
-0.022 439.0 
-0.022 440.0 
-0.023 441.0 
-0.025 442.0 
-0.023 443.0 
-0.023 444.0 
-0.025 445.0 
-0.025 446.0 
-0.011 447.0 
-0.018 448.0 
-0.02 449.0 
0.004 450.0 
-0.019 451.0 
-0.014 452.0 
-0.028 453.0 
-0.016 454.0 
-0.022 455.0 
-0.02 456.0 
-0.02 457.0 
-0.025 458.0 
-0.018 459.0 
-0.025 460.0 
-0.022 461.0 
-0.024 462.0 
-0.018 463.0 
-0.016 464.0 
-0.028 465.0 
-0.025 466.0 
-0.02 467.0 
-0.023 468.0 
-0.016 469.0 
-0.023 470.0 
-0.023 471.0 
-0.019 472.0 
-0.032 473.0 
-0.014 474.0 
-0.011 475.0 
-0.013 476.0 
-0.019 477.0 
-0.018 478.0 
-0.013 479.0 
-0.032 480.0 
-0.029 481.0 
-0.017 482.0 
-0.02 483.0 
-0.012 484.0 
-0.023 485.0 
-0.016 486.0 
-0.018 487.0 
-0.013 488.0 
-0.008 489.0 
-0.013 490.0 
-0.013 491.0 
-0.019 492.0 
-0.023 493.0 
-0.008 494.0 
-0.019 495.0 
-0.025 496.0 
-0.016 497.0 
-0.016 498.0 
-0.014 499.0 
-0.022 500.0 
-0.02 501.0 
-0.023 502.0 
-0.022 503.0 
-0.019 504.0 
-0.03 505.0 
-0.024 506.0 
-0.043 507.0 
0.022 508.0 
-0.02 509.0 
-0.013 510.0 
-0.013 511.0 
-0.011 512.0 
-0.01 513.0 
-0.007 514.0 
-0.019 515.0 
-0.016 516.0 
-0.02 517.0 
-0.024 518.0 
-0.02 519.0 
-0.022 520.0 
-0.018 521.0 
-0.02 522.0 
-0.013 523.0 
-0.017 524.0 
-0.01 525.0 
-0.018 526.0 
-0.013 527.0 
-0.017 528.0 
-0.014 529.0 
-0.023 530.0 
-0.017 531.0 
-0.011 532.0 
-0.014 533.0 
-0.006 534.0 
-0.01 535.0 
-0.013 536.0 
-0.014 537.0 
-0.008 538.0 
-0.01 539.0 
-0.012 540.0 
-0.022 541.0 
-0.025 542.0 
-0.028 543.0 
-0.008 544.0 
-0.016 545.0 
-0.028 546.0 
-0.012 547.0 
-0.017 548.0 
-0.011 549.0 
-0.004 550.0 
-0.029 551.0 
-0.013 552.0 
-0.011 553.0 
-0.006 554.0 
-0.014 555.0 
-0.018 556.0 
-0.019 557.0 
-0.016 558.0 
-0.06 559.0 
-0.011 560.0 
-0.019 561.0 
-0.02 562.0 
-0.012 563.0 
-0.018 564.0 
-0.023 565.0 
-0.02 566.0 
-0.002 567.0 
-0.018 568.0 
-0.013 569.0 
-0.017 570.0 
-0.013 571.0 
-0.013 572.0 
-0.011 573.0 
-0.012 574.0 
-0.007 575.0 
-0.012 576.0 
-0.013 577.0 
-0.02 578.0 
-0.014 579.0 
-0.016 580.0 
-0.02 581.0 
-0.017 582.0 
-0.02 583.0 
-0.017 584.0 
-0.067 585.0 
-0.022 586.0 
-0.013 587.0 
-0.016 588.0 
-0.004 589.0 
-0.016 590.0 
-0.011 591.0 
-0.01 592.0 
-0.017 593.0 
-0.017 594.0 
-0.017 595.0 
-0.023 596.0 
-0.016 597.0 
-0.023 598.0 
-0.014 599.0 
-0.019 600.0 
-0.017 601.0 
-0.017 602.0 
-0.011 603.0 
-0.016 604.0 
-0.013 605.0 
-0.017 606.0 
-0.013 607.0 
-0.013 608.0 
-0.008 609.0 
-0.016 610.0 
-0.02 611.0 
-0.01 612.0 
-0.014 613.0 
-0.014 614.0 
-0.02 615.0 
-0.018 616.0 
-0.011 617.0 
-0.016 618.0 
-0.016 619.0 
-0.046 620.0 
-0.022 621.0 
-0.016 622.0 
-0.019 623.0 
-0.018 624.0 
-0.014 625.0 
-0.023 626.0 
-0.011 627.0 
-0.026 628.0 
-0.014 629.0 
-0.018 630.0 
-0.012 631.0 
-0.01 632.0 
-0.011 633.0 
0.028 634.0 
-0.005 635.0 
-0.013 636.0 
-0.01 637.0 
-0.02 638.0 
-0.011 639.0 
-0.019 640.0 
-0.019 641.0 
-0.014 642.0 
-0.016 643.0 
-0.007 644.0 
-0.008 645.0 
-0.011 646.0 
-0.008 647.0 
-0.016 648.0 
-0.013 649.0 
-0.01 650.0 
-0.014 651.0 
-0.024 652.0 
-0.016 653.0 
-0.013 654.0 
-0.013 655.0 
-0.023 656.0 
-0.018 657.0 
-0.012 658.0 
-0.013 659.0 
-0.011 660.0 
-0.018 661.0 
-0.016 662.0 
-0.01 663.0 
-0.016 664.0 
-0.02 665.0 
-0.017 666.0 
-0.016 667.0 
-0.014 668.0 
-0.019 669.0 
-0.016 670.0 
-0.018 671.0 
-0.008 672.0 
-0.014 673.0 
-0.006 674.0 
-0.012 675.0 
-0.006 676.0 
-0.016 677.0 
-0.018 678.0 
-0.016 679.0 
-0.018 680.0 
-0.02 681.0 
-0.016 682.0 
-0.018 683.0 
-0.018 684.0 
-0.014 685.0 
-0.014 686.0 
-0.032 687.0 
-0.011 688.0 
-0.012 689.0 
-0.02 690.0 
-0.02 691.0 
-0.016 692.0 
-0.018 693.0 
-0.008 694.0 
-0.02 695.0 
-0.017 696.0 
-0.01 697.0 
-0.011 698.0 
-0.024 699.0 
-0.008 700.0 
-0.004 701.0 
-0.011 702.0 
-0.013 703.0 
-0.014 704.0 
-0.022 705.0 
-0.018 706.0 
-0.018 707.0 
-0.018 708.0 
-0.011 709.0 
-0.011 710.0 
-0.017 711.0 
-0.01 712.0 
-0.005 713.0 
-0.004 714.0 
-0.036 715.0 
-0.016 716.0 
-0.017 717.0 
-0.012 718.0 
-0.018 719.0 
-0.016 720.0 
-0.016 721.0 
-0.022 722.0 
-0.022 723.0 
-0.014 724.0 
-0.016 725.0 
-0.019 726.0 
-0.013 727.0 
-0.013 728.0 
-0.008 729.0 
-0.008 730.0 
-0.013 731.0 
-0.013 732.0 
-0.018 733.0 
-0.019 734.0 
-0.016 735.0 
-0.014 736.0 
-0.007 737.0 
-0.006 738.0 
-0.016 739.0 
-0.014 740.0 
-0.011 741.0 
-0.017 742.0 
-0.016 743.0 
-0.013 744.0 
-0.017 745.0 
-0.02 746.0 
-0.02 747.0 
-0.016 748.0 
-0.019 749.0 
-0.01 750.0 
-0.01 751.0 
-0.013 752.0 
-0.016 753.0 
-0.011 754.0 
-0.014 755.0 
-0.016 756.0 
-0.013 757.0 
-0.011 758.0 
-0.013 759.0 
-0.017 760.0 
-0.02 761.0 
-0.024 762.0 
-0.026 763.0 
-0.014 764.0 
-0.013 765.0 
-0.017 766.0 
-0.014 767.0 
-0.007 768.0 
-0.013 769.0 
-0.008 770.0 
-0.016 771.0 
-0.016 772.0 
-0.02 773.0 
-0.023 774.0 
-0.022 775.0 
-0.022 776.0 
-0.017 777.0 
-0.013 778.0 
-0.012 779.0 
-0.018 780.0 
-0.013 781.0 
-0.018 782.0 
-0.022 783.0 
-0.02 784.0 
-0.02 785.0 
-0.029 786.0 
-0.023 787.0 
-0.01 788.0 
-0.014 789.0 
-0.006 790.0 
-0.013 791.0 
-0.011 792.0 
-0.011 793.0 
-0.006 794.0 
-0.012 795.0 
-0.018 796.0 
-0.014 797.0 
-0.022 798.0 
-0.018 799.0 
-0.016 800.0 
-0.018 801.0 
-0.019 802.0 
-0.025 803.0 
-0.012 804.0 
-0.013 805.0 
-0.026 806.0 
-0.007 807.0 
-0.022 808.0 
-0.016 809.0 
-0.017 810.0 
-0.018 811.0 
-0.016 812.0 
-0.02 813.0 
-0.016 814.0 
-0.013 815.0 
-0.016 816.0 
-0.006 817.0 
-0.008 818.0 
-0.007 819.0 
-0.011 820.0 
-0.012 821.0 
-0.016 822.0 
-0.022 823.0 
-0.018 824.0 
-0.013 825.0 
-0.019 826.0 
-0.018 827.0 
-0.012 828.0 
-0.014 829.0 
