-0.043 257.0 
-0.028 258.0 
-0.054 259.0 
-0.048 260.0 
-0.031 261.0 
-0.041 262.0 
-0.041 263.0 
-0.032 264.0 
-0.034 265.0 
-0.042 266.0 
-0.059 267.0 
-0.036 268.0 
-0.036 269.0 
-0.037 270.0 
-0.032 271.0 
-0.04 272.0 
-0.034 273.0 
-0.042 274.0 
144.056 275.0 
140.611 276.0 
139.303 277.0 
137.819 278.0 
136.149 279.0 
133.988 280.0 
132.283 281.0 
129.293 282.0 
126.782 283.0 
125.392 284.0 
124.995 285.0 
124.727 286.0 
124.586 287.0 
124.411 288.0 
124.201 289.0 
123.57 290.0 
123.489 291.0 
123.325 292.0 
123.173 293.0 
122.881 294.0 
122.636 295.0 
122.519 296.0 
122.461 297.0 
122.005 298.0 
121.877 299.0 
121.596 300.0 
121.316 301.0 
121.269 302.0 
120.802 303.0 
120.744 304.0 
120.51 305.0 
120.09 306.0 
118.969 307.0 
116.901 308.0 
114.647 309.0 
111.505 310.0 
108.363 311.0 
104.579 312.0 
100.807 313.0 
96.847 314.0 
92.888 315.0 
88.648 316.0 
84.829 317.0 
82.049 318.0 
81.897 319.0 
81.734 320.0 
81.629 321.0 
81.629 322.0 
81.489 323.0 
81.582 324.0 
81.477 325.0 
81.43 326.0 
81.512 327.0 
81.442 328.0 
81.477 329.0 
81.547 330.0 
81.43 331.0 
81.57 332.0 
81.559 333.0 
81.489 334.0 
81.384 335.0 
81.512 336.0 
81.5 337.0 
81.36 338.0 
81.617 339.0 
81.454 340.0 
81.489 341.0 
81.43 342.0 
81.524 343.0 
81.477 344.0 
81.442 345.0 
81.395 346.0 
81.372 347.0 
81.489 348.0 
81.512 349.0 
81.454 350.0 
81.442 351.0 
81.442 352.0 
81.384 353.0 
81.384 354.0 
81.419 355.0 
81.489 356.0 
81.512 357.0 
81.442 358.0 
81.535 359.0 
81.465 360.0 
81.524 361.0 
81.43 362.0 
81.465 363.0 
81.395 364.0 
81.419 365.0 
81.442 366.0 
81.454 367.0 
81.395 368.0 
81.442 369.0 
81.407 370.0 
81.43 371.0 
81.454 372.0 
81.454 373.0 
81.524 374.0 
81.512 375.0 
81.734 376.0 
81.384 377.0 
81.454 378.0 
81.419 379.0 
81.419 380.0 
81.43 381.0 
81.524 382.0 
81.454 383.0 
81.419 384.0 
81.407 385.0 
81.489 386.0 
81.419 387.0 
81.372 388.0 
81.477 389.0 
81.465 390.0 
81.43 391.0 
81.407 392.0 
81.512 393.0 
81.372 394.0 
81.442 395.0 
81.535 396.0 
81.348 397.0 
81.465 398.0 
81.302 399.0 
81.372 400.0 
81.524 401.0 
81.477 402.0 
81.547 403.0 
81.442 404.0 
81.395 405.0 
81.348 406.0 
81.442 407.0 
81.384 408.0 
81.442 409.0 
81.36 410.0 
81.407 411.0 
81.512 412.0 
81.827 413.0 
81.477 414.0 
81.419 415.0 
81.43 416.0 
81.325 417.0 
81.454 418.0 
81.465 419.0 
81.372 420.0 
81.419 421.0 
81.43 422.0 
81.477 423.0 
81.395 424.0 
81.395 425.0 
81.454 426.0 
81.477 427.0 
81.419 428.0 
81.419 429.0 
81.372 430.0 
81.442 431.0 
81.442 432.0 
81.454 433.0 
81.348 434.0 
81.384 435.0 
81.407 436.0 
81.442 437.0 
81.384 438.0 
81.302 439.0 
81.372 440.0 
81.384 441.0 
81.384 442.0 
81.43 443.0 
81.407 444.0 
81.372 445.0 
81.384 446.0 
81.5 447.0 
81.477 448.0 
81.442 449.0 
81.839 450.0 
81.384 451.0 
81.372 452.0 
81.348 453.0 
81.313 454.0 
81.454 455.0 
81.232 456.0 
81.384 457.0 
81.36 458.0 
81.465 459.0 
81.477 460.0 
81.407 461.0 
81.407 462.0 
81.5 463.0 
81.395 464.0 
81.407 465.0 
81.454 466.0 
81.384 467.0 
81.348 468.0 
81.43 469.0 
81.384 470.0 
81.36 471.0 
81.395 472.0 
81.325 473.0 
81.407 474.0 
81.454 475.0 
81.407 476.0 
81.313 477.0 
81.407 478.0 
81.302 479.0 
81.395 480.0 
81.512 481.0 
81.384 482.0 
81.454 483.0 
81.384 484.0 
81.407 485.0 
81.348 486.0 
81.372 487.0 
81.489 488.0 
81.372 489.0 
81.395 490.0 
81.454 491.0 
81.384 492.0 
81.372 493.0 
81.43 494.0 
81.325 495.0 
81.313 496.0 
81.395 497.0 
81.43 498.0 
81.302 499.0 
81.372 500.0 
81.43 501.0 
81.43 502.0 
81.313 503.0 
81.337 504.0 
81.372 505.0 
81.407 506.0 
81.313 507.0 
81.407 508.0 
81.337 509.0 
81.325 510.0 
81.337 511.0 
81.36 512.0 
81.384 513.0 
81.407 514.0 
81.407 515.0 
81.313 516.0 
81.711 517.0 
81.208 518.0 
81.255 519.0 
81.302 520.0 
81.267 521.0 
81.278 522.0 
81.302 523.0 
81.313 524.0 
81.278 525.0 
81.29 526.0 
81.243 527.0 
81.232 528.0 
81.255 529.0 
81.197 530.0 
81.22 531.0 
81.348 532.0 
81.547 533.0 
81.278 534.0 
81.302 535.0 
81.232 536.0 
81.208 537.0 
81.103 538.0 
81.103 539.0 
81.103 540.0 
81.232 541.0 
81.08 542.0 
81.162 543.0 
81.092 544.0 
81.021 545.0 
81.021 546.0 
81.127 547.0 
81.057 548.0 
81.068 549.0 
80.975 550.0 
80.916 551.0 
81.045 552.0 
81.01 553.0 
80.951 554.0 
80.893 555.0 
81.057 556.0 
80.986 557.0 
80.951 558.0 
80.683 559.0 
81.01 560.0 
81.01 561.0 
80.916 562.0 
81.045 563.0 
80.975 564.0 
80.881 565.0 
81.057 566.0 
81.021 567.0 
80.905 568.0 
81.021 569.0 
80.951 570.0 
81.045 571.0 
80.951 572.0 
80.905 573.0 
81.01 574.0 
80.94 575.0 
81.267 576.0 
80.928 577.0 
80.963 578.0 
81.068 579.0 
80.951 580.0 
81.08 581.0 
80.998 582.0 
81.092 583.0 
81.021 584.0 
80.636 585.0 
81.068 586.0 
80.963 587.0 
81.08 588.0 
80.975 589.0 
81.033 590.0 
80.951 591.0 
80.998 592.0 
80.951 593.0 
81.021 594.0 
80.916 595.0 
80.975 596.0 
80.94 597.0 
81.021 598.0 
80.916 599.0 
81.021 600.0 
81.103 601.0 
80.986 602.0 
81.08 603.0 
80.986 604.0 
81.068 605.0 
80.986 606.0 
81.045 607.0 
80.916 608.0 
81.021 609.0 
81.08 610.0 
80.975 611.0 
81.057 612.0 
80.94 613.0 
81.033 614.0 
80.881 615.0 
80.998 616.0 
81.045 617.0 
80.905 618.0 
81.033 619.0 
80.765 620.0 
80.975 621.0 
81.033 622.0 
80.951 623.0 
80.998 624.0 
81.068 625.0 
80.94 626.0 
81.021 627.0 
81.092 628.0 
80.986 629.0 
80.986 630.0 
81.08 631.0 
80.951 632.0 
81.033 633.0 
81.29 634.0 
80.951 635.0 
81.033 636.0 
81.057 637.0 
80.951 638.0 
81.01 639.0 
81.045 640.0 
80.963 641.0 
80.986 642.0 
81.021 643.0 
80.893 644.0 
80.986 645.0 
81.01 646.0 
81.092 647.0 
80.963 648.0 
80.986 649.0 
81.045 650.0 
80.905 651.0 
80.916 652.0 
80.975 653.0 
81.068 654.0 
80.893 655.0 
80.94 656.0 
80.975 657.0 
81.045 658.0 
80.928 659.0 
80.986 660.0 
81.068 661.0 
81.068 662.0 
80.94 663.0 
80.998 664.0 
81.033 665.0 
81.103 666.0 
80.928 667.0 
80.986 668.0 
81.021 669.0 
81.08 670.0 
80.916 671.0 
80.963 672.0 
80.975 673.0 
81.057 674.0 
81.033 675.0 
80.905 676.0 
80.951 677.0 
80.998 678.0 
81.033 679.0 
81.057 680.0 
80.94 681.0 
80.94 682.0 
80.986 683.0 
81.021 684.0 
81.08 685.0 
81.068 686.0 
80.94 687.0 
80.963 688.0 
80.986 689.0 
81.021 690.0 
81.045 691.0 
81.103 692.0 
80.905 693.0 
80.951 694.0 
80.975 695.0 
80.998 696.0 
81.033 697.0 
81.057 698.0 
80.823 699.0 
80.94 700.0 
80.928 701.0 
80.986 702.0 
80.998 703.0 
80.998 704.0 
80.986 705.0 
81.08 706.0 
80.905 707.0 
80.951 708.0 
80.963 709.0 
80.975 710.0 
81.021 711.0 
80.998 712.0 
81.045 713.0 
81.115 714.0 
80.823 715.0 
80.905 716.0 
80.858 717.0 
80.916 718.0 
81.01 719.0 
80.998 720.0 
81.01 721.0 
81.033 722.0 
81.045 723.0 
81.068 724.0 
81.068 725.0 
80.87 726.0 
80.905 727.0 
80.928 728.0 
80.963 729.0 
80.928 730.0 
81.01 731.0 
80.986 732.0 
81.01 733.0 
81.021 734.0 
81.057 735.0 
81.057 736.0 
81.045 737.0 
81.092 738.0 
80.846 739.0 
80.87 740.0 
80.916 741.0 
80.916 742.0 
80.916 743.0 
80.928 744.0 
80.928 745.0 
80.951 746.0 
80.928 747.0 
80.975 748.0 
80.963 749.0 
80.951 750.0 
80.905 751.0 
80.951 752.0 
80.986 753.0 
81.01 754.0 
80.963 755.0 
80.986 756.0 
81.01 757.0 
80.975 758.0 
80.975 759.0 
80.986 760.0 
81.01 761.0 
80.998 762.0 
81.021 763.0 
81.021 764.0 
80.986 765.0 
81.01 766.0 
80.986 767.0 
81.01 768.0 
81.021 769.0 
80.998 770.0 
80.986 771.0 
80.998 772.0 
81.01 773.0 
81.01 774.0 
81.033 775.0 
80.998 776.0 
81.033 777.0 
80.998 778.0 
81.01 779.0 
80.986 780.0 
80.986 781.0 
80.986 782.0 
81.01 783.0 
81.021 784.0 
80.975 785.0 
80.998 786.0 
80.998 787.0 
81.021 788.0 
81.01 789.0 
80.986 790.0 
80.986 791.0 
80.986 792.0 
80.975 793.0 
80.998 794.0 
80.975 795.0 
81.021 796.0 
80.998 797.0 
80.998 798.0 
80.986 799.0 
81.021 800.0 
81.01 801.0 
80.986 802.0 
81.033 803.0 
80.998 804.0 
0.0 805.0 
0.002 806.0 
-0.007 807.0 
0.001 808.0 
0.0 809.0 
-0.013 810.0 
-0.016 811.0 
-0.025 812.0 
-0.024 813.0 
-0.028 814.0 
-0.041 815.0 
-0.041 816.0 
-0.031 817.0 
-0.041 818.0 
-0.041 819.0 
-0.038 820.0 
-0.04 821.0 
-0.047 822.0 
-0.031 823.0 
-0.025 824.0 
-0.035 825.0 
-0.032 826.0 
-0.03 827.0 
-0.024 828.0 
-0.019 829.0 
