-0.058 257.0 
-0.048 258.0 
-0.171 259.0 
-0.058 260.0 
-0.037 261.0 
-0.041 262.0 
-0.054 263.0 
-0.055 264.0 
-0.038 265.0 
-0.04 266.0 
-0.037 267.0 
-0.059 268.0 
-0.046 269.0 
-0.052 270.0 
-0.068 271.0 
-0.053 272.0 
-0.041 273.0 
-0.059 274.0 
138.789 275.0 
136.103 276.0 
135.016 277.0 
133.416 278.0 
131.699 279.0 
129.492 280.0 
127.553 281.0 
124.808 282.0 
120.779 283.0 
119.261 284.0 
118.922 285.0 
118.653 286.0 
118.56 287.0 
118.268 288.0 
118.069 289.0 
117.695 290.0 
117.357 291.0 
117.205 292.0 
117.018 293.0 
116.855 294.0 
116.586 295.0 
116.411 296.0 
116.399 297.0 
115.885 298.0 
115.733 299.0 
115.687 300.0 
115.219 301.0 
115.149 302.0 
114.624 303.0 
114.554 304.0 
114.425 305.0 
113.759 306.0 
112.498 307.0 
110.244 308.0 
107.791 309.0 
104.556 310.0 
101.216 311.0 
97.408 312.0 
93.589 313.0 
89.664 314.0 
85.787 315.0 
81.956 316.0 
78.487 317.0 
75.649 318.0 
75.485 319.0 
75.31 320.0 
75.112 321.0 
75.123 322.0 
74.995 323.0 
75.065 324.0 
75.03 325.0 
74.901 326.0 
75.006 327.0 
74.925 328.0 
75.112 329.0 
75.03 330.0 
74.936 331.0 
75.228 332.0 
75.03 333.0 
74.925 334.0 
74.948 335.0 
74.983 336.0 
74.983 337.0 
74.925 338.0 
75.065 339.0 
74.971 340.0 
74.913 341.0 
74.936 342.0 
74.995 343.0 
74.96 344.0 
74.96 345.0 
74.936 346.0 
74.901 347.0 
74.901 348.0 
74.936 349.0 
74.971 350.0 
74.936 351.0 
74.971 352.0 
74.913 353.0 
74.855 354.0 
75.018 355.0 
74.983 356.0 
75.006 357.0 
74.96 358.0 
75.041 359.0 
74.983 360.0 
75.018 361.0 
74.96 362.0 
74.948 363.0 
74.901 364.0 
74.925 365.0 
74.971 366.0 
74.971 367.0 
74.901 368.0 
74.913 369.0 
74.925 370.0 
74.936 371.0 
74.971 372.0 
74.995 373.0 
74.995 374.0 
75.041 375.0 
75.275 376.0 
74.855 377.0 
74.948 378.0 
74.96 379.0 
74.948 380.0 
74.936 381.0 
75.018 382.0 
74.936 383.0 
74.971 384.0 
74.936 385.0 
75.006 386.0 
74.936 387.0 
74.89 388.0 
74.948 389.0 
74.948 390.0 
74.971 391.0 
74.925 392.0 
75.018 393.0 
74.878 394.0 
74.948 395.0 
75.041 396.0 
74.913 397.0 
74.96 398.0 
74.913 399.0 
74.913 400.0 
75.006 401.0 
74.96 402.0 
75.041 403.0 
74.983 404.0 
74.948 405.0 
74.89 406.0 
74.96 407.0 
74.878 408.0 
74.948 409.0 
74.901 410.0 
74.96 411.0 
74.995 412.0 
75.404 413.0 
74.995 414.0 
74.936 415.0 
74.971 416.0 
74.878 417.0 
75.03 418.0 
74.983 419.0 
74.901 420.0 
74.96 421.0 
74.983 422.0 
75.03 423.0 
74.936 424.0 
74.96 425.0 
75.006 426.0 
75.006 427.0 
74.901 428.0 
74.89 429.0 
74.89 430.0 
74.971 431.0 
74.983 432.0 
74.995 433.0 
74.878 434.0 
74.925 435.0 
74.901 436.0 
74.96 437.0 
74.913 438.0 
74.843 439.0 
74.936 440.0 
74.913 441.0 
74.913 442.0 
74.925 443.0 
74.901 444.0 
74.913 445.0 
74.901 446.0 
75.006 447.0 
74.96 448.0 
74.96 449.0 
75.275 450.0 
74.925 451.0 
74.948 452.0 
74.913 453.0 
74.878 454.0 
74.948 455.0 
74.936 456.0 
74.925 457.0 
74.901 458.0 
74.971 459.0 
74.995 460.0 
74.925 461.0 
74.913 462.0 
74.995 463.0 
74.96 464.0 
74.995 465.0 
75.006 466.0 
74.936 467.0 
74.866 468.0 
74.948 469.0 
74.901 470.0 
74.925 471.0 
74.913 472.0 
74.96 473.0 
74.913 474.0 
74.995 475.0 
74.925 476.0 
74.866 477.0 
74.936 478.0 
74.878 479.0 
74.936 480.0 
75.018 481.0 
74.925 482.0 
74.983 483.0 
74.89 484.0 
74.971 485.0 
74.878 486.0 
74.89 487.0 
75.018 488.0 
74.901 489.0 
74.925 490.0 
74.96 491.0 
74.925 492.0 
74.936 493.0 
74.983 494.0 
74.89 495.0 
74.901 496.0 
74.936 497.0 
74.983 498.0 
74.878 499.0 
74.925 500.0 
74.948 501.0 
74.995 502.0 
74.855 503.0 
74.866 504.0 
74.901 505.0 
74.878 506.0 
74.843 507.0 
75.053 508.0 
74.866 509.0 
74.866 510.0 
74.866 511.0 
74.913 512.0 
74.913 513.0 
74.936 514.0 
74.936 515.0 
74.96 516.0 
75.263 517.0 
74.808 518.0 
74.808 519.0 
74.831 520.0 
74.843 521.0 
74.843 522.0 
74.831 523.0 
74.808 524.0 
74.831 525.0 
74.82 526.0 
74.82 527.0 
74.761 528.0 
74.761 529.0 
74.75 530.0 
74.738 531.0 
74.878 532.0 
74.831 533.0 
74.785 534.0 
74.785 535.0 
74.738 536.0 
74.691 537.0 
74.609 538.0 
74.598 539.0 
74.551 540.0 
74.679 541.0 
74.598 542.0 
74.586 543.0 
74.516 544.0 
74.481 545.0 
74.422 546.0 
74.551 547.0 
74.481 548.0 
74.422 549.0 
74.411 550.0 
74.282 551.0 
74.399 552.0 
74.387 553.0 
74.341 554.0 
74.306 555.0 
74.434 556.0 
74.376 557.0 
74.352 558.0 
74.014 559.0 
74.387 560.0 
74.364 561.0 
74.294 562.0 
74.434 563.0 
74.364 564.0 
74.282 565.0 
74.399 566.0 
74.399 567.0 
74.306 568.0 
74.341 569.0 
74.341 570.0 
74.422 571.0 
74.364 572.0 
74.317 573.0 
74.364 574.0 
74.341 575.0 
74.703 576.0 
74.376 577.0 
74.352 578.0 
74.434 579.0 
74.399 580.0 
74.469 581.0 
74.399 582.0 
74.446 583.0 
74.434 584.0 
74.095 585.0 
74.411 586.0 
74.376 587.0 
74.446 588.0 
74.364 589.0 
74.434 590.0 
74.329 591.0 
74.422 592.0 
74.376 593.0 
74.422 594.0 
74.341 595.0 
74.329 596.0 
74.341 597.0 
74.317 598.0 
74.329 599.0 
74.399 600.0 
74.493 601.0 
74.422 602.0 
74.493 603.0 
74.387 604.0 
74.434 605.0 
74.376 606.0 
74.434 607.0 
74.306 608.0 
74.364 609.0 
74.469 610.0 
74.387 611.0 
74.458 612.0 
74.364 613.0 
74.434 614.0 
74.317 615.0 
74.294 616.0 
74.434 617.0 
74.317 618.0 
74.446 619.0 
74.154 620.0 
74.387 621.0 
74.434 622.0 
74.341 623.0 
74.399 624.0 
74.469 625.0 
74.364 626.0 
74.411 627.0 
74.446 628.0 
74.352 629.0 
74.422 630.0 
74.481 631.0 
74.329 632.0 
74.399 633.0 
74.831 634.0 
74.376 635.0 
74.399 636.0 
74.458 637.0 
74.341 638.0 
74.446 639.0 
74.458 640.0 
74.341 641.0 
74.376 642.0 
74.446 643.0 
74.317 644.0 
74.364 645.0 
74.434 646.0 
74.504 647.0 
74.294 648.0 
74.364 649.0 
74.458 650.0 
74.282 651.0 
74.364 652.0 
74.399 653.0 
74.446 654.0 
74.329 655.0 
74.364 656.0 
74.364 657.0 
74.422 658.0 
74.387 659.0 
74.387 660.0 
74.422 661.0 
74.434 662.0 
74.341 663.0 
74.399 664.0 
74.434 665.0 
74.504 666.0 
74.329 667.0 
74.352 668.0 
74.422 669.0 
74.481 670.0 
74.317 671.0 
74.352 672.0 
74.364 673.0 
74.411 674.0 
74.399 675.0 
74.306 676.0 
74.341 677.0 
74.376 678.0 
74.422 679.0 
74.504 680.0 
74.317 681.0 
74.341 682.0 
74.399 683.0 
74.434 684.0 
74.399 685.0 
74.504 686.0 
74.364 687.0 
74.376 688.0 
74.376 689.0 
74.411 690.0 
74.434 691.0 
74.516 692.0 
74.317 693.0 
74.352 694.0 
74.387 695.0 
74.399 696.0 
74.376 697.0 
74.469 698.0 
74.247 699.0 
74.317 700.0 
74.376 701.0 
74.364 702.0 
74.411 703.0 
74.446 704.0 
74.411 705.0 
74.504 706.0 
74.352 707.0 
74.329 708.0 
74.341 709.0 
74.352 710.0 
74.422 711.0 
74.422 712.0 
74.458 713.0 
74.469 714.0 
74.236 715.0 
74.294 716.0 
74.306 717.0 
74.352 718.0 
74.399 719.0 
74.376 720.0 
74.422 721.0 
74.434 722.0 
74.458 723.0 
74.469 724.0 
74.446 725.0 
74.259 726.0 
74.329 727.0 
74.317 728.0 
74.352 729.0 
74.352 730.0 
74.376 731.0 
74.399 732.0 
74.376 733.0 
74.422 734.0 
74.446 735.0 
74.458 736.0 
74.469 737.0 
74.481 738.0 
74.259 739.0 
74.329 740.0 
74.306 741.0 
74.329 742.0 
74.294 743.0 
74.329 744.0 
74.352 745.0 
74.376 746.0 
74.352 747.0 
74.329 748.0 
74.352 749.0 
74.364 750.0 
74.376 751.0 
74.387 752.0 
74.364 753.0 
74.364 754.0 
74.387 755.0 
74.317 756.0 
74.364 757.0 
74.364 758.0 
74.387 759.0 
74.387 760.0 
74.387 761.0 
74.399 762.0 
74.422 763.0 
74.387 764.0 
74.411 765.0 
74.422 766.0 
74.399 767.0 
74.387 768.0 
74.399 769.0 
74.399 770.0 
74.387 771.0 
74.422 772.0 
74.411 773.0 
74.411 774.0 
74.411 775.0 
74.387 776.0 
74.387 777.0 
74.434 778.0 
74.399 779.0 
74.434 780.0 
74.387 781.0 
74.399 782.0 
74.376 783.0 
74.411 784.0 
74.399 785.0 
74.422 786.0 
74.387 787.0 
74.399 788.0 
74.399 789.0 
74.399 790.0 
74.376 791.0 
74.387 792.0 
74.387 793.0 
74.399 794.0 
74.364 795.0 
74.387 796.0 
74.387 797.0 
74.422 798.0 
74.422 799.0 
74.434 800.0 
74.387 801.0 
74.399 802.0 
74.422 803.0 
74.387 804.0 
-0.001 805.0 
-0.001 806.0 
0.006 807.0 
-0.004 808.0 
-0.014 809.0 
-0.019 810.0 
-0.026 811.0 
-0.029 812.0 
-0.032 813.0 
-0.035 814.0 
-0.036 815.0 
-0.044 816.0 
-0.047 817.0 
-0.052 818.0 
-0.05 819.0 
-0.054 820.0 
-0.047 821.0 
-0.048 822.0 
-0.04 823.0 
-0.037 824.0 
-0.037 825.0 
-0.037 826.0 
-0.035 827.0 
-0.036 828.0 
-0.028 829.0 
