-0.029 257.0 
-0.046 258.0 
-0.069 259.0 
-0.083 260.0 
-0.018 261.0 
-0.01 262.0 
-0.035 263.0 
-0.028 264.0 
-0.035 265.0 
-0.032 266.0 
-0.011 267.0 
-0.024 268.0 
-0.029 269.0 
-0.064 270.0 
-0.032 271.0 
-0.024 272.0 
-0.034 273.0 
-0.049 274.0 
147.257 275.0 
144.08 276.0 
143.075 277.0 
141.487 278.0 
139.735 279.0 
137.504 280.0 
135.565 281.0 
133.113 282.0 
129.06 283.0 
127.284 284.0 
126.841 285.0 
126.514 286.0 
126.327 287.0 
126.07 288.0 
125.719 289.0 
124.937 290.0 
124.867 291.0 
124.692 292.0 
124.493 293.0 
124.189 294.0 
123.816 295.0 
123.699 296.0 
123.594 297.0 
123.091 298.0 
122.916 299.0 
122.799 300.0 
122.25 301.0 
122.215 302.0 
121.667 303.0 
121.596 304.0 
121.631 305.0 
120.802 306.0 
119.541 307.0 
117.252 308.0 
114.332 309.0 
110.419 310.0 
106.787 311.0 
102.524 312.0 
98.646 313.0 
94.325 314.0 
90.61 315.0 
86.85 316.0 
83.708 317.0 
80.928 318.0 
80.765 319.0 
80.543 320.0 
80.414 321.0 
80.402 322.0 
80.274 323.0 
80.332 324.0 
80.297 325.0 
80.157 326.0 
80.286 327.0 
80.204 328.0 
80.379 329.0 
80.239 330.0 
80.204 331.0 
80.286 332.0 
80.297 333.0 
80.204 334.0 
80.192 335.0 
80.274 336.0 
80.297 337.0 
80.145 338.0 
80.683 339.0 
80.262 340.0 
80.262 341.0 
80.227 342.0 
80.227 343.0 
80.239 344.0 
80.227 345.0 
80.181 346.0 
80.192 347.0 
80.157 348.0 
80.262 349.0 
80.239 350.0 
80.216 351.0 
80.274 352.0 
80.204 353.0 
80.134 354.0 
80.321 355.0 
80.274 356.0 
80.286 357.0 
80.227 358.0 
80.332 359.0 
80.239 360.0 
80.297 361.0 
80.216 362.0 
80.262 363.0 
80.204 364.0 
80.227 365.0 
80.262 366.0 
80.274 367.0 
80.204 368.0 
80.216 369.0 
80.227 370.0 
80.239 371.0 
80.274 372.0 
80.286 373.0 
80.286 374.0 
80.297 375.0 
80.531 376.0 
80.169 377.0 
80.227 378.0 
80.227 379.0 
80.274 380.0 
80.251 381.0 
80.344 382.0 
80.216 383.0 
80.192 384.0 
80.262 385.0 
80.309 386.0 
80.216 387.0 
80.169 388.0 
80.251 389.0 
80.262 390.0 
80.251 391.0 
80.227 392.0 
80.297 393.0 
80.145 394.0 
80.262 395.0 
80.321 396.0 
80.169 397.0 
80.239 398.0 
80.157 399.0 
80.181 400.0 
80.286 401.0 
80.274 402.0 
80.297 403.0 
80.286 404.0 
80.239 405.0 
80.192 406.0 
80.251 407.0 
80.181 408.0 
80.239 409.0 
80.192 410.0 
80.239 411.0 
80.262 412.0 
80.694 413.0 
80.274 414.0 
80.216 415.0 
80.239 416.0 
80.145 417.0 
80.262 418.0 
80.262 419.0 
80.181 420.0 
80.204 421.0 
80.251 422.0 
80.297 423.0 
80.204 424.0 
80.192 425.0 
80.251 426.0 
80.286 427.0 
80.192 428.0 
80.204 429.0 
80.192 430.0 
80.239 431.0 
80.274 432.0 
80.274 433.0 
80.157 434.0 
80.181 435.0 
80.204 436.0 
80.227 437.0 
80.157 438.0 
80.157 439.0 
80.204 440.0 
80.227 441.0 
80.169 442.0 
80.204 443.0 
80.216 444.0 
80.216 445.0 
80.181 446.0 
80.309 447.0 
80.262 448.0 
80.262 449.0 
80.496 450.0 
80.204 451.0 
80.192 452.0 
80.181 453.0 
80.122 454.0 
80.239 455.0 
80.122 456.0 
80.181 457.0 
80.181 458.0 
80.251 459.0 
80.274 460.0 
80.227 461.0 
80.216 462.0 
80.251 463.0 
80.216 464.0 
80.204 465.0 
80.321 466.0 
80.227 467.0 
80.169 468.0 
80.251 469.0 
80.192 470.0 
80.169 471.0 
80.204 472.0 
80.122 473.0 
80.227 474.0 
80.309 475.0 
80.181 476.0 
80.134 477.0 
80.239 478.0 
80.169 479.0 
80.192 480.0 
80.297 481.0 
80.181 482.0 
80.262 483.0 
80.157 484.0 
80.239 485.0 
80.145 486.0 
80.192 487.0 
80.262 488.0 
80.204 489.0 
80.192 490.0 
80.274 491.0 
80.239 492.0 
80.216 493.0 
80.274 494.0 
80.145 495.0 
80.157 496.0 
80.227 497.0 
80.251 498.0 
80.169 499.0 
80.157 500.0 
80.227 501.0 
80.239 502.0 
80.11 503.0 
80.122 504.0 
80.192 505.0 
80.204 506.0 
80.145 507.0 
80.239 508.0 
80.11 509.0 
80.11 510.0 
80.134 511.0 
80.192 512.0 
80.204 513.0 
80.204 514.0 
80.192 515.0 
80.251 516.0 
80.519 517.0 
80.017 518.0 
80.075 519.0 
80.122 520.0 
80.099 521.0 
80.099 522.0 
80.11 523.0 
80.099 524.0 
80.099 525.0 
80.087 526.0 
80.099 527.0 
80.029 528.0 
80.064 529.0 
80.017 530.0 
80.052 531.0 
80.145 532.0 
80.122 533.0 
80.029 534.0 
80.099 535.0 
80.017 536.0 
79.97 537.0 
79.924 538.0 
79.889 539.0 
79.83 540.0 
79.982 541.0 
79.877 542.0 
79.889 543.0 
79.83 544.0 
79.807 545.0 
79.725 546.0 
79.889 547.0 
79.818 548.0 
79.76 549.0 
79.702 550.0 
79.667 551.0 
79.807 552.0 
79.737 553.0 
79.678 554.0 
79.69 555.0 
79.783 556.0 
79.713 557.0 
79.702 558.0 
79.363 559.0 
79.748 560.0 
79.725 561.0 
79.678 562.0 
79.772 563.0 
79.702 564.0 
79.632 565.0 
79.795 566.0 
79.772 567.0 
79.608 568.0 
79.76 569.0 
79.655 570.0 
79.795 571.0 
79.725 572.0 
79.62 573.0 
79.725 574.0 
79.667 575.0 
79.795 576.0 
79.725 577.0 
79.702 578.0 
79.795 579.0 
79.76 580.0 
79.818 581.0 
79.772 582.0 
79.818 583.0 
79.76 584.0 
79.889 585.0 
79.772 586.0 
79.678 587.0 
79.783 588.0 
79.69 589.0 
79.783 590.0 
79.678 591.0 
79.772 592.0 
79.702 593.0 
79.713 594.0 
79.713 595.0 
79.713 596.0 
79.678 597.0 
79.783 598.0 
79.702 599.0 
79.76 600.0 
79.854 601.0 
79.772 602.0 
79.795 603.0 
79.702 604.0 
79.83 605.0 
79.713 606.0 
79.795 607.0 
79.69 608.0 
79.76 609.0 
79.818 610.0 
79.725 611.0 
79.783 612.0 
79.69 613.0 
79.772 614.0 
79.69 615.0 
79.737 616.0 
79.818 617.0 
79.608 618.0 
79.76 619.0 
79.515 620.0 
79.725 621.0 
79.76 622.0 
79.69 623.0 
79.737 624.0 
79.807 625.0 
79.702 626.0 
79.748 627.0 
79.795 628.0 
79.69 629.0 
79.772 630.0 
79.842 631.0 
79.69 632.0 
79.783 633.0 
80.052 634.0 
79.713 635.0 
79.772 636.0 
79.842 637.0 
79.702 638.0 
79.76 639.0 
79.842 640.0 
79.713 641.0 
79.678 642.0 
79.783 643.0 
79.655 644.0 
79.725 645.0 
79.783 646.0 
79.807 647.0 
79.678 648.0 
79.737 649.0 
79.772 650.0 
79.655 651.0 
79.69 652.0 
79.772 653.0 
79.772 654.0 
79.643 655.0 
79.69 656.0 
79.748 657.0 
79.807 658.0 
79.725 659.0 
79.772 660.0 
79.795 661.0 
79.807 662.0 
79.713 663.0 
79.748 664.0 
79.818 665.0 
79.83 666.0 
79.643 667.0 
79.748 668.0 
79.737 669.0 
79.807 670.0 
79.678 671.0 
79.725 672.0 
79.713 673.0 
79.748 674.0 
79.76 675.0 
79.678 676.0 
79.702 677.0 
79.713 678.0 
79.772 679.0 
79.83 680.0 
79.643 681.0 
79.678 682.0 
79.702 683.0 
79.783 684.0 
79.795 685.0 
79.83 686.0 
79.632 687.0 
79.737 688.0 
79.713 689.0 
79.772 690.0 
79.795 691.0 
79.807 692.0 
79.643 693.0 
79.69 694.0 
79.69 695.0 
79.737 696.0 
79.748 697.0 
79.818 698.0 
79.585 699.0 
79.667 700.0 
79.702 701.0 
79.713 702.0 
79.748 703.0 
79.772 704.0 
79.748 705.0 
79.807 706.0 
79.667 707.0 
79.655 708.0 
79.702 709.0 
79.737 710.0 
79.748 711.0 
79.783 712.0 
79.76 713.0 
79.795 714.0 
79.678 715.0 
79.643 716.0 
79.655 717.0 
79.713 718.0 
79.737 719.0 
79.725 720.0 
79.748 721.0 
79.783 722.0 
79.807 723.0 
79.818 724.0 
79.807 725.0 
79.585 726.0 
79.655 727.0 
79.713 728.0 
79.702 729.0 
79.713 730.0 
79.737 731.0 
79.748 732.0 
79.737 733.0 
79.737 734.0 
79.795 735.0 
79.772 736.0 
79.807 737.0 
79.818 738.0 
79.608 739.0 
79.62 740.0 
79.655 741.0 
79.643 742.0 
79.667 743.0 
79.667 744.0 
79.702 745.0 
79.69 746.0 
79.702 747.0 
79.702 748.0 
79.69 749.0 
79.702 750.0 
79.702 751.0 
79.69 752.0 
79.725 753.0 
79.69 754.0 
79.737 755.0 
79.678 756.0 
79.725 757.0 
79.643 758.0 
79.748 759.0 
79.748 760.0 
79.76 761.0 
79.748 762.0 
79.748 763.0 
79.76 764.0 
79.748 765.0 
79.748 766.0 
79.76 767.0 
79.737 768.0 
79.772 769.0 
79.748 770.0 
79.748 771.0 
79.713 772.0 
79.772 773.0 
79.783 774.0 
79.76 775.0 
79.725 776.0 
79.737 777.0 
79.737 778.0 
79.737 779.0 
79.772 780.0 
79.772 781.0 
79.748 782.0 
79.748 783.0 
79.737 784.0 
79.748 785.0 
79.748 786.0 
79.748 787.0 
79.748 788.0 
79.76 789.0 
79.737 790.0 
79.737 791.0 
79.737 792.0 
79.748 793.0 
79.725 794.0 
79.713 795.0 
79.702 796.0 
79.69 797.0 
79.737 798.0 
79.725 799.0 
79.748 800.0 
79.737 801.0 
79.713 802.0 
79.713 803.0 
79.713 804.0 
0.004 805.0 
0.007 806.0 
0.012 807.0 
0.005 808.0 
0.005 809.0 
-0.005 810.0 
0.0 811.0 
0.004 812.0 
0.002 813.0 
0.0 814.0 
-0.007 815.0 
-0.007 816.0 
-0.008 817.0 
-0.008 818.0 
-0.011 819.0 
-0.014 820.0 
-0.017 821.0 
-0.01 822.0 
-0.014 823.0 
-0.02 824.0 
-0.019 825.0 
-0.014 826.0 
-0.012 827.0 
-0.023 828.0 
-0.019 829.0 
