-0.084 257.0 
-0.023 258.0 
-0.025 259.0 
-0.025 260.0 
-0.044 261.0 
-0.075 262.0 
-0.019 263.0 
-0.022 264.0 
-0.038 265.0 
-0.044 266.0 
-0.067 267.0 
-0.044 268.0 
-0.032 269.0 
-0.04 270.0 
-0.04 271.0 
-0.044 272.0 
-0.02 273.0 
-0.01 274.0 
146.392 275.0 
142.69 276.0 
141.755 277.0 
140.424 278.0 
139.022 279.0 
137.095 280.0 
135.519 281.0 
133.475 282.0 
130.531 283.0 
129.025 284.0 
128.698 285.0 
128.324 286.0 
128.149 287.0 
127.973 288.0 
127.752 289.0 
127.121 290.0 
127.039 291.0 
126.841 292.0 
126.63 293.0 
126.56 294.0 
126.046 295.0 
125.93 296.0 
125.906 297.0 
125.357 298.0 
125.205 299.0 
125.17 300.0 
124.621 301.0 
124.54 302.0 
124.096 303.0 
123.956 304.0 
123.932 305.0 
123.267 306.0 
122.11 307.0 
119.903 308.0 
117.345 309.0 
113.549 310.0 
109.613 311.0 
105.268 312.0 
101.145 313.0 
96.836 314.0 
92.724 315.0 
88.835 316.0 
85.32 317.0 
82.446 318.0 
82.353 319.0 
82.154 320.0 
81.991 321.0 
81.979 322.0 
81.886 323.0 
81.932 324.0 
81.862 325.0 
81.722 326.0 
81.886 327.0 
81.781 328.0 
81.968 329.0 
81.874 330.0 
81.792 331.0 
81.921 332.0 
81.932 333.0 
81.827 334.0 
81.862 335.0 
81.897 336.0 
81.921 337.0 
81.769 338.0 
81.956 339.0 
81.827 340.0 
81.816 341.0 
81.757 342.0 
81.968 343.0 
81.827 344.0 
81.804 345.0 
81.792 346.0 
81.722 347.0 
81.827 348.0 
81.862 349.0 
81.827 350.0 
81.804 351.0 
81.839 352.0 
81.839 353.0 
81.769 354.0 
81.886 355.0 
81.839 356.0 
81.909 357.0 
81.874 358.0 
81.956 359.0 
81.851 360.0 
81.827 361.0 
81.792 362.0 
81.827 363.0 
81.792 364.0 
81.792 365.0 
81.827 366.0 
81.851 367.0 
81.746 368.0 
81.781 369.0 
81.804 370.0 
81.816 371.0 
81.862 372.0 
81.851 373.0 
81.874 374.0 
81.886 375.0 
82.131 376.0 
81.722 377.0 
81.827 378.0 
81.816 379.0 
81.804 380.0 
81.804 381.0 
81.909 382.0 
81.804 383.0 
81.816 384.0 
81.792 385.0 
81.862 386.0 
81.769 387.0 
81.722 388.0 
81.816 389.0 
81.827 390.0 
81.792 391.0 
81.816 392.0 
81.909 393.0 
81.746 394.0 
81.827 395.0 
81.944 396.0 
81.781 397.0 
81.851 398.0 
81.769 399.0 
81.769 400.0 
81.897 401.0 
81.816 402.0 
81.897 403.0 
81.851 404.0 
81.769 405.0 
81.711 406.0 
81.827 407.0 
81.769 408.0 
81.804 409.0 
81.757 410.0 
81.792 411.0 
81.874 412.0 
82.154 413.0 
81.851 414.0 
81.746 415.0 
81.827 416.0 
81.781 417.0 
81.897 418.0 
81.839 419.0 
81.792 420.0 
81.804 421.0 
81.816 422.0 
81.862 423.0 
81.734 424.0 
81.757 425.0 
81.827 426.0 
81.839 427.0 
81.757 428.0 
81.781 429.0 
81.781 430.0 
81.804 431.0 
81.827 432.0 
81.839 433.0 
81.734 434.0 
81.769 435.0 
81.781 436.0 
81.839 437.0 
81.734 438.0 
81.757 439.0 
81.792 440.0 
81.769 441.0 
81.769 442.0 
81.781 443.0 
81.757 444.0 
81.757 445.0 
81.734 446.0 
81.839 447.0 
81.851 448.0 
81.816 449.0 
82.096 450.0 
81.757 451.0 
81.769 452.0 
81.734 453.0 
81.734 454.0 
81.839 455.0 
81.781 456.0 
81.757 457.0 
81.746 458.0 
81.851 459.0 
81.827 460.0 
81.757 461.0 
81.757 462.0 
81.862 463.0 
81.792 464.0 
81.769 465.0 
81.851 466.0 
81.769 467.0 
81.711 468.0 
81.781 469.0 
81.746 470.0 
81.722 471.0 
81.757 472.0 
81.827 473.0 
81.734 474.0 
81.886 475.0 
81.781 476.0 
81.711 477.0 
81.816 478.0 
81.676 479.0 
81.804 480.0 
81.851 481.0 
81.781 482.0 
81.804 483.0 
81.711 484.0 
81.816 485.0 
81.711 486.0 
81.699 487.0 
81.792 488.0 
81.757 489.0 
81.792 490.0 
81.804 491.0 
81.804 492.0 
81.769 493.0 
81.804 494.0 
81.711 495.0 
81.687 496.0 
81.792 497.0 
81.862 498.0 
81.722 499.0 
81.699 500.0 
81.781 501.0 
81.804 502.0 
81.664 503.0 
81.699 504.0 
81.757 505.0 
81.757 506.0 
81.711 507.0 
81.804 508.0 
81.664 509.0 
81.699 510.0 
81.722 511.0 
81.746 512.0 
81.757 513.0 
81.781 514.0 
81.781 515.0 
81.792 516.0 
81.804 517.0 
81.582 518.0 
81.605 519.0 
81.629 520.0 
81.652 521.0 
81.617 522.0 
81.64 523.0 
81.605 524.0 
81.617 525.0 
81.64 526.0 
81.594 527.0 
81.559 528.0 
81.582 529.0 
81.547 530.0 
81.559 531.0 
81.711 532.0 
81.676 533.0 
81.605 534.0 
81.594 535.0 
81.547 536.0 
81.512 537.0 
81.43 538.0 
81.43 539.0 
81.395 540.0 
81.5 541.0 
81.395 542.0 
81.43 543.0 
81.337 544.0 
81.302 545.0 
81.243 546.0 
81.372 547.0 
81.325 548.0 
81.267 549.0 
81.197 550.0 
81.197 551.0 
81.302 552.0 
81.232 553.0 
81.162 554.0 
81.162 555.0 
81.29 556.0 
81.22 557.0 
81.173 558.0 
80.881 559.0 
81.243 560.0 
81.162 561.0 
81.127 562.0 
81.243 563.0 
81.173 564.0 
81.08 565.0 
81.22 566.0 
81.22 567.0 
81.115 568.0 
81.173 569.0 
81.162 570.0 
81.29 571.0 
81.185 572.0 
81.115 573.0 
81.232 574.0 
81.15 575.0 
81.29 576.0 
81.22 577.0 
81.173 578.0 
81.29 579.0 
81.232 580.0 
81.29 581.0 
81.208 582.0 
81.267 583.0 
81.243 584.0 
80.858 585.0 
81.255 586.0 
81.162 587.0 
81.255 588.0 
81.162 589.0 
81.29 590.0 
81.173 591.0 
81.255 592.0 
81.185 593.0 
81.22 594.0 
81.208 595.0 
81.208 596.0 
81.162 597.0 
81.208 598.0 
81.185 599.0 
81.255 600.0 
81.337 601.0 
81.22 602.0 
81.337 603.0 
81.208 604.0 
81.278 605.0 
81.173 606.0 
81.232 607.0 
81.15 608.0 
81.22 609.0 
81.278 610.0 
81.208 611.0 
81.302 612.0 
81.185 613.0 
81.267 614.0 
81.138 615.0 
81.208 616.0 
81.267 617.0 
81.115 618.0 
81.232 619.0 
80.951 620.0 
81.22 621.0 
81.243 622.0 
81.197 623.0 
81.208 624.0 
81.278 625.0 
81.162 626.0 
81.22 627.0 
81.29 628.0 
81.173 629.0 
81.208 630.0 
81.325 631.0 
81.15 632.0 
81.267 633.0 
81.337 634.0 
81.185 635.0 
81.243 636.0 
81.29 637.0 
81.162 638.0 
81.208 639.0 
81.29 640.0 
81.138 641.0 
81.243 642.0 
81.267 643.0 
81.138 644.0 
81.162 645.0 
81.232 646.0 
81.29 647.0 
81.197 648.0 
81.173 649.0 
81.278 650.0 
81.127 651.0 
81.173 652.0 
81.232 653.0 
81.278 654.0 
81.115 655.0 
81.185 656.0 
81.22 657.0 
81.302 658.0 
81.197 659.0 
81.232 660.0 
81.267 661.0 
81.29 662.0 
81.115 663.0 
81.208 664.0 
81.267 665.0 
81.302 666.0 
81.15 667.0 
81.185 668.0 
81.22 669.0 
81.278 670.0 
81.115 671.0 
81.173 672.0 
81.243 673.0 
81.278 674.0 
81.267 675.0 
81.162 676.0 
81.208 677.0 
81.22 678.0 
81.22 679.0 
81.313 680.0 
81.127 681.0 
81.162 682.0 
81.22 683.0 
81.243 684.0 
81.29 685.0 
81.278 686.0 
81.138 687.0 
81.138 688.0 
81.197 689.0 
81.255 690.0 
81.255 691.0 
81.302 692.0 
81.138 693.0 
81.162 694.0 
81.208 695.0 
81.197 696.0 
81.267 697.0 
81.255 698.0 
81.021 699.0 
81.138 700.0 
81.185 701.0 
81.197 702.0 
81.243 703.0 
81.243 704.0 
81.173 705.0 
81.302 706.0 
81.127 707.0 
81.115 708.0 
81.185 709.0 
81.197 710.0 
81.232 711.0 
81.232 712.0 
81.302 713.0 
81.278 714.0 
81.033 715.0 
81.127 716.0 
81.127 717.0 
81.185 718.0 
81.208 719.0 
81.232 720.0 
81.22 721.0 
81.243 722.0 
81.255 723.0 
81.278 724.0 
81.313 725.0 
81.103 726.0 
81.115 727.0 
81.138 728.0 
81.162 729.0 
81.173 730.0 
81.232 731.0 
81.185 732.0 
81.267 733.0 
81.22 734.0 
81.243 735.0 
81.278 736.0 
81.267 737.0 
81.29 738.0 
81.092 739.0 
81.15 740.0 
81.092 741.0 
81.127 742.0 
81.115 743.0 
81.15 744.0 
81.15 745.0 
81.138 746.0 
81.15 747.0 
81.138 748.0 
81.15 749.0 
81.197 750.0 
81.208 751.0 
81.185 752.0 
81.185 753.0 
81.22 754.0 
81.232 755.0 
81.208 756.0 
81.197 757.0 
81.232 758.0 
81.243 759.0 
81.208 760.0 
81.208 761.0 
81.22 762.0 
81.22 763.0 
81.243 764.0 
81.232 765.0 
81.255 766.0 
81.232 767.0 
81.232 768.0 
81.243 769.0 
81.232 770.0 
81.232 771.0 
81.255 772.0 
81.243 773.0 
81.208 774.0 
81.255 775.0 
81.232 776.0 
81.267 777.0 
81.243 778.0 
81.243 779.0 
81.243 780.0 
81.208 781.0 
81.197 782.0 
81.197 783.0 
81.232 784.0 
81.197 785.0 
81.255 786.0 
81.22 787.0 
81.185 788.0 
81.208 789.0 
81.232 790.0 
81.22 791.0 
81.22 792.0 
81.208 793.0 
81.22 794.0 
81.208 795.0 
81.22 796.0 
81.197 797.0 
81.197 798.0 
81.208 799.0 
81.208 800.0 
81.162 801.0 
81.197 802.0 
81.185 803.0 
81.197 804.0 
0.006 805.0 
-0.006 806.0 
-0.001 807.0 
0.006 808.0 
0.002 809.0 
0.0 810.0 
0.001 811.0 
-0.001 812.0 
0.002 813.0 
0.002 814.0 
-0.001 815.0 
-0.001 816.0 
0.0 817.0 
0.005 818.0 
0.004 819.0 
0.005 820.0 
-0.006 821.0 
-0.004 822.0 
-0.004 823.0 
-0.004 824.0 
0.0 825.0 
-0.008 826.0 
-0.011 827.0 
-0.007 828.0 
-0.016 829.0 
