-0.049 257.0 
-0.048 258.0 
-0.046 259.0 
-0.041 260.0 
-0.035 261.0 
-0.013 262.0 
-0.043 263.0 
-0.014 264.0 
-0.026 265.0 
-0.034 266.0 
-0.018 267.0 
-0.026 268.0 
-0.031 269.0 
-0.023 270.0 
-0.036 271.0 
-0.031 272.0 
-0.031 273.0 
-0.037 274.0 
149.756 275.0 
146.813 276.0 
145.598 277.0 
143.764 278.0 
141.662 279.0 
139.174 280.0 
136.862 281.0 
134.432 282.0 
129.866 283.0 
127.88 284.0 
127.401 285.0 
127.062 286.0 
126.887 287.0 
126.642 288.0 
126.385 289.0 
125.684 290.0 
125.603 291.0 
125.392 292.0 
125.194 293.0 
124.913 294.0 
124.621 295.0 
124.446 296.0 
124.423 297.0 
123.897 298.0 
123.675 299.0 
123.605 300.0 
123.033 301.0 
122.963 302.0 
122.437 303.0 
122.332 304.0 
122.659 305.0 
121.48 306.0 
120.288 307.0 
117.987 308.0 
115.313 309.0 
111.751 310.0 
108.06 311.0 
103.949 312.0 
100.001 313.0 
95.703 314.0 
91.813 315.0 
87.831 316.0 
84.257 317.0 
81.15 318.0 
80.437 319.0 
80.671 320.0 
80.508 321.0 
80.496 322.0 
80.344 323.0 
80.379 324.0 
80.286 325.0 
80.204 326.0 
80.344 327.0 
80.251 328.0 
80.484 329.0 
80.309 330.0 
80.216 331.0 
80.332 332.0 
80.332 333.0 
80.216 334.0 
80.274 335.0 
80.321 336.0 
80.321 337.0 
80.192 338.0 
80.484 339.0 
80.286 340.0 
80.274 341.0 
80.239 342.0 
80.344 343.0 
80.297 344.0 
80.251 345.0 
80.274 346.0 
80.227 347.0 
80.251 348.0 
80.274 349.0 
80.274 350.0 
80.239 351.0 
80.274 352.0 
80.251 353.0 
80.169 354.0 
80.204 355.0 
80.309 356.0 
80.297 357.0 
80.274 358.0 
80.356 359.0 
80.286 360.0 
80.344 361.0 
80.251 362.0 
80.286 363.0 
80.227 364.0 
80.239 365.0 
80.262 366.0 
80.274 367.0 
80.251 368.0 
80.216 369.0 
80.239 370.0 
80.286 371.0 
80.262 372.0 
80.297 373.0 
80.344 374.0 
80.367 375.0 
80.461 376.0 
80.216 377.0 
80.239 378.0 
80.251 379.0 
80.297 380.0 
80.286 381.0 
80.356 382.0 
80.262 383.0 
80.274 384.0 
80.262 385.0 
80.356 386.0 
80.204 387.0 
80.204 388.0 
80.286 389.0 
80.274 390.0 
80.274 391.0 
80.239 392.0 
80.297 393.0 
80.181 394.0 
80.262 395.0 
80.367 396.0 
80.181 397.0 
80.297 398.0 
80.192 399.0 
80.239 400.0 
80.344 401.0 
80.297 402.0 
80.356 403.0 
80.321 404.0 
80.251 405.0 
80.204 406.0 
80.297 407.0 
80.251 408.0 
80.251 409.0 
80.192 410.0 
80.262 411.0 
80.297 412.0 
80.508 413.0 
80.286 414.0 
80.239 415.0 
80.309 416.0 
80.192 417.0 
80.251 418.0 
80.297 419.0 
80.216 420.0 
80.251 421.0 
80.286 422.0 
80.297 423.0 
80.239 424.0 
80.227 425.0 
80.286 426.0 
80.309 427.0 
80.192 428.0 
80.204 429.0 
80.216 430.0 
80.262 431.0 
80.297 432.0 
80.274 433.0 
80.192 434.0 
80.181 435.0 
80.227 436.0 
80.297 437.0 
80.227 438.0 
80.169 439.0 
80.192 440.0 
80.239 441.0 
80.204 442.0 
80.262 443.0 
80.216 444.0 
80.216 445.0 
80.227 446.0 
80.344 447.0 
80.309 448.0 
80.251 449.0 
80.636 450.0 
80.239 451.0 
80.204 452.0 
80.204 453.0 
80.204 454.0 
80.251 455.0 
80.075 456.0 
80.204 457.0 
80.181 458.0 
80.262 459.0 
80.332 460.0 
80.286 461.0 
80.227 462.0 
80.321 463.0 
80.262 464.0 
80.262 465.0 
80.309 466.0 
80.297 467.0 
80.192 468.0 
80.251 469.0 
80.216 470.0 
80.181 471.0 
80.251 472.0 
80.087 473.0 
80.227 474.0 
80.332 475.0 
80.216 476.0 
80.145 477.0 
80.204 478.0 
80.134 479.0 
80.227 480.0 
80.344 481.0 
80.227 482.0 
80.321 483.0 
80.216 484.0 
80.286 485.0 
80.169 486.0 
80.216 487.0 
80.297 488.0 
80.181 489.0 
80.216 490.0 
80.262 491.0 
80.216 492.0 
80.227 493.0 
80.274 494.0 
80.192 495.0 
80.157 496.0 
80.274 497.0 
80.286 498.0 
80.192 499.0 
80.192 500.0 
80.239 501.0 
80.262 502.0 
80.192 503.0 
80.169 504.0 
80.204 505.0 
80.239 506.0 
80.134 507.0 
80.251 508.0 
80.064 509.0 
80.157 510.0 
80.169 511.0 
80.216 512.0 
80.239 513.0 
80.239 514.0 
80.239 515.0 
80.227 516.0 
80.473 517.0 
80.087 518.0 
80.087 519.0 
80.134 520.0 
80.122 521.0 
80.122 522.0 
80.122 523.0 
80.145 524.0 
80.157 525.0 
80.134 526.0 
80.134 527.0 
80.075 528.0 
80.064 529.0 
80.005 530.0 
80.04 531.0 
80.169 532.0 
80.145 533.0 
80.075 534.0 
80.075 535.0 
80.04 536.0 
80.005 537.0 
79.924 538.0 
79.924 539.0 
79.854 540.0 
79.994 541.0 
79.865 542.0 
79.877 543.0 
79.818 544.0 
79.818 545.0 
79.76 546.0 
79.865 547.0 
79.842 548.0 
79.748 549.0 
79.69 550.0 
79.632 551.0 
79.783 552.0 
79.737 553.0 
79.632 554.0 
79.655 555.0 
79.748 556.0 
79.69 557.0 
79.655 558.0 
79.386 559.0 
79.748 560.0 
79.678 561.0 
79.632 562.0 
79.76 563.0 
79.62 564.0 
79.608 565.0 
79.783 566.0 
79.748 567.0 
79.597 568.0 
79.655 569.0 
79.643 570.0 
79.737 571.0 
79.667 572.0 
79.597 573.0 
79.655 574.0 
79.643 575.0 
80.157 576.0 
79.643 577.0 
79.655 578.0 
79.795 579.0 
79.702 580.0 
79.795 581.0 
79.702 582.0 
79.795 583.0 
79.748 584.0 
79.468 585.0 
79.772 586.0 
79.678 587.0 
79.748 588.0 
79.655 589.0 
79.748 590.0 
79.678 591.0 
79.725 592.0 
79.678 593.0 
79.737 594.0 
79.678 595.0 
79.725 596.0 
79.643 597.0 
79.713 598.0 
79.667 599.0 
79.748 600.0 
79.818 601.0 
79.737 602.0 
79.783 603.0 
79.702 604.0 
79.807 605.0 
79.713 606.0 
79.76 607.0 
79.643 608.0 
79.725 609.0 
79.783 610.0 
79.69 611.0 
79.772 612.0 
79.655 613.0 
79.725 614.0 
79.643 615.0 
79.667 616.0 
79.76 617.0 
79.643 618.0 
79.748 619.0 
79.538 620.0 
79.713 621.0 
79.76 622.0 
79.678 623.0 
79.713 624.0 
79.807 625.0 
79.678 626.0 
79.713 627.0 
79.807 628.0 
79.678 629.0 
79.76 630.0 
79.807 631.0 
79.678 632.0 
79.76 633.0 
80.052 634.0 
79.678 635.0 
79.737 636.0 
79.818 637.0 
79.655 638.0 
79.748 639.0 
79.818 640.0 
79.667 641.0 
79.643 642.0 
79.783 643.0 
79.643 644.0 
79.643 645.0 
79.76 646.0 
79.795 647.0 
79.643 648.0 
79.69 649.0 
79.725 650.0 
79.608 651.0 
79.655 652.0 
79.713 653.0 
79.783 654.0 
79.62 655.0 
79.655 656.0 
79.713 657.0 
79.76 658.0 
79.667 659.0 
79.737 660.0 
79.748 661.0 
79.737 662.0 
79.643 663.0 
79.737 664.0 
79.783 665.0 
79.795 666.0 
79.678 667.0 
79.69 668.0 
79.725 669.0 
79.783 670.0 
79.62 671.0 
79.632 672.0 
79.702 673.0 
79.748 674.0 
79.748 675.0 
79.655 676.0 
79.667 677.0 
79.725 678.0 
79.748 679.0 
79.795 680.0 
79.643 681.0 
79.655 682.0 
79.702 683.0 
79.737 684.0 
79.702 685.0 
79.83 686.0 
79.597 687.0 
79.713 688.0 
79.713 689.0 
79.748 690.0 
79.76 691.0 
79.842 692.0 
79.667 693.0 
79.643 694.0 
79.69 695.0 
79.725 696.0 
79.678 697.0 
79.807 698.0 
79.597 699.0 
79.69 700.0 
79.69 701.0 
79.713 702.0 
79.748 703.0 
79.76 704.0 
79.725 705.0 
79.807 706.0 
79.643 707.0 
79.678 708.0 
79.678 709.0 
79.632 710.0 
79.748 711.0 
79.76 712.0 
79.772 713.0 
79.76 714.0 
79.585 715.0 
79.62 716.0 
79.55 717.0 
79.667 718.0 
79.69 719.0 
79.725 720.0 
79.748 721.0 
79.76 722.0 
79.783 723.0 
79.783 724.0 
79.807 725.0 
79.562 726.0 
79.678 727.0 
79.632 728.0 
79.643 729.0 
79.667 730.0 
79.69 731.0 
79.713 732.0 
79.748 733.0 
79.737 734.0 
79.748 735.0 
79.76 736.0 
79.795 737.0 
79.772 738.0 
79.573 739.0 
79.632 740.0 
79.643 741.0 
79.643 742.0 
79.632 743.0 
79.643 744.0 
79.667 745.0 
79.655 746.0 
79.678 747.0 
79.667 748.0 
79.678 749.0 
79.667 750.0 
79.678 751.0 
79.678 752.0 
79.702 753.0 
79.643 754.0 
79.69 755.0 
79.713 756.0 
79.702 757.0 
79.713 758.0 
79.748 759.0 
79.702 760.0 
79.748 761.0 
79.725 762.0 
79.713 763.0 
79.725 764.0 
79.748 765.0 
79.737 766.0 
79.748 767.0 
79.713 768.0 
79.713 769.0 
79.737 770.0 
79.725 771.0 
79.737 772.0 
79.725 773.0 
79.713 774.0 
79.702 775.0 
79.713 776.0 
79.713 777.0 
79.725 778.0 
79.69 779.0 
79.725 780.0 
79.702 781.0 
79.725 782.0 
79.748 783.0 
79.725 784.0 
79.725 785.0 
79.725 786.0 
79.713 787.0 
79.737 788.0 
79.713 789.0 
79.737 790.0 
79.678 791.0 
79.725 792.0 
79.713 793.0 
79.702 794.0 
79.678 795.0 
79.678 796.0 
79.69 797.0 
79.702 798.0 
79.69 799.0 
79.713 800.0 
79.69 801.0 
79.713 802.0 
79.702 803.0 
79.713 804.0 
0.001 805.0 
0.005 806.0 
0.001 807.0 
0.002 808.0 
0.004 809.0 
-0.006 810.0 
0.001 811.0 
-0.002 812.0 
-0.008 813.0 
-0.011 814.0 
-0.007 815.0 
-0.002 816.0 
-0.004 817.0 
-0.012 818.0 
-0.011 819.0 
-0.017 820.0 
-0.012 821.0 
-0.011 822.0 
-0.018 823.0 
-0.019 824.0 
-0.02 825.0 
-0.011 826.0 
-0.023 827.0 
-0.016 828.0 
-0.023 829.0 
