-0.036 257.0 
-0.022 258.0 
-0.034 259.0 
-0.04 260.0 
-0.031 261.0 
-0.038 262.0 
-0.041 263.0 
-0.026 264.0 
-0.019 265.0 
-0.053 266.0 
-0.04 267.0 
-0.029 268.0 
-0.03 269.0 
-0.03 270.0 
-0.038 271.0 
-0.047 272.0 
-0.024 273.0 
-0.025 274.0 
140.272 275.0 
137.306 276.0 
136.278 277.0 
134.993 278.0 
133.591 279.0 
131.781 280.0 
130.263 281.0 
128.312 282.0 
125.836 283.0 
124.178 284.0 
123.792 285.0 
123.43 286.0 
123.232 287.0 
122.905 288.0 
122.589 289.0 
122.356 290.0 
121.725 291.0 
121.503 292.0 
121.293 293.0 
121.269 294.0 
120.732 295.0 
120.58 296.0 
120.452 297.0 
119.868 298.0 
119.739 299.0 
119.634 300.0 
119.097 301.0 
118.969 302.0 
118.443 303.0 
118.338 304.0 
118.163 305.0 
117.415 306.0 
116.142 307.0 
113.911 308.0 
111.167 309.0 
107.558 310.0 
103.867 311.0 
99.779 312.0 
95.726 313.0 
91.884 314.0 
87.983 315.0 
84.035 316.0 
80.718 317.0 
77.821 318.0 
77.704 319.0 
77.424 320.0 
77.319 321.0 
77.366 322.0 
77.249 323.0 
77.296 324.0 
77.237 325.0 
77.12 326.0 
77.191 327.0 
77.12 328.0 
77.319 329.0 
77.261 330.0 
77.12 331.0 
77.249 332.0 
77.249 333.0 
77.144 334.0 
77.156 335.0 
77.249 336.0 
77.214 337.0 
77.12 338.0 
77.272 339.0 
77.144 340.0 
77.144 341.0 
77.144 342.0 
77.214 343.0 
77.191 344.0 
77.144 345.0 
77.132 346.0 
77.062 347.0 
77.109 348.0 
77.214 349.0 
77.191 350.0 
77.144 351.0 
77.179 352.0 
77.12 353.0 
77.085 354.0 
77.226 355.0 
77.202 356.0 
77.226 357.0 
77.167 358.0 
77.284 359.0 
77.214 360.0 
77.226 361.0 
77.156 362.0 
77.191 363.0 
77.144 364.0 
77.179 365.0 
77.179 366.0 
77.179 367.0 
77.12 368.0 
77.156 369.0 
77.179 370.0 
77.179 371.0 
77.191 372.0 
77.167 373.0 
77.237 374.0 
77.214 375.0 
77.494 376.0 
77.097 377.0 
77.144 378.0 
77.156 379.0 
77.144 380.0 
77.202 381.0 
77.284 382.0 
77.167 383.0 
77.179 384.0 
77.132 385.0 
77.214 386.0 
77.132 387.0 
77.12 388.0 
77.202 389.0 
77.191 390.0 
77.179 391.0 
77.109 392.0 
77.261 393.0 
77.085 394.0 
77.167 395.0 
77.272 396.0 
77.132 397.0 
77.202 398.0 
77.156 399.0 
77.144 400.0 
77.202 401.0 
77.167 402.0 
77.249 403.0 
77.214 404.0 
77.167 405.0 
77.109 406.0 
77.179 407.0 
77.144 408.0 
77.202 409.0 
77.132 410.0 
77.144 411.0 
77.202 412.0 
77.553 413.0 
77.202 414.0 
77.12 415.0 
77.167 416.0 
77.109 417.0 
77.296 418.0 
77.237 419.0 
77.097 420.0 
77.132 421.0 
77.202 422.0 
77.214 423.0 
77.132 424.0 
77.12 425.0 
77.167 426.0 
77.191 427.0 
77.109 428.0 
77.144 429.0 
77.12 430.0 
77.179 431.0 
77.179 432.0 
77.202 433.0 
77.05 434.0 
77.12 435.0 
77.156 436.0 
77.249 437.0 
77.144 438.0 
77.167 439.0 
77.156 440.0 
77.156 441.0 
77.12 442.0 
77.167 443.0 
77.12 444.0 
77.144 445.0 
77.097 446.0 
77.191 447.0 
77.226 448.0 
77.214 449.0 
77.483 450.0 
77.144 451.0 
77.144 452.0 
77.109 453.0 
77.05 454.0 
77.202 455.0 
77.179 456.0 
77.12 457.0 
77.097 458.0 
77.191 459.0 
77.179 460.0 
77.156 461.0 
77.132 462.0 
77.214 463.0 
77.191 464.0 
77.179 465.0 
77.202 466.0 
77.144 467.0 
77.05 468.0 
77.179 469.0 
77.132 470.0 
77.097 471.0 
77.109 472.0 
77.085 473.0 
77.144 474.0 
77.237 475.0 
77.167 476.0 
77.074 477.0 
77.156 478.0 
77.062 479.0 
77.156 480.0 
77.261 481.0 
77.132 482.0 
77.191 483.0 
77.12 484.0 
77.202 485.0 
77.097 486.0 
77.05 487.0 
77.202 488.0 
77.132 489.0 
77.132 490.0 
77.202 491.0 
77.132 492.0 
77.132 493.0 
77.167 494.0 
77.097 495.0 
77.109 496.0 
77.167 497.0 
77.191 498.0 
77.085 499.0 
77.097 500.0 
77.179 501.0 
77.191 502.0 
77.05 503.0 
77.097 504.0 
77.109 505.0 
77.132 506.0 
77.085 507.0 
77.307 508.0 
77.085 509.0 
77.097 510.0 
77.109 511.0 
77.12 512.0 
77.144 513.0 
77.156 514.0 
77.191 515.0 
77.167 516.0 
77.553 517.0 
77.004 518.0 
76.992 519.0 
77.05 520.0 
77.062 521.0 
77.05 522.0 
77.015 523.0 
77.062 524.0 
77.074 525.0 
76.992 526.0 
77.004 527.0 
76.945 528.0 
77.015 529.0 
76.945 530.0 
76.922 531.0 
77.109 532.0 
77.05 533.0 
77.074 534.0 
77.05 535.0 
77.015 536.0 
76.98 537.0 
76.864 538.0 
76.899 539.0 
76.852 540.0 
76.969 541.0 
76.875 542.0 
76.887 543.0 
76.805 544.0 
76.77 545.0 
76.712 546.0 
76.828 547.0 
76.758 548.0 
76.712 549.0 
76.688 550.0 
76.56 551.0 
76.735 552.0 
76.723 553.0 
76.642 554.0 
76.63 555.0 
76.723 556.0 
76.688 557.0 
76.665 558.0 
76.373 559.0 
76.735 560.0 
76.653 561.0 
76.595 562.0 
76.7 563.0 
76.677 564.0 
76.548 565.0 
76.688 566.0 
76.7 567.0 
76.583 568.0 
76.688 569.0 
76.618 570.0 
76.735 571.0 
76.688 572.0 
76.607 573.0 
76.688 574.0 
76.618 575.0 
76.747 576.0 
76.653 577.0 
76.688 578.0 
76.758 579.0 
76.677 580.0 
76.77 581.0 
76.688 582.0 
76.747 583.0 
76.712 584.0 
76.291 585.0 
76.712 586.0 
76.665 587.0 
76.735 588.0 
76.665 589.0 
76.723 590.0 
76.653 591.0 
76.688 592.0 
76.653 593.0 
76.665 594.0 
76.677 595.0 
76.688 596.0 
76.63 597.0 
76.747 598.0 
76.665 599.0 
76.712 600.0 
76.805 601.0 
76.712 602.0 
76.793 603.0 
76.688 604.0 
76.793 605.0 
76.665 606.0 
76.712 607.0 
76.642 608.0 
76.677 609.0 
76.747 610.0 
76.653 611.0 
76.758 612.0 
76.653 613.0 
76.723 614.0 
76.595 615.0 
76.712 616.0 
76.758 617.0 
76.572 618.0 
76.677 619.0 
76.443 620.0 
76.665 621.0 
76.735 622.0 
76.618 623.0 
76.688 624.0 
76.747 625.0 
76.665 626.0 
76.712 627.0 
76.758 628.0 
76.677 629.0 
76.712 630.0 
76.77 631.0 
76.618 632.0 
76.735 633.0 
76.77 634.0 
76.665 635.0 
76.723 636.0 
76.782 637.0 
76.677 638.0 
76.688 639.0 
76.758 640.0 
76.653 641.0 
76.712 642.0 
76.747 643.0 
76.595 644.0 
76.688 645.0 
76.7 646.0 
76.758 647.0 
76.63 648.0 
76.665 649.0 
76.735 650.0 
76.595 651.0 
76.642 652.0 
76.723 653.0 
76.735 654.0 
76.607 655.0 
76.63 656.0 
76.7 657.0 
76.723 658.0 
76.63 659.0 
76.7 660.0 
76.758 661.0 
76.805 662.0 
76.642 663.0 
76.688 664.0 
76.747 665.0 
76.793 666.0 
76.618 667.0 
76.688 668.0 
76.712 669.0 
76.77 670.0 
76.618 671.0 
76.665 672.0 
76.677 673.0 
76.735 674.0 
76.7 675.0 
76.63 676.0 
76.688 677.0 
76.688 678.0 
76.747 679.0 
76.782 680.0 
76.618 681.0 
76.642 682.0 
76.688 683.0 
76.735 684.0 
76.758 685.0 
76.77 686.0 
76.618 687.0 
76.677 688.0 
76.7 689.0 
76.723 690.0 
76.735 691.0 
76.793 692.0 
76.618 693.0 
76.642 694.0 
76.653 695.0 
76.712 696.0 
76.758 697.0 
76.735 698.0 
76.443 699.0 
76.63 700.0 
76.642 701.0 
76.7 702.0 
76.712 703.0 
76.723 704.0 
76.747 705.0 
76.758 706.0 
76.607 707.0 
76.618 708.0 
76.653 709.0 
76.7 710.0 
76.677 711.0 
76.723 712.0 
76.747 713.0 
76.758 714.0 
76.782 715.0 
76.607 716.0 
76.63 717.0 
76.653 718.0 
76.677 719.0 
76.688 720.0 
76.712 721.0 
76.735 722.0 
76.747 723.0 
76.77 724.0 
76.782 725.0 
76.595 726.0 
76.618 727.0 
76.642 728.0 
76.63 729.0 
76.665 730.0 
76.665 731.0 
76.712 732.0 
76.7 733.0 
76.747 734.0 
76.747 735.0 
76.747 736.0 
76.758 737.0 
76.782 738.0 
76.536 739.0 
76.583 740.0 
76.618 741.0 
76.607 742.0 
76.618 743.0 
76.642 744.0 
76.642 745.0 
76.63 746.0 
76.63 747.0 
76.642 748.0 
76.653 749.0 
76.665 750.0 
76.653 751.0 
76.665 752.0 
76.665 753.0 
76.665 754.0 
76.7 755.0 
76.688 756.0 
76.677 757.0 
76.677 758.0 
76.677 759.0 
76.723 760.0 
76.7 761.0 
76.723 762.0 
76.688 763.0 
76.723 764.0 
76.723 765.0 
76.712 766.0 
76.723 767.0 
76.688 768.0 
76.712 769.0 
76.688 770.0 
76.7 771.0 
76.712 772.0 
76.712 773.0 
76.688 774.0 
76.677 775.0 
76.712 776.0 
76.712 777.0 
76.677 778.0 
76.712 779.0 
76.712 780.0 
76.712 781.0 
76.712 782.0 
76.723 783.0 
76.7 784.0 
76.7 785.0 
76.677 786.0 
76.723 787.0 
76.7 788.0 
76.688 789.0 
76.677 790.0 
76.723 791.0 
76.7 792.0 
76.688 793.0 
76.7 794.0 
76.653 795.0 
76.665 796.0 
76.688 797.0 
76.7 798.0 
76.688 799.0 
76.665 800.0 
76.677 801.0 
76.7 802.0 
76.688 803.0 
76.688 804.0 
0.002 805.0 
-0.002 806.0 
0.0 807.0 
0.0 808.0 
0.008 809.0 
0.002 810.0 
0.011 811.0 
0.001 812.0 
0.012 813.0 
0.008 814.0 
0.001 815.0 
0.001 816.0 
0.002 817.0 
-0.001 818.0 
-0.006 819.0 
-0.004 820.0 
-0.014 821.0 
0.0 822.0 
-0.008 823.0 
-0.002 824.0 
-0.012 825.0 
-0.011 826.0 
-0.02 827.0 
-0.014 828.0 
-0.016 829.0 
