-0.041 257.0 
-0.034 258.0 
-0.028 259.0 
-0.04 260.0 
-0.059 261.0 
-0.032 262.0 
-0.011 263.0 
-0.019 264.0 
-0.025 265.0 
-0.054 266.0 
-0.026 267.0 
-0.03 268.0 
-0.037 269.0 
-0.056 270.0 
-0.061 271.0 
-0.05 272.0 
-0.026 273.0 
-0.024 274.0 
135.005 275.0 
132.739 276.0 
131.688 277.0 
130.239 278.0 
128.639 279.0 
126.771 280.0 
125.1 281.0 
122.893 282.0 
119.541 283.0 
118.373 284.0 
117.976 285.0 
117.602 286.0 
117.392 287.0 
117.147 288.0 
116.948 289.0 
116.563 290.0 
116.142 291.0 
115.932 292.0 
115.78 293.0 
115.418 294.0 
115.219 295.0 
115.079 296.0 
115.009 297.0 
114.542 298.0 
114.378 299.0 
114.121 300.0 
113.841 301.0 
113.759 302.0 
113.269 303.0 
113.187 304.0 
113.152 305.0 
112.358 306.0 
111.073 307.0 
108.749 308.0 
106.261 309.0 
102.699 310.0 
99.347 311.0 
95.563 312.0 
91.989 313.0 
88.076 314.0 
84.374 315.0 
80.589 316.0 
77.506 317.0 
74.936 318.0 
74.796 319.0 
74.586 320.0 
74.446 321.0 
74.481 322.0 
74.352 323.0 
74.422 324.0 
74.352 325.0 
74.247 326.0 
74.352 327.0 
74.271 328.0 
74.434 329.0 
74.317 330.0 
74.282 331.0 
74.598 332.0 
74.364 333.0 
74.259 334.0 
74.294 335.0 
74.364 336.0 
74.341 337.0 
74.212 338.0 
74.738 339.0 
74.306 340.0 
74.306 341.0 
74.317 342.0 
74.352 343.0 
74.364 344.0 
74.317 345.0 
74.259 346.0 
74.247 347.0 
74.259 348.0 
74.341 349.0 
74.282 350.0 
74.259 351.0 
74.317 352.0 
74.271 353.0 
74.201 354.0 
74.364 355.0 
74.341 356.0 
74.376 357.0 
74.317 358.0 
74.387 359.0 
74.306 360.0 
74.352 361.0 
74.259 362.0 
74.352 363.0 
74.282 364.0 
74.294 365.0 
74.317 366.0 
74.306 367.0 
74.306 368.0 
74.294 369.0 
74.271 370.0 
74.306 371.0 
74.329 372.0 
74.376 373.0 
74.341 374.0 
74.387 375.0 
74.434 376.0 
74.259 377.0 
74.306 378.0 
74.282 379.0 
74.306 380.0 
74.271 381.0 
74.352 382.0 
74.317 383.0 
74.282 384.0 
74.282 385.0 
74.352 386.0 
74.259 387.0 
74.177 388.0 
74.294 389.0 
74.341 390.0 
74.317 391.0 
74.282 392.0 
74.341 393.0 
74.259 394.0 
74.341 395.0 
74.364 396.0 
74.271 397.0 
74.329 398.0 
74.259 399.0 
74.236 400.0 
74.329 401.0 
74.317 402.0 
74.387 403.0 
74.352 404.0 
74.306 405.0 
74.224 406.0 
74.329 407.0 
74.259 408.0 
74.282 409.0 
74.224 410.0 
74.306 411.0 
74.329 412.0 
74.469 413.0 
74.306 414.0 
74.282 415.0 
74.306 416.0 
74.271 417.0 
74.329 418.0 
74.306 419.0 
74.247 420.0 
74.294 421.0 
74.352 422.0 
74.364 423.0 
74.294 424.0 
74.271 425.0 
74.294 426.0 
74.341 427.0 
74.294 428.0 
74.282 429.0 
74.259 430.0 
74.317 431.0 
74.341 432.0 
74.306 433.0 
74.212 434.0 
74.224 435.0 
74.294 436.0 
74.294 437.0 
74.247 438.0 
74.212 439.0 
74.247 440.0 
74.259 441.0 
74.282 442.0 
74.294 443.0 
74.271 444.0 
74.224 445.0 
74.201 446.0 
74.317 447.0 
74.352 448.0 
74.341 449.0 
74.609 450.0 
74.271 451.0 
74.294 452.0 
74.212 453.0 
74.224 454.0 
74.341 455.0 
74.084 456.0 
74.271 457.0 
74.247 458.0 
74.341 459.0 
74.317 460.0 
74.306 461.0 
74.282 462.0 
74.352 463.0 
74.306 464.0 
74.271 465.0 
74.341 466.0 
74.317 467.0 
74.247 468.0 
74.294 469.0 
74.247 470.0 
74.236 471.0 
74.294 472.0 
74.166 473.0 
74.282 474.0 
74.364 475.0 
74.282 476.0 
74.201 477.0 
74.317 478.0 
74.224 479.0 
74.294 480.0 
74.364 481.0 
74.259 482.0 
74.352 483.0 
74.271 484.0 
74.294 485.0 
74.224 486.0 
74.247 487.0 
74.317 488.0 
74.259 489.0 
74.282 490.0 
74.341 491.0 
74.271 492.0 
74.282 493.0 
74.329 494.0 
74.201 495.0 
74.201 496.0 
74.306 497.0 
74.364 498.0 
74.201 499.0 
74.247 500.0 
74.282 501.0 
74.352 502.0 
74.201 503.0 
74.247 504.0 
74.259 505.0 
74.259 506.0 
74.166 507.0 
74.387 508.0 
74.189 509.0 
74.189 510.0 
74.236 511.0 
74.236 512.0 
74.259 513.0 
74.271 514.0 
74.271 515.0 
74.317 516.0 
74.598 517.0 
74.107 518.0 
74.154 519.0 
74.142 520.0 
74.177 521.0 
74.189 522.0 
74.189 523.0 
74.177 524.0 
74.142 525.0 
74.119 526.0 
74.142 527.0 
74.06 528.0 
74.142 529.0 
74.095 530.0 
74.095 531.0 
74.236 532.0 
74.177 533.0 
74.154 534.0 
74.189 535.0 
74.142 536.0 
74.095 537.0 
74.037 538.0 
74.002 539.0 
73.955 540.0 
74.072 541.0 
74.014 542.0 
73.967 543.0 
73.967 544.0 
73.885 545.0 
73.827 546.0 
73.99 547.0 
73.92 548.0 
73.885 549.0 
73.839 550.0 
73.745 551.0 
73.909 552.0 
73.815 553.0 
73.78 554.0 
73.768 555.0 
73.92 556.0 
73.827 557.0 
73.78 558.0 
73.441 559.0 
73.862 560.0 
73.792 561.0 
73.745 562.0 
73.874 563.0 
73.792 564.0 
73.71 565.0 
73.85 566.0 
73.85 567.0 
73.733 568.0 
73.803 569.0 
73.78 570.0 
73.85 571.0 
73.792 572.0 
73.745 573.0 
73.827 574.0 
73.803 575.0 
74.13 576.0 
73.815 577.0 
73.78 578.0 
73.897 579.0 
73.803 580.0 
73.862 581.0 
73.839 582.0 
73.885 583.0 
73.874 584.0 
73.932 585.0 
73.897 586.0 
73.815 587.0 
73.885 588.0 
73.803 589.0 
73.862 590.0 
73.827 591.0 
73.874 592.0 
73.792 593.0 
73.874 594.0 
73.815 595.0 
73.815 596.0 
73.827 597.0 
73.885 598.0 
73.768 599.0 
73.862 600.0 
73.92 601.0 
73.862 602.0 
73.92 603.0 
73.85 604.0 
73.92 605.0 
73.768 606.0 
73.874 607.0 
73.757 608.0 
73.85 609.0 
73.92 610.0 
73.803 611.0 
73.885 612.0 
73.792 613.0 
73.85 614.0 
73.792 615.0 
73.85 616.0 
73.885 617.0 
73.745 618.0 
73.862 619.0 
73.605 620.0 
73.803 621.0 
73.885 622.0 
73.792 623.0 
73.839 624.0 
73.932 625.0 
73.78 626.0 
73.862 627.0 
73.909 628.0 
73.815 629.0 
73.897 630.0 
73.932 631.0 
73.757 632.0 
73.85 633.0 
74.166 634.0 
73.815 635.0 
73.885 636.0 
73.897 637.0 
73.815 638.0 
73.874 639.0 
73.932 640.0 
73.757 641.0 
73.792 642.0 
73.885 643.0 
73.757 644.0 
73.792 645.0 
73.85 646.0 
73.92 647.0 
73.803 648.0 
73.815 649.0 
73.874 650.0 
73.757 651.0 
73.745 652.0 
73.839 653.0 
73.909 654.0 
73.745 655.0 
73.815 656.0 
73.827 657.0 
73.909 658.0 
73.78 659.0 
73.827 660.0 
73.92 661.0 
73.862 662.0 
73.803 663.0 
73.85 664.0 
73.874 665.0 
73.932 666.0 
73.78 667.0 
73.815 668.0 
73.874 669.0 
73.909 670.0 
73.768 671.0 
73.815 672.0 
73.827 673.0 
73.874 674.0 
73.839 675.0 
73.768 676.0 
73.78 677.0 
73.874 678.0 
73.874 679.0 
73.85 680.0 
73.745 681.0 
73.78 682.0 
73.862 683.0 
73.874 684.0 
73.909 685.0 
73.92 686.0 
73.757 687.0 
73.803 688.0 
73.85 689.0 
73.862 690.0 
73.862 691.0 
73.92 692.0 
73.745 693.0 
73.803 694.0 
73.839 695.0 
73.885 696.0 
73.874 697.0 
73.897 698.0 
73.663 699.0 
73.733 700.0 
73.815 701.0 
73.827 702.0 
73.827 703.0 
73.862 704.0 
73.85 705.0 
73.932 706.0 
73.757 707.0 
73.803 708.0 
73.792 709.0 
73.839 710.0 
73.874 711.0 
73.874 712.0 
73.897 713.0 
73.885 714.0 
73.675 715.0 
73.745 716.0 
73.687 717.0 
73.792 718.0 
73.803 719.0 
73.85 720.0 
73.85 721.0 
73.92 722.0 
73.909 723.0 
73.909 724.0 
73.92 725.0 
73.745 726.0 
73.745 727.0 
73.78 728.0 
73.815 729.0 
73.827 730.0 
73.839 731.0 
73.815 732.0 
73.85 733.0 
73.874 734.0 
73.909 735.0 
73.862 736.0 
73.885 737.0 
73.885 738.0 
73.687 739.0 
73.757 740.0 
73.78 741.0 
73.768 742.0 
73.792 743.0 
73.768 744.0 
73.78 745.0 
73.827 746.0 
73.78 747.0 
73.78 748.0 
73.815 749.0 
73.815 750.0 
73.827 751.0 
73.803 752.0 
73.862 753.0 
73.815 754.0 
73.839 755.0 
73.827 756.0 
73.85 757.0 
73.768 758.0 
73.803 759.0 
73.839 760.0 
73.839 761.0 
73.85 762.0 
73.862 763.0 
73.909 764.0 
73.85 765.0 
73.85 766.0 
73.85 767.0 
73.85 768.0 
73.874 769.0 
73.839 770.0 
73.874 771.0 
73.815 772.0 
73.815 773.0 
73.827 774.0 
73.862 775.0 
73.862 776.0 
73.815 777.0 
73.85 778.0 
73.85 779.0 
73.862 780.0 
73.815 781.0 
73.839 782.0 
73.85 783.0 
73.827 784.0 
73.85 785.0 
73.85 786.0 
73.874 787.0 
73.827 788.0 
73.874 789.0 
73.862 790.0 
73.85 791.0 
73.85 792.0 
73.827 793.0 
73.862 794.0 
73.85 795.0 
73.874 796.0 
73.862 797.0 
73.862 798.0 
73.862 799.0 
73.839 800.0 
73.85 801.0 
73.885 802.0 
73.85 803.0 
73.839 804.0 
-0.006 805.0 
-0.005 806.0 
-0.004 807.0 
-0.001 808.0 
-0.01 809.0 
-0.011 810.0 
-0.016 811.0 
-0.019 812.0 
-0.026 813.0 
-0.031 814.0 
-0.035 815.0 
-0.037 816.0 
-0.032 817.0 
-0.046 818.0 
-0.043 819.0 
-0.047 820.0 
-0.038 821.0 
-0.048 822.0 
-0.041 823.0 
-0.042 824.0 
-0.043 825.0 
-0.037 826.0 
-0.03 827.0 
-0.023 828.0 
-0.029 829.0 
