-0.037 257.0 
-0.041 258.0 
-0.055 259.0 
-0.049 260.0 
-0.047 261.0 
-0.058 262.0 
-0.061 263.0 
-0.037 264.0 
-0.061 265.0 
-0.226 266.0 
-0.037 267.0 
-0.036 268.0 
-0.037 269.0 
-0.028 270.0 
-0.032 271.0 
-0.037 272.0 
-0.028 273.0 
-0.041 274.0 
846.686 275.0 
841.58 276.0 
835.893 277.0 
827.19 278.0 
819.415 279.0 
812.568 280.0 
807.113 281.0 
803.632 282.0 
798.874 283.0 
795.973 284.0 
794.348 285.0 
792.607 286.0 
791.795 287.0 
790.286 288.0 
789.01 289.0 
785.993 290.0 
785.18 291.0 
784.484 292.0 
783.788 293.0 
781.119 294.0 
780.771 295.0 
780.655 296.0 
781.003 297.0 
778.102 298.0 
777.521 299.0 
776.361 300.0 
775.432 301.0 
776.013 302.0 
773.576 303.0 
773.924 304.0 
781.815 305.0 
773.344 306.0 
772.995 307.0 
771.255 308.0 
772.183 309.0 
770.21 310.0 
771.023 311.0 
769.746 312.0 
769.978 313.0 
768.586 314.0 
769.166 315.0 
768.47 316.0 
769.282 317.0 
767.657 318.0 
768.121 319.0 
767.193 320.0 
765.916 321.0 
767.541 322.0 
766.381 323.0 
767.193 324.0 
766.497 325.0 
766.149 326.0 
766.845 327.0 
765.684 328.0 
771.139 329.0 
766.381 330.0 
765.336 331.0 
768.702 332.0 
766.381 333.0 
765.452 334.0 
764.872 335.0 
765.916 336.0 
765.684 337.0 
764.756 338.0 
768.353 339.0 
765.22 340.0 
764.988 341.0 
764.524 342.0 
763.828 343.0 
765.22 344.0 
765.104 345.0 
764.64 346.0 
764.176 347.0 
764.292 348.0 
765.104 349.0 
765.104 350.0 
764.872 351.0 
765.22 352.0 
764.64 353.0 
763.363 354.0 
763.247 355.0 
764.64 356.0 
765.104 357.0 
764.64 358.0 
765.336 359.0 
764.524 360.0 
764.872 361.0 
764.176 362.0 
764.64 363.0 
764.06 364.0 
764.524 365.0 
764.64 366.0 
764.872 367.0 
764.06 368.0 
764.176 369.0 
764.64 370.0 
764.872 371.0 
764.872 372.0 
764.988 373.0 
765.104 374.0 
764.872 375.0 
768.005 376.0 
763.363 377.0 
764.06 378.0 
764.06 379.0 
763.712 380.0 
764.176 381.0 
764.06 382.0 
764.06 383.0 
764.06 384.0 
764.06 385.0 
765.104 386.0 
763.363 387.0 
763.479 388.0 
764.408 389.0 
764.64 390.0 
764.408 391.0 
763.944 392.0 
764.988 393.0 
763.247 394.0 
764.176 395.0 
764.872 396.0 
763.595 397.0 
764.292 398.0 
762.899 399.0 
763.595 400.0 
764.988 401.0 
764.176 402.0 
764.988 403.0 
764.524 404.0 
764.176 405.0 
763.712 406.0 
764.408 407.0 
763.828 408.0 
764.408 409.0 
763.595 410.0 
764.524 411.0 
764.64 412.0 
766.961 413.0 
764.64 414.0 
763.944 415.0 
764.176 416.0 
763.479 417.0 
764.524 418.0 
764.06 419.0 
763.595 420.0 
763.828 421.0 
764.524 422.0 
764.176 423.0 
764.06 424.0 
763.944 425.0 
764.64 426.0 
764.64 427.0 
764.06 428.0 
763.712 429.0 
763.712 430.0 
764.292 431.0 
764.756 432.0 
764.872 433.0 
763.479 434.0 
763.828 435.0 
763.944 436.0 
764.988 437.0 
763.479 438.0 
763.363 439.0 
764.06 440.0 
763.828 441.0 
763.712 442.0 
763.944 443.0 
763.828 444.0 
763.944 445.0 
763.595 446.0 
764.872 447.0 
764.524 448.0 
764.524 449.0 
766.149 450.0 
764.176 451.0 
764.176 452.0 
763.828 453.0 
763.131 454.0 
763.944 455.0 
762.203 456.0 
763.595 457.0 
763.712 458.0 
764.408 459.0 
764.408 460.0 
763.828 461.0 
763.247 462.0 
764.408 463.0 
764.292 464.0 
764.292 465.0 
764.64 466.0 
764.292 467.0 
763.363 468.0 
764.408 469.0 
763.712 470.0 
763.828 471.0 
764.06 472.0 
762.667 473.0 
763.944 474.0 
764.756 475.0 
763.828 476.0 
763.131 477.0 
763.944 478.0 
763.131 479.0 
763.944 480.0 
764.64 481.0 
763.828 482.0 
764.408 483.0 
763.712 484.0 
764.06 485.0 
763.247 486.0 
763.247 487.0 
764.408 488.0 
763.479 489.0 
763.479 490.0 
763.944 491.0 
763.712 492.0 
763.712 493.0 
763.944 494.0 
762.783 495.0 
762.667 496.0 
763.363 497.0 
763.944 498.0 
762.783 499.0 
762.899 500.0 
763.363 501.0 
763.595 502.0 
762.435 503.0 
762.551 504.0 
763.015 505.0 
763.131 506.0 
760.694 507.0 
766.033 508.0 
762.203 509.0 
762.203 510.0 
762.319 511.0 
762.783 512.0 
763.363 513.0 
763.131 514.0 
763.247 515.0 
763.247 516.0 
763.247 517.0 
761.275 518.0 
761.623 519.0 
761.739 520.0 
761.855 521.0 
761.855 522.0 
761.855 523.0 
761.971 524.0 
761.855 525.0 
761.739 526.0 
761.855 527.0 
761.507 528.0 
761.275 529.0 
761.275 530.0 
761.623 531.0 
763.015 532.0 
762.667 533.0 
762.203 534.0 
762.667 535.0 
762.435 536.0 
762.087 537.0 
761.739 538.0 
761.971 539.0 
761.507 540.0 
762.551 541.0 
762.319 542.0 
762.203 543.0 
762.203 544.0 
762.319 545.0 
761.391 546.0 
762.783 547.0 
761.855 548.0 
762.087 549.0 
761.623 550.0 
761.275 551.0 
762.783 552.0 
762.203 553.0 
761.739 554.0 
761.623 555.0 
762.551 556.0 
762.087 557.0 
761.623 558.0 
757.445 559.0 
762.551 560.0 
761.623 561.0 
760.81 562.0 
762.203 563.0 
762.087 564.0 
760.578 565.0 
762.319 566.0 
761.507 567.0 
760.926 568.0 
762.087 569.0 
761.623 570.0 
762.551 571.0 
762.087 572.0 
761.042 573.0 
761.739 574.0 
761.159 575.0 
762.667 576.0 
761.855 577.0 
761.971 578.0 
762.667 579.0 
762.203 580.0 
762.783 581.0 
762.319 582.0 
762.783 583.0 
762.319 584.0 
759.302 585.0 
762.435 586.0 
761.855 587.0 
762.551 588.0 
761.739 589.0 
762.667 590.0 
761.739 591.0 
762.435 592.0 
761.739 593.0 
762.087 594.0 
761.507 595.0 
761.971 596.0 
761.623 597.0 
762.667 598.0 
761.391 599.0 
762.203 600.0 
762.899 601.0 
762.319 602.0 
762.783 603.0 
761.855 604.0 
762.783 605.0 
761.623 606.0 
762.551 607.0 
761.507 608.0 
762.319 609.0 
763.131 610.0 
761.971 611.0 
762.899 612.0 
761.855 613.0 
762.551 614.0 
761.391 615.0 
762.203 616.0 
762.899 617.0 
761.275 618.0 
762.319 619.0 
759.418 620.0 
762.087 621.0 
762.435 622.0 
761.391 623.0 
762.319 624.0 
763.015 625.0 
761.391 626.0 
762.551 627.0 
762.899 628.0 
761.971 629.0 
762.087 630.0 
763.015 631.0 
761.507 632.0 
762.783 633.0 
763.944 634.0 
761.739 635.0 
762.435 636.0 
762.783 637.0 
761.855 638.0 
762.435 639.0 
762.667 640.0 
761.855 641.0 
761.855 642.0 
762.435 643.0 
761.159 644.0 
762.203 645.0 
762.435 646.0 
763.131 647.0 
761.739 648.0 
762.087 649.0 
762.551 650.0 
761.391 651.0 
761.623 652.0 
762.203 653.0 
762.783 654.0 
761.275 655.0 
761.739 656.0 
762.203 657.0 
762.899 658.0 
761.623 659.0 
762.435 660.0 
762.783 661.0 
763.247 662.0 
761.623 663.0 
762.087 664.0 
762.899 665.0 
763.015 666.0 
761.623 667.0 
762.087 668.0 
762.551 669.0 
762.899 670.0 
761.507 671.0 
762.087 672.0 
762.319 673.0 
762.319 674.0 
762.319 675.0 
761.275 676.0 
761.739 677.0 
762.203 678.0 
762.203 679.0 
762.783 680.0 
761.275 681.0 
761.623 682.0 
761.739 683.0 
762.551 684.0 
762.899 685.0 
763.131 686.0 
761.507 687.0 
762.087 688.0 
762.319 689.0 
762.203 690.0 
762.899 691.0 
763.131 692.0 
761.507 693.0 
761.739 694.0 
762.203 695.0 
762.087 696.0 
762.435 697.0 
762.435 698.0 
759.766 699.0 
761.275 700.0 
761.623 701.0 
761.971 702.0 
761.971 703.0 
762.319 704.0 
762.203 705.0 
762.899 706.0 
761.275 707.0 
761.623 708.0 
761.971 709.0 
762.203 710.0 
762.087 711.0 
762.551 712.0 
762.667 713.0 
762.899 714.0 
760.81 715.0 
761.275 716.0 
761.855 717.0 
761.855 718.0 
761.855 719.0 
761.971 720.0 
762.435 721.0 
762.319 722.0 
762.551 723.0 
763.015 724.0 
763.015 725.0 
761.739 726.0 
761.507 727.0 
761.739 728.0 
762.087 729.0 
762.203 730.0 
762.203 731.0 
762.319 732.0 
762.551 733.0 
762.319 734.0 
762.783 735.0 
762.319 736.0 
763.131 737.0 
762.899 738.0 
760.926 739.0 
761.391 740.0 
761.275 741.0 
761.042 742.0 
761.275 743.0 
761.507 744.0 
761.855 745.0 
761.739 746.0 
761.391 747.0 
761.855 748.0 
761.739 749.0 
761.971 750.0 
761.971 751.0 
762.319 752.0 
761.971 753.0 
762.203 754.0 
761.971 755.0 
762.203 756.0 
761.971 757.0 
761.739 758.0 
762.087 759.0 
762.319 760.0 
762.203 761.0 
762.203 762.0 
762.203 763.0 
762.435 764.0 
762.551 765.0 
762.319 766.0 
762.551 767.0 
762.551 768.0 
762.551 769.0 
762.319 770.0 
762.319 771.0 
762.667 772.0 
762.783 773.0 
762.319 774.0 
762.319 775.0 
762.203 776.0 
762.319 777.0 
762.203 778.0 
762.203 779.0 
762.435 780.0 
762.319 781.0 
762.319 782.0 
761.855 783.0 
762.087 784.0 
762.319 785.0 
762.435 786.0 
762.203 787.0 
762.203 788.0 
762.203 789.0 
762.319 790.0 
762.203 791.0 
762.203 792.0 
762.435 793.0 
761.971 794.0 
761.507 795.0 
761.855 796.0 
761.739 797.0 
761.623 798.0 
761.739 799.0 
761.971 800.0 
761.623 801.0 
761.623 802.0 
761.623 803.0 
761.623 804.0 
0.098 805.0 
0.111 806.0 
0.107 807.0 
0.095 808.0 
0.071 809.0 
0.037 810.0 
-0.007 811.0 
-0.053 812.0 
-0.108 813.0 
-0.17 814.0 
-0.219 815.0 
-0.247 816.0 
-0.29 817.0 
-0.318 818.0 
-0.341 819.0 
-0.361 820.0 
-0.38 821.0 
-0.387 822.0 
-0.375 823.0 
-0.371 824.0 
-0.356 825.0 
-0.344 826.0 
-0.321 827.0 
-0.288 828.0 
-0.267 829.0 
