-0.041 257.0 
-0.028 258.0 
-0.041 259.0 
-0.05 260.0 
-0.035 261.0 
-0.02 262.0 
-0.02 263.0 
-0.02 264.0 
-0.038 265.0 
-0.047 266.0 
-0.049 267.0 
-0.04 268.0 
-0.044 269.0 
-0.048 270.0 
-0.05 271.0 
-0.049 272.0 
-0.032 273.0 
-0.035 274.0 
263.197 275.0 
257.859 276.0 
256.582 277.0 
255.422 278.0 
253.449 279.0 
251.476 280.0 
249.735 281.0 
250.548 282.0 
246.37 283.0 
245.906 284.0 
245.674 285.0 
245.441 286.0 
245.557 287.0 
245.093 288.0 
244.861 289.0 
245.441 290.0 
243.933 291.0 
244.049 292.0 
243.933 293.0 
242.076 294.0 
243.469 295.0 
243.236 296.0 
243.353 297.0 
242.656 298.0 
242.656 299.0 
242.772 300.0 
241.96 301.0 
242.656 302.0 
242.076 303.0 
242.076 304.0 
245.441 305.0 
242.076 306.0 
241.96 307.0 
241.728 308.0 
242.076 309.0 
241.496 310.0 
241.844 311.0 
241.264 312.0 
241.612 313.0 
241.264 314.0 
241.496 315.0 
241.032 316.0 
241.38 317.0 
240.916 318.0 
241.496 319.0 
241.148 320.0 
238.943 321.0 
241.032 322.0 
240.799 323.0 
241.032 324.0 
241.148 325.0 
241.728 326.0 
241.148 327.0 
241.032 328.0 
246.486 329.0 
240.916 330.0 
240.799 331.0 
243.469 332.0 
241.264 333.0 
241.264 334.0 
241.264 335.0 
240.799 336.0 
240.916 337.0 
240.916 338.0 
241.264 339.0 
240.799 340.0 
240.683 341.0 
240.799 342.0 
238.711 343.0 
240.799 344.0 
241.148 345.0 
240.451 346.0 
240.916 347.0 
239.755 348.0 
241.148 349.0 
241.032 350.0 
241.032 351.0 
241.148 352.0 
241.148 353.0 
239.987 354.0 
240.335 355.0 
240.799 356.0 
240.916 357.0 
240.799 358.0 
241.032 359.0 
241.148 360.0 
241.148 361.0 
240.799 362.0 
241.148 363.0 
240.567 364.0 
240.916 365.0 
241.148 366.0 
240.916 367.0 
241.148 368.0 
241.38 369.0 
240.799 370.0 
241.264 371.0 
241.264 372.0 
241.38 373.0 
241.38 374.0 
241.264 375.0 
242.656 376.0 
240.683 377.0 
241.032 378.0 
240.799 379.0 
240.916 380.0 
240.916 381.0 
241.264 382.0 
240.683 383.0 
240.916 384.0 
241.032 385.0 
241.38 386.0 
240.567 387.0 
240.799 388.0 
241.148 389.0 
241.148 390.0 
240.916 391.0 
240.799 392.0 
241.496 393.0 
241.032 394.0 
240.916 395.0 
241.032 396.0 
240.799 397.0 
240.916 398.0 
240.335 399.0 
240.567 400.0 
240.799 401.0 
241.264 402.0 
241.148 403.0 
240.683 404.0 
241.148 405.0 
240.683 406.0 
241.032 407.0 
240.916 408.0 
241.38 409.0 
240.916 410.0 
240.799 411.0 
241.032 412.0 
241.844 413.0 
241.38 414.0 
240.799 415.0 
241.032 416.0 
240.683 417.0 
241.496 418.0 
241.032 419.0 
240.567 420.0 
240.799 421.0 
240.799 422.0 
241.38 423.0 
240.799 424.0 
240.683 425.0 
241.496 426.0 
241.148 427.0 
241.032 428.0 
240.799 429.0 
240.799 430.0 
241.148 431.0 
241.38 432.0 
241.612 433.0 
241.032 434.0 
240.916 435.0 
240.567 436.0 
241.032 437.0 
240.799 438.0 
240.219 439.0 
240.916 440.0 
241.032 441.0 
241.032 442.0 
240.567 443.0 
241.032 444.0 
240.916 445.0 
240.799 446.0 
241.38 447.0 
241.264 448.0 
241.032 449.0 
241.728 450.0 
241.032 451.0 
240.799 452.0 
241.264 453.0 
241.148 454.0 
241.032 455.0 
239.407 456.0 
240.799 457.0 
240.799 458.0 
241.264 459.0 
241.032 460.0 
241.032 461.0 
240.799 462.0 
241.032 463.0 
240.916 464.0 
240.799 465.0 
241.264 466.0 
241.38 467.0 
240.683 468.0 
241.264 469.0 
241.148 470.0 
241.148 471.0 
240.799 472.0 
240.103 473.0 
241.496 474.0 
241.38 475.0 
240.799 476.0 
240.567 477.0 
240.799 478.0 
240.567 479.0 
240.916 480.0 
241.264 481.0 
240.799 482.0 
241.264 483.0 
241.148 484.0 
240.916 485.0 
240.567 486.0 
240.799 487.0 
241.148 488.0 
240.916 489.0 
241.032 490.0 
241.264 491.0 
241.264 492.0 
241.496 493.0 
241.496 494.0 
240.567 495.0 
240.799 496.0 
240.916 497.0 
241.496 498.0 
240.916 499.0 
241.032 500.0 
241.032 501.0 
241.148 502.0 
240.683 503.0 
240.683 504.0 
240.916 505.0 
240.916 506.0 
237.898 507.0 
244.281 508.0 
240.799 509.0 
241.38 510.0 
240.683 511.0 
240.916 512.0 
240.799 513.0 
241.38 514.0 
240.916 515.0 
240.916 516.0 
243.585 517.0 
240.335 518.0 
240.451 519.0 
240.683 520.0 
240.683 521.0 
240.799 522.0 
240.799 523.0 
240.335 524.0 
240.799 525.0 
240.916 526.0 
241.032 527.0 
240.567 528.0 
240.916 529.0 
240.335 530.0 
240.799 531.0 
241.264 532.0 
240.916 533.0 
241.264 534.0 
240.916 535.0 
240.799 536.0 
241.148 537.0 
240.335 538.0 
240.451 539.0 
240.683 540.0 
241.148 541.0 
240.335 542.0 
240.335 543.0 
240.683 544.0 
240.335 545.0 
240.799 546.0 
241.032 547.0 
240.799 548.0 
240.916 549.0 
240.683 550.0 
239.755 551.0 
240.799 552.0 
240.683 553.0 
240.567 554.0 
240.567 555.0 
240.683 556.0 
240.683 557.0 
240.451 558.0 
234.881 559.0 
240.916 560.0 
240.683 561.0 
239.871 562.0 
240.799 563.0 
240.567 564.0 
240.103 565.0 
241.264 566.0 
240.799 567.0 
240.683 568.0 
240.916 569.0 
240.799 570.0 
241.148 571.0 
240.567 572.0 
240.799 573.0 
240.567 574.0 
240.683 575.0 
243.236 576.0 
240.683 577.0 
240.567 578.0 
240.799 579.0 
240.799 580.0 
240.916 581.0 
240.683 582.0 
240.567 583.0 
240.916 584.0 
241.148 585.0 
241.148 586.0 
240.799 587.0 
241.032 588.0 
240.683 589.0 
241.032 590.0 
240.683 591.0 
240.916 592.0 
240.916 593.0 
241.032 594.0 
240.683 595.0 
240.799 596.0 
240.567 597.0 
240.799 598.0 
240.799 599.0 
240.916 600.0 
240.799 601.0 
240.567 602.0 
241.032 603.0 
240.451 604.0 
241.032 605.0 
241.032 606.0 
240.916 607.0 
240.799 608.0 
241.032 609.0 
241.496 610.0 
240.567 611.0 
241.264 612.0 
241.032 613.0 
241.38 614.0 
240.335 615.0 
240.567 616.0 
240.916 617.0 
239.987 618.0 
240.916 619.0 
237.898 620.0 
240.567 621.0 
240.799 622.0 
240.683 623.0 
240.451 624.0 
241.264 625.0 
240.567 626.0 
240.567 627.0 
240.916 628.0 
240.799 629.0 
240.683 630.0 
241.264 631.0 
240.799 632.0 
241.032 633.0 
243.236 634.0 
240.916 635.0 
240.683 636.0 
241.264 637.0 
240.799 638.0 
240.916 639.0 
241.148 640.0 
240.567 641.0 
240.335 642.0 
240.916 643.0 
240.335 644.0 
240.916 645.0 
241.148 646.0 
241.032 647.0 
240.451 648.0 
240.683 649.0 
241.032 650.0 
240.799 651.0 
239.987 652.0 
241.148 653.0 
241.612 654.0 
240.567 655.0 
240.451 656.0 
240.451 657.0 
240.916 658.0 
240.567 659.0 
241.148 660.0 
240.799 661.0 
240.916 662.0 
240.451 663.0 
240.916 664.0 
241.032 665.0 
241.032 666.0 
240.799 667.0 
241.032 668.0 
240.916 669.0 
241.032 670.0 
240.916 671.0 
240.567 672.0 
240.799 673.0 
241.496 674.0 
240.799 675.0 
240.567 676.0 
240.451 677.0 
240.916 678.0 
241.032 679.0 
241.148 680.0 
240.335 681.0 
240.916 682.0 
240.567 683.0 
240.799 684.0 
241.148 685.0 
241.496 686.0 
240.799 687.0 
240.683 688.0 
240.799 689.0 
241.032 690.0 
241.032 691.0 
241.148 692.0 
240.799 693.0 
240.799 694.0 
240.799 695.0 
240.683 696.0 
240.916 697.0 
240.567 698.0 
239.639 699.0 
240.683 700.0 
240.335 701.0 
240.799 702.0 
240.799 703.0 
240.916 704.0 
240.683 705.0 
241.148 706.0 
240.916 707.0 
240.916 708.0 
240.683 709.0 
241.032 710.0 
241.148 711.0 
241.148 712.0 
241.148 713.0 
241.148 714.0 
239.407 715.0 
240.451 716.0 
240.219 717.0 
241.148 718.0 
240.799 719.0 
240.799 720.0 
241.148 721.0 
241.148 722.0 
240.799 723.0 
241.032 724.0 
241.264 725.0 
240.451 726.0 
240.916 727.0 
240.799 728.0 
240.916 729.0 
240.916 730.0 
240.916 731.0 
240.799 732.0 
241.032 733.0 
241.264 734.0 
241.032 735.0 
240.451 736.0 
241.032 737.0 
240.916 738.0 
239.407 739.0 
240.335 740.0 
240.219 741.0 
240.451 742.0 
240.451 743.0 
240.683 744.0 
240.567 745.0 
240.799 746.0 
240.451 747.0 
240.916 748.0 
240.916 749.0 
240.799 750.0 
240.916 751.0 
240.683 752.0 
240.799 753.0 
241.032 754.0 
240.567 755.0 
240.683 756.0 
240.916 757.0 
241.148 758.0 
240.916 759.0 
240.916 760.0 
240.683 761.0 
240.683 762.0 
241.032 763.0 
240.567 764.0 
240.916 765.0 
241.148 766.0 
240.916 767.0 
241.032 768.0 
241.032 769.0 
240.799 770.0 
241.032 771.0 
240.799 772.0 
240.916 773.0 
241.264 774.0 
240.799 775.0 
240.683 776.0 
240.567 777.0 
241.032 778.0 
240.799 779.0 
240.683 780.0 
240.916 781.0 
241.032 782.0 
241.148 783.0 
240.683 784.0 
240.916 785.0 
240.683 786.0 
241.264 787.0 
240.799 788.0 
240.916 789.0 
240.799 790.0 
240.683 791.0 
240.916 792.0 
241.148 793.0 
241.148 794.0 
240.683 795.0 
240.683 796.0 
240.567 797.0 
240.916 798.0 
240.567 799.0 
240.567 800.0 
240.916 801.0 
240.916 802.0 
240.683 803.0 
240.567 804.0 
0.023 805.0 
0.035 806.0 
0.017 807.0 
0.018 808.0 
0.017 809.0 
0.017 810.0 
0.005 811.0 
0.002 812.0 
-0.006 813.0 
-0.019 814.0 
-0.029 815.0 
-0.03 816.0 
-0.03 817.0 
-0.031 818.0 
-0.034 819.0 
-0.037 820.0 
-0.04 821.0 
-0.038 822.0 
-0.038 823.0 
-0.03 824.0 
-0.038 825.0 
-0.035 826.0 
-0.031 827.0 
-0.02 828.0 
-0.023 829.0 
