-0.04 257.0 
-0.018 258.0 
-0.086 259.0 
-0.02 260.0 
-0.028 261.0 
-0.03 262.0 
-0.046 263.0 
-0.035 264.0 
-0.02 265.0 
-0.041 266.0 
-0.047 267.0 
-0.04 268.0 
-0.041 269.0 
-0.028 270.0 
-0.044 271.0 
-0.035 272.0 
-0.03 273.0 
-0.041 274.0 
142.97 275.0 
139.606 276.0 
138.263 277.0 
136.838 278.0 
135.18 279.0 
133.066 280.0 
131.22 281.0 
128.908 282.0 
125.895 283.0 
124.423 284.0 
124.061 285.0 
123.734 286.0 
123.547 287.0 
123.313 288.0 
123.103 289.0 
122.916 290.0 
122.437 291.0 
122.262 292.0 
122.099 293.0 
122.099 294.0 
121.62 295.0 
121.526 296.0 
121.491 297.0 
120.942 298.0 
120.744 299.0 
120.709 300.0 
120.218 301.0 
120.125 302.0 
119.658 303.0 
119.611 304.0 
119.506 305.0 
118.91 306.0 
117.695 307.0 
115.628 308.0 
113.362 309.0 
110.232 310.0 
106.88 311.0 
103.014 312.0 
99.545 313.0 
95.644 314.0 
91.743 315.0 
87.41 316.0 
83.696 317.0 
81.092 318.0 
80.951 319.0 
80.741 320.0 
80.578 321.0 
80.648 322.0 
80.578 323.0 
80.601 324.0 
80.578 325.0 
80.811 326.0 
80.531 327.0 
80.473 328.0 
80.636 329.0 
80.566 330.0 
80.496 331.0 
80.531 332.0 
80.578 333.0 
80.473 334.0 
80.601 335.0 
80.566 336.0 
80.566 337.0 
80.461 338.0 
80.613 339.0 
80.519 340.0 
80.519 341.0 
80.508 342.0 
80.145 343.0 
80.508 344.0 
80.508 345.0 
80.426 346.0 
80.414 347.0 
80.578 348.0 
80.578 349.0 
80.531 350.0 
80.508 351.0 
80.543 352.0 
80.496 353.0 
80.426 354.0 
80.554 355.0 
80.531 356.0 
80.613 357.0 
80.531 358.0 
80.601 359.0 
80.519 360.0 
80.554 361.0 
80.519 362.0 
80.519 363.0 
80.519 364.0 
80.519 365.0 
80.496 366.0 
80.531 367.0 
80.461 368.0 
80.496 369.0 
80.484 370.0 
80.543 371.0 
80.531 372.0 
80.566 373.0 
80.566 374.0 
80.578 375.0 
80.858 376.0 
80.391 377.0 
80.508 378.0 
80.531 379.0 
80.496 380.0 
80.508 381.0 
80.636 382.0 
80.519 383.0 
80.508 384.0 
80.484 385.0 
80.589 386.0 
80.449 387.0 
80.426 388.0 
80.519 389.0 
80.554 390.0 
80.566 391.0 
80.461 392.0 
80.566 393.0 
80.449 394.0 
80.531 395.0 
80.589 396.0 
80.437 397.0 
80.531 398.0 
80.414 399.0 
80.426 400.0 
80.543 401.0 
80.531 402.0 
80.601 403.0 
80.566 404.0 
80.519 405.0 
80.449 406.0 
80.484 407.0 
80.449 408.0 
80.496 409.0 
80.426 410.0 
80.508 411.0 
80.566 412.0 
80.94 413.0 
80.554 414.0 
80.461 415.0 
80.519 416.0 
80.449 417.0 
80.636 418.0 
80.543 419.0 
80.484 420.0 
80.519 421.0 
80.543 422.0 
80.554 423.0 
80.473 424.0 
80.508 425.0 
80.496 426.0 
80.531 427.0 
80.473 428.0 
80.496 429.0 
80.449 430.0 
80.496 431.0 
80.566 432.0 
80.554 433.0 
80.449 434.0 
80.461 435.0 
80.531 436.0 
80.613 437.0 
80.391 438.0 
80.519 439.0 
80.473 440.0 
80.496 441.0 
80.449 442.0 
80.508 443.0 
80.473 444.0 
80.449 445.0 
80.437 446.0 
80.543 447.0 
80.566 448.0 
80.531 449.0 
80.741 450.0 
80.461 451.0 
80.461 452.0 
80.414 453.0 
80.437 454.0 
80.531 455.0 
80.496 456.0 
80.508 457.0 
80.449 458.0 
80.566 459.0 
80.554 460.0 
80.461 461.0 
80.473 462.0 
80.566 463.0 
80.519 464.0 
80.508 465.0 
80.531 466.0 
80.473 467.0 
80.426 468.0 
80.508 469.0 
80.437 470.0 
80.508 471.0 
80.484 472.0 
80.554 473.0 
80.449 474.0 
80.578 475.0 
80.531 476.0 
80.437 477.0 
80.484 478.0 
80.437 479.0 
80.496 480.0 
80.589 481.0 
80.484 482.0 
80.554 483.0 
80.484 484.0 
80.531 485.0 
80.426 486.0 
80.426 487.0 
80.531 488.0 
80.531 489.0 
80.473 490.0 
80.519 491.0 
80.519 492.0 
80.461 493.0 
80.519 494.0 
80.414 495.0 
80.391 496.0 
80.484 497.0 
80.554 498.0 
80.402 499.0 
80.437 500.0 
80.508 501.0 
80.496 502.0 
80.391 503.0 
80.437 504.0 
80.461 505.0 
80.449 506.0 
80.531 507.0 
80.683 508.0 
80.402 509.0 
80.426 510.0 
80.461 511.0 
80.437 512.0 
80.473 513.0 
80.484 514.0 
80.508 515.0 
80.508 516.0 
80.531 517.0 
80.309 518.0 
80.344 519.0 
80.402 520.0 
80.379 521.0 
80.414 522.0 
80.402 523.0 
80.391 524.0 
80.402 525.0 
80.367 526.0 
80.367 527.0 
80.286 528.0 
80.321 529.0 
80.309 530.0 
80.297 531.0 
80.426 532.0 
80.426 533.0 
80.379 534.0 
80.402 535.0 
80.356 536.0 
80.309 537.0 
80.227 538.0 
80.227 539.0 
80.157 540.0 
80.297 541.0 
80.251 542.0 
80.204 543.0 
80.181 544.0 
80.134 545.0 
80.11 546.0 
80.216 547.0 
80.157 548.0 
80.099 549.0 
80.052 550.0 
80.04 551.0 
80.134 552.0 
80.064 553.0 
80.04 554.0 
79.97 555.0 
80.122 556.0 
80.075 557.0 
80.017 558.0 
79.76 559.0 
80.087 560.0 
80.04 561.0 
79.97 562.0 
80.122 563.0 
80.064 564.0 
79.982 565.0 
80.087 566.0 
80.122 567.0 
79.97 568.0 
80.087 569.0 
80.005 570.0 
80.11 571.0 
80.04 572.0 
79.994 573.0 
80.087 574.0 
80.029 575.0 
80.11 576.0 
80.017 577.0 
80.064 578.0 
80.157 579.0 
80.099 580.0 
80.134 581.0 
80.087 582.0 
80.099 583.0 
80.11 584.0 
80.216 585.0 
80.075 586.0 
80.029 587.0 
80.122 588.0 
79.994 589.0 
80.11 590.0 
80.052 591.0 
80.122 592.0 
80.04 593.0 
80.087 594.0 
79.994 595.0 
80.087 596.0 
80.005 597.0 
80.075 598.0 
80.029 599.0 
80.099 600.0 
80.181 601.0 
80.087 602.0 
80.169 603.0 
80.087 604.0 
80.169 605.0 
80.029 606.0 
80.099 607.0 
79.994 608.0 
80.064 609.0 
80.145 610.0 
80.029 611.0 
80.157 612.0 
80.029 613.0 
80.11 614.0 
80.017 615.0 
80.075 616.0 
80.181 617.0 
80.017 618.0 
80.11 619.0 
79.772 620.0 
80.064 621.0 
80.11 622.0 
80.017 623.0 
80.075 624.0 
80.145 625.0 
79.994 626.0 
80.075 627.0 
80.11 628.0 
79.994 629.0 
80.052 630.0 
80.145 631.0 
79.982 632.0 
80.11 633.0 
80.157 634.0 
80.029 635.0 
80.11 636.0 
80.157 637.0 
80.04 638.0 
80.064 639.0 
80.122 640.0 
79.982 641.0 
80.064 642.0 
80.134 643.0 
80.017 644.0 
80.052 645.0 
80.075 646.0 
80.145 647.0 
80.075 648.0 
80.075 649.0 
80.122 650.0 
79.97 651.0 
80.029 652.0 
80.099 653.0 
80.134 654.0 
79.994 655.0 
80.087 656.0 
80.064 657.0 
80.145 658.0 
80.017 659.0 
80.075 660.0 
80.134 661.0 
80.181 662.0 
80.017 663.0 
80.087 664.0 
80.11 665.0 
80.157 666.0 
80.005 667.0 
80.04 668.0 
80.11 669.0 
80.145 670.0 
80.005 671.0 
80.04 672.0 
80.075 673.0 
80.11 674.0 
80.075 675.0 
79.994 676.0 
80.017 677.0 
80.087 678.0 
80.087 679.0 
80.11 680.0 
79.959 681.0 
80.029 682.0 
80.075 683.0 
80.122 684.0 
80.145 685.0 
80.181 686.0 
79.994 687.0 
80.029 688.0 
80.064 689.0 
80.099 690.0 
80.134 691.0 
80.145 692.0 
80.017 693.0 
80.005 694.0 
80.029 695.0 
80.087 696.0 
80.145 697.0 
80.145 698.0 
79.877 699.0 
79.994 700.0 
80.029 701.0 
80.052 702.0 
80.087 703.0 
80.11 704.0 
80.122 705.0 
80.169 706.0 
79.994 707.0 
79.982 708.0 
80.04 709.0 
80.052 710.0 
80.075 711.0 
80.064 712.0 
80.122 713.0 
80.145 714.0 
80.181 715.0 
80.005 716.0 
80.017 717.0 
80.052 718.0 
80.064 719.0 
80.064 720.0 
80.075 721.0 
80.122 722.0 
80.169 723.0 
80.134 724.0 
80.192 725.0 
79.994 726.0 
79.959 727.0 
80.017 728.0 
80.017 729.0 
80.064 730.0 
80.087 731.0 
80.075 732.0 
80.064 733.0 
80.087 734.0 
80.122 735.0 
80.11 736.0 
80.145 737.0 
80.157 738.0 
79.69 739.0 
79.97 740.0 
79.982 741.0 
79.994 742.0 
80.017 743.0 
79.994 744.0 
80.029 745.0 
80.017 746.0 
80.04 747.0 
79.982 748.0 
80.052 749.0 
80.029 750.0 
80.04 751.0 
80.064 752.0 
80.052 753.0 
80.075 754.0 
80.029 755.0 
80.064 756.0 
80.075 757.0 
80.052 758.0 
80.075 759.0 
80.064 760.0 
80.087 761.0 
80.122 762.0 
80.064 763.0 
80.087 764.0 
80.087 765.0 
80.087 766.0 
80.11 767.0 
80.087 768.0 
80.099 769.0 
80.087 770.0 
80.11 771.0 
80.064 772.0 
80.099 773.0 
80.075 774.0 
80.099 775.0 
80.11 776.0 
80.11 777.0 
80.11 778.0 
80.087 779.0 
80.099 780.0 
80.052 781.0 
80.11 782.0 
80.064 783.0 
80.064 784.0 
80.11 785.0 
80.087 786.0 
80.052 787.0 
80.064 788.0 
80.099 789.0 
80.075 790.0 
80.064 791.0 
80.099 792.0 
80.075 793.0 
80.064 794.0 
80.064 795.0 
80.099 796.0 
80.087 797.0 
80.099 798.0 
80.075 799.0 
80.099 800.0 
80.087 801.0 
80.099 802.0 
80.087 803.0 
80.099 804.0 
0.01 805.0 
0.005 806.0 
0.001 807.0 
0.001 808.0 
0.012 809.0 
0.007 810.0 
0.0 811.0 
0.001 812.0 
-0.004 813.0 
-0.004 814.0 
-0.001 815.0 
-0.004 816.0 
-0.012 817.0 
-0.017 818.0 
-0.007 819.0 
-0.01 820.0 
-0.025 821.0 
-0.007 822.0 
-0.018 823.0 
-0.028 824.0 
-0.025 825.0 
-0.023 826.0 
-0.025 827.0 
-0.025 828.0 
-0.025 829.0 
