-0.02 257.0 
-0.05 258.0 
-0.047 259.0 
-0.03 260.0 
-0.018 261.0 
-0.025 262.0 
-0.016 263.0 
-0.02 264.0 
-0.046 265.0 
-0.038 266.0 
-0.005 267.0 
-0.031 268.0 
-0.047 269.0 
-0.023 270.0 
-0.014 271.0 
-0.022 272.0 
-0.024 273.0 
-0.02 274.0 
143.309 275.0 
140.155 276.0 
139.069 277.0 
137.469 278.0 
135.682 279.0 
133.44 280.0 
131.536 281.0 
129.083 282.0 
125.614 283.0 
124.318 284.0 
123.862 285.0 
123.465 286.0 
123.29 287.0 
122.951 288.0 
122.683 289.0 
122.461 290.0 
121.912 291.0 
121.678 292.0 
121.538 293.0 
121.41 294.0 
120.896 295.0 
120.779 296.0 
120.72 297.0 
120.183 298.0 
119.961 299.0 
119.938 300.0 
119.377 301.0 
119.319 302.0 
118.898 303.0 
118.77 304.0 
118.677 305.0 
118.069 306.0 
116.913 307.0 
114.705 308.0 
112.136 309.0 
108.831 310.0 
105.584 311.0 
101.905 312.0 
98.097 313.0 
93.846 314.0 
89.968 315.0 
86.02 316.0 
82.365 317.0 
79.608 318.0 
79.433 319.0 
79.176 320.0 
78.919 321.0 
79.013 322.0 
78.861 323.0 
78.942 324.0 
78.849 325.0 
78.662 326.0 
78.861 327.0 
78.767 328.0 
78.907 329.0 
78.884 330.0 
78.802 331.0 
78.872 332.0 
78.861 333.0 
78.767 334.0 
79.001 335.0 
78.826 336.0 
78.837 337.0 
78.756 338.0 
78.907 339.0 
78.779 340.0 
78.767 341.0 
78.779 342.0 
78.942 343.0 
78.826 344.0 
78.802 345.0 
78.791 346.0 
78.744 347.0 
78.872 348.0 
78.837 349.0 
78.814 350.0 
78.802 351.0 
78.861 352.0 
78.791 353.0 
78.65 354.0 
78.861 355.0 
78.849 356.0 
78.849 357.0 
78.791 358.0 
78.896 359.0 
78.814 360.0 
78.861 361.0 
78.779 362.0 
78.826 363.0 
78.744 364.0 
78.802 365.0 
78.779 366.0 
78.814 367.0 
78.767 368.0 
78.779 369.0 
78.814 370.0 
78.814 371.0 
78.849 372.0 
78.826 373.0 
78.884 374.0 
78.861 375.0 
78.884 376.0 
78.65 377.0 
78.791 378.0 
78.767 379.0 
78.791 380.0 
78.779 381.0 
78.861 382.0 
78.767 383.0 
78.756 384.0 
78.767 385.0 
78.872 386.0 
78.744 387.0 
78.732 388.0 
78.791 389.0 
78.826 390.0 
78.802 391.0 
78.767 392.0 
78.849 393.0 
78.697 394.0 
78.791 395.0 
78.896 396.0 
78.721 397.0 
78.802 398.0 
78.697 399.0 
78.721 400.0 
78.861 401.0 
78.802 402.0 
78.896 403.0 
78.814 404.0 
78.767 405.0 
78.756 406.0 
78.837 407.0 
78.767 408.0 
78.802 409.0 
78.744 410.0 
78.802 411.0 
78.896 412.0 
79.094 413.0 
78.826 414.0 
78.802 415.0 
78.802 416.0 
78.744 417.0 
78.942 418.0 
78.826 419.0 
78.744 420.0 
78.779 421.0 
78.814 422.0 
78.837 423.0 
78.779 424.0 
78.744 425.0 
78.814 426.0 
78.872 427.0 
78.732 428.0 
78.779 429.0 
78.732 430.0 
78.791 431.0 
78.802 432.0 
78.826 433.0 
78.721 434.0 
78.756 435.0 
78.791 436.0 
78.966 437.0 
78.709 438.0 
78.779 439.0 
78.779 440.0 
78.779 441.0 
78.732 442.0 
78.756 443.0 
78.744 444.0 
78.756 445.0 
78.732 446.0 
78.826 447.0 
78.849 448.0 
78.826 449.0 
78.814 450.0 
78.767 451.0 
78.767 452.0 
78.709 453.0 
78.686 454.0 
78.814 455.0 
78.802 456.0 
78.709 457.0 
78.721 458.0 
78.791 459.0 
78.826 460.0 
78.779 461.0 
78.744 462.0 
78.814 463.0 
78.802 464.0 
78.802 465.0 
78.849 466.0 
78.732 467.0 
78.721 468.0 
78.814 469.0 
78.756 470.0 
78.767 471.0 
78.814 472.0 
78.837 473.0 
78.779 474.0 
78.849 475.0 
78.779 476.0 
78.709 477.0 
78.767 478.0 
78.686 479.0 
78.767 480.0 
78.837 481.0 
78.756 482.0 
78.837 483.0 
78.756 484.0 
78.791 485.0 
78.721 486.0 
78.756 487.0 
78.837 488.0 
78.779 489.0 
78.756 490.0 
78.826 491.0 
78.826 492.0 
78.779 493.0 
78.802 494.0 
78.721 495.0 
78.732 496.0 
78.791 497.0 
78.814 498.0 
78.686 499.0 
78.697 500.0 
78.767 501.0 
78.826 502.0 
78.674 503.0 
78.709 504.0 
78.732 505.0 
78.744 506.0 
78.872 507.0 
79.083 508.0 
78.662 509.0 
78.709 510.0 
78.744 511.0 
78.756 512.0 
78.767 513.0 
78.744 514.0 
78.767 515.0 
78.791 516.0 
78.779 517.0 
78.674 518.0 
78.615 519.0 
78.639 520.0 
78.65 521.0 
78.639 522.0 
78.627 523.0 
78.662 524.0 
78.639 525.0 
78.65 526.0 
78.627 527.0 
78.557 528.0 
78.58 529.0 
78.545 530.0 
78.569 531.0 
78.709 532.0 
78.697 533.0 
78.58 534.0 
78.604 535.0 
78.592 536.0 
78.534 537.0 
78.487 538.0 
78.429 539.0 
78.417 540.0 
78.475 541.0 
78.452 542.0 
78.394 543.0 
78.347 544.0 
78.323 545.0 
78.265 546.0 
78.37 547.0 
78.312 548.0 
78.288 549.0 
78.242 550.0 
78.207 551.0 
78.288 552.0 
78.253 553.0 
78.195 554.0 
78.172 555.0 
78.277 556.0 
78.253 557.0 
78.16 558.0 
77.739 559.0 
78.218 560.0 
78.195 561.0 
78.148 562.0 
78.23 563.0 
78.207 564.0 
78.102 565.0 
78.277 566.0 
78.323 567.0 
78.113 568.0 
78.23 569.0 
78.148 570.0 
78.288 571.0 
78.183 572.0 
78.16 573.0 
78.183 574.0 
78.195 575.0 
78.277 576.0 
78.207 577.0 
78.207 578.0 
78.277 579.0 
78.207 580.0 
78.3 581.0 
78.23 582.0 
78.277 583.0 
78.265 584.0 
78.335 585.0 
78.277 586.0 
78.207 587.0 
78.265 588.0 
78.195 589.0 
78.265 590.0 
78.183 591.0 
78.253 592.0 
78.218 593.0 
78.207 594.0 
78.183 595.0 
78.265 596.0 
78.183 597.0 
78.265 598.0 
78.207 599.0 
78.23 600.0 
78.347 601.0 
78.242 602.0 
78.335 603.0 
78.23 604.0 
78.312 605.0 
78.218 606.0 
78.265 607.0 
78.148 608.0 
78.265 609.0 
78.312 610.0 
78.23 611.0 
78.312 612.0 
78.207 613.0 
78.277 614.0 
78.16 615.0 
78.253 616.0 
78.3 617.0 
78.172 618.0 
78.253 619.0 
77.868 620.0 
78.195 621.0 
78.253 622.0 
78.16 623.0 
78.253 624.0 
78.323 625.0 
78.16 626.0 
78.253 627.0 
78.3 628.0 
78.183 629.0 
78.242 630.0 
78.323 631.0 
78.125 632.0 
78.288 633.0 
78.312 634.0 
78.183 635.0 
78.288 636.0 
78.277 637.0 
78.16 638.0 
78.242 639.0 
78.312 640.0 
78.207 641.0 
78.218 642.0 
78.265 643.0 
78.125 644.0 
78.207 645.0 
78.253 646.0 
78.3 647.0 
78.195 648.0 
78.218 649.0 
78.288 650.0 
78.16 651.0 
78.195 652.0 
78.207 653.0 
78.277 654.0 
78.148 655.0 
78.218 656.0 
78.195 657.0 
78.3 658.0 
78.195 659.0 
78.253 660.0 
78.277 661.0 
78.312 662.0 
78.113 663.0 
78.23 664.0 
78.288 665.0 
78.312 666.0 
78.207 667.0 
78.218 668.0 
78.23 669.0 
78.3 670.0 
78.172 671.0 
78.195 672.0 
78.23 673.0 
78.265 674.0 
78.3 675.0 
78.137 676.0 
78.183 677.0 
78.23 678.0 
78.242 679.0 
78.312 680.0 
78.148 681.0 
78.172 682.0 
78.23 683.0 
78.265 684.0 
78.3 685.0 
78.323 686.0 
78.172 687.0 
78.207 688.0 
78.253 689.0 
78.242 690.0 
78.323 691.0 
78.323 692.0 
78.172 693.0 
78.172 694.0 
78.23 695.0 
78.23 696.0 
78.253 697.0 
78.253 698.0 
77.88 699.0 
78.183 700.0 
78.195 701.0 
78.148 702.0 
78.253 703.0 
78.265 704.0 
78.3 705.0 
78.335 706.0 
78.137 707.0 
78.16 708.0 
78.172 709.0 
78.195 710.0 
78.242 711.0 
78.288 712.0 
78.242 713.0 
78.288 714.0 
78.335 715.0 
78.16 716.0 
78.16 717.0 
78.183 718.0 
78.183 719.0 
78.207 720.0 
78.218 721.0 
78.265 722.0 
78.312 723.0 
78.277 724.0 
78.3 725.0 
78.16 726.0 
78.137 727.0 
78.16 728.0 
78.207 729.0 
78.23 730.0 
78.23 731.0 
78.253 732.0 
78.265 733.0 
78.23 734.0 
78.277 735.0 
78.312 736.0 
78.3 737.0 
78.312 738.0 
77.88 739.0 
78.16 740.0 
78.16 741.0 
78.137 742.0 
78.125 743.0 
78.172 744.0 
78.195 745.0 
78.148 746.0 
78.195 747.0 
78.195 748.0 
78.207 749.0 
78.207 750.0 
78.218 751.0 
78.242 752.0 
78.207 753.0 
78.172 754.0 
78.218 755.0 
78.23 756.0 
78.23 757.0 
78.23 758.0 
78.218 759.0 
78.23 760.0 
78.265 761.0 
78.218 762.0 
78.242 763.0 
78.253 764.0 
78.277 765.0 
78.253 766.0 
78.23 767.0 
78.242 768.0 
78.253 769.0 
78.253 770.0 
78.23 771.0 
78.253 772.0 
78.242 773.0 
78.23 774.0 
78.253 775.0 
78.23 776.0 
78.265 777.0 
78.288 778.0 
78.242 779.0 
78.207 780.0 
78.242 781.0 
78.218 782.0 
78.23 783.0 
78.253 784.0 
78.242 785.0 
78.242 786.0 
78.23 787.0 
78.253 788.0 
78.242 789.0 
78.253 790.0 
78.242 791.0 
78.242 792.0 
78.242 793.0 
78.218 794.0 
78.265 795.0 
78.242 796.0 
78.253 797.0 
78.195 798.0 
78.218 799.0 
78.242 800.0 
78.23 801.0 
78.218 802.0 
78.242 803.0 
78.253 804.0 
0.0 805.0 
0.005 806.0 
0.004 807.0 
0.007 808.0 
-0.006 809.0 
0.007 810.0 
0.004 811.0 
0.004 812.0 
0.005 813.0 
-0.002 814.0 
-0.002 815.0 
0.001 816.0 
0.001 817.0 
-0.004 818.0 
-0.011 819.0 
-0.004 820.0 
-0.008 821.0 
-0.018 822.0 
-0.016 823.0 
-0.016 824.0 
-0.019 825.0 
-0.02 826.0 
-0.019 827.0 
-0.024 828.0 
-0.031 829.0 
