-0.042 257.0 
-0.043 258.0 
-0.048 259.0 
-0.034 260.0 
-0.016 261.0 
-0.04 262.0 
-0.028 263.0 
-0.024 264.0 
-0.023 265.0 
-0.031 266.0 
-0.023 267.0 
-0.032 268.0 
-0.01 269.0 
-0.02 270.0 
-0.032 271.0 
-0.035 272.0 
-0.034 273.0 
-0.004 274.0 
140.646 275.0 
137.901 276.0 
136.733 277.0 
135.285 278.0 
133.837 279.0 
132.202 280.0 
130.788 281.0 
128.698 282.0 
126.023 283.0 
125.089 284.0 
124.703 285.0 
124.388 286.0 
124.248 287.0 
123.886 288.0 
123.675 289.0 
123.01 290.0 
122.858 291.0 
122.601 292.0 
122.356 293.0 
122.286 294.0 
121.807 295.0 
121.655 296.0 
121.526 297.0 
120.989 298.0 
120.872 299.0 
120.802 300.0 
120.253 301.0 
120.148 302.0 
119.693 303.0 
119.634 304.0 
119.517 305.0 
118.91 306.0 
117.695 307.0 
115.5 308.0 
112.989 309.0 
109.555 310.0 
105.922 311.0 
101.811 312.0 
98.004 313.0 
93.927 314.0 
89.91 315.0 
85.927 316.0 
82.154 317.0 
79.316 318.0 
79.234 319.0 
78.978 320.0 
78.919 321.0 
78.884 322.0 
78.779 323.0 
78.849 324.0 
78.791 325.0 
78.662 326.0 
78.779 327.0 
78.732 328.0 
78.872 329.0 
78.779 330.0 
78.697 331.0 
78.978 332.0 
78.791 333.0 
78.709 334.0 
78.744 335.0 
78.767 336.0 
78.767 337.0 
78.674 338.0 
78.919 339.0 
78.744 340.0 
78.721 341.0 
78.709 342.0 
78.966 343.0 
78.779 344.0 
78.744 345.0 
78.709 346.0 
78.674 347.0 
78.744 348.0 
78.791 349.0 
78.767 350.0 
78.709 351.0 
78.779 352.0 
78.709 353.0 
78.662 354.0 
78.791 355.0 
78.721 356.0 
78.802 357.0 
78.744 358.0 
78.779 359.0 
78.721 360.0 
78.802 361.0 
78.732 362.0 
78.756 363.0 
78.686 364.0 
78.697 365.0 
78.744 366.0 
78.744 367.0 
78.674 368.0 
78.744 369.0 
78.709 370.0 
78.744 371.0 
78.744 372.0 
78.756 373.0 
78.814 374.0 
78.791 375.0 
79.048 376.0 
78.65 377.0 
78.709 378.0 
78.732 379.0 
78.709 380.0 
78.686 381.0 
78.791 382.0 
78.721 383.0 
78.721 384.0 
78.662 385.0 
78.791 386.0 
78.721 387.0 
78.674 388.0 
78.756 389.0 
78.767 390.0 
78.744 391.0 
78.686 392.0 
78.802 393.0 
78.65 394.0 
78.744 395.0 
78.837 396.0 
78.662 397.0 
78.744 398.0 
78.615 399.0 
78.662 400.0 
78.802 401.0 
78.756 402.0 
78.826 403.0 
78.767 404.0 
78.744 405.0 
78.65 406.0 
78.732 407.0 
78.709 408.0 
78.756 409.0 
78.697 410.0 
78.732 411.0 
78.756 412.0 
79.059 413.0 
78.779 414.0 
78.697 415.0 
78.721 416.0 
78.697 417.0 
78.802 418.0 
78.721 419.0 
78.662 420.0 
78.732 421.0 
78.721 422.0 
78.802 423.0 
78.709 424.0 
78.697 425.0 
78.732 426.0 
78.767 427.0 
78.697 428.0 
78.721 429.0 
78.662 430.0 
78.744 431.0 
78.744 432.0 
78.756 433.0 
78.662 434.0 
78.686 435.0 
78.721 436.0 
78.756 437.0 
78.639 438.0 
78.721 439.0 
78.697 440.0 
78.674 441.0 
78.662 442.0 
78.686 443.0 
78.732 444.0 
78.686 445.0 
78.65 446.0 
78.814 447.0 
78.744 448.0 
78.756 449.0 
79.036 450.0 
78.674 451.0 
78.709 452.0 
78.674 453.0 
78.662 454.0 
78.732 455.0 
78.732 456.0 
78.674 457.0 
78.639 458.0 
78.756 459.0 
78.779 460.0 
78.697 461.0 
78.662 462.0 
78.802 463.0 
78.779 464.0 
78.721 465.0 
78.779 466.0 
78.709 467.0 
78.65 468.0 
78.767 469.0 
78.697 470.0 
78.697 471.0 
78.709 472.0 
78.814 473.0 
78.709 474.0 
78.802 475.0 
78.709 476.0 
78.615 477.0 
78.721 478.0 
78.65 479.0 
78.709 480.0 
78.791 481.0 
78.721 482.0 
78.767 483.0 
78.697 484.0 
78.732 485.0 
78.65 486.0 
78.662 487.0 
78.744 488.0 
78.709 489.0 
78.709 490.0 
78.767 491.0 
78.744 492.0 
78.697 493.0 
78.744 494.0 
78.639 495.0 
78.604 496.0 
78.709 497.0 
78.767 498.0 
78.639 499.0 
78.627 500.0 
78.697 501.0 
78.732 502.0 
78.604 503.0 
78.639 504.0 
78.697 505.0 
78.697 506.0 
78.65 507.0 
78.779 508.0 
78.639 509.0 
78.639 510.0 
78.639 511.0 
78.639 512.0 
78.674 513.0 
78.709 514.0 
78.709 515.0 
78.709 516.0 
79.001 517.0 
78.51 518.0 
78.58 519.0 
78.592 520.0 
78.58 521.0 
78.627 522.0 
78.58 523.0 
78.627 524.0 
78.604 525.0 
78.615 526.0 
78.615 527.0 
78.51 528.0 
78.534 529.0 
78.534 530.0 
78.487 531.0 
78.674 532.0 
78.615 533.0 
78.569 534.0 
78.557 535.0 
78.51 536.0 
78.487 537.0 
78.382 538.0 
78.394 539.0 
78.347 540.0 
78.452 541.0 
78.405 542.0 
78.394 543.0 
78.37 544.0 
78.312 545.0 
78.277 546.0 
78.37 547.0 
78.37 548.0 
78.265 549.0 
78.23 550.0 
78.172 551.0 
78.288 552.0 
78.253 553.0 
78.172 554.0 
78.16 555.0 
78.288 556.0 
78.242 557.0 
78.207 558.0 
77.88 559.0 
78.23 560.0 
78.218 561.0 
78.137 562.0 
78.3 563.0 
78.207 564.0 
78.113 565.0 
78.277 566.0 
78.3 567.0 
78.183 568.0 
78.265 569.0 
78.195 570.0 
78.3 571.0 
78.23 572.0 
78.148 573.0 
78.23 574.0 
78.183 575.0 
78.277 576.0 
78.23 577.0 
78.242 578.0 
78.312 579.0 
78.23 580.0 
78.323 581.0 
78.288 582.0 
78.277 583.0 
78.265 584.0 
78.37 585.0 
78.3 586.0 
78.218 587.0 
78.288 588.0 
78.218 589.0 
78.277 590.0 
78.183 591.0 
78.277 592.0 
78.207 593.0 
78.183 594.0 
78.207 595.0 
78.265 596.0 
78.195 597.0 
78.277 598.0 
78.207 599.0 
78.288 600.0 
78.347 601.0 
78.253 602.0 
78.347 603.0 
78.242 604.0 
78.312 605.0 
78.207 606.0 
78.277 607.0 
78.16 608.0 
78.253 609.0 
78.323 610.0 
78.23 611.0 
78.3 612.0 
78.172 613.0 
78.265 614.0 
78.172 615.0 
78.242 616.0 
78.312 617.0 
78.16 618.0 
78.253 619.0 
77.961 620.0 
78.207 621.0 
78.265 622.0 
78.195 623.0 
78.242 624.0 
78.335 625.0 
78.195 626.0 
78.277 627.0 
78.335 628.0 
78.23 629.0 
78.288 630.0 
78.323 631.0 
78.16 632.0 
78.312 633.0 
78.335 634.0 
78.218 635.0 
78.277 636.0 
78.323 637.0 
78.195 638.0 
78.242 639.0 
78.335 640.0 
78.183 641.0 
78.242 642.0 
78.288 643.0 
78.172 644.0 
78.218 645.0 
78.3 646.0 
78.323 647.0 
78.195 648.0 
78.23 649.0 
78.323 650.0 
78.172 651.0 
78.183 652.0 
78.253 653.0 
78.3 654.0 
78.172 655.0 
78.218 656.0 
78.253 657.0 
78.288 658.0 
78.207 659.0 
78.242 660.0 
78.3 661.0 
78.37 662.0 
78.16 663.0 
78.23 664.0 
78.288 665.0 
78.323 666.0 
78.183 667.0 
78.242 668.0 
78.277 669.0 
78.347 670.0 
78.16 671.0 
78.195 672.0 
78.242 673.0 
78.253 674.0 
78.277 675.0 
78.16 676.0 
78.218 677.0 
78.218 678.0 
78.23 679.0 
78.277 680.0 
78.172 681.0 
78.207 682.0 
78.253 683.0 
78.277 684.0 
78.323 685.0 
78.359 686.0 
78.183 687.0 
78.218 688.0 
78.288 689.0 
78.312 690.0 
78.312 691.0 
78.359 692.0 
78.137 693.0 
78.195 694.0 
78.207 695.0 
78.277 696.0 
78.253 697.0 
78.277 698.0 
77.996 699.0 
78.16 700.0 
78.195 701.0 
78.265 702.0 
78.277 703.0 
78.242 704.0 
78.3 705.0 
78.323 706.0 
78.125 707.0 
78.183 708.0 
78.195 709.0 
78.23 710.0 
78.23 711.0 
78.253 712.0 
78.265 713.0 
78.288 714.0 
78.359 715.0 
78.148 716.0 
78.183 717.0 
78.183 718.0 
78.218 719.0 
78.253 720.0 
78.265 721.0 
78.312 722.0 
78.312 723.0 
78.312 724.0 
78.288 725.0 
78.137 726.0 
78.207 727.0 
78.183 728.0 
78.207 729.0 
78.277 730.0 
78.23 731.0 
78.265 732.0 
78.277 733.0 
78.253 734.0 
78.323 735.0 
78.288 736.0 
78.323 737.0 
78.312 738.0 
77.95 739.0 
78.125 740.0 
78.113 741.0 
78.172 742.0 
78.183 743.0 
78.16 744.0 
78.183 745.0 
78.218 746.0 
78.195 747.0 
78.125 748.0 
78.195 749.0 
78.218 750.0 
78.195 751.0 
78.207 752.0 
78.207 753.0 
78.218 754.0 
78.265 755.0 
78.218 756.0 
78.23 757.0 
78.23 758.0 
78.265 759.0 
78.242 760.0 
78.218 761.0 
78.242 762.0 
78.3 763.0 
78.265 764.0 
78.242 765.0 
78.265 766.0 
78.265 767.0 
78.277 768.0 
78.265 769.0 
78.253 770.0 
78.253 771.0 
78.253 772.0 
78.242 773.0 
78.242 774.0 
78.277 775.0 
78.253 776.0 
78.265 777.0 
78.218 778.0 
78.242 779.0 
78.242 780.0 
78.242 781.0 
78.253 782.0 
78.265 783.0 
78.253 784.0 
78.253 785.0 
78.253 786.0 
78.265 787.0 
78.253 788.0 
78.253 789.0 
78.277 790.0 
78.265 791.0 
78.253 792.0 
78.242 793.0 
78.265 794.0 
78.277 795.0 
78.242 796.0 
78.23 797.0 
78.242 798.0 
78.23 799.0 
78.265 800.0 
78.218 801.0 
78.253 802.0 
78.277 803.0 
78.242 804.0 
0.012 805.0 
0.007 806.0 
0.007 807.0 
-0.001 808.0 
0.011 809.0 
0.014 810.0 
-0.002 811.0 
-0.006 812.0 
0.005 813.0 
-0.001 814.0 
-0.004 815.0 
-0.019 816.0 
-0.023 817.0 
-0.014 818.0 
-0.018 819.0 
-0.025 820.0 
-0.036 821.0 
-0.034 822.0 
-0.018 823.0 
-0.026 824.0 
-0.024 825.0 
-0.032 826.0 
-0.023 827.0 
-0.023 828.0 
-0.024 829.0 
