-0.031 257.0 
-0.02 258.0 
-0.035 259.0 
-0.047 260.0 
-0.047 261.0 
-0.018 262.0 
-0.031 263.0 
-0.034 264.0 
-0.036 265.0 
-0.132 266.0 
-0.026 267.0 
-0.026 268.0 
-0.035 269.0 
-0.034 270.0 
-0.022 271.0 
-0.03 272.0 
-0.05 273.0 
-0.048 274.0 
142.304 275.0 
138.765 276.0 
137.726 277.0 
136.254 278.0 
134.572 279.0 
132.599 280.0 
130.94 281.0 
128.324 282.0 
126.268 283.0 
125.17 284.0 
124.762 285.0 
124.47 286.0 
124.353 287.0 
124.084 288.0 
123.804 289.0 
123.185 290.0 
122.998 291.0 
122.834 292.0 
122.694 293.0 
122.18 294.0 
122.017 295.0 
121.9 296.0 
121.83 297.0 
121.351 298.0 
121.129 299.0 
120.779 300.0 
120.51 301.0 
120.417 302.0 
119.891 303.0 
119.809 304.0 
119.471 305.0 
119.015 306.0 
117.871 307.0 
115.57 308.0 
112.848 309.0 
109.216 310.0 
105.467 311.0 
101.519 312.0 
97.209 313.0 
92.841 314.0 
88.788 315.0 
84.969 316.0 
81.652 317.0 
79.024 318.0 
78.849 319.0 
78.65 320.0 
78.487 321.0 
78.522 322.0 
78.394 323.0 
78.464 324.0 
78.417 325.0 
78.335 326.0 
78.429 327.0 
78.323 328.0 
78.312 329.0 
78.405 330.0 
78.382 331.0 
78.347 332.0 
78.452 333.0 
78.359 334.0 
78.242 335.0 
78.417 336.0 
78.405 337.0 
78.323 338.0 
78.405 339.0 
78.37 340.0 
78.335 341.0 
78.312 342.0 
78.359 343.0 
78.394 344.0 
78.359 345.0 
78.323 346.0 
78.288 347.0 
78.323 348.0 
78.429 349.0 
78.405 350.0 
78.347 351.0 
78.405 352.0 
78.37 353.0 
78.312 354.0 
78.3 355.0 
78.394 356.0 
78.44 357.0 
78.394 358.0 
78.44 359.0 
78.347 360.0 
78.405 361.0 
78.335 362.0 
78.382 363.0 
78.277 364.0 
78.323 365.0 
78.405 366.0 
78.37 367.0 
78.347 368.0 
78.335 369.0 
78.359 370.0 
78.37 371.0 
78.44 372.0 
78.405 373.0 
78.405 374.0 
78.405 375.0 
78.464 376.0 
78.312 377.0 
78.347 378.0 
78.347 379.0 
78.347 380.0 
78.347 381.0 
78.347 382.0 
78.347 383.0 
78.323 384.0 
78.335 385.0 
78.417 386.0 
78.312 387.0 
78.277 388.0 
78.394 389.0 
78.697 390.0 
78.382 391.0 
78.347 392.0 
78.44 393.0 
78.288 394.0 
78.347 395.0 
78.475 396.0 
78.312 397.0 
78.37 398.0 
78.218 399.0 
78.3 400.0 
78.417 401.0 
78.347 402.0 
78.464 403.0 
78.37 404.0 
78.359 405.0 
78.335 406.0 
78.359 407.0 
78.312 408.0 
78.359 409.0 
78.277 410.0 
78.382 411.0 
78.405 412.0 
78.499 413.0 
78.382 414.0 
78.323 415.0 
78.394 416.0 
78.3 417.0 
78.394 418.0 
78.394 419.0 
78.323 420.0 
78.312 421.0 
78.37 422.0 
78.417 423.0 
78.335 424.0 
78.37 425.0 
78.382 426.0 
78.44 427.0 
78.3 428.0 
78.335 429.0 
78.37 430.0 
78.382 431.0 
78.417 432.0 
78.429 433.0 
78.312 434.0 
78.3 435.0 
78.323 436.0 
78.323 437.0 
78.323 438.0 
78.277 439.0 
78.277 440.0 
78.288 441.0 
78.288 442.0 
78.335 443.0 
78.323 444.0 
78.312 445.0 
78.312 446.0 
78.417 447.0 
78.44 448.0 
78.627 449.0 
78.51 450.0 
78.347 451.0 
78.323 452.0 
78.323 453.0 
78.265 454.0 
78.335 455.0 
78.137 456.0 
78.312 457.0 
78.323 458.0 
78.382 459.0 
78.37 460.0 
78.359 461.0 
78.323 462.0 
78.394 463.0 
78.312 464.0 
78.335 465.0 
78.44 466.0 
78.37 467.0 
78.277 468.0 
78.382 469.0 
78.323 470.0 
78.3 471.0 
78.347 472.0 
78.265 473.0 
78.359 474.0 
78.417 475.0 
78.347 476.0 
78.288 477.0 
78.335 478.0 
78.242 479.0 
78.359 480.0 
78.44 481.0 
78.347 482.0 
78.417 483.0 
78.323 484.0 
78.347 485.0 
78.277 486.0 
78.347 487.0 
78.394 488.0 
78.323 489.0 
78.335 490.0 
78.394 491.0 
78.335 492.0 
78.359 493.0 
78.359 494.0 
78.3 495.0 
78.3 496.0 
78.323 497.0 
78.382 498.0 
78.277 499.0 
78.3 500.0 
78.37 501.0 
78.347 502.0 
78.23 503.0 
78.265 504.0 
78.312 505.0 
78.335 506.0 
78.277 507.0 
78.323 508.0 
78.172 509.0 
78.277 510.0 
78.312 511.0 
78.312 512.0 
78.323 513.0 
78.323 514.0 
78.335 515.0 
78.3 516.0 
78.709 517.0 
78.172 518.0 
78.183 519.0 
78.242 520.0 
78.23 521.0 
78.207 522.0 
78.207 523.0 
78.218 524.0 
78.218 525.0 
78.207 526.0 
78.195 527.0 
78.183 528.0 
78.172 529.0 
78.16 530.0 
78.137 531.0 
78.288 532.0 
78.499 533.0 
78.195 534.0 
78.183 535.0 
78.148 536.0 
78.16 537.0 
78.043 538.0 
78.031 539.0 
78.008 540.0 
78.148 541.0 
78.02 542.0 
78.055 543.0 
78.008 544.0 
77.938 545.0 
77.938 546.0 
78.02 547.0 
77.961 548.0 
77.95 549.0 
77.903 550.0 
77.856 551.0 
77.973 552.0 
77.915 553.0 
77.88 554.0 
77.845 555.0 
77.95 556.0 
77.915 557.0 
77.845 558.0 
77.576 559.0 
77.95 560.0 
77.891 561.0 
77.798 562.0 
77.938 563.0 
77.81 564.0 
77.81 565.0 
77.95 566.0 
77.938 567.0 
77.798 568.0 
77.833 569.0 
77.856 570.0 
77.95 571.0 
77.903 572.0 
77.81 573.0 
77.915 574.0 
77.821 575.0 
78.288 576.0 
77.868 577.0 
77.891 578.0 
77.961 579.0 
77.891 580.0 
77.996 581.0 
77.903 582.0 
77.985 583.0 
77.95 584.0 
77.494 585.0 
77.95 586.0 
77.88 587.0 
77.961 588.0 
77.868 589.0 
77.938 590.0 
77.891 591.0 
78.008 592.0 
77.88 593.0 
77.903 594.0 
77.88 595.0 
77.915 596.0 
77.88 597.0 
77.891 598.0 
77.845 599.0 
77.926 600.0 
78.043 601.0 
77.903 602.0 
77.973 603.0 
77.915 604.0 
77.973 605.0 
77.88 606.0 
77.938 607.0 
77.868 608.0 
77.95 609.0 
78.008 610.0 
77.926 611.0 
77.985 612.0 
77.868 613.0 
77.973 614.0 
77.856 615.0 
77.868 616.0 
77.996 617.0 
77.81 618.0 
77.926 619.0 
77.716 620.0 
77.903 621.0 
77.915 622.0 
77.833 623.0 
77.926 624.0 
77.996 625.0 
77.856 626.0 
77.915 627.0 
77.996 628.0 
77.856 629.0 
77.95 630.0 
78.02 631.0 
77.891 632.0 
77.938 633.0 
78.23 634.0 
77.868 635.0 
77.95 636.0 
77.996 637.0 
77.856 638.0 
77.88 639.0 
78.031 640.0 
77.845 641.0 
77.845 642.0 
77.95 643.0 
77.856 644.0 
77.891 645.0 
77.95 646.0 
77.996 647.0 
77.891 648.0 
77.903 649.0 
77.95 650.0 
77.833 651.0 
77.798 652.0 
77.926 653.0 
77.961 654.0 
77.821 655.0 
77.891 656.0 
77.903 657.0 
77.961 658.0 
77.868 659.0 
77.903 660.0 
77.926 661.0 
77.95 662.0 
77.868 663.0 
77.88 664.0 
77.95 665.0 
78.02 666.0 
77.868 667.0 
77.903 668.0 
77.938 669.0 
77.985 670.0 
77.88 671.0 
77.88 672.0 
77.903 673.0 
77.938 674.0 
77.891 675.0 
77.81 676.0 
77.891 677.0 
77.915 678.0 
77.95 679.0 
77.973 680.0 
77.845 681.0 
77.868 682.0 
77.868 683.0 
77.95 684.0 
77.961 685.0 
78.008 686.0 
77.81 687.0 
77.88 688.0 
77.95 689.0 
77.938 690.0 
77.973 691.0 
78.008 692.0 
77.833 693.0 
77.868 694.0 
77.868 695.0 
77.961 696.0 
77.903 697.0 
77.985 698.0 
77.763 699.0 
77.856 700.0 
77.845 701.0 
77.926 702.0 
77.926 703.0 
77.961 704.0 
77.938 705.0 
78.02 706.0 
77.821 707.0 
77.868 708.0 
77.926 709.0 
77.915 710.0 
77.938 711.0 
77.95 712.0 
77.973 713.0 
77.996 714.0 
77.763 715.0 
77.845 716.0 
77.798 717.0 
77.856 718.0 
77.88 719.0 
77.903 720.0 
77.926 721.0 
77.915 722.0 
77.961 723.0 
78.02 724.0 
77.996 725.0 
77.833 726.0 
77.833 727.0 
77.856 728.0 
77.856 729.0 
77.891 730.0 
77.926 731.0 
77.903 732.0 
77.95 733.0 
77.961 734.0 
77.926 735.0 
77.95 736.0 
77.996 737.0 
78.008 738.0 
77.739 739.0 
77.81 740.0 
77.821 741.0 
77.856 742.0 
77.833 743.0 
77.81 744.0 
77.903 745.0 
77.833 746.0 
77.868 747.0 
77.868 748.0 
77.845 749.0 
77.868 750.0 
77.915 751.0 
77.915 752.0 
77.903 753.0 
77.903 754.0 
77.88 755.0 
77.845 756.0 
77.868 757.0 
77.915 758.0 
77.903 759.0 
77.88 760.0 
77.938 761.0 
77.926 762.0 
77.926 763.0 
77.903 764.0 
77.915 765.0 
77.938 766.0 
77.938 767.0 
77.95 768.0 
77.938 769.0 
77.926 770.0 
77.915 771.0 
77.938 772.0 
77.926 773.0 
77.95 774.0 
77.926 775.0 
77.915 776.0 
77.926 777.0 
77.926 778.0 
77.95 779.0 
77.926 780.0 
77.915 781.0 
77.915 782.0 
77.926 783.0 
77.926 784.0 
77.926 785.0 
77.95 786.0 
77.903 787.0 
77.903 788.0 
77.926 789.0 
77.903 790.0 
77.915 791.0 
77.938 792.0 
77.938 793.0 
77.938 794.0 
77.95 795.0 
77.915 796.0 
77.915 797.0 
77.926 798.0 
77.915 799.0 
77.938 800.0 
77.926 801.0 
77.915 802.0 
77.926 803.0 
77.926 804.0 
0.005 805.0 
0.012 806.0 
0.006 807.0 
-0.008 808.0 
-0.002 809.0 
-0.002 810.0 
-0.004 811.0 
-0.002 812.0 
-0.006 813.0 
-0.014 814.0 
-0.018 815.0 
-0.016 816.0 
-0.028 817.0 
-0.019 818.0 
-0.024 819.0 
-0.04 820.0 
-0.031 821.0 
-0.029 822.0 
-0.035 823.0 
-0.037 824.0 
-0.04 825.0 
-0.035 826.0 
-0.026 827.0 
-0.04 828.0 
-0.036 829.0 
