-0.054 257.0 
-0.035 258.0 
-0.04 259.0 
-0.055 260.0 
-0.054 261.0 
-0.019 262.0 
-0.05 263.0 
-0.061 264.0 
-0.032 265.0 
-0.067 266.0 
-0.037 267.0 
-0.032 268.0 
-0.04 269.0 
-0.055 270.0 
-0.044 271.0 
-0.043 272.0 
-0.069 273.0 
-0.044 274.0 
838.446 275.0 
834.385 276.0 
830.903 277.0 
822.084 278.0 
813.728 279.0 
806.997 280.0 
801.775 281.0 
797.133 282.0 
793.304 283.0 
791.911 284.0 
790.751 285.0 
789.358 286.0 
788.894 287.0 
787.617 288.0 
786.457 289.0 
783.44 290.0 
782.976 291.0 
782.279 292.0 
781.699 293.0 
778.566 294.0 
778.798 295.0 
778.334 296.0 
779.03 297.0 
776.361 298.0 
776.245 299.0 
774.504 300.0 
774.388 301.0 
774.62 302.0 
772.531 303.0 
773.111 304.0 
780.422 305.0 
772.067 306.0 
772.183 307.0 
770.674 308.0 
771.023 309.0 
769.398 310.0 
769.862 311.0 
768.702 312.0 
769.398 313.0 
767.541 314.0 
768.237 315.0 
767.309 316.0 
768.237 317.0 
766.961 318.0 
767.425 319.0 
766.729 320.0 
765.568 321.0 
766.497 322.0 
765.8 323.0 
766.497 324.0 
766.033 325.0 
765.22 326.0 
766.265 327.0 
764.872 328.0 
766.149 329.0 
765.8 330.0 
765.104 331.0 
764.988 332.0 
766.265 333.0 
764.872 334.0 
763.944 335.0 
765.568 336.0 
765.22 337.0 
764.176 338.0 
766.845 339.0 
764.524 340.0 
764.756 341.0 
764.292 342.0 
763.944 343.0 
764.756 344.0 
764.756 345.0 
764.292 346.0 
764.06 347.0 
763.479 348.0 
764.872 349.0 
764.524 350.0 
764.408 351.0 
764.872 352.0 
764.06 353.0 
763.363 354.0 
763.015 355.0 
764.524 356.0 
764.872 357.0 
764.176 358.0 
764.64 359.0 
764.292 360.0 
764.64 361.0 
763.944 362.0 
764.06 363.0 
763.712 364.0 
763.944 365.0 
764.176 366.0 
764.408 367.0 
763.595 368.0 
763.595 369.0 
764.06 370.0 
764.408 371.0 
764.408 372.0 
764.756 373.0 
764.408 374.0 
764.408 375.0 
765.22 376.0 
763.712 377.0 
763.828 378.0 
763.944 379.0 
763.712 380.0 
763.479 381.0 
763.131 382.0 
763.363 383.0 
763.712 384.0 
763.479 385.0 
764.292 386.0 
763.247 387.0 
763.363 388.0 
763.944 389.0 
764.176 390.0 
764.06 391.0 
763.595 392.0 
764.292 393.0 
762.667 394.0 
763.712 395.0 
764.756 396.0 
763.131 397.0 
763.828 398.0 
762.435 399.0 
763.131 400.0 
766.961 401.0 
763.944 402.0 
764.64 403.0 
764.06 404.0 
763.828 405.0 
763.247 406.0 
763.944 407.0 
763.363 408.0 
763.712 409.0 
762.899 410.0 
763.595 411.0 
764.408 412.0 
765.336 413.0 
763.944 414.0 
763.247 415.0 
763.363 416.0 
763.131 417.0 
763.944 418.0 
763.828 419.0 
763.363 420.0 
763.595 421.0 
763.479 422.0 
764.176 423.0 
763.247 424.0 
763.595 425.0 
763.712 426.0 
763.712 427.0 
763.479 428.0 
763.595 429.0 
763.363 430.0 
763.944 431.0 
764.292 432.0 
764.06 433.0 
762.667 434.0 
763.247 435.0 
763.595 436.0 
764.176 437.0 
763.015 438.0 
763.131 439.0 
763.131 440.0 
763.247 441.0 
763.479 442.0 
763.247 443.0 
763.247 444.0 
763.479 445.0 
762.899 446.0 
764.292 447.0 
764.524 448.0 
766.265 449.0 
763.712 450.0 
763.595 451.0 
763.712 452.0 
763.363 453.0 
762.899 454.0 
763.944 455.0 
761.855 456.0 
763.363 457.0 
763.131 458.0 
763.944 459.0 
763.944 460.0 
763.479 461.0 
763.015 462.0 
764.176 463.0 
763.363 464.0 
763.595 465.0 
764.06 466.0 
763.712 467.0 
763.015 468.0 
763.828 469.0 
763.595 470.0 
763.015 471.0 
763.828 472.0 
761.855 473.0 
763.479 474.0 
764.292 475.0 
763.595 476.0 
762.783 477.0 
763.712 478.0 
762.783 479.0 
763.595 480.0 
764.06 481.0 
763.247 482.0 
764.176 483.0 
762.899 484.0 
764.06 485.0 
763.363 486.0 
763.479 487.0 
763.944 488.0 
763.247 489.0 
763.131 490.0 
764.06 491.0 
763.131 492.0 
762.899 493.0 
763.712 494.0 
762.551 495.0 
762.551 496.0 
763.015 497.0 
763.479 498.0 
762.319 499.0 
762.899 500.0 
762.551 501.0 
763.015 502.0 
762.087 503.0 
762.667 504.0 
762.435 505.0 
762.667 506.0 
760.694 507.0 
764.06 508.0 
761.971 509.0 
762.203 510.0 
762.435 511.0 
762.667 512.0 
763.015 513.0 
762.551 514.0 
762.551 515.0 
761.855 516.0 
765.452 517.0 
761.159 518.0 
761.275 519.0 
761.855 520.0 
761.623 521.0 
761.855 522.0 
761.739 523.0 
761.739 524.0 
761.855 525.0 
761.971 526.0 
761.507 527.0 
761.391 528.0 
761.275 529.0 
761.042 530.0 
761.159 531.0 
762.783 532.0 
765.684 533.0 
762.319 534.0 
762.319 535.0 
762.203 536.0 
762.087 537.0 
761.042 538.0 
761.507 539.0 
761.391 540.0 
762.783 541.0 
762.203 542.0 
762.087 543.0 
761.855 544.0 
761.739 545.0 
761.275 546.0 
762.783 547.0 
761.739 548.0 
761.971 549.0 
761.623 550.0 
760.81 551.0 
762.203 552.0 
762.203 553.0 
761.391 554.0 
761.042 555.0 
762.087 556.0 
761.623 557.0 
761.159 558.0 
757.213 559.0 
761.855 560.0 
761.623 561.0 
760.578 562.0 
762.203 563.0 
761.391 564.0 
760.926 565.0 
762.435 566.0 
761.507 567.0 
761.042 568.0 
761.275 569.0 
761.391 570.0 
762.551 571.0 
761.623 572.0 
761.042 573.0 
761.623 574.0 
761.159 575.0 
762.087 576.0 
761.507 577.0 
761.275 578.0 
762.319 579.0 
761.739 580.0 
762.667 581.0 
761.971 582.0 
762.899 583.0 
762.319 584.0 
758.838 585.0 
762.319 586.0 
761.623 587.0 
762.435 588.0 
761.623 589.0 
762.783 590.0 
761.275 591.0 
762.667 592.0 
761.623 593.0 
761.855 594.0 
761.507 595.0 
761.739 596.0 
761.391 597.0 
762.203 598.0 
761.159 599.0 
762.087 600.0 
763.247 601.0 
761.623 602.0 
763.015 603.0 
761.739 604.0 
762.899 605.0 
761.739 606.0 
762.087 607.0 
761.275 608.0 
762.087 609.0 
763.131 610.0 
761.971 611.0 
762.783 612.0 
761.855 613.0 
762.203 614.0 
761.159 615.0 
761.391 616.0 
762.435 617.0 
761.159 618.0 
762.203 619.0 
759.418 620.0 
761.623 621.0 
762.319 622.0 
761.275 623.0 
761.739 624.0 
762.783 625.0 
761.623 626.0 
762.319 627.0 
762.783 628.0 
761.507 629.0 
762.203 630.0 
762.899 631.0 
761.971 632.0 
762.319 633.0 
765.22 634.0 
761.623 635.0 
762.319 636.0 
762.667 637.0 
761.391 638.0 
762.319 639.0 
762.435 640.0 
761.275 641.0 
761.275 642.0 
762.319 643.0 
761.042 644.0 
761.391 645.0 
762.087 646.0 
762.667 647.0 
761.623 648.0 
761.739 649.0 
762.667 650.0 
761.042 651.0 
761.159 652.0 
762.087 653.0 
762.551 654.0 
761.042 655.0 
761.507 656.0 
761.971 657.0 
762.435 658.0 
761.275 659.0 
762.203 660.0 
762.667 661.0 
762.667 662.0 
761.623 663.0 
762.087 664.0 
762.435 665.0 
762.551 666.0 
761.507 667.0 
761.739 668.0 
762.087 669.0 
762.783 670.0 
761.275 671.0 
761.971 672.0 
762.203 673.0 
762.435 674.0 
762.203 675.0 
761.159 676.0 
761.855 677.0 
762.087 678.0 
762.203 679.0 
762.667 680.0 
761.042 681.0 
761.507 682.0 
761.739 683.0 
762.087 684.0 
762.783 685.0 
763.131 686.0 
761.391 687.0 
761.623 688.0 
761.971 689.0 
762.435 690.0 
762.551 691.0 
763.015 692.0 
761.275 693.0 
761.739 694.0 
761.623 695.0 
761.739 696.0 
762.087 697.0 
762.435 698.0 
760.23 699.0 
761.391 700.0 
761.391 701.0 
761.623 702.0 
761.855 703.0 
762.203 704.0 
762.551 705.0 
762.899 706.0 
761.507 707.0 
761.507 708.0 
761.739 709.0 
761.855 710.0 
761.971 711.0 
762.435 712.0 
762.551 713.0 
762.667 714.0 
760.23 715.0 
761.042 716.0 
761.275 717.0 
761.623 718.0 
761.623 719.0 
761.971 720.0 
761.971 721.0 
762.435 722.0 
762.087 723.0 
762.783 724.0 
763.015 725.0 
760.81 726.0 
761.391 727.0 
761.623 728.0 
761.623 729.0 
761.971 730.0 
761.623 731.0 
761.971 732.0 
762.435 733.0 
761.855 734.0 
762.435 735.0 
762.435 736.0 
762.899 737.0 
762.667 738.0 
760.926 739.0 
761.159 740.0 
761.042 741.0 
760.926 742.0 
761.159 743.0 
761.391 744.0 
761.507 745.0 
761.623 746.0 
761.623 747.0 
761.391 748.0 
761.507 749.0 
761.739 750.0 
761.623 751.0 
761.855 752.0 
761.855 753.0 
761.855 754.0 
761.507 755.0 
761.507 756.0 
761.623 757.0 
761.739 758.0 
762.319 759.0 
761.855 760.0 
761.739 761.0 
761.855 762.0 
761.971 763.0 
762.087 764.0 
762.435 765.0 
762.087 766.0 
762.319 767.0 
762.319 768.0 
762.087 769.0 
762.087 770.0 
762.087 771.0 
762.319 772.0 
762.667 773.0 
762.203 774.0 
761.971 775.0 
762.087 776.0 
762.203 777.0 
761.971 778.0 
762.087 779.0 
762.087 780.0 
762.203 781.0 
761.971 782.0 
761.855 783.0 
762.203 784.0 
761.971 785.0 
762.319 786.0 
761.971 787.0 
762.203 788.0 
761.855 789.0 
762.203 790.0 
762.087 791.0 
762.319 792.0 
762.203 793.0 
761.623 794.0 
761.623 795.0 
761.623 796.0 
761.623 797.0 
761.971 798.0 
761.507 799.0 
761.623 800.0 
761.855 801.0 
761.507 802.0 
761.159 803.0 
761.623 804.0 
0.102 805.0 
0.108 806.0 
0.105 807.0 
0.098 808.0 
0.065 809.0 
0.04 810.0 
-0.012 811.0 
-0.06 812.0 
-0.115 813.0 
-0.179 814.0 
-0.224 815.0 
-0.267 816.0 
-0.301 817.0 
-0.341 818.0 
-0.363 819.0 
-0.381 820.0 
-0.387 821.0 
-0.391 822.0 
-0.389 823.0 
-0.389 824.0 
-0.375 825.0 
-0.351 826.0 
-0.327 827.0 
-0.29 828.0 
-0.262 829.0 
