-0.038 257.0 
-0.028 258.0 
-0.056 259.0 
-0.038 260.0 
-0.036 261.0 
-0.03 262.0 
-0.047 263.0 
-0.056 264.0 
-0.055 265.0 
-0.042 266.0 
-0.043 267.0 
-0.062 268.0 
-0.028 269.0 
-0.035 270.0 
-0.014 271.0 
-0.035 272.0 
-0.026 273.0 
-0.048 274.0 
847.034 275.0 
841.928 276.0 
837.518 277.0 
829.511 278.0 
821.62 279.0 
815.353 280.0 
810.479 281.0 
807.462 282.0 
803.748 283.0 
800.963 284.0 
798.758 285.0 
797.482 286.0 
797.249 287.0 
795.741 288.0 
794.58 289.0 
795.741 290.0 
791.331 291.0 
790.17 292.0 
789.706 293.0 
789.706 294.0 
786.921 295.0 
786.805 296.0 
786.805 297.0 
784.716 298.0 
783.788 299.0 
784.716 300.0 
782.395 301.0 
782.743 302.0 
780.306 303.0 
781.467 304.0 
782.395 305.0 
780.655 306.0 
780.655 307.0 
778.798 308.0 
779.378 309.0 
777.637 310.0 
778.45 311.0 
776.825 312.0 
777.289 313.0 
775.781 314.0 
776.825 315.0 
776.013 316.0 
776.129 317.0 
774.852 318.0 
775.548 319.0 
774.852 320.0 
771.255 321.0 
774.388 322.0 
773.924 323.0 
774.62 324.0 
774.156 325.0 
774.62 326.0 
774.04 327.0 
773.227 328.0 
774.736 329.0 
773.808 330.0 
773.227 331.0 
773.924 332.0 
773.808 333.0 
772.763 334.0 
774.04 335.0 
773.344 336.0 
772.995 337.0 
772.299 338.0 
773.576 339.0 
772.647 340.0 
772.415 341.0 
772.415 342.0 
773.924 343.0 
772.647 344.0 
772.647 345.0 
772.299 346.0 
771.835 347.0 
773.111 348.0 
772.995 349.0 
772.415 350.0 
772.415 351.0 
772.879 352.0 
771.835 353.0 
766.845 354.0 
772.531 355.0 
772.183 356.0 
772.763 357.0 
772.183 358.0 
772.879 359.0 
772.299 360.0 
772.531 361.0 
771.835 362.0 
772.183 363.0 
771.603 364.0 
771.835 365.0 
772.415 366.0 
772.299 367.0 
771.719 368.0 
771.951 369.0 
772.067 370.0 
772.415 371.0 
772.763 372.0 
772.415 373.0 
772.299 374.0 
772.415 375.0 
772.531 376.0 
770.442 377.0 
771.835 378.0 
772.067 379.0 
771.951 380.0 
772.067 381.0 
772.299 382.0 
771.719 383.0 
771.835 384.0 
771.487 385.0 
772.647 386.0 
770.906 387.0 
771.139 388.0 
771.951 389.0 
772.067 390.0 
772.299 391.0 
771.835 392.0 
772.415 393.0 
770.558 394.0 
771.719 395.0 
772.647 396.0 
771.371 397.0 
771.951 398.0 
770.674 399.0 
771.023 400.0 
772.415 401.0 
772.183 402.0 
772.531 403.0 
771.951 404.0 
771.719 405.0 
771.023 406.0 
771.835 407.0 
771.371 408.0 
771.835 409.0 
771.139 410.0 
771.603 411.0 
772.183 412.0 
774.968 413.0 
772.067 414.0 
771.139 415.0 
771.719 416.0 
771.023 417.0 
772.299 418.0 
772.067 419.0 
771.023 420.0 
771.371 421.0 
771.719 422.0 
772.067 423.0 
771.603 424.0 
771.139 425.0 
771.603 426.0 
772.299 427.0 
771.371 428.0 
771.603 429.0 
771.487 430.0 
771.951 431.0 
772.183 432.0 
771.951 433.0 
770.906 434.0 
771.255 435.0 
772.067 436.0 
773.111 437.0 
770.674 438.0 
771.487 439.0 
771.487 440.0 
771.139 441.0 
771.023 442.0 
771.603 443.0 
771.371 444.0 
771.255 445.0 
771.255 446.0 
772.415 447.0 
771.951 448.0 
772.067 449.0 
774.852 450.0 
771.487 451.0 
771.603 452.0 
771.139 453.0 
770.674 454.0 
771.835 455.0 
771.603 456.0 
771.255 457.0 
770.906 458.0 
771.835 459.0 
771.719 460.0 
771.255 461.0 
770.906 462.0 
771.951 463.0 
771.603 464.0 
772.067 465.0 
772.067 466.0 
771.835 467.0 
770.558 468.0 
771.835 469.0 
771.487 470.0 
771.603 471.0 
771.835 472.0 
772.067 473.0 
771.487 474.0 
771.835 475.0 
771.487 476.0 
770.442 477.0 
771.371 478.0 
770.558 479.0 
771.371 480.0 
771.719 481.0 
771.139 482.0 
771.603 483.0 
770.674 484.0 
771.487 485.0 
770.79 486.0 
770.094 487.0 
771.371 488.0 
770.906 489.0 
771.139 490.0 
771.835 491.0 
771.371 492.0 
770.906 493.0 
771.255 494.0 
770.326 495.0 
770.21 496.0 
770.558 497.0 
771.371 498.0 
769.862 499.0 
770.21 500.0 
770.326 501.0 
770.906 502.0 
769.978 503.0 
770.094 504.0 
770.21 505.0 
770.326 506.0 
767.657 507.0 
773.227 508.0 
769.514 509.0 
769.63 510.0 
770.094 511.0 
770.094 512.0 
770.21 513.0 
770.094 514.0 
770.326 515.0 
770.558 516.0 
770.558 517.0 
769.282 518.0 
768.818 519.0 
769.398 520.0 
769.282 521.0 
769.166 522.0 
769.282 523.0 
769.166 524.0 
769.166 525.0 
769.282 526.0 
769.514 527.0 
768.818 528.0 
768.934 529.0 
768.237 530.0 
768.818 531.0 
770.442 532.0 
770.21 533.0 
769.63 534.0 
769.978 535.0 
769.746 536.0 
769.862 537.0 
769.398 538.0 
769.05 539.0 
769.05 540.0 
770.094 541.0 
769.978 542.0 
769.514 543.0 
769.514 544.0 
769.05 545.0 
768.586 546.0 
770.326 547.0 
769.746 548.0 
769.63 549.0 
768.934 550.0 
769.05 551.0 
769.978 552.0 
769.282 553.0 
768.818 554.0 
768.818 555.0 
769.978 556.0 
769.282 557.0 
768.818 558.0 
769.862 559.0 
769.514 560.0 
769.05 561.0 
768.005 562.0 
769.746 563.0 
769.282 564.0 
767.657 565.0 
769.978 566.0 
768.818 567.0 
768.586 568.0 
769.746 569.0 
769.05 570.0 
770.326 571.0 
769.63 572.0 
768.702 573.0 
768.818 574.0 
769.05 575.0 
769.862 576.0 
769.05 577.0 
768.934 578.0 
770.094 579.0 
769.514 580.0 
769.978 581.0 
769.398 582.0 
770.906 583.0 
769.862 584.0 
771.023 585.0 
769.63 586.0 
769.05 587.0 
770.21 588.0 
769.282 589.0 
769.63 590.0 
768.818 591.0 
769.978 592.0 
769.166 593.0 
769.166 594.0 
769.05 595.0 
769.978 596.0 
769.05 597.0 
769.746 598.0 
769.05 599.0 
769.514 600.0 
770.326 601.0 
769.514 602.0 
770.094 603.0 
769.63 604.0 
769.978 605.0 
769.398 606.0 
769.746 607.0 
768.702 608.0 
769.746 609.0 
770.674 610.0 
769.63 611.0 
770.21 612.0 
768.934 613.0 
769.282 614.0 
768.586 615.0 
769.282 616.0 
770.326 617.0 
769.05 618.0 
769.63 619.0 
764.524 620.0 
769.282 621.0 
770.094 622.0 
768.818 623.0 
769.398 624.0 
770.21 625.0 
768.818 626.0 
769.746 627.0 
770.326 628.0 
769.166 629.0 
769.514 630.0 
770.442 631.0 
768.818 632.0 
769.978 633.0 
770.558 634.0 
769.05 635.0 
769.862 636.0 
770.326 637.0 
769.282 638.0 
769.282 639.0 
769.862 640.0 
768.818 641.0 
769.282 642.0 
769.978 643.0 
768.586 644.0 
769.282 645.0 
769.862 646.0 
770.21 647.0 
769.05 648.0 
769.166 649.0 
770.21 650.0 
768.702 651.0 
769.05 652.0 
769.398 653.0 
770.094 654.0 
768.586 655.0 
769.282 656.0 
769.398 657.0 
769.862 658.0 
768.934 659.0 
769.63 660.0 
769.978 661.0 
770.442 662.0 
768.47 663.0 
769.514 664.0 
770.21 665.0 
770.21 666.0 
769.166 667.0 
769.514 668.0 
769.978 669.0 
770.558 670.0 
769.05 671.0 
769.05 672.0 
769.514 673.0 
769.398 674.0 
770.21 675.0 
768.702 676.0 
769.05 677.0 
769.398 678.0 
769.05 679.0 
770.326 680.0 
768.934 681.0 
768.934 682.0 
769.166 683.0 
769.862 684.0 
769.978 685.0 
770.442 686.0 
768.586 687.0 
769.398 688.0 
769.514 689.0 
769.746 690.0 
770.21 691.0 
770.326 692.0 
768.586 693.0 
768.934 694.0 
769.05 695.0 
769.398 696.0 
769.862 697.0 
769.978 698.0 
766.729 699.0 
768.702 700.0 
769.166 701.0 
768.934 702.0 
769.63 703.0 
769.63 704.0 
770.094 705.0 
770.442 706.0 
768.702 707.0 
769.05 708.0 
769.05 709.0 
769.05 710.0 
769.862 711.0 
769.862 712.0 
770.094 713.0 
770.21 714.0 
769.514 715.0 
768.586 716.0 
768.818 717.0 
769.282 718.0 
769.398 719.0 
769.282 720.0 
769.398 721.0 
769.862 722.0 
769.862 723.0 
770.558 724.0 
770.674 725.0 
768.934 726.0 
768.47 727.0 
769.166 728.0 
768.702 729.0 
769.05 730.0 
769.978 731.0 
769.862 732.0 
769.63 733.0 
769.862 734.0 
769.978 735.0 
769.978 736.0 
770.21 737.0 
770.094 738.0 
770.21 739.0 
768.702 740.0 
768.47 741.0 
768.702 742.0 
768.818 743.0 
769.05 744.0 
769.05 745.0 
768.934 746.0 
769.398 747.0 
769.282 748.0 
769.282 749.0 
769.398 750.0 
768.934 751.0 
769.514 752.0 
769.398 753.0 
769.282 754.0 
769.05 755.0 
769.514 756.0 
769.282 757.0 
769.282 758.0 
769.514 759.0 
769.63 760.0 
769.63 761.0 
769.746 762.0 
769.398 763.0 
769.862 764.0 
769.746 765.0 
769.978 766.0 
769.746 767.0 
770.094 768.0 
769.514 769.0 
770.094 770.0 
769.862 771.0 
769.746 772.0 
769.862 773.0 
769.398 774.0 
769.746 775.0 
769.862 776.0 
769.514 777.0 
769.514 778.0 
769.746 779.0 
769.63 780.0 
769.282 781.0 
769.398 782.0 
769.862 783.0 
769.63 784.0 
769.514 785.0 
769.746 786.0 
769.746 787.0 
769.514 788.0 
769.63 789.0 
769.398 790.0 
769.514 791.0 
769.978 792.0 
769.63 793.0 
769.282 794.0 
768.934 795.0 
769.166 796.0 
769.282 797.0 
769.398 798.0 
768.934 799.0 
769.282 800.0 
768.934 801.0 
768.818 802.0 
768.934 803.0 
769.282 804.0 
0.101 805.0 
0.121 806.0 
0.131 807.0 
0.137 808.0 
0.149 809.0 
0.151 810.0 
0.149 811.0 
0.15 812.0 
0.141 813.0 
0.131 814.0 
0.123 815.0 
0.116 816.0 
0.099 817.0 
0.086 818.0 
0.079 819.0 
0.065 820.0 
0.044 821.0 
0.03 822.0 
0.011 823.0 
-0.001 824.0 
-0.012 825.0 
-0.023 826.0 
-0.03 827.0 
-0.041 828.0 
-0.052 829.0 
