-0.042 257.0 
-0.026 258.0 
-0.085 259.0 
-0.052 260.0 
-0.054 261.0 
-0.038 262.0 
-0.023 263.0 
-0.044 264.0 
-0.035 265.0 
-0.028 266.0 
-0.032 267.0 
-0.03 268.0 
-0.029 269.0 
-0.04 270.0 
-0.034 271.0 
-0.048 272.0 
-0.013 273.0 
-0.031 274.0 
271.204 275.0 
266.098 276.0 
264.937 277.0 
263.313 278.0 
261.572 279.0 
260.18 280.0 
258.787 281.0 
257.278 282.0 
255.305 283.0 
255.189 284.0 
254.957 285.0 
254.493 286.0 
254.493 287.0 
254.609 288.0 
254.261 289.0 
255.305 290.0 
253.101 291.0 
253.217 292.0 
252.985 293.0 
253.333 294.0 
252.52 295.0 
252.636 296.0 
252.636 297.0 
252.172 298.0 
252.056 299.0 
251.824 300.0 
251.476 301.0 
252.288 302.0 
251.128 303.0 
251.708 304.0 
251.94 305.0 
251.592 306.0 
251.824 307.0 
251.128 308.0 
251.592 309.0 
251.128 310.0 
250.78 311.0 
250.548 312.0 
250.896 313.0 
250.431 314.0 
250.896 315.0 
250.664 316.0 
251.244 317.0 
250.78 318.0 
250.78 319.0 
250.431 320.0 
247.878 321.0 
250.896 322.0 
251.012 323.0 
250.896 324.0 
250.664 325.0 
251.708 326.0 
250.78 327.0 
250.664 328.0 
251.244 329.0 
250.78 330.0 
250.548 331.0 
250.548 332.0 
250.548 333.0 
250.315 334.0 
251.592 335.0 
250.664 336.0 
250.548 337.0 
249.967 338.0 
251.012 339.0 
250.431 340.0 
250.431 341.0 
250.548 342.0 
245.209 343.0 
250.664 344.0 
250.431 345.0 
250.315 346.0 
250.199 347.0 
248.575 348.0 
250.896 349.0 
250.431 350.0 
250.548 351.0 
250.431 352.0 
250.199 353.0 
249.271 354.0 
250.664 355.0 
250.431 356.0 
250.548 357.0 
250.664 358.0 
250.664 359.0 
250.664 360.0 
250.664 361.0 
250.664 362.0 
250.78 363.0 
250.548 364.0 
250.199 365.0 
250.664 366.0 
250.548 367.0 
250.664 368.0 
250.664 369.0 
250.664 370.0 
250.664 371.0 
250.431 372.0 
250.431 373.0 
250.896 374.0 
251.012 375.0 
252.288 376.0 
250.315 377.0 
250.548 378.0 
250.431 379.0 
250.315 380.0 
250.548 381.0 
251.012 382.0 
250.431 383.0 
250.896 384.0 
250.896 385.0 
250.896 386.0 
249.735 387.0 
250.431 388.0 
250.896 389.0 
250.78 390.0 
250.431 391.0 
250.664 392.0 
250.896 393.0 
250.199 394.0 
250.548 395.0 
250.78 396.0 
250.199 397.0 
250.78 398.0 
249.967 399.0 
250.548 400.0 
250.78 401.0 
250.896 402.0 
250.896 403.0 
251.012 404.0 
250.664 405.0 
250.548 406.0 
250.78 407.0 
250.78 408.0 
251.012 409.0 
250.315 410.0 
250.083 411.0 
250.664 412.0 
251.824 413.0 
250.78 414.0 
250.199 415.0 
250.548 416.0 
250.664 417.0 
250.664 418.0 
250.78 419.0 
250.548 420.0 
250.664 421.0 
250.78 422.0 
250.896 423.0 
250.78 424.0 
250.431 425.0 
250.78 426.0 
250.78 427.0 
250.664 428.0 
250.548 429.0 
250.431 430.0 
250.548 431.0 
250.664 432.0 
250.664 433.0 
250.431 434.0 
250.315 435.0 
250.896 436.0 
251.244 437.0 
250.199 438.0 
250.548 439.0 
250.548 440.0 
250.78 441.0 
250.548 442.0 
251.012 443.0 
251.012 444.0 
250.548 445.0 
250.664 446.0 
250.78 447.0 
251.36 448.0 
251.128 449.0 
250.78 450.0 
250.664 451.0 
250.896 452.0 
250.664 453.0 
250.431 454.0 
250.78 455.0 
248.691 456.0 
250.664 457.0 
250.548 458.0 
250.548 459.0 
250.896 460.0 
250.896 461.0 
250.78 462.0 
251.244 463.0 
250.548 464.0 
250.78 465.0 
251.128 466.0 
250.896 467.0 
250.315 468.0 
251.012 469.0 
250.78 470.0 
250.896 471.0 
250.78 472.0 
249.387 473.0 
250.78 474.0 
250.78 475.0 
250.664 476.0 
250.664 477.0 
250.78 478.0 
250.548 479.0 
250.548 480.0 
251.012 481.0 
250.78 482.0 
251.128 483.0 
251.012 484.0 
250.78 485.0 
250.896 486.0 
250.315 487.0 
251.36 488.0 
251.012 489.0 
251.012 490.0 
250.896 491.0 
250.664 492.0 
250.664 493.0 
250.78 494.0 
250.431 495.0 
250.431 496.0 
250.664 497.0 
250.896 498.0 
250.431 499.0 
250.431 500.0 
250.78 501.0 
251.012 502.0 
250.664 503.0 
250.315 504.0 
250.548 505.0 
250.78 506.0 
248.343 507.0 
253.449 508.0 
250.315 509.0 
250.548 510.0 
250.548 511.0 
250.315 512.0 
250.548 513.0 
250.78 514.0 
250.548 515.0 
250.896 516.0 
250.896 517.0 
250.315 518.0 
249.967 519.0 
250.199 520.0 
250.548 521.0 
250.548 522.0 
250.548 523.0 
250.548 524.0 
250.664 525.0 
250.548 526.0 
250.78 527.0 
250.431 528.0 
250.315 529.0 
250.083 530.0 
250.083 531.0 
250.78 532.0 
250.664 533.0 
250.431 534.0 
250.896 535.0 
250.78 536.0 
250.896 537.0 
249.851 538.0 
250.315 539.0 
250.431 540.0 
250.896 541.0 
250.896 542.0 
250.896 543.0 
250.548 544.0 
250.664 545.0 
250.083 546.0 
251.244 547.0 
251.012 548.0 
250.548 549.0 
250.664 550.0 
248.575 551.0 
250.664 552.0 
250.78 553.0 
250.431 554.0 
250.548 555.0 
250.78 556.0 
250.548 557.0 
250.664 558.0 
245.093 559.0 
250.664 560.0 
250.431 561.0 
250.083 562.0 
251.128 563.0 
250.083 564.0 
249.619 565.0 
251.244 566.0 
249.735 567.0 
250.431 568.0 
251.012 569.0 
250.431 570.0 
250.431 571.0 
250.315 572.0 
250.199 573.0 
249.619 574.0 
250.548 575.0 
252.056 576.0 
250.548 577.0 
250.548 578.0 
250.548 579.0 
250.548 580.0 
250.664 581.0 
250.896 582.0 
250.896 583.0 
250.664 584.0 
247.182 585.0 
250.896 586.0 
250.664 587.0 
250.78 588.0 
250.78 589.0 
250.896 590.0 
250.78 591.0 
250.431 592.0 
250.431 593.0 
250.083 594.0 
250.548 595.0 
250.199 596.0 
250.315 597.0 
250.896 598.0 
250.548 599.0 
250.548 600.0 
251.128 601.0 
250.548 602.0 
251.012 603.0 
250.78 604.0 
251.244 605.0 
250.548 606.0 
250.78 607.0 
250.664 608.0 
250.78 609.0 
251.012 610.0 
250.083 611.0 
250.664 612.0 
250.199 613.0 
250.896 614.0 
249.967 615.0 
250.548 616.0 
250.664 617.0 
250.083 618.0 
250.548 619.0 
245.441 620.0 
250.78 621.0 
250.896 622.0 
250.78 623.0 
250.896 624.0 
250.896 625.0 
250.315 626.0 
250.896 627.0 
251.012 628.0 
250.664 629.0 
250.664 630.0 
250.548 631.0 
250.083 632.0 
250.431 633.0 
253.681 634.0 
250.548 635.0 
250.78 636.0 
250.896 637.0 
250.548 638.0 
250.315 639.0 
250.896 640.0 
250.431 641.0 
250.431 642.0 
250.78 643.0 
250.548 644.0 
250.664 645.0 
250.78 646.0 
251.128 647.0 
250.896 648.0 
250.664 649.0 
250.78 650.0 
250.548 651.0 
249.851 652.0 
250.431 653.0 
250.78 654.0 
250.199 655.0 
250.431 656.0 
250.548 657.0 
250.548 658.0 
250.548 659.0 
250.431 660.0 
251.244 661.0 
251.012 662.0 
250.548 663.0 
250.78 664.0 
250.664 665.0 
250.896 666.0 
250.664 667.0 
250.78 668.0 
251.244 669.0 
251.012 670.0 
250.548 671.0 
250.199 672.0 
250.548 673.0 
250.664 674.0 
250.199 675.0 
250.315 676.0 
250.548 677.0 
250.548 678.0 
250.78 679.0 
250.78 680.0 
250.431 681.0 
250.664 682.0 
250.664 683.0 
250.78 684.0 
250.664 685.0 
251.012 686.0 
250.548 687.0 
250.664 688.0 
251.012 689.0 
250.78 690.0 
250.896 691.0 
250.78 692.0 
250.548 693.0 
250.664 694.0 
250.431 695.0 
250.548 696.0 
250.664 697.0 
250.78 698.0 
249.387 699.0 
250.548 700.0 
250.315 701.0 
250.78 702.0 
250.896 703.0 
250.548 704.0 
250.199 705.0 
251.012 706.0 
250.664 707.0 
250.548 708.0 
250.548 709.0 
250.78 710.0 
250.315 711.0 
250.315 712.0 
251.012 713.0 
250.896 714.0 
249.271 715.0 
250.431 716.0 
250.315 717.0 
250.431 718.0 
250.664 719.0 
250.315 720.0 
250.78 721.0 
251.012 722.0 
250.78 723.0 
250.896 724.0 
250.896 725.0 
250.431 726.0 
250.548 727.0 
250.548 728.0 
250.548 729.0 
250.548 730.0 
250.896 731.0 
250.664 732.0 
250.548 733.0 
250.664 734.0 
250.78 735.0 
250.78 736.0 
250.431 737.0 
250.664 738.0 
249.503 739.0 
250.199 740.0 
250.431 741.0 
250.548 742.0 
250.664 743.0 
250.664 744.0 
250.315 745.0 
250.664 746.0 
250.78 747.0 
250.431 748.0 
250.548 749.0 
250.78 750.0 
250.431 751.0 
250.431 752.0 
250.548 753.0 
250.664 754.0 
250.548 755.0 
250.199 756.0 
250.896 757.0 
250.896 758.0 
250.199 759.0 
250.78 760.0 
250.78 761.0 
250.78 762.0 
250.78 763.0 
250.896 764.0 
250.664 765.0 
251.012 766.0 
250.896 767.0 
250.896 768.0 
251.012 769.0 
250.664 770.0 
250.548 771.0 
250.548 772.0 
250.548 773.0 
250.548 774.0 
251.012 775.0 
250.664 776.0 
250.78 777.0 
250.548 778.0 
250.548 779.0 
250.896 780.0 
250.78 781.0 
251.012 782.0 
250.896 783.0 
250.78 784.0 
250.78 785.0 
250.664 786.0 
250.896 787.0 
250.664 788.0 
250.78 789.0 
250.896 790.0 
250.78 791.0 
250.431 792.0 
250.431 793.0 
250.431 794.0 
250.664 795.0 
250.548 796.0 
250.431 797.0 
250.78 798.0 
250.548 799.0 
250.548 800.0 
250.664 801.0 
250.78 802.0 
250.548 803.0 
250.548 804.0 
0.032 805.0 
0.034 806.0 
0.034 807.0 
0.042 808.0 
0.049 809.0 
0.046 810.0 
0.044 811.0 
0.031 812.0 
0.034 813.0 
0.026 814.0 
0.024 815.0 
0.026 816.0 
0.017 817.0 
0.017 818.0 
0.007 819.0 
0.01 820.0 
0.012 821.0 
0.0 822.0 
-0.001 823.0 
-0.005 824.0 
-0.017 825.0 
-0.013 826.0 
-0.014 827.0 
-0.019 828.0 
-0.022 829.0 
