-0.049 257.0 
-0.023 258.0 
-0.05 259.0 
-0.049 260.0 
-0.056 261.0 
-0.049 262.0 
-0.06 263.0 
-0.043 264.0 
-0.037 265.0 
-0.073 266.0 
-0.041 267.0 
-0.032 268.0 
-0.047 269.0 
-0.05 270.0 
-0.046 271.0 
-0.056 272.0 
-0.043 273.0 
-0.025 274.0 
254.029 275.0 
250.548 276.0 
249.155 277.0 
247.994 278.0 
245.906 279.0 
243.933 280.0 
226.758 281.0 
239.987 282.0 
238.827 283.0 
238.014 284.0 
237.898 285.0 
237.434 286.0 
237.318 287.0 
237.202 288.0 
236.97 289.0 
235.693 290.0 
235.809 291.0 
235.809 292.0 
235.809 293.0 
234.765 294.0 
234.765 295.0 
234.301 296.0 
237.086 297.0 
234.301 298.0 
234.417 299.0 
233.488 300.0 
233.721 301.0 
234.185 302.0 
233.488 303.0 
233.488 304.0 
233.837 305.0 
233.837 306.0 
233.837 307.0 
233.256 308.0 
233.488 309.0 
233.256 310.0 
233.256 311.0 
232.676 312.0 
233.605 313.0 
232.676 314.0 
232.908 315.0 
232.676 316.0 
232.908 317.0 
232.56 318.0 
230.007 319.0 
232.212 320.0 
232.212 321.0 
232.792 322.0 
232.328 323.0 
232.444 324.0 
232.56 325.0 
232.444 326.0 
232.792 327.0 
232.444 328.0 
235.461 329.0 
232.908 330.0 
232.56 331.0 
232.676 332.0 
232.56 333.0 
232.56 334.0 
232.212 335.0 
232.56 336.0 
232.328 337.0 
232.212 338.0 
232.56 339.0 
232.444 340.0 
232.444 341.0 
232.212 342.0 
231.864 343.0 
232.212 344.0 
232.444 345.0 
232.444 346.0 
232.096 347.0 
231.864 348.0 
232.676 349.0 
232.444 350.0 
232.56 351.0 
232.792 352.0 
232.444 353.0 
231.748 354.0 
231.516 355.0 
232.212 356.0 
232.444 357.0 
232.212 358.0 
232.676 359.0 
232.444 360.0 
232.328 361.0 
232.328 362.0 
232.328 363.0 
231.98 364.0 
232.212 365.0 
232.676 366.0 
232.444 367.0 
232.444 368.0 
232.444 369.0 
232.444 370.0 
232.56 371.0 
232.444 372.0 
232.676 373.0 
232.908 374.0 
232.56 375.0 
232.676 376.0 
232.212 377.0 
232.444 378.0 
232.56 379.0 
232.56 380.0 
232.212 381.0 
231.4 382.0 
232.444 383.0 
232.212 384.0 
232.444 385.0 
232.56 386.0 
232.328 387.0 
232.096 388.0 
232.328 389.0 
235.461 390.0 
232.56 391.0 
232.444 392.0 
233.14 393.0 
232.096 394.0 
232.444 395.0 
230.123 396.0 
232.328 397.0 
232.676 398.0 
231.864 399.0 
232.444 400.0 
235.577 401.0 
232.328 402.0 
232.328 403.0 
232.212 404.0 
232.676 405.0 
232.444 406.0 
232.676 407.0 
232.212 408.0 
232.444 409.0 
232.328 410.0 
232.328 411.0 
232.444 412.0 
232.676 413.0 
232.908 414.0 
232.444 415.0 
232.328 416.0 
232.212 417.0 
232.212 418.0 
232.56 419.0 
231.98 420.0 
232.212 421.0 
235.461 422.0 
232.444 423.0 
232.56 424.0 
232.676 425.0 
232.676 426.0 
232.56 427.0 
232.676 428.0 
232.444 429.0 
232.56 430.0 
235.693 431.0 
232.444 432.0 
232.56 433.0 
232.444 434.0 
231.98 435.0 
232.096 436.0 
232.676 437.0 
232.444 438.0 
232.328 439.0 
231.864 440.0 
231.748 441.0 
232.56 442.0 
232.328 443.0 
232.328 444.0 
232.328 445.0 
232.212 446.0 
232.792 447.0 
233.024 448.0 
233.837 449.0 
232.328 450.0 
232.212 451.0 
232.56 452.0 
232.56 453.0 
232.56 454.0 
232.444 455.0 
230.587 456.0 
232.096 457.0 
232.096 458.0 
232.792 459.0 
232.444 460.0 
232.444 461.0 
232.212 462.0 
232.792 463.0 
232.096 464.0 
232.328 465.0 
232.676 466.0 
232.328 467.0 
232.212 468.0 
232.676 469.0 
232.328 470.0 
232.328 471.0 
232.676 472.0 
231.98 473.0 
232.676 474.0 
232.444 475.0 
232.444 476.0 
232.444 477.0 
232.676 478.0 
232.096 479.0 
232.444 480.0 
232.792 481.0 
232.56 482.0 
232.444 483.0 
232.328 484.0 
232.56 485.0 
232.676 486.0 
232.328 487.0 
232.908 488.0 
232.792 489.0 
231.864 490.0 
232.792 491.0 
232.328 492.0 
232.328 493.0 
232.908 494.0 
231.98 495.0 
231.98 496.0 
232.56 497.0 
232.444 498.0 
232.676 499.0 
232.444 500.0 
231.98 501.0 
232.56 502.0 
231.98 503.0 
232.212 504.0 
232.212 505.0 
232.792 506.0 
231.168 507.0 
233.837 508.0 
231.864 509.0 
231.864 510.0 
232.56 511.0 
232.444 512.0 
232.56 513.0 
232.676 514.0 
232.328 515.0 
230.355 516.0 
233.837 517.0 
232.096 518.0 
232.096 519.0 
231.864 520.0 
232.096 521.0 
231.864 522.0 
232.212 523.0 
232.328 524.0 
232.096 525.0 
232.444 526.0 
231.864 527.0 
232.212 528.0 
232.212 529.0 
231.632 530.0 
232.212 531.0 
232.676 532.0 
233.024 533.0 
232.676 534.0 
232.676 535.0 
232.096 536.0 
232.212 537.0 
232.212 538.0 
232.096 539.0 
231.98 540.0 
232.444 541.0 
232.56 542.0 
232.212 543.0 
232.56 544.0 
231.864 545.0 
232.212 546.0 
232.792 547.0 
231.864 548.0 
232.676 549.0 
232.212 550.0 
231.516 551.0 
232.444 552.0 
232.444 553.0 
232.096 554.0 
231.98 555.0 
232.096 556.0 
232.212 557.0 
232.096 558.0 
230.123 559.0 
232.328 560.0 
232.212 561.0 
231.98 562.0 
232.328 563.0 
231.748 564.0 
231.98 565.0 
232.56 566.0 
231.98 567.0 
232.212 568.0 
231.98 569.0 
232.212 570.0 
232.676 571.0 
232.328 572.0 
232.328 573.0 
232.328 574.0 
232.096 575.0 
231.632 576.0 
232.212 577.0 
232.212 578.0 
232.328 579.0 
232.212 580.0 
232.56 581.0 
232.212 582.0 
232.56 583.0 
232.444 584.0 
226.177 585.0 
232.56 586.0 
231.98 587.0 
232.56 588.0 
232.792 589.0 
232.56 590.0 
232.212 591.0 
232.792 592.0 
232.444 593.0 
233.024 594.0 
232.444 595.0 
232.212 596.0 
232.212 597.0 
231.864 598.0 
232.096 599.0 
231.864 600.0 
232.56 601.0 
231.864 602.0 
232.444 603.0 
231.98 604.0 
232.676 605.0 
231.98 606.0 
232.444 607.0 
232.096 608.0 
232.444 609.0 
232.56 610.0 
232.676 611.0 
232.096 612.0 
232.328 613.0 
232.328 614.0 
231.864 615.0 
231.864 616.0 
232.328 617.0 
232.096 618.0 
232.56 619.0 
231.051 620.0 
232.328 621.0 
232.212 622.0 
232.096 623.0 
232.444 624.0 
232.56 625.0 
232.096 626.0 
232.56 627.0 
232.328 628.0 
232.444 629.0 
232.444 630.0 
232.908 631.0 
232.328 632.0 
232.56 633.0 
233.837 634.0 
232.444 635.0 
232.328 636.0 
232.444 637.0 
231.98 638.0 
231.632 639.0 
232.444 640.0 
232.096 641.0 
232.212 642.0 
232.444 643.0 
231.864 644.0 
231.748 645.0 
232.792 646.0 
232.676 647.0 
232.096 648.0 
232.212 649.0 
232.676 650.0 
232.096 651.0 
232.212 652.0 
232.444 653.0 
232.792 654.0 
232.096 655.0 
231.98 656.0 
231.98 657.0 
232.212 658.0 
232.096 659.0 
231.98 660.0 
232.444 661.0 
232.212 662.0 
231.864 663.0 
231.98 664.0 
232.444 665.0 
232.676 666.0 
232.56 667.0 
232.444 668.0 
232.56 669.0 
232.444 670.0 
232.096 671.0 
232.096 672.0 
232.56 673.0 
232.676 674.0 
232.328 675.0 
231.632 676.0 
232.212 677.0 
232.212 678.0 
232.212 679.0 
232.212 680.0 
231.98 681.0 
232.444 682.0 
232.212 683.0 
232.56 684.0 
232.212 685.0 
232.56 686.0 
231.98 687.0 
232.56 688.0 
231.748 689.0 
232.444 690.0 
232.676 691.0 
232.212 692.0 
232.212 693.0 
231.98 694.0 
232.444 695.0 
232.328 696.0 
232.328 697.0 
232.444 698.0 
231.632 699.0 
231.748 700.0 
232.212 701.0 
232.212 702.0 
232.096 703.0 
232.444 704.0 
232.328 705.0 
232.676 706.0 
232.096 707.0 
232.328 708.0 
232.56 709.0 
231.98 710.0 
232.444 711.0 
232.676 712.0 
232.792 713.0 
232.444 714.0 
231.516 715.0 
232.096 716.0 
231.748 717.0 
232.096 718.0 
232.444 719.0 
231.864 720.0 
232.212 721.0 
232.096 722.0 
232.56 723.0 
232.444 724.0 
232.444 725.0 
231.632 726.0 
232.328 727.0 
232.444 728.0 
232.328 729.0 
232.096 730.0 
232.212 731.0 
232.328 732.0 
232.56 733.0 
232.56 734.0 
232.444 735.0 
232.096 736.0 
232.444 737.0 
232.096 738.0 
231.748 739.0 
231.98 740.0 
231.864 741.0 
231.98 742.0 
231.864 743.0 
232.096 744.0 
232.444 745.0 
232.212 746.0 
232.212 747.0 
232.212 748.0 
232.328 749.0 
232.444 750.0 
232.444 751.0 
232.328 752.0 
232.328 753.0 
232.444 754.0 
232.444 755.0 
232.096 756.0 
232.096 757.0 
232.328 758.0 
232.212 759.0 
232.212 760.0 
232.328 761.0 
232.444 762.0 
232.444 763.0 
232.328 764.0 
232.328 765.0 
232.444 766.0 
232.444 767.0 
232.328 768.0 
232.328 769.0 
232.444 770.0 
232.444 771.0 
232.56 772.0 
232.56 773.0 
232.444 774.0 
232.328 775.0 
232.328 776.0 
232.328 777.0 
232.096 778.0 
232.56 779.0 
232.212 780.0 
232.328 781.0 
232.328 782.0 
232.328 783.0 
232.212 784.0 
232.328 785.0 
232.56 786.0 
232.328 787.0 
232.56 788.0 
232.444 789.0 
232.328 790.0 
232.328 791.0 
232.56 792.0 
232.444 793.0 
232.56 794.0 
232.328 795.0 
232.212 796.0 
232.096 797.0 
232.212 798.0 
232.212 799.0 
232.444 800.0 
231.98 801.0 
231.98 802.0 
232.096 803.0 
232.328 804.0 
0.035 805.0 
0.024 806.0 
0.017 807.0 
0.022 808.0 
0.013 809.0 
-0.004 810.0 
-0.028 811.0 
-0.044 812.0 
-0.05 813.0 
-0.068 814.0 
-0.073 815.0 
-0.089 816.0 
-0.104 817.0 
-0.092 818.0 
-0.098 819.0 
-0.113 820.0 
-0.109 821.0 
-0.101 822.0 
-0.097 823.0 
-0.096 824.0 
-0.089 825.0 
-0.08 826.0 
-0.067 827.0 
-0.054 828.0 
-0.056 829.0 
