-0.037 257.0 
-0.04 258.0 
-0.048 259.0 
-0.034 260.0 
-0.034 261.0 
-0.043 262.0 
-0.048 263.0 
-0.024 264.0 
-0.02 265.0 
-0.023 266.0 
-0.038 267.0 
-0.018 268.0 
-0.031 269.0 
-0.042 270.0 
-0.031 271.0 
-0.041 272.0 
-0.028 273.0 
-0.035 274.0 
152.314 275.0 
149.067 276.0 
147.969 277.0 
146.287 278.0 
144.313 279.0 
141.814 280.0 
139.747 281.0 
137.119 282.0 
133.148 283.0 
131.559 284.0 
131.127 285.0 
130.73 286.0 
130.496 287.0 
130.274 288.0 
129.947 289.0 
129.667 290.0 
129.083 291.0 
128.814 292.0 
128.616 293.0 
128.546 294.0 
127.927 295.0 
127.763 296.0 
127.67 297.0 
127.156 298.0 
126.957 299.0 
126.934 300.0 
126.373 301.0 
126.315 302.0 
125.813 303.0 
125.754 304.0 
125.673 305.0 
125.019 306.0 
123.886 307.0 
121.667 308.0 
118.898 309.0 
115.091 310.0 
111.283 311.0 
106.974 312.0 
102.839 313.0 
98.366 314.0 
94.044 315.0 
89.641 316.0 
85.647 317.0 
82.295 318.0 
82.154 319.0 
81.932 320.0 
81.746 321.0 
81.734 322.0 
81.629 323.0 
81.687 324.0 
81.605 325.0 
81.489 326.0 
81.605 327.0 
81.547 328.0 
81.699 329.0 
81.652 330.0 
81.5 331.0 
81.664 332.0 
81.64 333.0 
81.535 334.0 
81.547 335.0 
81.629 336.0 
81.687 337.0 
81.5 338.0 
81.699 339.0 
81.594 340.0 
81.559 341.0 
81.524 342.0 
81.419 343.0 
81.582 344.0 
81.605 345.0 
81.512 346.0 
81.5 347.0 
81.454 348.0 
81.629 349.0 
81.582 350.0 
81.535 351.0 
81.629 352.0 
81.547 353.0 
81.442 354.0 
81.64 355.0 
81.594 356.0 
81.617 357.0 
81.547 358.0 
81.64 359.0 
81.605 360.0 
81.629 361.0 
81.57 362.0 
81.559 363.0 
81.512 364.0 
81.57 365.0 
81.617 366.0 
81.582 367.0 
81.547 368.0 
81.57 369.0 
81.547 370.0 
81.582 371.0 
81.617 372.0 
81.57 373.0 
81.64 374.0 
81.629 375.0 
81.921 376.0 
81.524 377.0 
81.535 378.0 
81.582 379.0 
81.582 380.0 
81.559 381.0 
81.687 382.0 
81.617 383.0 
81.547 384.0 
81.559 385.0 
81.64 386.0 
81.535 387.0 
81.5 388.0 
81.594 389.0 
81.582 390.0 
81.547 391.0 
81.524 392.0 
81.629 393.0 
81.465 394.0 
81.57 395.0 
81.652 396.0 
81.512 397.0 
81.582 398.0 
81.465 399.0 
81.535 400.0 
81.629 401.0 
81.605 402.0 
81.676 403.0 
81.582 404.0 
81.559 405.0 
81.477 406.0 
81.582 407.0 
81.535 408.0 
81.535 409.0 
81.489 410.0 
81.547 411.0 
81.629 412.0 
81.664 413.0 
81.629 414.0 
81.524 415.0 
81.582 416.0 
81.512 417.0 
81.617 418.0 
81.605 419.0 
81.524 420.0 
81.535 421.0 
81.57 422.0 
81.594 423.0 
81.489 424.0 
81.535 425.0 
81.582 426.0 
81.64 427.0 
81.547 428.0 
81.524 429.0 
81.5 430.0 
81.57 431.0 
81.582 432.0 
81.605 433.0 
81.489 434.0 
81.5 435.0 
81.535 436.0 
81.605 437.0 
81.454 438.0 
81.465 439.0 
81.524 440.0 
81.535 441.0 
81.512 442.0 
81.524 443.0 
81.535 444.0 
81.524 445.0 
81.489 446.0 
81.64 447.0 
81.605 448.0 
81.605 449.0 
81.851 450.0 
81.535 451.0 
81.535 452.0 
81.5 453.0 
81.465 454.0 
81.57 455.0 
81.57 456.0 
81.535 457.0 
81.454 458.0 
81.605 459.0 
81.64 460.0 
81.547 461.0 
81.5 462.0 
81.594 463.0 
81.559 464.0 
81.594 465.0 
81.605 466.0 
81.57 467.0 
81.477 468.0 
81.547 469.0 
81.512 470.0 
81.594 471.0 
81.535 472.0 
81.617 473.0 
81.547 474.0 
81.629 475.0 
81.547 476.0 
81.489 477.0 
81.5 478.0 
81.454 479.0 
81.547 480.0 
81.64 481.0 
81.524 482.0 
81.617 483.0 
81.512 484.0 
81.57 485.0 
81.5 486.0 
81.5 487.0 
81.594 488.0 
81.559 489.0 
81.547 490.0 
81.582 491.0 
81.605 492.0 
81.547 493.0 
81.605 494.0 
81.547 495.0 
81.5 496.0 
81.535 497.0 
81.582 498.0 
81.465 499.0 
81.489 500.0 
81.535 501.0 
81.605 502.0 
81.442 503.0 
81.465 504.0 
81.489 505.0 
81.524 506.0 
81.57 507.0 
81.629 508.0 
81.465 509.0 
81.454 510.0 
81.512 511.0 
81.535 512.0 
81.512 513.0 
81.559 514.0 
81.559 515.0 
81.547 516.0 
81.851 517.0 
81.337 518.0 
81.372 519.0 
81.43 520.0 
81.384 521.0 
81.407 522.0 
81.395 523.0 
81.384 524.0 
81.419 525.0 
81.407 526.0 
81.419 527.0 
81.348 528.0 
81.36 529.0 
81.255 530.0 
81.302 531.0 
81.43 532.0 
81.36 533.0 
81.302 534.0 
81.325 535.0 
81.267 536.0 
81.185 537.0 
81.15 538.0 
81.08 539.0 
81.057 540.0 
81.138 541.0 
81.127 542.0 
81.033 543.0 
80.975 544.0 
80.94 545.0 
80.905 546.0 
81.021 547.0 
80.963 548.0 
80.893 549.0 
80.846 550.0 
80.8 551.0 
80.881 552.0 
80.835 553.0 
80.765 554.0 
80.765 555.0 
80.916 556.0 
80.835 557.0 
80.788 558.0 
80.905 559.0 
80.858 560.0 
80.811 561.0 
80.753 562.0 
80.87 563.0 
80.823 564.0 
80.671 565.0 
80.881 566.0 
80.94 567.0 
80.741 568.0 
80.846 569.0 
80.8 570.0 
80.893 571.0 
80.823 572.0 
80.753 573.0 
80.788 574.0 
80.776 575.0 
80.893 576.0 
80.8 577.0 
80.765 578.0 
80.893 579.0 
80.835 580.0 
80.905 581.0 
80.87 582.0 
80.94 583.0 
80.87 584.0 
80.986 585.0 
80.893 586.0 
80.8 587.0 
80.893 588.0 
80.811 589.0 
80.846 590.0 
80.811 591.0 
80.858 592.0 
80.8 593.0 
80.858 594.0 
80.8 595.0 
80.916 596.0 
80.776 597.0 
80.87 598.0 
80.788 599.0 
80.846 600.0 
80.951 601.0 
80.835 602.0 
80.905 603.0 
80.846 604.0 
80.916 605.0 
80.8 606.0 
80.905 607.0 
80.8 608.0 
80.811 609.0 
80.94 610.0 
80.823 611.0 
80.951 612.0 
80.823 613.0 
80.846 614.0 
80.765 615.0 
80.823 616.0 
80.916 617.0 
80.811 618.0 
80.846 619.0 
80.554 620.0 
80.846 621.0 
80.846 622.0 
80.753 623.0 
80.823 624.0 
80.916 625.0 
80.765 626.0 
80.858 627.0 
80.916 628.0 
80.823 629.0 
80.846 630.0 
80.963 631.0 
80.718 632.0 
80.881 633.0 
80.94 634.0 
80.811 635.0 
80.87 636.0 
80.905 637.0 
80.8 638.0 
80.835 639.0 
80.916 640.0 
80.788 641.0 
80.858 642.0 
80.905 643.0 
80.765 644.0 
80.823 645.0 
80.846 646.0 
80.975 647.0 
80.788 648.0 
80.8 649.0 
80.893 650.0 
80.729 651.0 
80.8 652.0 
80.835 653.0 
80.881 654.0 
80.765 655.0 
80.8 656.0 
80.858 657.0 
80.881 658.0 
80.8 659.0 
80.905 660.0 
80.905 661.0 
80.963 662.0 
80.788 663.0 
80.835 664.0 
80.893 665.0 
80.94 666.0 
80.788 667.0 
80.811 668.0 
80.858 669.0 
80.858 670.0 
80.788 671.0 
80.823 672.0 
80.846 673.0 
80.881 674.0 
80.928 675.0 
80.753 676.0 
80.823 677.0 
80.823 678.0 
80.823 679.0 
80.94 680.0 
80.776 681.0 
80.765 682.0 
80.835 683.0 
80.893 684.0 
80.928 685.0 
80.94 686.0 
80.788 687.0 
80.811 688.0 
80.835 689.0 
80.881 690.0 
80.881 691.0 
80.963 692.0 
80.718 693.0 
80.788 694.0 
80.835 695.0 
80.858 696.0 
80.881 697.0 
80.881 698.0 
80.473 699.0 
80.765 700.0 
80.8 701.0 
80.788 702.0 
80.846 703.0 
80.811 704.0 
80.928 705.0 
80.928 706.0 
80.741 707.0 
80.788 708.0 
80.8 709.0 
80.835 710.0 
80.846 711.0 
80.858 712.0 
80.905 713.0 
80.916 714.0 
80.94 715.0 
80.765 716.0 
80.788 717.0 
80.811 718.0 
80.8 719.0 
80.835 720.0 
80.846 721.0 
80.881 722.0 
80.893 723.0 
80.94 724.0 
80.916 725.0 
80.729 726.0 
80.741 727.0 
80.811 728.0 
80.788 729.0 
80.788 730.0 
80.846 731.0 
80.858 732.0 
80.835 733.0 
80.846 734.0 
80.893 735.0 
80.87 736.0 
80.928 737.0 
80.928 738.0 
80.473 739.0 
80.741 740.0 
80.741 741.0 
80.741 742.0 
80.753 743.0 
80.776 744.0 
80.765 745.0 
80.765 746.0 
80.8 747.0 
80.8 748.0 
80.823 749.0 
80.8 750.0 
80.811 751.0 
80.811 752.0 
80.8 753.0 
80.835 754.0 
80.846 755.0 
80.835 756.0 
80.835 757.0 
80.811 758.0 
80.858 759.0 
80.858 760.0 
80.835 761.0 
80.893 762.0 
80.835 763.0 
80.87 764.0 
80.87 765.0 
80.846 766.0 
80.846 767.0 
80.87 768.0 
80.87 769.0 
80.858 770.0 
80.835 771.0 
80.835 772.0 
80.846 773.0 
80.858 774.0 
80.846 775.0 
80.858 776.0 
80.87 777.0 
80.846 778.0 
80.858 779.0 
80.87 780.0 
80.846 781.0 
80.846 782.0 
80.87 783.0 
80.846 784.0 
80.881 785.0 
80.858 786.0 
80.835 787.0 
80.846 788.0 
80.846 789.0 
80.835 790.0 
80.846 791.0 
80.846 792.0 
80.846 793.0 
80.846 794.0 
80.835 795.0 
80.811 796.0 
80.8 797.0 
80.8 798.0 
80.858 799.0 
80.858 800.0 
80.811 801.0 
80.823 802.0 
80.835 803.0 
80.846 804.0 
0.005 805.0 
0.006 806.0 
0.01 807.0 
0.004 808.0 
-0.006 809.0 
-0.008 810.0 
-0.019 811.0 
-0.023 812.0 
-0.034 813.0 
-0.036 814.0 
-0.049 815.0 
-0.055 816.0 
-0.054 817.0 
-0.066 818.0 
-0.061 819.0 
-0.053 820.0 
-0.058 821.0 
-0.058 822.0 
-0.059 823.0 
-0.055 824.0 
-0.055 825.0 
-0.05 826.0 
-0.037 827.0 
-0.03 828.0 
-0.03 829.0 
