-0.007 257.0 
-0.036 258.0 
-0.035 259.0 
-0.043 260.0 
-0.03 261.0 
-0.035 262.0 
-0.022 263.0 
-0.044 264.0 
0.002 265.0 
-0.014 266.0 
-0.029 267.0 
-0.055 268.0 
-0.037 269.0 
-0.047 270.0 
-0.013 271.0 
-0.035 272.0 
-0.032 273.0 
-0.029 274.0 
153.704 275.0 
150.398 276.0 
149.16 277.0 
147.432 278.0 
145.797 279.0 
143.636 280.0 
141.942 281.0 
139.42 282.0 
136.079 283.0 
135.086 284.0 
134.643 285.0 
134.362 286.0 
134.14 287.0 
133.837 288.0 
133.556 289.0 
133.44 290.0 
132.727 291.0 
132.458 292.0 
132.26 293.0 
132.166 294.0 
131.571 295.0 
131.477 296.0 
131.454 297.0 
130.858 298.0 
130.683 299.0 
130.683 300.0 
130.134 301.0 
130.146 302.0 
129.644 303.0 
129.539 304.0 
129.504 305.0 
128.885 306.0 
127.763 307.0 
125.322 308.0 
122.169 309.0 
118.046 310.0 
113.794 311.0 
108.959 312.0 
104.486 313.0 
99.721 314.0 
95.504 315.0 
91.171 316.0 
87.282 317.0 
83.895 318.0 
83.731 319.0 
83.486 320.0 
83.521 321.0 
83.346 322.0 
83.241 323.0 
83.299 324.0 
83.252 325.0 
83.077 326.0 
83.229 327.0 
83.171 328.0 
83.311 329.0 
83.264 330.0 
83.135 331.0 
83.264 332.0 
83.276 333.0 
83.159 334.0 
83.182 335.0 
83.229 336.0 
83.241 337.0 
83.124 338.0 
83.299 339.0 
83.194 340.0 
83.171 341.0 
83.206 342.0 
83.159 343.0 
83.182 344.0 
83.217 345.0 
83.194 346.0 
83.112 347.0 
83.217 348.0 
83.182 349.0 
83.182 350.0 
83.159 351.0 
83.217 352.0 
83.159 353.0 
83.089 354.0 
83.276 355.0 
83.194 356.0 
83.264 357.0 
83.171 358.0 
83.252 359.0 
83.182 360.0 
83.264 361.0 
83.159 362.0 
83.194 363.0 
83.124 364.0 
83.182 365.0 
83.194 366.0 
83.217 367.0 
83.112 368.0 
83.159 369.0 
83.206 370.0 
83.182 371.0 
83.217 372.0 
83.206 373.0 
83.206 374.0 
83.241 375.0 
83.276 376.0 
83.112 377.0 
83.182 378.0 
83.206 379.0 
83.159 380.0 
83.147 381.0 
83.311 382.0 
83.159 383.0 
83.194 384.0 
83.124 385.0 
83.252 386.0 
83.124 387.0 
83.1 388.0 
83.206 389.0 
83.194 390.0 
83.194 391.0 
83.147 392.0 
83.206 393.0 
83.124 394.0 
83.147 395.0 
83.264 396.0 
83.124 397.0 
83.171 398.0 
83.1 399.0 
83.112 400.0 
83.229 401.0 
83.206 402.0 
83.264 403.0 
83.217 404.0 
83.182 405.0 
83.112 406.0 
83.182 407.0 
83.135 408.0 
83.171 409.0 
83.089 410.0 
83.171 411.0 
83.194 412.0 
83.299 413.0 
83.217 414.0 
83.124 415.0 
83.182 416.0 
83.124 417.0 
83.276 418.0 
83.229 419.0 
83.112 420.0 
83.171 421.0 
83.229 422.0 
83.217 423.0 
83.135 424.0 
83.124 425.0 
83.252 426.0 
83.217 427.0 
83.124 428.0 
83.147 429.0 
83.077 430.0 
83.194 431.0 
83.194 432.0 
83.206 433.0 
83.077 434.0 
83.124 435.0 
83.135 436.0 
83.299 437.0 
83.112 438.0 
83.159 439.0 
83.135 440.0 
83.124 441.0 
83.147 442.0 
83.182 443.0 
83.147 444.0 
83.1 445.0 
83.124 446.0 
83.241 447.0 
83.229 448.0 
83.194 449.0 
83.498 450.0 
83.182 451.0 
83.159 452.0 
83.1 453.0 
83.1 454.0 
83.194 455.0 
83.194 456.0 
83.135 457.0 
83.112 458.0 
83.229 459.0 
83.206 460.0 
83.135 461.0 
83.112 462.0 
83.206 463.0 
83.171 464.0 
83.217 465.0 
83.241 466.0 
83.147 467.0 
83.077 468.0 
83.171 469.0 
83.135 470.0 
83.159 471.0 
83.124 472.0 
83.194 473.0 
83.171 474.0 
83.241 475.0 
83.147 476.0 
83.077 477.0 
83.159 478.0 
83.089 479.0 
83.171 480.0 
83.252 481.0 
83.147 482.0 
83.217 483.0 
83.147 484.0 
83.182 485.0 
83.1 486.0 
83.077 487.0 
83.217 488.0 
83.147 489.0 
83.147 490.0 
83.171 491.0 
83.206 492.0 
83.182 493.0 
83.206 494.0 
83.112 495.0 
83.124 496.0 
83.159 497.0 
83.206 498.0 
83.1 499.0 
83.1 500.0 
83.171 501.0 
83.182 502.0 
83.054 503.0 
83.089 504.0 
83.135 505.0 
83.135 506.0 
83.229 507.0 
83.182 508.0 
83.054 509.0 
83.077 510.0 
83.077 511.0 
83.1 512.0 
83.135 513.0 
83.124 514.0 
83.182 515.0 
83.171 516.0 
83.509 517.0 
82.995 518.0 
82.995 519.0 
83.019 520.0 
83.03 521.0 
83.042 522.0 
83.007 523.0 
82.995 524.0 
82.96 525.0 
83.019 526.0 
83.019 527.0 
82.96 528.0 
82.925 529.0 
82.89 530.0 
82.925 531.0 
83.054 532.0 
83.007 533.0 
82.96 534.0 
82.995 535.0 
82.949 536.0 
82.902 537.0 
82.808 538.0 
82.785 539.0 
82.773 540.0 
82.855 541.0 
82.797 542.0 
82.738 543.0 
82.703 544.0 
82.645 545.0 
82.598 546.0 
82.727 547.0 
82.622 548.0 
82.587 549.0 
82.575 550.0 
82.528 551.0 
82.622 552.0 
82.563 553.0 
82.528 554.0 
82.481 555.0 
82.61 556.0 
82.54 557.0 
82.481 558.0 
82.236 559.0 
82.598 560.0 
82.481 561.0 
82.481 562.0 
82.61 563.0 
82.516 564.0 
82.388 565.0 
82.622 566.0 
82.633 567.0 
82.47 568.0 
82.551 569.0 
82.505 570.0 
82.61 571.0 
82.54 572.0 
82.47 573.0 
82.528 574.0 
82.493 575.0 
82.622 576.0 
82.505 577.0 
82.505 578.0 
82.645 579.0 
82.551 580.0 
82.645 581.0 
82.563 582.0 
82.668 583.0 
82.622 584.0 
82.703 585.0 
82.61 586.0 
82.528 587.0 
82.598 588.0 
82.54 589.0 
82.622 590.0 
82.54 591.0 
82.598 592.0 
82.505 593.0 
82.528 594.0 
82.505 595.0 
82.61 596.0 
82.493 597.0 
82.622 598.0 
82.516 599.0 
82.575 600.0 
82.692 601.0 
82.575 602.0 
82.668 603.0 
82.551 604.0 
82.657 605.0 
82.516 606.0 
82.598 607.0 
82.458 608.0 
82.528 609.0 
82.633 610.0 
82.551 611.0 
82.598 612.0 
82.516 613.0 
82.598 614.0 
82.47 615.0 
82.575 616.0 
82.633 617.0 
82.505 618.0 
82.598 619.0 
82.201 620.0 
82.563 621.0 
82.551 622.0 
82.458 623.0 
82.563 624.0 
82.645 625.0 
82.505 626.0 
82.598 627.0 
82.633 628.0 
82.516 629.0 
82.563 630.0 
82.645 631.0 
82.458 632.0 
82.645 633.0 
82.633 634.0 
82.551 635.0 
82.587 636.0 
82.622 637.0 
82.516 638.0 
82.598 639.0 
82.633 640.0 
82.54 641.0 
82.575 642.0 
82.657 643.0 
82.47 644.0 
82.551 645.0 
82.587 646.0 
82.657 647.0 
82.505 648.0 
82.54 649.0 
82.587 650.0 
82.458 651.0 
82.505 652.0 
82.54 653.0 
82.633 654.0 
82.47 655.0 
82.528 656.0 
82.575 657.0 
82.622 658.0 
82.551 659.0 
82.587 660.0 
82.633 661.0 
82.692 662.0 
82.446 663.0 
82.563 664.0 
82.61 665.0 
82.668 666.0 
82.505 667.0 
82.528 668.0 
82.61 669.0 
82.657 670.0 
82.493 671.0 
82.516 672.0 
82.575 673.0 
82.598 674.0 
82.668 675.0 
82.505 676.0 
82.516 677.0 
82.575 678.0 
82.551 679.0 
82.692 680.0 
82.47 681.0 
82.493 682.0 
82.528 683.0 
82.633 684.0 
82.622 685.0 
82.68 686.0 
82.516 687.0 
82.505 688.0 
82.54 689.0 
82.575 690.0 
82.61 691.0 
82.657 692.0 
82.458 693.0 
82.551 694.0 
82.551 695.0 
82.587 696.0 
82.587 697.0 
82.575 698.0 
82.248 699.0 
82.47 700.0 
82.563 701.0 
82.528 702.0 
82.563 703.0 
82.61 704.0 
82.622 705.0 
82.657 706.0 
82.481 707.0 
82.481 708.0 
82.505 709.0 
82.54 710.0 
82.551 711.0 
82.587 712.0 
82.61 713.0 
82.622 714.0 
82.657 715.0 
82.47 716.0 
82.481 717.0 
82.528 718.0 
82.575 719.0 
82.551 720.0 
82.587 721.0 
82.575 722.0 
82.622 723.0 
82.622 724.0 
82.657 725.0 
82.493 726.0 
82.47 727.0 
82.505 728.0 
82.516 729.0 
82.551 730.0 
82.587 731.0 
82.563 732.0 
82.587 733.0 
82.575 734.0 
82.61 735.0 
82.61 736.0 
82.61 737.0 
82.622 738.0 
82.236 739.0 
82.458 740.0 
82.458 741.0 
82.458 742.0 
82.493 743.0 
82.458 744.0 
82.505 745.0 
82.516 746.0 
82.528 747.0 
82.528 748.0 
82.505 749.0 
82.505 750.0 
82.528 751.0 
82.493 752.0 
82.516 753.0 
82.575 754.0 
82.528 755.0 
82.563 756.0 
82.575 757.0 
82.563 758.0 
82.563 759.0 
82.575 760.0 
82.563 761.0 
82.575 762.0 
82.575 763.0 
82.61 764.0 
82.587 765.0 
82.575 766.0 
82.587 767.0 
82.54 768.0 
82.563 769.0 
82.587 770.0 
82.575 771.0 
82.575 772.0 
82.587 773.0 
82.598 774.0 
82.563 775.0 
82.575 776.0 
82.551 777.0 
82.563 778.0 
82.575 779.0 
82.575 780.0 
82.575 781.0 
82.563 782.0 
82.575 783.0 
82.563 784.0 
82.528 785.0 
82.587 786.0 
82.61 787.0 
82.563 788.0 
82.528 789.0 
82.598 790.0 
82.587 791.0 
82.587 792.0 
82.551 793.0 
82.563 794.0 
82.551 795.0 
82.54 796.0 
82.528 797.0 
82.551 798.0 
82.563 799.0 
82.54 800.0 
82.551 801.0 
82.563 802.0 
82.551 803.0 
82.54 804.0 
0.006 805.0 
0.014 806.0 
0.012 807.0 
0.013 808.0 
0.001 809.0 
0.008 810.0 
-0.001 811.0 
-0.004 812.0 
0.005 813.0 
0.0 814.0 
-0.002 815.0 
0.0 816.0 
-0.008 817.0 
-0.005 818.0 
-0.001 819.0 
-0.002 820.0 
-0.002 821.0 
-0.011 822.0 
-0.011 823.0 
-0.01 824.0 
-0.012 825.0 
-0.007 826.0 
-0.001 827.0 
-0.008 828.0 
-0.017 829.0 
