-0.028 257.0 
-0.05 258.0 
-0.05 259.0 
-0.034 260.0 
-0.028 261.0 
-0.043 262.0 
-0.042 263.0 
-0.031 264.0 
-0.025 265.0 
-0.047 266.0 
-0.059 267.0 
-0.03 268.0 
-0.034 269.0 
-0.019 270.0 
-0.04 271.0 
-0.05 272.0 
-0.047 273.0 
-0.041 274.0 
146.766 275.0 
143.741 276.0 
142.701 277.0 
141.242 278.0 
139.641 279.0 
137.703 280.0 
136.056 281.0 
133.393 282.0 
130.52 283.0 
129.083 284.0 
128.639 285.0 
128.242 286.0 
128.032 287.0 
127.693 288.0 
127.354 289.0 
126.595 290.0 
126.502 291.0 
126.257 292.0 
125.965 293.0 
125.474 294.0 
125.229 295.0 
125.089 296.0 
124.948 297.0 
124.388 298.0 
124.143 299.0 
123.804 300.0 
123.442 301.0 
123.337 302.0 
122.764 303.0 
122.601 304.0 
122.449 305.0 
121.865 306.0 
120.569 307.0 
118.128 308.0 
115.184 309.0 
111.318 310.0 
107.628 311.0 
103.248 312.0 
98.833 313.0 
94.395 314.0 
90.657 315.0 
86.826 316.0 
83.404 317.0 
80.706 318.0 
80.601 319.0 
80.414 320.0 
80.274 321.0 
80.286 322.0 
80.192 323.0 
80.251 324.0 
80.181 325.0 
80.052 326.0 
80.204 327.0 
80.11 328.0 
80.402 329.0 
80.192 330.0 
80.134 331.0 
80.437 332.0 
80.227 333.0 
80.099 334.0 
80.134 335.0 
80.145 336.0 
80.169 337.0 
80.075 338.0 
80.227 339.0 
80.122 340.0 
80.11 341.0 
80.099 342.0 
80.169 343.0 
80.145 344.0 
80.122 345.0 
80.075 346.0 
80.052 347.0 
80.134 348.0 
80.134 349.0 
80.169 350.0 
80.087 351.0 
80.145 352.0 
80.11 353.0 
80.064 354.0 
80.227 355.0 
80.145 356.0 
80.181 357.0 
80.087 358.0 
80.239 359.0 
80.134 360.0 
80.181 361.0 
80.122 362.0 
80.122 363.0 
80.099 364.0 
80.075 365.0 
80.134 366.0 
80.157 367.0 
80.122 368.0 
80.122 369.0 
80.134 370.0 
80.181 371.0 
80.169 372.0 
80.169 373.0 
80.204 374.0 
80.216 375.0 
80.484 376.0 
80.099 377.0 
80.099 378.0 
80.122 379.0 
80.157 380.0 
80.087 381.0 
80.122 382.0 
80.087 383.0 
80.11 384.0 
80.087 385.0 
80.181 386.0 
80.087 387.0 
80.04 388.0 
80.181 389.0 
80.134 390.0 
80.145 391.0 
80.099 392.0 
80.181 393.0 
80.029 394.0 
80.099 395.0 
80.227 396.0 
80.075 397.0 
80.145 398.0 
80.005 399.0 
80.075 400.0 
80.169 401.0 
80.122 402.0 
80.216 403.0 
80.169 404.0 
80.11 405.0 
80.052 406.0 
80.157 407.0 
80.075 408.0 
80.145 409.0 
80.099 410.0 
80.122 411.0 
80.181 412.0 
80.484 413.0 
80.157 414.0 
80.122 415.0 
80.122 416.0 
80.052 417.0 
80.157 418.0 
80.122 419.0 
80.075 420.0 
80.099 421.0 
80.169 422.0 
80.192 423.0 
80.064 424.0 
80.122 425.0 
80.145 426.0 
80.192 427.0 
80.099 428.0 
80.134 429.0 
80.11 430.0 
80.192 431.0 
80.145 432.0 
80.192 433.0 
80.052 434.0 
80.087 435.0 
80.087 436.0 
80.181 437.0 
80.075 438.0 
80.029 439.0 
80.075 440.0 
80.04 441.0 
80.099 442.0 
80.087 443.0 
80.122 444.0 
80.087 445.0 
80.075 446.0 
80.169 447.0 
80.157 448.0 
80.157 449.0 
80.391 450.0 
80.11 451.0 
80.122 452.0 
80.052 453.0 
80.04 454.0 
80.181 455.0 
80.145 456.0 
80.075 457.0 
80.064 458.0 
80.145 459.0 
80.169 460.0 
80.122 461.0 
80.122 462.0 
80.192 463.0 
80.134 464.0 
80.099 465.0 
80.192 466.0 
80.11 467.0 
80.04 468.0 
80.145 469.0 
80.134 470.0 
80.075 471.0 
80.122 472.0 
79.97 473.0 
80.122 474.0 
80.192 475.0 
80.134 476.0 
80.04 477.0 
80.099 478.0 
80.029 479.0 
80.087 480.0 
80.192 481.0 
80.099 482.0 
80.169 483.0 
80.11 484.0 
80.145 485.0 
80.052 486.0 
80.099 487.0 
80.169 488.0 
80.075 489.0 
80.122 490.0 
80.169 491.0 
80.11 492.0 
80.075 493.0 
80.134 494.0 
80.052 495.0 
80.087 496.0 
80.099 497.0 
80.169 498.0 
80.04 499.0 
80.064 500.0 
80.029 501.0 
80.169 502.0 
80.052 503.0 
80.064 504.0 
80.075 505.0 
80.099 506.0 
80.005 507.0 
80.075 508.0 
79.947 509.0 
80.005 510.0 
80.11 511.0 
80.099 512.0 
80.122 513.0 
80.122 514.0 
80.134 515.0 
80.122 516.0 
80.484 517.0 
79.959 518.0 
79.994 519.0 
80.005 520.0 
79.97 521.0 
80.029 522.0 
80.017 523.0 
80.017 524.0 
80.029 525.0 
80.005 526.0 
80.005 527.0 
79.959 528.0 
79.959 529.0 
79.982 530.0 
79.924 531.0 
80.11 532.0 
80.274 533.0 
79.97 534.0 
80.052 535.0 
79.982 536.0 
79.924 537.0 
79.83 538.0 
79.83 539.0 
79.807 540.0 
79.924 541.0 
79.842 542.0 
79.83 543.0 
79.795 544.0 
79.702 545.0 
79.69 546.0 
79.795 547.0 
79.678 548.0 
79.713 549.0 
79.643 550.0 
79.573 551.0 
79.713 552.0 
79.643 553.0 
79.608 554.0 
79.573 555.0 
79.678 556.0 
79.62 557.0 
79.597 558.0 
79.398 559.0 
79.643 560.0 
79.597 561.0 
79.55 562.0 
79.69 563.0 
79.573 564.0 
79.55 565.0 
79.702 566.0 
79.737 567.0 
79.562 568.0 
79.62 569.0 
79.632 570.0 
79.713 571.0 
79.643 572.0 
79.538 573.0 
79.655 574.0 
79.597 575.0 
80.087 576.0 
79.597 577.0 
79.585 578.0 
79.737 579.0 
79.643 580.0 
79.713 581.0 
79.655 582.0 
79.748 583.0 
79.69 584.0 
79.48 585.0 
79.678 586.0 
79.632 587.0 
79.713 588.0 
79.62 589.0 
79.725 590.0 
79.597 591.0 
79.702 592.0 
79.573 593.0 
79.655 594.0 
79.62 595.0 
79.655 596.0 
79.608 597.0 
79.608 598.0 
79.573 599.0 
79.608 600.0 
79.748 601.0 
79.678 602.0 
79.725 603.0 
79.632 604.0 
79.713 605.0 
79.585 606.0 
79.702 607.0 
79.585 608.0 
79.678 609.0 
79.748 610.0 
79.655 611.0 
79.69 612.0 
79.608 613.0 
79.69 614.0 
79.562 615.0 
79.55 616.0 
79.713 617.0 
79.585 618.0 
79.655 619.0 
79.515 620.0 
79.608 621.0 
79.69 622.0 
79.562 623.0 
79.655 624.0 
79.748 625.0 
79.608 626.0 
79.678 627.0 
79.725 628.0 
79.62 629.0 
79.678 630.0 
79.783 631.0 
79.62 632.0 
79.678 633.0 
79.9 634.0 
79.608 635.0 
79.713 636.0 
79.748 637.0 
79.62 638.0 
79.573 639.0 
79.725 640.0 
79.562 641.0 
79.597 642.0 
79.69 643.0 
79.562 644.0 
79.562 645.0 
79.678 646.0 
79.69 647.0 
79.585 648.0 
79.643 649.0 
79.702 650.0 
79.573 651.0 
79.585 652.0 
79.632 653.0 
79.725 654.0 
79.573 655.0 
79.562 656.0 
79.678 657.0 
79.737 658.0 
79.573 659.0 
79.678 660.0 
79.702 661.0 
79.713 662.0 
79.608 663.0 
79.643 664.0 
79.702 665.0 
79.725 666.0 
79.585 667.0 
79.643 668.0 
79.69 669.0 
79.737 670.0 
79.573 671.0 
79.62 672.0 
79.62 673.0 
79.655 674.0 
79.725 675.0 
79.585 676.0 
79.585 677.0 
79.643 678.0 
79.69 679.0 
79.737 680.0 
79.562 681.0 
79.62 682.0 
79.678 683.0 
79.69 684.0 
79.667 685.0 
79.76 686.0 
79.573 687.0 
79.632 688.0 
79.69 689.0 
79.69 690.0 
79.737 691.0 
79.69 692.0 
79.573 693.0 
79.608 694.0 
79.643 695.0 
79.667 696.0 
79.678 697.0 
79.713 698.0 
79.515 699.0 
79.62 700.0 
79.608 701.0 
79.62 702.0 
79.667 703.0 
79.702 704.0 
79.713 705.0 
79.737 706.0 
79.597 707.0 
79.585 708.0 
79.585 709.0 
79.632 710.0 
79.667 711.0 
79.678 712.0 
79.678 713.0 
79.702 714.0 
79.55 715.0 
79.573 716.0 
79.538 717.0 
79.608 718.0 
79.608 719.0 
79.632 720.0 
79.678 721.0 
79.643 722.0 
79.69 723.0 
79.69 724.0 
79.748 725.0 
79.526 726.0 
79.573 727.0 
79.597 728.0 
79.597 729.0 
79.655 730.0 
79.655 731.0 
79.667 732.0 
79.655 733.0 
79.69 734.0 
79.678 735.0 
79.678 736.0 
79.702 737.0 
79.737 738.0 
79.515 739.0 
79.55 740.0 
79.515 741.0 
79.573 742.0 
79.562 743.0 
79.585 744.0 
79.608 745.0 
79.62 746.0 
79.597 747.0 
79.608 748.0 
79.62 749.0 
79.643 750.0 
79.643 751.0 
79.62 752.0 
79.632 753.0 
79.62 754.0 
79.643 755.0 
79.643 756.0 
79.667 757.0 
79.655 758.0 
79.608 759.0 
79.655 760.0 
79.678 761.0 
79.667 762.0 
79.678 763.0 
79.643 764.0 
79.678 765.0 
79.655 766.0 
79.678 767.0 
79.678 768.0 
79.678 769.0 
79.667 770.0 
79.702 771.0 
79.678 772.0 
79.655 773.0 
79.69 774.0 
79.655 775.0 
79.667 776.0 
79.667 777.0 
79.655 778.0 
79.667 779.0 
79.667 780.0 
79.655 781.0 
79.69 782.0 
79.643 783.0 
79.655 784.0 
79.667 785.0 
79.667 786.0 
79.655 787.0 
79.667 788.0 
79.678 789.0 
79.713 790.0 
79.667 791.0 
79.667 792.0 
79.655 793.0 
79.62 794.0 
79.643 795.0 
79.667 796.0 
79.678 797.0 
79.632 798.0 
79.655 799.0 
79.678 800.0 
79.655 801.0 
79.632 802.0 
79.632 803.0 
79.678 804.0 
0.005 805.0 
0.0 806.0 
-0.004 807.0 
-0.005 808.0 
0.002 809.0 
-0.004 810.0 
-0.014 811.0 
-0.031 812.0 
-0.041 813.0 
-0.044 814.0 
-0.044 815.0 
-0.038 816.0 
-0.053 817.0 
-0.058 818.0 
-0.058 819.0 
-0.059 820.0 
-0.056 821.0 
-0.048 822.0 
-0.047 823.0 
-0.042 824.0 
-0.043 825.0 
-0.031 826.0 
-0.042 827.0 
-0.04 828.0 
-0.032 829.0 
