-0.042 257.0 
-0.066 258.0 
-0.061 259.0 
-0.065 260.0 
-0.064 261.0 
-0.062 262.0 
-0.069 263.0 
-0.054 264.0 
-0.049 265.0 
-0.18 266.0 
-0.055 267.0 
-0.025 268.0 
-0.035 269.0 
-0.053 270.0 
-0.03 271.0 
-0.052 272.0 
-0.035 273.0 
-0.037 274.0 
149.966 275.0 
147.175 276.0 
146.054 277.0 
144.36 278.0 
142.62 279.0 
140.19 280.0 
138.111 281.0 
135.729 282.0 
131.91 283.0 
130.263 284.0 
129.76 285.0 
129.387 286.0 
129.165 287.0 
128.814 288.0 
128.499 289.0 
127.763 290.0 
127.565 291.0 
127.366 292.0 
127.168 293.0 
126.782 294.0 
126.408 295.0 
126.187 296.0 
126.046 297.0 
125.544 298.0 
125.322 299.0 
125.019 300.0 
124.668 301.0 
124.551 302.0 
124.002 303.0 
123.909 304.0 
123.582 305.0 
123.08 306.0 
121.772 307.0 
119.296 308.0 
116.13 309.0 
112.007 310.0 
108.048 311.0 
103.692 312.0 
99.51 313.0 
94.92 314.0 
90.972 315.0 
87.095 316.0 
83.696 317.0 
81.021 318.0 
80.94 319.0 
80.694 320.0 
80.589 321.0 
80.554 322.0 
80.449 323.0 
80.496 324.0 
80.461 325.0 
80.332 326.0 
80.473 327.0 
80.367 328.0 
80.578 329.0 
80.473 330.0 
80.414 331.0 
80.671 332.0 
80.519 333.0 
80.402 334.0 
80.297 335.0 
80.473 336.0 
80.461 337.0 
80.367 338.0 
80.613 339.0 
80.402 340.0 
80.402 341.0 
80.379 342.0 
80.484 343.0 
80.426 344.0 
80.391 345.0 
80.356 346.0 
80.367 347.0 
80.426 348.0 
80.437 349.0 
80.461 350.0 
80.391 351.0 
80.449 352.0 
80.402 353.0 
80.309 354.0 
80.379 355.0 
80.426 356.0 
80.461 357.0 
80.402 358.0 
80.473 359.0 
80.426 360.0 
80.484 361.0 
80.367 362.0 
80.449 363.0 
80.344 364.0 
80.391 365.0 
80.437 366.0 
80.402 367.0 
80.367 368.0 
80.402 369.0 
80.402 370.0 
80.426 371.0 
80.496 372.0 
80.473 373.0 
80.461 374.0 
80.484 375.0 
80.648 376.0 
80.332 377.0 
80.379 378.0 
80.391 379.0 
80.391 380.0 
80.426 381.0 
80.449 382.0 
80.367 383.0 
80.356 384.0 
80.367 385.0 
80.484 386.0 
80.379 387.0 
80.332 388.0 
80.437 389.0 
80.437 390.0 
80.437 391.0 
80.379 392.0 
80.484 393.0 
80.332 394.0 
80.414 395.0 
80.508 396.0 
80.344 397.0 
80.402 398.0 
80.251 399.0 
80.297 400.0 
80.449 401.0 
80.426 402.0 
80.496 403.0 
80.449 404.0 
80.344 405.0 
80.332 406.0 
80.402 407.0 
80.332 408.0 
80.402 409.0 
80.344 410.0 
80.402 411.0 
80.437 412.0 
80.788 413.0 
80.461 414.0 
80.367 415.0 
80.426 416.0 
80.367 417.0 
80.473 418.0 
80.414 419.0 
80.356 420.0 
80.367 421.0 
80.402 422.0 
80.449 423.0 
80.379 424.0 
80.379 425.0 
80.414 426.0 
80.449 427.0 
80.367 428.0 
80.402 429.0 
80.402 430.0 
80.437 431.0 
80.449 432.0 
80.461 433.0 
80.332 434.0 
80.344 435.0 
80.367 436.0 
80.426 437.0 
80.344 438.0 
80.274 439.0 
80.321 440.0 
80.367 441.0 
80.367 442.0 
80.356 443.0 
80.356 444.0 
80.367 445.0 
80.321 446.0 
80.449 447.0 
80.461 448.0 
80.449 449.0 
80.765 450.0 
80.367 451.0 
80.391 452.0 
80.367 453.0 
80.297 454.0 
80.449 455.0 
80.391 456.0 
80.367 457.0 
80.344 458.0 
80.426 459.0 
80.437 460.0 
80.414 461.0 
80.356 462.0 
80.461 463.0 
80.426 464.0 
80.379 465.0 
80.461 466.0 
80.414 467.0 
80.356 468.0 
80.461 469.0 
80.367 470.0 
80.297 471.0 
80.391 472.0 
80.239 473.0 
80.414 474.0 
80.473 475.0 
80.379 476.0 
80.297 477.0 
80.402 478.0 
80.297 479.0 
80.402 480.0 
80.473 481.0 
80.356 482.0 
80.473 483.0 
80.344 484.0 
80.426 485.0 
80.332 486.0 
80.344 487.0 
80.426 488.0 
80.332 489.0 
80.391 490.0 
80.414 491.0 
80.391 492.0 
80.379 493.0 
80.414 494.0 
80.344 495.0 
80.321 496.0 
80.414 497.0 
80.426 498.0 
80.332 499.0 
80.321 500.0 
80.402 501.0 
80.414 502.0 
80.274 503.0 
80.286 504.0 
80.332 505.0 
80.356 506.0 
80.297 507.0 
80.402 508.0 
80.227 509.0 
80.309 510.0 
80.332 511.0 
80.367 512.0 
80.402 513.0 
80.367 514.0 
80.391 515.0 
80.414 516.0 
80.741 517.0 
80.239 518.0 
80.251 519.0 
80.286 520.0 
80.274 521.0 
80.274 522.0 
80.309 523.0 
80.297 524.0 
80.297 525.0 
80.286 526.0 
80.262 527.0 
80.239 528.0 
80.274 529.0 
80.216 530.0 
80.204 531.0 
80.344 532.0 
80.601 533.0 
80.297 534.0 
80.262 535.0 
80.239 536.0 
80.192 537.0 
80.122 538.0 
80.122 539.0 
80.029 540.0 
80.192 541.0 
80.099 542.0 
80.075 543.0 
80.029 544.0 
79.994 545.0 
79.935 546.0 
80.064 547.0 
80.017 548.0 
79.97 549.0 
79.924 550.0 
79.865 551.0 
79.982 552.0 
79.924 553.0 
79.83 554.0 
79.818 555.0 
79.959 556.0 
79.924 557.0 
79.865 558.0 
79.655 559.0 
79.924 560.0 
79.889 561.0 
79.83 562.0 
79.947 563.0 
79.818 564.0 
79.818 565.0 
79.947 566.0 
79.959 567.0 
79.807 568.0 
79.865 569.0 
79.865 570.0 
79.959 571.0 
79.889 572.0 
79.807 573.0 
79.889 574.0 
79.818 575.0 
80.192 576.0 
79.877 577.0 
79.877 578.0 
79.97 579.0 
79.9 580.0 
80.005 581.0 
79.935 582.0 
79.982 583.0 
79.97 584.0 
79.643 585.0 
79.935 586.0 
79.854 587.0 
79.959 588.0 
79.877 589.0 
79.947 590.0 
79.877 591.0 
79.935 592.0 
79.9 593.0 
79.912 594.0 
79.854 595.0 
79.947 596.0 
79.865 597.0 
79.912 598.0 
79.865 599.0 
79.924 600.0 
80.04 601.0 
79.877 602.0 
79.982 603.0 
79.889 604.0 
80.005 605.0 
79.865 606.0 
79.959 607.0 
79.865 608.0 
79.889 609.0 
80.029 610.0 
79.9 611.0 
79.959 612.0 
79.877 613.0 
79.889 614.0 
79.83 615.0 
79.818 616.0 
80.005 617.0 
79.865 618.0 
79.97 619.0 
79.76 620.0 
79.9 621.0 
79.924 622.0 
79.865 623.0 
79.912 624.0 
79.982 625.0 
79.842 626.0 
79.959 627.0 
80.005 628.0 
79.865 629.0 
79.924 630.0 
79.994 631.0 
79.9 632.0 
79.935 633.0 
80.099 634.0 
79.877 635.0 
79.947 636.0 
80.017 637.0 
79.854 638.0 
79.854 639.0 
79.994 640.0 
79.842 641.0 
79.865 642.0 
79.935 643.0 
79.818 644.0 
79.842 645.0 
79.959 646.0 
79.994 647.0 
79.83 648.0 
79.935 649.0 
79.982 650.0 
79.83 651.0 
79.854 652.0 
79.889 653.0 
80.005 654.0 
79.807 655.0 
79.83 656.0 
79.9 657.0 
79.994 658.0 
79.865 659.0 
79.947 660.0 
79.935 661.0 
79.959 662.0 
79.854 663.0 
79.912 664.0 
79.947 665.0 
80.005 666.0 
79.865 667.0 
79.912 668.0 
79.947 669.0 
79.982 670.0 
79.865 671.0 
79.889 672.0 
79.935 673.0 
79.947 674.0 
79.959 675.0 
79.842 676.0 
79.877 677.0 
79.924 678.0 
79.959 679.0 
79.97 680.0 
79.807 681.0 
79.83 682.0 
79.912 683.0 
79.935 684.0 
79.935 685.0 
80.017 686.0 
79.83 687.0 
79.9 688.0 
79.912 689.0 
79.935 690.0 
79.959 691.0 
79.97 692.0 
79.83 693.0 
79.865 694.0 
79.865 695.0 
79.912 696.0 
79.889 697.0 
79.97 698.0 
79.772 699.0 
79.818 700.0 
79.877 701.0 
79.889 702.0 
79.9 703.0 
79.935 704.0 
79.959 705.0 
79.982 706.0 
79.842 707.0 
79.854 708.0 
79.865 709.0 
79.842 710.0 
79.924 711.0 
79.947 712.0 
79.982 713.0 
79.982 714.0 
79.783 715.0 
79.83 716.0 
79.83 717.0 
79.877 718.0 
79.877 719.0 
79.865 720.0 
79.935 721.0 
79.912 722.0 
79.935 723.0 
79.959 724.0 
79.994 725.0 
79.807 726.0 
79.854 727.0 
79.865 728.0 
79.877 729.0 
79.9 730.0 
79.924 731.0 
79.935 732.0 
79.97 733.0 
79.912 734.0 
79.959 735.0 
79.877 736.0 
79.959 737.0 
80.029 738.0 
79.783 739.0 
79.83 740.0 
79.807 741.0 
79.842 742.0 
79.842 743.0 
79.865 744.0 
79.854 745.0 
79.865 746.0 
79.865 747.0 
79.865 748.0 
79.865 749.0 
79.877 750.0 
79.889 751.0 
79.912 752.0 
79.889 753.0 
79.865 754.0 
79.924 755.0 
79.924 756.0 
79.912 757.0 
79.912 758.0 
79.9 759.0 
79.924 760.0 
79.889 761.0 
79.935 762.0 
79.9 763.0 
79.924 764.0 
79.935 765.0 
79.935 766.0 
79.947 767.0 
79.924 768.0 
79.935 769.0 
79.912 770.0 
79.935 771.0 
79.924 772.0 
79.924 773.0 
79.9 774.0 
79.924 775.0 
79.935 776.0 
79.924 777.0 
79.924 778.0 
79.889 779.0 
79.9 780.0 
79.935 781.0 
79.889 782.0 
79.924 783.0 
79.912 784.0 
79.947 785.0 
79.924 786.0 
79.924 787.0 
79.912 788.0 
79.912 789.0 
79.9 790.0 
79.912 791.0 
79.912 792.0 
79.947 793.0 
79.912 794.0 
79.889 795.0 
79.935 796.0 
79.9 797.0 
79.912 798.0 
79.924 799.0 
79.924 800.0 
79.889 801.0 
79.877 802.0 
79.889 803.0 
79.9 804.0 
-0.004 805.0 
0.001 806.0 
-0.005 807.0 
-0.01 808.0 
0.0 809.0 
-0.006 810.0 
0.005 811.0 
0.007 812.0 
0.001 813.0 
0.0 814.0 
-0.002 815.0 
0.0 816.0 
-0.011 817.0 
-0.018 818.0 
-0.016 819.0 
-0.011 820.0 
-0.012 821.0 
-0.016 822.0 
-0.026 823.0 
-0.03 824.0 
-0.029 825.0 
-0.023 826.0 
-0.023 827.0 
-0.023 828.0 
-0.025 829.0 
