-0.022 257.0 
-0.044 258.0 
-0.04 259.0 
-0.016 260.0 
-0.04 261.0 
-0.047 262.0 
-0.031 263.0 
-0.029 264.0 
-0.035 265.0 
-0.043 266.0 
-0.046 267.0 
-0.03 268.0 
-0.02 269.0 
-0.035 270.0 
-0.024 271.0 
-0.041 272.0 
-0.037 273.0 
-0.032 274.0 
849.587 275.0 
844.249 276.0 
838.214 277.0 
829.743 278.0 
822.084 279.0 
815.469 280.0 
810.827 281.0 
808.042 282.0 
804.096 283.0 
801.775 284.0 
799.57 285.0 
798.41 286.0 
797.83 287.0 
796.669 288.0 
795.393 289.0 
794.812 290.0 
791.911 291.0 
790.519 292.0 
789.938 293.0 
790.17 294.0 
787.501 295.0 
787.269 296.0 
787.501 297.0 
785.064 298.0 
784.948 299.0 
785.645 300.0 
783.208 301.0 
783.44 302.0 
780.771 303.0 
781.931 304.0 
782.279 305.0 
781.003 306.0 
780.655 307.0 
779.03 308.0 
779.726 309.0 
777.985 310.0 
778.334 311.0 
776.709 312.0 
777.405 313.0 
775.781 314.0 
776.477 315.0 
776.245 316.0 
776.361 317.0 
775.2 318.0 
775.548 319.0 
774.852 320.0 
771.139 321.0 
774.736 322.0 
774.04 323.0 
774.62 324.0 
774.504 325.0 
775.432 326.0 
774.388 327.0 
773.227 328.0 
774.736 329.0 
774.156 330.0 
773.227 331.0 
773.692 332.0 
773.692 333.0 
772.995 334.0 
774.62 335.0 
773.808 336.0 
773.344 337.0 
772.415 338.0 
773.808 339.0 
772.647 340.0 
772.995 341.0 
772.647 342.0 
774.04 343.0 
772.879 344.0 
772.647 345.0 
772.067 346.0 
771.603 347.0 
772.879 348.0 
773.111 349.0 
772.647 350.0 
772.299 351.0 
772.531 352.0 
771.951 353.0 
768.353 354.0 
772.531 355.0 
772.299 356.0 
772.879 357.0 
772.299 358.0 
772.531 359.0 
772.183 360.0 
772.531 361.0 
771.951 362.0 
772.299 363.0 
771.603 364.0 
771.835 365.0 
772.183 366.0 
772.067 367.0 
771.603 368.0 
772.067 369.0 
771.951 370.0 
772.183 371.0 
771.951 372.0 
772.415 373.0 
772.415 374.0 
772.183 375.0 
773.576 376.0 
770.558 377.0 
771.719 378.0 
771.719 379.0 
771.371 380.0 
771.719 381.0 
772.879 382.0 
771.835 383.0 
771.603 384.0 
771.255 385.0 
772.647 386.0 
771.139 387.0 
770.906 388.0 
771.951 389.0 
772.299 390.0 
772.183 391.0 
771.371 392.0 
772.183 393.0 
770.79 394.0 
771.603 395.0 
772.647 396.0 
770.79 397.0 
771.603 398.0 
770.558 399.0 
770.674 400.0 
772.299 401.0 
772.067 402.0 
772.531 403.0 
771.835 404.0 
771.487 405.0 
771.371 406.0 
771.603 407.0 
771.487 408.0 
772.067 409.0 
771.255 410.0 
771.719 411.0 
771.835 412.0 
775.432 413.0 
771.835 414.0 
770.906 415.0 
771.719 416.0 
770.79 417.0 
772.647 418.0 
771.719 419.0 
770.906 420.0 
771.255 421.0 
772.067 422.0 
771.719 423.0 
771.487 424.0 
771.023 425.0 
771.719 426.0 
771.835 427.0 
771.139 428.0 
771.371 429.0 
770.906 430.0 
772.067 431.0 
771.603 432.0 
771.951 433.0 
770.674 434.0 
771.139 435.0 
771.487 436.0 
772.415 437.0 
770.442 438.0 
770.79 439.0 
771.371 440.0 
771.371 441.0 
770.906 442.0 
771.255 443.0 
771.255 444.0 
771.255 445.0 
771.023 446.0 
771.951 447.0 
771.603 448.0 
771.835 449.0 
774.388 450.0 
771.139 451.0 
770.79 452.0 
770.906 453.0 
770.906 454.0 
771.487 455.0 
771.371 456.0 
770.906 457.0 
770.558 458.0 
772.183 459.0 
771.835 460.0 
771.487 461.0 
771.371 462.0 
771.835 463.0 
771.603 464.0 
771.951 465.0 
772.183 466.0 
771.139 467.0 
770.674 468.0 
771.603 469.0 
771.371 470.0 
771.139 471.0 
771.139 472.0 
772.067 473.0 
771.139 474.0 
771.719 475.0 
771.255 476.0 
770.674 477.0 
771.139 478.0 
770.326 479.0 
770.79 480.0 
771.835 481.0 
771.255 482.0 
771.835 483.0 
770.79 484.0 
771.371 485.0 
770.558 486.0 
770.21 487.0 
771.487 488.0 
771.023 489.0 
771.023 490.0 
771.139 491.0 
770.906 492.0 
770.558 493.0 
771.139 494.0 
770.094 495.0 
770.326 496.0 
770.79 497.0 
771.023 498.0 
769.978 499.0 
769.63 500.0 
770.558 501.0 
771.023 502.0 
769.514 503.0 
769.862 504.0 
769.862 505.0 
769.978 506.0 
766.961 507.0 
773.46 508.0 
769.282 509.0 
769.398 510.0 
769.63 511.0 
769.746 512.0 
769.862 513.0 
770.094 514.0 
769.862 515.0 
770.326 516.0 
770.442 517.0 
768.934 518.0 
769.05 519.0 
769.05 520.0 
768.934 521.0 
769.398 522.0 
769.282 523.0 
769.166 524.0 
769.05 525.0 
769.282 526.0 
769.166 527.0 
768.818 528.0 
768.818 529.0 
768.353 530.0 
768.586 531.0 
770.094 532.0 
769.746 533.0 
769.05 534.0 
769.862 535.0 
769.514 536.0 
769.282 537.0 
769.282 538.0 
768.818 539.0 
768.586 540.0 
770.21 541.0 
770.094 542.0 
769.514 543.0 
769.398 544.0 
769.166 545.0 
768.934 546.0 
770.326 547.0 
769.514 548.0 
769.398 549.0 
769.166 550.0 
769.282 551.0 
769.514 552.0 
769.398 553.0 
768.702 554.0 
769.05 555.0 
769.746 556.0 
769.282 557.0 
768.702 558.0 
768.237 559.0 
769.398 560.0 
768.702 561.0 
768.005 562.0 
769.398 563.0 
769.05 564.0 
767.425 565.0 
769.398 566.0 
768.702 567.0 
768.237 568.0 
769.514 569.0 
768.818 570.0 
769.746 571.0 
768.818 572.0 
768.353 573.0 
768.702 574.0 
768.702 575.0 
769.746 576.0 
768.818 577.0 
768.818 578.0 
770.094 579.0 
769.282 580.0 
769.862 581.0 
769.746 582.0 
770.094 583.0 
769.514 584.0 
770.79 585.0 
769.746 586.0 
768.934 587.0 
769.978 588.0 
768.934 589.0 
770.094 590.0 
768.934 591.0 
769.398 592.0 
768.934 593.0 
769.398 594.0 
768.702 595.0 
769.514 596.0 
768.934 597.0 
769.862 598.0 
768.934 599.0 
769.746 600.0 
770.21 601.0 
769.514 602.0 
770.21 603.0 
769.282 604.0 
769.746 605.0 
768.934 606.0 
769.63 607.0 
768.586 608.0 
769.398 609.0 
770.326 610.0 
769.05 611.0 
769.746 612.0 
768.934 613.0 
769.978 614.0 
768.702 615.0 
769.166 616.0 
769.746 617.0 
768.818 618.0 
769.63 619.0 
764.06 620.0 
768.934 621.0 
769.514 622.0 
768.818 623.0 
769.166 624.0 
770.21 625.0 
769.05 626.0 
769.514 627.0 
770.21 628.0 
768.934 629.0 
769.746 630.0 
770.442 631.0 
768.353 632.0 
769.514 633.0 
770.21 634.0 
769.05 635.0 
769.862 636.0 
769.978 637.0 
768.818 638.0 
769.514 639.0 
769.978 640.0 
768.818 641.0 
769.282 642.0 
769.978 643.0 
768.702 644.0 
769.166 645.0 
769.63 646.0 
770.326 647.0 
768.934 648.0 
769.166 649.0 
769.862 650.0 
768.702 651.0 
769.05 652.0 
768.934 653.0 
769.862 654.0 
768.702 655.0 
769.05 656.0 
769.05 657.0 
769.862 658.0 
768.818 659.0 
769.282 660.0 
769.978 661.0 
770.21 662.0 
768.818 663.0 
769.282 664.0 
769.746 665.0 
770.326 666.0 
768.934 667.0 
769.05 668.0 
769.978 669.0 
769.862 670.0 
768.934 671.0 
768.818 672.0 
769.05 673.0 
769.398 674.0 
769.862 675.0 
768.818 676.0 
769.05 677.0 
769.398 678.0 
769.514 679.0 
770.094 680.0 
768.47 681.0 
768.818 682.0 
769.514 683.0 
769.746 684.0 
770.21 685.0 
770.326 686.0 
768.818 687.0 
769.166 688.0 
769.398 689.0 
769.746 690.0 
770.094 691.0 
769.978 692.0 
768.47 693.0 
769.05 694.0 
769.398 695.0 
768.934 696.0 
769.978 697.0 
769.514 698.0 
766.961 699.0 
768.702 700.0 
768.934 701.0 
769.398 702.0 
769.862 703.0 
769.514 704.0 
770.442 705.0 
770.21 706.0 
768.586 707.0 
768.586 708.0 
769.166 709.0 
769.514 710.0 
769.63 711.0 
769.746 712.0 
770.094 713.0 
769.862 714.0 
770.326 715.0 
768.47 716.0 
768.47 717.0 
768.818 718.0 
769.05 719.0 
769.282 720.0 
769.282 721.0 
769.746 722.0 
769.978 723.0 
769.978 724.0 
770.326 725.0 
768.47 726.0 
768.353 727.0 
768.818 728.0 
769.398 729.0 
769.398 730.0 
769.282 731.0 
769.398 732.0 
769.282 733.0 
769.514 734.0 
769.862 735.0 
769.746 736.0 
769.978 737.0 
769.978 738.0 
767.193 739.0 
768.237 740.0 
768.586 741.0 
768.818 742.0 
768.702 743.0 
768.818 744.0 
769.05 745.0 
768.818 746.0 
768.934 747.0 
769.05 748.0 
769.05 749.0 
769.166 750.0 
769.166 751.0 
769.05 752.0 
769.282 753.0 
768.934 754.0 
769.166 755.0 
769.166 756.0 
769.514 757.0 
769.05 758.0 
769.514 759.0 
769.514 760.0 
769.398 761.0 
769.63 762.0 
769.514 763.0 
769.514 764.0 
769.63 765.0 
769.746 766.0 
769.63 767.0 
769.746 768.0 
769.746 769.0 
770.094 770.0 
769.63 771.0 
769.398 772.0 
769.166 773.0 
769.63 774.0 
769.282 775.0 
769.398 776.0 
769.514 777.0 
769.514 778.0 
769.282 779.0 
769.282 780.0 
768.818 781.0 
769.398 782.0 
769.514 783.0 
769.282 784.0 
769.282 785.0 
769.398 786.0 
769.282 787.0 
769.514 788.0 
769.746 789.0 
769.746 790.0 
769.514 791.0 
769.282 792.0 
769.282 793.0 
768.818 794.0 
769.05 795.0 
768.818 796.0 
769.166 797.0 
769.05 798.0 
768.934 799.0 
768.934 800.0 
769.05 801.0 
769.05 802.0 
769.05 803.0 
769.166 804.0 
0.098 805.0 
0.111 806.0 
0.111 807.0 
0.089 808.0 
0.077 809.0 
0.03 810.0 
-0.01 811.0 
-0.064 812.0 
-0.132 813.0 
-0.181 814.0 
-0.228 815.0 
-0.273 816.0 
-0.309 817.0 
-0.335 818.0 
-0.367 819.0 
-0.376 820.0 
-0.389 821.0 
-0.401 822.0 
-0.398 823.0 
-0.387 824.0 
-0.371 825.0 
-0.346 826.0 
-0.32 827.0 
-0.302 828.0 
-0.266 829.0 
