-0.034 257.0 
-0.037 258.0 
-0.038 259.0 
-0.017 260.0 
-0.012 261.0 
-0.038 262.0 
-0.052 263.0 
-0.031 264.0 
-0.036 265.0 
-0.037 266.0 
-0.058 267.0 
-0.026 268.0 
-0.055 269.0 
-0.028 270.0 
-0.04 271.0 
-0.04 272.0 
-0.046 273.0 
-0.022 274.0 
845.641 275.0 
840.419 276.0 
833.805 277.0 
824.985 278.0 
817.79 279.0 
811.059 280.0 
805.837 281.0 
802.588 282.0 
798.178 283.0 
794.812 284.0 
793.188 285.0 
791.563 286.0 
790.635 287.0 
788.778 288.0 
788.314 289.0 
787.269 290.0 
784.368 291.0 
783.208 292.0 
782.859 293.0 
782.511 294.0 
780.074 295.0 
779.842 296.0 
780.074 297.0 
777.637 298.0 
777.173 299.0 
777.753 300.0 
775.316 301.0 
775.781 302.0 
772.879 303.0 
773.808 304.0 
774.388 305.0 
772.995 306.0 
772.415 307.0 
770.906 308.0 
771.487 309.0 
769.514 310.0 
770.21 311.0 
768.818 312.0 
769.63 313.0 
768.005 314.0 
768.586 315.0 
768.005 316.0 
768.586 317.0 
766.961 318.0 
768.121 319.0 
766.961 320.0 
765.104 321.0 
766.961 322.0 
765.568 323.0 
766.265 324.0 
765.916 325.0 
765.8 326.0 
765.8 327.0 
764.756 328.0 
769.862 329.0 
765.452 330.0 
764.524 331.0 
767.425 332.0 
765.336 333.0 
764.872 334.0 
764.988 335.0 
765.452 336.0 
765.104 337.0 
764.292 338.0 
765.568 339.0 
764.292 340.0 
764.408 341.0 
764.292 342.0 
761.275 343.0 
764.176 344.0 
763.712 345.0 
763.363 346.0 
763.015 347.0 
764.524 348.0 
763.944 349.0 
764.292 350.0 
763.479 351.0 
763.944 352.0 
763.479 353.0 
761.623 354.0 
764.292 355.0 
764.06 356.0 
764.408 357.0 
763.595 358.0 
764.524 359.0 
764.06 360.0 
764.408 361.0 
763.595 362.0 
763.595 363.0 
763.015 364.0 
763.015 365.0 
763.131 366.0 
763.363 367.0 
762.899 368.0 
763.131 369.0 
763.363 370.0 
763.479 371.0 
763.595 372.0 
763.828 373.0 
764.176 374.0 
764.176 375.0 
766.729 376.0 
762.319 377.0 
763.131 378.0 
763.479 379.0 
763.595 380.0 
763.247 381.0 
764.292 382.0 
763.015 383.0 
763.015 384.0 
762.551 385.0 
763.828 386.0 
762.203 387.0 
762.435 388.0 
763.247 389.0 
763.479 390.0 
763.363 391.0 
763.015 392.0 
763.479 393.0 
762.435 394.0 
763.247 395.0 
764.176 396.0 
762.667 397.0 
763.363 398.0 
761.971 399.0 
762.667 400.0 
764.06 401.0 
763.131 402.0 
763.828 403.0 
763.015 404.0 
762.899 405.0 
762.551 406.0 
763.131 407.0 
762.783 408.0 
763.247 409.0 
762.203 410.0 
762.899 411.0 
763.479 412.0 
767.077 413.0 
763.712 414.0 
762.667 415.0 
763.363 416.0 
762.551 417.0 
764.524 418.0 
763.479 419.0 
762.551 420.0 
763.015 421.0 
763.363 422.0 
763.479 423.0 
762.435 424.0 
762.087 425.0 
763.247 426.0 
763.479 427.0 
762.551 428.0 
762.667 429.0 
762.899 430.0 
763.247 431.0 
763.712 432.0 
763.479 433.0 
762.551 434.0 
762.551 435.0 
762.783 436.0 
763.828 437.0 
761.855 438.0 
762.783 439.0 
762.899 440.0 
763.015 441.0 
762.667 442.0 
762.667 443.0 
762.551 444.0 
762.203 445.0 
762.203 446.0 
763.479 447.0 
763.131 448.0 
763.131 449.0 
765.22 450.0 
762.551 451.0 
762.783 452.0 
762.435 453.0 
762.551 454.0 
763.363 455.0 
763.131 456.0 
762.551 457.0 
762.203 458.0 
763.363 459.0 
763.363 460.0 
763.247 461.0 
762.551 462.0 
763.131 463.0 
762.899 464.0 
763.131 465.0 
763.479 466.0 
762.783 467.0 
762.319 468.0 
763.015 469.0 
762.435 470.0 
762.551 471.0 
762.667 472.0 
763.944 473.0 
762.899 474.0 
763.712 475.0 
763.015 476.0 
762.319 477.0 
762.899 478.0 
761.855 479.0 
762.899 480.0 
763.712 481.0 
762.899 482.0 
763.363 483.0 
762.087 484.0 
763.015 485.0 
761.971 486.0 
762.087 487.0 
762.899 488.0 
762.435 489.0 
762.783 490.0 
763.015 491.0 
762.435 492.0 
762.667 493.0 
763.015 494.0 
762.319 495.0 
761.159 496.0 
762.667 497.0 
763.131 498.0 
761.623 499.0 
762.087 500.0 
762.899 501.0 
762.899 502.0 
761.507 503.0 
761.391 504.0 
761.391 505.0 
761.855 506.0 
759.302 507.0 
765.22 508.0 
761.159 509.0 
761.275 510.0 
761.739 511.0 
761.971 512.0 
761.855 513.0 
762.087 514.0 
762.203 515.0 
762.435 516.0 
764.06 517.0 
760.694 518.0 
761.042 519.0 
761.042 520.0 
761.042 521.0 
761.275 522.0 
761.275 523.0 
761.042 524.0 
760.81 525.0 
760.694 526.0 
761.042 527.0 
760.694 528.0 
760.694 529.0 
760.462 530.0 
760.926 531.0 
761.855 532.0 
762.087 533.0 
761.739 534.0 
762.087 535.0 
761.855 536.0 
761.507 537.0 
761.275 538.0 
760.926 539.0 
761.042 540.0 
762.435 541.0 
761.739 542.0 
761.623 543.0 
761.275 544.0 
760.926 545.0 
760.462 546.0 
761.739 547.0 
761.507 548.0 
761.275 549.0 
760.694 550.0 
759.998 551.0 
761.507 552.0 
761.391 553.0 
760.926 554.0 
760.694 555.0 
761.855 556.0 
761.391 557.0 
760.81 558.0 
761.855 559.0 
761.391 560.0 
760.694 561.0 
759.998 562.0 
761.507 563.0 
760.346 564.0 
759.418 565.0 
761.159 566.0 
760.462 567.0 
760.23 568.0 
761.042 569.0 
760.346 570.0 
761.739 571.0 
760.694 572.0 
760.346 573.0 
761.275 574.0 
760.346 575.0 
761.623 576.0 
761.159 577.0 
760.81 578.0 
761.971 579.0 
761.275 580.0 
761.855 581.0 
761.507 582.0 
762.087 583.0 
761.159 584.0 
762.551 585.0 
761.391 586.0 
760.926 587.0 
761.623 588.0 
760.694 589.0 
761.623 590.0 
760.926 591.0 
761.623 592.0 
760.81 593.0 
761.275 594.0 
761.159 595.0 
761.971 596.0 
760.578 597.0 
761.507 598.0 
760.694 599.0 
761.855 600.0 
762.435 601.0 
761.391 602.0 
762.087 603.0 
760.926 604.0 
761.855 605.0 
760.694 606.0 
761.623 607.0 
760.81 608.0 
761.391 609.0 
761.971 610.0 
760.926 611.0 
761.739 612.0 
760.81 613.0 
761.971 614.0 
760.694 615.0 
761.391 616.0 
761.855 617.0 
760.346 618.0 
761.391 619.0 
757.097 620.0 
761.159 621.0 
761.739 622.0 
760.694 623.0 
761.042 624.0 
761.739 625.0 
760.694 626.0 
761.507 627.0 
762.203 628.0 
761.159 629.0 
761.159 630.0 
761.971 631.0 
760.694 632.0 
761.623 633.0 
762.435 634.0 
761.042 635.0 
761.623 636.0 
761.855 637.0 
761.275 638.0 
761.507 639.0 
762.203 640.0 
760.926 641.0 
761.275 642.0 
761.623 643.0 
760.23 644.0 
760.926 645.0 
761.391 646.0 
762.203 647.0 
760.462 648.0 
761.042 649.0 
761.507 650.0 
760.23 651.0 
760.694 652.0 
761.275 653.0 
761.739 654.0 
760.578 655.0 
760.926 656.0 
761.275 657.0 
761.971 658.0 
760.81 659.0 
761.623 660.0 
761.971 661.0 
762.435 662.0 
760.462 663.0 
760.926 664.0 
761.159 665.0 
762.203 666.0 
760.578 667.0 
761.042 668.0 
761.391 669.0 
762.203 670.0 
760.81 671.0 
760.926 672.0 
761.159 673.0 
761.507 674.0 
761.855 675.0 
760.578 676.0 
761.042 677.0 
761.507 678.0 
761.623 679.0 
762.087 680.0 
760.578 681.0 
760.81 682.0 
761.507 683.0 
761.275 684.0 
761.623 685.0 
762.203 686.0 
760.694 687.0 
760.926 688.0 
761.042 689.0 
761.391 690.0 
761.623 691.0 
762.203 692.0 
760.346 693.0 
760.694 694.0 
761.275 695.0 
761.739 696.0 
761.391 697.0 
761.507 698.0 
759.186 699.0 
760.462 700.0 
760.926 701.0 
761.391 702.0 
761.042 703.0 
761.159 704.0 
761.507 705.0 
761.855 706.0 
760.578 707.0 
760.578 708.0 
760.462 709.0 
761.042 710.0 
761.159 711.0 
761.623 712.0 
761.971 713.0 
762.203 714.0 
760.81 715.0 
760.462 716.0 
760.694 717.0 
761.159 718.0 
761.159 719.0 
761.159 720.0 
761.391 721.0 
761.739 722.0 
761.739 723.0 
761.855 724.0 
762.203 725.0 
760.346 726.0 
760.346 727.0 
760.694 728.0 
760.694 729.0 
761.042 730.0 
761.042 731.0 
761.623 732.0 
761.507 733.0 
761.855 734.0 
761.739 735.0 
761.855 736.0 
762.087 737.0 
762.203 738.0 
756.981 739.0 
760.114 740.0 
760.462 741.0 
760.694 742.0 
760.346 743.0 
760.81 744.0 
761.042 745.0 
760.694 746.0 
760.694 747.0 
760.81 748.0 
760.694 749.0 
761.159 750.0 
761.159 751.0 
761.159 752.0 
760.926 753.0 
761.159 754.0 
761.391 755.0 
761.275 756.0 
761.275 757.0 
761.275 758.0 
761.391 759.0 
761.391 760.0 
761.623 761.0 
761.275 762.0 
761.391 763.0 
761.391 764.0 
761.623 765.0 
761.391 766.0 
761.739 767.0 
761.391 768.0 
761.623 769.0 
761.391 770.0 
761.507 771.0 
761.042 772.0 
761.623 773.0 
761.623 774.0 
761.855 775.0 
761.623 776.0 
761.739 777.0 
761.623 778.0 
761.391 779.0 
761.391 780.0 
761.507 781.0 
761.507 782.0 
761.391 783.0 
761.042 784.0 
761.507 785.0 
761.275 786.0 
761.159 787.0 
761.159 788.0 
761.042 789.0 
761.159 790.0 
761.159 791.0 
761.507 792.0 
761.391 793.0 
761.275 794.0 
760.926 795.0 
761.042 796.0 
761.042 797.0 
760.926 798.0 
761.042 799.0 
760.926 800.0 
761.159 801.0 
761.159 802.0 
761.042 803.0 
760.694 804.0 
0.102 805.0 
0.108 806.0 
0.134 807.0 
0.123 808.0 
0.135 809.0 
0.15 810.0 
0.145 811.0 
0.151 812.0 
0.134 813.0 
0.137 814.0 
0.131 815.0 
0.123 816.0 
0.114 817.0 
0.092 818.0 
0.081 819.0 
0.074 820.0 
0.055 821.0 
0.04 822.0 
0.022 823.0 
0.004 824.0 
-0.008 825.0 
-0.025 826.0 
-0.032 827.0 
-0.048 828.0 
-0.06 829.0 
