-0.048 257.0 
-0.044 258.0 
-0.017 259.0 
-0.031 260.0 
-0.028 261.0 
-0.034 262.0 
-0.031 263.0 
-0.04 264.0 
-0.012 265.0 
-0.023 266.0 
-0.04 267.0 
-0.041 268.0 
-0.037 269.0 
-0.032 270.0 
-0.022 271.0 
-0.026 272.0 
-0.028 273.0 
-0.029 274.0 
845.99 275.0 
840.883 276.0 
835.661 277.0 
827.306 278.0 
819.415 279.0 
813.148 280.0 
808.39 281.0 
803.98 282.0 
799.106 283.0 
796.785 284.0 
794.696 285.0 
793.304 286.0 
792.259 287.0 
791.099 288.0 
789.59 289.0 
786.689 290.0 
785.645 291.0 
784.716 292.0 
784.136 293.0 
781.815 294.0 
781.235 295.0 
781.003 296.0 
781.003 297.0 
778.334 298.0 
777.985 299.0 
778.682 300.0 
775.781 301.0 
776.477 302.0 
773.692 303.0 
774.156 304.0 
774.968 305.0 
772.995 306.0 
772.763 307.0 
771.487 308.0 
771.951 309.0 
770.094 310.0 
770.558 311.0 
769.166 312.0 
769.862 313.0 
768.47 314.0 
768.934 315.0 
768.47 316.0 
768.702 317.0 
767.425 318.0 
767.889 319.0 
767.309 320.0 
765.8 321.0 
766.845 322.0 
766.149 323.0 
766.613 324.0 
766.149 325.0 
766.265 326.0 
765.916 327.0 
764.872 328.0 
769.978 329.0 
765.684 330.0 
765.104 331.0 
768.47 332.0 
765.684 333.0 
764.872 334.0 
764.988 335.0 
765.336 336.0 
765.336 337.0 
763.944 338.0 
768.005 339.0 
764.872 340.0 
764.64 341.0 
764.176 342.0 
762.783 343.0 
764.524 344.0 
764.292 345.0 
764.06 346.0 
763.595 347.0 
762.899 348.0 
764.408 349.0 
764.408 350.0 
763.828 351.0 
764.524 352.0 
763.944 353.0 
762.319 354.0 
762.783 355.0 
763.944 356.0 
764.408 357.0 
763.944 358.0 
764.756 359.0 
764.06 360.0 
764.292 361.0 
763.595 362.0 
763.828 363.0 
763.015 364.0 
763.363 365.0 
763.944 366.0 
763.595 367.0 
763.247 368.0 
763.712 369.0 
763.828 370.0 
763.479 371.0 
763.944 372.0 
764.06 373.0 
764.176 374.0 
764.756 375.0 
766.845 376.0 
762.783 377.0 
763.479 378.0 
763.595 379.0 
763.595 380.0 
763.712 381.0 
764.292 382.0 
763.363 383.0 
763.247 384.0 
763.247 385.0 
763.828 386.0 
762.667 387.0 
762.899 388.0 
763.363 389.0 
763.247 390.0 
763.247 391.0 
763.247 392.0 
764.06 393.0 
762.899 394.0 
763.595 395.0 
764.176 396.0 
763.247 397.0 
763.595 398.0 
762.551 399.0 
763.015 400.0 
763.944 401.0 
763.595 402.0 
763.944 403.0 
763.595 404.0 
763.015 405.0 
762.667 406.0 
763.479 407.0 
763.131 408.0 
763.479 409.0 
762.551 410.0 
763.247 411.0 
764.06 412.0 
766.961 413.0 
763.828 414.0 
763.015 415.0 
763.712 416.0 
762.899 417.0 
763.944 418.0 
763.712 419.0 
762.899 420.0 
763.363 421.0 
763.712 422.0 
763.595 423.0 
762.667 424.0 
762.783 425.0 
763.479 426.0 
763.363 427.0 
762.435 428.0 
763.131 429.0 
763.131 430.0 
763.479 431.0 
763.479 432.0 
763.944 433.0 
762.783 434.0 
763.015 435.0 
763.247 436.0 
763.828 437.0 
762.899 438.0 
762.435 439.0 
762.783 440.0 
763.363 441.0 
762.783 442.0 
763.015 443.0 
762.899 444.0 
762.783 445.0 
762.551 446.0 
763.595 447.0 
763.595 448.0 
763.363 449.0 
766.033 450.0 
763.131 451.0 
763.131 452.0 
762.899 453.0 
762.551 454.0 
763.479 455.0 
761.159 456.0 
763.015 457.0 
762.667 458.0 
763.712 459.0 
764.06 460.0 
763.247 461.0 
762.899 462.0 
764.06 463.0 
763.131 464.0 
763.247 465.0 
763.595 466.0 
763.363 467.0 
762.551 468.0 
763.363 469.0 
762.899 470.0 
762.551 471.0 
763.015 472.0 
761.159 473.0 
763.015 474.0 
763.944 475.0 
763.131 476.0 
762.667 477.0 
763.015 478.0 
762.203 479.0 
763.247 480.0 
763.828 481.0 
762.899 482.0 
763.131 483.0 
761.855 484.0 
762.667 485.0 
761.971 486.0 
761.507 487.0 
763.015 488.0 
762.319 489.0 
761.855 490.0 
762.667 491.0 
762.435 492.0 
762.087 493.0 
762.667 494.0 
761.971 495.0 
761.623 496.0 
762.551 497.0 
762.783 498.0 
761.507 499.0 
761.971 500.0 
762.087 501.0 
762.435 502.0 
761.159 503.0 
761.042 504.0 
761.623 505.0 
761.507 506.0 
759.65 507.0 
763.944 508.0 
760.694 509.0 
760.81 510.0 
761.159 511.0 
761.507 512.0 
761.623 513.0 
761.739 514.0 
761.739 515.0 
761.739 516.0 
764.988 517.0 
760.346 518.0 
760.462 519.0 
760.81 520.0 
760.926 521.0 
761.042 522.0 
760.694 523.0 
760.694 524.0 
760.578 525.0 
760.578 526.0 
760.578 527.0 
759.882 528.0 
760.23 529.0 
759.882 530.0 
760.114 531.0 
761.623 532.0 
761.739 533.0 
761.391 534.0 
761.623 535.0 
761.623 536.0 
760.926 537.0 
760.23 538.0 
760.694 539.0 
760.81 540.0 
761.855 541.0 
761.623 542.0 
761.275 543.0 
761.159 544.0 
760.462 545.0 
760.114 546.0 
761.391 547.0 
760.694 548.0 
760.694 549.0 
760.346 550.0 
759.766 551.0 
761.159 552.0 
761.275 553.0 
760.462 554.0 
760.578 555.0 
761.971 556.0 
761.159 557.0 
760.694 558.0 
755.704 559.0 
761.042 560.0 
760.81 561.0 
759.766 562.0 
760.81 563.0 
760.462 564.0 
759.534 565.0 
761.159 566.0 
760.346 567.0 
759.882 568.0 
760.694 569.0 
760.23 570.0 
761.507 571.0 
760.926 572.0 
760.346 573.0 
760.926 574.0 
760.578 575.0 
764.524 576.0 
760.578 577.0 
760.694 578.0 
761.275 579.0 
760.694 580.0 
761.971 581.0 
761.275 582.0 
760.926 583.0 
761.042 584.0 
762.203 585.0 
761.275 586.0 
760.346 587.0 
761.275 588.0 
760.578 589.0 
761.159 590.0 
760.346 591.0 
761.275 592.0 
760.462 593.0 
761.507 594.0 
760.694 595.0 
760.578 596.0 
760.462 597.0 
761.275 598.0 
760.578 599.0 
761.623 600.0 
762.319 601.0 
761.275 602.0 
761.739 603.0 
760.926 604.0 
761.855 605.0 
760.346 606.0 
761.391 607.0 
760.23 608.0 
760.926 609.0 
761.855 610.0 
760.578 611.0 
761.507 612.0 
760.81 613.0 
761.507 614.0 
760.23 615.0 
760.346 616.0 
761.507 617.0 
760.346 618.0 
761.042 619.0 
758.025 620.0 
760.926 621.0 
761.159 622.0 
760.114 623.0 
760.926 624.0 
761.507 625.0 
760.346 626.0 
761.159 627.0 
761.739 628.0 
760.462 629.0 
760.926 630.0 
761.739 631.0 
760.23 632.0 
761.275 633.0 
764.292 634.0 
760.462 635.0 
761.623 636.0 
761.855 637.0 
760.578 638.0 
761.159 639.0 
761.855 640.0 
760.578 641.0 
760.926 642.0 
761.391 643.0 
760.23 644.0 
760.694 645.0 
761.159 646.0 
761.855 647.0 
760.346 648.0 
760.578 649.0 
761.507 650.0 
759.766 651.0 
760.462 652.0 
760.926 653.0 
761.623 654.0 
760.346 655.0 
760.694 656.0 
761.042 657.0 
761.623 658.0 
760.81 659.0 
761.159 660.0 
761.507 661.0 
762.087 662.0 
760.114 663.0 
761.042 664.0 
761.391 665.0 
761.971 666.0 
760.578 667.0 
760.81 668.0 
761.159 669.0 
761.507 670.0 
760.114 671.0 
760.694 672.0 
761.159 673.0 
761.507 674.0 
761.391 675.0 
760.114 676.0 
760.694 677.0 
761.275 678.0 
761.507 679.0 
761.855 680.0 
760.346 681.0 
760.462 682.0 
760.578 683.0 
761.275 684.0 
761.507 685.0 
761.855 686.0 
759.998 687.0 
760.346 688.0 
760.926 689.0 
761.391 690.0 
761.507 691.0 
762.203 692.0 
760.114 693.0 
760.694 694.0 
760.926 695.0 
761.159 696.0 
761.507 697.0 
761.391 698.0 
758.838 699.0 
760.346 700.0 
761.042 701.0 
760.81 702.0 
760.926 703.0 
761.507 704.0 
761.739 705.0 
761.739 706.0 
760.462 707.0 
760.462 708.0 
760.462 709.0 
760.694 710.0 
761.042 711.0 
761.159 712.0 
761.275 713.0 
761.391 714.0 
761.042 715.0 
760.23 716.0 
760.462 717.0 
760.23 718.0 
760.694 719.0 
761.159 720.0 
761.275 721.0 
761.159 722.0 
761.275 723.0 
761.623 724.0 
761.855 725.0 
760.114 726.0 
760.23 727.0 
760.462 728.0 
760.462 729.0 
760.694 730.0 
760.81 731.0 
760.926 732.0 
761.159 733.0 
761.391 734.0 
761.275 735.0 
761.623 736.0 
761.855 737.0 
761.623 738.0 
759.766 739.0 
760.23 740.0 
760.578 741.0 
760.346 742.0 
759.998 743.0 
759.998 744.0 
760.462 745.0 
760.694 746.0 
760.462 747.0 
760.578 748.0 
760.694 749.0 
760.694 750.0 
760.926 751.0 
761.159 752.0 
760.694 753.0 
760.926 754.0 
760.926 755.0 
760.346 756.0 
760.926 757.0 
760.694 758.0 
761.042 759.0 
761.391 760.0 
761.159 761.0 
761.159 762.0 
760.81 763.0 
761.275 764.0 
761.042 765.0 
761.159 766.0 
761.042 767.0 
761.159 768.0 
760.81 769.0 
761.275 770.0 
760.694 771.0 
761.159 772.0 
761.159 773.0 
761.391 774.0 
761.507 775.0 
761.159 776.0 
761.159 777.0 
760.81 778.0 
760.81 779.0 
761.042 780.0 
760.926 781.0 
761.042 782.0 
760.81 783.0 
760.926 784.0 
760.81 785.0 
760.694 786.0 
761.042 787.0 
760.926 788.0 
761.275 789.0 
760.81 790.0 
760.926 791.0 
761.042 792.0 
761.159 793.0 
760.926 794.0 
760.926 795.0 
760.694 796.0 
760.694 797.0 
760.462 798.0 
760.926 799.0 
760.81 800.0 
761.159 801.0 
760.926 802.0 
760.462 803.0 
760.462 804.0 
0.099 805.0 
0.108 806.0 
0.09 807.0 
0.068 808.0 
0.029 809.0 
-0.022 810.0 
-0.085 811.0 
-0.147 812.0 
-0.212 813.0 
-0.26 814.0 
-0.309 815.0 
-0.334 816.0 
-0.361 817.0 
-0.386 818.0 
-0.393 819.0 
-0.394 820.0 
-0.38 821.0 
-0.374 822.0 
-0.357 823.0 
-0.334 824.0 
-0.297 825.0 
-0.268 826.0 
-0.238 827.0 
-0.205 828.0 
-0.174 829.0 
