-0.024 257.0 
-0.03 258.0 
-0.04 259.0 
-0.034 260.0 
-0.026 261.0 
-0.025 262.0 
-0.032 263.0 
-0.035 264.0 
-0.03 265.0 
-0.054 266.0 
-0.006 267.0 
-0.006 268.0 
-0.016 269.0 
-0.031 270.0 
-0.026 271.0 
-0.031 272.0 
-0.032 273.0 
-0.028 274.0 
148.483 275.0 
145.353 276.0 
143.94 277.0 
142.363 278.0 
140.623 279.0 
138.392 280.0 
136.465 281.0 
133.486 282.0 
130.858 283.0 
129.527 284.0 
129.118 285.0 
128.709 286.0 
128.546 287.0 
128.219 288.0 
127.985 289.0 
127.343 290.0 
127.133 291.0 
126.911 292.0 
126.642 293.0 
126.327 294.0 
126.011 295.0 
125.848 296.0 
125.719 297.0 
125.194 298.0 
125.03 299.0 
124.715 300.0 
124.318 301.0 
124.224 302.0 
123.734 303.0 
123.64 304.0 
123.664 305.0 
122.858 306.0 
121.631 307.0 
119.237 308.0 
116.516 309.0 
112.626 310.0 
108.48 311.0 
103.89 312.0 
99.662 313.0 
95.201 314.0 
90.692 315.0 
86.324 316.0 
82.376 317.0 
79.526 318.0 
79.433 319.0 
79.211 320.0 
79.083 321.0 
79.071 322.0 
79.013 323.0 
79.036 324.0 
78.978 325.0 
78.884 326.0 
78.989 327.0 
78.907 328.0 
78.978 329.0 
78.989 330.0 
78.884 331.0 
79.094 332.0 
79.013 333.0 
78.931 334.0 
78.849 335.0 
79.013 336.0 
78.989 337.0 
78.896 338.0 
79.129 339.0 
78.931 340.0 
78.919 341.0 
78.896 342.0 
79.129 343.0 
78.942 344.0 
78.896 345.0 
78.884 346.0 
78.884 347.0 
78.978 348.0 
79.013 349.0 
78.942 350.0 
78.919 351.0 
78.978 352.0 
78.931 353.0 
78.872 354.0 
78.896 355.0 
78.942 356.0 
78.978 357.0 
78.931 358.0 
78.978 359.0 
78.942 360.0 
79.013 361.0 
78.954 362.0 
78.978 363.0 
78.884 364.0 
78.896 365.0 
78.919 366.0 
78.954 367.0 
78.896 368.0 
78.884 369.0 
78.942 370.0 
78.931 371.0 
78.954 372.0 
78.966 373.0 
79.013 374.0 
79.013 375.0 
79.118 376.0 
78.884 377.0 
78.942 378.0 
78.919 379.0 
78.919 380.0 
78.931 381.0 
79.013 382.0 
78.942 383.0 
78.942 384.0 
78.919 385.0 
79.013 386.0 
78.884 387.0 
78.896 388.0 
78.978 389.0 
78.919 390.0 
78.931 391.0 
78.919 392.0 
79.013 393.0 
78.849 394.0 
78.954 395.0 
79.024 396.0 
78.884 397.0 
78.954 398.0 
78.826 399.0 
78.896 400.0 
79.001 401.0 
78.931 402.0 
79.036 403.0 
78.989 404.0 
78.919 405.0 
78.872 406.0 
78.931 407.0 
78.884 408.0 
78.954 409.0 
78.861 410.0 
78.896 411.0 
78.966 412.0 
79.363 413.0 
78.954 414.0 
78.907 415.0 
78.931 416.0 
78.884 417.0 
78.966 418.0 
78.942 419.0 
78.861 420.0 
78.942 421.0 
78.954 422.0 
78.989 423.0 
78.896 424.0 
78.907 425.0 
78.919 426.0 
78.989 427.0 
78.896 428.0 
78.942 429.0 
78.884 430.0 
78.942 431.0 
78.978 432.0 
78.966 433.0 
78.872 434.0 
78.884 435.0 
78.919 436.0 
78.966 437.0 
78.884 438.0 
78.849 439.0 
78.907 440.0 
78.907 441.0 
78.896 442.0 
78.907 443.0 
78.896 444.0 
78.884 445.0 
78.861 446.0 
78.966 447.0 
78.966 448.0 
78.942 449.0 
79.34 450.0 
78.896 451.0 
78.884 452.0 
78.907 453.0 
78.849 454.0 
78.931 455.0 
78.744 456.0 
78.872 457.0 
78.872 458.0 
78.931 459.0 
78.978 460.0 
78.966 461.0 
78.896 462.0 
78.978 463.0 
78.966 464.0 
78.919 465.0 
78.989 466.0 
78.907 467.0 
78.861 468.0 
78.942 469.0 
78.884 470.0 
78.861 471.0 
78.931 472.0 
78.861 473.0 
78.931 474.0 
79.001 475.0 
78.954 476.0 
78.872 477.0 
78.884 478.0 
78.837 479.0 
78.942 480.0 
79.001 481.0 
78.919 482.0 
78.989 483.0 
78.884 484.0 
78.942 485.0 
78.861 486.0 
78.849 487.0 
78.954 488.0 
78.884 489.0 
78.919 490.0 
78.978 491.0 
78.931 492.0 
78.907 493.0 
78.954 494.0 
78.861 495.0 
78.849 496.0 
78.919 497.0 
78.942 498.0 
78.826 499.0 
78.849 500.0 
78.919 501.0 
78.954 502.0 
78.814 503.0 
78.826 504.0 
78.872 505.0 
78.896 506.0 
78.872 507.0 
78.954 508.0 
78.826 509.0 
78.849 510.0 
78.872 511.0 
78.861 512.0 
78.872 513.0 
78.896 514.0 
78.919 515.0 
78.919 516.0 
79.246 517.0 
78.721 518.0 
78.756 519.0 
78.826 520.0 
78.791 521.0 
78.802 522.0 
78.814 523.0 
78.791 524.0 
78.779 525.0 
78.802 526.0 
78.814 527.0 
78.709 528.0 
78.779 529.0 
78.721 530.0 
78.732 531.0 
78.826 532.0 
78.826 533.0 
78.779 534.0 
78.791 535.0 
78.732 536.0 
78.721 537.0 
78.65 538.0 
78.592 539.0 
78.592 540.0 
78.732 541.0 
78.639 542.0 
78.627 543.0 
78.569 544.0 
78.557 545.0 
78.522 546.0 
78.65 547.0 
78.545 548.0 
78.534 549.0 
78.475 550.0 
78.417 551.0 
78.534 552.0 
78.499 553.0 
78.452 554.0 
78.464 555.0 
78.534 556.0 
78.499 557.0 
78.44 558.0 
78.043 559.0 
78.534 560.0 
78.475 561.0 
78.394 562.0 
78.51 563.0 
78.475 564.0 
78.335 565.0 
78.522 566.0 
78.557 567.0 
78.37 568.0 
78.522 569.0 
78.429 570.0 
78.534 571.0 
78.452 572.0 
78.405 573.0 
78.464 574.0 
78.405 575.0 
78.51 576.0 
78.464 577.0 
78.464 578.0 
78.557 579.0 
78.475 580.0 
78.569 581.0 
78.499 582.0 
78.534 583.0 
78.499 584.0 
78.615 585.0 
78.522 586.0 
78.417 587.0 
78.545 588.0 
78.464 589.0 
78.545 590.0 
78.475 591.0 
78.522 592.0 
78.429 593.0 
78.475 594.0 
78.475 595.0 
78.464 596.0 
78.44 597.0 
78.534 598.0 
78.405 599.0 
78.522 600.0 
78.592 601.0 
78.522 602.0 
78.58 603.0 
78.487 604.0 
78.569 605.0 
78.429 606.0 
78.51 607.0 
78.44 608.0 
78.51 609.0 
78.58 610.0 
78.464 611.0 
78.545 612.0 
78.44 613.0 
78.569 614.0 
78.429 615.0 
78.487 616.0 
78.557 617.0 
78.417 618.0 
78.499 619.0 
78.113 620.0 
78.499 621.0 
78.522 622.0 
78.429 623.0 
78.475 624.0 
78.569 625.0 
78.464 626.0 
78.534 627.0 
78.569 628.0 
78.499 629.0 
78.487 630.0 
78.557 631.0 
78.394 632.0 
78.534 633.0 
78.58 634.0 
78.464 635.0 
78.51 636.0 
78.58 637.0 
78.452 638.0 
78.522 639.0 
78.545 640.0 
78.44 641.0 
78.499 642.0 
78.557 643.0 
78.417 644.0 
78.487 645.0 
78.522 646.0 
78.604 647.0 
78.429 648.0 
78.475 649.0 
78.534 650.0 
78.394 651.0 
78.429 652.0 
78.475 653.0 
78.557 654.0 
78.405 655.0 
78.452 656.0 
78.499 657.0 
78.534 658.0 
78.452 659.0 
78.534 660.0 
78.522 661.0 
78.592 662.0 
78.405 663.0 
78.475 664.0 
78.534 665.0 
78.592 666.0 
78.464 667.0 
78.487 668.0 
78.545 669.0 
78.557 670.0 
78.405 671.0 
78.452 672.0 
78.487 673.0 
78.499 674.0 
78.557 675.0 
78.417 676.0 
78.464 677.0 
78.51 678.0 
78.499 679.0 
78.569 680.0 
78.417 681.0 
78.429 682.0 
78.51 683.0 
78.534 684.0 
78.522 685.0 
78.615 686.0 
78.475 687.0 
78.475 688.0 
78.51 689.0 
78.534 690.0 
78.557 691.0 
78.58 692.0 
78.382 693.0 
78.44 694.0 
78.452 695.0 
78.51 696.0 
78.534 697.0 
78.58 698.0 
78.323 699.0 
78.417 700.0 
78.44 701.0 
78.475 702.0 
78.499 703.0 
78.534 704.0 
78.557 705.0 
78.569 706.0 
78.417 707.0 
78.429 708.0 
78.464 709.0 
78.487 710.0 
78.487 711.0 
78.51 712.0 
78.522 713.0 
78.58 714.0 
78.545 715.0 
78.44 716.0 
78.429 717.0 
78.452 718.0 
78.487 719.0 
78.487 720.0 
78.499 721.0 
78.51 722.0 
78.534 723.0 
78.557 724.0 
78.58 725.0 
78.417 726.0 
78.405 727.0 
78.475 728.0 
78.499 729.0 
78.452 730.0 
78.475 731.0 
78.522 732.0 
78.499 733.0 
78.569 734.0 
78.569 735.0 
78.557 736.0 
78.569 737.0 
78.604 738.0 
78.23 739.0 
78.382 740.0 
78.429 741.0 
78.382 742.0 
78.405 743.0 
78.417 744.0 
78.417 745.0 
78.429 746.0 
78.475 747.0 
78.44 748.0 
78.452 749.0 
78.44 750.0 
78.464 751.0 
78.475 752.0 
78.452 753.0 
78.475 754.0 
78.522 755.0 
78.487 756.0 
78.522 757.0 
78.534 758.0 
78.464 759.0 
78.522 760.0 
78.499 761.0 
78.51 762.0 
78.51 763.0 
78.499 764.0 
78.499 765.0 
78.522 766.0 
78.499 767.0 
78.534 768.0 
78.499 769.0 
78.522 770.0 
78.51 771.0 
78.499 772.0 
78.522 773.0 
78.522 774.0 
78.487 775.0 
78.51 776.0 
78.475 777.0 
78.499 778.0 
78.475 779.0 
78.522 780.0 
78.487 781.0 
78.487 782.0 
78.51 783.0 
78.51 784.0 
78.522 785.0 
78.522 786.0 
78.51 787.0 
78.51 788.0 
78.499 789.0 
78.522 790.0 
78.51 791.0 
78.534 792.0 
78.51 793.0 
78.499 794.0 
78.499 795.0 
78.51 796.0 
78.487 797.0 
78.51 798.0 
78.499 799.0 
78.475 800.0 
78.499 801.0 
78.499 802.0 
78.51 803.0 
78.499 804.0 
-0.001 805.0 
0.006 806.0 
-0.004 807.0 
-0.006 808.0 
0.004 809.0 
0.0 810.0 
-0.005 811.0 
-0.011 812.0 
-0.007 813.0 
-0.01 814.0 
-0.022 815.0 
-0.023 816.0 
-0.008 817.0 
-0.023 818.0 
-0.024 819.0 
-0.018 820.0 
-0.019 821.0 
-0.019 822.0 
-0.014 823.0 
-0.014 824.0 
-0.023 825.0 
-0.023 826.0 
-0.011 827.0 
-0.013 828.0 
-0.013 829.0 
