-0.028 257.0 
-0.038 258.0 
-0.064 259.0 
-0.04 260.0 
-0.036 261.0 
-0.052 262.0 
-0.056 263.0 
-0.032 264.0 
0.016 265.0 
-0.024 266.0 
-0.037 267.0 
-0.019 268.0 
-0.03 269.0 
-0.03 270.0 
-0.035 271.0 
-0.026 272.0 
-0.023 273.0 
-0.04 274.0 
144.395 275.0 
141.02 276.0 
139.817 277.0 
138.275 278.0 
136.78 279.0 
134.701 280.0 
133.042 281.0 
131.022 282.0 
128.534 283.0 
126.782 284.0 
126.385 285.0 
126.14 286.0 
125.871 287.0 
125.486 288.0 
125.17 289.0 
124.984 290.0 
124.318 291.0 
124.084 292.0 
123.839 293.0 
123.757 294.0 
123.208 295.0 
123.091 296.0 
123.068 297.0 
122.554 298.0 
122.286 299.0 
122.215 300.0 
121.631 301.0 
121.573 302.0 
121.059 303.0 
120.931 304.0 
120.861 305.0 
120.207 306.0 
118.933 307.0 
116.598 308.0 
113.829 309.0 
110.314 310.0 
106.658 311.0 
102.489 312.0 
98.377 313.0 
93.927 314.0 
89.875 315.0 
85.962 316.0 
82.166 317.0 
79.246 318.0 
79.083 319.0 
78.907 320.0 
78.896 321.0 
78.732 322.0 
78.662 323.0 
78.721 324.0 
78.709 325.0 
78.569 326.0 
78.662 327.0 
78.592 328.0 
78.767 329.0 
78.697 330.0 
78.615 331.0 
78.709 332.0 
78.721 333.0 
78.639 334.0 
78.65 335.0 
78.721 336.0 
78.686 337.0 
78.58 338.0 
78.732 339.0 
78.615 340.0 
78.639 341.0 
78.592 342.0 
78.767 343.0 
78.65 344.0 
78.639 345.0 
78.592 346.0 
78.557 347.0 
78.709 348.0 
78.674 349.0 
78.674 350.0 
78.627 351.0 
78.686 352.0 
78.615 353.0 
78.557 354.0 
78.756 355.0 
78.674 356.0 
78.686 357.0 
78.627 358.0 
78.709 359.0 
78.65 360.0 
78.662 361.0 
78.604 362.0 
78.639 363.0 
78.569 364.0 
78.627 365.0 
78.627 366.0 
78.674 367.0 
78.592 368.0 
78.604 369.0 
78.604 370.0 
78.604 371.0 
78.65 372.0 
78.65 373.0 
78.686 374.0 
78.686 375.0 
78.978 376.0 
78.51 377.0 
78.604 378.0 
78.58 379.0 
78.604 380.0 
78.592 381.0 
78.686 382.0 
78.58 383.0 
78.569 384.0 
78.58 385.0 
78.686 386.0 
78.557 387.0 
78.58 388.0 
78.627 389.0 
78.627 390.0 
78.627 391.0 
78.545 392.0 
78.674 393.0 
78.534 394.0 
78.65 395.0 
78.721 396.0 
78.534 397.0 
78.65 398.0 
78.499 399.0 
78.545 400.0 
78.686 401.0 
78.592 402.0 
78.686 403.0 
78.674 404.0 
78.592 405.0 
78.545 406.0 
78.615 407.0 
78.592 408.0 
78.615 409.0 
78.557 410.0 
78.615 411.0 
78.65 412.0 
78.697 413.0 
78.662 414.0 
78.592 415.0 
78.65 416.0 
78.569 417.0 
78.674 418.0 
78.627 419.0 
78.557 420.0 
78.627 421.0 
78.615 422.0 
78.674 423.0 
78.569 424.0 
78.557 425.0 
78.592 426.0 
78.662 427.0 
78.557 428.0 
78.569 429.0 
78.569 430.0 
78.615 431.0 
78.674 432.0 
78.662 433.0 
78.522 434.0 
78.604 435.0 
78.604 436.0 
78.744 437.0 
78.51 438.0 
78.58 439.0 
78.592 440.0 
78.58 441.0 
78.545 442.0 
78.592 443.0 
78.545 444.0 
78.592 445.0 
78.522 446.0 
78.627 447.0 
78.674 448.0 
78.65 449.0 
78.966 450.0 
78.604 451.0 
78.569 452.0 
78.545 453.0 
78.522 454.0 
78.615 455.0 
78.452 456.0 
78.557 457.0 
78.51 458.0 
78.639 459.0 
78.639 460.0 
78.534 461.0 
78.557 462.0 
78.65 463.0 
78.604 464.0 
78.615 465.0 
78.65 466.0 
78.569 467.0 
78.534 468.0 
78.615 469.0 
78.557 470.0 
78.615 471.0 
78.58 472.0 
78.686 473.0 
78.58 474.0 
78.674 475.0 
78.604 476.0 
78.522 477.0 
78.569 478.0 
78.499 479.0 
78.545 480.0 
78.65 481.0 
78.545 482.0 
78.627 483.0 
78.534 484.0 
78.627 485.0 
78.534 486.0 
78.569 487.0 
78.627 488.0 
78.604 489.0 
78.557 490.0 
78.615 491.0 
78.662 492.0 
78.592 493.0 
78.604 494.0 
78.545 495.0 
78.499 496.0 
78.545 497.0 
78.604 498.0 
78.534 499.0 
78.499 500.0 
78.569 501.0 
78.592 502.0 
78.464 503.0 
78.534 504.0 
78.545 505.0 
78.545 506.0 
78.545 507.0 
78.767 508.0 
78.464 509.0 
78.499 510.0 
78.534 511.0 
78.557 512.0 
78.522 513.0 
78.557 514.0 
78.604 515.0 
78.615 516.0 
78.615 517.0 
78.359 518.0 
78.394 519.0 
78.44 520.0 
78.487 521.0 
78.44 522.0 
78.475 523.0 
78.44 524.0 
78.464 525.0 
78.452 526.0 
78.475 527.0 
78.405 528.0 
78.429 529.0 
78.382 530.0 
78.394 531.0 
78.522 532.0 
78.51 533.0 
78.452 534.0 
78.475 535.0 
78.44 536.0 
78.405 537.0 
78.312 538.0 
78.277 539.0 
78.265 540.0 
78.37 541.0 
78.288 542.0 
78.242 543.0 
78.242 544.0 
78.218 545.0 
78.137 546.0 
78.288 547.0 
78.277 548.0 
78.207 549.0 
78.16 550.0 
78.09 551.0 
78.218 552.0 
78.183 553.0 
78.102 554.0 
78.102 555.0 
78.23 556.0 
78.16 557.0 
78.09 558.0 
78.23 559.0 
78.183 560.0 
78.102 561.0 
78.043 562.0 
78.172 563.0 
78.125 564.0 
77.996 565.0 
78.172 566.0 
78.242 567.0 
78.055 568.0 
78.172 569.0 
78.102 570.0 
78.207 571.0 
78.125 572.0 
78.067 573.0 
78.113 574.0 
78.09 575.0 
78.195 576.0 
78.148 577.0 
78.125 578.0 
78.23 579.0 
78.16 580.0 
78.207 581.0 
78.16 582.0 
78.207 583.0 
78.195 584.0 
78.265 585.0 
78.207 586.0 
78.067 587.0 
78.207 588.0 
78.09 589.0 
78.195 590.0 
78.137 591.0 
78.183 592.0 
78.113 593.0 
78.148 594.0 
78.125 595.0 
78.183 596.0 
78.137 597.0 
78.195 598.0 
78.113 599.0 
78.16 600.0 
78.242 601.0 
78.148 602.0 
78.218 603.0 
78.16 604.0 
78.218 605.0 
78.102 606.0 
78.16 607.0 
78.102 608.0 
78.148 609.0 
78.23 610.0 
78.137 611.0 
78.218 612.0 
78.102 613.0 
78.172 614.0 
78.113 615.0 
78.148 616.0 
78.23 617.0 
78.102 618.0 
78.172 619.0 
77.798 620.0 
78.125 621.0 
78.125 622.0 
78.113 623.0 
78.16 624.0 
78.207 625.0 
78.078 626.0 
78.172 627.0 
78.195 628.0 
78.113 629.0 
78.137 630.0 
78.253 631.0 
78.043 632.0 
78.16 633.0 
78.265 634.0 
78.137 635.0 
78.195 636.0 
78.23 637.0 
78.113 638.0 
78.195 639.0 
78.195 640.0 
78.09 641.0 
78.137 642.0 
78.183 643.0 
78.09 644.0 
78.137 645.0 
78.172 646.0 
78.207 647.0 
78.113 648.0 
78.137 649.0 
78.23 650.0 
78.055 651.0 
78.137 652.0 
78.172 653.0 
78.207 654.0 
78.078 655.0 
78.137 656.0 
78.078 657.0 
78.207 658.0 
78.09 659.0 
78.148 660.0 
78.207 661.0 
78.23 662.0 
78.008 663.0 
78.137 664.0 
78.195 665.0 
78.253 666.0 
78.078 667.0 
78.125 668.0 
78.172 669.0 
78.218 670.0 
78.078 671.0 
78.102 672.0 
78.137 673.0 
78.183 674.0 
78.253 675.0 
78.067 676.0 
78.125 677.0 
78.125 678.0 
78.148 679.0 
78.242 680.0 
78.078 681.0 
78.09 682.0 
78.172 683.0 
78.148 684.0 
78.207 685.0 
78.242 686.0 
78.09 687.0 
78.102 688.0 
78.172 689.0 
78.183 690.0 
78.195 691.0 
78.253 692.0 
78.067 693.0 
78.102 694.0 
78.137 695.0 
78.172 696.0 
78.183 697.0 
78.16 698.0 
77.716 699.0 
78.043 700.0 
78.09 701.0 
78.137 702.0 
78.148 703.0 
78.137 704.0 
78.195 705.0 
78.218 706.0 
78.078 707.0 
78.09 708.0 
78.102 709.0 
78.137 710.0 
78.148 711.0 
78.195 712.0 
78.207 713.0 
78.23 714.0 
78.253 715.0 
78.078 716.0 
78.102 717.0 
78.09 718.0 
78.113 719.0 
78.16 720.0 
78.125 721.0 
78.207 722.0 
78.183 723.0 
78.183 724.0 
78.253 725.0 
78.067 726.0 
78.067 727.0 
78.078 728.0 
78.113 729.0 
78.137 730.0 
78.148 731.0 
78.148 732.0 
78.16 733.0 
78.16 734.0 
78.195 735.0 
78.195 736.0 
78.195 737.0 
78.253 738.0 
78.218 739.0 
78.031 740.0 
78.09 741.0 
78.055 742.0 
78.031 743.0 
78.078 744.0 
78.102 745.0 
78.09 746.0 
78.09 747.0 
78.113 748.0 
78.113 749.0 
78.113 750.0 
78.137 751.0 
78.125 752.0 
78.137 753.0 
78.148 754.0 
78.113 755.0 
78.125 756.0 
78.137 757.0 
78.137 758.0 
78.09 759.0 
78.137 760.0 
78.137 761.0 
78.148 762.0 
78.148 763.0 
78.137 764.0 
78.183 765.0 
78.125 766.0 
78.137 767.0 
78.16 768.0 
78.16 769.0 
78.195 770.0 
78.172 771.0 
78.16 772.0 
78.183 773.0 
78.183 774.0 
78.172 775.0 
78.183 776.0 
78.172 777.0 
78.137 778.0 
78.172 779.0 
78.148 780.0 
78.172 781.0 
78.183 782.0 
78.183 783.0 
78.148 784.0 
78.148 785.0 
78.137 786.0 
78.148 787.0 
78.137 788.0 
78.16 789.0 
78.172 790.0 
78.172 791.0 
78.148 792.0 
78.183 793.0 
78.148 794.0 
78.148 795.0 
78.183 796.0 
78.148 797.0 
78.148 798.0 
78.125 799.0 
78.148 800.0 
78.125 801.0 
78.172 802.0 
78.148 803.0 
78.16 804.0 
0.01 805.0 
0.008 806.0 
-0.006 807.0 
-0.004 808.0 
-0.002 809.0 
0.0 810.0 
-0.02 811.0 
-0.02 812.0 
-0.02 813.0 
-0.03 814.0 
-0.032 815.0 
-0.032 816.0 
-0.032 817.0 
-0.034 818.0 
-0.047 819.0 
-0.035 820.0 
-0.041 821.0 
-0.046 822.0 
-0.042 823.0 
-0.037 824.0 
-0.03 825.0 
-0.031 826.0 
-0.019 827.0 
-0.022 828.0 
-0.024 829.0 
