-0.025 257.0 
-0.026 258.0 
-0.013 259.0 
-0.023 260.0 
-0.04 261.0 
-0.014 262.0 
-0.034 263.0 
-0.03 264.0 
-0.032 265.0 
-0.097 266.0 
-0.025 267.0 
-0.026 268.0 
0.006 269.0 
-0.024 270.0 
-0.035 271.0 
-0.013 272.0 
-0.022 273.0 
-0.025 274.0 
141.919 275.0 
138.006 276.0 
136.908 277.0 
135.437 278.0 
133.883 279.0 
132.015 280.0 
130.38 281.0 
128.406 282.0 
125.579 283.0 
124.353 284.0 
123.967 285.0 
123.629 286.0 
123.43 287.0 
123.185 288.0 
122.94 289.0 
122.286 290.0 
122.11 291.0 
121.853 292.0 
121.667 293.0 
121.351 294.0 
121.106 295.0 
120.919 296.0 
120.837 297.0 
120.312 298.0 
120.125 299.0 
119.88 300.0 
119.494 301.0 
119.377 302.0 
118.828 303.0 
118.677 304.0 
118.723 305.0 
117.812 306.0 
116.516 307.0 
114.227 308.0 
111.61 309.0 
107.85 310.0 
103.913 311.0 
99.791 312.0 
95.948 313.0 
91.65 314.0 
87.655 315.0 
83.626 316.0 
80.052 317.0 
77.658 318.0 
77.564 319.0 
77.377 320.0 
77.284 321.0 
77.284 322.0 
77.167 323.0 
77.202 324.0 
77.144 325.0 
77.085 326.0 
77.167 327.0 
77.085 328.0 
77.12 329.0 
77.144 330.0 
77.085 331.0 
77.167 332.0 
77.156 333.0 
77.097 334.0 
77.05 335.0 
77.179 336.0 
77.144 337.0 
77.05 338.0 
77.296 339.0 
77.12 340.0 
77.109 341.0 
77.085 342.0 
77.249 343.0 
77.167 344.0 
77.097 345.0 
77.05 346.0 
77.039 347.0 
77.12 348.0 
77.156 349.0 
77.097 350.0 
77.074 351.0 
77.12 352.0 
77.062 353.0 
77.039 354.0 
77.062 355.0 
77.132 356.0 
77.144 357.0 
77.097 358.0 
77.167 359.0 
77.132 360.0 
77.132 361.0 
77.085 362.0 
77.12 363.0 
77.062 364.0 
77.074 365.0 
77.085 366.0 
77.085 367.0 
77.085 368.0 
77.085 369.0 
77.109 370.0 
77.074 371.0 
77.132 372.0 
77.179 373.0 
77.132 374.0 
77.167 375.0 
77.214 376.0 
77.062 377.0 
77.062 378.0 
77.097 379.0 
77.097 380.0 
77.085 381.0 
77.167 382.0 
77.062 383.0 
77.074 384.0 
77.062 385.0 
77.109 386.0 
77.015 387.0 
77.015 388.0 
77.109 389.0 
77.109 390.0 
77.097 391.0 
77.027 392.0 
77.167 393.0 
76.992 394.0 
77.085 395.0 
77.132 396.0 
76.992 397.0 
77.062 398.0 
76.992 399.0 
76.992 400.0 
77.156 401.0 
77.109 402.0 
77.179 403.0 
77.109 404.0 
77.074 405.0 
77.027 406.0 
77.085 407.0 
77.062 408.0 
77.109 409.0 
77.004 410.0 
77.074 411.0 
77.109 412.0 
77.459 413.0 
77.097 414.0 
77.027 415.0 
77.085 416.0 
77.039 417.0 
77.074 418.0 
77.109 419.0 
77.039 420.0 
77.085 421.0 
77.109 422.0 
77.109 423.0 
77.05 424.0 
77.05 425.0 
77.062 426.0 
77.085 427.0 
77.015 428.0 
77.074 429.0 
77.039 430.0 
77.062 431.0 
77.085 432.0 
77.12 433.0 
77.004 434.0 
77.039 435.0 
77.074 436.0 
77.062 437.0 
77.015 438.0 
76.934 439.0 
77.039 440.0 
77.027 441.0 
77.027 442.0 
77.027 443.0 
77.062 444.0 
77.027 445.0 
76.992 446.0 
77.12 447.0 
77.109 448.0 
77.342 449.0 
77.354 450.0 
77.062 451.0 
77.027 452.0 
77.015 453.0 
76.992 454.0 
77.097 455.0 
76.875 456.0 
77.062 457.0 
76.98 458.0 
77.109 459.0 
77.097 460.0 
77.085 461.0 
77.05 462.0 
77.12 463.0 
77.05 464.0 
77.062 465.0 
77.109 466.0 
77.062 467.0 
77.015 468.0 
77.085 469.0 
77.015 470.0 
77.027 471.0 
77.015 472.0 
76.957 473.0 
77.074 474.0 
77.132 475.0 
77.062 476.0 
77.004 477.0 
77.05 478.0 
76.969 479.0 
77.062 480.0 
77.167 481.0 
77.062 482.0 
77.12 483.0 
77.015 484.0 
77.062 485.0 
77.05 486.0 
77.015 487.0 
77.12 488.0 
77.062 489.0 
77.004 490.0 
77.085 491.0 
77.027 492.0 
77.039 493.0 
77.074 494.0 
76.992 495.0 
76.992 496.0 
77.062 497.0 
77.062 498.0 
76.957 499.0 
77.015 500.0 
77.074 501.0 
77.062 502.0 
76.957 503.0 
76.992 504.0 
76.98 505.0 
77.039 506.0 
76.992 507.0 
77.109 508.0 
76.957 509.0 
77.004 510.0 
77.004 511.0 
76.992 512.0 
77.027 513.0 
77.039 514.0 
77.062 515.0 
77.074 516.0 
77.377 517.0 
76.852 518.0 
76.887 519.0 
76.91 520.0 
76.945 521.0 
76.945 522.0 
76.922 523.0 
76.91 524.0 
76.945 525.0 
76.945 526.0 
76.945 527.0 
76.828 528.0 
76.945 529.0 
76.864 530.0 
76.852 531.0 
76.98 532.0 
76.957 533.0 
76.922 534.0 
76.922 535.0 
76.899 536.0 
76.852 537.0 
76.84 538.0 
76.793 539.0 
76.77 540.0 
76.91 541.0 
76.805 542.0 
76.782 543.0 
76.747 544.0 
76.712 545.0 
76.688 546.0 
76.782 547.0 
76.77 548.0 
76.712 549.0 
76.642 550.0 
76.583 551.0 
76.7 552.0 
76.653 553.0 
76.595 554.0 
76.595 555.0 
76.688 556.0 
76.677 557.0 
76.595 558.0 
76.28 559.0 
76.653 560.0 
76.653 561.0 
76.56 562.0 
76.677 563.0 
76.642 564.0 
76.548 565.0 
76.712 566.0 
76.712 567.0 
76.572 568.0 
76.688 569.0 
76.607 570.0 
76.677 571.0 
76.642 572.0 
76.595 573.0 
76.63 574.0 
76.595 575.0 
76.957 576.0 
76.618 577.0 
76.618 578.0 
76.723 579.0 
76.642 580.0 
76.77 581.0 
76.7 582.0 
76.7 583.0 
76.688 584.0 
76.77 585.0 
76.7 586.0 
76.63 587.0 
76.712 588.0 
76.665 589.0 
76.7 590.0 
76.63 591.0 
76.677 592.0 
76.63 593.0 
76.618 594.0 
76.618 595.0 
76.653 596.0 
76.595 597.0 
76.688 598.0 
76.618 599.0 
76.665 600.0 
76.758 601.0 
76.688 602.0 
76.735 603.0 
76.653 604.0 
76.712 605.0 
76.618 606.0 
76.677 607.0 
76.63 608.0 
76.688 609.0 
76.747 610.0 
76.642 611.0 
76.7 612.0 
76.63 613.0 
76.677 614.0 
76.607 615.0 
76.642 616.0 
76.758 617.0 
76.56 618.0 
76.677 619.0 
76.361 620.0 
76.653 621.0 
76.723 622.0 
76.595 623.0 
76.642 624.0 
76.747 625.0 
76.595 626.0 
76.7 627.0 
76.758 628.0 
76.642 629.0 
76.653 630.0 
76.723 631.0 
76.583 632.0 
76.653 633.0 
76.747 634.0 
76.607 635.0 
76.677 636.0 
76.735 637.0 
76.618 638.0 
76.642 639.0 
76.735 640.0 
76.595 641.0 
76.677 642.0 
76.723 643.0 
76.607 644.0 
76.618 645.0 
76.7 646.0 
76.747 647.0 
76.618 648.0 
76.665 649.0 
76.7 650.0 
76.536 651.0 
76.642 652.0 
76.677 653.0 
76.735 654.0 
76.572 655.0 
76.63 656.0 
76.665 657.0 
76.7 658.0 
76.595 659.0 
76.653 660.0 
76.747 661.0 
76.735 662.0 
76.583 663.0 
76.677 664.0 
76.677 665.0 
76.758 666.0 
76.642 667.0 
76.665 668.0 
76.7 669.0 
76.712 670.0 
76.56 671.0 
76.618 672.0 
76.653 673.0 
76.688 674.0 
76.688 675.0 
76.607 676.0 
76.642 677.0 
76.653 678.0 
76.688 679.0 
76.735 680.0 
76.583 681.0 
76.595 682.0 
76.653 683.0 
76.688 684.0 
76.712 685.0 
76.758 686.0 
76.595 687.0 
76.63 688.0 
76.653 689.0 
76.665 690.0 
76.723 691.0 
76.735 692.0 
76.56 693.0 
76.63 694.0 
76.653 695.0 
76.677 696.0 
76.688 697.0 
76.7 698.0 
76.455 699.0 
76.607 700.0 
76.63 701.0 
76.642 702.0 
76.688 703.0 
76.7 704.0 
76.642 705.0 
76.77 706.0 
76.572 707.0 
76.618 708.0 
76.618 709.0 
76.607 710.0 
76.653 711.0 
76.677 712.0 
76.712 713.0 
76.723 714.0 
76.758 715.0 
76.572 716.0 
76.618 717.0 
76.618 718.0 
76.63 719.0 
76.653 720.0 
76.665 721.0 
76.712 722.0 
76.665 723.0 
76.735 724.0 
76.747 725.0 
76.572 726.0 
76.572 727.0 
76.618 728.0 
76.595 729.0 
76.63 730.0 
76.618 731.0 
76.677 732.0 
76.665 733.0 
76.712 734.0 
76.688 735.0 
76.618 736.0 
76.747 737.0 
76.723 738.0 
76.49 739.0 
76.583 740.0 
76.548 741.0 
76.572 742.0 
76.583 743.0 
76.583 744.0 
76.56 745.0 
76.595 746.0 
76.618 747.0 
76.63 748.0 
76.653 749.0 
76.642 750.0 
76.607 751.0 
76.63 752.0 
76.653 753.0 
76.618 754.0 
76.63 755.0 
76.595 756.0 
76.653 757.0 
76.642 758.0 
76.677 759.0 
76.642 760.0 
76.677 761.0 
76.653 762.0 
76.677 763.0 
76.665 764.0 
76.665 765.0 
76.688 766.0 
76.653 767.0 
76.653 768.0 
76.712 769.0 
76.677 770.0 
76.677 771.0 
76.677 772.0 
76.677 773.0 
76.653 774.0 
76.677 775.0 
76.688 776.0 
76.665 777.0 
76.665 778.0 
76.653 779.0 
76.665 780.0 
76.688 781.0 
76.688 782.0 
76.677 783.0 
76.653 784.0 
76.63 785.0 
76.677 786.0 
76.653 787.0 
76.688 788.0 
76.653 789.0 
76.653 790.0 
76.653 791.0 
76.653 792.0 
76.665 793.0 
76.677 794.0 
76.677 795.0 
76.665 796.0 
76.688 797.0 
76.653 798.0 
76.665 799.0 
76.653 800.0 
76.688 801.0 
76.677 802.0 
76.665 803.0 
76.677 804.0 
0.014 805.0 
0.004 806.0 
-0.001 807.0 
0.005 808.0 
0.008 809.0 
-0.006 810.0 
-0.008 811.0 
-0.011 812.0 
-0.022 813.0 
-0.016 814.0 
-0.023 815.0 
-0.024 816.0 
-0.03 817.0 
-0.028 818.0 
-0.023 819.0 
-0.032 820.0 
-0.036 821.0 
-0.03 822.0 
-0.023 823.0 
-0.022 824.0 
-0.023 825.0 
-0.022 826.0 
-0.011 827.0 
-0.017 828.0 
-0.017 829.0 
