-0.046 257.0 
-0.03 258.0 
-0.034 259.0 
-0.035 260.0 
-0.049 261.0 
-0.047 262.0 
-0.037 263.0 
-0.049 264.0 
-0.04 265.0 
-0.131 266.0 
-0.032 267.0 
-0.046 268.0 
-0.03 269.0 
-0.04 270.0 
-0.037 271.0 
-0.035 272.0 
-0.029 273.0 
-0.029 274.0 
159.719 275.0 
155.911 276.0 
154.533 277.0 
153.505 278.0 
152.828 279.0 
152.104 280.0 
151.274 281.0 
149.849 282.0 
149.02 283.0 
148.6 284.0 
148.179 285.0 
147.864 286.0 
147.712 287.0 
147.502 288.0 
147.327 289.0 
146.626 290.0 
146.521 291.0 
146.346 292.0 
146.159 293.0 
145.621 294.0 
145.435 295.0 
145.236 296.0 
145.166 297.0 
144.57 298.0 
144.325 299.0 
144.056 300.0 
143.706 301.0 
143.636 302.0 
143.064 303.0 
142.982 304.0 
142.48 305.0 
142.363 306.0 
142.059 307.0 
141.475 308.0 
141.335 309.0 
140.669 310.0 
140.517 311.0 
139.992 312.0 
139.91 313.0 
139.408 314.0 
139.349 315.0 
138.964 316.0 
138.812 317.0 
138.322 318.0 
137.983 319.0 
137.866 320.0 
137.574 321.0 
137.516 322.0 
137.212 323.0 
137.2 324.0 
136.967 325.0 
136.675 326.0 
136.722 327.0 
136.441 328.0 
135.974 329.0 
136.453 330.0 
136.219 331.0 
136.021 332.0 
136.348 333.0 
136.173 334.0 
135.939 335.0 
136.208 336.0 
136.173 337.0 
135.962 338.0 
135.869 339.0 
136.021 340.0 
135.986 341.0 
135.892 342.0 
135.869 343.0 
135.986 344.0 
135.916 345.0 
135.846 346.0 
135.764 347.0 
135.682 348.0 
135.916 349.0 
135.857 350.0 
135.752 351.0 
135.834 352.0 
135.74 353.0 
135.67 354.0 
135.612 355.0 
135.775 356.0 
135.869 357.0 
135.717 358.0 
135.857 359.0 
135.764 360.0 
135.799 361.0 
135.694 362.0 
135.705 363.0 
135.612 364.0 
135.624 365.0 
135.694 366.0 
135.717 367.0 
135.589 368.0 
135.612 369.0 
135.647 370.0 
135.694 371.0 
135.717 372.0 
135.74 373.0 
135.787 374.0 
135.775 375.0 
135.647 376.0 
135.612 377.0 
135.647 378.0 
135.589 379.0 
135.624 380.0 
135.624 381.0 
135.46 382.0 
135.6 383.0 
135.565 384.0 
135.577 385.0 
135.694 386.0 
135.519 387.0 
135.507 388.0 
135.647 389.0 
135.624 390.0 
135.612 391.0 
135.554 392.0 
135.705 393.0 
135.483 394.0 
135.589 395.0 
135.565 396.0 
135.472 397.0 
135.6 398.0 
135.367 399.0 
135.46 400.0 
135.32 401.0 
135.565 402.0 
135.682 403.0 
135.589 404.0 
135.507 405.0 
135.437 406.0 
135.495 407.0 
135.425 408.0 
135.507 409.0 
135.39 410.0 
135.495 411.0 
135.6 412.0 
135.53 413.0 
135.6 414.0 
135.495 415.0 
135.495 416.0 
135.367 417.0 
135.437 418.0 
135.554 419.0 
135.402 420.0 
135.46 421.0 
135.507 422.0 
135.565 423.0 
135.413 424.0 
135.425 425.0 
135.507 426.0 
135.542 427.0 
135.425 428.0 
135.448 429.0 
135.437 430.0 
135.495 431.0 
135.519 432.0 
135.53 433.0 
135.355 434.0 
135.378 435.0 
135.39 436.0 
135.425 437.0 
135.378 438.0 
135.355 439.0 
135.308 440.0 
135.39 441.0 
135.402 442.0 
135.425 443.0 
135.437 444.0 
135.39 445.0 
135.378 446.0 
135.554 447.0 
135.483 448.0 
135.355 449.0 
135.308 450.0 
135.448 451.0 
135.402 452.0 
135.413 453.0 
135.32 454.0 
135.483 455.0 
135.262 456.0 
135.378 457.0 
135.332 458.0 
135.495 459.0 
135.507 460.0 
135.437 461.0 
135.367 462.0 
135.565 463.0 
135.413 464.0 
135.378 465.0 
135.554 466.0 
135.472 467.0 
135.355 468.0 
135.483 469.0 
135.367 470.0 
135.308 471.0 
135.378 472.0 
135.297 473.0 
135.448 474.0 
135.892 475.0 
135.437 476.0 
135.297 477.0 
135.39 478.0 
135.25 479.0 
135.425 480.0 
135.519 481.0 
135.39 482.0 
135.519 483.0 
135.367 484.0 
135.413 485.0 
135.297 486.0 
135.402 487.0 
135.483 488.0 
135.343 489.0 
135.32 490.0 
135.507 491.0 
135.308 492.0 
135.39 493.0 
135.483 494.0 
135.285 495.0 
135.355 496.0 
135.39 497.0 
135.483 498.0 
135.262 499.0 
135.367 500.0 
135.355 501.0 
135.448 502.0 
135.25 503.0 
135.273 504.0 
135.367 505.0 
135.378 506.0 
135.227 507.0 
135.168 508.0 
135.203 509.0 
135.191 510.0 
135.273 511.0 
135.39 512.0 
135.413 513.0 
135.413 514.0 
135.53 515.0 
135.32 516.0 
135.145 517.0 
135.191 518.0 
135.203 519.0 
135.227 520.0 
135.25 521.0 
135.227 522.0 
135.25 523.0 
135.25 524.0 
135.227 525.0 
135.203 526.0 
135.18 527.0 
135.215 528.0 
135.203 529.0 
135.191 530.0 
135.18 531.0 
135.448 532.0 
135.25 533.0 
135.378 534.0 
135.378 535.0 
135.343 536.0 
135.308 537.0 
135.285 538.0 
135.238 539.0 
135.18 540.0 
135.297 541.0 
135.378 542.0 
135.343 543.0 
135.297 544.0 
135.215 545.0 
135.203 546.0 
135.437 547.0 
135.32 548.0 
135.285 549.0 
135.191 550.0 
135.18 551.0 
135.378 552.0 
135.297 553.0 
135.238 554.0 
135.156 555.0 
135.297 556.0 
135.262 557.0 
135.191 558.0 
135.191 559.0 
135.332 560.0 
135.227 561.0 
135.121 562.0 
135.32 563.0 
135.203 564.0 
135.133 565.0 
135.32 566.0 
135.215 567.0 
135.121 568.0 
135.273 569.0 
135.168 570.0 
135.075 571.0 
135.262 572.0 
135.145 573.0 
135.308 574.0 
135.191 575.0 
135.308 576.0 
135.203 577.0 
135.203 578.0 
135.413 579.0 
135.273 580.0 
135.413 581.0 
135.297 582.0 
135.437 583.0 
135.332 584.0 
135.285 585.0 
135.332 586.0 
135.203 587.0 
135.355 588.0 
135.203 589.0 
135.39 590.0 
135.227 591.0 
135.378 592.0 
135.215 593.0 
135.367 594.0 
135.203 595.0 
135.343 596.0 
135.18 597.0 
135.32 598.0 
135.203 599.0 
135.227 600.0 
135.448 601.0 
135.18 602.0 
135.425 603.0 
135.18 604.0 
135.367 605.0 
135.11 606.0 
135.343 607.0 
135.075 608.0 
135.297 609.0 
135.075 610.0 
135.25 611.0 
135.343 612.0 
135.191 613.0 
135.343 614.0 
135.145 615.0 
135.238 616.0 
135.39 617.0 
135.203 618.0 
135.332 619.0 
135.145 620.0 
135.227 621.0 
135.39 622.0 
135.18 623.0 
135.262 624.0 
135.437 625.0 
135.238 626.0 
135.343 627.0 
135.425 628.0 
135.227 629.0 
135.32 630.0 
135.437 631.0 
135.227 632.0 
135.32 633.0 
135.18 634.0 
135.227 635.0 
135.285 636.0 
135.437 637.0 
135.191 638.0 
135.238 639.0 
135.402 640.0 
135.18 641.0 
135.262 642.0 
135.355 643.0 
135.133 644.0 
135.203 645.0 
135.355 646.0 
135.39 647.0 
135.086 648.0 
135.297 649.0 
135.39 650.0 
135.11 651.0 
135.215 652.0 
135.308 653.0 
135.378 654.0 
135.121 655.0 
135.18 656.0 
135.273 657.0 
135.367 658.0 
135.203 659.0 
135.25 660.0 
135.32 661.0 
135.413 662.0 
135.18 663.0 
135.25 664.0 
135.343 665.0 
135.46 666.0 
135.156 667.0 
135.262 668.0 
135.32 669.0 
135.425 670.0 
135.133 671.0 
135.238 672.0 
135.273 673.0 
135.378 674.0 
135.413 675.0 
135.086 676.0 
135.227 677.0 
135.297 678.0 
135.297 679.0 
135.32 680.0 
135.098 681.0 
135.215 682.0 
135.203 683.0 
135.343 684.0 
135.378 685.0 
135.437 686.0 
135.121 687.0 
135.203 688.0 
135.227 689.0 
135.355 690.0 
135.378 691.0 
135.413 692.0 
135.18 693.0 
135.191 694.0 
135.227 695.0 
135.273 696.0 
135.367 697.0 
135.402 698.0 
135.11 699.0 
135.145 700.0 
135.18 701.0 
135.25 702.0 
135.297 703.0 
135.343 704.0 
135.367 705.0 
135.39 706.0 
135.145 707.0 
135.156 708.0 
135.227 709.0 
135.238 710.0 
135.297 711.0 
135.355 712.0 
135.343 713.0 
135.413 714.0 
135.121 715.0 
135.121 716.0 
135.121 717.0 
135.215 718.0 
135.215 719.0 
135.285 720.0 
135.297 721.0 
135.343 722.0 
135.367 723.0 
135.39 724.0 
135.74 725.0 
135.121 726.0 
135.121 727.0 
135.203 728.0 
135.203 729.0 
135.262 730.0 
135.215 731.0 
135.285 732.0 
135.308 733.0 
135.32 734.0 
135.32 735.0 
135.343 736.0 
135.402 737.0 
135.39 738.0 
135.086 739.0 
135.086 740.0 
135.11 741.0 
135.121 742.0 
135.121 743.0 
135.156 744.0 
135.18 745.0 
135.145 746.0 
135.203 747.0 
135.203 748.0 
135.227 749.0 
135.238 750.0 
135.227 751.0 
135.191 752.0 
135.262 753.0 
135.262 754.0 
135.227 755.0 
135.25 756.0 
135.238 757.0 
135.273 758.0 
135.262 759.0 
135.285 760.0 
135.273 761.0 
135.273 762.0 
135.262 763.0 
135.297 764.0 
135.273 765.0 
135.297 766.0 
135.308 767.0 
135.297 768.0 
135.32 769.0 
135.32 770.0 
135.297 771.0 
135.308 772.0 
135.308 773.0 
135.332 774.0 
135.343 775.0 
135.308 776.0 
135.297 777.0 
135.25 778.0 
135.285 779.0 
135.308 780.0 
135.297 781.0 
135.285 782.0 
135.285 783.0 
135.285 784.0 
135.285 785.0 
135.308 786.0 
135.308 787.0 
135.32 788.0 
135.285 789.0 
135.308 790.0 
135.308 791.0 
135.332 792.0 
135.297 793.0 
135.343 794.0 
135.297 795.0 
135.308 796.0 
135.285 797.0 
135.308 798.0 
135.32 799.0 
135.273 800.0 
135.285 801.0 
135.25 802.0 
135.273 803.0 
135.32 804.0 
0.013 805.0 
0.024 806.0 
0.011 807.0 
0.008 808.0 
0.014 809.0 
0.019 810.0 
0.018 811.0 
0.02 812.0 
0.014 813.0 
0.014 814.0 
0.007 815.0 
0.008 816.0 
0.004 817.0 
0.01 818.0 
-0.001 819.0 
-0.006 820.0 
-0.005 821.0 
0.0 822.0 
-0.01 823.0 
-0.014 824.0 
-0.017 825.0 
-0.019 826.0 
-0.017 827.0 
-0.022 828.0 
-0.02 829.0 
