-0.023 257.0 
-0.025 258.0 
-0.031 259.0 
-0.012 260.0 
-0.049 261.0 
-0.046 262.0 
-0.026 263.0 
-0.036 264.0 
-0.043 265.0 
-0.048 266.0 
-0.031 267.0 
-0.037 268.0 
-0.023 269.0 
-0.043 270.0 
-0.031 271.0 
-0.049 272.0 
-0.013 273.0 
-0.008 274.0 
136.103 275.0 
133.369 276.0 
132.634 277.0 
131.501 278.0 
130.298 279.0 
128.557 280.0 
127.027 281.0 
124.727 282.0 
122.484 283.0 
121.223 284.0 
120.954 285.0 
120.674 286.0 
120.522 287.0 
120.323 288.0 
120.101 289.0 
119.471 290.0 
119.331 291.0 
119.12 292.0 
118.98 293.0 
118.548 294.0 
118.455 295.0 
118.303 296.0 
117.859 297.0 
117.73 298.0 
117.637 299.0 
117.252 300.0 
117.041 301.0 
116.971 302.0 
116.411 303.0 
116.352 304.0 
115.967 305.0 
115.593 306.0 
114.53 307.0 
112.545 308.0 
110.291 309.0 
107.067 310.0 
103.843 311.0 
100.001 312.0 
96.38 313.0 
92.269 314.0 
88.193 315.0 
84.128 316.0 
80.566 317.0 
78.008 318.0 
77.891 319.0 
77.728 320.0 
77.564 321.0 
77.599 322.0 
77.494 323.0 
77.553 324.0 
77.494 325.0 
77.424 326.0 
77.506 327.0 
77.448 328.0 
77.459 329.0 
77.518 330.0 
77.471 331.0 
77.518 332.0 
77.576 333.0 
77.518 334.0 
77.377 335.0 
77.553 336.0 
77.564 337.0 
77.412 338.0 
77.541 339.0 
77.494 340.0 
77.471 341.0 
77.471 342.0 
77.506 343.0 
77.541 344.0 
77.494 345.0 
77.436 346.0 
77.424 347.0 
77.448 348.0 
77.541 349.0 
77.541 350.0 
77.471 351.0 
77.541 352.0 
77.483 353.0 
77.436 354.0 
77.412 355.0 
77.483 356.0 
77.518 357.0 
77.518 358.0 
77.541 359.0 
77.471 360.0 
77.506 361.0 
77.483 362.0 
77.471 363.0 
77.424 364.0 
77.448 365.0 
77.518 366.0 
77.529 367.0 
77.471 368.0 
77.483 369.0 
77.459 370.0 
77.494 371.0 
77.494 372.0 
77.564 373.0 
77.564 374.0 
77.845 375.0 
77.483 376.0 
77.459 377.0 
77.459 378.0 
77.471 379.0 
77.483 380.0 
77.494 381.0 
77.506 382.0 
77.459 383.0 
77.448 384.0 
77.448 385.0 
77.541 386.0 
77.424 387.0 
77.412 388.0 
77.518 389.0 
77.494 390.0 
77.494 391.0 
77.459 392.0 
77.564 393.0 
77.448 394.0 
77.471 395.0 
77.564 396.0 
77.412 397.0 
77.518 398.0 
77.366 399.0 
77.424 400.0 
77.751 401.0 
77.494 402.0 
77.564 403.0 
77.494 404.0 
77.494 405.0 
77.424 406.0 
77.494 407.0 
77.401 408.0 
77.506 409.0 
77.424 410.0 
77.483 411.0 
77.506 412.0 
77.634 413.0 
77.564 414.0 
77.448 415.0 
77.483 416.0 
77.436 417.0 
77.483 418.0 
77.529 419.0 
77.436 420.0 
77.483 421.0 
77.459 422.0 
77.529 423.0 
77.448 424.0 
77.459 425.0 
77.483 426.0 
77.529 427.0 
77.436 428.0 
77.483 429.0 
77.459 430.0 
77.506 431.0 
77.518 432.0 
77.541 433.0 
77.424 434.0 
77.471 435.0 
77.448 436.0 
77.483 437.0 
77.412 438.0 
77.389 439.0 
77.436 440.0 
77.448 441.0 
77.424 442.0 
77.448 443.0 
77.424 444.0 
77.424 445.0 
77.424 446.0 
77.529 447.0 
77.506 448.0 
77.763 449.0 
77.623 450.0 
77.494 451.0 
77.483 452.0 
77.424 453.0 
77.401 454.0 
77.506 455.0 
77.296 456.0 
77.424 457.0 
77.389 458.0 
77.483 459.0 
77.506 460.0 
77.459 461.0 
77.424 462.0 
77.506 463.0 
77.389 464.0 
77.471 465.0 
77.518 466.0 
77.471 467.0 
77.412 468.0 
77.506 469.0 
77.459 470.0 
77.412 471.0 
77.436 472.0 
77.366 473.0 
77.459 474.0 
77.529 475.0 
77.448 476.0 
77.401 477.0 
77.436 478.0 
77.366 479.0 
77.494 480.0 
77.553 481.0 
77.448 482.0 
77.506 483.0 
77.412 484.0 
77.483 485.0 
77.436 486.0 
77.436 487.0 
77.518 488.0 
77.401 489.0 
77.448 490.0 
77.506 491.0 
77.448 492.0 
77.471 493.0 
77.529 494.0 
77.389 495.0 
77.412 496.0 
77.483 497.0 
77.518 498.0 
77.377 499.0 
77.401 500.0 
77.459 501.0 
77.506 502.0 
77.366 503.0 
77.389 504.0 
77.412 505.0 
77.483 506.0 
77.389 507.0 
77.448 508.0 
77.307 509.0 
77.389 510.0 
77.436 511.0 
77.424 512.0 
77.459 513.0 
77.471 514.0 
77.448 515.0 
77.389 516.0 
77.868 517.0 
77.284 518.0 
77.354 519.0 
77.331 520.0 
77.342 521.0 
77.377 522.0 
77.331 523.0 
77.354 524.0 
77.354 525.0 
77.354 526.0 
77.307 527.0 
77.319 528.0 
77.342 529.0 
77.261 530.0 
77.296 531.0 
77.448 532.0 
77.81 533.0 
77.377 534.0 
77.366 535.0 
77.342 536.0 
77.307 537.0 
77.202 538.0 
77.191 539.0 
77.179 540.0 
77.284 541.0 
77.156 542.0 
77.191 543.0 
77.156 544.0 
77.097 545.0 
77.109 546.0 
77.226 547.0 
77.097 548.0 
77.097 549.0 
77.062 550.0 
76.969 551.0 
77.085 552.0 
77.062 553.0 
77.062 554.0 
77.015 555.0 
77.062 556.0 
77.085 557.0 
77.004 558.0 
76.642 559.0 
77.074 560.0 
77.05 561.0 
76.969 562.0 
77.085 563.0 
76.969 564.0 
76.957 565.0 
77.109 566.0 
77.085 567.0 
76.945 568.0 
77.015 569.0 
77.004 570.0 
77.085 571.0 
77.039 572.0 
76.992 573.0 
77.074 574.0 
76.98 575.0 
77.412 576.0 
77.004 577.0 
77.004 578.0 
77.132 579.0 
77.062 580.0 
77.132 581.0 
77.074 582.0 
77.12 583.0 
77.074 584.0 
76.817 585.0 
77.085 586.0 
77.027 587.0 
77.132 588.0 
77.015 589.0 
77.085 590.0 
77.004 591.0 
77.12 592.0 
77.027 593.0 
77.097 594.0 
77.015 595.0 
77.074 596.0 
76.98 597.0 
77.015 598.0 
76.992 599.0 
77.109 600.0 
77.144 601.0 
77.039 602.0 
77.132 603.0 
77.027 604.0 
77.109 605.0 
77.039 606.0 
77.132 607.0 
76.98 608.0 
77.074 609.0 
77.156 610.0 
77.05 611.0 
77.144 612.0 
77.027 613.0 
77.074 614.0 
76.969 615.0 
76.969 616.0 
77.144 617.0 
76.98 618.0 
77.062 619.0 
76.887 620.0 
77.062 621.0 
77.109 622.0 
76.992 623.0 
77.074 624.0 
77.144 625.0 
77.015 626.0 
77.085 627.0 
77.144 628.0 
77.004 629.0 
77.085 630.0 
77.144 631.0 
77.027 632.0 
77.132 633.0 
77.354 634.0 
77.039 635.0 
77.074 636.0 
77.144 637.0 
77.004 638.0 
77.074 639.0 
77.144 640.0 
77.015 641.0 
77.015 642.0 
77.097 643.0 
76.98 644.0 
76.992 645.0 
77.085 646.0 
77.132 647.0 
77.027 648.0 
77.074 649.0 
77.097 650.0 
76.992 651.0 
77.027 652.0 
77.085 653.0 
77.109 654.0 
76.945 655.0 
77.015 656.0 
77.097 657.0 
77.12 658.0 
77.004 659.0 
77.05 660.0 
77.12 661.0 
77.109 662.0 
76.992 663.0 
77.05 664.0 
77.109 665.0 
77.144 666.0 
77.004 667.0 
77.05 668.0 
77.085 669.0 
77.132 670.0 
76.969 671.0 
76.992 672.0 
77.074 673.0 
77.12 674.0 
77.132 675.0 
77.015 676.0 
77.015 677.0 
77.062 678.0 
77.097 679.0 
77.156 680.0 
76.969 681.0 
77.004 682.0 
77.062 683.0 
77.085 684.0 
77.05 685.0 
77.144 686.0 
76.922 687.0 
77.05 688.0 
77.074 689.0 
77.085 690.0 
77.12 691.0 
77.156 692.0 
76.992 693.0 
77.027 694.0 
77.039 695.0 
77.062 696.0 
77.074 697.0 
77.12 698.0 
76.899 699.0 
77.004 700.0 
77.039 701.0 
77.039 702.0 
77.062 703.0 
77.05 704.0 
77.097 705.0 
77.12 706.0 
76.969 707.0 
77.004 708.0 
77.004 709.0 
77.05 710.0 
77.05 711.0 
77.097 712.0 
77.12 713.0 
77.144 714.0 
76.945 715.0 
76.969 716.0 
76.957 717.0 
77.015 718.0 
77.05 719.0 
77.085 720.0 
77.074 721.0 
77.109 722.0 
77.12 723.0 
77.144 724.0 
77.144 725.0 
76.992 726.0 
76.992 727.0 
77.004 728.0 
77.027 729.0 
77.05 730.0 
77.074 731.0 
77.05 732.0 
77.097 733.0 
77.062 734.0 
77.097 735.0 
77.109 736.0 
77.109 737.0 
77.132 738.0 
76.957 739.0 
76.957 740.0 
76.969 741.0 
76.98 742.0 
76.957 743.0 
76.992 744.0 
76.98 745.0 
77.004 746.0 
77.004 747.0 
77.004 748.0 
77.015 749.0 
77.027 750.0 
77.039 751.0 
77.027 752.0 
77.05 753.0 
76.98 754.0 
77.039 755.0 
77.039 756.0 
77.062 757.0 
77.05 758.0 
77.062 759.0 
77.074 760.0 
77.062 761.0 
77.085 762.0 
77.062 763.0 
77.05 764.0 
77.062 765.0 
77.074 766.0 
77.085 767.0 
77.074 768.0 
77.05 769.0 
77.074 770.0 
77.062 771.0 
77.097 772.0 
77.085 773.0 
77.062 774.0 
77.062 775.0 
77.05 776.0 
77.05 777.0 
77.085 778.0 
77.085 779.0 
77.097 780.0 
77.062 781.0 
77.062 782.0 
77.062 783.0 
77.062 784.0 
77.074 785.0 
77.05 786.0 
77.062 787.0 
77.062 788.0 
77.085 789.0 
77.085 790.0 
77.05 791.0 
77.085 792.0 
77.039 793.0 
77.05 794.0 
77.05 795.0 
77.074 796.0 
77.074 797.0 
77.085 798.0 
77.085 799.0 
77.085 800.0 
77.074 801.0 
77.085 802.0 
77.062 803.0 
77.05 804.0 
0.008 805.0 
0.004 806.0 
0.0 807.0 
-0.001 808.0 
-0.006 809.0 
-0.007 810.0 
-0.016 811.0 
-0.017 812.0 
-0.028 813.0 
-0.035 814.0 
-0.048 815.0 
-0.04 816.0 
-0.043 817.0 
-0.047 818.0 
-0.052 819.0 
-0.053 820.0 
-0.055 821.0 
-0.055 822.0 
-0.044 823.0 
-0.04 824.0 
-0.046 825.0 
-0.035 826.0 
-0.034 827.0 
-0.038 828.0 
-0.032 829.0 
