-0.028 257.0 
-0.035 258.0 
-0.047 259.0 
-0.044 260.0 
-0.03 261.0 
-0.026 262.0 
-0.043 263.0 
-0.05 264.0 
-0.058 265.0 
-0.028 266.0 
-0.036 267.0 
-0.054 268.0 
-0.06 269.0 
-0.035 270.0 
-0.014 271.0 
-0.026 272.0 
-0.017 273.0 
-0.041 274.0 
146.789 275.0 
143.729 276.0 
142.666 277.0 
140.961 278.0 
139.186 279.0 
136.873 280.0 
134.935 281.0 
132.587 282.0 
128.826 283.0 
127.191 284.0 
126.771 285.0 
126.432 286.0 
126.303 287.0 
126.035 288.0 
125.731 289.0 
125.077 290.0 
124.937 291.0 
124.738 292.0 
124.528 293.0 
124.271 294.0 
123.921 295.0 
123.769 296.0 
123.757 297.0 
123.255 298.0 
123.068 299.0 
122.799 300.0 
122.507 301.0 
122.461 302.0 
121.994 303.0 
121.97 304.0 
121.748 305.0 
121.304 306.0 
120.288 307.0 
118.233 308.0 
115.687 309.0 
112.288 310.0 
108.947 311.0 
105.187 312.0 
101.262 313.0 
97.221 314.0 
93.285 315.0 
89.279 316.0 
85.553 317.0 
82.61 318.0 
81.851 319.0 
82.178 320.0 
82.003 321.0 
82.003 322.0 
81.874 323.0 
81.921 324.0 
81.839 325.0 
81.746 326.0 
81.839 327.0 
81.746 328.0 
82.248 329.0 
81.874 330.0 
81.792 331.0 
82.073 332.0 
81.862 333.0 
81.781 334.0 
81.769 335.0 
81.874 336.0 
81.862 337.0 
81.757 338.0 
81.991 339.0 
81.781 340.0 
81.781 341.0 
81.769 342.0 
81.921 343.0 
81.816 344.0 
81.769 345.0 
81.722 346.0 
81.734 347.0 
81.734 348.0 
81.851 349.0 
81.851 350.0 
81.792 351.0 
81.827 352.0 
81.781 353.0 
81.722 354.0 
81.781 355.0 
81.839 356.0 
81.827 357.0 
81.851 358.0 
81.851 359.0 
81.827 360.0 
81.851 361.0 
81.827 362.0 
81.827 363.0 
81.757 364.0 
81.792 365.0 
81.804 366.0 
81.816 367.0 
81.746 368.0 
81.781 369.0 
81.804 370.0 
81.851 371.0 
81.839 372.0 
81.816 373.0 
81.886 374.0 
81.886 375.0 
81.944 376.0 
81.757 377.0 
81.792 378.0 
81.781 379.0 
81.804 380.0 
81.769 381.0 
81.897 382.0 
81.792 383.0 
81.792 384.0 
81.746 385.0 
81.886 386.0 
81.711 387.0 
81.699 388.0 
81.827 389.0 
81.804 390.0 
81.827 391.0 
81.804 392.0 
81.851 393.0 
81.734 394.0 
81.839 395.0 
81.921 396.0 
81.769 397.0 
81.816 398.0 
81.699 399.0 
81.722 400.0 
81.851 401.0 
81.792 402.0 
81.897 403.0 
81.862 404.0 
81.792 405.0 
81.734 406.0 
81.781 407.0 
81.722 408.0 
81.827 409.0 
81.816 410.0 
81.816 411.0 
81.851 412.0 
82.306 413.0 
81.862 414.0 
81.757 415.0 
81.804 416.0 
81.757 417.0 
81.804 418.0 
81.839 419.0 
81.734 420.0 
81.769 421.0 
81.792 422.0 
81.862 423.0 
81.746 424.0 
81.781 425.0 
81.816 426.0 
81.804 427.0 
81.757 428.0 
81.769 429.0 
81.757 430.0 
81.827 431.0 
81.816 432.0 
81.851 433.0 
81.734 434.0 
81.769 435.0 
81.769 436.0 
81.839 437.0 
81.746 438.0 
81.722 439.0 
81.746 440.0 
81.792 441.0 
81.769 442.0 
81.757 443.0 
81.734 444.0 
81.781 445.0 
81.722 446.0 
81.827 447.0 
81.862 448.0 
82.084 449.0 
81.956 450.0 
81.769 451.0 
81.769 452.0 
81.757 453.0 
81.699 454.0 
81.827 455.0 
81.605 456.0 
81.781 457.0 
81.734 458.0 
81.804 459.0 
81.816 460.0 
81.792 461.0 
81.734 462.0 
81.874 463.0 
81.792 464.0 
81.792 465.0 
81.839 466.0 
81.781 467.0 
81.746 468.0 
81.827 469.0 
81.781 470.0 
81.757 471.0 
81.781 472.0 
81.64 473.0 
81.792 474.0 
81.886 475.0 
81.816 476.0 
81.722 477.0 
81.781 478.0 
81.676 479.0 
81.781 480.0 
81.851 481.0 
81.769 482.0 
81.827 483.0 
81.792 484.0 
81.781 485.0 
81.711 486.0 
81.722 487.0 
81.816 488.0 
81.746 489.0 
81.781 490.0 
81.827 491.0 
81.804 492.0 
81.781 493.0 
81.827 494.0 
81.711 495.0 
81.722 496.0 
81.792 497.0 
81.816 498.0 
81.699 499.0 
81.734 500.0 
81.781 501.0 
81.816 502.0 
81.664 503.0 
81.734 504.0 
81.757 505.0 
81.769 506.0 
81.676 507.0 
81.746 508.0 
81.64 509.0 
81.699 510.0 
81.746 511.0 
81.746 512.0 
81.722 513.0 
81.769 514.0 
81.816 515.0 
81.722 516.0 
82.119 517.0 
81.617 518.0 
81.664 519.0 
81.676 520.0 
81.676 521.0 
81.734 522.0 
81.676 523.0 
81.652 524.0 
81.676 525.0 
81.629 526.0 
81.664 527.0 
81.594 528.0 
81.594 529.0 
81.582 530.0 
81.605 531.0 
81.722 532.0 
82.003 533.0 
81.605 534.0 
81.594 535.0 
81.594 536.0 
81.512 537.0 
81.442 538.0 
81.395 539.0 
81.348 540.0 
81.477 541.0 
81.337 542.0 
81.337 543.0 
81.29 544.0 
81.243 545.0 
81.197 546.0 
81.325 547.0 
81.278 548.0 
81.232 549.0 
81.162 550.0 
81.103 551.0 
81.267 552.0 
81.162 553.0 
81.127 554.0 
81.115 555.0 
81.243 556.0 
81.185 557.0 
81.138 558.0 
80.823 559.0 
81.197 560.0 
81.103 561.0 
81.068 562.0 
81.197 563.0 
81.045 564.0 
81.08 565.0 
81.197 566.0 
81.138 567.0 
81.068 568.0 
81.138 569.0 
81.127 570.0 
81.22 571.0 
81.162 572.0 
81.08 573.0 
81.15 574.0 
81.115 575.0 
81.594 576.0 
81.15 577.0 
81.162 578.0 
81.208 579.0 
81.162 580.0 
81.29 581.0 
81.185 582.0 
81.255 583.0 
81.15 584.0 
80.881 585.0 
81.208 586.0 
81.127 587.0 
81.232 588.0 
81.15 589.0 
81.243 590.0 
81.162 591.0 
81.185 592.0 
81.138 593.0 
81.208 594.0 
81.173 595.0 
81.197 596.0 
81.127 597.0 
81.197 598.0 
81.162 599.0 
81.197 600.0 
81.302 601.0 
81.197 602.0 
81.267 603.0 
81.127 604.0 
81.22 605.0 
81.103 606.0 
81.197 607.0 
81.08 608.0 
81.173 609.0 
81.29 610.0 
81.162 611.0 
81.267 612.0 
81.127 613.0 
81.232 614.0 
81.092 615.0 
81.127 616.0 
81.255 617.0 
81.08 618.0 
81.197 619.0 
80.951 620.0 
81.162 621.0 
81.232 622.0 
81.103 623.0 
81.162 624.0 
81.232 625.0 
81.103 626.0 
81.173 627.0 
81.255 628.0 
81.138 629.0 
81.173 630.0 
81.29 631.0 
81.115 632.0 
81.208 633.0 
81.5 634.0 
81.138 635.0 
81.208 636.0 
81.29 637.0 
81.15 638.0 
81.208 639.0 
81.255 640.0 
81.115 641.0 
81.115 642.0 
81.22 643.0 
81.08 644.0 
81.115 645.0 
81.185 646.0 
81.232 647.0 
81.127 648.0 
81.162 649.0 
81.208 650.0 
81.057 651.0 
81.092 652.0 
81.22 653.0 
81.255 654.0 
81.092 655.0 
81.115 656.0 
81.197 657.0 
81.243 658.0 
81.127 659.0 
81.15 660.0 
81.267 661.0 
81.197 662.0 
81.103 663.0 
81.185 664.0 
81.232 665.0 
81.267 666.0 
81.127 667.0 
81.127 668.0 
81.208 669.0 
81.255 670.0 
81.092 671.0 
81.162 672.0 
81.173 673.0 
81.208 674.0 
81.22 675.0 
81.115 676.0 
81.138 677.0 
81.162 678.0 
81.197 679.0 
81.267 680.0 
81.103 681.0 
81.173 682.0 
81.185 683.0 
81.197 684.0 
81.232 685.0 
81.243 686.0 
81.08 687.0 
81.173 688.0 
81.15 689.0 
81.197 690.0 
81.243 691.0 
81.267 692.0 
81.092 693.0 
81.127 694.0 
81.173 695.0 
81.197 696.0 
81.197 697.0 
81.232 698.0 
80.998 699.0 
81.08 700.0 
81.138 701.0 
81.15 702.0 
81.185 703.0 
81.197 704.0 
81.208 705.0 
81.29 706.0 
81.068 707.0 
81.115 708.0 
81.115 709.0 
81.185 710.0 
81.197 711.0 
81.173 712.0 
81.22 713.0 
81.243 714.0 
81.08 715.0 
81.092 716.0 
81.092 717.0 
81.127 718.0 
81.138 719.0 
81.15 720.0 
81.197 721.0 
81.197 722.0 
81.243 723.0 
81.22 724.0 
81.267 725.0 
81.115 726.0 
81.103 727.0 
81.103 728.0 
81.127 729.0 
81.185 730.0 
81.173 731.0 
81.185 732.0 
81.22 733.0 
81.208 734.0 
81.22 735.0 
81.138 736.0 
81.267 737.0 
81.243 738.0 
81.068 739.0 
81.057 740.0 
81.103 741.0 
81.068 742.0 
81.103 743.0 
81.092 744.0 
81.103 745.0 
81.092 746.0 
81.115 747.0 
81.15 748.0 
81.115 749.0 
81.138 750.0 
81.162 751.0 
81.127 752.0 
81.173 753.0 
81.15 754.0 
81.138 755.0 
81.173 756.0 
81.197 757.0 
81.173 758.0 
81.173 759.0 
81.15 760.0 
81.197 761.0 
81.22 762.0 
81.173 763.0 
81.197 764.0 
81.197 765.0 
81.185 766.0 
81.185 767.0 
81.208 768.0 
81.208 769.0 
81.173 770.0 
81.185 771.0 
81.208 772.0 
81.208 773.0 
81.197 774.0 
81.197 775.0 
81.208 776.0 
81.208 777.0 
81.185 778.0 
81.15 779.0 
81.208 780.0 
81.185 781.0 
81.173 782.0 
81.173 783.0 
81.173 784.0 
81.173 785.0 
81.162 786.0 
81.173 787.0 
81.185 788.0 
81.208 789.0 
81.208 790.0 
81.173 791.0 
81.173 792.0 
81.15 793.0 
81.173 794.0 
81.173 795.0 
81.173 796.0 
81.185 797.0 
81.15 798.0 
81.138 799.0 
81.173 800.0 
81.162 801.0 
81.138 802.0 
81.15 803.0 
81.162 804.0 
0.004 805.0 
0.007 806.0 
0.005 807.0 
0.006 808.0 
0.005 809.0 
0.0 810.0 
0.002 811.0 
0.002 812.0 
0.005 813.0 
-0.001 814.0 
0.001 815.0 
0.005 816.0 
-0.002 817.0 
-0.002 818.0 
-0.006 819.0 
-0.006 820.0 
-0.006 821.0 
-0.007 822.0 
-0.018 823.0 
-0.018 824.0 
-0.02 825.0 
-0.02 826.0 
-0.019 827.0 
-0.029 828.0 
-0.024 829.0 
