-0.035 257.0 
-0.056 258.0 
-0.03 259.0 
-0.018 260.0 
-0.04 261.0 
-0.024 262.0 
-0.048 263.0 
-0.042 264.0 
-0.02 265.0 
-0.028 266.0 
-0.042 267.0 
-0.037 268.0 
-0.036 269.0 
-0.035 270.0 
-0.022 271.0 
-0.046 272.0 
-0.036 273.0 
-0.013 274.0 
145.259 275.0 
142.211 276.0 
140.798 277.0 
139.174 278.0 
137.282 279.0 
135.32 280.0 
133.591 281.0 
131.302 282.0 
127.962 283.0 
126.735 284.0 
126.338 285.0 
126.035 286.0 
125.883 287.0 
125.649 288.0 
125.416 289.0 
124.715 290.0 
124.621 291.0 
124.423 292.0 
124.236 293.0 
124.213 294.0 
123.629 295.0 
123.547 296.0 
123.5 297.0 
122.928 298.0 
122.753 299.0 
122.694 300.0 
122.215 301.0 
122.204 302.0 
121.655 303.0 
121.608 304.0 
121.526 305.0 
120.884 306.0 
119.681 307.0 
117.462 308.0 
114.694 309.0 
111.05 310.0 
107.301 311.0 
103.014 312.0 
98.821 313.0 
94.546 314.0 
90.33 315.0 
86.266 316.0 
82.446 317.0 
79.69 318.0 
79.55 319.0 
79.351 320.0 
79.328 321.0 
79.258 322.0 
79.141 323.0 
79.164 324.0 
79.141 325.0 
79.001 326.0 
79.106 327.0 
79.048 328.0 
79.199 329.0 
79.153 330.0 
79.071 331.0 
79.421 332.0 
79.129 333.0 
79.059 334.0 
79.071 335.0 
79.141 336.0 
79.106 337.0 
79.001 338.0 
79.211 339.0 
79.094 340.0 
79.048 341.0 
79.036 342.0 
78.604 343.0 
79.059 344.0 
79.071 345.0 
79.013 346.0 
78.954 347.0 
79.013 348.0 
79.071 349.0 
79.059 350.0 
79.024 351.0 
79.071 352.0 
79.048 353.0 
78.954 354.0 
79.141 355.0 
79.094 356.0 
79.153 357.0 
79.071 358.0 
79.141 359.0 
79.083 360.0 
79.129 361.0 
79.024 362.0 
79.013 363.0 
79.001 364.0 
79.024 365.0 
79.071 366.0 
79.048 367.0 
79.036 368.0 
79.024 369.0 
79.071 370.0 
79.118 371.0 
79.118 372.0 
79.118 373.0 
79.106 374.0 
79.129 375.0 
79.176 376.0 
78.989 377.0 
79.048 378.0 
79.071 379.0 
79.071 380.0 
79.071 381.0 
79.176 382.0 
79.024 383.0 
79.036 384.0 
79.013 385.0 
79.083 386.0 
79.024 387.0 
79.024 388.0 
79.094 389.0 
79.106 390.0 
79.106 391.0 
79.059 392.0 
79.141 393.0 
78.978 394.0 
79.071 395.0 
79.176 396.0 
79.024 397.0 
79.071 398.0 
78.966 399.0 
79.013 400.0 
79.141 401.0 
79.106 402.0 
79.129 403.0 
79.071 404.0 
79.013 405.0 
79.013 406.0 
79.059 407.0 
79.036 408.0 
79.083 409.0 
79.001 410.0 
79.036 411.0 
79.118 412.0 
79.176 413.0 
79.106 414.0 
79.036 415.0 
79.083 416.0 
79.013 417.0 
79.176 418.0 
79.083 419.0 
79.024 420.0 
79.071 421.0 
79.071 422.0 
79.106 423.0 
79.048 424.0 
79.048 425.0 
79.094 426.0 
79.118 427.0 
79.024 428.0 
79.059 429.0 
79.013 430.0 
79.106 431.0 
79.106 432.0 
79.118 433.0 
79.024 434.0 
79.048 435.0 
79.059 436.0 
79.118 437.0 
78.989 438.0 
79.024 439.0 
79.059 440.0 
79.036 441.0 
79.013 442.0 
79.036 443.0 
79.048 444.0 
79.013 445.0 
78.966 446.0 
79.141 447.0 
79.083 448.0 
79.083 449.0 
79.445 450.0 
79.024 451.0 
79.036 452.0 
79.013 453.0 
78.966 454.0 
79.118 455.0 
79.083 456.0 
79.036 457.0 
78.966 458.0 
79.071 459.0 
79.106 460.0 
79.048 461.0 
79.048 462.0 
79.106 463.0 
79.071 464.0 
79.071 465.0 
79.071 466.0 
79.059 467.0 
79.001 468.0 
79.106 469.0 
79.048 470.0 
79.059 471.0 
79.094 472.0 
79.164 473.0 
79.036 474.0 
79.141 475.0 
79.059 476.0 
78.966 477.0 
79.036 478.0 
78.966 479.0 
79.048 480.0 
79.141 481.0 
79.048 482.0 
79.118 483.0 
79.024 484.0 
79.071 485.0 
78.978 486.0 
78.966 487.0 
79.106 488.0 
79.048 489.0 
79.048 490.0 
79.083 491.0 
79.083 492.0 
79.059 493.0 
79.083 494.0 
79.001 495.0 
78.954 496.0 
79.036 497.0 
79.083 498.0 
78.978 499.0 
78.978 500.0 
79.013 501.0 
79.071 502.0 
78.954 503.0 
78.978 504.0 
79.001 505.0 
79.036 506.0 
78.989 507.0 
79.164 508.0 
78.978 509.0 
78.954 510.0 
78.978 511.0 
79.013 512.0 
79.024 513.0 
79.059 514.0 
79.083 515.0 
79.094 516.0 
79.083 517.0 
78.884 518.0 
78.861 519.0 
78.942 520.0 
78.942 521.0 
78.919 522.0 
78.931 523.0 
78.942 524.0 
78.896 525.0 
78.919 526.0 
78.931 527.0 
78.814 528.0 
78.896 529.0 
78.861 530.0 
78.872 531.0 
79.001 532.0 
78.966 533.0 
78.931 534.0 
78.954 535.0 
78.872 536.0 
78.837 537.0 
78.779 538.0 
78.732 539.0 
78.732 540.0 
78.791 541.0 
78.744 542.0 
78.697 543.0 
78.674 544.0 
78.639 545.0 
78.58 546.0 
78.709 547.0 
78.674 548.0 
78.592 549.0 
78.58 550.0 
78.569 551.0 
78.639 552.0 
78.58 553.0 
78.51 554.0 
78.534 555.0 
78.65 556.0 
78.592 557.0 
78.557 558.0 
78.031 559.0 
78.592 560.0 
78.522 561.0 
78.487 562.0 
78.569 563.0 
78.499 564.0 
78.405 565.0 
78.592 566.0 
78.639 567.0 
78.464 568.0 
78.569 569.0 
78.51 570.0 
78.639 571.0 
78.534 572.0 
78.51 573.0 
78.534 574.0 
78.51 575.0 
78.639 576.0 
78.522 577.0 
78.522 578.0 
78.615 579.0 
78.569 580.0 
78.604 581.0 
78.592 582.0 
78.639 583.0 
78.58 584.0 
78.709 585.0 
78.627 586.0 
78.557 587.0 
78.639 588.0 
78.557 589.0 
78.604 590.0 
78.51 591.0 
78.592 592.0 
78.534 593.0 
78.545 594.0 
78.534 595.0 
78.65 596.0 
78.534 597.0 
78.627 598.0 
78.51 599.0 
78.592 600.0 
78.697 601.0 
78.58 602.0 
78.662 603.0 
78.569 604.0 
78.639 605.0 
78.522 606.0 
78.604 607.0 
78.499 608.0 
78.569 609.0 
78.697 610.0 
78.534 611.0 
78.639 612.0 
78.557 613.0 
78.615 614.0 
78.499 615.0 
78.604 616.0 
78.639 617.0 
78.545 618.0 
78.615 619.0 
78.218 620.0 
78.557 621.0 
78.545 622.0 
78.51 623.0 
78.534 624.0 
78.639 625.0 
78.499 626.0 
78.557 627.0 
78.65 628.0 
78.522 629.0 
78.58 630.0 
78.639 631.0 
78.522 632.0 
78.615 633.0 
78.686 634.0 
78.545 635.0 
78.627 636.0 
78.65 637.0 
78.51 638.0 
78.592 639.0 
78.65 640.0 
78.522 641.0 
78.569 642.0 
78.58 643.0 
78.487 644.0 
78.557 645.0 
78.58 646.0 
78.65 647.0 
78.51 648.0 
78.557 649.0 
78.639 650.0 
78.51 651.0 
78.51 652.0 
78.557 653.0 
78.662 654.0 
78.51 655.0 
78.51 656.0 
78.557 657.0 
78.639 658.0 
78.51 659.0 
78.58 660.0 
78.604 661.0 
78.674 662.0 
78.452 663.0 
78.569 664.0 
78.615 665.0 
78.65 666.0 
78.545 667.0 
78.557 668.0 
78.58 669.0 
78.627 670.0 
78.534 671.0 
78.557 672.0 
78.557 673.0 
78.604 674.0 
78.662 675.0 
78.522 676.0 
78.545 677.0 
78.569 678.0 
78.58 679.0 
78.627 680.0 
78.464 681.0 
78.545 682.0 
78.58 683.0 
78.592 684.0 
78.627 685.0 
78.65 686.0 
78.534 687.0 
78.534 688.0 
78.545 689.0 
78.604 690.0 
78.615 691.0 
78.662 692.0 
78.464 693.0 
78.569 694.0 
78.545 695.0 
78.592 696.0 
78.627 697.0 
78.627 698.0 
78.16 699.0 
78.499 700.0 
78.51 701.0 
78.557 702.0 
78.545 703.0 
78.545 704.0 
78.639 705.0 
78.686 706.0 
78.499 707.0 
78.522 708.0 
78.557 709.0 
78.58 710.0 
78.592 711.0 
78.627 712.0 
78.627 713.0 
78.65 714.0 
78.697 715.0 
78.522 716.0 
78.545 717.0 
78.557 718.0 
78.557 719.0 
78.545 720.0 
78.615 721.0 
78.627 722.0 
78.604 723.0 
78.627 724.0 
78.65 725.0 
78.452 726.0 
78.475 727.0 
78.522 728.0 
78.534 729.0 
78.557 730.0 
78.569 731.0 
78.58 732.0 
78.615 733.0 
78.604 734.0 
78.627 735.0 
78.639 736.0 
78.674 737.0 
78.639 738.0 
78.674 739.0 
78.487 740.0 
78.44 741.0 
78.499 742.0 
78.522 743.0 
78.534 744.0 
78.499 745.0 
78.487 746.0 
78.534 747.0 
78.522 748.0 
78.557 749.0 
78.557 750.0 
78.487 751.0 
78.557 752.0 
78.557 753.0 
78.592 754.0 
78.569 755.0 
78.569 756.0 
78.604 757.0 
78.592 758.0 
78.557 759.0 
78.569 760.0 
78.592 761.0 
78.604 762.0 
78.557 763.0 
78.604 764.0 
78.592 765.0 
78.615 766.0 
78.58 767.0 
78.592 768.0 
78.604 769.0 
78.604 770.0 
78.58 771.0 
78.569 772.0 
78.615 773.0 
78.592 774.0 
78.58 775.0 
78.615 776.0 
78.58 777.0 
78.604 778.0 
78.592 779.0 
78.58 780.0 
78.592 781.0 
78.569 782.0 
78.557 783.0 
78.557 784.0 
78.58 785.0 
78.557 786.0 
78.592 787.0 
78.592 788.0 
78.592 789.0 
78.58 790.0 
78.604 791.0 
78.58 792.0 
78.58 793.0 
78.569 794.0 
78.58 795.0 
78.592 796.0 
78.615 797.0 
78.58 798.0 
78.534 799.0 
78.557 800.0 
78.569 801.0 
78.615 802.0 
78.604 803.0 
78.58 804.0 
0.007 805.0 
0.012 806.0 
0.005 807.0 
-0.004 808.0 
-0.001 809.0 
0.002 810.0 
-0.002 811.0 
-0.008 812.0 
-0.013 813.0 
-0.017 814.0 
-0.017 815.0 
-0.012 816.0 
-0.02 817.0 
-0.026 818.0 
-0.031 819.0 
-0.016 820.0 
-0.018 821.0 
-0.03 822.0 
-0.031 823.0 
-0.025 824.0 
-0.022 825.0 
-0.017 826.0 
-0.018 827.0 
-0.019 828.0 
-0.02 829.0 
