-0.025 257.0 
-0.026 258.0 
-0.023 259.0 
-0.022 260.0 
-0.023 261.0 
-0.034 262.0 
-0.012 263.0 
-0.026 264.0 
-0.01 265.0 
-0.037 266.0 
-0.036 267.0 
-0.016 268.0 
-0.026 269.0 
-0.012 270.0 
-0.031 271.0 
-0.023 272.0 
-0.008 273.0 
-0.013 274.0 
133.533 275.0 
132.026 276.0 
131.454 277.0 
130.858 278.0 
130.204 279.0 
129.562 280.0 
128.663 281.0 
127.039 282.0 
126.151 283.0 
125.848 284.0 
125.696 285.0 
125.626 286.0 
125.696 287.0 
125.626 288.0 
125.579 289.0 
125.112 290.0 
125.147 291.0 
125.1 292.0 
125.089 293.0 
124.995 294.0 
124.808 295.0 
124.82 296.0 
124.89 297.0 
124.516 298.0 
124.528 299.0 
124.645 300.0 
124.213 301.0 
124.294 302.0 
123.909 303.0 
123.967 304.0 
124.096 305.0 
123.232 306.0 
121.339 307.0 
117.929 308.0 
114.472 309.0 
109.882 310.0 
104.836 311.0 
97.922 312.0 
89.407 313.0 
78.896 314.0 
68.337 315.0 
58.129 316.0 
49.673 317.0 
42.923 318.0 
42.315 319.0 
42.21 320.0 
41.977 321.0 
42.128 322.0 
42.105 323.0 
42.14 324.0 
42.105 325.0 
42.163 326.0 
42.175 327.0 
42.117 328.0 
42.642 329.0 
42.14 330.0 
42.117 331.0 
42.35 332.0 
42.163 333.0 
42.14 334.0 
42.163 335.0 
42.117 336.0 
42.14 337.0 
42.082 338.0 
42.175 339.0 
42.14 340.0 
42.117 341.0 
42.105 342.0 
41.965 343.0 
42.175 344.0 
42.128 345.0 
42.128 346.0 
42.117 347.0 
42.023 348.0 
42.163 349.0 
42.14 350.0 
42.128 351.0 
42.175 352.0 
42.163 353.0 
42.07 354.0 
42.233 355.0 
42.117 356.0 
42.14 357.0 
42.14 358.0 
42.163 359.0 
42.163 360.0 
42.152 361.0 
42.117 362.0 
42.175 363.0 
42.105 364.0 
42.117 365.0 
42.152 366.0 
42.187 367.0 
42.128 368.0 
42.14 369.0 
42.128 370.0 
42.163 371.0 
42.163 372.0 
42.175 373.0 
42.187 374.0 
42.21 375.0 
42.455 376.0 
42.047 377.0 
42.152 378.0 
42.14 379.0 
42.128 380.0 
42.117 381.0 
42.198 382.0 
42.128 383.0 
42.128 384.0 
42.163 385.0 
42.187 386.0 
42.093 387.0 
42.128 388.0 
42.128 389.0 
42.152 390.0 
42.163 391.0 
42.128 392.0 
42.175 393.0 
42.105 394.0 
42.163 395.0 
42.175 396.0 
42.117 397.0 
42.163 398.0 
42.082 399.0 
42.117 400.0 
42.152 401.0 
42.175 402.0 
42.198 403.0 
42.14 404.0 
42.163 405.0 
42.105 406.0 
42.14 407.0 
42.175 408.0 
42.14 409.0 
42.128 410.0 
42.152 411.0 
42.198 412.0 
42.467 413.0 
42.163 414.0 
42.128 415.0 
42.14 416.0 
42.128 417.0 
42.21 418.0 
42.152 419.0 
42.093 420.0 
42.105 421.0 
42.14 422.0 
42.163 423.0 
42.117 424.0 
42.152 425.0 
42.163 426.0 
42.175 427.0 
42.117 428.0 
42.105 429.0 
42.117 430.0 
42.152 431.0 
42.152 432.0 
42.163 433.0 
42.128 434.0 
42.163 435.0 
42.117 436.0 
42.198 437.0 
42.082 438.0 
42.14 439.0 
42.105 440.0 
42.093 441.0 
42.117 442.0 
42.128 443.0 
42.117 444.0 
42.152 445.0 
42.128 446.0 
42.198 447.0 
42.187 448.0 
42.198 449.0 
42.397 450.0 
42.152 451.0 
42.128 452.0 
42.128 453.0 
42.128 454.0 
42.163 455.0 
41.918 456.0 
42.105 457.0 
42.117 458.0 
42.163 459.0 
42.175 460.0 
42.128 461.0 
42.14 462.0 
42.175 463.0 
42.163 464.0 
42.152 465.0 
42.187 466.0 
42.14 467.0 
42.07 468.0 
42.14 469.0 
42.117 470.0 
42.187 471.0 
42.175 472.0 
42.023 473.0 
42.152 474.0 
42.187 475.0 
42.128 476.0 
42.117 477.0 
42.117 478.0 
42.105 479.0 
42.14 480.0 
42.163 481.0 
42.128 482.0 
42.175 483.0 
42.152 484.0 
42.163 485.0 
42.082 486.0 
42.093 487.0 
42.175 488.0 
42.14 489.0 
42.152 490.0 
42.152 491.0 
42.152 492.0 
42.152 493.0 
42.163 494.0 
42.128 495.0 
42.058 496.0 
42.163 497.0 
42.152 498.0 
42.082 499.0 
42.117 500.0 
42.117 501.0 
42.152 502.0 
42.082 503.0 
42.117 504.0 
42.14 505.0 
42.128 506.0 
41.93 507.0 
42.467 508.0 
42.105 509.0 
42.093 510.0 
42.082 511.0 
42.117 512.0 
42.128 513.0 
42.128 514.0 
42.163 515.0 
42.14 516.0 
42.14 517.0 
42.035 518.0 
42.035 519.0 
42.07 520.0 
42.07 521.0 
42.105 522.0 
42.105 523.0 
42.082 524.0 
42.07 525.0 
42.07 526.0 
42.082 527.0 
42.035 528.0 
42.093 529.0 
42.047 530.0 
42.082 531.0 
42.152 532.0 
42.152 533.0 
42.14 534.0 
42.128 535.0 
42.105 536.0 
42.105 537.0 
42.117 538.0 
42.07 539.0 
42.117 540.0 
42.152 541.0 
42.117 542.0 
42.117 543.0 
42.093 544.0 
42.082 545.0 
42.093 546.0 
42.117 547.0 
42.117 548.0 
42.14 549.0 
42.105 550.0 
41.965 551.0 
42.14 552.0 
42.117 553.0 
42.093 554.0 
42.093 555.0 
42.163 556.0 
42.105 557.0 
42.082 558.0 
41.708 559.0 
42.117 560.0 
42.105 561.0 
42.0 562.0 
42.117 563.0 
42.047 564.0 
41.93 565.0 
42.117 566.0 
42.175 567.0 
42.035 568.0 
42.105 569.0 
42.082 570.0 
42.187 571.0 
42.082 572.0 
42.035 573.0 
42.082 574.0 
42.093 575.0 
42.117 576.0 
42.082 577.0 
42.105 578.0 
42.14 579.0 
42.082 580.0 
42.117 581.0 
42.105 582.0 
42.105 583.0 
42.093 584.0 
42.175 585.0 
42.105 586.0 
42.105 587.0 
42.14 588.0 
42.07 589.0 
42.117 590.0 
42.105 591.0 
42.152 592.0 
42.093 593.0 
42.082 594.0 
42.07 595.0 
42.093 596.0 
42.07 597.0 
42.14 598.0 
42.093 599.0 
42.128 600.0 
42.152 601.0 
42.093 602.0 
42.14 603.0 
42.082 604.0 
42.163 605.0 
42.07 606.0 
42.14 607.0 
42.082 608.0 
42.105 609.0 
42.14 610.0 
42.093 611.0 
42.163 612.0 
42.093 613.0 
42.14 614.0 
42.07 615.0 
42.117 616.0 
42.14 617.0 
42.07 618.0 
42.128 619.0 
41.451 620.0 
42.093 621.0 
42.128 622.0 
42.058 623.0 
42.117 624.0 
42.128 625.0 
42.07 626.0 
42.117 627.0 
42.152 628.0 
42.047 629.0 
42.117 630.0 
42.175 631.0 
42.023 632.0 
42.14 633.0 
42.175 634.0 
42.058 635.0 
42.128 636.0 
42.128 637.0 
42.07 638.0 
42.117 639.0 
42.152 640.0 
42.058 641.0 
42.093 642.0 
42.117 643.0 
42.047 644.0 
42.047 645.0 
42.128 646.0 
42.128 647.0 
42.058 648.0 
42.07 649.0 
42.128 650.0 
42.058 651.0 
42.093 652.0 
42.093 653.0 
42.152 654.0 
42.07 655.0 
42.082 656.0 
42.105 657.0 
42.163 658.0 
42.082 659.0 
42.128 660.0 
42.117 661.0 
42.163 662.0 
42.058 663.0 
42.093 664.0 
42.117 665.0 
42.175 666.0 
42.082 667.0 
42.105 668.0 
42.117 669.0 
42.163 670.0 
42.082 671.0 
42.14 672.0 
42.093 673.0 
42.128 674.0 
42.152 675.0 
42.058 676.0 
42.082 677.0 
42.082 678.0 
42.128 679.0 
42.14 680.0 
42.07 681.0 
42.082 682.0 
42.117 683.0 
42.128 684.0 
42.117 685.0 
42.163 686.0 
42.07 687.0 
42.117 688.0 
42.105 689.0 
42.117 690.0 
42.163 691.0 
42.187 692.0 
42.047 693.0 
42.105 694.0 
42.105 695.0 
42.128 696.0 
42.117 697.0 
42.14 698.0 
41.895 699.0 
42.058 700.0 
42.07 701.0 
42.082 702.0 
42.093 703.0 
42.082 704.0 
42.105 705.0 
42.14 706.0 
42.047 707.0 
42.105 708.0 
42.105 709.0 
42.117 710.0 
42.105 711.0 
42.128 712.0 
42.14 713.0 
42.175 714.0 
42.175 715.0 
42.07 716.0 
42.082 717.0 
42.093 718.0 
42.093 719.0 
42.105 720.0 
42.128 721.0 
42.14 722.0 
42.163 723.0 
42.117 724.0 
42.152 725.0 
42.082 726.0 
42.07 727.0 
42.105 728.0 
42.082 729.0 
42.093 730.0 
42.117 731.0 
42.152 732.0 
42.093 733.0 
42.128 734.0 
42.14 735.0 
42.058 736.0 
42.128 737.0 
42.128 738.0 
41.906 739.0 
42.012 740.0 
42.035 741.0 
42.047 742.0 
42.093 743.0 
42.07 744.0 
42.035 745.0 
42.105 746.0 
42.058 747.0 
42.07 748.0 
42.082 749.0 
42.082 750.0 
42.093 751.0 
42.093 752.0 
42.117 753.0 
42.117 754.0 
42.105 755.0 
42.093 756.0 
42.093 757.0 
42.105 758.0 
42.117 759.0 
42.117 760.0 
42.093 761.0 
42.117 762.0 
42.14 763.0 
42.128 764.0 
42.14 765.0 
42.14 766.0 
42.117 767.0 
42.128 768.0 
42.117 769.0 
42.105 770.0 
42.128 771.0 
42.14 772.0 
42.117 773.0 
42.117 774.0 
42.117 775.0 
42.105 776.0 
42.117 777.0 
42.117 778.0 
42.117 779.0 
42.14 780.0 
42.117 781.0 
42.128 782.0 
42.14 783.0 
42.117 784.0 
42.105 785.0 
42.082 786.0 
42.093 787.0 
42.093 788.0 
42.105 789.0 
42.117 790.0 
42.128 791.0 
42.105 792.0 
42.14 793.0 
42.152 794.0 
42.117 795.0 
42.082 796.0 
42.105 797.0 
42.082 798.0 
42.093 799.0 
42.117 800.0 
42.105 801.0 
42.105 802.0 
42.105 803.0 
42.093 804.0 
0.004 805.0 
0.004 806.0 
0.0 807.0 
0.004 808.0 
0.006 809.0 
0.001 810.0 
0.002 811.0 
0.01 812.0 
0.0 813.0 
0.002 814.0 
-0.001 815.0 
-0.011 816.0 
-0.004 817.0 
-0.002 818.0 
-0.007 819.0 
-0.008 820.0 
-0.011 821.0 
-0.012 822.0 
-0.013 823.0 
-0.007 824.0 
-0.013 825.0 
-0.016 826.0 
-0.011 827.0 
-0.007 828.0 
-0.004 829.0 
