-0.006 257.0 
-0.025 258.0 
-0.078 259.0 
-0.019 260.0 
-0.011 261.0 
-0.029 262.0 
-0.014 263.0 
-0.049 264.0 
-0.035 265.0 
-0.017 266.0 
-0.038 267.0 
-0.041 268.0 
-0.035 269.0 
-0.026 270.0 
-0.038 271.0 
-0.035 272.0 
-0.043 273.0 
-0.023 274.0 
146.976 275.0 
143.846 276.0 
142.538 277.0 
140.821 278.0 
138.999 279.0 
136.722 280.0 
134.841 281.0 
132.423 282.0 
128.885 283.0 
127.273 284.0 
126.689 285.0 
126.327 286.0 
126.035 287.0 
125.708 288.0 
125.369 289.0 
125.124 290.0 
124.516 291.0 
124.248 292.0 
123.944 293.0 
123.792 294.0 
123.29 295.0 
123.08 296.0 
122.975 297.0 
122.391 298.0 
122.134 299.0 
122.017 300.0 
121.456 301.0 
121.375 302.0 
120.861 303.0 
120.732 304.0 
120.639 305.0 
120.02 306.0 
118.688 307.0 
116.259 308.0 
113.538 309.0 
109.858 310.0 
106.46 311.0 
102.138 312.0 
98.155 313.0 
93.881 314.0 
90.178 315.0 
86.266 316.0 
82.82 317.0 
79.924 318.0 
79.748 319.0 
79.503 320.0 
79.41 321.0 
79.293 322.0 
79.141 323.0 
79.176 324.0 
79.094 325.0 
79.223 326.0 
79.129 327.0 
79.036 328.0 
79.223 329.0 
79.118 330.0 
79.024 331.0 
79.153 332.0 
79.141 333.0 
79.071 334.0 
79.456 335.0 
79.141 336.0 
79.141 337.0 
79.024 338.0 
79.176 339.0 
79.094 340.0 
79.118 341.0 
79.059 342.0 
79.211 343.0 
79.094 344.0 
79.083 345.0 
79.048 346.0 
79.024 347.0 
79.141 348.0 
79.129 349.0 
79.083 350.0 
79.059 351.0 
79.083 352.0 
79.059 353.0 
78.919 354.0 
79.153 355.0 
79.141 356.0 
79.141 357.0 
79.094 358.0 
79.153 359.0 
79.118 360.0 
79.176 361.0 
79.083 362.0 
79.106 363.0 
79.024 364.0 
79.048 365.0 
79.071 366.0 
79.106 367.0 
79.036 368.0 
79.083 369.0 
79.083 370.0 
79.083 371.0 
79.083 372.0 
79.141 373.0 
79.164 374.0 
79.153 375.0 
79.176 376.0 
78.954 377.0 
79.094 378.0 
79.059 379.0 
79.048 380.0 
79.071 381.0 
79.188 382.0 
79.083 383.0 
79.059 384.0 
79.024 385.0 
79.164 386.0 
79.013 387.0 
78.989 388.0 
79.083 389.0 
79.106 390.0 
79.094 391.0 
79.013 392.0 
79.153 393.0 
79.013 394.0 
79.129 395.0 
79.164 396.0 
79.036 397.0 
79.094 398.0 
78.966 399.0 
79.059 400.0 
79.141 401.0 
79.106 402.0 
79.153 403.0 
79.094 404.0 
79.059 405.0 
79.013 406.0 
79.059 407.0 
79.024 408.0 
79.083 409.0 
78.989 410.0 
79.071 411.0 
79.141 412.0 
79.211 413.0 
79.118 414.0 
79.036 415.0 
79.118 416.0 
79.024 417.0 
79.223 418.0 
79.141 419.0 
79.013 420.0 
79.083 421.0 
79.106 422.0 
79.129 423.0 
79.036 424.0 
79.036 425.0 
79.106 426.0 
79.106 427.0 
79.059 428.0 
79.036 429.0 
78.966 430.0 
79.118 431.0 
79.118 432.0 
79.129 433.0 
79.059 434.0 
79.048 435.0 
79.083 436.0 
79.164 437.0 
79.001 438.0 
79.036 439.0 
79.083 440.0 
79.048 441.0 
79.059 442.0 
79.036 443.0 
79.024 444.0 
79.059 445.0 
79.036 446.0 
79.153 447.0 
79.141 448.0 
79.106 449.0 
79.468 450.0 
79.048 451.0 
79.071 452.0 
79.024 453.0 
79.024 454.0 
79.106 455.0 
79.083 456.0 
79.059 457.0 
78.989 458.0 
79.129 459.0 
79.141 460.0 
79.071 461.0 
79.048 462.0 
79.129 463.0 
79.083 464.0 
79.083 465.0 
79.141 466.0 
79.048 467.0 
79.024 468.0 
79.106 469.0 
79.059 470.0 
79.024 471.0 
79.036 472.0 
79.001 473.0 
79.094 474.0 
79.188 475.0 
79.071 476.0 
79.001 477.0 
79.071 478.0 
78.989 479.0 
79.071 480.0 
79.141 481.0 
79.048 482.0 
79.106 483.0 
79.024 484.0 
79.106 485.0 
79.036 486.0 
79.001 487.0 
79.129 488.0 
79.059 489.0 
79.083 490.0 
79.059 491.0 
79.036 492.0 
79.059 493.0 
79.118 494.0 
79.024 495.0 
78.989 496.0 
79.071 497.0 
79.129 498.0 
78.989 499.0 
79.001 500.0 
79.048 501.0 
79.094 502.0 
78.954 503.0 
78.978 504.0 
79.024 505.0 
79.036 506.0 
78.989 507.0 
79.141 508.0 
78.978 509.0 
79.001 510.0 
79.036 511.0 
79.036 512.0 
79.059 513.0 
79.024 514.0 
79.071 515.0 
79.129 516.0 
79.328 517.0 
78.849 518.0 
78.907 519.0 
78.966 520.0 
78.966 521.0 
78.966 522.0 
78.931 523.0 
78.931 524.0 
78.919 525.0 
78.931 526.0 
78.907 527.0 
78.861 528.0 
78.907 529.0 
78.849 530.0 
78.872 531.0 
79.001 532.0 
78.954 533.0 
78.954 534.0 
78.919 535.0 
78.896 536.0 
78.849 537.0 
78.744 538.0 
78.779 539.0 
78.686 540.0 
78.802 541.0 
78.697 542.0 
78.686 543.0 
78.65 544.0 
78.615 545.0 
78.58 546.0 
78.697 547.0 
78.627 548.0 
78.545 549.0 
78.51 550.0 
78.464 551.0 
78.569 552.0 
78.534 553.0 
78.464 554.0 
78.452 555.0 
78.58 556.0 
78.534 557.0 
78.487 558.0 
78.148 559.0 
78.557 560.0 
78.51 561.0 
78.417 562.0 
78.534 563.0 
78.464 564.0 
78.405 565.0 
78.534 566.0 
78.51 567.0 
78.405 568.0 
78.487 569.0 
78.429 570.0 
78.592 571.0 
78.499 572.0 
78.429 573.0 
78.487 574.0 
78.487 575.0 
78.569 576.0 
78.487 577.0 
78.475 578.0 
78.557 579.0 
78.522 580.0 
78.615 581.0 
78.51 582.0 
78.545 583.0 
78.557 584.0 
78.195 585.0 
78.569 586.0 
78.475 587.0 
78.557 588.0 
78.487 589.0 
78.58 590.0 
78.499 591.0 
78.569 592.0 
78.51 593.0 
78.522 594.0 
78.522 595.0 
78.534 596.0 
78.487 597.0 
78.545 598.0 
78.475 599.0 
78.569 600.0 
78.65 601.0 
78.534 602.0 
78.592 603.0 
78.499 604.0 
78.592 605.0 
78.487 606.0 
78.569 607.0 
78.464 608.0 
78.499 609.0 
78.58 610.0 
78.475 611.0 
78.58 612.0 
78.487 613.0 
78.534 614.0 
78.464 615.0 
78.487 616.0 
78.604 617.0 
78.464 618.0 
78.545 619.0 
78.335 620.0 
78.545 621.0 
78.592 622.0 
78.475 623.0 
78.522 624.0 
78.604 625.0 
78.429 626.0 
78.545 627.0 
78.592 628.0 
78.464 629.0 
78.545 630.0 
78.627 631.0 
78.464 632.0 
78.557 633.0 
78.604 634.0 
78.487 635.0 
78.545 636.0 
78.604 637.0 
78.487 638.0 
78.534 639.0 
78.615 640.0 
78.499 641.0 
78.522 642.0 
78.592 643.0 
78.44 644.0 
78.499 645.0 
78.522 646.0 
78.604 647.0 
78.44 648.0 
78.522 649.0 
78.58 650.0 
78.452 651.0 
78.475 652.0 
78.569 653.0 
78.58 654.0 
78.429 655.0 
78.51 656.0 
78.522 657.0 
78.615 658.0 
78.51 659.0 
78.557 660.0 
78.569 661.0 
78.569 662.0 
78.464 663.0 
78.499 664.0 
78.58 665.0 
78.604 666.0 
78.487 667.0 
78.545 668.0 
78.534 669.0 
78.615 670.0 
78.429 671.0 
78.499 672.0 
78.545 673.0 
78.545 674.0 
78.557 675.0 
78.487 676.0 
78.499 677.0 
78.51 678.0 
78.522 679.0 
78.615 680.0 
78.464 681.0 
78.464 682.0 
78.499 683.0 
78.545 684.0 
78.522 685.0 
78.615 686.0 
78.405 687.0 
78.452 688.0 
78.499 689.0 
78.545 690.0 
78.604 691.0 
78.615 692.0 
78.475 693.0 
78.44 694.0 
78.499 695.0 
78.569 696.0 
78.487 697.0 
78.569 698.0 
78.335 699.0 
78.452 700.0 
78.475 701.0 
78.522 702.0 
78.51 703.0 
78.51 704.0 
78.51 705.0 
78.604 706.0 
78.452 707.0 
78.464 708.0 
78.452 709.0 
78.51 710.0 
78.522 711.0 
78.545 712.0 
78.592 713.0 
78.557 714.0 
78.335 715.0 
78.44 716.0 
78.405 717.0 
78.499 718.0 
78.499 719.0 
78.534 720.0 
78.569 721.0 
78.557 722.0 
78.604 723.0 
78.592 724.0 
78.569 725.0 
78.429 726.0 
78.452 727.0 
78.464 728.0 
78.487 729.0 
78.499 730.0 
78.51 731.0 
78.51 732.0 
78.522 733.0 
78.569 734.0 
78.58 735.0 
78.58 736.0 
78.592 737.0 
78.615 738.0 
78.277 739.0 
78.452 740.0 
78.417 741.0 
78.452 742.0 
78.44 743.0 
78.429 744.0 
78.475 745.0 
78.417 746.0 
78.464 747.0 
78.464 748.0 
78.475 749.0 
78.487 750.0 
78.475 751.0 
78.51 752.0 
78.51 753.0 
78.534 754.0 
78.522 755.0 
78.499 756.0 
78.51 757.0 
78.51 758.0 
78.522 759.0 
78.522 760.0 
78.534 761.0 
78.522 762.0 
78.545 763.0 
78.522 764.0 
78.545 765.0 
78.545 766.0 
78.522 767.0 
78.522 768.0 
78.545 769.0 
78.534 770.0 
78.51 771.0 
78.534 772.0 
78.534 773.0 
78.545 774.0 
78.534 775.0 
78.557 776.0 
78.534 777.0 
78.534 778.0 
78.557 779.0 
78.58 780.0 
78.522 781.0 
78.534 782.0 
78.522 783.0 
78.51 784.0 
78.522 785.0 
78.534 786.0 
78.522 787.0 
78.522 788.0 
78.522 789.0 
78.545 790.0 
78.522 791.0 
78.534 792.0 
78.545 793.0 
78.557 794.0 
78.487 795.0 
78.534 796.0 
78.499 797.0 
78.51 798.0 
78.522 799.0 
78.522 800.0 
78.51 801.0 
78.499 802.0 
78.51 803.0 
78.51 804.0 
0.004 805.0 
0.008 806.0 
-0.001 807.0 
-0.005 808.0 
-0.005 809.0 
-0.005 810.0 
-0.013 811.0 
-0.02 812.0 
-0.025 813.0 
-0.031 814.0 
-0.03 815.0 
-0.029 816.0 
-0.031 817.0 
-0.037 818.0 
-0.037 819.0 
-0.031 820.0 
-0.036 821.0 
-0.038 822.0 
-0.037 823.0 
-0.029 824.0 
-0.028 825.0 
-0.03 826.0 
-0.028 827.0 
-0.03 828.0 
-0.03 829.0 
