-0.032 257.0 
-0.041 258.0 
-0.049 259.0 
-0.047 260.0 
-0.035 261.0 
-0.02 262.0 
-0.038 263.0 
-0.04 264.0 
-0.04 265.0 
-0.055 266.0 
-0.032 267.0 
-0.026 268.0 
-0.035 269.0 
-0.052 270.0 
-0.035 271.0 
-0.041 272.0 
-0.03 273.0 
-0.048 274.0 
145.691 275.0 
142.62 276.0 
141.627 277.0 
140.19 278.0 
138.649 279.0 
136.616 280.0 
134.794 281.0 
132.575 282.0 
129.036 283.0 
127.308 284.0 
126.934 285.0 
126.607 286.0 
126.479 287.0 
126.198 288.0 
125.883 289.0 
125.205 290.0 
125.089 291.0 
124.89 292.0 
124.703 293.0 
124.598 294.0 
124.049 295.0 
123.851 296.0 
123.734 297.0 
123.208 298.0 
123.033 299.0 
122.893 300.0 
122.344 301.0 
122.215 302.0 
121.69 303.0 
121.503 304.0 
121.363 305.0 
120.697 306.0 
119.482 307.0 
117.217 308.0 
114.367 309.0 
110.641 310.0 
106.962 311.0 
102.781 312.0 
98.915 313.0 
94.465 314.0 
90.47 315.0 
86.429 316.0 
82.867 317.0 
79.982 318.0 
79.877 319.0 
79.667 320.0 
79.562 321.0 
79.515 322.0 
79.433 323.0 
79.48 324.0 
79.41 325.0 
79.305 326.0 
79.375 327.0 
79.316 328.0 
79.491 329.0 
79.398 330.0 
79.351 331.0 
79.748 332.0 
79.433 333.0 
79.375 334.0 
79.41 335.0 
79.468 336.0 
79.456 337.0 
79.351 338.0 
79.503 339.0 
79.398 340.0 
79.41 341.0 
79.375 342.0 
79.538 343.0 
79.375 344.0 
79.386 345.0 
79.363 346.0 
79.305 347.0 
79.246 348.0 
79.421 349.0 
79.375 350.0 
79.328 351.0 
79.398 352.0 
79.386 353.0 
79.328 354.0 
79.456 355.0 
79.386 356.0 
79.433 357.0 
79.386 358.0 
79.48 359.0 
79.421 360.0 
79.445 361.0 
79.363 362.0 
79.41 363.0 
79.281 364.0 
79.34 365.0 
79.375 366.0 
79.398 367.0 
79.316 368.0 
79.328 369.0 
79.351 370.0 
79.386 371.0 
79.398 372.0 
79.41 373.0 
79.421 374.0 
79.468 375.0 
79.737 376.0 
79.27 377.0 
79.363 378.0 
79.375 379.0 
79.398 380.0 
79.398 381.0 
79.48 382.0 
79.363 383.0 
79.34 384.0 
79.351 385.0 
79.421 386.0 
79.34 387.0 
79.328 388.0 
79.41 389.0 
79.375 390.0 
79.375 391.0 
79.363 392.0 
79.456 393.0 
79.281 394.0 
79.386 395.0 
79.491 396.0 
79.328 397.0 
79.386 398.0 
79.281 399.0 
79.351 400.0 
79.468 401.0 
79.386 402.0 
79.445 403.0 
79.398 404.0 
79.351 405.0 
79.316 406.0 
79.375 407.0 
79.34 408.0 
79.386 409.0 
79.293 410.0 
79.34 411.0 
79.41 412.0 
79.842 413.0 
79.41 414.0 
79.351 415.0 
79.421 416.0 
79.363 417.0 
79.456 418.0 
79.386 419.0 
79.351 420.0 
79.398 421.0 
79.398 422.0 
79.456 423.0 
79.316 424.0 
79.305 425.0 
79.386 426.0 
79.398 427.0 
79.34 428.0 
79.351 429.0 
79.305 430.0 
79.421 431.0 
79.386 432.0 
79.41 433.0 
79.328 434.0 
79.34 435.0 
79.375 436.0 
79.41 437.0 
79.34 438.0 
79.305 439.0 
79.363 440.0 
79.363 441.0 
79.363 442.0 
79.351 443.0 
79.34 444.0 
79.34 445.0 
79.316 446.0 
79.433 447.0 
79.398 448.0 
79.386 449.0 
79.713 450.0 
79.328 451.0 
79.34 452.0 
79.328 453.0 
79.293 454.0 
79.386 455.0 
79.386 456.0 
79.328 457.0 
79.316 458.0 
79.398 459.0 
79.433 460.0 
79.386 461.0 
79.363 462.0 
79.433 463.0 
79.34 464.0 
79.34 465.0 
79.445 466.0 
79.34 467.0 
79.305 468.0 
79.375 469.0 
79.34 470.0 
79.293 471.0 
79.351 472.0 
79.211 473.0 
79.375 474.0 
79.433 475.0 
79.375 476.0 
79.27 477.0 
79.386 478.0 
79.281 479.0 
79.398 480.0 
79.445 481.0 
79.363 482.0 
79.421 483.0 
79.293 484.0 
79.34 485.0 
79.281 486.0 
79.34 487.0 
79.375 488.0 
79.328 489.0 
79.351 490.0 
79.386 491.0 
79.351 492.0 
79.363 493.0 
79.375 494.0 
79.293 495.0 
79.305 496.0 
79.375 497.0 
79.398 498.0 
79.281 499.0 
79.328 500.0 
79.363 501.0 
79.421 502.0 
79.27 503.0 
79.258 504.0 
79.305 505.0 
79.351 506.0 
79.281 507.0 
79.386 508.0 
79.234 509.0 
79.258 510.0 
79.293 511.0 
79.316 512.0 
79.316 513.0 
79.351 514.0 
79.363 515.0 
79.363 516.0 
79.573 517.0 
79.164 518.0 
79.188 519.0 
79.223 520.0 
79.234 521.0 
79.27 522.0 
79.258 523.0 
79.246 524.0 
79.223 525.0 
79.223 526.0 
79.234 527.0 
79.188 528.0 
79.176 529.0 
79.164 530.0 
79.164 531.0 
79.281 532.0 
79.223 533.0 
79.223 534.0 
79.234 535.0 
79.188 536.0 
79.176 537.0 
79.094 538.0 
79.094 539.0 
79.059 540.0 
79.106 541.0 
79.071 542.0 
79.036 543.0 
78.989 544.0 
78.919 545.0 
78.907 546.0 
79.036 547.0 
78.966 548.0 
78.896 549.0 
78.872 550.0 
78.826 551.0 
78.896 552.0 
78.907 553.0 
78.849 554.0 
78.849 555.0 
78.954 556.0 
78.849 557.0 
78.814 558.0 
78.475 559.0 
78.931 560.0 
78.896 561.0 
78.802 562.0 
78.931 563.0 
78.802 564.0 
78.779 565.0 
78.919 566.0 
78.884 567.0 
78.791 568.0 
78.826 569.0 
78.837 570.0 
78.919 571.0 
78.837 572.0 
78.756 573.0 
78.884 574.0 
78.861 575.0 
79.176 576.0 
78.849 577.0 
78.861 578.0 
78.942 579.0 
78.861 580.0 
79.001 581.0 
78.896 582.0 
78.966 583.0 
78.907 584.0 
79.024 585.0 
78.919 586.0 
78.849 587.0 
78.931 588.0 
78.849 589.0 
78.942 590.0 
78.837 591.0 
78.896 592.0 
78.896 593.0 
78.942 594.0 
78.849 595.0 
78.942 596.0 
78.884 597.0 
78.884 598.0 
78.826 599.0 
78.942 600.0 
79.036 601.0 
78.884 602.0 
78.978 603.0 
78.861 604.0 
78.954 605.0 
78.861 606.0 
78.942 607.0 
78.802 608.0 
78.896 609.0 
78.942 610.0 
78.872 611.0 
78.931 612.0 
78.861 613.0 
78.907 614.0 
78.837 615.0 
78.849 616.0 
78.989 617.0 
78.779 618.0 
78.896 619.0 
78.662 620.0 
78.896 621.0 
78.966 622.0 
78.826 623.0 
78.872 624.0 
78.966 625.0 
78.849 626.0 
78.896 627.0 
78.966 628.0 
78.849 629.0 
78.896 630.0 
79.001 631.0 
78.837 632.0 
78.919 633.0 
79.234 634.0 
78.849 635.0 
78.931 636.0 
79.001 637.0 
78.861 638.0 
78.884 639.0 
78.978 640.0 
78.837 641.0 
78.837 642.0 
78.966 643.0 
78.802 644.0 
78.849 645.0 
78.931 646.0 
78.978 647.0 
78.837 648.0 
78.907 649.0 
78.942 650.0 
78.802 651.0 
78.756 652.0 
78.884 653.0 
78.942 654.0 
78.814 655.0 
78.837 656.0 
78.907 657.0 
78.954 658.0 
78.826 659.0 
78.896 660.0 
78.966 661.0 
78.931 662.0 
78.826 663.0 
78.884 664.0 
78.931 665.0 
78.978 666.0 
78.826 667.0 
78.872 668.0 
78.919 669.0 
78.942 670.0 
78.814 671.0 
78.802 672.0 
78.896 673.0 
78.931 674.0 
78.919 675.0 
78.837 676.0 
78.872 677.0 
78.896 678.0 
78.931 679.0 
79.001 680.0 
78.802 681.0 
78.861 682.0 
78.884 683.0 
78.919 684.0 
78.861 685.0 
78.978 686.0 
78.767 687.0 
78.861 688.0 
78.884 689.0 
78.907 690.0 
78.931 691.0 
78.966 692.0 
78.814 693.0 
78.861 694.0 
78.872 695.0 
78.907 696.0 
78.884 697.0 
78.954 698.0 
78.744 699.0 
78.826 700.0 
78.861 701.0 
78.896 702.0 
78.896 703.0 
78.896 704.0 
78.896 705.0 
78.966 706.0 
78.802 707.0 
78.849 708.0 
78.837 709.0 
78.884 710.0 
78.896 711.0 
78.896 712.0 
78.978 713.0 
78.978 714.0 
78.744 715.0 
78.814 716.0 
78.814 717.0 
78.837 718.0 
78.896 719.0 
78.884 720.0 
78.896 721.0 
78.942 722.0 
78.931 723.0 
78.978 724.0 
78.989 725.0 
78.802 726.0 
78.802 727.0 
78.826 728.0 
78.826 729.0 
78.872 730.0 
78.919 731.0 
78.896 732.0 
78.907 733.0 
78.896 734.0 
78.931 735.0 
78.942 736.0 
78.954 737.0 
79.001 738.0 
78.779 739.0 
78.791 740.0 
78.814 741.0 
78.791 742.0 
78.802 743.0 
78.802 744.0 
78.802 745.0 
78.802 746.0 
78.872 747.0 
78.861 748.0 
78.849 749.0 
78.872 750.0 
78.861 751.0 
78.861 752.0 
78.872 753.0 
78.872 754.0 
78.884 755.0 
78.896 756.0 
78.896 757.0 
78.884 758.0 
78.896 759.0 
78.907 760.0 
78.884 761.0 
78.884 762.0 
78.919 763.0 
78.907 764.0 
78.896 765.0 
78.907 766.0 
78.919 767.0 
78.919 768.0 
78.907 769.0 
78.884 770.0 
78.907 771.0 
78.907 772.0 
78.931 773.0 
78.907 774.0 
78.896 775.0 
78.942 776.0 
78.907 777.0 
78.896 778.0 
78.931 779.0 
78.919 780.0 
78.884 781.0 
78.919 782.0 
78.919 783.0 
78.884 784.0 
78.896 785.0 
78.919 786.0 
78.884 787.0 
78.907 788.0 
78.872 789.0 
78.872 790.0 
78.896 791.0 
78.861 792.0 
78.872 793.0 
78.919 794.0 
78.884 795.0 
78.907 796.0 
78.861 797.0 
78.884 798.0 
78.861 799.0 
78.884 800.0 
78.861 801.0 
78.907 802.0 
78.907 803.0 
78.849 804.0 
0.002 805.0 
0.008 806.0 
0.004 807.0 
0.008 808.0 
0.005 809.0 
0.004 810.0 
0.001 811.0 
-0.002 812.0 
0.0 813.0 
-0.002 814.0 
0.001 815.0 
0.002 816.0 
-0.001 817.0 
-0.008 818.0 
-0.01 819.0 
-0.013 820.0 
-0.01 821.0 
-0.004 822.0 
-0.011 823.0 
-0.016 824.0 
-0.023 825.0 
-0.019 826.0 
-0.025 827.0 
-0.028 828.0 
-0.025 829.0 
