-0.026 257.0 
-0.049 258.0 
-0.049 259.0 
-0.035 260.0 
-0.019 261.0 
-0.037 262.0 
-0.04 263.0 
-0.052 264.0 
-0.006 265.0 
-0.023 266.0 
-0.029 267.0 
-0.052 268.0 
-0.025 269.0 
-0.019 270.0 
-0.016 271.0 
-0.016 272.0 
-0.02 273.0 
-0.013 274.0 
146.264 275.0 
143.519 276.0 
142.269 277.0 
140.354 278.0 
138.403 279.0 
135.916 280.0 
133.848 281.0 
131.302 282.0 
128.079 283.0 
126.525 284.0 
126.151 285.0 
125.789 286.0 
125.544 287.0 
125.217 288.0 
124.937 289.0 
124.621 290.0 
124.073 291.0 
123.792 292.0 
123.547 293.0 
123.465 294.0 
122.87 295.0 
122.764 296.0 
122.671 297.0 
122.075 298.0 
121.83 299.0 
121.748 300.0 
121.153 301.0 
121.071 302.0 
120.522 303.0 
120.417 304.0 
120.277 305.0 
119.588 306.0 
118.186 307.0 
115.675 308.0 
112.93 309.0 
109.193 310.0 
105.514 311.0 
101.204 312.0 
97.186 313.0 
93.098 314.0 
89.337 315.0 
85.565 316.0 
82.33 317.0 
79.573 318.0 
79.398 319.0 
79.141 320.0 
79.013 321.0 
78.989 322.0 
78.861 323.0 
78.931 324.0 
78.826 325.0 
78.709 326.0 
78.814 327.0 
78.756 328.0 
78.919 329.0 
78.861 330.0 
78.756 331.0 
78.861 332.0 
78.849 333.0 
78.779 334.0 
78.861 335.0 
78.849 336.0 
78.861 337.0 
78.721 338.0 
78.861 339.0 
78.744 340.0 
78.767 341.0 
78.767 342.0 
78.58 343.0 
78.779 344.0 
78.732 345.0 
78.721 346.0 
78.709 347.0 
78.767 348.0 
78.826 349.0 
78.826 350.0 
78.744 351.0 
78.814 352.0 
78.744 353.0 
78.721 354.0 
78.721 355.0 
78.814 356.0 
78.849 357.0 
78.767 358.0 
78.837 359.0 
78.779 360.0 
78.826 361.0 
78.756 362.0 
78.756 363.0 
78.697 364.0 
78.744 365.0 
78.779 366.0 
78.779 367.0 
78.721 368.0 
78.756 369.0 
78.767 370.0 
78.791 371.0 
78.802 372.0 
78.767 373.0 
78.849 374.0 
78.826 375.0 
79.118 376.0 
78.709 377.0 
78.744 378.0 
78.744 379.0 
78.756 380.0 
78.721 381.0 
78.849 382.0 
78.779 383.0 
78.756 384.0 
78.709 385.0 
78.791 386.0 
78.709 387.0 
78.686 388.0 
78.791 389.0 
78.802 390.0 
78.767 391.0 
78.732 392.0 
78.826 393.0 
78.639 394.0 
78.756 395.0 
78.861 396.0 
78.732 397.0 
78.791 398.0 
78.65 399.0 
78.697 400.0 
78.826 401.0 
78.732 402.0 
78.837 403.0 
78.779 404.0 
78.744 405.0 
78.686 406.0 
78.732 407.0 
78.709 408.0 
78.779 409.0 
78.686 410.0 
78.791 411.0 
78.814 412.0 
79.129 413.0 
78.814 414.0 
78.732 415.0 
78.779 416.0 
78.686 417.0 
78.826 418.0 
78.791 419.0 
78.721 420.0 
78.779 421.0 
78.756 422.0 
78.802 423.0 
78.732 424.0 
78.709 425.0 
78.732 426.0 
78.732 427.0 
78.721 428.0 
78.709 429.0 
78.721 430.0 
78.767 431.0 
78.791 432.0 
78.814 433.0 
78.697 434.0 
78.697 435.0 
78.767 436.0 
78.814 437.0 
78.627 438.0 
78.709 439.0 
78.721 440.0 
78.709 441.0 
78.709 442.0 
78.709 443.0 
78.721 444.0 
78.697 445.0 
78.686 446.0 
78.791 447.0 
78.791 448.0 
78.791 449.0 
79.083 450.0 
78.732 451.0 
78.709 452.0 
78.697 453.0 
78.674 454.0 
78.802 455.0 
78.744 456.0 
78.674 457.0 
78.662 458.0 
78.779 459.0 
78.826 460.0 
78.709 461.0 
78.674 462.0 
78.779 463.0 
78.732 464.0 
78.709 465.0 
78.779 466.0 
78.709 467.0 
78.674 468.0 
78.744 469.0 
78.697 470.0 
78.697 471.0 
78.732 472.0 
78.791 473.0 
78.767 474.0 
78.849 475.0 
78.756 476.0 
78.697 477.0 
78.697 478.0 
78.639 479.0 
78.732 480.0 
78.826 481.0 
78.721 482.0 
78.779 483.0 
78.674 484.0 
78.756 485.0 
78.674 486.0 
78.65 487.0 
78.756 488.0 
78.721 489.0 
78.721 490.0 
78.732 491.0 
78.767 492.0 
78.721 493.0 
78.767 494.0 
78.686 495.0 
78.674 496.0 
78.756 497.0 
78.791 498.0 
78.65 499.0 
78.639 500.0 
78.721 501.0 
78.767 502.0 
78.65 503.0 
78.627 504.0 
78.674 505.0 
78.697 506.0 
78.674 507.0 
79.071 508.0 
78.639 509.0 
78.639 510.0 
78.697 511.0 
78.721 512.0 
78.697 513.0 
78.721 514.0 
78.732 515.0 
78.744 516.0 
78.779 517.0 
78.545 518.0 
78.569 519.0 
78.604 520.0 
78.58 521.0 
78.615 522.0 
78.615 523.0 
78.604 524.0 
78.604 525.0 
78.58 526.0 
78.58 527.0 
78.522 528.0 
78.58 529.0 
78.58 530.0 
78.58 531.0 
78.686 532.0 
78.627 533.0 
78.615 534.0 
78.615 535.0 
78.569 536.0 
78.534 537.0 
78.452 538.0 
78.44 539.0 
78.417 540.0 
78.545 541.0 
78.487 542.0 
78.417 543.0 
78.382 544.0 
78.37 545.0 
78.312 546.0 
78.475 547.0 
78.405 548.0 
78.37 549.0 
78.3 550.0 
78.312 551.0 
78.359 552.0 
78.323 553.0 
78.218 554.0 
78.242 555.0 
78.347 556.0 
78.3 557.0 
78.253 558.0 
77.973 559.0 
78.323 560.0 
78.265 561.0 
78.23 562.0 
78.323 563.0 
78.265 564.0 
78.148 565.0 
78.277 566.0 
78.359 567.0 
78.207 568.0 
78.312 569.0 
78.277 570.0 
78.323 571.0 
78.265 572.0 
78.195 573.0 
78.3 574.0 
78.23 575.0 
78.382 576.0 
78.277 577.0 
78.242 578.0 
78.312 579.0 
78.265 580.0 
78.347 581.0 
78.323 582.0 
78.347 583.0 
78.335 584.0 
78.417 585.0 
78.335 586.0 
78.253 587.0 
78.359 588.0 
78.277 589.0 
78.335 590.0 
78.265 591.0 
78.382 592.0 
78.253 593.0 
78.3 594.0 
78.253 595.0 
78.288 596.0 
78.265 597.0 
78.347 598.0 
78.242 599.0 
78.312 600.0 
78.382 601.0 
78.3 602.0 
78.37 603.0 
78.265 604.0 
78.359 605.0 
78.218 606.0 
78.323 607.0 
78.23 608.0 
78.3 609.0 
78.382 610.0 
78.277 611.0 
78.394 612.0 
78.242 613.0 
78.347 614.0 
78.242 615.0 
78.335 616.0 
78.382 617.0 
78.195 618.0 
78.323 619.0 
78.067 620.0 
78.277 621.0 
78.359 622.0 
78.242 623.0 
78.335 624.0 
78.347 625.0 
78.23 626.0 
78.288 627.0 
78.347 628.0 
78.288 629.0 
78.335 630.0 
78.382 631.0 
78.242 632.0 
78.312 633.0 
78.662 634.0 
78.265 635.0 
78.347 636.0 
78.394 637.0 
78.277 638.0 
78.3 639.0 
78.359 640.0 
78.23 641.0 
78.288 642.0 
78.335 643.0 
78.218 644.0 
78.253 645.0 
78.312 646.0 
78.382 647.0 
78.242 648.0 
78.277 649.0 
78.359 650.0 
78.218 651.0 
78.23 652.0 
78.335 653.0 
78.37 654.0 
78.207 655.0 
78.3 656.0 
78.312 657.0 
78.359 658.0 
78.242 659.0 
78.3 660.0 
78.359 661.0 
78.37 662.0 
78.218 663.0 
78.312 664.0 
78.312 665.0 
78.405 666.0 
78.207 667.0 
78.265 668.0 
78.382 669.0 
78.37 670.0 
78.218 671.0 
78.253 672.0 
78.3 673.0 
78.323 674.0 
78.3 675.0 
78.242 676.0 
78.253 677.0 
78.312 678.0 
78.347 679.0 
78.37 680.0 
78.207 681.0 
78.242 682.0 
78.312 683.0 
78.323 684.0 
78.347 685.0 
78.394 686.0 
78.207 687.0 
78.265 688.0 
78.265 689.0 
78.312 690.0 
78.335 691.0 
78.347 692.0 
78.218 693.0 
78.242 694.0 
78.3 695.0 
78.323 696.0 
78.359 697.0 
78.37 698.0 
78.09 699.0 
78.207 700.0 
78.23 701.0 
78.277 702.0 
78.3 703.0 
78.323 704.0 
78.335 705.0 
78.405 706.0 
78.23 707.0 
78.253 708.0 
78.277 709.0 
78.277 710.0 
78.335 711.0 
78.312 712.0 
78.335 713.0 
78.37 714.0 
78.113 715.0 
78.207 716.0 
78.242 717.0 
78.23 718.0 
78.253 719.0 
78.265 720.0 
78.3 721.0 
78.323 722.0 
78.37 723.0 
78.359 724.0 
78.359 725.0 
78.195 726.0 
78.207 727.0 
78.242 728.0 
78.277 729.0 
78.3 730.0 
78.3 731.0 
78.277 732.0 
78.347 733.0 
78.335 734.0 
78.335 735.0 
78.382 736.0 
78.359 737.0 
78.37 738.0 
78.137 739.0 
78.218 740.0 
78.218 741.0 
78.218 742.0 
78.253 743.0 
78.23 744.0 
78.253 745.0 
78.253 746.0 
78.242 747.0 
78.195 748.0 
78.253 749.0 
78.277 750.0 
78.265 751.0 
78.265 752.0 
78.253 753.0 
78.288 754.0 
78.277 755.0 
78.288 756.0 
78.288 757.0 
78.3 758.0 
78.288 759.0 
78.277 760.0 
78.3 761.0 
78.323 762.0 
78.3 763.0 
78.3 764.0 
78.312 765.0 
78.277 766.0 
78.335 767.0 
78.312 768.0 
78.335 769.0 
78.323 770.0 
78.323 771.0 
78.3 772.0 
78.288 773.0 
78.335 774.0 
78.347 775.0 
78.323 776.0 
78.323 777.0 
78.312 778.0 
78.312 779.0 
78.335 780.0 
78.3 781.0 
78.277 782.0 
78.288 783.0 
78.277 784.0 
78.288 785.0 
78.277 786.0 
78.3 787.0 
78.288 788.0 
78.3 789.0 
78.312 790.0 
78.3 791.0 
78.312 792.0 
78.312 793.0 
78.312 794.0 
78.288 795.0 
78.3 796.0 
78.312 797.0 
78.3 798.0 
78.288 799.0 
78.253 800.0 
78.277 801.0 
78.277 802.0 
78.288 803.0 
78.265 804.0 
0.01 805.0 
0.008 806.0 
0.01 807.0 
0.01 808.0 
0.005 809.0 
0.008 810.0 
0.007 811.0 
0.006 812.0 
-0.005 813.0 
0.0 814.0 
-0.001 815.0 
0.0 816.0 
-0.004 817.0 
-0.012 818.0 
-0.008 819.0 
-0.01 820.0 
-0.004 821.0 
-0.013 822.0 
-0.01 823.0 
-0.002 824.0 
-0.007 825.0 
-0.008 826.0 
-0.016 827.0 
-0.017 828.0 
-0.014 829.0 
