-0.044 257.0 
-0.044 258.0 
-0.047 259.0 
-0.025 260.0 
-0.032 261.0 
-0.049 262.0 
-0.038 263.0 
-0.031 264.0 
-0.028 265.0 
-0.016 266.0 
-0.022 267.0 
-0.044 268.0 
-0.036 269.0 
-0.028 270.0 
-0.025 271.0 
-0.03 272.0 
-0.037 273.0 
-0.03 274.0 
137.878 275.0 
135.32 276.0 
134.479 277.0 
133.253 278.0 
131.828 279.0 
130.158 280.0 
128.686 281.0 
126.829 282.0 
123.734 283.0 
122.519 284.0 
122.122 285.0 
121.783 286.0 
121.561 287.0 
121.199 288.0 
120.989 289.0 
120.312 290.0 
120.195 291.0 
119.973 292.0 
119.704 293.0 
119.599 294.0 
119.085 295.0 
118.933 296.0 
118.863 297.0 
118.361 298.0 
118.139 299.0 
118.069 300.0 
117.509 301.0 
117.415 302.0 
116.819 303.0 
116.714 304.0 
116.492 305.0 
115.827 306.0 
114.402 307.0 
111.949 308.0 
109.123 309.0 
105.362 310.0 
101.741 311.0 
97.478 312.0 
93.472 313.0 
89.326 314.0 
85.752 315.0 
82.143 316.0 
78.919 317.0 
76.338 318.0 
76.233 319.0 
76.034 320.0 
75.882 321.0 
75.929 322.0 
75.859 323.0 
75.871 324.0 
75.812 325.0 
75.742 326.0 
75.812 327.0 
75.742 328.0 
75.906 329.0 
75.882 330.0 
75.777 331.0 
75.847 332.0 
75.836 333.0 
75.742 334.0 
75.847 335.0 
75.847 336.0 
75.824 337.0 
75.731 338.0 
76.186 339.0 
75.801 340.0 
75.754 341.0 
75.754 342.0 
75.894 343.0 
75.801 344.0 
75.801 345.0 
75.719 346.0 
75.731 347.0 
75.754 348.0 
75.812 349.0 
75.789 350.0 
75.777 351.0 
75.766 352.0 
75.742 353.0 
75.649 354.0 
75.836 355.0 
75.754 356.0 
75.789 357.0 
75.731 358.0 
75.836 359.0 
75.766 360.0 
75.801 361.0 
75.742 362.0 
75.801 363.0 
75.742 364.0 
75.742 365.0 
75.777 366.0 
75.789 367.0 
75.707 368.0 
75.766 369.0 
75.777 370.0 
75.766 371.0 
75.812 372.0 
75.812 373.0 
75.824 374.0 
75.836 375.0 
76.163 376.0 
75.649 377.0 
75.731 378.0 
75.742 379.0 
75.754 380.0 
75.731 381.0 
75.859 382.0 
75.777 383.0 
75.742 384.0 
75.731 385.0 
75.824 386.0 
75.684 387.0 
75.707 388.0 
75.766 389.0 
75.812 390.0 
75.766 391.0 
75.742 392.0 
75.801 393.0 
75.661 394.0 
75.731 395.0 
75.824 396.0 
75.672 397.0 
75.777 398.0 
75.661 399.0 
75.707 400.0 
75.801 401.0 
75.766 402.0 
75.859 403.0 
75.789 404.0 
75.742 405.0 
75.696 406.0 
75.742 407.0 
75.742 408.0 
75.742 409.0 
75.731 410.0 
75.754 411.0 
75.812 412.0 
76.209 413.0 
75.777 414.0 
75.719 415.0 
75.777 416.0 
75.707 417.0 
75.836 418.0 
75.754 419.0 
75.696 420.0 
75.684 421.0 
75.789 422.0 
75.812 423.0 
75.731 424.0 
75.707 425.0 
75.754 426.0 
75.789 427.0 
75.719 428.0 
75.684 429.0 
75.719 430.0 
75.801 431.0 
75.766 432.0 
75.754 433.0 
75.672 434.0 
75.696 435.0 
75.707 436.0 
75.777 437.0 
75.661 438.0 
75.731 439.0 
75.719 440.0 
75.661 441.0 
75.696 442.0 
75.731 443.0 
75.707 444.0 
75.684 445.0 
75.684 446.0 
75.812 447.0 
75.789 448.0 
75.742 449.0 
76.128 450.0 
75.742 451.0 
75.719 452.0 
75.649 453.0 
75.684 454.0 
75.766 455.0 
75.707 456.0 
75.684 457.0 
75.637 458.0 
75.777 459.0 
75.766 460.0 
75.731 461.0 
75.696 462.0 
75.789 463.0 
75.777 464.0 
75.742 465.0 
75.766 466.0 
75.742 467.0 
75.672 468.0 
75.754 469.0 
75.707 470.0 
75.742 471.0 
75.707 472.0 
75.614 473.0 
75.707 474.0 
75.789 475.0 
75.731 476.0 
75.649 477.0 
75.731 478.0 
75.637 479.0 
75.719 480.0 
75.801 481.0 
75.707 482.0 
75.777 483.0 
75.696 484.0 
75.731 485.0 
75.661 486.0 
75.684 487.0 
75.777 488.0 
75.696 489.0 
75.684 490.0 
75.789 491.0 
75.731 492.0 
75.696 493.0 
75.731 494.0 
75.637 495.0 
75.661 496.0 
75.684 497.0 
75.754 498.0 
75.649 499.0 
75.696 500.0 
75.672 501.0 
75.742 502.0 
75.602 503.0 
75.649 504.0 
75.684 505.0 
75.707 506.0 
75.672 507.0 
75.812 508.0 
75.637 509.0 
75.637 510.0 
75.707 511.0 
75.696 512.0 
75.707 513.0 
75.707 514.0 
75.719 515.0 
75.742 516.0 
75.742 517.0 
75.532 518.0 
75.602 519.0 
75.579 520.0 
75.614 521.0 
75.614 522.0 
75.602 523.0 
75.614 524.0 
75.614 525.0 
75.625 526.0 
75.614 527.0 
75.59 528.0 
75.59 529.0 
75.579 530.0 
75.567 531.0 
75.684 532.0 
75.649 533.0 
75.625 534.0 
75.602 535.0 
75.602 536.0 
75.555 537.0 
75.485 538.0 
75.485 539.0 
75.427 540.0 
75.544 541.0 
75.439 542.0 
75.45 543.0 
75.427 544.0 
75.369 545.0 
75.322 546.0 
75.45 547.0 
75.369 548.0 
75.357 549.0 
75.263 550.0 
75.217 551.0 
75.369 552.0 
75.322 553.0 
75.275 554.0 
75.228 555.0 
75.345 556.0 
75.31 557.0 
75.252 558.0 
74.843 559.0 
75.298 560.0 
75.275 561.0 
75.193 562.0 
75.38 563.0 
75.287 564.0 
75.193 565.0 
75.333 566.0 
75.333 567.0 
75.193 568.0 
75.252 569.0 
75.217 570.0 
75.38 571.0 
75.252 572.0 
75.217 573.0 
75.287 574.0 
75.275 575.0 
75.345 576.0 
75.275 577.0 
75.252 578.0 
75.345 579.0 
75.275 580.0 
75.404 581.0 
75.333 582.0 
75.38 583.0 
75.333 584.0 
75.053 585.0 
75.333 586.0 
75.263 587.0 
75.357 588.0 
75.263 589.0 
75.333 590.0 
75.298 591.0 
75.333 592.0 
75.24 593.0 
75.333 594.0 
75.275 595.0 
75.263 596.0 
75.24 597.0 
75.287 598.0 
75.24 599.0 
75.333 600.0 
75.392 601.0 
75.24 602.0 
75.369 603.0 
75.298 604.0 
75.369 605.0 
75.275 606.0 
75.357 607.0 
75.24 608.0 
75.322 609.0 
75.369 610.0 
75.31 611.0 
75.38 612.0 
75.263 613.0 
75.322 614.0 
75.228 615.0 
75.252 616.0 
75.345 617.0 
75.228 618.0 
75.345 619.0 
75.077 620.0 
75.298 621.0 
75.333 622.0 
75.24 623.0 
75.322 624.0 
75.415 625.0 
75.24 626.0 
75.333 627.0 
75.392 628.0 
75.252 629.0 
75.357 630.0 
75.415 631.0 
75.275 632.0 
75.322 633.0 
75.625 634.0 
75.263 635.0 
75.333 636.0 
75.38 637.0 
75.263 638.0 
75.31 639.0 
75.345 640.0 
75.228 641.0 
75.24 642.0 
75.345 643.0 
75.228 644.0 
75.252 645.0 
75.345 646.0 
75.369 647.0 
75.24 648.0 
75.333 649.0 
75.357 650.0 
75.217 651.0 
75.228 652.0 
75.298 653.0 
75.357 654.0 
75.228 655.0 
75.263 656.0 
75.31 657.0 
75.357 658.0 
75.24 659.0 
75.31 660.0 
75.31 661.0 
75.357 662.0 
75.263 663.0 
75.31 664.0 
75.369 665.0 
75.415 666.0 
75.217 667.0 
75.298 668.0 
75.31 669.0 
75.38 670.0 
75.252 671.0 
75.252 672.0 
75.31 673.0 
75.333 674.0 
75.31 675.0 
75.193 676.0 
75.287 677.0 
75.322 678.0 
75.333 679.0 
75.415 680.0 
75.228 681.0 
75.24 682.0 
75.275 683.0 
75.333 684.0 
75.357 685.0 
75.392 686.0 
75.217 687.0 
75.24 688.0 
75.31 689.0 
75.333 690.0 
75.392 691.0 
75.427 692.0 
75.217 693.0 
75.24 694.0 
75.287 695.0 
75.345 696.0 
75.287 697.0 
75.369 698.0 
75.088 699.0 
75.228 700.0 
75.252 701.0 
75.275 702.0 
75.322 703.0 
75.322 704.0 
75.298 705.0 
75.404 706.0 
75.228 707.0 
75.252 708.0 
75.252 709.0 
75.287 710.0 
75.333 711.0 
75.322 712.0 
75.333 713.0 
75.333 714.0 
75.38 715.0 
75.205 716.0 
75.24 717.0 
75.252 718.0 
75.275 719.0 
75.263 720.0 
75.298 721.0 
75.333 722.0 
75.345 723.0 
75.392 724.0 
75.392 725.0 
75.217 726.0 
75.228 727.0 
75.252 728.0 
75.252 729.0 
75.31 730.0 
75.333 731.0 
75.298 732.0 
75.275 733.0 
75.31 734.0 
75.345 735.0 
75.333 736.0 
75.357 737.0 
75.369 738.0 
75.193 739.0 
75.17 740.0 
75.182 741.0 
75.228 742.0 
75.217 743.0 
75.252 744.0 
75.24 745.0 
75.252 746.0 
75.263 747.0 
75.252 748.0 
75.24 749.0 
75.275 750.0 
75.275 751.0 
75.263 752.0 
75.228 753.0 
75.263 754.0 
75.275 755.0 
75.287 756.0 
75.287 757.0 
75.252 758.0 
75.298 759.0 
75.31 760.0 
75.31 761.0 
75.31 762.0 
75.31 763.0 
75.322 764.0 
75.322 765.0 
75.31 766.0 
75.345 767.0 
75.345 768.0 
75.31 769.0 
75.31 770.0 
75.31 771.0 
75.287 772.0 
75.287 773.0 
75.298 774.0 
75.298 775.0 
75.298 776.0 
75.31 777.0 
75.298 778.0 
75.322 779.0 
75.298 780.0 
75.298 781.0 
75.287 782.0 
75.298 783.0 
75.357 784.0 
75.298 785.0 
75.322 786.0 
75.333 787.0 
75.31 788.0 
75.298 789.0 
75.322 790.0 
75.333 791.0 
75.333 792.0 
75.31 793.0 
75.31 794.0 
75.298 795.0 
75.263 796.0 
75.298 797.0 
75.275 798.0 
75.31 799.0 
75.287 800.0 
75.275 801.0 
75.275 802.0 
75.287 803.0 
75.298 804.0 
0.001 805.0 
0.0 806.0 
0.005 807.0 
0.0 808.0 
0.0 809.0 
-0.004 810.0 
-0.016 811.0 
-0.025 812.0 
-0.035 813.0 
-0.042 814.0 
-0.041 815.0 
-0.041 816.0 
-0.053 817.0 
-0.054 818.0 
-0.052 819.0 
-0.055 820.0 
-0.053 821.0 
-0.049 822.0 
-0.041 823.0 
-0.043 824.0 
-0.038 825.0 
-0.044 826.0 
-0.037 827.0 
-0.038 828.0 
-0.026 829.0 
