-0.04 257.0 
-0.055 258.0 
-0.055 259.0 
-0.031 260.0 
-0.032 261.0 
-0.035 262.0 
-0.062 263.0 
-0.026 264.0 
-0.011 265.0 
-0.008 266.0 
-0.037 267.0 
-0.044 268.0 
-0.011 269.0 
-0.028 270.0 
-0.036 271.0 
-0.038 272.0 
-0.047 273.0 
-0.024 274.0 
146.602 275.0 
142.842 276.0 
141.826 277.0 
140.284 278.0 
138.684 279.0 
136.815 280.0 
135.227 281.0 
133.334 282.0 
130.438 283.0 
129.352 284.0 
129.013 285.0 
128.709 286.0 
128.546 287.0 
128.254 288.0 
128.055 289.0 
127.46 290.0 
127.319 291.0 
127.074 292.0 
126.852 293.0 
126.584 294.0 
126.268 295.0 
126.105 296.0 
126.023 297.0 
125.474 298.0 
125.334 299.0 
125.287 300.0 
124.703 301.0 
124.692 302.0 
124.189 303.0 
124.119 304.0 
124.049 305.0 
123.477 306.0 
122.367 307.0 
120.253 308.0 
117.602 309.0 
114.11 310.0 
110.477 311.0 
105.981 312.0 
101.846 313.0 
97.443 314.0 
93.25 315.0 
88.788 316.0 
84.852 317.0 
81.605 318.0 
81.5 319.0 
81.267 320.0 
81.127 321.0 
81.138 322.0 
81.021 323.0 
81.057 324.0 
81.033 325.0 
80.951 326.0 
81.021 327.0 
80.916 328.0 
81.127 329.0 
81.01 330.0 
80.928 331.0 
81.01 332.0 
81.033 333.0 
80.975 334.0 
80.975 335.0 
81.021 336.0 
81.021 337.0 
80.951 338.0 
81.103 339.0 
80.986 340.0 
81.01 341.0 
80.928 342.0 
80.484 343.0 
80.986 344.0 
80.998 345.0 
80.951 346.0 
80.905 347.0 
80.951 348.0 
81.057 349.0 
81.021 350.0 
80.951 351.0 
80.998 352.0 
80.963 353.0 
80.916 354.0 
80.893 355.0 
81.01 356.0 
81.033 357.0 
80.975 358.0 
81.068 359.0 
81.033 360.0 
81.045 361.0 
80.963 362.0 
80.998 363.0 
80.928 364.0 
80.963 365.0 
80.986 366.0 
81.01 367.0 
80.893 368.0 
80.94 369.0 
80.963 370.0 
80.998 371.0 
81.01 372.0 
80.998 373.0 
81.033 374.0 
81.045 375.0 
81.36 376.0 
80.905 377.0 
80.963 378.0 
80.963 379.0 
80.998 380.0 
80.963 381.0 
81.045 382.0 
80.963 383.0 
80.905 384.0 
80.951 385.0 
81.01 386.0 
80.905 387.0 
80.87 388.0 
81.01 389.0 
81.01 390.0 
80.975 391.0 
80.963 392.0 
81.01 393.0 
80.905 394.0 
80.998 395.0 
81.057 396.0 
80.916 397.0 
80.998 398.0 
80.87 399.0 
80.905 400.0 
81.033 401.0 
80.975 402.0 
81.045 403.0 
81.01 404.0 
80.951 405.0 
80.905 406.0 
80.998 407.0 
80.916 408.0 
80.986 409.0 
80.905 410.0 
80.951 411.0 
81.021 412.0 
81.442 413.0 
80.998 414.0 
80.951 415.0 
80.986 416.0 
80.916 417.0 
80.975 418.0 
81.021 419.0 
80.928 420.0 
80.951 421.0 
80.963 422.0 
81.021 423.0 
80.951 424.0 
80.94 425.0 
80.975 426.0 
81.01 427.0 
80.916 428.0 
80.928 429.0 
80.928 430.0 
80.963 431.0 
80.998 432.0 
81.01 433.0 
80.916 434.0 
80.916 435.0 
80.951 436.0 
81.01 437.0 
80.905 438.0 
80.893 439.0 
80.963 440.0 
80.963 441.0 
80.916 442.0 
80.963 443.0 
80.928 444.0 
80.928 445.0 
80.893 446.0 
81.033 447.0 
81.021 448.0 
81.021 449.0 
81.36 450.0 
80.951 451.0 
80.963 452.0 
80.916 453.0 
80.905 454.0 
81.01 455.0 
80.823 456.0 
80.94 457.0 
80.881 458.0 
81.01 459.0 
81.021 460.0 
80.975 461.0 
80.963 462.0 
81.021 463.0 
80.951 464.0 
80.951 465.0 
81.01 466.0 
80.928 467.0 
80.905 468.0 
80.975 469.0 
80.94 470.0 
80.916 471.0 
80.94 472.0 
80.8 473.0 
80.951 474.0 
81.08 475.0 
80.94 476.0 
80.893 477.0 
80.986 478.0 
80.87 479.0 
80.975 480.0 
81.01 481.0 
80.916 482.0 
80.986 483.0 
80.928 484.0 
80.986 485.0 
80.928 486.0 
80.928 487.0 
80.998 488.0 
80.928 489.0 
80.963 490.0 
80.975 491.0 
80.975 492.0 
80.951 493.0 
80.998 494.0 
80.905 495.0 
80.905 496.0 
80.975 497.0 
80.975 498.0 
80.893 499.0 
80.87 500.0 
80.963 501.0 
80.975 502.0 
80.846 503.0 
80.858 504.0 
80.905 505.0 
80.928 506.0 
80.905 507.0 
80.951 508.0 
80.846 509.0 
80.87 510.0 
80.905 511.0 
80.94 512.0 
80.928 513.0 
80.963 514.0 
80.975 515.0 
80.975 516.0 
81.36 517.0 
80.788 518.0 
80.8 519.0 
80.835 520.0 
80.823 521.0 
80.858 522.0 
80.846 523.0 
80.823 524.0 
80.846 525.0 
80.811 526.0 
80.823 527.0 
80.788 528.0 
80.788 529.0 
80.765 530.0 
80.753 531.0 
80.928 532.0 
80.881 533.0 
80.858 534.0 
80.858 535.0 
80.811 536.0 
80.765 537.0 
80.694 538.0 
80.694 539.0 
80.648 540.0 
80.753 541.0 
80.636 542.0 
80.659 543.0 
80.613 544.0 
80.578 545.0 
80.531 546.0 
80.648 547.0 
80.578 548.0 
80.554 549.0 
80.473 550.0 
80.391 551.0 
80.554 552.0 
80.519 553.0 
80.449 554.0 
80.449 555.0 
80.519 556.0 
80.519 557.0 
80.484 558.0 
80.134 559.0 
80.519 560.0 
80.449 561.0 
80.414 562.0 
80.519 563.0 
80.484 564.0 
80.367 565.0 
80.554 566.0 
80.496 567.0 
80.414 568.0 
80.508 569.0 
80.402 570.0 
80.531 571.0 
80.461 572.0 
80.426 573.0 
80.473 574.0 
80.426 575.0 
80.8 576.0 
80.473 577.0 
80.473 578.0 
80.566 579.0 
80.519 580.0 
80.554 581.0 
80.508 582.0 
80.531 583.0 
80.519 584.0 
80.613 585.0 
80.531 586.0 
80.461 587.0 
80.531 588.0 
80.461 589.0 
80.531 590.0 
80.426 591.0 
80.543 592.0 
80.449 593.0 
80.508 594.0 
80.461 595.0 
80.496 596.0 
80.449 597.0 
80.449 598.0 
80.461 599.0 
80.519 600.0 
80.613 601.0 
80.508 602.0 
80.554 603.0 
80.473 604.0 
80.519 605.0 
80.473 606.0 
80.531 607.0 
80.391 608.0 
80.519 609.0 
80.554 610.0 
80.496 611.0 
80.578 612.0 
80.461 613.0 
80.543 614.0 
80.426 615.0 
80.449 616.0 
80.601 617.0 
80.437 618.0 
80.531 619.0 
80.227 620.0 
80.484 621.0 
80.543 622.0 
80.426 623.0 
80.473 624.0 
80.543 625.0 
80.449 626.0 
80.508 627.0 
80.578 628.0 
80.461 629.0 
80.531 630.0 
80.601 631.0 
80.414 632.0 
80.543 633.0 
80.8 634.0 
80.461 635.0 
80.543 636.0 
80.578 637.0 
80.473 638.0 
80.496 639.0 
80.601 640.0 
80.449 641.0 
80.426 642.0 
80.531 643.0 
80.426 644.0 
80.496 645.0 
80.519 646.0 
80.578 647.0 
80.461 648.0 
80.484 649.0 
80.554 650.0 
80.414 651.0 
80.402 652.0 
80.508 653.0 
80.578 654.0 
80.426 655.0 
80.449 656.0 
80.543 657.0 
80.601 658.0 
80.461 659.0 
80.543 660.0 
80.578 661.0 
80.554 662.0 
80.426 663.0 
80.461 664.0 
80.508 665.0 
80.601 666.0 
80.426 667.0 
80.484 668.0 
80.543 669.0 
80.554 670.0 
80.414 671.0 
80.449 672.0 
80.508 673.0 
80.519 674.0 
80.543 675.0 
80.437 676.0 
80.484 677.0 
80.496 678.0 
80.543 679.0 
80.601 680.0 
80.437 681.0 
80.449 682.0 
80.508 683.0 
80.531 684.0 
80.578 685.0 
80.578 686.0 
80.402 687.0 
80.449 688.0 
80.496 689.0 
80.519 690.0 
80.566 691.0 
80.578 692.0 
80.402 693.0 
80.473 694.0 
80.496 695.0 
80.519 696.0 
80.484 697.0 
80.566 698.0 
80.367 699.0 
80.437 700.0 
80.473 701.0 
80.449 702.0 
80.519 703.0 
80.543 704.0 
80.531 705.0 
80.566 706.0 
80.414 707.0 
80.461 708.0 
80.449 709.0 
80.449 710.0 
80.496 711.0 
80.519 712.0 
80.543 713.0 
80.589 714.0 
80.332 715.0 
80.449 716.0 
80.356 717.0 
80.449 718.0 
80.461 719.0 
80.496 720.0 
80.519 721.0 
80.531 722.0 
80.543 723.0 
80.578 724.0 
80.566 725.0 
80.391 726.0 
80.426 727.0 
80.402 728.0 
80.461 729.0 
80.449 730.0 
80.484 731.0 
80.519 732.0 
80.519 733.0 
80.554 734.0 
80.554 735.0 
80.473 736.0 
80.566 737.0 
80.566 738.0 
80.367 739.0 
80.414 740.0 
80.402 741.0 
80.414 742.0 
80.402 743.0 
80.437 744.0 
80.414 745.0 
80.437 746.0 
80.426 747.0 
80.473 748.0 
80.473 749.0 
80.461 750.0 
80.449 751.0 
80.461 752.0 
80.484 753.0 
80.473 754.0 
80.496 755.0 
80.484 756.0 
80.508 757.0 
80.461 758.0 
80.508 759.0 
80.531 760.0 
80.508 761.0 
80.508 762.0 
80.543 763.0 
80.508 764.0 
80.519 765.0 
80.496 766.0 
80.496 767.0 
80.531 768.0 
80.531 769.0 
80.531 770.0 
80.519 771.0 
80.496 772.0 
80.519 773.0 
80.508 774.0 
80.519 775.0 
80.554 776.0 
80.519 777.0 
80.543 778.0 
80.519 779.0 
80.519 780.0 
80.508 781.0 
80.496 782.0 
80.531 783.0 
80.508 784.0 
80.519 785.0 
80.508 786.0 
80.496 787.0 
80.519 788.0 
80.508 789.0 
80.508 790.0 
80.531 791.0 
80.496 792.0 
80.531 793.0 
80.519 794.0 
80.484 795.0 
80.519 796.0 
80.484 797.0 
80.508 798.0 
80.496 799.0 
80.484 800.0 
80.508 801.0 
80.496 802.0 
80.508 803.0 
80.473 804.0 
0.002 805.0 
0.01 806.0 
-0.001 807.0 
-0.001 808.0 
-0.005 809.0 
-0.01 810.0 
-0.016 811.0 
-0.041 812.0 
-0.04 813.0 
-0.042 814.0 
-0.043 815.0 
-0.042 816.0 
-0.06 817.0 
-0.061 818.0 
-0.058 819.0 
-0.055 820.0 
-0.058 821.0 
-0.055 822.0 
-0.043 823.0 
-0.047 824.0 
-0.046 825.0 
-0.042 826.0 
-0.04 827.0 
-0.041 828.0 
-0.031 829.0 
