-0.029 257.0 
-0.036 258.0 
-0.013 259.0 
-0.044 260.0 
-0.054 261.0 
-0.056 262.0 
-0.044 263.0 
-0.037 264.0 
-0.013 265.0 
-0.054 266.0 
-0.061 267.0 
-0.064 268.0 
-0.048 269.0 
-0.029 270.0 
-0.043 271.0 
-0.041 272.0 
-0.024 273.0 
-0.04 274.0 
148.752 275.0 
145.143 276.0 
143.904 277.0 
142.269 278.0 
140.611 279.0 
138.52 280.0 
136.757 281.0 
134.701 282.0 
131.711 283.0 
130.204 284.0 
129.796 285.0 
129.41 286.0 
129.153 287.0 
128.814 288.0 
128.499 289.0 
127.787 290.0 
127.6 291.0 
127.378 292.0 
127.109 293.0 
126.957 294.0 
126.385 295.0 
126.21 296.0 
126.07 297.0 
125.451 298.0 
125.217 299.0 
125.147 300.0 
124.575 301.0 
124.376 302.0 
123.897 303.0 
123.827 304.0 
123.745 305.0 
123.103 306.0 
121.853 307.0 
119.482 308.0 
116.504 309.0 
112.755 310.0 
108.772 311.0 
104.089 312.0 
99.849 313.0 
95.493 314.0 
91.603 315.0 
87.761 316.0 
84.163 317.0 
81.337 318.0 
81.127 319.0 
81.021 320.0 
80.87 321.0 
80.823 322.0 
80.729 323.0 
80.741 324.0 
80.729 325.0 
80.613 326.0 
80.718 327.0 
80.648 328.0 
80.811 329.0 
80.718 330.0 
80.624 331.0 
80.765 332.0 
80.765 333.0 
80.683 334.0 
80.741 335.0 
80.729 336.0 
80.753 337.0 
80.648 338.0 
80.753 339.0 
80.671 340.0 
80.706 341.0 
80.659 342.0 
80.286 343.0 
80.671 344.0 
80.671 345.0 
80.671 346.0 
80.613 347.0 
80.694 348.0 
80.694 349.0 
80.671 350.0 
80.636 351.0 
80.694 352.0 
80.659 353.0 
80.624 354.0 
80.694 355.0 
80.718 356.0 
80.729 357.0 
80.683 358.0 
80.741 359.0 
80.694 360.0 
80.718 361.0 
80.648 362.0 
80.694 363.0 
80.589 364.0 
80.671 365.0 
80.648 366.0 
80.683 367.0 
80.624 368.0 
80.613 369.0 
80.659 370.0 
80.659 371.0 
80.694 372.0 
80.718 373.0 
80.753 374.0 
80.753 375.0 
80.765 376.0 
80.484 377.0 
80.683 378.0 
80.659 379.0 
80.659 380.0 
80.671 381.0 
80.765 382.0 
80.624 383.0 
80.648 384.0 
80.636 385.0 
80.718 386.0 
80.648 387.0 
80.613 388.0 
80.694 389.0 
80.694 390.0 
80.671 391.0 
80.659 392.0 
80.729 393.0 
80.601 394.0 
80.683 395.0 
80.765 396.0 
80.636 397.0 
80.694 398.0 
80.566 399.0 
80.613 400.0 
80.741 401.0 
80.694 402.0 
80.753 403.0 
80.718 404.0 
80.648 405.0 
80.589 406.0 
80.636 407.0 
80.601 408.0 
80.671 409.0 
80.578 410.0 
80.648 411.0 
80.741 412.0 
80.8 413.0 
80.706 414.0 
80.636 415.0 
80.671 416.0 
80.624 417.0 
80.718 418.0 
80.706 419.0 
80.648 420.0 
80.648 421.0 
80.694 422.0 
80.718 423.0 
80.601 424.0 
80.624 425.0 
80.694 426.0 
80.729 427.0 
80.601 428.0 
80.636 429.0 
80.601 430.0 
80.683 431.0 
80.683 432.0 
80.741 433.0 
80.589 434.0 
80.613 435.0 
80.636 436.0 
80.718 437.0 
80.613 438.0 
80.624 439.0 
80.683 440.0 
80.648 441.0 
80.648 442.0 
80.636 443.0 
80.624 444.0 
80.578 445.0 
80.601 446.0 
80.729 447.0 
80.683 448.0 
80.659 449.0 
80.986 450.0 
80.636 451.0 
80.613 452.0 
80.624 453.0 
80.578 454.0 
80.694 455.0 
80.671 456.0 
80.659 457.0 
80.589 458.0 
80.694 459.0 
80.694 460.0 
80.648 461.0 
80.624 462.0 
80.753 463.0 
80.659 464.0 
80.671 465.0 
80.729 466.0 
80.648 467.0 
80.578 468.0 
80.694 469.0 
80.589 470.0 
80.589 471.0 
80.624 472.0 
80.543 473.0 
80.683 474.0 
80.729 475.0 
80.648 476.0 
80.601 477.0 
80.659 478.0 
80.589 479.0 
80.694 480.0 
80.729 481.0 
80.624 482.0 
80.718 483.0 
80.613 484.0 
80.683 485.0 
80.589 486.0 
80.589 487.0 
80.683 488.0 
80.613 489.0 
80.613 490.0 
80.683 491.0 
80.636 492.0 
80.671 493.0 
80.671 494.0 
80.566 495.0 
80.578 496.0 
80.636 497.0 
80.694 498.0 
80.589 499.0 
80.613 500.0 
80.659 501.0 
80.671 502.0 
80.543 503.0 
80.566 504.0 
80.589 505.0 
80.613 506.0 
80.566 507.0 
80.648 508.0 
80.508 509.0 
80.566 510.0 
80.613 511.0 
80.624 512.0 
80.648 513.0 
80.659 514.0 
80.648 515.0 
80.671 516.0 
80.683 517.0 
80.437 518.0 
80.519 519.0 
80.543 520.0 
80.543 521.0 
80.554 522.0 
80.543 523.0 
80.519 524.0 
80.508 525.0 
80.508 526.0 
80.531 527.0 
80.461 528.0 
80.508 529.0 
80.461 530.0 
80.426 531.0 
80.578 532.0 
80.554 533.0 
80.508 534.0 
80.508 535.0 
80.484 536.0 
80.414 537.0 
80.367 538.0 
80.367 539.0 
80.344 540.0 
80.449 541.0 
80.297 542.0 
80.309 543.0 
80.262 544.0 
80.216 545.0 
80.192 546.0 
80.309 547.0 
80.286 548.0 
80.239 549.0 
80.181 550.0 
80.122 551.0 
80.216 552.0 
80.192 553.0 
80.145 554.0 
80.11 555.0 
80.216 556.0 
80.192 557.0 
80.157 558.0 
79.9 559.0 
80.227 560.0 
80.169 561.0 
80.087 562.0 
80.169 563.0 
80.134 564.0 
80.087 565.0 
80.192 566.0 
80.169 567.0 
80.087 568.0 
80.099 569.0 
80.099 570.0 
80.239 571.0 
80.181 572.0 
80.11 573.0 
80.134 574.0 
80.134 575.0 
80.251 576.0 
80.169 577.0 
80.157 578.0 
80.262 579.0 
80.181 580.0 
80.286 581.0 
80.157 582.0 
80.262 583.0 
80.227 584.0 
79.83 585.0 
80.216 586.0 
80.145 587.0 
80.216 588.0 
80.134 589.0 
80.204 590.0 
80.157 591.0 
80.227 592.0 
80.134 593.0 
80.216 594.0 
80.145 595.0 
80.204 596.0 
80.134 597.0 
80.204 598.0 
80.134 599.0 
80.227 600.0 
80.297 601.0 
80.181 602.0 
80.251 603.0 
80.157 604.0 
80.262 605.0 
80.122 606.0 
80.216 607.0 
80.087 608.0 
80.169 609.0 
80.297 610.0 
80.157 611.0 
80.262 612.0 
80.157 613.0 
80.227 614.0 
80.145 615.0 
80.11 616.0 
80.274 617.0 
80.099 618.0 
80.251 619.0 
79.959 620.0 
80.157 621.0 
80.204 622.0 
80.122 623.0 
80.181 624.0 
80.262 625.0 
80.169 626.0 
80.216 627.0 
80.286 628.0 
80.134 629.0 
80.192 630.0 
80.274 631.0 
80.157 632.0 
80.239 633.0 
80.508 634.0 
80.169 635.0 
80.239 636.0 
80.251 637.0 
80.134 638.0 
80.181 639.0 
80.286 640.0 
80.134 641.0 
80.145 642.0 
80.239 643.0 
80.099 644.0 
80.134 645.0 
80.192 646.0 
80.262 647.0 
80.157 648.0 
80.192 649.0 
80.239 650.0 
80.099 651.0 
80.075 652.0 
80.181 653.0 
80.274 654.0 
80.11 655.0 
80.145 656.0 
80.204 657.0 
80.286 658.0 
80.134 659.0 
80.181 660.0 
80.239 661.0 
80.251 662.0 
80.122 663.0 
80.169 664.0 
80.216 665.0 
80.274 666.0 
80.11 667.0 
80.204 668.0 
80.216 669.0 
80.239 670.0 
80.122 671.0 
80.134 672.0 
80.192 673.0 
80.251 674.0 
80.192 675.0 
80.099 676.0 
80.181 677.0 
80.192 678.0 
80.204 679.0 
80.297 680.0 
80.134 681.0 
80.145 682.0 
80.157 683.0 
80.204 684.0 
80.262 685.0 
80.262 686.0 
80.064 687.0 
80.157 688.0 
80.192 689.0 
80.204 690.0 
80.251 691.0 
80.297 692.0 
80.11 693.0 
80.134 694.0 
80.157 695.0 
80.192 696.0 
80.169 697.0 
80.274 698.0 
80.075 699.0 
80.122 700.0 
80.157 701.0 
80.157 702.0 
80.181 703.0 
80.204 704.0 
80.204 705.0 
80.286 706.0 
80.099 707.0 
80.157 708.0 
80.122 709.0 
80.134 710.0 
80.169 711.0 
80.204 712.0 
80.227 713.0 
80.262 714.0 
79.982 715.0 
80.099 716.0 
80.075 717.0 
80.122 718.0 
80.169 719.0 
80.204 720.0 
80.192 721.0 
80.204 722.0 
80.274 723.0 
80.239 724.0 
80.262 725.0 
80.075 726.0 
80.11 727.0 
80.134 728.0 
80.157 729.0 
80.122 730.0 
80.181 731.0 
80.216 732.0 
80.204 733.0 
80.239 734.0 
80.262 735.0 
80.262 736.0 
80.239 737.0 
80.286 738.0 
80.075 739.0 
80.11 740.0 
80.099 741.0 
80.075 742.0 
80.099 743.0 
80.099 744.0 
80.157 745.0 
80.122 746.0 
80.169 747.0 
80.11 748.0 
80.134 749.0 
80.145 750.0 
80.181 751.0 
80.157 752.0 
80.145 753.0 
80.181 754.0 
80.145 755.0 
80.204 756.0 
80.181 757.0 
80.157 758.0 
80.181 759.0 
80.204 760.0 
80.192 761.0 
80.181 762.0 
80.192 763.0 
80.192 764.0 
80.204 765.0 
80.216 766.0 
80.192 767.0 
80.239 768.0 
80.192 769.0 
80.192 770.0 
80.204 771.0 
80.192 772.0 
80.192 773.0 
80.204 774.0 
80.216 775.0 
80.227 776.0 
80.204 777.0 
80.192 778.0 
80.204 779.0 
80.169 780.0 
80.204 781.0 
80.181 782.0 
80.181 783.0 
80.192 784.0 
80.181 785.0 
80.181 786.0 
80.192 787.0 
80.169 788.0 
80.169 789.0 
80.204 790.0 
80.181 791.0 
80.181 792.0 
80.192 793.0 
80.192 794.0 
80.181 795.0 
80.169 796.0 
80.181 797.0 
80.192 798.0 
80.192 799.0 
80.204 800.0 
80.216 801.0 
80.181 802.0 
80.192 803.0 
80.181 804.0 
0.006 805.0 
0.005 806.0 
-0.004 807.0 
-0.002 808.0 
-0.006 809.0 
-0.014 810.0 
-0.023 811.0 
-0.025 812.0 
-0.036 813.0 
-0.046 814.0 
-0.046 815.0 
-0.053 816.0 
-0.056 817.0 
-0.061 818.0 
-0.06 819.0 
-0.059 820.0 
-0.066 821.0 
-0.064 822.0 
-0.06 823.0 
-0.055 824.0 
-0.055 825.0 
-0.053 826.0 
-0.06 827.0 
-0.054 828.0 
-0.056 829.0 
