-0.035 257.0 
-0.032 258.0 
-0.066 259.0 
-0.028 260.0 
-0.04 261.0 
-0.014 262.0 
-0.038 263.0 
-0.046 264.0 
-0.029 265.0 
-0.029 266.0 
-0.018 267.0 
-0.04 268.0 
-0.029 269.0 
-0.04 270.0 
-0.025 271.0 
-0.028 272.0 
-0.056 273.0 
-0.052 274.0 
135.857 275.0 
132.984 276.0 
131.828 277.0 
130.555 278.0 
129.071 279.0 
127.261 280.0 
125.521 281.0 
123.524 282.0 
120.37 283.0 
118.933 284.0 
118.571 285.0 
118.303 286.0 
118.163 287.0 
117.917 288.0 
117.719 289.0 
117.158 290.0 
117.041 291.0 
116.878 292.0 
116.726 293.0 
116.679 294.0 
116.224 295.0 
116.095 296.0 
116.095 297.0 
115.652 298.0 
115.5 299.0 
115.465 300.0 
114.951 301.0 
114.916 302.0 
114.519 303.0 
114.472 304.0 
114.367 305.0 
113.783 306.0 
112.767 307.0 
110.746 308.0 
108.644 309.0 
105.665 310.0 
102.839 311.0 
99.475 312.0 
96.135 313.0 
92.351 314.0 
88.426 315.0 
84.689 316.0 
81.185 317.0 
78.604 318.0 
78.44 319.0 
78.23 320.0 
78.113 321.0 
78.125 322.0 
77.996 323.0 
78.067 324.0 
78.02 325.0 
77.915 326.0 
78.02 327.0 
77.938 328.0 
78.09 329.0 
78.031 330.0 
77.926 331.0 
78.16 332.0 
78.02 333.0 
77.926 334.0 
77.903 335.0 
78.02 336.0 
78.02 337.0 
77.903 338.0 
78.067 339.0 
77.926 340.0 
77.95 341.0 
77.961 342.0 
78.09 343.0 
77.95 344.0 
77.903 345.0 
77.938 346.0 
77.915 347.0 
77.95 348.0 
77.973 349.0 
77.973 350.0 
77.95 351.0 
77.996 352.0 
77.95 353.0 
77.868 354.0 
78.008 355.0 
77.95 356.0 
78.02 357.0 
77.973 358.0 
78.02 359.0 
77.95 360.0 
78.02 361.0 
77.95 362.0 
77.996 363.0 
77.903 364.0 
77.926 365.0 
77.95 366.0 
77.996 367.0 
77.903 368.0 
77.926 369.0 
77.961 370.0 
77.996 371.0 
77.961 372.0 
77.985 373.0 
78.02 374.0 
78.008 375.0 
78.3 376.0 
77.868 377.0 
77.938 378.0 
77.915 379.0 
77.926 380.0 
77.961 381.0 
78.02 382.0 
77.891 383.0 
77.938 384.0 
77.915 385.0 
77.985 386.0 
77.915 387.0 
77.891 388.0 
77.961 389.0 
77.95 390.0 
77.903 391.0 
77.926 392.0 
78.031 393.0 
77.833 394.0 
77.938 395.0 
78.031 396.0 
77.891 397.0 
77.915 398.0 
77.821 399.0 
77.868 400.0 
78.008 401.0 
77.961 402.0 
77.985 403.0 
77.961 404.0 
77.926 405.0 
77.88 406.0 
77.938 407.0 
77.915 408.0 
77.903 409.0 
77.868 410.0 
77.915 411.0 
77.973 412.0 
78.055 413.0 
77.95 414.0 
77.926 415.0 
77.938 416.0 
77.88 417.0 
77.961 418.0 
77.95 419.0 
77.88 420.0 
77.926 421.0 
77.926 422.0 
77.973 423.0 
77.891 424.0 
77.88 425.0 
77.973 426.0 
77.985 427.0 
77.845 428.0 
77.88 429.0 
77.868 430.0 
77.95 431.0 
77.996 432.0 
77.996 433.0 
77.856 434.0 
77.88 435.0 
77.915 436.0 
78.02 437.0 
77.81 438.0 
77.88 439.0 
77.88 440.0 
77.891 441.0 
77.891 442.0 
77.903 443.0 
77.88 444.0 
77.88 445.0 
77.856 446.0 
77.938 447.0 
77.973 448.0 
77.95 449.0 
78.148 450.0 
77.903 451.0 
77.88 452.0 
77.891 453.0 
77.833 454.0 
77.95 455.0 
77.763 456.0 
77.845 457.0 
77.856 458.0 
77.95 459.0 
77.985 460.0 
77.915 461.0 
77.891 462.0 
77.95 463.0 
77.961 464.0 
77.891 465.0 
77.95 466.0 
77.903 467.0 
77.845 468.0 
77.926 469.0 
77.856 470.0 
77.856 471.0 
77.88 472.0 
77.88 473.0 
77.891 474.0 
77.95 475.0 
77.903 476.0 
77.833 477.0 
77.891 478.0 
77.786 479.0 
77.88 480.0 
77.985 481.0 
77.891 482.0 
77.938 483.0 
77.856 484.0 
77.926 485.0 
77.845 486.0 
77.868 487.0 
77.938 488.0 
77.903 489.0 
77.891 490.0 
77.938 491.0 
77.938 492.0 
77.891 493.0 
77.95 494.0 
77.88 495.0 
77.81 496.0 
77.903 497.0 
77.926 498.0 
77.833 499.0 
77.833 500.0 
77.868 501.0 
77.926 502.0 
77.81 503.0 
77.845 504.0 
77.903 505.0 
77.868 506.0 
77.868 507.0 
77.985 508.0 
77.845 509.0 
77.833 510.0 
77.868 511.0 
77.868 512.0 
77.903 513.0 
77.845 514.0 
77.868 515.0 
77.915 516.0 
77.903 517.0 
77.704 518.0 
77.751 519.0 
77.751 520.0 
77.775 521.0 
77.763 522.0 
77.821 523.0 
77.786 524.0 
77.798 525.0 
77.775 526.0 
77.763 527.0 
77.716 528.0 
77.728 529.0 
77.728 530.0 
77.728 531.0 
77.868 532.0 
77.845 533.0 
77.798 534.0 
77.81 535.0 
77.775 536.0 
77.739 537.0 
77.634 538.0 
77.658 539.0 
77.611 540.0 
77.739 541.0 
77.646 542.0 
77.658 543.0 
77.634 544.0 
77.588 545.0 
77.564 546.0 
77.681 547.0 
77.599 548.0 
77.588 549.0 
77.576 550.0 
77.471 551.0 
77.634 552.0 
77.564 553.0 
77.506 554.0 
77.459 555.0 
77.599 556.0 
77.553 557.0 
77.483 558.0 
77.214 559.0 
77.588 560.0 
77.529 561.0 
77.459 562.0 
77.588 563.0 
77.494 564.0 
77.436 565.0 
77.588 566.0 
77.611 567.0 
77.448 568.0 
77.553 569.0 
77.518 570.0 
77.576 571.0 
77.541 572.0 
77.483 573.0 
77.471 574.0 
77.506 575.0 
77.623 576.0 
77.518 577.0 
77.494 578.0 
77.576 579.0 
77.541 580.0 
77.611 581.0 
77.564 582.0 
77.599 583.0 
77.564 584.0 
77.658 585.0 
77.588 586.0 
77.506 587.0 
77.623 588.0 
77.494 589.0 
77.611 590.0 
77.506 591.0 
77.564 592.0 
77.518 593.0 
77.518 594.0 
77.518 595.0 
77.588 596.0 
77.506 597.0 
77.588 598.0 
77.541 599.0 
77.553 600.0 
77.669 601.0 
77.564 602.0 
77.634 603.0 
77.529 604.0 
77.611 605.0 
77.529 606.0 
77.588 607.0 
77.494 608.0 
77.553 609.0 
77.669 610.0 
77.541 611.0 
77.669 612.0 
77.529 613.0 
77.576 614.0 
77.459 615.0 
77.529 616.0 
77.599 617.0 
77.448 618.0 
77.564 619.0 
77.261 620.0 
77.541 621.0 
77.576 622.0 
77.506 623.0 
77.553 624.0 
77.646 625.0 
77.529 626.0 
77.564 627.0 
77.634 628.0 
77.529 629.0 
77.529 630.0 
77.634 631.0 
77.494 632.0 
77.576 633.0 
77.634 634.0 
77.506 635.0 
77.576 636.0 
77.623 637.0 
77.494 638.0 
77.564 639.0 
77.611 640.0 
77.471 641.0 
77.541 642.0 
77.599 643.0 
77.471 644.0 
77.541 645.0 
77.588 646.0 
77.623 647.0 
77.494 648.0 
77.541 649.0 
77.599 650.0 
77.459 651.0 
77.518 652.0 
77.564 653.0 
77.611 654.0 
77.448 655.0 
77.518 656.0 
77.553 657.0 
77.599 658.0 
77.494 659.0 
77.541 660.0 
77.611 661.0 
77.658 662.0 
77.471 663.0 
77.506 664.0 
77.588 665.0 
77.634 666.0 
77.483 667.0 
77.529 668.0 
77.576 669.0 
77.588 670.0 
77.459 671.0 
77.518 672.0 
77.541 673.0 
77.634 674.0 
77.576 675.0 
77.471 676.0 
77.494 677.0 
77.529 678.0 
77.564 679.0 
77.599 680.0 
77.448 681.0 
77.518 682.0 
77.518 683.0 
77.553 684.0 
77.588 685.0 
77.669 686.0 
77.459 687.0 
77.529 688.0 
77.529 689.0 
77.599 690.0 
77.623 691.0 
77.634 692.0 
77.459 693.0 
77.506 694.0 
77.541 695.0 
77.541 696.0 
77.588 697.0 
77.611 698.0 
77.331 699.0 
77.448 700.0 
77.494 701.0 
77.541 702.0 
77.541 703.0 
77.541 704.0 
77.576 705.0 
77.634 706.0 
77.459 707.0 
77.506 708.0 
77.518 709.0 
77.553 710.0 
77.553 711.0 
77.564 712.0 
77.588 713.0 
77.634 714.0 
77.494 715.0 
77.459 716.0 
77.459 717.0 
77.494 718.0 
77.506 719.0 
77.541 720.0 
77.553 721.0 
77.588 722.0 
77.588 723.0 
77.634 724.0 
77.646 725.0 
77.424 726.0 
77.494 727.0 
77.483 728.0 
77.529 729.0 
77.506 730.0 
77.541 731.0 
77.553 732.0 
77.564 733.0 
77.588 734.0 
77.576 735.0 
77.588 736.0 
77.599 737.0 
77.623 738.0 
77.366 739.0 
77.459 740.0 
77.448 741.0 
77.459 742.0 
77.483 743.0 
77.494 744.0 
77.483 745.0 
77.506 746.0 
77.518 747.0 
77.518 748.0 
77.483 749.0 
77.541 750.0 
77.529 751.0 
77.529 752.0 
77.529 753.0 
77.541 754.0 
77.494 755.0 
77.518 756.0 
77.576 757.0 
77.518 758.0 
77.553 759.0 
77.564 760.0 
77.564 761.0 
77.541 762.0 
77.518 763.0 
77.553 764.0 
77.576 765.0 
77.564 766.0 
77.564 767.0 
77.529 768.0 
77.564 769.0 
77.553 770.0 
77.553 771.0 
77.576 772.0 
77.564 773.0 
77.576 774.0 
77.553 775.0 
77.553 776.0 
77.564 777.0 
77.529 778.0 
77.529 779.0 
77.564 780.0 
77.541 781.0 
77.529 782.0 
77.506 783.0 
77.576 784.0 
77.541 785.0 
77.564 786.0 
77.564 787.0 
77.494 788.0 
77.553 789.0 
77.553 790.0 
77.541 791.0 
77.541 792.0 
77.541 793.0 
77.553 794.0 
77.529 795.0 
77.564 796.0 
77.529 797.0 
77.564 798.0 
77.553 799.0 
77.553 800.0 
77.576 801.0 
77.553 802.0 
77.553 803.0 
77.541 804.0 
0.005 805.0 
0.006 806.0 
0.004 807.0 
0.0 808.0 
0.001 809.0 
-0.011 810.0 
-0.01 811.0 
-0.004 812.0 
-0.02 813.0 
-0.028 814.0 
-0.032 815.0 
-0.03 816.0 
-0.034 817.0 
-0.046 818.0 
-0.042 819.0 
-0.041 820.0 
-0.048 821.0 
-0.049 822.0 
-0.04 823.0 
-0.049 824.0 
-0.047 825.0 
-0.044 826.0 
-0.038 827.0 
-0.037 828.0 
-0.034 829.0 
