-0.024 257.0 
-0.043 258.0 
-0.081 259.0 
-0.055 260.0 
-0.041 261.0 
-0.04 262.0 
-0.052 263.0 
-0.047 264.0 
-0.041 265.0 
-0.041 266.0 
-0.025 267.0 
-0.034 268.0 
-0.03 269.0 
-0.035 270.0 
-0.035 271.0 
-0.01 272.0 
-0.034 273.0 
-0.038 274.0 
142.269 275.0 
139.163 276.0 
137.889 277.0 
136.5 278.0 
134.911 279.0 
133.007 280.0 
131.267 281.0 
129.41 282.0 
126.14 283.0 
124.843 284.0 
124.458 285.0 
124.213 286.0 
124.061 287.0 
123.851 288.0 
123.64 289.0 
123.01 290.0 
122.905 291.0 
122.788 292.0 
122.671 293.0 
122.461 294.0 
122.099 295.0 
121.958 296.0 
121.9 297.0 
121.445 298.0 
121.304 299.0 
121.281 300.0 
120.744 301.0 
120.756 302.0 
120.277 303.0 
120.218 304.0 
120.101 305.0 
119.541 306.0 
118.455 307.0 
116.352 308.0 
113.888 309.0 
110.583 310.0 
107.417 311.0 
103.692 312.0 
100.129 313.0 
96.158 314.0 
92.374 315.0 
88.426 316.0 
84.841 317.0 
82.213 318.0 
82.084 319.0 
81.851 320.0 
81.792 321.0 
81.734 322.0 
81.629 323.0 
81.746 324.0 
81.652 325.0 
81.512 326.0 
81.676 327.0 
81.547 328.0 
81.769 329.0 
81.676 330.0 
81.605 331.0 
81.909 332.0 
81.699 333.0 
81.594 334.0 
81.57 335.0 
81.676 336.0 
81.676 337.0 
81.57 338.0 
81.722 339.0 
81.582 340.0 
81.605 341.0 
81.582 342.0 
81.722 343.0 
81.617 344.0 
81.617 345.0 
81.582 346.0 
81.559 347.0 
81.699 348.0 
81.664 349.0 
81.605 350.0 
81.64 351.0 
81.664 352.0 
81.594 353.0 
81.512 354.0 
81.664 355.0 
81.617 356.0 
81.664 357.0 
81.594 358.0 
81.652 359.0 
81.617 360.0 
81.629 361.0 
81.582 362.0 
81.617 363.0 
81.535 364.0 
81.582 365.0 
81.617 366.0 
81.64 367.0 
81.559 368.0 
81.57 369.0 
81.605 370.0 
81.64 371.0 
81.652 372.0 
81.676 373.0 
81.652 374.0 
81.664 375.0 
81.886 376.0 
81.559 377.0 
81.535 378.0 
81.57 379.0 
81.547 380.0 
81.582 381.0 
81.687 382.0 
81.582 383.0 
81.559 384.0 
81.582 385.0 
81.676 386.0 
81.57 387.0 
81.535 388.0 
81.594 389.0 
81.605 390.0 
81.617 391.0 
81.594 392.0 
81.652 393.0 
81.512 394.0 
81.594 395.0 
81.687 396.0 
81.524 397.0 
81.594 398.0 
81.454 399.0 
81.477 400.0 
81.617 401.0 
81.605 402.0 
81.687 403.0 
81.617 404.0 
81.57 405.0 
81.5 406.0 
81.582 407.0 
81.512 408.0 
81.57 409.0 
81.489 410.0 
81.582 411.0 
81.64 412.0 
81.932 413.0 
81.617 414.0 
81.559 415.0 
81.582 416.0 
81.535 417.0 
81.676 418.0 
81.582 419.0 
81.5 420.0 
81.559 421.0 
81.57 422.0 
81.617 423.0 
81.559 424.0 
81.559 425.0 
81.605 426.0 
81.629 427.0 
81.512 428.0 
81.535 429.0 
81.547 430.0 
81.594 431.0 
81.652 432.0 
81.617 433.0 
81.489 434.0 
81.535 435.0 
81.559 436.0 
81.617 437.0 
81.454 438.0 
81.512 439.0 
81.547 440.0 
81.547 441.0 
81.535 442.0 
81.535 443.0 
81.535 444.0 
81.489 445.0 
81.489 446.0 
81.617 447.0 
81.594 448.0 
81.605 449.0 
81.874 450.0 
81.547 451.0 
81.559 452.0 
81.489 453.0 
81.5 454.0 
81.559 455.0 
81.594 456.0 
81.489 457.0 
81.5 458.0 
81.57 459.0 
81.605 460.0 
81.524 461.0 
81.489 462.0 
81.605 463.0 
81.582 464.0 
81.594 465.0 
81.629 466.0 
81.57 467.0 
81.489 468.0 
81.57 469.0 
81.57 470.0 
81.512 471.0 
81.594 472.0 
81.629 473.0 
81.559 474.0 
81.617 475.0 
81.57 476.0 
81.454 477.0 
81.535 478.0 
81.442 479.0 
81.547 480.0 
81.629 481.0 
81.524 482.0 
81.582 483.0 
81.512 484.0 
81.57 485.0 
81.465 486.0 
81.512 487.0 
81.594 488.0 
81.5 489.0 
81.535 490.0 
81.582 491.0 
81.605 492.0 
81.547 493.0 
81.57 494.0 
81.524 495.0 
81.419 496.0 
81.57 497.0 
81.57 498.0 
81.477 499.0 
81.489 500.0 
81.535 501.0 
81.57 502.0 
81.419 503.0 
81.477 504.0 
81.465 505.0 
81.547 506.0 
81.489 507.0 
81.64 508.0 
81.43 509.0 
81.477 510.0 
81.477 511.0 
81.512 512.0 
81.524 513.0 
81.582 514.0 
81.547 515.0 
81.594 516.0 
81.594 517.0 
81.337 518.0 
81.407 519.0 
81.419 520.0 
81.454 521.0 
81.454 522.0 
81.419 523.0 
81.395 524.0 
81.43 525.0 
81.407 526.0 
81.43 527.0 
81.348 528.0 
81.43 529.0 
81.372 530.0 
81.36 531.0 
81.512 532.0 
81.5 533.0 
81.407 534.0 
81.43 535.0 
81.384 536.0 
81.325 537.0 
81.232 538.0 
81.22 539.0 
81.208 540.0 
81.36 541.0 
81.255 542.0 
81.22 543.0 
81.208 544.0 
81.208 545.0 
81.162 546.0 
81.267 547.0 
81.232 548.0 
81.15 549.0 
81.103 550.0 
81.103 551.0 
81.22 552.0 
81.173 553.0 
81.092 554.0 
81.092 555.0 
81.208 556.0 
81.127 557.0 
81.092 558.0 
80.835 559.0 
81.162 560.0 
81.092 561.0 
81.045 562.0 
81.15 563.0 
81.115 564.0 
81.033 565.0 
81.173 566.0 
81.197 567.0 
81.057 568.0 
81.127 569.0 
81.068 570.0 
81.208 571.0 
81.127 572.0 
81.045 573.0 
81.103 574.0 
81.045 575.0 
81.162 576.0 
81.103 577.0 
81.092 578.0 
81.185 579.0 
81.115 580.0 
81.197 581.0 
81.138 582.0 
81.197 583.0 
81.15 584.0 
81.267 585.0 
81.15 586.0 
81.092 587.0 
81.173 588.0 
81.08 589.0 
81.15 590.0 
81.103 591.0 
81.15 592.0 
81.103 593.0 
81.15 594.0 
81.068 595.0 
81.162 596.0 
81.092 597.0 
81.15 598.0 
81.092 599.0 
81.127 600.0 
81.243 601.0 
81.127 602.0 
81.197 603.0 
81.138 604.0 
81.208 605.0 
81.092 606.0 
81.173 607.0 
81.08 608.0 
81.15 609.0 
81.22 610.0 
81.115 611.0 
81.22 612.0 
81.092 613.0 
81.208 614.0 
81.08 615.0 
81.127 616.0 
81.197 617.0 
81.057 618.0 
81.208 619.0 
80.881 620.0 
81.115 621.0 
81.185 622.0 
81.057 623.0 
81.127 624.0 
81.22 625.0 
81.092 626.0 
81.173 627.0 
81.22 628.0 
81.092 629.0 
81.185 630.0 
81.267 631.0 
81.092 632.0 
81.185 633.0 
81.442 634.0 
81.092 635.0 
81.162 636.0 
81.22 637.0 
81.08 638.0 
81.127 639.0 
81.208 640.0 
81.068 641.0 
81.115 642.0 
81.185 643.0 
81.021 644.0 
81.115 645.0 
81.127 646.0 
81.22 647.0 
81.057 648.0 
81.115 649.0 
81.208 650.0 
81.033 651.0 
81.08 652.0 
81.15 653.0 
81.185 654.0 
81.033 655.0 
81.08 656.0 
81.162 657.0 
81.185 658.0 
81.103 659.0 
81.103 660.0 
81.208 661.0 
81.208 662.0 
81.092 663.0 
81.115 664.0 
81.22 665.0 
81.185 666.0 
81.08 667.0 
81.115 668.0 
81.197 669.0 
81.185 670.0 
81.057 671.0 
81.103 672.0 
81.138 673.0 
81.162 674.0 
81.22 675.0 
81.08 676.0 
81.103 677.0 
81.162 678.0 
81.185 679.0 
81.232 680.0 
81.057 681.0 
81.057 682.0 
81.115 683.0 
81.162 684.0 
81.197 685.0 
81.243 686.0 
81.057 687.0 
81.103 688.0 
81.103 689.0 
81.173 690.0 
81.208 691.0 
81.22 692.0 
81.08 693.0 
81.092 694.0 
81.103 695.0 
81.15 696.0 
81.185 697.0 
81.138 698.0 
80.881 699.0 
81.068 700.0 
81.103 701.0 
81.115 702.0 
81.127 703.0 
81.127 704.0 
81.22 705.0 
81.208 706.0 
81.057 707.0 
81.045 708.0 
81.08 709.0 
81.115 710.0 
81.162 711.0 
81.173 712.0 
81.185 713.0 
81.208 714.0 
81.232 715.0 
81.033 716.0 
81.057 717.0 
81.092 718.0 
81.138 719.0 
81.127 720.0 
81.15 721.0 
81.138 722.0 
81.173 723.0 
81.232 724.0 
81.255 725.0 
81.045 726.0 
81.057 727.0 
81.092 728.0 
81.08 729.0 
81.115 730.0 
81.115 731.0 
81.162 732.0 
81.162 733.0 
81.173 734.0 
81.162 735.0 
81.162 736.0 
81.197 737.0 
81.22 738.0 
80.905 739.0 
81.033 740.0 
81.01 741.0 
81.045 742.0 
81.045 743.0 
81.033 744.0 
81.092 745.0 
81.103 746.0 
81.057 747.0 
81.08 748.0 
81.115 749.0 
81.115 750.0 
81.092 751.0 
81.092 752.0 
81.127 753.0 
81.115 754.0 
81.115 755.0 
81.103 756.0 
81.138 757.0 
81.15 758.0 
81.15 759.0 
81.138 760.0 
81.162 761.0 
81.115 762.0 
81.115 763.0 
81.15 764.0 
81.127 765.0 
81.162 766.0 
81.127 767.0 
81.162 768.0 
81.162 769.0 
81.173 770.0 
81.138 771.0 
81.15 772.0 
81.162 773.0 
81.15 774.0 
81.162 775.0 
81.138 776.0 
81.15 777.0 
81.127 778.0 
81.15 779.0 
81.115 780.0 
81.127 781.0 
81.162 782.0 
81.15 783.0 
81.173 784.0 
81.138 785.0 
81.15 786.0 
81.138 787.0 
81.173 788.0 
81.15 789.0 
81.162 790.0 
81.127 791.0 
81.173 792.0 
81.15 793.0 
81.15 794.0 
81.15 795.0 
81.127 796.0 
81.127 797.0 
81.127 798.0 
81.103 799.0 
81.138 800.0 
81.162 801.0 
81.138 802.0 
81.138 803.0 
81.162 804.0 
0.004 805.0 
0.001 806.0 
0.001 807.0 
0.002 808.0 
0.008 809.0 
0.002 810.0 
-0.001 811.0 
-0.005 812.0 
-0.004 813.0 
-0.018 814.0 
-0.022 815.0 
-0.013 816.0 
-0.026 817.0 
-0.024 818.0 
-0.034 819.0 
-0.031 820.0 
-0.031 821.0 
-0.041 822.0 
-0.032 823.0 
-0.042 824.0 
-0.043 825.0 
-0.031 826.0 
-0.042 827.0 
-0.036 828.0 
-0.038 829.0 
