-0.044 257.0 
-0.053 258.0 
-0.036 259.0 
-0.078 260.0 
-0.052 261.0 
-0.061 262.0 
-0.041 263.0 
-0.036 264.0 
-0.058 265.0 
-0.049 266.0 
-0.053 267.0 
-0.042 268.0 
-0.035 269.0 
-0.03 270.0 
-0.03 271.0 
-0.052 272.0 
-0.032 273.0 
-0.041 274.0 
795.044 275.0 
789.474 276.0 
787.617 277.0 
783.092 278.0 
778.798 279.0 
774.968 280.0 
771.487 281.0 
769.746 282.0 
766.497 283.0 
764.756 284.0 
763.363 285.0 
762.319 286.0 
761.855 287.0 
761.507 288.0 
760.462 289.0 
759.766 290.0 
757.213 291.0 
756.633 292.0 
756.517 293.0 
756.865 294.0 
753.731 295.0 
753.731 296.0 
754.196 297.0 
752.107 298.0 
751.759 299.0 
752.339 300.0 
749.902 301.0 
750.83 302.0 
748.277 303.0 
749.09 304.0 
750.018 305.0 
748.161 306.0 
748.393 307.0 
746.652 308.0 
747.813 309.0 
745.84 310.0 
746.42 311.0 
745.144 312.0 
745.956 313.0 
744.68 314.0 
745.144 315.0 
743.983 316.0 
745.028 317.0 
743.983 318.0 
744.448 319.0 
743.635 320.0 
740.386 321.0 
743.635 322.0 
742.823 323.0 
743.751 324.0 
743.403 325.0 
743.635 326.0 
743.287 327.0 
742.591 328.0 
744.099 329.0 
743.055 330.0 
742.707 331.0 
746.304 332.0 
743.403 333.0 
742.707 334.0 
743.287 335.0 
742.823 336.0 
742.707 337.0 
741.779 338.0 
743.519 339.0 
741.895 340.0 
742.011 341.0 
742.011 342.0 
743.287 343.0 
742.243 344.0 
741.895 345.0 
741.43 346.0 
741.198 347.0 
742.591 348.0 
742.359 349.0 
742.011 350.0 
741.662 351.0 
742.127 352.0 
741.895 353.0 
739.225 354.0 
742.243 355.0 
741.779 356.0 
742.127 357.0 
741.662 358.0 
742.243 359.0 
741.662 360.0 
741.895 361.0 
741.662 362.0 
741.546 363.0 
740.85 364.0 
741.082 365.0 
741.546 366.0 
741.662 367.0 
741.082 368.0 
741.314 369.0 
741.546 370.0 
741.314 371.0 
741.662 372.0 
741.895 373.0 
742.011 374.0 
742.127 375.0 
744.68 376.0 
739.69 377.0 
741.198 378.0 
741.198 379.0 
740.966 380.0 
740.85 381.0 
742.011 382.0 
740.734 383.0 
740.85 384.0 
740.85 385.0 
741.779 386.0 
740.038 387.0 
740.27 388.0 
741.198 389.0 
741.082 390.0 
741.082 391.0 
740.618 392.0 
741.779 393.0 
740.038 394.0 
740.85 395.0 
741.43 396.0 
740.038 397.0 
740.85 398.0 
739.806 399.0 
740.154 400.0 
741.198 401.0 
740.85 402.0 
741.082 403.0 
740.734 404.0 
740.27 405.0 
740.038 406.0 
740.85 407.0 
740.386 408.0 
740.85 409.0 
740.038 410.0 
740.85 411.0 
741.082 412.0 
744.448 413.0 
740.966 414.0 
740.154 415.0 
740.734 416.0 
739.69 417.0 
741.662 418.0 
740.734 419.0 
740.038 420.0 
740.27 421.0 
741.082 422.0 
741.082 423.0 
740.386 424.0 
740.154 425.0 
740.734 426.0 
741.082 427.0 
740.27 428.0 
740.27 429.0 
740.27 430.0 
740.618 431.0 
740.734 432.0 
741.082 433.0 
740.27 434.0 
740.386 435.0 
740.502 436.0 
741.662 437.0 
739.69 438.0 
740.154 439.0 
740.038 440.0 
740.386 441.0 
740.154 442.0 
740.386 443.0 
740.038 444.0 
740.038 445.0 
740.27 446.0 
741.198 447.0 
740.966 448.0 
741.082 449.0 
740.618 450.0 
740.502 451.0 
740.27 452.0 
740.154 453.0 
740.27 454.0 
740.618 455.0 
740.502 456.0 
740.154 457.0 
740.154 458.0 
740.966 459.0 
741.082 460.0 
740.386 461.0 
740.154 462.0 
741.082 463.0 
740.386 464.0 
740.85 465.0 
741.314 466.0 
740.85 467.0 
740.038 468.0 
740.734 469.0 
740.386 470.0 
740.618 471.0 
740.502 472.0 
741.198 473.0 
740.502 474.0 
741.082 475.0 
740.154 476.0 
739.458 477.0 
740.502 478.0 
739.806 479.0 
740.386 480.0 
741.43 481.0 
740.038 482.0 
740.85 483.0 
740.038 484.0 
740.27 485.0 
739.458 486.0 
739.574 487.0 
740.502 488.0 
739.574 489.0 
739.922 490.0 
740.502 491.0 
740.27 492.0 
740.038 493.0 
740.618 494.0 
739.69 495.0 
738.761 496.0 
739.922 497.0 
740.038 498.0 
739.109 499.0 
738.761 500.0 
739.922 501.0 
740.038 502.0 
738.877 503.0 
738.761 504.0 
739.109 505.0 
739.225 506.0 
736.44 507.0 
742.475 508.0 
738.993 509.0 
738.993 510.0 
738.993 511.0 
738.993 512.0 
739.341 513.0 
739.574 514.0 
739.341 515.0 
739.458 516.0 
739.574 517.0 
737.949 518.0 
738.181 519.0 
738.297 520.0 
738.413 521.0 
738.529 522.0 
738.645 523.0 
738.181 524.0 
738.181 525.0 
738.645 526.0 
738.529 527.0 
737.485 528.0 
738.297 529.0 
737.601 530.0 
738.065 531.0 
739.341 532.0 
739.458 533.0 
738.877 534.0 
739.225 535.0 
738.993 536.0 
738.761 537.0 
738.065 538.0 
738.181 539.0 
738.181 540.0 
739.225 541.0 
738.645 542.0 
739.109 543.0 
738.413 544.0 
738.413 545.0 
737.717 546.0 
739.574 547.0 
738.761 548.0 
738.413 549.0 
738.645 550.0 
737.369 551.0 
738.877 552.0 
738.877 553.0 
738.297 554.0 
738.065 555.0 
739.109 556.0 
738.529 557.0 
738.065 558.0 
734.003 559.0 
738.761 560.0 
738.181 561.0 
737.601 562.0 
738.761 563.0 
738.181 564.0 
737.485 565.0 
739.109 566.0 
738.181 567.0 
737.369 568.0 
738.529 569.0 
738.181 570.0 
738.993 571.0 
738.413 572.0 
737.949 573.0 
738.297 574.0 
738.065 575.0 
738.877 576.0 
738.297 577.0 
738.297 578.0 
739.109 579.0 
738.645 580.0 
739.574 581.0 
738.645 582.0 
738.645 583.0 
738.529 584.0 
740.154 585.0 
739.109 586.0 
737.949 587.0 
739.109 588.0 
738.297 589.0 
739.109 590.0 
738.181 591.0 
738.761 592.0 
738.413 593.0 
739.225 594.0 
738.065 595.0 
738.645 596.0 
738.181 597.0 
738.993 598.0 
737.949 599.0 
738.645 600.0 
739.458 601.0 
738.297 602.0 
739.225 603.0 
738.297 604.0 
739.341 605.0 
738.181 606.0 
738.761 607.0 
738.297 608.0 
738.529 609.0 
739.69 610.0 
738.413 611.0 
739.341 612.0 
738.761 613.0 
739.341 614.0 
737.833 615.0 
738.413 616.0 
739.109 617.0 
737.949 618.0 
738.993 619.0 
735.28 620.0 
738.761 621.0 
738.877 622.0 
737.949 623.0 
738.761 624.0 
739.458 625.0 
738.065 626.0 
738.877 627.0 
739.225 628.0 
738.297 629.0 
738.993 630.0 
739.458 631.0 
738.065 632.0 
739.225 633.0 
742.707 634.0 
738.413 635.0 
738.761 636.0 
739.574 637.0 
738.413 638.0 
738.761 639.0 
739.458 640.0 
737.833 641.0 
738.413 642.0 
738.761 643.0 
737.485 644.0 
738.413 645.0 
738.993 646.0 
739.458 647.0 
738.065 648.0 
738.529 649.0 
738.877 650.0 
738.065 651.0 
737.601 652.0 
738.993 653.0 
739.341 654.0 
737.833 655.0 
738.297 656.0 
738.181 657.0 
739.109 658.0 
738.297 659.0 
738.761 660.0 
739.109 661.0 
739.458 662.0 
738.065 663.0 
738.529 664.0 
739.225 665.0 
739.574 666.0 
738.181 667.0 
738.529 668.0 
739.225 669.0 
739.341 670.0 
738.181 671.0 
738.181 672.0 
738.529 673.0 
738.877 674.0 
738.993 675.0 
737.485 676.0 
738.297 677.0 
738.877 678.0 
738.761 679.0 
739.341 680.0 
737.601 681.0 
737.949 682.0 
738.645 683.0 
738.993 684.0 
739.341 685.0 
739.574 686.0 
738.065 687.0 
738.181 688.0 
738.529 689.0 
738.761 690.0 
739.225 691.0 
739.341 692.0 
737.949 693.0 
738.297 694.0 
738.413 695.0 
738.761 696.0 
738.877 697.0 
738.993 698.0 
736.904 699.0 
737.949 700.0 
738.413 701.0 
738.413 702.0 
738.645 703.0 
738.993 704.0 
738.529 705.0 
739.341 706.0 
737.717 707.0 
738.065 708.0 
738.181 709.0 
738.529 710.0 
738.993 711.0 
738.993 712.0 
739.225 713.0 
739.458 714.0 
739.69 715.0 
737.717 716.0 
738.181 717.0 
738.181 718.0 
738.413 719.0 
738.993 720.0 
738.645 721.0 
738.877 722.0 
738.993 723.0 
739.458 724.0 
739.574 725.0 
737.601 726.0 
738.297 727.0 
738.413 728.0 
738.529 729.0 
738.529 730.0 
738.529 731.0 
738.877 732.0 
739.109 733.0 
738.993 734.0 
739.109 735.0 
739.109 736.0 
739.69 737.0 
739.69 738.0 
736.556 739.0 
737.949 740.0 
737.717 741.0 
738.065 742.0 
737.833 743.0 
737.949 744.0 
738.065 745.0 
738.181 746.0 
738.297 747.0 
738.413 748.0 
738.181 749.0 
738.297 750.0 
738.181 751.0 
738.761 752.0 
738.645 753.0 
738.993 754.0 
738.645 755.0 
738.529 756.0 
738.761 757.0 
738.645 758.0 
738.645 759.0 
738.529 760.0 
738.529 761.0 
738.529 762.0 
738.645 763.0 
738.761 764.0 
738.645 765.0 
738.761 766.0 
738.993 767.0 
738.761 768.0 
739.109 769.0 
739.109 770.0 
738.993 771.0 
739.341 772.0 
738.877 773.0 
738.529 774.0 
739.225 775.0 
738.645 776.0 
738.877 777.0 
738.761 778.0 
738.993 779.0 
738.877 780.0 
738.413 781.0 
738.529 782.0 
738.761 783.0 
738.297 784.0 
739.109 785.0 
738.529 786.0 
738.877 787.0 
738.877 788.0 
738.993 789.0 
738.993 790.0 
738.877 791.0 
738.993 792.0 
739.225 793.0 
738.993 794.0 
738.413 795.0 
738.529 796.0 
738.413 797.0 
738.645 798.0 
738.413 799.0 
738.529 800.0 
738.761 801.0 
738.413 802.0 
738.529 803.0 
738.065 804.0 
0.098 805.0 
0.119 806.0 
0.11 807.0 
0.105 808.0 
0.093 809.0 
0.049 810.0 
0.022 811.0 
-0.018 812.0 
-0.047 813.0 
-0.072 814.0 
-0.111 815.0 
-0.133 816.0 
-0.14 817.0 
-0.149 818.0 
-0.145 819.0 
-0.151 820.0 
-0.155 821.0 
-0.156 822.0 
-0.145 823.0 
-0.128 824.0 
-0.122 825.0 
-0.105 826.0 
-0.096 827.0 
-0.084 828.0 
-0.065 829.0 
