-0.044 257.0 
-0.052 258.0 
-0.054 259.0 
-0.037 260.0 
-0.035 261.0 
-0.035 262.0 
-0.036 263.0 
-0.048 264.0 
-0.052 265.0 
-0.056 266.0 
-0.047 267.0 
-0.061 268.0 
-0.06 269.0 
-0.056 270.0 
-0.056 271.0 
-0.028 272.0 
-0.05 273.0 
-0.055 274.0 
796.901 275.0 
791.099 276.0 
788.662 277.0 
782.976 278.0 
778.566 279.0 
774.62 280.0 
771.255 281.0 
768.934 282.0 
764.524 283.0 
761.623 284.0 
759.882 285.0 
759.186 286.0 
758.141 287.0 
757.329 288.0 
755.704 289.0 
754.892 290.0 
752.339 291.0 
751.41 292.0 
751.178 293.0 
751.178 294.0 
748.393 295.0 
748.393 296.0 
748.857 297.0 
746.42 298.0 
746.188 299.0 
746.769 300.0 
744.796 301.0 
745.144 302.0 
742.475 303.0 
742.823 304.0 
743.983 305.0 
742.359 306.0 
742.011 307.0 
740.618 308.0 
741.198 309.0 
739.341 310.0 
740.386 311.0 
738.529 312.0 
739.574 313.0 
738.181 314.0 
738.645 315.0 
738.181 316.0 
738.993 317.0 
737.485 318.0 
737.949 319.0 
737.253 320.0 
735.628 321.0 
737.369 322.0 
736.092 323.0 
736.672 324.0 
736.44 325.0 
737.601 326.0 
736.208 327.0 
735.396 328.0 
736.788 329.0 
736.092 330.0 
735.28 331.0 
738.993 332.0 
736.208 333.0 
735.628 334.0 
736.208 335.0 
736.208 336.0 
736.092 337.0 
734.932 338.0 
736.324 339.0 
735.28 340.0 
735.28 341.0 
735.396 342.0 
733.191 343.0 
734.816 344.0 
734.7 345.0 
734.7 346.0 
734.351 347.0 
733.771 348.0 
735.048 349.0 
734.932 350.0 
734.816 351.0 
735.048 352.0 
734.467 353.0 
733.423 354.0 
733.771 355.0 
735.048 356.0 
735.28 357.0 
734.584 358.0 
735.28 359.0 
734.932 360.0 
735.396 361.0 
734.932 362.0 
734.816 363.0 
734.351 364.0 
734.235 365.0 
734.932 366.0 
734.584 367.0 
734.003 368.0 
734.003 369.0 
734.351 370.0 
734.351 371.0 
734.816 372.0 
734.932 373.0 
735.164 374.0 
735.048 375.0 
738.529 376.0 
733.887 377.0 
734.119 378.0 
734.235 379.0 
734.235 380.0 
734.584 381.0 
735.86 382.0 
734.119 383.0 
734.235 384.0 
733.887 385.0 
734.932 386.0 
733.771 387.0 
734.003 388.0 
734.7 389.0 
734.584 390.0 
734.467 391.0 
734.235 392.0 
735.396 393.0 
734.003 394.0 
734.584 395.0 
735.396 396.0 
733.771 397.0 
734.7 398.0 
733.539 399.0 
733.887 400.0 
735.048 401.0 
734.932 402.0 
735.396 403.0 
734.235 404.0 
734.003 405.0 
733.423 406.0 
734.235 407.0 
734.003 408.0 
734.351 409.0 
733.771 410.0 
734.584 411.0 
734.584 412.0 
738.297 413.0 
734.7 414.0 
734.003 415.0 
734.584 416.0 
734.003 417.0 
734.932 418.0 
734.7 419.0 
733.771 420.0 
734.119 421.0 
734.467 422.0 
735.164 423.0 
733.887 424.0 
734.003 425.0 
734.467 426.0 
734.467 427.0 
734.003 428.0 
733.887 429.0 
733.771 430.0 
734.351 431.0 
734.467 432.0 
734.816 433.0 
733.655 434.0 
733.887 435.0 
734.119 436.0 
735.28 437.0 
734.119 438.0 
733.191 439.0 
734.235 440.0 
734.351 441.0 
733.887 442.0 
734.351 443.0 
733.655 444.0 
733.887 445.0 
733.771 446.0 
734.932 447.0 
734.7 448.0 
734.467 449.0 
736.788 450.0 
734.351 451.0 
734.003 452.0 
733.655 453.0 
733.771 454.0 
734.7 455.0 
734.467 456.0 
734.235 457.0 
734.003 458.0 
734.584 459.0 
734.7 460.0 
734.467 461.0 
734.119 462.0 
735.048 463.0 
734.351 464.0 
734.119 465.0 
734.7 466.0 
734.467 467.0 
733.307 468.0 
734.351 469.0 
734.119 470.0 
734.003 471.0 
734.119 472.0 
733.771 473.0 
734.235 474.0 
734.932 475.0 
734.467 476.0 
733.539 477.0 
734.351 478.0 
733.771 479.0 
734.351 480.0 
735.164 481.0 
734.351 482.0 
734.467 483.0 
733.655 484.0 
733.887 485.0 
733.191 486.0 
733.423 487.0 
734.119 488.0 
733.539 489.0 
734.003 490.0 
734.351 491.0 
733.539 492.0 
733.539 493.0 
734.351 494.0 
733.423 495.0 
732.959 496.0 
733.771 497.0 
733.887 498.0 
733.307 499.0 
732.959 500.0 
733.655 501.0 
734.119 502.0 
732.611 503.0 
732.263 504.0 
732.611 505.0 
732.959 506.0 
730.522 507.0 
736.092 508.0 
732.146 509.0 
732.03 510.0 
732.611 511.0 
732.611 512.0 
733.075 513.0 
733.307 514.0 
733.307 515.0 
733.307 516.0 
736.208 517.0 
731.682 518.0 
732.146 519.0 
731.914 520.0 
732.495 521.0 
732.379 522.0 
732.495 523.0 
732.03 524.0 
732.03 525.0 
732.03 526.0 
732.03 527.0 
731.334 528.0 
731.566 529.0 
731.334 530.0 
731.682 531.0 
732.959 532.0 
732.843 533.0 
732.727 534.0 
733.307 535.0 
732.611 536.0 
732.727 537.0 
732.03 538.0 
732.379 539.0 
732.146 540.0 
733.307 541.0 
732.495 542.0 
732.727 543.0 
732.146 544.0 
732.146 545.0 
731.798 546.0 
733.075 547.0 
732.843 548.0 
732.727 549.0 
731.914 550.0 
730.638 551.0 
732.843 552.0 
732.611 553.0 
732.146 554.0 
731.798 555.0 
733.191 556.0 
732.146 557.0 
732.146 558.0 
726.46 559.0 
732.843 560.0 
732.495 561.0 
731.682 562.0 
732.611 563.0 
731.682 564.0 
730.87 565.0 
732.495 566.0 
732.146 567.0 
731.334 568.0 
731.914 569.0 
731.798 570.0 
732.727 571.0 
732.03 572.0 
731.334 573.0 
732.379 574.0 
731.914 575.0 
735.164 576.0 
731.914 577.0 
732.03 578.0 
733.191 579.0 
732.263 580.0 
733.423 581.0 
732.495 582.0 
733.423 583.0 
732.495 584.0 
729.942 585.0 
732.843 586.0 
731.914 587.0 
732.843 588.0 
731.798 589.0 
732.959 590.0 
731.914 591.0 
732.611 592.0 
731.914 593.0 
733.191 594.0 
732.146 595.0 
732.495 596.0 
732.146 597.0 
732.379 598.0 
732.146 599.0 
732.495 600.0 
733.307 601.0 
732.495 602.0 
733.075 603.0 
732.379 604.0 
732.727 605.0 
731.914 606.0 
732.495 607.0 
731.914 608.0 
732.611 609.0 
733.075 610.0 
732.379 611.0 
732.843 612.0 
732.03 613.0 
733.075 614.0 
731.798 615.0 
732.03 616.0 
733.307 617.0 
731.45 618.0 
732.843 619.0 
729.593 620.0 
732.146 621.0 
732.843 622.0 
731.798 623.0 
732.146 624.0 
732.843 625.0 
731.798 626.0 
732.495 627.0 
733.191 628.0 
732.03 629.0 
732.379 630.0 
733.191 631.0 
731.914 632.0 
732.495 633.0 
735.976 634.0 
732.379 635.0 
733.191 636.0 
733.539 637.0 
732.03 638.0 
732.495 639.0 
733.423 640.0 
732.03 641.0 
732.263 642.0 
732.959 643.0 
731.45 644.0 
732.379 645.0 
732.379 646.0 
733.191 647.0 
731.914 648.0 
732.146 649.0 
733.075 650.0 
731.566 651.0 
731.566 652.0 
732.379 653.0 
732.843 654.0 
731.682 655.0 
732.03 656.0 
732.379 657.0 
733.307 658.0 
732.146 659.0 
732.379 660.0 
733.191 661.0 
732.843 662.0 
731.914 663.0 
732.263 664.0 
732.843 665.0 
733.191 666.0 
731.682 667.0 
731.914 668.0 
732.959 669.0 
733.191 670.0 
731.566 671.0 
731.682 672.0 
732.495 673.0 
732.959 674.0 
732.727 675.0 
731.914 676.0 
732.495 677.0 
732.495 678.0 
732.843 679.0 
733.191 680.0 
731.566 681.0 
732.03 682.0 
732.263 683.0 
732.611 684.0 
732.843 685.0 
733.539 686.0 
731.566 687.0 
732.263 688.0 
732.379 689.0 
732.727 690.0 
732.727 691.0 
733.075 692.0 
731.682 693.0 
732.146 694.0 
732.263 695.0 
732.611 696.0 
732.727 697.0 
733.075 698.0 
730.754 699.0 
731.798 700.0 
732.263 701.0 
732.263 702.0 
732.611 703.0 
732.611 704.0 
732.379 705.0 
733.191 706.0 
731.45 707.0 
731.682 708.0 
732.146 709.0 
732.03 710.0 
732.379 711.0 
732.611 712.0 
733.075 713.0 
733.307 714.0 
731.218 715.0 
732.03 716.0 
731.45 717.0 
732.263 718.0 
732.263 719.0 
732.611 720.0 
732.611 721.0 
732.959 722.0 
733.075 723.0 
733.075 724.0 
733.075 725.0 
731.798 726.0 
731.566 727.0 
731.798 728.0 
731.914 729.0 
732.263 730.0 
732.379 731.0 
732.146 732.0 
732.727 733.0 
732.959 734.0 
732.843 735.0 
732.959 736.0 
732.959 737.0 
733.075 738.0 
731.45 739.0 
731.566 740.0 
731.566 741.0 
732.03 742.0 
731.682 743.0 
731.682 744.0 
731.682 745.0 
732.03 746.0 
731.914 747.0 
732.146 748.0 
732.146 749.0 
731.798 750.0 
732.611 751.0 
732.146 752.0 
732.379 753.0 
732.611 754.0 
732.727 755.0 
732.379 756.0 
732.495 757.0 
732.263 758.0 
732.727 759.0 
732.611 760.0 
732.611 761.0 
732.727 762.0 
732.495 763.0 
732.611 764.0 
732.727 765.0 
732.379 766.0 
732.495 767.0 
732.727 768.0 
732.379 769.0 
732.843 770.0 
732.727 771.0 
732.495 772.0 
732.611 773.0 
732.843 774.0 
732.727 775.0 
732.727 776.0 
732.611 777.0 
732.843 778.0 
732.727 779.0 
732.495 780.0 
732.727 781.0 
732.727 782.0 
732.263 783.0 
732.146 784.0 
732.495 785.0 
732.611 786.0 
732.495 787.0 
732.495 788.0 
732.611 789.0 
732.727 790.0 
732.379 791.0 
732.379 792.0 
732.611 793.0 
732.727 794.0 
732.727 795.0 
732.263 796.0 
732.379 797.0 
732.611 798.0 
732.263 799.0 
732.495 800.0 
732.379 801.0 
732.379 802.0 
732.146 803.0 
732.146 804.0 
0.085 805.0 
0.115 806.0 
0.122 807.0 
0.119 808.0 
0.114 809.0 
0.111 810.0 
0.109 811.0 
0.101 812.0 
0.079 813.0 
0.062 814.0 
0.035 815.0 
0.02 816.0 
-0.007 817.0 
-0.018 818.0 
-0.035 819.0 
-0.058 820.0 
-0.071 821.0 
-0.096 822.0 
-0.105 823.0 
-0.125 824.0 
-0.137 825.0 
-0.138 826.0 
-0.145 827.0 
-0.155 828.0 
-0.158 829.0 
