-0.017 257.0 
-0.036 258.0 
-0.079 259.0 
-0.046 260.0 
-0.041 261.0 
-0.028 262.0 
-0.046 263.0 
-0.05 264.0 
-0.036 265.0 
-0.049 266.0 
-0.03 267.0 
-0.037 268.0 
-0.04 269.0 
-0.049 270.0 
-0.037 271.0 
-0.017 272.0 
-0.034 273.0 
-0.036 274.0 
145.843 275.0 
142.561 276.0 
141.405 277.0 
139.758 278.0 
137.925 279.0 
135.624 280.0 
133.802 281.0 
131.559 282.0 
128.184 283.0 
126.584 284.0 
126.198 285.0 
125.93 286.0 
125.743 287.0 
125.579 288.0 
125.24 289.0 
124.598 290.0 
124.435 291.0 
124.178 292.0 
123.956 293.0 
123.64 294.0 
123.29 295.0 
123.091 296.0 
123.01 297.0 
122.496 298.0 
122.297 299.0 
122.157 300.0 
121.62 301.0 
121.503 302.0 
120.966 303.0 
120.861 304.0 
120.907 305.0 
120.09 306.0 
118.945 307.0 
116.831 308.0 
114.203 309.0 
110.571 310.0 
107.032 311.0 
102.897 312.0 
98.833 313.0 
94.313 314.0 
90.143 315.0 
85.845 316.0 
82.003 317.0 
79.001 318.0 
78.814 319.0 
78.58 320.0 
78.429 321.0 
78.417 322.0 
78.312 323.0 
78.347 324.0 
78.323 325.0 
78.218 326.0 
78.335 327.0 
78.265 328.0 
78.44 329.0 
78.335 330.0 
78.312 331.0 
78.604 332.0 
78.335 333.0 
78.253 334.0 
78.277 335.0 
78.382 336.0 
78.394 337.0 
78.265 338.0 
78.405 339.0 
78.335 340.0 
78.3 341.0 
78.3 342.0 
77.856 343.0 
78.277 344.0 
78.288 345.0 
78.253 346.0 
78.242 347.0 
78.218 348.0 
78.288 349.0 
78.288 350.0 
78.277 351.0 
78.323 352.0 
78.277 353.0 
78.218 354.0 
78.347 355.0 
78.277 356.0 
78.394 357.0 
78.3 358.0 
78.382 359.0 
78.277 360.0 
78.335 361.0 
78.288 362.0 
78.277 363.0 
78.242 364.0 
78.265 365.0 
78.3 366.0 
78.288 367.0 
78.253 368.0 
78.253 369.0 
78.347 370.0 
78.335 371.0 
78.335 372.0 
78.312 373.0 
78.359 374.0 
78.37 375.0 
78.639 376.0 
78.242 377.0 
78.312 378.0 
78.312 379.0 
78.3 380.0 
78.265 381.0 
78.382 382.0 
78.3 383.0 
78.312 384.0 
78.265 385.0 
78.359 386.0 
78.23 387.0 
78.218 388.0 
78.277 389.0 
78.312 390.0 
78.312 391.0 
78.242 392.0 
78.347 393.0 
78.23 394.0 
78.288 395.0 
78.382 396.0 
78.253 397.0 
78.347 398.0 
78.195 399.0 
78.23 400.0 
78.347 401.0 
78.288 402.0 
78.417 403.0 
78.323 404.0 
78.265 405.0 
78.218 406.0 
78.3 407.0 
78.288 408.0 
78.265 409.0 
78.218 410.0 
78.288 411.0 
78.323 412.0 
78.674 413.0 
78.347 414.0 
78.253 415.0 
78.312 416.0 
78.242 417.0 
78.394 418.0 
78.312 419.0 
78.207 420.0 
78.253 421.0 
78.288 422.0 
78.347 423.0 
78.253 424.0 
78.242 425.0 
78.312 426.0 
78.323 427.0 
78.242 428.0 
78.242 429.0 
78.207 430.0 
78.323 431.0 
78.347 432.0 
78.37 433.0 
78.195 434.0 
78.253 435.0 
78.242 436.0 
78.335 437.0 
78.253 438.0 
78.218 439.0 
78.218 440.0 
78.242 441.0 
78.218 442.0 
78.23 443.0 
78.242 444.0 
78.253 445.0 
78.218 446.0 
78.335 447.0 
78.288 448.0 
78.3 449.0 
78.674 450.0 
78.253 451.0 
78.23 452.0 
78.218 453.0 
78.207 454.0 
78.323 455.0 
78.078 456.0 
78.242 457.0 
78.23 458.0 
78.323 459.0 
78.347 460.0 
78.265 461.0 
78.265 462.0 
78.335 463.0 
78.288 464.0 
78.277 465.0 
78.347 466.0 
78.265 467.0 
78.207 468.0 
78.312 469.0 
78.242 470.0 
78.23 471.0 
78.265 472.0 
78.37 473.0 
78.265 474.0 
78.359 475.0 
78.265 476.0 
78.23 477.0 
78.265 478.0 
78.195 479.0 
78.23 480.0 
78.347 481.0 
78.265 482.0 
78.312 483.0 
78.23 484.0 
78.312 485.0 
78.253 486.0 
78.218 487.0 
78.3 488.0 
78.218 489.0 
78.277 490.0 
78.312 491.0 
78.288 492.0 
78.288 493.0 
78.288 494.0 
78.218 495.0 
78.195 496.0 
78.312 497.0 
78.37 498.0 
78.218 499.0 
78.207 500.0 
78.277 501.0 
78.288 502.0 
78.207 503.0 
78.183 504.0 
78.23 505.0 
78.253 506.0 
78.183 507.0 
78.37 508.0 
78.183 509.0 
78.218 510.0 
78.23 511.0 
78.265 512.0 
78.242 513.0 
78.288 514.0 
78.3 515.0 
78.3 516.0 
78.662 517.0 
78.125 518.0 
78.148 519.0 
78.137 520.0 
78.172 521.0 
78.148 522.0 
78.172 523.0 
78.137 524.0 
78.148 525.0 
78.16 526.0 
78.113 527.0 
78.043 528.0 
78.067 529.0 
78.067 530.0 
78.067 531.0 
78.207 532.0 
78.137 533.0 
78.102 534.0 
78.09 535.0 
78.067 536.0 
78.055 537.0 
78.02 538.0 
77.915 539.0 
77.88 540.0 
78.02 541.0 
77.938 542.0 
77.903 543.0 
77.88 544.0 
77.833 545.0 
77.798 546.0 
77.891 547.0 
77.845 548.0 
77.786 549.0 
77.763 550.0 
77.693 551.0 
77.81 552.0 
77.739 553.0 
77.704 554.0 
77.669 555.0 
77.786 556.0 
77.786 557.0 
77.704 558.0 
77.307 559.0 
77.751 560.0 
77.716 561.0 
77.669 562.0 
77.763 563.0 
77.704 564.0 
77.588 565.0 
77.751 566.0 
77.81 567.0 
77.646 568.0 
77.763 569.0 
77.704 570.0 
77.821 571.0 
77.751 572.0 
77.693 573.0 
77.669 574.0 
77.716 575.0 
77.821 576.0 
77.728 577.0 
77.739 578.0 
77.856 579.0 
77.739 580.0 
77.775 581.0 
77.739 582.0 
77.821 583.0 
77.763 584.0 
77.88 585.0 
77.81 586.0 
77.716 587.0 
77.798 588.0 
77.681 589.0 
77.786 590.0 
77.716 591.0 
77.775 592.0 
77.716 593.0 
77.704 594.0 
77.716 595.0 
77.81 596.0 
77.739 597.0 
77.821 598.0 
77.716 599.0 
77.763 600.0 
77.845 601.0 
77.739 602.0 
77.81 603.0 
77.751 604.0 
77.798 605.0 
77.751 606.0 
77.786 607.0 
77.669 608.0 
77.751 609.0 
77.821 610.0 
77.751 611.0 
77.833 612.0 
77.693 613.0 
77.786 614.0 
77.681 615.0 
77.763 616.0 
77.821 617.0 
77.728 618.0 
77.763 619.0 
77.319 620.0 
77.728 621.0 
77.775 622.0 
77.704 623.0 
77.739 624.0 
77.833 625.0 
77.693 626.0 
77.775 627.0 
77.821 628.0 
77.704 629.0 
77.786 630.0 
77.88 631.0 
77.681 632.0 
77.751 633.0 
77.88 634.0 
77.716 635.0 
77.798 636.0 
77.81 637.0 
77.716 638.0 
77.763 639.0 
77.786 640.0 
77.693 641.0 
77.751 642.0 
77.775 643.0 
77.704 644.0 
77.728 645.0 
77.763 646.0 
77.798 647.0 
77.716 648.0 
77.751 649.0 
77.821 650.0 
77.669 651.0 
77.739 652.0 
77.786 653.0 
77.81 654.0 
77.634 655.0 
77.739 656.0 
77.751 657.0 
77.786 658.0 
77.716 659.0 
77.739 660.0 
77.786 661.0 
77.833 662.0 
77.681 663.0 
77.716 664.0 
77.775 665.0 
77.845 666.0 
77.681 667.0 
77.739 668.0 
77.739 669.0 
77.786 670.0 
77.658 671.0 
77.716 672.0 
77.763 673.0 
77.798 674.0 
77.798 675.0 
77.704 676.0 
77.739 677.0 
77.786 678.0 
77.739 679.0 
77.845 680.0 
77.681 681.0 
77.681 682.0 
77.751 683.0 
77.775 684.0 
77.798 685.0 
77.833 686.0 
77.693 687.0 
77.693 688.0 
77.739 689.0 
77.763 690.0 
77.845 691.0 
77.868 692.0 
77.681 693.0 
77.739 694.0 
77.739 695.0 
77.775 696.0 
77.775 697.0 
77.751 698.0 
77.448 699.0 
77.646 700.0 
77.693 701.0 
77.739 702.0 
77.739 703.0 
77.716 704.0 
77.798 705.0 
77.821 706.0 
77.681 707.0 
77.646 708.0 
77.728 709.0 
77.751 710.0 
77.763 711.0 
77.81 712.0 
77.833 713.0 
77.833 714.0 
77.856 715.0 
77.669 716.0 
77.704 717.0 
77.728 718.0 
77.704 719.0 
77.728 720.0 
77.739 721.0 
77.81 722.0 
77.786 723.0 
77.798 724.0 
77.856 725.0 
77.646 726.0 
77.669 727.0 
77.681 728.0 
77.716 729.0 
77.704 730.0 
77.786 731.0 
77.739 732.0 
77.763 733.0 
77.81 734.0 
77.786 735.0 
77.798 736.0 
77.845 737.0 
77.833 738.0 
77.179 739.0 
77.669 740.0 
77.634 741.0 
77.646 742.0 
77.658 743.0 
77.704 744.0 
77.669 745.0 
77.681 746.0 
77.728 747.0 
77.646 748.0 
77.716 749.0 
77.704 750.0 
77.704 751.0 
77.739 752.0 
77.716 753.0 
77.739 754.0 
77.739 755.0 
77.739 756.0 
77.763 757.0 
77.775 758.0 
77.739 759.0 
77.739 760.0 
77.775 761.0 
77.739 762.0 
77.739 763.0 
77.751 764.0 
77.763 765.0 
77.763 766.0 
77.751 767.0 
77.739 768.0 
77.751 769.0 
77.751 770.0 
77.751 771.0 
77.775 772.0 
77.775 773.0 
77.763 774.0 
77.763 775.0 
77.775 776.0 
77.763 777.0 
77.775 778.0 
77.775 779.0 
77.739 780.0 
77.739 781.0 
77.739 782.0 
77.751 783.0 
77.739 784.0 
77.751 785.0 
77.751 786.0 
77.739 787.0 
77.728 788.0 
77.786 789.0 
77.763 790.0 
77.763 791.0 
77.751 792.0 
77.786 793.0 
77.763 794.0 
77.763 795.0 
77.763 796.0 
77.786 797.0 
77.775 798.0 
77.775 799.0 
77.751 800.0 
77.763 801.0 
77.739 802.0 
77.798 803.0 
77.763 804.0 
0.006 805.0 
0.002 806.0 
0.001 807.0 
-0.002 808.0 
-0.011 809.0 
-0.013 810.0 
-0.016 811.0 
-0.018 812.0 
-0.03 813.0 
-0.036 814.0 
-0.05 815.0 
-0.05 816.0 
-0.059 817.0 
-0.05 818.0 
-0.058 819.0 
-0.068 820.0 
-0.061 821.0 
-0.064 822.0 
-0.068 823.0 
-0.061 824.0 
-0.064 825.0 
-0.059 826.0 
-0.053 827.0 
-0.046 828.0 
-0.044 829.0 
