-0.031 257.0 
-0.046 258.0 
-0.029 259.0 
-0.04 260.0 
-0.03 261.0 
-0.028 262.0 
-0.044 263.0 
-0.043 264.0 
-0.03 265.0 
-0.179 266.0 
-0.044 267.0 
-0.04 268.0 
-0.037 269.0 
-0.031 270.0 
-0.034 271.0 
-0.049 272.0 
-0.056 273.0 
-0.019 274.0 
142.118 275.0 
139.56 276.0 
138.602 277.0 
137.107 278.0 
135.507 279.0 
133.475 280.0 
131.863 281.0 
129.585 282.0 
126.373 283.0 
125.24 284.0 
124.902 285.0 
124.61 286.0 
124.446 287.0 
124.166 288.0 
123.921 289.0 
123.267 290.0 
123.232 291.0 
123.01 292.0 
122.788 293.0 
122.367 294.0 
122.192 295.0 
122.099 296.0 
122.017 297.0 
121.561 298.0 
121.386 299.0 
121.176 300.0 
120.814 301.0 
120.767 302.0 
120.253 303.0 
120.136 304.0 
120.09 305.0 
119.459 306.0 
118.338 307.0 
116.13 308.0 
113.526 309.0 
109.987 310.0 
106.541 311.0 
102.582 312.0 
98.307 313.0 
93.927 314.0 
89.863 315.0 
85.822 316.0 
82.014 317.0 
78.849 318.0 
78.721 319.0 
78.475 320.0 
78.347 321.0 
78.347 322.0 
78.242 323.0 
78.323 324.0 
78.312 325.0 
78.207 326.0 
78.277 327.0 
78.195 328.0 
78.417 329.0 
78.323 330.0 
78.218 331.0 
78.359 332.0 
78.277 333.0 
78.218 334.0 
78.148 335.0 
78.265 336.0 
78.277 337.0 
78.172 338.0 
78.686 339.0 
78.23 340.0 
78.242 341.0 
78.172 342.0 
78.265 343.0 
78.265 344.0 
78.207 345.0 
78.195 346.0 
78.16 347.0 
78.195 348.0 
78.288 349.0 
78.253 350.0 
78.23 351.0 
78.253 352.0 
78.207 353.0 
78.172 354.0 
78.125 355.0 
78.242 356.0 
78.288 357.0 
78.207 358.0 
78.323 359.0 
78.23 360.0 
78.277 361.0 
78.207 362.0 
78.253 363.0 
78.172 364.0 
78.195 365.0 
78.207 366.0 
78.277 367.0 
78.195 368.0 
78.218 369.0 
78.218 370.0 
78.265 371.0 
78.277 372.0 
78.253 373.0 
78.288 374.0 
78.288 375.0 
78.452 376.0 
78.148 377.0 
78.207 378.0 
78.195 379.0 
78.195 380.0 
78.195 381.0 
78.125 382.0 
78.195 383.0 
78.183 384.0 
78.207 385.0 
78.277 386.0 
78.16 387.0 
78.16 388.0 
78.242 389.0 
78.253 390.0 
78.218 391.0 
78.207 392.0 
78.277 393.0 
78.16 394.0 
78.23 395.0 
78.3 396.0 
78.183 397.0 
78.242 398.0 
78.172 399.0 
78.172 400.0 
78.277 401.0 
78.277 402.0 
78.323 403.0 
78.253 404.0 
78.195 405.0 
78.148 406.0 
78.242 407.0 
78.16 408.0 
78.207 409.0 
78.148 410.0 
78.253 411.0 
78.253 412.0 
78.744 413.0 
78.253 414.0 
78.148 415.0 
78.253 416.0 
78.148 417.0 
78.312 418.0 
78.242 419.0 
78.148 420.0 
78.195 421.0 
78.218 422.0 
78.288 423.0 
78.207 424.0 
78.207 425.0 
78.253 426.0 
78.277 427.0 
78.183 428.0 
78.218 429.0 
78.183 430.0 
78.265 431.0 
78.253 432.0 
78.265 433.0 
78.148 434.0 
78.172 435.0 
78.183 436.0 
78.23 437.0 
78.148 438.0 
78.137 439.0 
78.195 440.0 
78.183 441.0 
78.16 442.0 
78.195 443.0 
78.207 444.0 
78.183 445.0 
78.172 446.0 
78.265 447.0 
78.288 448.0 
78.265 449.0 
78.3 450.0 
78.242 451.0 
78.207 452.0 
78.183 453.0 
78.16 454.0 
78.242 455.0 
77.996 456.0 
78.183 457.0 
78.148 458.0 
78.265 459.0 
78.288 460.0 
78.195 461.0 
78.16 462.0 
78.277 463.0 
78.265 464.0 
78.218 465.0 
78.242 466.0 
78.23 467.0 
78.125 468.0 
78.242 469.0 
78.218 470.0 
78.183 471.0 
78.23 472.0 
78.078 473.0 
78.218 474.0 
78.288 475.0 
78.23 476.0 
78.137 477.0 
78.195 478.0 
78.148 479.0 
78.207 480.0 
78.3 481.0 
78.218 482.0 
78.277 483.0 
78.172 484.0 
78.23 485.0 
78.16 486.0 
78.207 487.0 
78.253 488.0 
78.183 489.0 
78.23 490.0 
78.253 491.0 
78.195 492.0 
78.16 493.0 
78.23 494.0 
78.148 495.0 
78.09 496.0 
78.207 497.0 
78.23 498.0 
78.125 499.0 
78.16 500.0 
78.207 501.0 
78.23 502.0 
78.102 503.0 
78.148 504.0 
78.172 505.0 
78.172 506.0 
78.16 507.0 
78.288 508.0 
78.137 509.0 
78.148 510.0 
78.148 511.0 
78.183 512.0 
78.172 513.0 
78.207 514.0 
78.195 515.0 
78.195 516.0 
78.499 517.0 
78.008 518.0 
78.067 519.0 
78.09 520.0 
78.067 521.0 
78.102 522.0 
78.067 523.0 
78.137 524.0 
78.078 525.0 
78.067 526.0 
78.09 527.0 
77.961 528.0 
78.02 529.0 
77.996 530.0 
77.996 531.0 
78.16 532.0 
78.09 533.0 
78.055 534.0 
78.02 535.0 
77.961 536.0 
77.973 537.0 
77.868 538.0 
77.81 539.0 
77.798 540.0 
77.915 541.0 
77.786 542.0 
77.798 543.0 
77.775 544.0 
77.751 545.0 
77.681 546.0 
77.798 547.0 
77.728 548.0 
77.716 549.0 
77.693 550.0 
77.611 551.0 
77.704 552.0 
77.658 553.0 
77.599 554.0 
77.611 555.0 
77.693 556.0 
77.623 557.0 
77.611 558.0 
77.144 559.0 
77.669 560.0 
77.634 561.0 
77.518 562.0 
77.681 563.0 
77.623 564.0 
77.518 565.0 
77.693 566.0 
77.751 567.0 
77.564 568.0 
77.634 569.0 
77.576 570.0 
77.681 571.0 
77.623 572.0 
77.599 573.0 
77.611 574.0 
77.588 575.0 
77.704 576.0 
77.634 577.0 
77.599 578.0 
77.681 579.0 
77.634 580.0 
77.704 581.0 
77.646 582.0 
77.704 583.0 
77.681 584.0 
77.459 585.0 
77.704 586.0 
77.623 587.0 
77.716 588.0 
77.599 589.0 
77.716 590.0 
77.611 591.0 
77.716 592.0 
77.599 593.0 
77.634 594.0 
77.634 595.0 
77.716 596.0 
77.599 597.0 
77.681 598.0 
77.564 599.0 
77.658 600.0 
77.739 601.0 
77.646 602.0 
77.739 603.0 
77.634 604.0 
77.716 605.0 
77.576 606.0 
77.681 607.0 
77.576 608.0 
77.646 609.0 
77.751 610.0 
77.658 611.0 
77.716 612.0 
77.623 613.0 
77.693 614.0 
77.599 615.0 
77.658 616.0 
77.716 617.0 
77.529 618.0 
77.669 619.0 
77.284 620.0 
77.634 621.0 
77.669 622.0 
77.588 623.0 
77.599 624.0 
77.728 625.0 
77.611 626.0 
77.681 627.0 
77.739 628.0 
77.588 629.0 
77.681 630.0 
77.751 631.0 
77.588 632.0 
77.704 633.0 
77.938 634.0 
77.623 635.0 
77.693 636.0 
77.693 637.0 
77.611 638.0 
77.669 639.0 
77.704 640.0 
77.588 641.0 
77.634 642.0 
77.704 643.0 
77.576 644.0 
77.646 645.0 
77.681 646.0 
77.739 647.0 
77.588 648.0 
77.623 649.0 
77.704 650.0 
77.564 651.0 
77.611 652.0 
77.693 653.0 
77.693 654.0 
77.553 655.0 
77.611 656.0 
77.634 657.0 
77.669 658.0 
77.576 659.0 
77.669 660.0 
77.681 661.0 
77.716 662.0 
77.588 663.0 
77.634 664.0 
77.693 665.0 
77.739 666.0 
77.588 667.0 
77.599 668.0 
77.681 669.0 
77.728 670.0 
77.588 671.0 
77.634 672.0 
77.658 673.0 
77.669 674.0 
77.739 675.0 
77.599 676.0 
77.646 677.0 
77.646 678.0 
77.658 679.0 
77.739 680.0 
77.564 681.0 
77.611 682.0 
77.634 683.0 
77.704 684.0 
77.704 685.0 
77.763 686.0 
77.623 687.0 
77.623 688.0 
77.634 689.0 
77.716 690.0 
77.728 691.0 
77.739 692.0 
77.588 693.0 
77.599 694.0 
77.623 695.0 
77.658 696.0 
77.728 697.0 
77.693 698.0 
77.471 699.0 
77.588 700.0 
77.576 701.0 
77.623 702.0 
77.646 703.0 
77.693 704.0 
77.704 705.0 
77.751 706.0 
77.553 707.0 
77.564 708.0 
77.623 709.0 
77.634 710.0 
77.669 711.0 
77.658 712.0 
77.704 713.0 
77.704 714.0 
77.739 715.0 
77.553 716.0 
77.611 717.0 
77.588 718.0 
77.611 719.0 
77.646 720.0 
77.646 721.0 
77.658 722.0 
77.681 723.0 
77.739 724.0 
77.751 725.0 
77.576 726.0 
77.564 727.0 
77.576 728.0 
77.646 729.0 
77.623 730.0 
77.658 731.0 
77.658 732.0 
77.681 733.0 
77.669 734.0 
77.716 735.0 
77.693 736.0 
77.704 737.0 
77.728 738.0 
77.412 739.0 
77.518 740.0 
77.529 741.0 
77.564 742.0 
77.576 743.0 
77.588 744.0 
77.611 745.0 
77.634 746.0 
77.634 747.0 
77.599 748.0 
77.599 749.0 
77.611 750.0 
77.646 751.0 
77.634 752.0 
77.634 753.0 
77.611 754.0 
77.634 755.0 
77.634 756.0 
77.646 757.0 
77.634 758.0 
77.634 759.0 
77.646 760.0 
77.646 761.0 
77.669 762.0 
77.658 763.0 
77.646 764.0 
77.646 765.0 
77.693 766.0 
77.681 767.0 
77.669 768.0 
77.658 769.0 
77.693 770.0 
77.669 771.0 
77.728 772.0 
77.646 773.0 
77.669 774.0 
77.658 775.0 
77.693 776.0 
77.681 777.0 
77.646 778.0 
77.669 779.0 
77.658 780.0 
77.658 781.0 
77.634 782.0 
77.681 783.0 
77.681 784.0 
77.634 785.0 
77.681 786.0 
77.646 787.0 
77.658 788.0 
77.646 789.0 
77.646 790.0 
77.704 791.0 
77.669 792.0 
77.658 793.0 
77.623 794.0 
77.658 795.0 
77.669 796.0 
77.669 797.0 
77.658 798.0 
77.646 799.0 
77.658 800.0 
77.658 801.0 
77.658 802.0 
77.646 803.0 
77.658 804.0 
0.002 805.0 
0.005 806.0 
0.004 807.0 
0.0 808.0 
0.004 809.0 
0.0 810.0 
-0.005 811.0 
-0.01 812.0 
-0.012 813.0 
-0.022 814.0 
-0.02 815.0 
-0.024 816.0 
-0.023 817.0 
-0.024 818.0 
-0.031 819.0 
-0.025 820.0 
-0.025 821.0 
-0.02 822.0 
-0.018 823.0 
-0.01 824.0 
-0.023 825.0 
-0.017 826.0 
-0.016 827.0 
-0.01 828.0 
-0.004 829.0 
