-0.035 257.0 
-0.028 258.0 
-0.048 259.0 
-0.068 260.0 
-0.05 261.0 
-0.043 262.0 
-0.029 263.0 
-0.01 264.0 
-0.042 265.0 
-0.028 266.0 
-0.038 267.0 
-0.029 268.0 
-0.025 269.0 
-0.016 270.0 
-0.042 271.0 
-0.024 272.0 
-0.032 273.0 
-0.026 274.0 
141.732 275.0 
138.555 276.0 
137.481 277.0 
136.021 278.0 
134.327 279.0 
132.248 280.0 
130.38 281.0 
127.985 282.0 
124.248 283.0 
122.87 284.0 
122.391 285.0 
122.005 286.0 
121.807 287.0 
121.503 288.0 
121.304 289.0 
120.627 290.0 
120.487 291.0 
120.23 292.0 
120.066 293.0 
119.973 294.0 
119.529 295.0 
119.377 296.0 
119.296 297.0 
118.817 298.0 
118.665 299.0 
118.595 300.0 
118.069 301.0 
118.022 302.0 
117.555 303.0 
117.52 304.0 
117.403 305.0 
116.819 306.0 
115.663 307.0 
113.713 308.0 
111.575 309.0 
108.527 310.0 
105.525 311.0 
101.975 312.0 
98.424 313.0 
94.465 314.0 
90.494 315.0 
86.347 316.0 
82.528 317.0 
79.106 318.0 
78.814 319.0 
78.51 320.0 
78.359 321.0 
78.3 322.0 
78.16 323.0 
78.183 324.0 
78.09 325.0 
78.031 326.0 
78.067 327.0 
78.02 328.0 
78.172 329.0 
78.125 330.0 
78.02 331.0 
78.359 332.0 
78.125 333.0 
78.031 334.0 
78.008 335.0 
78.125 336.0 
78.102 337.0 
78.02 338.0 
78.253 339.0 
78.09 340.0 
78.078 341.0 
78.055 342.0 
78.125 343.0 
78.043 344.0 
78.09 345.0 
77.985 346.0 
78.008 347.0 
78.043 348.0 
78.09 349.0 
78.078 350.0 
78.02 351.0 
78.102 352.0 
78.031 353.0 
78.031 354.0 
78.031 355.0 
78.067 356.0 
78.09 357.0 
78.078 358.0 
78.148 359.0 
78.09 360.0 
78.125 361.0 
78.031 362.0 
78.078 363.0 
78.043 364.0 
78.043 365.0 
78.067 366.0 
78.09 367.0 
78.043 368.0 
78.078 369.0 
78.067 370.0 
78.055 371.0 
78.078 372.0 
78.09 373.0 
78.102 374.0 
78.125 375.0 
78.382 376.0 
77.973 377.0 
78.043 378.0 
78.031 379.0 
78.043 380.0 
78.055 381.0 
78.172 382.0 
78.043 383.0 
78.067 384.0 
78.031 385.0 
78.113 386.0 
77.996 387.0 
78.008 388.0 
78.113 389.0 
78.113 390.0 
78.02 391.0 
78.043 392.0 
78.102 393.0 
77.973 394.0 
78.055 395.0 
78.125 396.0 
77.996 397.0 
78.067 398.0 
77.938 399.0 
77.996 400.0 
78.148 401.0 
78.055 402.0 
78.137 403.0 
78.09 404.0 
78.031 405.0 
78.008 406.0 
78.043 407.0 
78.008 408.0 
78.078 409.0 
77.996 410.0 
78.031 411.0 
78.113 412.0 
78.394 413.0 
78.09 414.0 
78.02 415.0 
78.102 416.0 
77.996 417.0 
78.102 418.0 
78.09 419.0 
78.043 420.0 
78.078 421.0 
78.043 422.0 
78.125 423.0 
78.008 424.0 
78.008 425.0 
78.055 426.0 
78.102 427.0 
78.055 428.0 
78.043 429.0 
77.996 430.0 
78.055 431.0 
78.09 432.0 
78.102 433.0 
77.973 434.0 
78.031 435.0 
78.008 436.0 
78.113 437.0 
77.973 438.0 
77.996 439.0 
78.031 440.0 
78.031 441.0 
78.031 442.0 
78.031 443.0 
78.008 444.0 
77.996 445.0 
77.996 446.0 
78.09 447.0 
78.09 448.0 
78.055 449.0 
78.347 450.0 
77.996 451.0 
77.996 452.0 
77.985 453.0 
77.938 454.0 
78.09 455.0 
77.915 456.0 
77.985 457.0 
78.008 458.0 
78.055 459.0 
78.113 460.0 
78.067 461.0 
78.008 462.0 
78.125 463.0 
78.067 464.0 
78.055 465.0 
78.148 466.0 
78.031 467.0 
78.008 468.0 
78.078 469.0 
78.02 470.0 
77.996 471.0 
78.067 472.0 
77.961 473.0 
78.067 474.0 
78.125 475.0 
78.055 476.0 
77.996 477.0 
78.043 478.0 
77.961 479.0 
78.055 480.0 
78.113 481.0 
78.043 482.0 
78.125 483.0 
78.031 484.0 
78.078 485.0 
77.973 486.0 
78.008 487.0 
78.09 488.0 
77.996 489.0 
78.02 490.0 
78.055 491.0 
78.031 492.0 
77.996 493.0 
78.055 494.0 
77.996 495.0 
77.985 496.0 
78.02 497.0 
78.055 498.0 
77.926 499.0 
77.961 500.0 
78.055 501.0 
78.055 502.0 
77.926 503.0 
77.961 504.0 
77.985 505.0 
78.008 506.0 
77.95 507.0 
78.09 508.0 
77.903 509.0 
77.95 510.0 
78.008 511.0 
77.996 512.0 
78.02 513.0 
78.043 514.0 
78.043 515.0 
78.067 516.0 
78.3 517.0 
77.833 518.0 
77.903 519.0 
77.903 520.0 
77.926 521.0 
77.926 522.0 
77.926 523.0 
77.915 524.0 
77.938 525.0 
77.926 526.0 
77.95 527.0 
77.868 528.0 
77.88 529.0 
77.856 530.0 
77.833 531.0 
78.008 532.0 
77.95 533.0 
77.926 534.0 
77.903 535.0 
77.88 536.0 
77.821 537.0 
77.728 538.0 
77.739 539.0 
77.728 540.0 
77.856 541.0 
77.728 542.0 
77.739 543.0 
77.693 544.0 
77.669 545.0 
77.623 546.0 
77.739 547.0 
77.669 548.0 
77.634 549.0 
77.553 550.0 
77.483 551.0 
77.634 552.0 
77.576 553.0 
77.529 554.0 
77.483 555.0 
77.623 556.0 
77.553 557.0 
77.553 558.0 
77.167 559.0 
77.599 560.0 
77.541 561.0 
77.471 562.0 
77.623 563.0 
77.518 564.0 
77.471 565.0 
77.599 566.0 
77.588 567.0 
77.506 568.0 
77.588 569.0 
77.518 570.0 
77.599 571.0 
77.541 572.0 
77.494 573.0 
77.553 574.0 
77.529 575.0 
77.646 576.0 
77.564 577.0 
77.564 578.0 
77.623 579.0 
77.576 580.0 
77.681 581.0 
77.576 582.0 
77.611 583.0 
77.599 584.0 
77.716 585.0 
77.599 586.0 
77.553 587.0 
77.611 588.0 
77.541 589.0 
77.634 590.0 
77.518 591.0 
77.599 592.0 
77.553 593.0 
77.576 594.0 
77.553 595.0 
77.599 596.0 
77.494 597.0 
77.611 598.0 
77.541 599.0 
77.576 600.0 
77.681 601.0 
77.564 602.0 
77.693 603.0 
77.541 604.0 
77.646 605.0 
77.541 606.0 
77.611 607.0 
77.553 608.0 
77.599 609.0 
77.669 610.0 
77.553 611.0 
77.634 612.0 
77.494 613.0 
77.611 614.0 
77.506 615.0 
77.576 616.0 
77.646 617.0 
77.529 618.0 
77.588 619.0 
77.331 620.0 
77.553 621.0 
77.611 622.0 
77.529 623.0 
77.588 624.0 
77.669 625.0 
77.518 626.0 
77.588 627.0 
77.669 628.0 
77.541 629.0 
77.588 630.0 
77.634 631.0 
77.494 632.0 
77.623 633.0 
77.681 634.0 
77.529 635.0 
77.576 636.0 
77.646 637.0 
77.529 638.0 
77.553 639.0 
77.634 640.0 
77.529 641.0 
77.576 642.0 
77.646 643.0 
77.506 644.0 
77.553 645.0 
77.599 646.0 
77.669 647.0 
77.529 648.0 
77.576 649.0 
77.634 650.0 
77.483 651.0 
77.529 652.0 
77.564 653.0 
77.658 654.0 
77.494 655.0 
77.541 656.0 
77.553 657.0 
77.646 658.0 
77.553 659.0 
77.611 660.0 
77.658 661.0 
77.623 662.0 
77.529 663.0 
77.588 664.0 
77.623 665.0 
77.669 666.0 
77.541 667.0 
77.611 668.0 
77.623 669.0 
77.658 670.0 
77.483 671.0 
77.541 672.0 
77.564 673.0 
77.599 674.0 
77.599 675.0 
77.506 676.0 
77.506 677.0 
77.576 678.0 
77.576 679.0 
77.658 680.0 
77.483 681.0 
77.518 682.0 
77.541 683.0 
77.611 684.0 
77.646 685.0 
77.669 686.0 
77.541 687.0 
77.588 688.0 
77.564 689.0 
77.588 690.0 
77.599 691.0 
77.646 692.0 
77.471 693.0 
77.564 694.0 
77.553 695.0 
77.588 696.0 
77.564 697.0 
77.623 698.0 
77.424 699.0 
77.494 700.0 
77.529 701.0 
77.576 702.0 
77.599 703.0 
77.588 704.0 
77.588 705.0 
77.646 706.0 
77.483 707.0 
77.541 708.0 
77.541 709.0 
77.576 710.0 
77.588 711.0 
77.599 712.0 
77.623 713.0 
77.658 714.0 
77.623 715.0 
77.494 716.0 
77.506 717.0 
77.541 718.0 
77.541 719.0 
77.588 720.0 
77.611 721.0 
77.623 722.0 
77.634 723.0 
77.634 724.0 
77.646 725.0 
77.483 726.0 
77.518 727.0 
77.541 728.0 
77.541 729.0 
77.541 730.0 
77.564 731.0 
77.576 732.0 
77.588 733.0 
77.611 734.0 
77.599 735.0 
77.623 736.0 
77.634 737.0 
77.634 738.0 
77.448 739.0 
77.459 740.0 
77.506 741.0 
77.518 742.0 
77.506 743.0 
77.506 744.0 
77.506 745.0 
77.518 746.0 
77.553 747.0 
77.541 748.0 
77.541 749.0 
77.529 750.0 
77.541 751.0 
77.553 752.0 
77.564 753.0 
77.576 754.0 
77.576 755.0 
77.576 756.0 
77.553 757.0 
77.553 758.0 
77.576 759.0 
77.588 760.0 
77.588 761.0 
77.623 762.0 
77.588 763.0 
77.634 764.0 
77.599 765.0 
77.611 766.0 
77.588 767.0 
77.564 768.0 
77.599 769.0 
77.576 770.0 
77.599 771.0 
77.564 772.0 
77.599 773.0 
77.599 774.0 
77.588 775.0 
77.588 776.0 
77.611 777.0 
77.576 778.0 
77.588 779.0 
77.623 780.0 
77.611 781.0 
77.611 782.0 
77.588 783.0 
77.599 784.0 
77.529 785.0 
77.576 786.0 
77.576 787.0 
77.588 788.0 
77.588 789.0 
77.611 790.0 
77.553 791.0 
77.564 792.0 
77.588 793.0 
77.576 794.0 
77.564 795.0 
77.611 796.0 
77.599 797.0 
77.576 798.0 
77.588 799.0 
77.588 800.0 
77.599 801.0 
77.599 802.0 
77.576 803.0 
77.599 804.0 
0.007 805.0 
0.001 806.0 
-0.005 807.0 
-0.001 808.0 
-0.004 809.0 
-0.012 810.0 
-0.024 811.0 
-0.028 812.0 
-0.035 813.0 
-0.04 814.0 
-0.052 815.0 
-0.048 816.0 
-0.047 817.0 
-0.041 818.0 
-0.054 819.0 
-0.048 820.0 
-0.052 821.0 
-0.049 822.0 
-0.05 823.0 
-0.042 824.0 
-0.036 825.0 
-0.044 826.0 
-0.04 827.0 
-0.032 828.0 
-0.029 829.0 
