-0.06 257.0 
-0.031 258.0 
-0.043 259.0 
-0.035 260.0 
-0.054 261.0 
-0.042 262.0 
-0.036 263.0 
-0.042 264.0 
-0.046 265.0 
-0.072 266.0 
-0.042 267.0 
-0.052 268.0 
-0.037 269.0 
-0.03 270.0 
-0.062 271.0 
-0.041 272.0 
-0.025 273.0 
-0.023 274.0 
143.379 275.0 
139.396 276.0 
138.438 277.0 
136.978 278.0 
135.554 279.0 
133.743 280.0 
132.12 281.0 
129.679 282.0 
126.934 283.0 
125.532 284.0 
125.205 285.0 
124.797 286.0 
124.692 287.0 
124.4 288.0 
124.189 289.0 
123.5 290.0 
123.418 291.0 
123.243 292.0 
123.091 293.0 
122.659 294.0 
122.554 295.0 
122.402 296.0 
122.356 297.0 
121.912 298.0 
121.713 299.0 
121.375 300.0 
121.129 301.0 
121.036 302.0 
120.545 303.0 
120.464 304.0 
120.09 305.0 
119.763 306.0 
118.735 307.0 
116.656 308.0 
114.133 309.0 
110.536 310.0 
107.102 311.0 
102.944 312.0 
99.066 313.0 
95.014 314.0 
91.113 315.0 
87.142 316.0 
83.731 317.0 
81.033 318.0 
80.87 319.0 
80.683 320.0 
80.531 321.0 
80.624 322.0 
80.473 323.0 
80.496 324.0 
80.449 325.0 
80.332 326.0 
80.449 327.0 
80.367 328.0 
80.566 329.0 
80.437 330.0 
80.344 331.0 
80.449 332.0 
80.496 333.0 
80.414 334.0 
80.437 335.0 
80.437 336.0 
80.426 337.0 
80.321 338.0 
80.484 339.0 
80.402 340.0 
80.391 341.0 
80.379 342.0 
80.519 343.0 
80.426 344.0 
80.414 345.0 
80.391 346.0 
80.367 347.0 
80.391 348.0 
80.473 349.0 
80.449 350.0 
80.402 351.0 
80.449 352.0 
80.402 353.0 
80.344 354.0 
80.344 355.0 
80.414 356.0 
80.461 357.0 
80.426 358.0 
80.484 359.0 
80.437 360.0 
80.449 361.0 
80.402 362.0 
80.402 363.0 
80.356 364.0 
80.379 365.0 
80.414 366.0 
80.461 367.0 
80.367 368.0 
80.367 369.0 
80.402 370.0 
80.414 371.0 
80.461 372.0 
80.461 373.0 
80.473 374.0 
80.484 375.0 
80.508 376.0 
80.379 377.0 
80.402 378.0 
80.402 379.0 
80.356 380.0 
80.414 381.0 
80.437 382.0 
80.402 383.0 
80.402 384.0 
80.379 385.0 
80.508 386.0 
80.379 387.0 
80.356 388.0 
80.449 389.0 
80.694 390.0 
80.391 391.0 
80.402 392.0 
80.484 393.0 
80.344 394.0 
80.391 395.0 
80.367 396.0 
80.356 397.0 
80.461 398.0 
80.286 399.0 
80.344 400.0 
80.449 401.0 
80.426 402.0 
80.496 403.0 
80.461 404.0 
80.391 405.0 
80.356 406.0 
80.426 407.0 
80.344 408.0 
80.414 409.0 
80.321 410.0 
80.391 411.0 
80.496 412.0 
80.543 413.0 
80.461 414.0 
80.367 415.0 
80.402 416.0 
80.309 417.0 
80.426 418.0 
80.437 419.0 
80.356 420.0 
80.391 421.0 
80.437 422.0 
80.461 423.0 
80.344 424.0 
80.367 425.0 
80.414 426.0 
80.449 427.0 
80.379 428.0 
80.379 429.0 
80.379 430.0 
80.426 431.0 
80.437 432.0 
80.519 433.0 
80.344 434.0 
80.391 435.0 
80.391 436.0 
80.402 437.0 
80.356 438.0 
80.286 439.0 
80.367 440.0 
80.356 441.0 
80.391 442.0 
80.402 443.0 
80.367 444.0 
80.356 445.0 
80.344 446.0 
80.461 447.0 
80.437 448.0 
80.449 449.0 
80.741 450.0 
80.391 451.0 
80.379 452.0 
80.332 453.0 
80.309 454.0 
80.461 455.0 
80.367 456.0 
80.391 457.0 
80.344 458.0 
80.437 459.0 
80.449 460.0 
80.379 461.0 
80.356 462.0 
80.473 463.0 
80.426 464.0 
80.379 465.0 
80.449 466.0 
80.426 467.0 
80.344 468.0 
80.437 469.0 
80.402 470.0 
80.332 471.0 
80.391 472.0 
80.227 473.0 
80.391 474.0 
80.484 475.0 
80.391 476.0 
80.321 477.0 
80.391 478.0 
80.286 479.0 
80.356 480.0 
80.461 481.0 
80.367 482.0 
80.437 483.0 
80.356 484.0 
80.402 485.0 
80.332 486.0 
80.367 487.0 
80.414 488.0 
80.367 489.0 
80.414 490.0 
80.437 491.0 
80.391 492.0 
80.426 493.0 
80.437 494.0 
80.367 495.0 
80.332 496.0 
80.402 497.0 
80.426 498.0 
80.332 499.0 
80.332 500.0 
80.367 501.0 
80.437 502.0 
80.297 503.0 
80.344 504.0 
80.344 505.0 
80.367 506.0 
80.286 507.0 
80.356 508.0 
80.216 509.0 
80.297 510.0 
80.356 511.0 
80.379 512.0 
80.367 513.0 
80.391 514.0 
80.402 515.0 
80.227 516.0 
80.624 517.0 
80.239 518.0 
80.251 519.0 
80.262 520.0 
80.262 521.0 
80.239 522.0 
80.274 523.0 
80.251 524.0 
80.262 525.0 
80.251 526.0 
80.192 527.0 
80.262 528.0 
80.192 529.0 
80.192 530.0 
80.169 531.0 
80.344 532.0 
80.741 533.0 
80.286 534.0 
80.262 535.0 
80.251 536.0 
80.169 537.0 
80.099 538.0 
80.087 539.0 
80.064 540.0 
80.181 541.0 
80.145 542.0 
80.099 543.0 
80.005 544.0 
79.97 545.0 
79.924 546.0 
80.075 547.0 
80.005 548.0 
79.959 549.0 
79.889 550.0 
79.877 551.0 
79.97 552.0 
79.982 553.0 
79.912 554.0 
79.877 555.0 
79.959 556.0 
79.947 557.0 
79.889 558.0 
79.655 559.0 
79.947 560.0 
79.9 561.0 
79.842 562.0 
79.959 563.0 
79.854 564.0 
79.818 565.0 
79.959 566.0 
79.9 567.0 
79.83 568.0 
79.9 569.0 
79.877 570.0 
80.005 571.0 
79.924 572.0 
79.854 573.0 
79.924 574.0 
79.889 575.0 
80.356 576.0 
79.9 577.0 
79.912 578.0 
79.982 579.0 
79.9 580.0 
80.017 581.0 
79.947 582.0 
80.029 583.0 
79.959 584.0 
79.702 585.0 
79.982 586.0 
79.912 587.0 
79.982 588.0 
79.9 589.0 
79.994 590.0 
79.912 591.0 
79.947 592.0 
79.9 593.0 
80.005 594.0 
79.889 595.0 
79.912 596.0 
79.889 597.0 
79.924 598.0 
79.889 599.0 
79.959 600.0 
80.017 601.0 
79.935 602.0 
80.005 603.0 
79.924 604.0 
79.994 605.0 
79.889 606.0 
79.959 607.0 
79.842 608.0 
79.947 609.0 
79.994 610.0 
79.947 611.0 
80.005 612.0 
79.889 613.0 
79.97 614.0 
79.854 615.0 
79.865 616.0 
79.982 617.0 
79.865 618.0 
79.947 619.0 
79.713 620.0 
79.924 621.0 
79.994 622.0 
79.877 623.0 
79.912 624.0 
79.994 625.0 
79.889 626.0 
79.959 627.0 
80.017 628.0 
79.877 629.0 
79.97 630.0 
80.005 631.0 
79.889 632.0 
79.982 633.0 
80.309 634.0 
79.889 635.0 
79.947 636.0 
80.017 637.0 
79.877 638.0 
79.9 639.0 
79.994 640.0 
79.889 641.0 
79.865 642.0 
79.959 643.0 
79.83 644.0 
79.83 645.0 
79.982 646.0 
80.017 647.0 
79.877 648.0 
79.959 649.0 
80.029 650.0 
79.854 651.0 
79.854 652.0 
79.994 653.0 
79.994 654.0 
79.854 655.0 
79.854 656.0 
79.924 657.0 
79.959 658.0 
79.865 659.0 
79.912 660.0 
79.982 661.0 
80.017 662.0 
79.877 663.0 
79.912 664.0 
79.959 665.0 
79.994 666.0 
79.889 667.0 
79.912 668.0 
79.982 669.0 
80.005 670.0 
79.865 671.0 
79.877 672.0 
79.912 673.0 
79.982 674.0 
80.029 675.0 
79.865 676.0 
79.889 677.0 
79.9 678.0 
79.947 679.0 
79.994 680.0 
79.877 681.0 
79.889 682.0 
79.924 683.0 
79.947 684.0 
79.924 685.0 
80.029 686.0 
79.83 687.0 
79.9 688.0 
79.935 689.0 
79.97 690.0 
79.994 691.0 
80.017 692.0 
79.854 693.0 
79.854 694.0 
79.912 695.0 
79.924 696.0 
79.935 697.0 
79.97 698.0 
79.807 699.0 
79.865 700.0 
79.889 701.0 
79.9 702.0 
79.924 703.0 
79.97 704.0 
79.97 705.0 
80.017 706.0 
79.83 707.0 
79.865 708.0 
79.877 709.0 
79.889 710.0 
79.959 711.0 
80.005 712.0 
80.005 713.0 
80.005 714.0 
79.795 715.0 
79.854 716.0 
79.842 717.0 
79.889 718.0 
79.912 719.0 
79.912 720.0 
79.959 721.0 
79.9 722.0 
79.959 723.0 
79.982 724.0 
80.017 725.0 
79.783 726.0 
79.854 727.0 
79.889 728.0 
79.889 729.0 
79.877 730.0 
79.9 731.0 
79.935 732.0 
79.959 733.0 
79.947 734.0 
79.97 735.0 
79.912 736.0 
80.017 737.0 
80.005 738.0 
79.795 739.0 
79.795 740.0 
79.842 741.0 
79.83 742.0 
79.854 743.0 
79.842 744.0 
79.865 745.0 
79.854 746.0 
79.889 747.0 
79.865 748.0 
79.877 749.0 
79.9 750.0 
79.912 751.0 
79.924 752.0 
79.935 753.0 
79.924 754.0 
79.889 755.0 
79.924 756.0 
79.924 757.0 
79.924 758.0 
79.935 759.0 
79.935 760.0 
79.947 761.0 
79.935 762.0 
79.935 763.0 
79.935 764.0 
79.947 765.0 
79.97 766.0 
79.947 767.0 
79.959 768.0 
79.959 769.0 
79.947 770.0 
79.947 771.0 
79.97 772.0 
79.994 773.0 
79.947 774.0 
79.947 775.0 
79.935 776.0 
79.959 777.0 
79.912 778.0 
79.959 779.0 
79.912 780.0 
79.924 781.0 
79.924 782.0 
79.912 783.0 
79.947 784.0 
79.935 785.0 
79.959 786.0 
79.959 787.0 
79.924 788.0 
79.924 789.0 
79.947 790.0 
79.947 791.0 
79.97 792.0 
79.935 793.0 
79.935 794.0 
79.912 795.0 
79.924 796.0 
79.865 797.0 
79.889 798.0 
79.9 799.0 
79.9 800.0 
79.912 801.0 
79.9 802.0 
79.912 803.0 
79.9 804.0 
0.002 805.0 
-0.004 806.0 
-0.002 807.0 
-0.005 808.0 
0.0 809.0 
0.002 810.0 
-0.008 811.0 
-0.008 812.0 
0.0 813.0 
-0.007 814.0 
-0.01 815.0 
-0.011 816.0 
-0.011 817.0 
-0.004 818.0 
-0.011 819.0 
-0.016 820.0 
-0.019 821.0 
-0.018 822.0 
-0.012 823.0 
-0.019 824.0 
-0.012 825.0 
-0.012 826.0 
-0.008 827.0 
-0.008 828.0 
-0.006 829.0 
