-0.04 257.0 
-0.024 258.0 
-0.077 259.0 
-0.054 260.0 
-0.041 261.0 
-0.067 262.0 
-0.038 263.0 
-0.056 264.0 
-0.025 265.0 
-0.04 266.0 
-0.066 267.0 
-0.056 268.0 
-0.023 269.0 
-0.059 270.0 
-0.061 271.0 
-0.055 272.0 
-0.028 273.0 
-0.034 274.0 
134.935 275.0 
132.505 276.0 
131.618 277.0 
130.461 278.0 
129.305 279.0 
127.728 280.0 
126.327 281.0 
124.341 282.0 
122.017 283.0 
120.499 284.0 
120.195 285.0 
119.891 286.0 
119.739 287.0 
119.506 288.0 
119.249 289.0 
118.922 290.0 
118.571 291.0 
118.385 292.0 
118.244 293.0 
118.022 294.0 
117.766 295.0 
117.66 296.0 
117.614 297.0 
117.123 298.0 
116.983 299.0 
116.96 300.0 
116.457 301.0 
116.399 302.0 
115.92 303.0 
115.827 304.0 
115.733 305.0 
115.103 306.0 
113.876 307.0 
111.739 308.0 
109.309 309.0 
106.086 310.0 
102.629 311.0 
98.95 312.0 
95.422 313.0 
91.767 314.0 
87.983 315.0 
84.163 316.0 
80.765 317.0 
78.312 318.0 
78.172 319.0 
77.95 320.0 
77.833 321.0 
77.81 322.0 
77.681 323.0 
77.775 324.0 
77.704 325.0 
77.588 326.0 
77.693 327.0 
77.634 328.0 
77.786 329.0 
77.716 330.0 
77.611 331.0 
77.704 332.0 
77.716 333.0 
77.646 334.0 
77.634 335.0 
77.704 336.0 
77.704 337.0 
77.634 338.0 
77.763 339.0 
77.658 340.0 
77.658 341.0 
77.634 342.0 
77.821 343.0 
77.681 344.0 
77.634 345.0 
77.611 346.0 
77.576 347.0 
77.564 348.0 
77.716 349.0 
77.634 350.0 
77.611 351.0 
77.658 352.0 
77.634 353.0 
77.564 354.0 
77.728 355.0 
77.681 356.0 
77.704 357.0 
77.658 358.0 
77.763 359.0 
77.669 360.0 
77.693 361.0 
77.658 362.0 
77.646 363.0 
77.623 364.0 
77.646 365.0 
77.623 366.0 
77.623 367.0 
77.588 368.0 
77.623 369.0 
77.669 370.0 
77.669 371.0 
77.658 372.0 
77.681 373.0 
77.704 374.0 
77.704 375.0 
77.95 376.0 
77.494 377.0 
77.669 378.0 
77.681 379.0 
77.623 380.0 
77.646 381.0 
77.728 382.0 
77.623 383.0 
77.599 384.0 
77.599 385.0 
77.693 386.0 
77.599 387.0 
77.564 388.0 
77.669 389.0 
77.646 390.0 
77.611 391.0 
77.623 392.0 
77.681 393.0 
77.553 394.0 
77.658 395.0 
77.716 396.0 
77.564 397.0 
77.658 398.0 
77.518 399.0 
77.599 400.0 
77.693 401.0 
77.658 402.0 
77.728 403.0 
77.658 404.0 
77.658 405.0 
77.553 406.0 
77.623 407.0 
77.588 408.0 
77.611 409.0 
77.529 410.0 
77.646 411.0 
77.681 412.0 
78.125 413.0 
77.658 414.0 
77.611 415.0 
77.646 416.0 
77.611 417.0 
77.739 418.0 
77.669 419.0 
77.588 420.0 
77.611 421.0 
77.658 422.0 
77.693 423.0 
77.588 424.0 
77.611 425.0 
77.623 426.0 
77.623 427.0 
77.576 428.0 
77.599 429.0 
77.541 430.0 
77.634 431.0 
77.658 432.0 
77.669 433.0 
77.529 434.0 
77.564 435.0 
77.599 436.0 
77.704 437.0 
77.599 438.0 
77.564 439.0 
77.611 440.0 
77.576 441.0 
77.564 442.0 
77.588 443.0 
77.564 444.0 
77.564 445.0 
77.576 446.0 
77.658 447.0 
77.669 448.0 
77.646 449.0 
77.915 450.0 
77.611 451.0 
77.576 452.0 
77.564 453.0 
77.541 454.0 
77.658 455.0 
77.646 456.0 
77.588 457.0 
77.564 458.0 
77.658 459.0 
77.658 460.0 
77.588 461.0 
77.564 462.0 
77.669 463.0 
77.646 464.0 
77.611 465.0 
77.658 466.0 
77.599 467.0 
77.541 468.0 
77.646 469.0 
77.588 470.0 
77.588 471.0 
77.611 472.0 
77.471 473.0 
77.588 474.0 
77.681 475.0 
77.634 476.0 
77.553 477.0 
77.611 478.0 
77.494 479.0 
77.623 480.0 
77.716 481.0 
77.564 482.0 
77.669 483.0 
77.588 484.0 
77.658 485.0 
77.529 486.0 
77.529 487.0 
77.634 488.0 
77.576 489.0 
77.564 490.0 
77.634 491.0 
77.623 492.0 
77.634 493.0 
77.623 494.0 
77.541 495.0 
77.553 496.0 
77.611 497.0 
77.658 498.0 
77.518 499.0 
77.541 500.0 
77.611 501.0 
77.623 502.0 
77.529 503.0 
77.518 504.0 
77.576 505.0 
77.588 506.0 
77.518 507.0 
77.658 508.0 
77.494 509.0 
77.541 510.0 
77.529 511.0 
77.553 512.0 
77.564 513.0 
77.588 514.0 
77.623 515.0 
77.599 516.0 
77.611 517.0 
77.412 518.0 
77.424 519.0 
77.506 520.0 
77.483 521.0 
77.529 522.0 
77.506 523.0 
77.483 524.0 
77.483 525.0 
77.483 526.0 
77.471 527.0 
77.412 528.0 
77.412 529.0 
77.412 530.0 
77.401 531.0 
77.553 532.0 
77.506 533.0 
77.494 534.0 
77.471 535.0 
77.459 536.0 
77.436 537.0 
77.331 538.0 
77.331 539.0 
77.284 540.0 
77.389 541.0 
77.366 542.0 
77.307 543.0 
77.261 544.0 
77.226 545.0 
77.167 546.0 
77.307 547.0 
77.249 548.0 
77.179 549.0 
77.132 550.0 
77.062 551.0 
77.226 552.0 
77.144 553.0 
77.12 554.0 
77.085 555.0 
77.202 556.0 
77.167 557.0 
77.109 558.0 
76.782 559.0 
77.156 560.0 
77.12 561.0 
77.085 562.0 
77.191 563.0 
77.109 564.0 
77.015 565.0 
77.179 566.0 
77.214 567.0 
77.05 568.0 
77.132 569.0 
77.109 570.0 
77.191 571.0 
77.132 572.0 
77.05 573.0 
77.132 574.0 
77.085 575.0 
77.202 576.0 
77.156 577.0 
77.12 578.0 
77.237 579.0 
77.167 580.0 
77.237 581.0 
77.167 582.0 
77.237 583.0 
77.191 584.0 
77.296 585.0 
77.156 586.0 
77.085 587.0 
77.191 588.0 
77.109 589.0 
77.202 590.0 
77.085 591.0 
77.156 592.0 
77.109 593.0 
77.144 594.0 
77.109 595.0 
77.12 596.0 
77.156 597.0 
77.179 598.0 
77.12 599.0 
77.179 600.0 
77.237 601.0 
77.132 602.0 
77.261 603.0 
77.156 604.0 
77.214 605.0 
77.132 606.0 
77.144 607.0 
77.109 608.0 
77.179 609.0 
77.202 610.0 
77.156 611.0 
77.202 612.0 
77.132 613.0 
77.191 614.0 
77.097 615.0 
77.109 616.0 
77.202 617.0 
77.062 618.0 
77.179 619.0 
76.91 620.0 
77.132 621.0 
77.179 622.0 
77.109 623.0 
77.132 624.0 
77.249 625.0 
77.109 626.0 
77.167 627.0 
77.214 628.0 
77.085 629.0 
77.179 630.0 
77.226 631.0 
77.109 632.0 
77.179 633.0 
77.483 634.0 
77.097 635.0 
77.214 636.0 
77.249 637.0 
77.12 638.0 
77.179 639.0 
77.249 640.0 
77.097 641.0 
77.156 642.0 
77.191 643.0 
77.097 644.0 
77.156 645.0 
77.167 646.0 
77.214 647.0 
77.109 648.0 
77.144 649.0 
77.214 650.0 
77.074 651.0 
77.156 652.0 
77.156 653.0 
77.202 654.0 
77.05 655.0 
77.132 656.0 
77.179 657.0 
77.226 658.0 
77.12 659.0 
77.179 660.0 
77.202 661.0 
77.284 662.0 
77.085 663.0 
77.132 664.0 
77.214 665.0 
77.261 666.0 
77.097 667.0 
77.144 668.0 
77.202 669.0 
77.202 670.0 
77.027 671.0 
77.109 672.0 
77.156 673.0 
77.179 674.0 
77.144 675.0 
77.097 676.0 
77.132 677.0 
77.191 678.0 
77.167 679.0 
77.237 680.0 
77.085 681.0 
77.12 682.0 
77.167 683.0 
77.191 684.0 
77.214 685.0 
77.249 686.0 
77.097 687.0 
77.109 688.0 
77.156 689.0 
77.156 690.0 
77.202 691.0 
77.249 692.0 
77.097 693.0 
77.12 694.0 
77.085 695.0 
77.179 696.0 
77.191 697.0 
77.214 698.0 
76.957 699.0 
77.085 700.0 
77.156 701.0 
77.132 702.0 
77.167 703.0 
77.191 704.0 
77.132 705.0 
77.214 706.0 
77.085 707.0 
77.085 708.0 
77.109 709.0 
77.156 710.0 
77.179 711.0 
77.167 712.0 
77.202 713.0 
77.214 714.0 
77.015 715.0 
77.074 716.0 
77.085 717.0 
77.144 718.0 
77.156 719.0 
77.144 720.0 
77.191 721.0 
77.191 722.0 
77.191 723.0 
77.237 724.0 
77.249 725.0 
77.05 726.0 
77.05 727.0 
77.097 728.0 
77.12 729.0 
77.109 730.0 
77.109 731.0 
77.179 732.0 
77.191 733.0 
77.167 734.0 
77.179 735.0 
77.156 736.0 
77.226 737.0 
77.237 738.0 
77.015 739.0 
77.062 740.0 
77.085 741.0 
77.097 742.0 
77.097 743.0 
77.085 744.0 
77.085 745.0 
77.085 746.0 
77.109 747.0 
77.109 748.0 
77.097 749.0 
77.144 750.0 
77.097 751.0 
77.132 752.0 
77.132 753.0 
77.12 754.0 
77.109 755.0 
77.097 756.0 
77.167 757.0 
77.144 758.0 
77.191 759.0 
77.156 760.0 
77.156 761.0 
77.132 762.0 
77.202 763.0 
77.179 764.0 
77.179 765.0 
77.179 766.0 
77.167 767.0 
77.167 768.0 
77.191 769.0 
77.179 770.0 
77.179 771.0 
77.156 772.0 
77.179 773.0 
77.144 774.0 
77.144 775.0 
77.179 776.0 
77.156 777.0 
77.202 778.0 
77.167 779.0 
77.179 780.0 
77.179 781.0 
77.167 782.0 
77.156 783.0 
77.132 784.0 
77.179 785.0 
77.167 786.0 
77.144 787.0 
77.167 788.0 
77.167 789.0 
77.167 790.0 
77.144 791.0 
77.191 792.0 
77.156 793.0 
77.156 794.0 
77.156 795.0 
77.156 796.0 
77.156 797.0 
77.179 798.0 
77.144 799.0 
77.156 800.0 
77.144 801.0 
77.191 802.0 
77.179 803.0 
77.179 804.0 
-0.006 805.0 
0.004 806.0 
-0.005 807.0 
-0.006 808.0 
-0.001 809.0 
0.002 810.0 
0.005 811.0 
-0.004 812.0 
-0.004 813.0 
0.008 814.0 
-0.001 815.0 
-0.006 816.0 
-0.012 817.0 
-0.002 818.0 
-0.008 819.0 
-0.007 820.0 
-0.005 821.0 
-0.011 822.0 
-0.006 823.0 
-0.018 824.0 
-0.014 825.0 
-0.016 826.0 
-0.023 827.0 
-0.03 828.0 
-0.019 829.0 
