-0.053 257.0 
-0.035 258.0 
-0.065 259.0 
-0.043 260.0 
-0.028 261.0 
-0.059 262.0 
-0.064 263.0 
-0.043 264.0 
-0.013 265.0 
-0.05 266.0 
-0.035 267.0 
-0.05 268.0 
-0.034 269.0 
-0.041 270.0 
-0.019 271.0 
-0.041 272.0 
-0.053 273.0 
-0.034 274.0 
137.644 275.0 
134.993 276.0 
134.117 277.0 
132.949 278.0 
131.524 279.0 
129.667 280.0 
128.09 281.0 
125.626 282.0 
123.442 283.0 
122.204 284.0 
121.76 285.0 
121.421 286.0 
121.293 287.0 
121.024 288.0 
120.744 289.0 
120.078 290.0 
119.926 291.0 
119.728 292.0 
119.564 293.0 
119.261 294.0 
118.945 295.0 
118.758 296.0 
118.677 297.0 
118.151 298.0 
117.987 299.0 
117.871 300.0 
117.333 301.0 
117.158 302.0 
116.621 303.0 
116.516 304.0 
116.329 305.0 
115.652 306.0 
114.39 307.0 
112.089 308.0 
109.391 309.0 
105.817 310.0 
102.313 311.0 
98.342 312.0 
94.652 313.0 
90.4 314.0 
86.476 315.0 
82.715 316.0 
79.27 317.0 
76.618 318.0 
76.431 319.0 
76.233 320.0 
76.151 321.0 
76.104 322.0 
75.976 323.0 
76.058 324.0 
75.988 325.0 
75.953 326.0 
76.046 327.0 
75.941 328.0 
76.303 329.0 
76.034 330.0 
75.988 331.0 
76.209 332.0 
76.046 333.0 
75.964 334.0 
75.906 335.0 
76.034 336.0 
76.011 337.0 
75.953 338.0 
76.093 339.0 
75.976 340.0 
75.976 341.0 
75.941 342.0 
75.988 343.0 
75.964 344.0 
75.999 345.0 
75.953 346.0 
75.906 347.0 
75.988 348.0 
76.011 349.0 
75.999 350.0 
75.976 351.0 
76.011 352.0 
75.988 353.0 
75.894 354.0 
75.894 355.0 
75.999 356.0 
76.069 357.0 
76.023 358.0 
76.034 359.0 
75.964 360.0 
76.058 361.0 
75.941 362.0 
75.999 363.0 
75.941 364.0 
75.953 365.0 
75.964 366.0 
76.011 367.0 
75.964 368.0 
75.929 369.0 
75.976 370.0 
76.011 371.0 
75.988 372.0 
76.011 373.0 
76.023 374.0 
76.023 375.0 
76.326 376.0 
75.882 377.0 
75.941 378.0 
75.953 379.0 
75.953 380.0 
75.929 381.0 
76.058 382.0 
75.976 383.0 
75.929 384.0 
75.941 385.0 
76.046 386.0 
75.929 387.0 
75.917 388.0 
75.988 389.0 
75.988 390.0 
76.011 391.0 
75.953 392.0 
76.058 393.0 
75.894 394.0 
75.953 395.0 
76.058 396.0 
75.882 397.0 
76.011 398.0 
75.847 399.0 
75.882 400.0 
76.034 401.0 
75.999 402.0 
76.069 403.0 
76.034 404.0 
75.953 405.0 
75.906 406.0 
75.976 407.0 
75.917 408.0 
75.964 409.0 
75.871 410.0 
75.964 411.0 
76.011 412.0 
76.478 413.0 
75.976 414.0 
75.871 415.0 
75.988 416.0 
75.917 417.0 
76.058 418.0 
75.976 419.0 
75.894 420.0 
75.941 421.0 
75.988 422.0 
76.023 423.0 
75.953 424.0 
75.964 425.0 
76.023 426.0 
75.999 427.0 
75.929 428.0 
75.976 429.0 
75.882 430.0 
75.988 431.0 
75.999 432.0 
76.023 433.0 
75.894 434.0 
75.894 435.0 
75.964 436.0 
75.964 437.0 
75.871 438.0 
75.941 439.0 
75.941 440.0 
75.941 441.0 
75.941 442.0 
75.953 443.0 
75.941 444.0 
75.941 445.0 
75.917 446.0 
76.046 447.0 
75.988 448.0 
76.011 449.0 
76.303 450.0 
75.929 451.0 
75.929 452.0 
75.929 453.0 
75.882 454.0 
75.964 455.0 
75.801 456.0 
75.917 457.0 
75.906 458.0 
75.988 459.0 
75.988 460.0 
75.976 461.0 
75.917 462.0 
76.011 463.0 
75.953 464.0 
75.988 465.0 
76.023 466.0 
75.988 467.0 
75.894 468.0 
75.976 469.0 
75.941 470.0 
75.953 471.0 
75.953 472.0 
75.894 473.0 
75.941 474.0 
76.023 475.0 
75.964 476.0 
75.894 477.0 
75.964 478.0 
75.871 479.0 
75.941 480.0 
75.999 481.0 
75.929 482.0 
76.011 483.0 
75.941 484.0 
75.964 485.0 
75.917 486.0 
75.882 487.0 
76.023 488.0 
75.953 489.0 
75.953 490.0 
75.999 491.0 
75.988 492.0 
75.964 493.0 
75.988 494.0 
75.917 495.0 
75.847 496.0 
75.953 497.0 
75.964 498.0 
75.871 499.0 
75.894 500.0 
75.953 501.0 
75.964 502.0 
75.859 503.0 
75.894 504.0 
75.906 505.0 
75.964 506.0 
75.953 507.0 
76.116 508.0 
75.859 509.0 
75.882 510.0 
75.929 511.0 
75.882 512.0 
75.953 513.0 
75.941 514.0 
75.917 515.0 
75.964 516.0 
75.976 517.0 
75.777 518.0 
75.789 519.0 
75.801 520.0 
75.847 521.0 
75.836 522.0 
75.871 523.0 
75.894 524.0 
75.836 525.0 
75.847 526.0 
75.871 527.0 
75.801 528.0 
75.801 529.0 
75.777 530.0 
75.777 531.0 
75.941 532.0 
75.917 533.0 
75.871 534.0 
75.847 535.0 
75.847 536.0 
75.801 537.0 
75.754 538.0 
75.696 539.0 
75.661 540.0 
75.777 541.0 
75.742 542.0 
75.731 543.0 
75.684 544.0 
75.649 545.0 
75.637 546.0 
75.731 547.0 
75.672 548.0 
75.649 549.0 
75.555 550.0 
75.544 551.0 
75.637 552.0 
75.602 553.0 
75.544 554.0 
75.544 555.0 
75.649 556.0 
75.59 557.0 
75.544 558.0 
75.252 559.0 
75.649 560.0 
75.532 561.0 
75.497 562.0 
75.59 563.0 
75.59 564.0 
75.45 565.0 
75.614 566.0 
75.707 567.0 
75.497 568.0 
75.614 569.0 
75.532 570.0 
75.649 571.0 
75.555 572.0 
75.509 573.0 
75.555 574.0 
75.555 575.0 
75.602 576.0 
75.555 577.0 
75.567 578.0 
75.625 579.0 
75.59 580.0 
75.649 581.0 
75.579 582.0 
75.625 583.0 
75.637 584.0 
75.696 585.0 
75.625 586.0 
75.567 587.0 
75.672 588.0 
75.544 589.0 
75.625 590.0 
75.59 591.0 
75.614 592.0 
75.567 593.0 
75.567 594.0 
75.532 595.0 
75.649 596.0 
75.509 597.0 
75.649 598.0 
75.52 599.0 
75.614 600.0 
75.661 601.0 
75.602 602.0 
75.684 603.0 
75.59 604.0 
75.672 605.0 
75.579 606.0 
75.637 607.0 
75.532 608.0 
75.614 609.0 
75.696 610.0 
75.602 611.0 
75.672 612.0 
75.567 613.0 
75.649 614.0 
75.52 615.0 
75.614 616.0 
75.649 617.0 
75.532 618.0 
75.602 619.0 
75.287 620.0 
75.579 621.0 
75.649 622.0 
75.544 623.0 
75.59 624.0 
75.649 625.0 
75.567 626.0 
75.614 627.0 
75.684 628.0 
75.555 629.0 
75.614 630.0 
75.696 631.0 
75.52 632.0 
75.661 633.0 
75.684 634.0 
75.544 635.0 
75.637 636.0 
75.661 637.0 
75.544 638.0 
75.625 639.0 
75.696 640.0 
75.509 641.0 
75.602 642.0 
75.625 643.0 
75.544 644.0 
75.614 645.0 
75.614 646.0 
75.672 647.0 
75.59 648.0 
75.614 649.0 
75.637 650.0 
75.532 651.0 
75.59 652.0 
75.602 653.0 
75.661 654.0 
75.52 655.0 
75.567 656.0 
75.59 657.0 
75.649 658.0 
75.544 659.0 
75.59 660.0 
75.649 661.0 
75.696 662.0 
75.52 663.0 
75.59 664.0 
75.614 665.0 
75.684 666.0 
75.567 667.0 
75.59 668.0 
75.625 669.0 
75.672 670.0 
75.532 671.0 
75.579 672.0 
75.614 673.0 
75.625 674.0 
75.684 675.0 
75.532 676.0 
75.579 677.0 
75.59 678.0 
75.602 679.0 
75.649 680.0 
75.532 681.0 
75.532 682.0 
75.614 683.0 
75.614 684.0 
75.672 685.0 
75.696 686.0 
75.544 687.0 
75.555 688.0 
75.602 689.0 
75.614 690.0 
75.661 691.0 
75.707 692.0 
75.52 693.0 
75.532 694.0 
75.579 695.0 
75.579 696.0 
75.649 697.0 
75.602 698.0 
75.345 699.0 
75.532 700.0 
75.532 701.0 
75.567 702.0 
75.59 703.0 
75.625 704.0 
75.661 705.0 
75.684 706.0 
75.544 707.0 
75.52 708.0 
75.555 709.0 
75.59 710.0 
75.614 711.0 
75.625 712.0 
75.637 713.0 
75.684 714.0 
75.684 715.0 
75.485 716.0 
75.544 717.0 
75.567 718.0 
75.567 719.0 
75.59 720.0 
75.614 721.0 
75.625 722.0 
75.661 723.0 
75.672 724.0 
75.707 725.0 
75.509 726.0 
75.485 727.0 
75.509 728.0 
75.567 729.0 
75.59 730.0 
75.602 731.0 
75.602 732.0 
75.649 733.0 
75.614 734.0 
75.602 735.0 
75.661 736.0 
75.637 737.0 
75.684 738.0 
75.147 739.0 
75.485 740.0 
75.509 741.0 
75.52 742.0 
75.52 743.0 
75.52 744.0 
75.52 745.0 
75.532 746.0 
75.52 747.0 
75.532 748.0 
75.567 749.0 
75.59 750.0 
75.544 751.0 
75.59 752.0 
75.59 753.0 
75.579 754.0 
75.579 755.0 
75.614 756.0 
75.602 757.0 
75.59 758.0 
75.602 759.0 
75.602 760.0 
75.602 761.0 
75.59 762.0 
75.614 763.0 
75.614 764.0 
75.637 765.0 
75.614 766.0 
75.614 767.0 
75.649 768.0 
75.614 769.0 
75.637 770.0 
75.637 771.0 
75.649 772.0 
75.625 773.0 
75.625 774.0 
75.59 775.0 
75.637 776.0 
75.637 777.0 
75.661 778.0 
75.614 779.0 
75.59 780.0 
75.625 781.0 
75.614 782.0 
75.614 783.0 
75.59 784.0 
75.614 785.0 
75.637 786.0 
75.59 787.0 
75.579 788.0 
75.602 789.0 
75.625 790.0 
75.637 791.0 
75.614 792.0 
75.637 793.0 
75.602 794.0 
75.567 795.0 
75.614 796.0 
75.614 797.0 
75.614 798.0 
75.614 799.0 
75.637 800.0 
75.579 801.0 
75.602 802.0 
75.614 803.0 
75.614 804.0 
0.005 805.0 
0.0 806.0 
0.008 807.0 
0.0 808.0 
-0.005 809.0 
0.006 810.0 
0.007 811.0 
-0.008 812.0 
-0.002 813.0 
-0.01 814.0 
-0.014 815.0 
-0.017 816.0 
-0.013 817.0 
-0.024 818.0 
-0.028 819.0 
-0.028 820.0 
-0.025 821.0 
-0.029 822.0 
-0.03 823.0 
-0.024 824.0 
-0.029 825.0 
-0.035 826.0 
-0.028 827.0 
-0.026 828.0 
-0.029 829.0 
