-0.008 257.0 
-0.028 258.0 
-0.038 259.0 
-0.059 260.0 
-0.037 261.0 
-0.008 262.0 
-0.04 263.0 
-0.035 264.0 
-0.022 265.0 
-0.059 266.0 
-0.036 267.0 
-0.014 268.0 
-0.013 269.0 
-0.035 270.0 
-0.014 271.0 
-0.018 272.0 
-0.034 273.0 
-0.032 274.0 
159.859 275.0 
156.343 276.0 
154.86 277.0 
153.856 278.0 
153.155 279.0 
152.442 280.0 
151.706 281.0 
150.866 282.0 
149.534 283.0 
149.032 284.0 
148.705 285.0 
148.448 286.0 
148.366 287.0 
148.168 288.0 
147.957 289.0 
147.338 290.0 
147.257 291.0 
147.011 292.0 
146.801 293.0 
146.287 294.0 
146.147 295.0 
146.077 296.0 
146.007 297.0 
145.364 298.0 
145.178 299.0 
144.816 300.0 
144.547 301.0 
144.57 302.0 
143.998 303.0 
143.94 304.0 
143.437 305.0 
143.332 306.0 
143.04 307.0 
142.538 308.0 
142.339 309.0 
141.755 310.0 
141.65 311.0 
141.148 312.0 
141.02 313.0 
140.541 314.0 
140.494 315.0 
140.19 316.0 
140.085 317.0 
139.606 318.0 
139.268 319.0 
139.174 320.0 
138.859 321.0 
138.765 322.0 
138.462 323.0 
138.473 324.0 
138.263 325.0 
137.983 326.0 
138.018 327.0 
137.808 328.0 
137.411 329.0 
137.796 330.0 
137.598 331.0 
137.399 332.0 
137.726 333.0 
137.539 334.0 
137.317 335.0 
137.586 336.0 
137.562 337.0 
137.341 338.0 
137.235 339.0 
137.399 340.0 
137.341 341.0 
137.294 342.0 
137.235 343.0 
137.329 344.0 
137.259 345.0 
137.177 346.0 
137.095 347.0 
137.037 348.0 
137.27 349.0 
137.224 350.0 
137.13 351.0 
137.2 352.0 
137.107 353.0 
137.06 354.0 
136.978 355.0 
137.165 356.0 
137.224 357.0 
137.107 358.0 
137.235 359.0 
137.06 360.0 
137.177 361.0 
137.014 362.0 
137.072 363.0 
136.978 364.0 
137.002 365.0 
137.037 366.0 
137.084 367.0 
136.967 368.0 
137.002 369.0 
137.049 370.0 
137.06 371.0 
137.084 372.0 
137.072 373.0 
137.107 374.0 
137.119 375.0 
136.978 376.0 
136.955 377.0 
136.967 378.0 
136.955 379.0 
136.967 380.0 
137.002 381.0 
136.792 382.0 
136.943 383.0 
136.955 384.0 
136.943 385.0 
137.084 386.0 
136.885 387.0 
136.862 388.0 
136.967 389.0 
136.85 390.0 
136.99 391.0 
136.955 392.0 
137.037 393.0 
136.815 394.0 
136.99 395.0 
137.119 396.0 
136.815 397.0 
136.943 398.0 
136.722 399.0 
136.78 400.0 
136.99 401.0 
136.932 402.0 
137.037 403.0 
136.955 404.0 
136.838 405.0 
136.768 406.0 
136.873 407.0 
136.792 408.0 
136.885 409.0 
136.745 410.0 
136.838 411.0 
136.955 412.0 
136.908 413.0 
136.955 414.0 
136.803 415.0 
136.92 416.0 
136.78 417.0 
136.85 418.0 
136.885 419.0 
136.733 420.0 
136.803 421.0 
136.862 422.0 
136.897 423.0 
136.768 424.0 
136.815 425.0 
136.862 426.0 
136.873 427.0 
136.768 428.0 
136.803 429.0 
136.803 430.0 
136.862 431.0 
136.885 432.0 
136.897 433.0 
136.71 434.0 
136.745 435.0 
136.745 436.0 
136.745 437.0 
136.733 438.0 
136.722 439.0 
136.722 440.0 
136.663 441.0 
136.71 442.0 
136.757 443.0 
136.745 444.0 
136.768 445.0 
136.71 446.0 
136.932 447.0 
136.873 448.0 
136.78 449.0 
136.651 450.0 
136.803 451.0 
136.757 452.0 
136.71 453.0 
136.651 454.0 
136.827 455.0 
136.64 456.0 
136.745 457.0 
136.675 458.0 
136.838 459.0 
136.862 460.0 
136.815 461.0 
136.71 462.0 
136.862 463.0 
136.698 464.0 
136.71 465.0 
136.885 466.0 
136.792 467.0 
136.733 468.0 
136.85 469.0 
136.745 470.0 
136.651 471.0 
136.757 472.0 
136.71 473.0 
136.757 474.0 
136.92 475.0 
136.78 476.0 
136.675 477.0 
136.768 478.0 
136.64 479.0 
136.792 480.0 
136.885 481.0 
136.757 482.0 
136.827 483.0 
136.733 484.0 
136.78 485.0 
136.64 486.0 
136.757 487.0 
136.85 488.0 
136.698 489.0 
136.686 490.0 
136.838 491.0 
136.675 492.0 
136.71 493.0 
136.838 494.0 
136.651 495.0 
136.745 496.0 
136.768 497.0 
136.838 498.0 
136.616 499.0 
136.651 500.0 
136.686 501.0 
136.827 502.0 
136.57 503.0 
136.64 504.0 
136.698 505.0 
136.745 506.0 
136.523 507.0 
136.523 508.0 
136.523 509.0 
136.593 510.0 
136.651 511.0 
136.698 512.0 
136.745 513.0 
136.208 514.0 
137.025 515.0 
136.675 516.0 
136.558 517.0 
136.5 518.0 
136.558 519.0 
136.581 520.0 
136.616 521.0 
136.628 522.0 
136.605 523.0 
136.616 524.0 
136.581 525.0 
136.581 526.0 
136.523 527.0 
136.546 528.0 
136.558 529.0 
136.581 530.0 
136.5 531.0 
136.792 532.0 
136.663 533.0 
136.722 534.0 
136.722 535.0 
136.733 536.0 
136.675 537.0 
136.605 538.0 
136.558 539.0 
136.523 540.0 
136.792 541.0 
136.698 542.0 
136.675 543.0 
136.663 544.0 
136.523 545.0 
136.535 546.0 
136.757 547.0 
136.616 548.0 
136.628 549.0 
136.558 550.0 
136.57 551.0 
136.698 552.0 
136.64 553.0 
136.558 554.0 
136.5 555.0 
136.733 556.0 
136.628 557.0 
136.535 558.0 
136.535 559.0 
136.64 560.0 
136.546 561.0 
136.511 562.0 
136.663 563.0 
136.5 564.0 
136.476 565.0 
136.651 566.0 
136.558 567.0 
136.465 568.0 
136.616 569.0 
136.535 570.0 
136.722 571.0 
136.581 572.0 
136.465 573.0 
136.628 574.0 
136.546 575.0 
136.838 576.0 
136.593 577.0 
136.546 578.0 
136.722 579.0 
136.57 580.0 
136.78 581.0 
136.663 582.0 
136.78 583.0 
136.686 584.0 
136.698 585.0 
136.686 586.0 
136.465 587.0 
136.698 588.0 
136.558 589.0 
136.722 590.0 
136.57 591.0 
136.733 592.0 
136.57 593.0 
136.698 594.0 
136.558 595.0 
136.698 596.0 
136.535 597.0 
136.663 598.0 
136.511 599.0 
136.57 600.0 
136.815 601.0 
136.535 602.0 
136.78 603.0 
136.511 604.0 
136.722 605.0 
136.605 606.0 
136.698 607.0 
136.535 608.0 
136.616 609.0 
136.78 610.0 
136.616 611.0 
136.663 612.0 
136.546 613.0 
136.616 614.0 
136.5 615.0 
136.558 616.0 
136.757 617.0 
136.523 618.0 
136.663 619.0 
136.476 620.0 
136.616 621.0 
136.722 622.0 
136.5 623.0 
136.605 624.0 
136.78 625.0 
136.535 626.0 
136.675 627.0 
136.768 628.0 
136.57 629.0 
136.663 630.0 
136.78 631.0 
136.546 632.0 
136.698 633.0 
136.558 634.0 
136.558 635.0 
136.698 636.0 
136.78 637.0 
136.581 638.0 
136.558 639.0 
136.745 640.0 
136.523 641.0 
136.57 642.0 
136.698 643.0 
136.511 644.0 
136.546 645.0 
136.675 646.0 
136.733 647.0 
136.476 648.0 
136.64 649.0 
136.698 650.0 
136.465 651.0 
136.558 652.0 
136.628 653.0 
136.71 654.0 
136.523 655.0 
136.546 656.0 
136.663 657.0 
136.733 658.0 
136.57 659.0 
136.628 660.0 
136.722 661.0 
136.768 662.0 
136.546 663.0 
136.616 664.0 
136.686 665.0 
136.757 666.0 
136.523 667.0 
136.605 668.0 
136.686 669.0 
136.745 670.0 
136.511 671.0 
136.546 672.0 
136.64 673.0 
136.733 674.0 
136.78 675.0 
136.476 676.0 
136.581 677.0 
136.628 678.0 
136.698 679.0 
136.768 680.0 
136.488 681.0 
136.535 682.0 
136.581 683.0 
136.686 684.0 
136.686 685.0 
136.745 686.0 
136.476 687.0 
136.558 688.0 
136.581 689.0 
136.686 690.0 
136.745 691.0 
136.733 692.0 
136.476 693.0 
136.57 694.0 
136.605 695.0 
136.605 696.0 
136.675 697.0 
136.745 698.0 
136.465 699.0 
136.476 700.0 
136.535 701.0 
136.605 702.0 
136.64 703.0 
136.686 704.0 
136.733 705.0 
136.78 706.0 
136.488 707.0 
136.523 708.0 
136.581 709.0 
136.581 710.0 
136.663 711.0 
136.686 712.0 
136.616 713.0 
136.745 714.0 
136.465 715.0 
136.511 716.0 
136.511 717.0 
136.546 718.0 
136.546 719.0 
136.616 720.0 
136.651 721.0 
136.64 722.0 
136.698 723.0 
136.768 724.0 
136.768 725.0 
136.441 726.0 
136.476 727.0 
136.5 728.0 
136.57 729.0 
136.558 730.0 
136.628 731.0 
136.616 732.0 
136.651 733.0 
136.663 734.0 
136.675 735.0 
136.698 736.0 
136.71 737.0 
136.745 738.0 
136.43 739.0 
136.441 740.0 
136.453 741.0 
136.465 742.0 
136.465 743.0 
136.523 744.0 
136.488 745.0 
136.523 746.0 
136.535 747.0 
136.546 748.0 
136.57 749.0 
136.57 750.0 
136.57 751.0 
136.581 752.0 
136.616 753.0 
136.616 754.0 
136.616 755.0 
136.616 756.0 
136.605 757.0 
136.64 758.0 
136.616 759.0 
136.616 760.0 
136.628 761.0 
136.651 762.0 
136.64 763.0 
136.663 764.0 
136.628 765.0 
136.628 766.0 
136.64 767.0 
136.64 768.0 
136.675 769.0 
136.651 770.0 
136.675 771.0 
136.651 772.0 
136.64 773.0 
136.651 774.0 
136.651 775.0 
136.675 776.0 
136.651 777.0 
136.616 778.0 
136.64 779.0 
136.616 780.0 
136.64 781.0 
136.64 782.0 
136.628 783.0 
136.616 784.0 
136.616 785.0 
136.616 786.0 
136.64 787.0 
136.628 788.0 
136.628 789.0 
136.675 790.0 
136.675 791.0 
136.651 792.0 
136.651 793.0 
136.64 794.0 
136.593 795.0 
136.628 796.0 
136.663 797.0 
136.64 798.0 
136.628 799.0 
136.616 800.0 
136.651 801.0 
136.616 802.0 
136.663 803.0 
136.64 804.0 
0.012 805.0 
0.02 806.0 
0.022 807.0 
0.016 808.0 
0.02 809.0 
0.01 810.0 
0.01 811.0 
0.007 812.0 
-0.001 813.0 
-0.004 814.0 
-0.005 815.0 
-0.008 816.0 
-0.014 817.0 
-0.02 818.0 
-0.032 819.0 
-0.036 820.0 
-0.035 821.0 
-0.032 822.0 
-0.035 823.0 
-0.037 824.0 
-0.043 825.0 
-0.037 826.0 
-0.04 827.0 
-0.044 828.0 
-0.04 829.0 
