-0.016 257.0 
-0.017 258.0 
-0.061 259.0 
-0.022 260.0 
-0.026 261.0 
-0.031 262.0 
-0.017 263.0 
-0.025 264.0 
-0.024 265.0 
-0.024 266.0 
-0.011 267.0 
-0.043 268.0 
-0.047 269.0 
-0.055 270.0 
-0.026 271.0 
-0.026 272.0 
-0.053 273.0 
-0.067 274.0 
97.56 275.0 
96.509 276.0 
96.404 277.0 
96.275 278.0 
96.1 279.0 
95.422 280.0 
94.103 281.0 
92.105 282.0 
89.886 283.0 
89.407 284.0 
89.361 285.0 
89.361 286.0 
89.489 287.0 
89.419 288.0 
89.466 289.0 
89.221 290.0 
89.267 291.0 
89.326 292.0 
89.361 293.0 
89.186 294.0 
89.232 295.0 
89.314 296.0 
89.442 297.0 
89.232 298.0 
89.244 299.0 
89.279 300.0 
89.15 301.0 
89.267 302.0 
89.08 303.0 
89.15 304.0 
89.734 305.0 
89.15 306.0 
89.08 307.0 
88.566 308.0 
87.912 309.0 
86.476 310.0 
84.782 311.0 
82.224 312.0 
79.562 313.0 
76.607 314.0 
73.967 315.0 
71.339 316.0 
69.19 317.0 
67.263 318.0 
67.064 319.0 
66.831 320.0 
66.621 321.0 
66.644 322.0 
66.504 323.0 
66.504 324.0 
66.434 325.0 
66.34 326.0 
66.41 327.0 
66.317 328.0 
66.749 329.0 
66.387 330.0 
66.188 331.0 
66.142 332.0 
66.293 333.0 
66.188 334.0 
66.188 335.0 
66.177 336.0 
66.305 337.0 
66.247 338.0 
66.2 339.0 
66.574 340.0 
66.247 341.0 
66.212 342.0 
66.212 343.0 
66.212 344.0 
66.153 345.0 
66.107 346.0 
66.247 347.0 
66.223 348.0 
66.165 349.0 
66.13 350.0 
66.235 351.0 
66.223 352.0 
66.27 353.0 
66.258 354.0 
66.247 355.0 
66.212 356.0 
66.247 357.0 
66.177 358.0 
66.27 359.0 
66.247 360.0 
66.247 361.0 
66.188 362.0 
66.247 363.0 
66.2 364.0 
66.188 365.0 
66.212 366.0 
66.223 367.0 
66.2 368.0 
66.188 369.0 
66.2 370.0 
66.235 371.0 
66.223 372.0 
66.27 373.0 
66.258 374.0 
66.293 375.0 
66.305 376.0 
66.212 377.0 
66.223 378.0 
66.188 379.0 
66.223 380.0 
66.235 381.0 
66.235 382.0 
66.2 383.0 
66.2 384.0 
66.2 385.0 
66.258 386.0 
66.165 387.0 
66.177 388.0 
66.212 389.0 
66.223 390.0 
66.223 391.0 
66.2 392.0 
66.282 393.0 
66.188 394.0 
66.212 395.0 
66.317 396.0 
66.153 397.0 
66.235 398.0 
66.153 399.0 
66.188 400.0 
66.282 401.0 
66.247 402.0 
66.27 403.0 
66.247 404.0 
66.212 405.0 
66.165 406.0 
66.247 407.0 
66.177 408.0 
66.223 409.0 
66.165 410.0 
66.212 411.0 
66.235 412.0 
66.504 413.0 
66.27 414.0 
66.165 415.0 
66.247 416.0 
66.177 417.0 
66.293 418.0 
66.27 419.0 
66.188 420.0 
66.223 421.0 
66.247 422.0 
66.293 423.0 
66.2 424.0 
66.188 425.0 
66.212 426.0 
66.235 427.0 
66.165 428.0 
66.258 429.0 
66.188 430.0 
66.177 431.0 
66.223 432.0 
66.177 433.0 
66.223 434.0 
66.223 435.0 
66.247 436.0 
66.258 437.0 
66.153 438.0 
66.177 439.0 
66.177 440.0 
66.188 441.0 
66.212 442.0 
66.2 443.0 
66.153 444.0 
65.803 445.0 
65.254 446.0 
65.371 447.0 
65.336 448.0 
65.301 449.0 
65.242 450.0 
65.371 451.0 
65.336 452.0 
65.301 453.0 
65.324 454.0 
65.266 455.0 
65.277 456.0 
65.347 457.0 
65.242 458.0 
65.312 459.0 
65.289 460.0 
65.371 461.0 
65.347 462.0 
65.196 463.0 
65.324 464.0 
65.312 465.0 
65.359 466.0 
65.289 467.0 
65.277 468.0 
65.312 469.0 
65.231 470.0 
65.277 471.0 
65.312 472.0 
65.242 473.0 
65.324 474.0 
65.429 475.0 
65.324 476.0 
65.289 477.0 
65.301 478.0 
65.254 479.0 
65.336 480.0 
65.382 481.0 
65.324 482.0 
65.382 483.0 
65.301 484.0 
65.312 485.0 
65.254 486.0 
65.289 487.0 
65.347 488.0 
65.289 489.0 
65.312 490.0 
65.336 491.0 
65.312 492.0 
65.254 493.0 
65.347 494.0 
65.289 495.0 
65.266 496.0 
65.312 497.0 
65.359 498.0 
65.277 499.0 
65.266 500.0 
65.312 501.0 
65.347 502.0 
65.242 503.0 
65.231 504.0 
65.254 505.0 
65.266 506.0 
65.172 507.0 
65.511 508.0 
65.196 509.0 
65.231 510.0 
65.266 511.0 
65.289 512.0 
65.312 513.0 
65.312 514.0 
65.336 515.0 
65.324 516.0 
65.674 517.0 
65.184 518.0 
65.207 519.0 
65.231 520.0 
65.207 521.0 
65.219 522.0 
65.242 523.0 
65.254 524.0 
65.219 525.0 
65.196 526.0 
65.196 527.0 
65.219 528.0 
65.172 529.0 
65.172 530.0 
65.207 531.0 
65.301 532.0 
65.663 533.0 
65.242 534.0 
65.254 535.0 
65.254 536.0 
65.172 537.0 
65.102 538.0 
65.126 539.0 
65.126 540.0 
65.196 541.0 
65.126 542.0 
65.137 543.0 
65.102 544.0 
65.044 545.0 
65.02 546.0 
65.114 547.0 
65.055 548.0 
65.055 549.0 
65.009 550.0 
64.95 551.0 
65.126 552.0 
65.09 553.0 
65.02 554.0 
65.009 555.0 
65.09 556.0 
65.044 557.0 
65.02 558.0 
64.752 559.0 
65.079 560.0 
65.032 561.0 
64.997 562.0 
65.079 563.0 
64.997 564.0 
64.927 565.0 
65.044 566.0 
65.09 567.0 
64.985 568.0 
65.02 569.0 
65.032 570.0 
65.09 571.0 
65.055 572.0 
64.962 573.0 
65.044 574.0 
65.055 575.0 
65.371 576.0 
65.02 577.0 
65.02 578.0 
65.102 579.0 
65.067 580.0 
65.149 581.0 
65.09 582.0 
65.161 583.0 
65.079 584.0 
64.728 585.0 
65.055 586.0 
65.02 587.0 
65.067 588.0 
65.02 589.0 
65.09 590.0 
65.044 591.0 
65.09 592.0 
64.997 593.0 
65.102 594.0 
64.985 595.0 
65.079 596.0 
65.02 597.0 
65.032 598.0 
65.032 599.0 
65.009 600.0 
65.149 601.0 
65.079 602.0 
65.137 603.0 
65.044 604.0 
65.114 605.0 
65.032 606.0 
65.055 607.0 
65.02 608.0 
65.055 609.0 
65.114 610.0 
65.055 611.0 
65.102 612.0 
65.044 613.0 
65.09 614.0 
64.985 615.0 
65.055 616.0 
65.137 617.0 
65.044 618.0 
65.067 619.0 
64.577 620.0 
65.044 621.0 
65.09 622.0 
65.02 623.0 
65.067 624.0 
65.126 625.0 
65.009 626.0 
65.079 627.0 
65.126 628.0 
65.009 629.0 
65.055 630.0 
65.149 631.0 
64.997 632.0 
65.055 633.0 
65.382 634.0 
65.044 635.0 
65.067 636.0 
65.149 637.0 
65.044 638.0 
65.079 639.0 
65.09 640.0 
65.02 641.0 
65.079 642.0 
65.114 643.0 
64.985 644.0 
65.032 645.0 
65.067 646.0 
65.126 647.0 
65.044 648.0 
65.055 649.0 
65.079 650.0 
64.985 651.0 
65.02 652.0 
65.067 653.0 
65.09 654.0 
65.009 655.0 
65.055 656.0 
65.09 657.0 
65.126 658.0 
65.032 659.0 
65.044 660.0 
65.102 661.0 
65.149 662.0 
65.009 663.0 
65.079 664.0 
65.09 665.0 
65.126 666.0 
64.985 667.0 
65.067 668.0 
65.09 669.0 
65.114 670.0 
65.009 671.0 
65.02 672.0 
65.055 673.0 
65.09 674.0 
65.067 675.0 
65.009 676.0 
65.032 677.0 
65.09 678.0 
65.09 679.0 
65.137 680.0 
64.997 681.0 
65.067 682.0 
65.079 683.0 
65.079 684.0 
65.114 685.0 
65.114 686.0 
64.985 687.0 
65.055 688.0 
65.055 689.0 
65.079 690.0 
65.09 691.0 
65.149 692.0 
64.974 693.0 
65.009 694.0 
65.055 695.0 
65.102 696.0 
65.067 697.0 
65.126 698.0 
64.915 699.0 
64.985 700.0 
65.032 701.0 
65.067 702.0 
65.067 703.0 
65.102 704.0 
65.044 705.0 
65.09 706.0 
64.962 707.0 
65.009 708.0 
64.997 709.0 
65.032 710.0 
65.055 711.0 
65.079 712.0 
65.079 713.0 
65.102 714.0 
64.88 715.0 
65.009 716.0 
64.974 717.0 
65.032 718.0 
65.044 719.0 
65.044 720.0 
65.079 721.0 
65.079 722.0 
65.079 723.0 
65.126 724.0 
65.149 725.0 
64.962 726.0 
64.974 727.0 
64.997 728.0 
65.044 729.0 
65.02 730.0 
65.044 731.0 
65.067 732.0 
65.102 733.0 
65.09 734.0 
65.102 735.0 
65.067 736.0 
65.126 737.0 
65.161 738.0 
64.927 739.0 
64.997 740.0 
64.985 741.0 
64.997 742.0 
65.02 743.0 
64.985 744.0 
64.997 745.0 
65.032 746.0 
65.009 747.0 
65.02 748.0 
65.032 749.0 
65.02 750.0 
65.067 751.0 
65.02 752.0 
65.044 753.0 
65.02 754.0 
65.044 755.0 
65.032 756.0 
65.044 757.0 
65.055 758.0 
65.067 759.0 
65.067 760.0 
65.067 761.0 
65.079 762.0 
65.09 763.0 
65.079 764.0 
65.067 765.0 
65.067 766.0 
65.055 767.0 
65.055 768.0 
65.067 769.0 
65.055 770.0 
65.079 771.0 
65.032 772.0 
65.067 773.0 
65.055 774.0 
65.114 775.0 
65.09 776.0 
65.09 777.0 
65.055 778.0 
65.067 779.0 
65.067 780.0 
65.067 781.0 
65.079 782.0 
65.102 783.0 
65.055 784.0 
65.079 785.0 
65.09 786.0 
65.067 787.0 
65.067 788.0 
65.09 789.0 
65.079 790.0 
65.055 791.0 
65.055 792.0 
65.032 793.0 
65.055 794.0 
65.09 795.0 
65.044 796.0 
65.067 797.0 
65.044 798.0 
65.044 799.0 
65.044 800.0 
65.032 801.0 
65.044 802.0 
65.067 803.0 
65.055 804.0 
0.0 805.0 
0.0 806.0 
0.01 807.0 
-0.002 808.0 
-0.012 809.0 
-0.005 810.0 
-0.012 811.0 
-0.023 812.0 
-0.022 813.0 
-0.026 814.0 
-0.037 815.0 
-0.037 816.0 
-0.032 817.0 
-0.035 818.0 
-0.053 819.0 
-0.049 820.0 
-0.043 821.0 
-0.036 822.0 
-0.036 823.0 
-0.041 824.0 
-0.037 825.0 
-0.031 826.0 
-0.035 827.0 
-0.03 828.0 
-0.028 829.0 
