-0.042 257.0 
-0.025 258.0 
-0.03 259.0 
-0.029 260.0 
-0.024 261.0 
-0.041 262.0 
-0.049 263.0 
-0.035 264.0 
-0.031 265.0 
-0.143 266.0 
-0.048 267.0 
-0.048 268.0 
-0.035 269.0 
-0.026 270.0 
-0.037 271.0 
-0.043 272.0 
-0.05 273.0 
-0.022 274.0 
259.367 275.0 
256.35 276.0 
254.609 277.0 
252.404 278.0 
250.199 279.0 
248.807 280.0 
246.254 281.0 
246.37 282.0 
242.076 283.0 
241.496 284.0 
241.496 285.0 
240.799 286.0 
240.335 287.0 
240.451 288.0 
240.335 289.0 
239.523 290.0 
239.523 291.0 
239.175 292.0 
239.059 293.0 
238.13 294.0 
238.246 295.0 
238.479 296.0 
238.827 297.0 
237.898 298.0 
237.898 299.0 
237.318 300.0 
237.318 301.0 
237.318 302.0 
236.854 303.0 
237.434 304.0 
238.014 305.0 
236.97 306.0 
237.086 307.0 
236.622 308.0 
237.086 309.0 
236.506 310.0 
236.854 311.0 
236.39 312.0 
236.854 313.0 
236.158 314.0 
236.738 315.0 
236.622 316.0 
236.622 317.0 
236.506 318.0 
232.444 319.0 
236.274 320.0 
235.925 321.0 
236.274 322.0 
236.042 323.0 
236.274 324.0 
236.274 325.0 
236.622 326.0 
236.39 327.0 
236.042 328.0 
241.96 329.0 
236.39 330.0 
236.274 331.0 
237.898 332.0 
236.39 333.0 
236.39 334.0 
236.506 335.0 
236.738 336.0 
236.39 337.0 
236.042 338.0 
239.059 339.0 
236.39 340.0 
236.158 341.0 
236.158 342.0 
231.98 343.0 
236.158 344.0 
236.158 345.0 
236.042 346.0 
235.809 347.0 
235.229 348.0 
236.274 349.0 
236.39 350.0 
236.274 351.0 
236.158 352.0 
236.158 353.0 
235.577 354.0 
234.997 355.0 
236.622 356.0 
236.506 357.0 
236.39 358.0 
236.622 359.0 
236.854 360.0 
236.506 361.0 
235.925 362.0 
236.39 363.0 
235.809 364.0 
236.39 365.0 
236.274 366.0 
236.274 367.0 
236.042 368.0 
236.042 369.0 
236.274 370.0 
235.925 371.0 
236.158 372.0 
236.39 373.0 
236.622 374.0 
236.854 375.0 
237.202 376.0 
235.925 377.0 
236.274 378.0 
236.506 379.0 
236.506 380.0 
236.39 381.0 
235.461 382.0 
236.158 383.0 
236.274 384.0 
236.158 385.0 
236.39 386.0 
235.577 387.0 
236.274 388.0 
236.158 389.0 
236.158 390.0 
236.506 391.0 
235.925 392.0 
236.854 393.0 
236.042 394.0 
236.39 395.0 
236.622 396.0 
236.042 397.0 
236.506 398.0 
235.461 399.0 
236.506 400.0 
236.622 401.0 
236.042 402.0 
236.506 403.0 
236.274 404.0 
236.274 405.0 
236.042 406.0 
236.274 407.0 
236.158 408.0 
236.39 409.0 
236.042 410.0 
236.158 411.0 
236.506 412.0 
237.086 413.0 
236.622 414.0 
236.158 415.0 
236.506 416.0 
236.158 417.0 
236.738 418.0 
236.39 419.0 
236.274 420.0 
236.39 421.0 
236.158 422.0 
236.158 423.0 
236.158 424.0 
236.506 425.0 
236.39 426.0 
236.506 427.0 
236.39 428.0 
236.158 429.0 
235.925 430.0 
236.158 431.0 
236.622 432.0 
236.506 433.0 
236.158 434.0 
236.042 435.0 
236.506 436.0 
236.97 437.0 
236.39 438.0 
235.925 439.0 
235.809 440.0 
236.274 441.0 
236.042 442.0 
236.158 443.0 
236.042 444.0 
236.274 445.0 
236.042 446.0 
236.158 447.0 
236.274 448.0 
237.782 449.0 
236.274 450.0 
236.39 451.0 
236.158 452.0 
236.39 453.0 
236.39 454.0 
236.622 455.0 
234.533 456.0 
236.506 457.0 
236.042 458.0 
236.738 459.0 
236.738 460.0 
236.506 461.0 
236.158 462.0 
236.622 463.0 
235.925 464.0 
236.39 465.0 
236.622 466.0 
236.158 467.0 
236.158 468.0 
236.506 469.0 
236.506 470.0 
236.042 471.0 
236.506 472.0 
234.765 473.0 
236.39 474.0 
236.854 475.0 
236.622 476.0 
236.158 477.0 
236.39 478.0 
236.274 479.0 
236.622 480.0 
236.738 481.0 
236.506 482.0 
236.506 483.0 
236.042 484.0 
236.506 485.0 
236.274 486.0 
236.158 487.0 
236.738 488.0 
236.274 489.0 
236.042 490.0 
236.738 491.0 
236.274 492.0 
236.738 493.0 
236.97 494.0 
236.738 495.0 
236.158 496.0 
236.274 497.0 
236.622 498.0 
236.506 499.0 
236.39 500.0 
236.506 501.0 
236.738 502.0 
236.042 503.0 
236.274 504.0 
236.39 505.0 
236.274 506.0 
233.837 507.0 
238.13 508.0 
235.925 509.0 
236.158 510.0 
236.274 511.0 
236.39 512.0 
236.39 513.0 
236.39 514.0 
236.622 515.0 
235.229 516.0 
238.362 517.0 
235.693 518.0 
236.158 519.0 
236.274 520.0 
236.39 521.0 
235.925 522.0 
235.925 523.0 
235.925 524.0 
236.274 525.0 
236.042 526.0 
235.925 527.0 
235.925 528.0 
236.158 529.0 
235.693 530.0 
235.577 531.0 
236.506 532.0 
237.782 533.0 
236.39 534.0 
236.39 535.0 
236.622 536.0 
236.39 537.0 
236.274 538.0 
236.042 539.0 
236.158 540.0 
236.622 541.0 
235.461 542.0 
236.158 543.0 
236.042 544.0 
236.39 545.0 
235.809 546.0 
236.738 547.0 
235.809 548.0 
236.042 549.0 
236.274 550.0 
235.345 551.0 
236.39 552.0 
236.274 553.0 
236.158 554.0 
236.506 555.0 
236.274 556.0 
236.274 557.0 
235.925 558.0 
232.792 559.0 
236.274 560.0 
236.39 561.0 
235.345 562.0 
236.042 563.0 
235.577 564.0 
235.577 565.0 
235.925 566.0 
235.809 567.0 
235.809 568.0 
235.345 569.0 
235.809 570.0 
236.158 571.0 
236.39 572.0 
236.158 573.0 
236.042 574.0 
235.925 575.0 
236.274 576.0 
236.274 577.0 
236.274 578.0 
236.622 579.0 
236.274 580.0 
236.506 581.0 
236.274 582.0 
236.274 583.0 
236.158 584.0 
231.864 585.0 
236.39 586.0 
236.158 587.0 
236.274 588.0 
236.506 589.0 
236.158 590.0 
236.274 591.0 
236.274 592.0 
236.39 593.0 
236.39 594.0 
236.274 595.0 
236.274 596.0 
235.925 597.0 
236.506 598.0 
236.274 599.0 
236.506 600.0 
236.854 601.0 
236.274 602.0 
236.506 603.0 
236.274 604.0 
236.506 605.0 
235.925 606.0 
236.274 607.0 
236.158 608.0 
236.158 609.0 
236.506 610.0 
236.274 611.0 
236.854 612.0 
236.39 613.0 
236.506 614.0 
236.042 615.0 
235.809 616.0 
236.39 617.0 
235.809 618.0 
236.39 619.0 
234.069 620.0 
236.622 621.0 
236.042 622.0 
236.042 623.0 
236.39 624.0 
236.506 625.0 
236.042 626.0 
236.39 627.0 
236.158 628.0 
236.274 629.0 
236.042 630.0 
236.854 631.0 
236.042 632.0 
236.506 633.0 
238.13 634.0 
236.506 635.0 
236.622 636.0 
236.622 637.0 
236.274 638.0 
236.506 639.0 
236.622 640.0 
236.506 641.0 
235.925 642.0 
236.39 643.0 
236.042 644.0 
236.042 645.0 
236.506 646.0 
236.622 647.0 
235.925 648.0 
236.274 649.0 
236.506 650.0 
236.39 651.0 
235.577 652.0 
236.506 653.0 
236.622 654.0 
236.042 655.0 
235.925 656.0 
236.274 657.0 
236.622 658.0 
236.738 659.0 
236.39 660.0 
236.506 661.0 
236.042 662.0 
235.925 663.0 
236.274 664.0 
236.622 665.0 
236.97 666.0 
236.042 667.0 
236.042 668.0 
236.506 669.0 
236.39 670.0 
235.925 671.0 
236.506 672.0 
236.738 673.0 
236.506 674.0 
236.506 675.0 
236.274 676.0 
236.158 677.0 
236.39 678.0 
236.39 679.0 
236.854 680.0 
236.158 681.0 
236.042 682.0 
236.158 683.0 
236.158 684.0 
236.274 685.0 
236.39 686.0 
235.461 687.0 
236.39 688.0 
236.274 689.0 
236.274 690.0 
236.274 691.0 
236.738 692.0 
236.042 693.0 
236.274 694.0 
236.274 695.0 
236.39 696.0 
236.158 697.0 
236.622 698.0 
235.693 699.0 
236.506 700.0 
236.506 701.0 
236.622 702.0 
236.158 703.0 
236.158 704.0 
236.274 705.0 
236.042 706.0 
236.158 707.0 
235.925 708.0 
236.158 709.0 
236.158 710.0 
236.158 711.0 
236.738 712.0 
236.622 713.0 
236.622 714.0 
235.229 715.0 
235.925 716.0 
236.042 717.0 
236.39 718.0 
236.39 719.0 
236.042 720.0 
236.506 721.0 
236.506 722.0 
236.042 723.0 
236.506 724.0 
236.622 725.0 
236.042 726.0 
235.925 727.0 
236.042 728.0 
236.158 729.0 
235.925 730.0 
236.39 731.0 
236.158 732.0 
236.622 733.0 
236.39 734.0 
236.506 735.0 
236.622 736.0 
236.622 737.0 
236.506 738.0 
236.158 739.0 
236.158 740.0 
235.925 741.0 
235.925 742.0 
236.042 743.0 
236.158 744.0 
236.158 745.0 
236.158 746.0 
236.042 747.0 
236.042 748.0 
236.158 749.0 
236.042 750.0 
235.925 751.0 
236.158 752.0 
236.042 753.0 
236.39 754.0 
236.39 755.0 
236.39 756.0 
236.39 757.0 
236.506 758.0 
236.506 759.0 
236.506 760.0 
236.39 761.0 
236.274 762.0 
236.39 763.0 
236.274 764.0 
236.39 765.0 
236.042 766.0 
236.158 767.0 
236.622 768.0 
236.39 769.0 
236.506 770.0 
236.158 771.0 
236.506 772.0 
236.854 773.0 
236.506 774.0 
236.622 775.0 
236.042 776.0 
236.506 777.0 
236.39 778.0 
236.39 779.0 
236.506 780.0 
236.506 781.0 
235.925 782.0 
236.042 783.0 
236.274 784.0 
236.158 785.0 
236.274 786.0 
236.39 787.0 
236.506 788.0 
236.158 789.0 
236.158 790.0 
236.158 791.0 
236.506 792.0 
236.39 793.0 
236.39 794.0 
236.042 795.0 
236.506 796.0 
236.274 797.0 
236.274 798.0 
236.158 799.0 
236.39 800.0 
236.506 801.0 
236.274 802.0 
236.042 803.0 
236.158 804.0 
0.041 805.0 
0.025 806.0 
0.034 807.0 
0.022 808.0 
0.012 809.0 
-0.002 810.0 
-0.026 811.0 
-0.055 812.0 
-0.065 813.0 
-0.097 814.0 
-0.104 815.0 
-0.121 816.0 
-0.128 817.0 
-0.133 818.0 
-0.152 819.0 
-0.155 820.0 
-0.15 821.0 
-0.14 822.0 
-0.144 823.0 
-0.146 824.0 
-0.128 825.0 
-0.12 826.0 
-0.116 827.0 
-0.105 828.0 
-0.081 829.0 
