-0.018 257.0 
-0.037 258.0 
-0.038 259.0 
0.0 260.0 
-0.016 261.0 
-0.025 262.0 
-0.018 263.0 
-0.023 264.0 
-0.019 265.0 
-0.036 266.0 
-0.031 267.0 
-0.026 268.0 
-0.04 269.0 
-0.018 270.0 
-0.023 271.0 
-0.031 272.0 
-0.022 273.0 
-0.019 274.0 
258.903 275.0 
256.118 276.0 
255.073 277.0 
252.752 278.0 
250.548 279.0 
249.039 280.0 
246.95 281.0 
244.745 282.0 
242.656 283.0 
242.888 284.0 
242.192 285.0 
242.076 286.0 
241.38 287.0 
241.148 288.0 
241.264 289.0 
241.032 290.0 
239.987 291.0 
240.103 292.0 
239.987 293.0 
237.898 294.0 
239.523 295.0 
239.523 296.0 
239.523 297.0 
238.595 298.0 
238.595 299.0 
239.175 300.0 
238.246 301.0 
238.595 302.0 
237.202 303.0 
237.898 304.0 
238.479 305.0 
237.782 306.0 
237.666 307.0 
237.434 308.0 
237.55 309.0 
236.854 310.0 
237.434 311.0 
237.202 312.0 
237.434 313.0 
237.086 314.0 
237.666 315.0 
237.55 316.0 
237.434 317.0 
237.086 318.0 
237.086 319.0 
237.434 320.0 
234.301 321.0 
236.97 322.0 
236.622 323.0 
236.738 324.0 
237.086 325.0 
238.13 326.0 
237.086 327.0 
236.738 328.0 
242.424 329.0 
237.086 330.0 
236.738 331.0 
239.291 332.0 
237.202 333.0 
236.97 334.0 
236.854 335.0 
237.318 336.0 
237.086 337.0 
236.854 338.0 
239.987 339.0 
236.97 340.0 
237.318 341.0 
236.622 342.0 
230.471 343.0 
236.854 344.0 
236.738 345.0 
236.506 346.0 
236.274 347.0 
235.693 348.0 
236.97 349.0 
236.854 350.0 
236.506 351.0 
237.086 352.0 
237.086 353.0 
235.809 354.0 
235.809 355.0 
236.854 356.0 
236.854 357.0 
237.086 358.0 
237.202 359.0 
237.202 360.0 
237.434 361.0 
236.854 362.0 
236.97 363.0 
236.738 364.0 
236.854 365.0 
236.738 366.0 
237.202 367.0 
236.854 368.0 
236.854 369.0 
236.854 370.0 
236.854 371.0 
236.97 372.0 
236.97 373.0 
237.318 374.0 
237.434 375.0 
238.13 376.0 
236.622 377.0 
236.738 378.0 
236.854 379.0 
237.086 380.0 
237.086 381.0 
237.202 382.0 
236.39 383.0 
236.738 384.0 
236.738 385.0 
237.318 386.0 
236.158 387.0 
236.506 388.0 
236.97 389.0 
236.622 390.0 
236.854 391.0 
236.622 392.0 
237.202 393.0 
236.854 394.0 
237.318 395.0 
237.318 396.0 
236.854 397.0 
236.97 398.0 
236.506 399.0 
236.97 400.0 
237.086 401.0 
237.202 402.0 
237.086 403.0 
236.622 404.0 
236.854 405.0 
236.738 406.0 
236.97 407.0 
236.622 408.0 
237.086 409.0 
236.506 410.0 
236.622 411.0 
236.738 412.0 
237.782 413.0 
237.202 414.0 
236.738 415.0 
237.086 416.0 
236.506 417.0 
237.202 418.0 
236.97 419.0 
236.738 420.0 
237.434 421.0 
236.854 422.0 
237.318 423.0 
236.738 424.0 
236.854 425.0 
236.97 426.0 
237.202 427.0 
236.506 428.0 
236.622 429.0 
236.506 430.0 
236.738 431.0 
237.202 432.0 
237.086 433.0 
236.97 434.0 
236.97 435.0 
236.97 436.0 
237.434 437.0 
236.622 438.0 
236.622 439.0 
237.086 440.0 
236.97 441.0 
236.854 442.0 
236.854 443.0 
236.854 444.0 
236.622 445.0 
237.086 446.0 
236.854 447.0 
236.854 448.0 
236.854 449.0 
237.202 450.0 
236.738 451.0 
236.854 452.0 
236.854 453.0 
236.97 454.0 
237.086 455.0 
235.577 456.0 
236.854 457.0 
236.622 458.0 
237.086 459.0 
237.318 460.0 
237.086 461.0 
236.622 462.0 
236.97 463.0 
237.086 464.0 
237.086 465.0 
237.202 466.0 
236.738 467.0 
236.622 468.0 
237.086 469.0 
236.738 470.0 
236.97 471.0 
236.97 472.0 
236.274 473.0 
237.086 474.0 
237.782 475.0 
237.086 476.0 
236.738 477.0 
236.622 478.0 
236.854 479.0 
236.97 480.0 
237.318 481.0 
237.086 482.0 
236.97 483.0 
236.97 484.0 
237.086 485.0 
236.854 486.0 
236.506 487.0 
237.434 488.0 
237.086 489.0 
236.854 490.0 
237.086 491.0 
236.854 492.0 
237.086 493.0 
237.202 494.0 
236.738 495.0 
236.854 496.0 
237.318 497.0 
237.202 498.0 
236.738 499.0 
236.854 500.0 
236.97 501.0 
237.434 502.0 
236.622 503.0 
236.738 504.0 
236.738 505.0 
236.622 506.0 
232.792 507.0 
239.987 508.0 
236.506 509.0 
236.622 510.0 
236.738 511.0 
236.506 512.0 
237.434 513.0 
236.97 514.0 
236.97 515.0 
237.086 516.0 
236.97 517.0 
236.274 518.0 
236.274 519.0 
236.854 520.0 
236.854 521.0 
236.622 522.0 
236.39 523.0 
236.622 524.0 
236.738 525.0 
236.738 526.0 
236.158 527.0 
235.809 528.0 
236.274 529.0 
235.925 530.0 
236.506 531.0 
237.086 532.0 
236.738 533.0 
236.738 534.0 
236.854 535.0 
236.97 536.0 
236.97 537.0 
236.158 538.0 
236.854 539.0 
236.622 540.0 
237.202 541.0 
236.506 542.0 
236.39 543.0 
236.738 544.0 
236.506 545.0 
236.622 546.0 
236.854 547.0 
236.506 548.0 
236.39 549.0 
236.39 550.0 
234.881 551.0 
236.97 552.0 
236.854 553.0 
236.854 554.0 
236.854 555.0 
237.202 556.0 
236.506 557.0 
236.506 558.0 
231.864 559.0 
236.854 560.0 
237.086 561.0 
235.809 562.0 
236.738 563.0 
236.39 564.0 
235.925 565.0 
236.854 566.0 
236.158 567.0 
236.158 568.0 
236.97 569.0 
236.506 570.0 
236.738 571.0 
236.738 572.0 
236.39 573.0 
236.506 574.0 
236.622 575.0 
239.755 576.0 
236.39 577.0 
236.622 578.0 
236.738 579.0 
236.738 580.0 
237.202 581.0 
236.506 582.0 
236.738 583.0 
236.854 584.0 
232.328 585.0 
236.97 586.0 
236.738 587.0 
236.854 588.0 
236.506 589.0 
236.622 590.0 
236.506 591.0 
236.854 592.0 
236.854 593.0 
237.086 594.0 
236.738 595.0 
236.506 596.0 
236.506 597.0 
237.086 598.0 
236.738 599.0 
237.086 600.0 
237.318 601.0 
236.738 602.0 
236.738 603.0 
236.738 604.0 
236.854 605.0 
236.39 606.0 
236.97 607.0 
236.39 608.0 
236.622 609.0 
236.622 610.0 
236.854 611.0 
236.97 612.0 
236.854 613.0 
236.854 614.0 
236.622 615.0 
236.506 616.0 
237.318 617.0 
235.925 618.0 
236.854 619.0 
231.98 620.0 
236.738 621.0 
236.738 622.0 
236.506 623.0 
236.854 624.0 
236.97 625.0 
236.506 626.0 
236.622 627.0 
236.97 628.0 
236.622 629.0 
236.39 630.0 
236.97 631.0 
236.39 632.0 
236.854 633.0 
239.175 634.0 
236.622 635.0 
236.854 636.0 
236.854 637.0 
236.622 638.0 
236.97 639.0 
236.97 640.0 
236.622 641.0 
236.622 642.0 
236.97 643.0 
236.39 644.0 
236.158 645.0 
236.622 646.0 
236.97 647.0 
236.158 648.0 
236.622 649.0 
236.854 650.0 
236.158 651.0 
236.506 652.0 
236.738 653.0 
236.97 654.0 
236.738 655.0 
236.622 656.0 
236.506 657.0 
236.854 658.0 
236.506 659.0 
237.086 660.0 
237.086 661.0 
236.97 662.0 
236.158 663.0 
236.506 664.0 
236.97 665.0 
237.086 666.0 
236.39 667.0 
236.39 668.0 
236.854 669.0 
236.738 670.0 
236.39 671.0 
236.738 672.0 
236.738 673.0 
236.738 674.0 
236.506 675.0 
236.854 676.0 
236.738 677.0 
236.506 678.0 
236.738 679.0 
237.086 680.0 
236.738 681.0 
236.506 682.0 
236.39 683.0 
237.202 684.0 
236.97 685.0 
236.97 686.0 
236.39 687.0 
236.97 688.0 
236.97 689.0 
236.738 690.0 
236.738 691.0 
237.086 692.0 
236.622 693.0 
236.738 694.0 
236.622 695.0 
236.97 696.0 
236.738 697.0 
236.622 698.0 
235.229 699.0 
236.738 700.0 
236.738 701.0 
236.622 702.0 
236.738 703.0 
236.854 704.0 
236.39 705.0 
237.086 706.0 
236.39 707.0 
236.622 708.0 
236.622 709.0 
236.738 710.0 
236.738 711.0 
236.854 712.0 
237.318 713.0 
236.97 714.0 
236.042 715.0 
236.622 716.0 
236.622 717.0 
236.854 718.0 
236.506 719.0 
236.622 720.0 
236.97 721.0 
236.622 722.0 
236.854 723.0 
237.086 724.0 
237.086 725.0 
236.042 726.0 
236.506 727.0 
236.622 728.0 
236.738 729.0 
236.622 730.0 
236.622 731.0 
236.854 732.0 
236.97 733.0 
236.854 734.0 
236.97 735.0 
237.086 736.0 
237.318 737.0 
236.854 738.0 
235.693 739.0 
236.854 740.0 
236.622 741.0 
236.738 742.0 
236.39 743.0 
236.506 744.0 
236.622 745.0 
236.506 746.0 
236.506 747.0 
236.738 748.0 
236.506 749.0 
236.506 750.0 
236.506 751.0 
236.738 752.0 
236.738 753.0 
236.738 754.0 
236.854 755.0 
236.97 756.0 
236.854 757.0 
236.97 758.0 
236.738 759.0 
237.202 760.0 
236.854 761.0 
236.622 762.0 
236.506 763.0 
236.506 764.0 
236.854 765.0 
236.97 766.0 
236.506 767.0 
236.738 768.0 
236.738 769.0 
236.854 770.0 
236.738 771.0 
236.854 772.0 
236.854 773.0 
237.086 774.0 
236.622 775.0 
236.738 776.0 
236.506 777.0 
236.854 778.0 
236.738 779.0 
236.854 780.0 
237.202 781.0 
236.854 782.0 
236.738 783.0 
236.854 784.0 
236.97 785.0 
236.97 786.0 
236.97 787.0 
236.738 788.0 
236.854 789.0 
236.506 790.0 
236.622 791.0 
236.854 792.0 
236.854 793.0 
236.97 794.0 
236.622 795.0 
236.622 796.0 
236.854 797.0 
236.39 798.0 
236.738 799.0 
236.854 800.0 
236.854 801.0 
236.854 802.0 
236.39 803.0 
236.622 804.0 
0.041 805.0 
0.035 806.0 
0.03 807.0 
0.025 808.0 
0.007 809.0 
-0.016 810.0 
-0.025 811.0 
-0.049 812.0 
-0.078 813.0 
-0.097 814.0 
-0.108 815.0 
-0.117 816.0 
-0.131 817.0 
-0.141 818.0 
-0.146 819.0 
-0.14 820.0 
-0.139 821.0 
-0.141 822.0 
-0.135 823.0 
-0.123 824.0 
-0.107 825.0 
-0.105 826.0 
-0.095 827.0 
-0.085 828.0 
-0.071 829.0 
