-0.034 257.0 
-0.044 258.0 
-0.026 259.0 
-0.032 260.0 
-0.028 261.0 
-0.061 262.0 
-0.046 263.0 
-0.04 264.0 
-0.025 265.0 
-0.05 266.0 
-0.055 267.0 
-0.04 268.0 
-0.031 269.0 
-0.017 270.0 
-0.031 271.0 
-0.044 272.0 
-0.034 273.0 
-0.047 274.0 
275.846 275.0 
272.016 276.0 
270.624 277.0 
269.115 278.0 
267.491 279.0 
265.402 280.0 
263.893 281.0 
262.5 282.0 
260.18 283.0 
260.644 284.0 
260.063 285.0 
259.831 286.0 
259.947 287.0 
259.831 288.0 
259.831 289.0 
259.599 290.0 
259.135 291.0 
258.555 292.0 
258.787 293.0 
259.251 294.0 
258.091 295.0 
258.323 296.0 
258.207 297.0 
257.394 298.0 
257.626 299.0 
257.975 300.0 
257.394 301.0 
257.859 302.0 
256.582 303.0 
257.278 304.0 
257.394 305.0 
257.394 306.0 
257.162 307.0 
256.698 308.0 
257.278 309.0 
256.35 310.0 
257.046 311.0 
256.466 312.0 
256.698 313.0 
256.582 314.0 
257.278 315.0 
256.582 316.0 
256.698 317.0 
256.002 318.0 
256.582 319.0 
256.234 320.0 
245.79 321.0 
255.77 322.0 
256.002 323.0 
256.466 324.0 
256.234 325.0 
257.162 326.0 
256.35 327.0 
256.234 328.0 
256.93 329.0 
256.35 330.0 
256.466 331.0 
258.671 332.0 
256.582 333.0 
256.582 334.0 
257.162 335.0 
256.582 336.0 
256.582 337.0 
256.234 338.0 
256.582 339.0 
256.234 340.0 
256.002 341.0 
256.118 342.0 
256.35 343.0 
256.234 344.0 
256.234 345.0 
256.234 346.0 
255.886 347.0 
256.582 348.0 
256.814 349.0 
256.582 350.0 
256.35 351.0 
256.698 352.0 
256.118 353.0 
253.217 354.0 
256.582 355.0 
256.35 356.0 
256.582 357.0 
256.118 358.0 
256.582 359.0 
256.234 360.0 
256.466 361.0 
256.118 362.0 
256.35 363.0 
256.234 364.0 
256.002 365.0 
256.118 366.0 
256.35 367.0 
255.886 368.0 
256.466 369.0 
256.582 370.0 
256.466 371.0 
256.582 372.0 
256.698 373.0 
256.466 374.0 
256.814 375.0 
259.715 376.0 
255.305 377.0 
256.234 378.0 
256.35 379.0 
256.118 380.0 
256.35 381.0 
256.698 382.0 
256.002 383.0 
256.35 384.0 
256.002 385.0 
256.466 386.0 
255.77 387.0 
256.118 388.0 
256.234 389.0 
256.698 390.0 
256.582 391.0 
256.234 392.0 
256.698 393.0 
256.234 394.0 
256.698 395.0 
257.046 396.0 
255.886 397.0 
256.234 398.0 
253.681 399.0 
256.234 400.0 
256.35 401.0 
256.466 402.0 
256.698 403.0 
256.35 404.0 
256.35 405.0 
255.77 406.0 
256.698 407.0 
256.582 408.0 
256.582 409.0 
256.35 410.0 
256.35 411.0 
256.582 412.0 
257.046 413.0 
257.046 414.0 
256.234 415.0 
256.582 416.0 
256.234 417.0 
257.278 418.0 
256.698 419.0 
256.118 420.0 
256.118 421.0 
256.466 422.0 
256.582 423.0 
256.466 424.0 
255.886 425.0 
256.466 426.0 
256.698 427.0 
256.35 428.0 
256.234 429.0 
256.118 430.0 
256.698 431.0 
256.582 432.0 
256.814 433.0 
256.582 434.0 
256.35 435.0 
256.582 436.0 
257.162 437.0 
255.654 438.0 
256.35 439.0 
256.466 440.0 
256.582 441.0 
256.234 442.0 
256.582 443.0 
256.35 444.0 
256.466 445.0 
256.582 446.0 
256.814 447.0 
256.582 448.0 
256.466 449.0 
257.742 450.0 
256.234 451.0 
256.814 452.0 
256.35 453.0 
256.466 454.0 
256.814 455.0 
256.93 456.0 
256.234 457.0 
256.234 458.0 
256.582 459.0 
256.35 460.0 
256.35 461.0 
256.234 462.0 
256.466 463.0 
256.234 464.0 
256.582 465.0 
256.814 466.0 
256.93 467.0 
256.118 468.0 
256.582 469.0 
256.814 470.0 
256.814 471.0 
256.582 472.0 
256.814 473.0 
256.698 474.0 
256.93 475.0 
256.698 476.0 
256.35 477.0 
256.35 478.0 
256.35 479.0 
256.35 480.0 
256.698 481.0 
256.234 482.0 
256.582 483.0 
256.466 484.0 
256.35 485.0 
256.582 486.0 
256.002 487.0 
256.93 488.0 
256.466 489.0 
256.814 490.0 
256.814 491.0 
256.582 492.0 
256.698 493.0 
256.698 494.0 
256.698 495.0 
256.582 496.0 
256.582 497.0 
256.698 498.0 
256.234 499.0 
256.002 500.0 
256.466 501.0 
256.466 502.0 
256.234 503.0 
256.002 504.0 
256.234 505.0 
256.582 506.0 
251.244 507.0 
259.251 508.0 
256.35 509.0 
256.466 510.0 
256.35 511.0 
256.698 512.0 
256.234 513.0 
256.35 514.0 
256.93 515.0 
256.698 516.0 
256.35 517.0 
255.654 518.0 
256.002 519.0 
256.118 520.0 
256.002 521.0 
256.118 522.0 
256.582 523.0 
256.118 524.0 
256.35 525.0 
256.234 526.0 
256.234 527.0 
255.77 528.0 
256.118 529.0 
255.654 530.0 
256.234 531.0 
256.582 532.0 
256.814 533.0 
256.35 534.0 
256.466 535.0 
256.582 536.0 
256.002 537.0 
256.35 538.0 
256.002 539.0 
256.35 540.0 
256.93 541.0 
256.698 542.0 
256.234 543.0 
256.118 544.0 
255.886 545.0 
256.002 546.0 
256.814 547.0 
256.698 548.0 
256.582 549.0 
256.466 550.0 
255.073 551.0 
256.814 552.0 
256.582 553.0 
256.118 554.0 
256.35 555.0 
256.698 556.0 
256.35 557.0 
256.118 558.0 
255.886 559.0 
256.234 560.0 
256.582 561.0 
255.422 562.0 
256.466 563.0 
256.234 564.0 
255.422 565.0 
256.35 566.0 
255.77 567.0 
256.466 568.0 
256.35 569.0 
256.118 570.0 
256.93 571.0 
256.35 572.0 
256.234 573.0 
256.002 574.0 
256.118 575.0 
256.466 576.0 
256.234 577.0 
255.77 578.0 
256.466 579.0 
256.466 580.0 
256.698 581.0 
256.35 582.0 
256.698 583.0 
256.466 584.0 
256.698 585.0 
256.466 586.0 
256.582 587.0 
256.466 588.0 
256.466 589.0 
256.582 590.0 
256.35 591.0 
256.466 592.0 
256.466 593.0 
256.234 594.0 
256.466 595.0 
256.814 596.0 
256.118 597.0 
256.118 598.0 
256.35 599.0 
256.35 600.0 
256.582 601.0 
256.582 602.0 
256.234 603.0 
256.118 604.0 
256.698 605.0 
256.118 606.0 
256.93 607.0 
256.234 608.0 
256.698 609.0 
256.93 610.0 
256.582 611.0 
256.814 612.0 
256.466 613.0 
256.582 614.0 
256.234 615.0 
256.582 616.0 
256.582 617.0 
256.002 618.0 
256.234 619.0 
253.101 620.0 
256.35 621.0 
256.466 622.0 
256.118 623.0 
256.118 624.0 
256.35 625.0 
256.35 626.0 
256.466 627.0 
256.814 628.0 
256.234 629.0 
256.35 630.0 
256.814 631.0 
256.118 632.0 
256.466 633.0 
256.814 634.0 
256.698 635.0 
256.698 636.0 
256.35 637.0 
256.35 638.0 
256.698 639.0 
256.582 640.0 
256.118 641.0 
256.466 642.0 
256.582 643.0 
255.886 644.0 
256.35 645.0 
256.582 646.0 
256.698 647.0 
256.466 648.0 
256.234 649.0 
256.582 650.0 
256.234 651.0 
256.698 652.0 
256.582 653.0 
256.93 654.0 
256.35 655.0 
256.582 656.0 
256.118 657.0 
256.466 658.0 
256.466 659.0 
256.698 660.0 
256.582 661.0 
256.582 662.0 
255.654 663.0 
256.118 664.0 
256.35 665.0 
256.466 666.0 
256.466 667.0 
256.35 668.0 
256.698 669.0 
256.698 670.0 
256.582 671.0 
256.466 672.0 
256.466 673.0 
256.466 674.0 
256.814 675.0 
256.35 676.0 
256.234 677.0 
256.35 678.0 
256.466 679.0 
256.35 680.0 
256.118 681.0 
256.002 682.0 
256.35 683.0 
256.35 684.0 
256.698 685.0 
256.814 686.0 
256.35 687.0 
256.582 688.0 
256.582 689.0 
256.698 690.0 
256.698 691.0 
256.814 692.0 
256.002 693.0 
256.582 694.0 
256.582 695.0 
256.582 696.0 
256.466 697.0 
256.234 698.0 
254.493 699.0 
256.118 700.0 
256.234 701.0 
256.234 702.0 
256.466 703.0 
256.466 704.0 
256.582 705.0 
256.582 706.0 
256.118 707.0 
256.234 708.0 
256.466 709.0 
256.35 710.0 
256.466 711.0 
256.582 712.0 
256.93 713.0 
256.93 714.0 
257.278 715.0 
256.234 716.0 
256.002 717.0 
256.002 718.0 
256.234 719.0 
256.466 720.0 
256.582 721.0 
256.466 722.0 
256.582 723.0 
256.582 724.0 
256.698 725.0 
256.35 726.0 
256.466 727.0 
256.35 728.0 
256.466 729.0 
256.582 730.0 
256.35 731.0 
256.814 732.0 
256.466 733.0 
256.698 734.0 
256.582 735.0 
256.814 736.0 
256.466 737.0 
256.466 738.0 
254.145 739.0 
256.118 740.0 
256.234 741.0 
256.118 742.0 
256.35 743.0 
256.234 744.0 
256.234 745.0 
256.35 746.0 
256.466 747.0 
256.118 748.0 
256.35 749.0 
256.35 750.0 
256.35 751.0 
256.234 752.0 
256.466 753.0 
256.466 754.0 
256.582 755.0 
256.698 756.0 
256.002 757.0 
256.002 758.0 
256.582 759.0 
256.35 760.0 
256.814 761.0 
256.466 762.0 
256.582 763.0 
256.466 764.0 
256.35 765.0 
256.466 766.0 
256.466 767.0 
256.466 768.0 
256.582 769.0 
256.466 770.0 
256.582 771.0 
256.466 772.0 
256.466 773.0 
256.582 774.0 
256.93 775.0 
256.466 776.0 
256.35 777.0 
256.466 778.0 
256.582 779.0 
256.35 780.0 
256.35 781.0 
256.698 782.0 
256.582 783.0 
256.35 784.0 
256.234 785.0 
256.35 786.0 
256.698 787.0 
256.698 788.0 
256.582 789.0 
256.582 790.0 
256.466 791.0 
256.698 792.0 
256.698 793.0 
256.814 794.0 
256.582 795.0 
256.814 796.0 
256.466 797.0 
256.234 798.0 
256.698 799.0 
256.35 800.0 
256.35 801.0 
256.35 802.0 
256.698 803.0 
256.234 804.0 
0.03 805.0 
0.034 806.0 
0.023 807.0 
0.028 808.0 
0.022 809.0 
0.016 810.0 
0.0 811.0 
-0.028 812.0 
-0.044 813.0 
-0.065 814.0 
-0.085 815.0 
-0.092 816.0 
-0.098 817.0 
-0.119 818.0 
-0.123 819.0 
-0.127 820.0 
-0.14 821.0 
-0.14 822.0 
-0.138 823.0 
-0.135 824.0 
-0.133 825.0 
-0.122 826.0 
-0.12 827.0 
-0.102 828.0 
-0.098 829.0 
