-0.04 257.0 
-0.028 258.0 
-0.037 259.0 
-0.006 260.0 
-0.044 261.0 
-0.03 262.0 
-0.023 263.0 
-0.012 264.0 
-0.026 265.0 
-0.03 266.0 
-0.055 267.0 
-0.048 268.0 
-0.041 269.0 
-0.029 270.0 
-0.048 271.0 
-0.036 272.0 
-0.04 273.0 
-0.026 274.0 
146.824 275.0 
143.753 276.0 
142.573 277.0 
141.09 278.0 
139.373 279.0 
137.247 280.0 
135.308 281.0 
133.346 282.0 
129.877 283.0 
128.417 284.0 
128.149 285.0 
127.868 286.0 
127.705 287.0 
127.46 288.0 
127.249 289.0 
126.665 290.0 
126.572 291.0 
126.397 292.0 
126.187 293.0 
125.766 294.0 
125.614 295.0 
125.439 296.0 
125.416 297.0 
124.867 298.0 
124.668 299.0 
124.411 300.0 
124.084 301.0 
123.944 302.0 
123.453 303.0 
123.43 304.0 
123.302 305.0 
122.706 306.0 
121.655 307.0 
119.552 308.0 
117.03 309.0 
113.783 310.0 
110.139 311.0 
105.887 312.0 
101.718 313.0 
97.315 314.0 
93.11 315.0 
88.835 316.0 
84.934 317.0 
82.096 318.0 
81.968 319.0 
81.757 320.0 
81.617 321.0 
81.617 322.0 
81.489 323.0 
81.582 324.0 
81.512 325.0 
81.454 326.0 
81.524 327.0 
81.454 328.0 
81.442 329.0 
81.57 330.0 
81.465 331.0 
81.489 332.0 
81.559 333.0 
81.477 334.0 
81.454 335.0 
81.582 336.0 
81.559 337.0 
81.454 338.0 
81.547 339.0 
81.524 340.0 
81.477 341.0 
81.454 342.0 
81.524 343.0 
81.535 344.0 
81.5 345.0 
81.454 346.0 
81.43 347.0 
81.395 348.0 
81.535 349.0 
81.489 350.0 
81.477 351.0 
81.524 352.0 
81.419 353.0 
81.407 354.0 
81.407 355.0 
81.524 356.0 
81.535 357.0 
81.477 358.0 
81.582 359.0 
81.524 360.0 
81.535 361.0 
81.442 362.0 
81.477 363.0 
81.419 364.0 
81.442 365.0 
81.454 366.0 
81.489 367.0 
81.419 368.0 
81.43 369.0 
81.454 370.0 
81.5 371.0 
81.5 372.0 
81.512 373.0 
81.535 374.0 
81.559 375.0 
81.57 376.0 
81.43 377.0 
81.5 378.0 
81.454 379.0 
81.454 380.0 
81.454 381.0 
81.57 382.0 
81.419 383.0 
81.442 384.0 
81.419 385.0 
81.489 386.0 
81.419 387.0 
81.407 388.0 
81.477 389.0 
81.512 390.0 
81.477 391.0 
81.419 392.0 
81.547 393.0 
81.407 394.0 
81.465 395.0 
81.57 396.0 
81.43 397.0 
81.512 398.0 
81.36 399.0 
81.395 400.0 
81.559 401.0 
81.5 402.0 
81.547 403.0 
81.512 404.0 
81.454 405.0 
81.384 406.0 
81.442 407.0 
81.395 408.0 
81.465 409.0 
81.395 410.0 
81.442 411.0 
81.489 412.0 
81.711 413.0 
81.524 414.0 
81.454 415.0 
81.512 416.0 
81.407 417.0 
81.442 418.0 
81.489 419.0 
81.407 420.0 
81.465 421.0 
81.454 422.0 
81.5 423.0 
81.395 424.0 
81.419 425.0 
81.5 426.0 
81.524 427.0 
81.419 428.0 
81.419 429.0 
81.43 430.0 
81.5 431.0 
81.465 432.0 
81.547 433.0 
81.395 434.0 
81.407 435.0 
81.407 436.0 
81.489 437.0 
81.419 438.0 
81.407 439.0 
81.395 440.0 
81.454 441.0 
81.407 442.0 
81.43 443.0 
81.419 444.0 
81.395 445.0 
81.348 446.0 
81.489 447.0 
81.5 448.0 
81.676 449.0 
81.547 450.0 
81.419 451.0 
81.384 452.0 
81.43 453.0 
81.36 454.0 
81.454 455.0 
81.243 456.0 
81.36 457.0 
81.372 458.0 
81.489 459.0 
81.5 460.0 
81.454 461.0 
81.407 462.0 
81.512 463.0 
81.454 464.0 
81.442 465.0 
81.512 466.0 
81.465 467.0 
81.372 468.0 
81.454 469.0 
81.419 470.0 
81.384 471.0 
81.454 472.0 
81.302 473.0 
81.442 474.0 
81.512 475.0 
81.419 476.0 
81.337 477.0 
81.454 478.0 
81.325 479.0 
81.442 480.0 
81.535 481.0 
81.384 482.0 
81.465 483.0 
81.395 484.0 
81.454 485.0 
81.348 486.0 
81.395 487.0 
81.489 488.0 
81.372 489.0 
81.407 490.0 
81.477 491.0 
81.419 492.0 
81.442 493.0 
81.454 494.0 
81.36 495.0 
81.348 496.0 
81.43 497.0 
81.489 498.0 
81.348 499.0 
81.384 500.0 
81.454 501.0 
81.454 502.0 
81.325 503.0 
81.348 504.0 
81.36 505.0 
81.407 506.0 
81.384 507.0 
81.419 508.0 
81.243 509.0 
81.325 510.0 
81.384 511.0 
81.395 512.0 
81.43 513.0 
81.465 514.0 
81.442 515.0 
81.302 516.0 
81.676 517.0 
81.278 518.0 
81.302 519.0 
81.337 520.0 
81.348 521.0 
81.29 522.0 
81.29 523.0 
81.278 524.0 
81.313 525.0 
81.29 526.0 
81.29 527.0 
81.255 528.0 
81.232 529.0 
81.243 530.0 
81.22 531.0 
81.348 532.0 
81.337 533.0 
81.278 534.0 
81.29 535.0 
81.255 536.0 
81.243 537.0 
81.173 538.0 
81.127 539.0 
81.127 540.0 
81.243 541.0 
81.115 542.0 
81.127 543.0 
81.08 544.0 
81.057 545.0 
80.975 546.0 
81.103 547.0 
81.068 548.0 
81.045 549.0 
80.975 550.0 
80.881 551.0 
81.045 552.0 
80.998 553.0 
80.94 554.0 
80.951 555.0 
81.068 556.0 
80.963 557.0 
80.928 558.0 
80.659 559.0 
81.01 560.0 
80.951 561.0 
80.881 562.0 
81.01 563.0 
80.94 564.0 
80.846 565.0 
81.033 566.0 
80.986 567.0 
80.905 568.0 
80.94 569.0 
80.94 570.0 
81.045 571.0 
80.963 572.0 
80.916 573.0 
80.986 574.0 
80.928 575.0 
81.313 576.0 
80.963 577.0 
80.94 578.0 
81.068 579.0 
81.021 580.0 
81.092 581.0 
80.975 582.0 
81.08 583.0 
80.998 584.0 
80.589 585.0 
81.01 586.0 
80.94 587.0 
81.045 588.0 
80.951 589.0 
81.045 590.0 
80.928 591.0 
81.045 592.0 
80.951 593.0 
81.033 594.0 
80.963 595.0 
80.998 596.0 
80.963 597.0 
80.986 598.0 
80.916 599.0 
81.01 600.0 
81.092 601.0 
80.986 602.0 
81.068 603.0 
80.986 604.0 
81.057 605.0 
80.94 606.0 
81.033 607.0 
80.928 608.0 
80.998 609.0 
81.068 610.0 
80.963 611.0 
81.045 612.0 
80.951 613.0 
81.045 614.0 
80.916 615.0 
80.893 616.0 
81.068 617.0 
80.905 618.0 
81.045 619.0 
80.823 620.0 
80.963 621.0 
81.045 622.0 
80.94 623.0 
81.021 624.0 
81.068 625.0 
80.951 626.0 
80.986 627.0 
81.08 628.0 
80.951 629.0 
80.998 630.0 
81.08 631.0 
80.951 632.0 
81.057 633.0 
81.325 634.0 
80.975 635.0 
81.021 636.0 
81.08 637.0 
80.963 638.0 
80.975 639.0 
81.08 640.0 
80.94 641.0 
80.951 642.0 
81.068 643.0 
80.905 644.0 
80.963 645.0 
81.021 646.0 
81.057 647.0 
80.951 648.0 
80.963 649.0 
81.033 650.0 
80.87 651.0 
80.87 652.0 
81.033 653.0 
81.021 654.0 
80.893 655.0 
80.975 656.0 
80.986 657.0 
81.057 658.0 
80.951 659.0 
81.01 660.0 
81.021 661.0 
81.033 662.0 
80.905 663.0 
80.975 664.0 
81.01 665.0 
81.068 666.0 
80.905 667.0 
80.986 668.0 
81.021 669.0 
81.033 670.0 
80.905 671.0 
80.928 672.0 
80.986 673.0 
81.045 674.0 
80.998 675.0 
80.916 676.0 
80.951 677.0 
81.01 678.0 
80.998 679.0 
81.103 680.0 
80.928 681.0 
80.94 682.0 
80.986 683.0 
80.998 684.0 
81.057 685.0 
81.057 686.0 
80.881 687.0 
80.94 688.0 
80.951 689.0 
81.01 690.0 
81.021 691.0 
81.068 692.0 
80.905 693.0 
80.963 694.0 
80.975 695.0 
81.021 696.0 
80.963 697.0 
81.045 698.0 
80.846 699.0 
80.905 700.0 
80.916 701.0 
80.975 702.0 
80.975 703.0 
81.021 704.0 
80.94 705.0 
81.068 706.0 
80.893 707.0 
80.905 708.0 
80.94 709.0 
80.963 710.0 
80.975 711.0 
81.021 712.0 
81.021 713.0 
81.045 714.0 
80.846 715.0 
80.928 716.0 
80.881 717.0 
80.928 718.0 
80.963 719.0 
81.01 720.0 
80.998 721.0 
81.01 722.0 
81.057 723.0 
81.033 724.0 
81.08 725.0 
80.881 726.0 
80.916 727.0 
80.94 728.0 
80.963 729.0 
80.963 730.0 
80.986 731.0 
80.975 732.0 
81.033 733.0 
81.045 734.0 
81.033 735.0 
81.068 736.0 
81.033 737.0 
81.045 738.0 
80.893 739.0 
80.905 740.0 
80.893 741.0 
80.905 742.0 
80.905 743.0 
80.916 744.0 
80.94 745.0 
80.928 746.0 
80.905 747.0 
80.975 748.0 
80.951 749.0 
80.951 750.0 
80.94 751.0 
80.951 752.0 
80.975 753.0 
80.975 754.0 
80.963 755.0 
80.963 756.0 
80.963 757.0 
80.975 758.0 
80.951 759.0 
80.998 760.0 
80.986 761.0 
80.998 762.0 
81.01 763.0 
80.975 764.0 
80.998 765.0 
80.986 766.0 
80.986 767.0 
81.01 768.0 
80.998 769.0 
81.021 770.0 
81.021 771.0 
81.033 772.0 
81.021 773.0 
80.986 774.0 
80.998 775.0 
80.998 776.0 
81.033 777.0 
80.998 778.0 
80.998 779.0 
81.01 780.0 
80.998 781.0 
80.986 782.0 
81.021 783.0 
80.986 784.0 
81.01 785.0 
80.998 786.0 
80.986 787.0 
80.998 788.0 
80.963 789.0 
80.986 790.0 
80.986 791.0 
81.021 792.0 
81.01 793.0 
81.01 794.0 
81.01 795.0 
81.01 796.0 
80.998 797.0 
80.986 798.0 
81.01 799.0 
81.01 800.0 
80.986 801.0 
81.033 802.0 
81.01 803.0 
80.986 804.0 
0.007 805.0 
0.01 806.0 
0.002 807.0 
-0.001 808.0 
-0.006 809.0 
-0.006 810.0 
-0.016 811.0 
-0.03 812.0 
-0.041 813.0 
-0.046 814.0 
-0.044 815.0 
-0.056 816.0 
-0.056 817.0 
-0.059 818.0 
-0.068 819.0 
-0.058 820.0 
-0.061 821.0 
-0.064 822.0 
-0.065 823.0 
-0.064 824.0 
-0.05 825.0 
-0.046 826.0 
-0.052 827.0 
-0.054 828.0 
-0.042 829.0 
