-0.025 257.0 
-0.025 258.0 
-0.125 259.0 
-0.037 260.0 
-0.037 261.0 
-0.035 262.0 
-0.035 263.0 
-0.04 264.0 
-0.013 265.0 
-0.032 266.0 
-0.035 267.0 
-0.029 268.0 
-0.023 269.0 
-0.04 270.0 
-0.012 271.0 
-0.025 272.0 
-0.016 273.0 
-0.018 274.0 
142.631 275.0 
139.758 276.0 
138.719 277.0 
137.306 278.0 
135.857 279.0 
133.743 280.0 
131.933 281.0 
129.62 282.0 
126.116 283.0 
124.762 284.0 
124.364 285.0 
124.037 286.0 
123.769 287.0 
123.489 288.0 
123.255 289.0 
123.138 290.0 
122.356 291.0 
122.11 292.0 
121.9 293.0 
121.772 294.0 
121.246 295.0 
121.106 296.0 
120.989 297.0 
120.452 298.0 
120.277 299.0 
120.195 300.0 
119.634 301.0 
119.552 302.0 
118.969 303.0 
118.852 304.0 
118.7 305.0 
117.976 306.0 
116.586 307.0 
114.005 308.0 
111.108 309.0 
107.137 310.0 
103.073 311.0 
98.868 312.0 
95.025 313.0 
91.043 314.0 
87.34 315.0 
83.591 316.0 
80.309 317.0 
77.377 318.0 
77.214 319.0 
77.062 320.0 
76.945 321.0 
76.899 322.0 
76.828 323.0 
76.84 324.0 
76.817 325.0 
76.712 326.0 
76.817 327.0 
76.77 328.0 
76.922 329.0 
76.828 330.0 
76.758 331.0 
76.852 332.0 
76.852 333.0 
76.782 334.0 
76.805 335.0 
76.817 336.0 
76.84 337.0 
76.747 338.0 
76.875 339.0 
76.758 340.0 
76.77 341.0 
76.782 342.0 
76.899 343.0 
76.758 344.0 
76.747 345.0 
76.747 346.0 
76.735 347.0 
76.77 348.0 
76.84 349.0 
76.782 350.0 
76.758 351.0 
76.77 352.0 
76.747 353.0 
76.642 354.0 
76.852 355.0 
76.758 356.0 
76.817 357.0 
76.77 358.0 
76.817 359.0 
76.805 360.0 
76.84 361.0 
76.77 362.0 
76.782 363.0 
76.712 364.0 
76.735 365.0 
76.793 366.0 
76.817 367.0 
76.758 368.0 
76.735 369.0 
76.77 370.0 
76.817 371.0 
76.782 372.0 
76.805 373.0 
76.852 374.0 
76.805 375.0 
77.085 376.0 
76.712 377.0 
76.758 378.0 
76.747 379.0 
76.735 380.0 
76.793 381.0 
76.899 382.0 
76.805 383.0 
76.77 384.0 
76.747 385.0 
76.817 386.0 
76.735 387.0 
76.735 388.0 
76.793 389.0 
76.782 390.0 
76.782 391.0 
76.723 392.0 
76.828 393.0 
76.665 394.0 
76.77 395.0 
76.875 396.0 
76.723 397.0 
76.782 398.0 
76.642 399.0 
76.723 400.0 
76.828 401.0 
76.805 402.0 
76.864 403.0 
76.782 404.0 
76.747 405.0 
76.712 406.0 
76.793 407.0 
76.747 408.0 
76.793 409.0 
76.735 410.0 
76.747 411.0 
76.828 412.0 
77.226 413.0 
76.805 414.0 
76.747 415.0 
76.782 416.0 
76.712 417.0 
76.805 418.0 
76.805 419.0 
76.7 420.0 
76.723 421.0 
76.805 422.0 
76.828 423.0 
76.758 424.0 
76.758 425.0 
76.805 426.0 
76.828 427.0 
76.747 428.0 
76.735 429.0 
76.665 430.0 
76.782 431.0 
76.817 432.0 
76.817 433.0 
76.7 434.0 
76.735 435.0 
76.735 436.0 
76.805 437.0 
76.677 438.0 
76.7 439.0 
76.735 440.0 
76.758 441.0 
76.758 442.0 
76.735 443.0 
76.735 444.0 
76.7 445.0 
76.712 446.0 
76.817 447.0 
76.817 448.0 
76.805 449.0 
77.062 450.0 
76.758 451.0 
76.735 452.0 
76.723 453.0 
76.688 454.0 
76.77 455.0 
76.77 456.0 
76.723 457.0 
76.7 458.0 
76.77 459.0 
76.817 460.0 
76.782 461.0 
76.735 462.0 
76.828 463.0 
76.805 464.0 
76.782 465.0 
76.828 466.0 
76.77 467.0 
76.712 468.0 
76.782 469.0 
76.723 470.0 
76.7 471.0 
76.77 472.0 
76.817 473.0 
76.77 474.0 
76.828 475.0 
76.735 476.0 
76.712 477.0 
76.747 478.0 
76.688 479.0 
76.747 480.0 
76.84 481.0 
76.758 482.0 
76.828 483.0 
76.735 484.0 
76.747 485.0 
76.688 486.0 
76.7 487.0 
76.817 488.0 
76.747 489.0 
76.735 490.0 
76.805 491.0 
76.782 492.0 
76.747 493.0 
76.805 494.0 
76.747 495.0 
76.677 496.0 
76.747 497.0 
76.782 498.0 
76.665 499.0 
76.665 500.0 
76.735 501.0 
76.805 502.0 
76.665 503.0 
76.688 504.0 
76.723 505.0 
76.747 506.0 
76.642 507.0 
76.805 508.0 
76.688 509.0 
76.688 510.0 
76.7 511.0 
76.758 512.0 
76.77 513.0 
76.747 514.0 
76.735 515.0 
76.758 516.0 
77.085 517.0 
76.56 518.0 
76.595 519.0 
76.653 520.0 
76.665 521.0 
76.653 522.0 
76.642 523.0 
76.665 524.0 
76.642 525.0 
76.653 526.0 
76.618 527.0 
76.525 528.0 
76.618 529.0 
76.572 530.0 
76.583 531.0 
76.712 532.0 
76.712 533.0 
76.63 534.0 
76.665 535.0 
76.642 536.0 
76.56 537.0 
76.478 538.0 
76.466 539.0 
76.443 540.0 
76.536 541.0 
76.443 542.0 
76.42 543.0 
76.396 544.0 
76.385 545.0 
76.338 546.0 
76.431 547.0 
76.408 548.0 
76.35 549.0 
76.268 550.0 
76.256 551.0 
76.338 552.0 
76.326 553.0 
76.221 554.0 
76.233 555.0 
76.373 556.0 
76.291 557.0 
76.268 558.0 
75.906 559.0 
76.326 560.0 
76.291 561.0 
76.209 562.0 
76.338 563.0 
76.28 564.0 
76.174 565.0 
76.338 566.0 
76.338 567.0 
76.209 568.0 
76.326 569.0 
76.245 570.0 
76.35 571.0 
76.315 572.0 
76.233 573.0 
76.256 574.0 
76.221 575.0 
76.35 576.0 
76.28 577.0 
76.256 578.0 
76.338 579.0 
76.303 580.0 
76.396 581.0 
76.326 582.0 
76.35 583.0 
76.35 584.0 
76.431 585.0 
76.35 586.0 
76.28 587.0 
76.35 588.0 
76.256 589.0 
76.35 590.0 
76.256 591.0 
76.338 592.0 
76.268 593.0 
76.326 594.0 
76.291 595.0 
76.291 596.0 
76.256 597.0 
76.326 598.0 
76.256 599.0 
76.326 600.0 
76.408 601.0 
76.303 602.0 
76.385 603.0 
76.315 604.0 
76.396 605.0 
76.291 606.0 
76.338 607.0 
76.245 608.0 
76.338 609.0 
76.385 610.0 
76.291 611.0 
76.385 612.0 
76.28 613.0 
76.385 614.0 
76.221 615.0 
76.303 616.0 
76.373 617.0 
76.233 618.0 
76.315 619.0 
76.046 620.0 
76.315 621.0 
76.35 622.0 
76.28 623.0 
76.303 624.0 
76.396 625.0 
76.268 626.0 
76.338 627.0 
76.373 628.0 
76.291 629.0 
76.35 630.0 
76.385 631.0 
76.28 632.0 
76.35 633.0 
76.42 634.0 
76.315 635.0 
76.35 636.0 
76.408 637.0 
76.28 638.0 
76.35 639.0 
76.42 640.0 
76.245 641.0 
76.291 642.0 
76.385 643.0 
76.233 644.0 
76.315 645.0 
76.35 646.0 
76.385 647.0 
76.28 648.0 
76.303 649.0 
76.35 650.0 
76.221 651.0 
76.268 652.0 
76.303 653.0 
76.373 654.0 
76.233 655.0 
76.268 656.0 
76.326 657.0 
76.373 658.0 
76.245 659.0 
76.315 660.0 
76.338 661.0 
76.326 662.0 
76.256 663.0 
76.35 664.0 
76.326 665.0 
76.42 666.0 
76.245 667.0 
76.338 668.0 
76.35 669.0 
76.396 670.0 
76.233 671.0 
76.291 672.0 
76.315 673.0 
76.326 674.0 
76.315 675.0 
76.268 676.0 
76.268 677.0 
76.315 678.0 
76.303 679.0 
76.361 680.0 
76.245 681.0 
76.256 682.0 
76.303 683.0 
76.35 684.0 
76.396 685.0 
76.42 686.0 
76.28 687.0 
76.28 688.0 
76.338 689.0 
76.35 690.0 
76.338 691.0 
76.42 692.0 
76.221 693.0 
76.268 694.0 
76.315 695.0 
76.338 696.0 
76.385 697.0 
76.35 698.0 
76.151 699.0 
76.233 700.0 
76.268 701.0 
76.303 702.0 
76.326 703.0 
76.35 704.0 
76.303 705.0 
76.42 706.0 
76.233 707.0 
76.291 708.0 
76.291 709.0 
76.291 710.0 
76.303 711.0 
76.315 712.0 
76.35 713.0 
76.373 714.0 
76.256 715.0 
76.221 716.0 
76.198 717.0 
76.245 718.0 
76.28 719.0 
76.315 720.0 
76.35 721.0 
76.338 722.0 
76.361 723.0 
76.396 724.0 
76.42 725.0 
76.186 726.0 
76.256 727.0 
76.268 728.0 
76.303 729.0 
76.303 730.0 
76.303 731.0 
76.315 732.0 
76.315 733.0 
76.326 734.0 
76.361 735.0 
76.373 736.0 
76.385 737.0 
76.373 738.0 
76.174 739.0 
76.186 740.0 
76.245 741.0 
76.209 742.0 
76.256 743.0 
76.221 744.0 
76.256 745.0 
76.268 746.0 
76.256 747.0 
76.256 748.0 
76.28 749.0 
76.256 750.0 
76.291 751.0 
76.28 752.0 
76.291 753.0 
76.303 754.0 
76.303 755.0 
76.291 756.0 
76.303 757.0 
76.221 758.0 
76.303 759.0 
76.315 760.0 
76.338 761.0 
76.326 762.0 
76.338 763.0 
76.315 764.0 
76.326 765.0 
76.361 766.0 
76.326 767.0 
76.338 768.0 
76.35 769.0 
76.35 770.0 
76.291 771.0 
76.315 772.0 
76.338 773.0 
76.315 774.0 
76.326 775.0 
76.315 776.0 
76.326 777.0 
76.303 778.0 
76.315 779.0 
76.338 780.0 
76.35 781.0 
76.326 782.0 
76.315 783.0 
76.361 784.0 
76.315 785.0 
76.326 786.0 
76.326 787.0 
76.338 788.0 
76.338 789.0 
76.338 790.0 
76.315 791.0 
76.326 792.0 
76.326 793.0 
76.315 794.0 
76.28 795.0 
76.303 796.0 
76.28 797.0 
76.28 798.0 
76.268 799.0 
76.315 800.0 
76.303 801.0 
76.315 802.0 
76.315 803.0 
76.303 804.0 
0.004 805.0 
0.002 806.0 
-0.004 807.0 
-0.005 808.0 
-0.001 809.0 
-0.012 810.0 
-0.013 811.0 
-0.022 812.0 
-0.019 813.0 
-0.037 814.0 
-0.04 815.0 
-0.035 816.0 
-0.044 817.0 
-0.046 818.0 
-0.043 819.0 
-0.038 820.0 
-0.041 821.0 
-0.044 822.0 
-0.044 823.0 
-0.035 824.0 
-0.04 825.0 
-0.037 826.0 
-0.037 827.0 
-0.022 828.0 
-0.025 829.0 
