-0.006 257.0 
-0.037 258.0 
-0.131 259.0 
-0.04 260.0 
-0.047 261.0 
-0.042 262.0 
-0.016 263.0 
-0.06 264.0 
-0.023 265.0 
-0.047 266.0 
-0.036 267.0 
-0.018 268.0 
-0.047 269.0 
-0.032 270.0 
-0.034 271.0 
-0.02 272.0 
-0.02 273.0 
-0.034 274.0 
151.076 275.0 
147.852 276.0 
146.673 277.0 
144.757 278.0 
142.596 279.0 
140.062 280.0 
137.925 281.0 
135.25 282.0 
131.898 283.0 
129.971 284.0 
129.445 285.0 
129.048 286.0 
128.861 287.0 
128.487 288.0 
128.219 289.0 
127.541 290.0 
127.249 291.0 
126.981 292.0 
126.759 293.0 
126.549 294.0 
126.0 295.0 
125.801 296.0 
125.649 297.0 
125.077 298.0 
124.773 299.0 
124.61 300.0 
124.026 301.0 
123.921 302.0 
123.407 303.0 
123.243 304.0 
123.126 305.0 
122.414 306.0 
120.954 307.0 
118.373 308.0 
115.266 309.0 
110.945 310.0 
106.647 311.0 
101.683 312.0 
97.431 313.0 
92.841 314.0 
89.022 315.0 
85.214 316.0 
81.909 317.0 
79.234 318.0 
79.036 319.0 
78.779 320.0 
78.65 321.0 
78.615 322.0 
78.51 323.0 
78.557 324.0 
78.51 325.0 
78.37 326.0 
78.487 327.0 
78.44 328.0 
78.604 329.0 
78.557 330.0 
78.452 331.0 
78.569 332.0 
78.557 333.0 
78.464 334.0 
78.475 335.0 
78.545 336.0 
78.534 337.0 
78.452 338.0 
78.58 339.0 
78.475 340.0 
78.44 341.0 
78.417 342.0 
78.58 343.0 
78.464 344.0 
78.452 345.0 
78.394 346.0 
78.359 347.0 
78.44 348.0 
78.522 349.0 
78.51 350.0 
78.464 351.0 
78.487 352.0 
78.464 353.0 
78.37 354.0 
78.522 355.0 
78.487 356.0 
78.545 357.0 
78.464 358.0 
78.522 359.0 
78.475 360.0 
78.51 361.0 
78.429 362.0 
78.487 363.0 
78.382 364.0 
78.429 365.0 
78.44 366.0 
78.452 367.0 
78.405 368.0 
78.417 369.0 
78.475 370.0 
78.475 371.0 
78.487 372.0 
78.522 373.0 
78.534 374.0 
78.522 375.0 
78.756 376.0 
78.429 377.0 
78.452 378.0 
78.44 379.0 
78.429 380.0 
78.417 381.0 
78.557 382.0 
78.452 383.0 
78.382 384.0 
78.417 385.0 
78.522 386.0 
78.394 387.0 
78.382 388.0 
78.464 389.0 
78.475 390.0 
78.487 391.0 
78.429 392.0 
78.51 393.0 
78.382 394.0 
78.51 395.0 
78.569 396.0 
78.405 397.0 
78.499 398.0 
78.359 399.0 
78.382 400.0 
78.51 401.0 
78.44 402.0 
78.557 403.0 
78.487 404.0 
78.429 405.0 
78.405 406.0 
78.464 407.0 
78.405 408.0 
78.51 409.0 
78.405 410.0 
78.464 411.0 
78.499 412.0 
78.884 413.0 
78.534 414.0 
78.405 415.0 
78.487 416.0 
78.417 417.0 
78.534 418.0 
78.464 419.0 
78.405 420.0 
78.44 421.0 
78.487 422.0 
78.475 423.0 
78.44 424.0 
78.429 425.0 
78.464 426.0 
78.522 427.0 
78.405 428.0 
78.452 429.0 
78.394 430.0 
78.487 431.0 
78.487 432.0 
78.522 433.0 
78.382 434.0 
78.417 435.0 
78.44 436.0 
78.522 437.0 
78.44 438.0 
78.382 439.0 
78.44 440.0 
78.405 441.0 
78.405 442.0 
78.405 443.0 
78.405 444.0 
78.405 445.0 
78.394 446.0 
78.499 447.0 
78.499 448.0 
78.452 449.0 
78.849 450.0 
78.452 451.0 
78.394 452.0 
78.394 453.0 
78.382 454.0 
78.487 455.0 
78.3 456.0 
78.405 457.0 
78.382 458.0 
78.487 459.0 
78.499 460.0 
78.429 461.0 
78.405 462.0 
78.51 463.0 
78.464 464.0 
78.417 465.0 
78.534 466.0 
78.452 467.0 
78.347 468.0 
78.487 469.0 
78.429 470.0 
78.417 471.0 
78.429 472.0 
78.37 473.0 
78.417 474.0 
78.569 475.0 
78.464 476.0 
78.382 477.0 
78.429 478.0 
78.347 479.0 
78.417 480.0 
78.51 481.0 
78.405 482.0 
78.522 483.0 
78.394 484.0 
78.464 485.0 
78.394 486.0 
78.417 487.0 
78.464 488.0 
78.405 489.0 
78.429 490.0 
78.499 491.0 
78.452 492.0 
78.452 493.0 
78.499 494.0 
78.394 495.0 
78.382 496.0 
78.464 497.0 
78.487 498.0 
78.359 499.0 
78.394 500.0 
78.429 501.0 
78.499 502.0 
78.323 503.0 
78.394 504.0 
78.405 505.0 
78.405 506.0 
78.37 507.0 
78.487 508.0 
78.347 509.0 
78.382 510.0 
78.394 511.0 
78.417 512.0 
78.44 513.0 
78.429 514.0 
78.487 515.0 
78.475 516.0 
78.744 517.0 
78.277 518.0 
78.312 519.0 
78.335 520.0 
78.312 521.0 
78.312 522.0 
78.335 523.0 
78.359 524.0 
78.323 525.0 
78.323 526.0 
78.312 527.0 
78.23 528.0 
78.253 529.0 
78.277 530.0 
78.277 531.0 
78.382 532.0 
78.347 533.0 
78.312 534.0 
78.312 535.0 
78.288 536.0 
78.23 537.0 
78.125 538.0 
78.137 539.0 
78.078 540.0 
78.16 541.0 
78.09 542.0 
78.055 543.0 
78.055 544.0 
78.02 545.0 
77.973 546.0 
78.043 547.0 
77.985 548.0 
77.95 549.0 
77.938 550.0 
77.833 551.0 
77.915 552.0 
77.903 553.0 
77.891 554.0 
77.845 555.0 
77.996 556.0 
77.938 557.0 
77.868 558.0 
77.494 559.0 
77.915 560.0 
77.88 561.0 
77.833 562.0 
77.961 563.0 
77.856 564.0 
77.786 565.0 
77.938 566.0 
77.926 567.0 
77.81 568.0 
77.88 569.0 
77.856 570.0 
77.961 571.0 
77.88 572.0 
77.821 573.0 
77.915 574.0 
77.868 575.0 
78.288 576.0 
77.903 577.0 
77.868 578.0 
77.95 579.0 
77.891 580.0 
77.985 581.0 
77.926 582.0 
77.973 583.0 
77.938 584.0 
77.471 585.0 
77.915 586.0 
77.856 587.0 
77.95 588.0 
77.915 589.0 
77.961 590.0 
77.868 591.0 
77.926 592.0 
77.891 593.0 
77.915 594.0 
77.891 595.0 
77.88 596.0 
77.88 597.0 
77.961 598.0 
77.868 599.0 
77.938 600.0 
78.02 601.0 
77.961 602.0 
78.008 603.0 
77.926 604.0 
77.973 605.0 
77.891 606.0 
77.973 607.0 
77.88 608.0 
77.926 609.0 
77.996 610.0 
77.903 611.0 
77.996 612.0 
77.891 613.0 
77.938 614.0 
77.845 615.0 
77.856 616.0 
77.996 617.0 
77.821 618.0 
77.95 619.0 
77.716 620.0 
77.915 621.0 
77.938 622.0 
77.833 623.0 
77.903 624.0 
77.973 625.0 
77.868 626.0 
77.891 627.0 
78.008 628.0 
77.868 629.0 
77.938 630.0 
78.031 631.0 
77.891 632.0 
77.996 633.0 
78.23 634.0 
77.926 635.0 
77.938 636.0 
77.996 637.0 
77.903 638.0 
77.926 639.0 
77.996 640.0 
77.891 641.0 
77.903 642.0 
77.938 643.0 
77.845 644.0 
77.891 645.0 
77.926 646.0 
77.996 647.0 
77.868 648.0 
77.891 649.0 
77.985 650.0 
77.845 651.0 
77.786 652.0 
77.938 653.0 
78.02 654.0 
77.845 655.0 
77.845 656.0 
77.938 657.0 
77.996 658.0 
77.915 659.0 
77.938 660.0 
77.973 661.0 
77.973 662.0 
77.88 663.0 
77.891 664.0 
77.961 665.0 
77.996 666.0 
77.845 667.0 
77.868 668.0 
77.926 669.0 
78.008 670.0 
77.856 671.0 
77.891 672.0 
77.95 673.0 
77.95 674.0 
77.95 675.0 
77.868 676.0 
77.915 677.0 
77.938 678.0 
77.973 679.0 
77.996 680.0 
77.845 681.0 
77.856 682.0 
77.891 683.0 
77.938 684.0 
77.973 685.0 
78.031 686.0 
77.786 687.0 
77.891 688.0 
77.926 689.0 
77.961 690.0 
77.973 691.0 
78.031 692.0 
77.833 693.0 
77.88 694.0 
77.915 695.0 
77.95 696.0 
77.926 697.0 
77.996 698.0 
77.763 699.0 
77.821 700.0 
77.833 701.0 
77.88 702.0 
77.95 703.0 
77.938 704.0 
77.95 705.0 
78.02 706.0 
77.845 707.0 
77.856 708.0 
77.88 709.0 
77.891 710.0 
77.938 711.0 
77.938 712.0 
77.973 713.0 
77.996 714.0 
77.739 715.0 
77.845 716.0 
77.845 717.0 
77.926 718.0 
77.891 719.0 
77.891 720.0 
77.915 721.0 
77.973 722.0 
77.95 723.0 
77.961 724.0 
77.996 725.0 
77.845 726.0 
77.833 727.0 
77.845 728.0 
77.891 729.0 
77.891 730.0 
77.903 731.0 
77.891 732.0 
77.926 733.0 
77.915 734.0 
77.95 735.0 
77.996 736.0 
77.985 737.0 
78.02 738.0 
77.786 739.0 
77.798 740.0 
77.833 741.0 
77.821 742.0 
77.833 743.0 
77.856 744.0 
77.856 745.0 
77.856 746.0 
77.856 747.0 
77.868 748.0 
77.891 749.0 
77.891 750.0 
77.88 751.0 
77.903 752.0 
77.891 753.0 
77.903 754.0 
77.891 755.0 
77.938 756.0 
77.915 757.0 
77.926 758.0 
77.926 759.0 
77.926 760.0 
77.903 761.0 
77.926 762.0 
77.938 763.0 
77.903 764.0 
77.938 765.0 
77.95 766.0 
77.915 767.0 
77.95 768.0 
77.938 769.0 
77.926 770.0 
77.938 771.0 
77.915 772.0 
77.961 773.0 
77.95 774.0 
77.95 775.0 
77.915 776.0 
77.926 777.0 
77.95 778.0 
77.926 779.0 
77.915 780.0 
77.903 781.0 
77.903 782.0 
77.926 783.0 
77.926 784.0 
77.915 785.0 
77.926 786.0 
77.891 787.0 
77.915 788.0 
77.926 789.0 
77.926 790.0 
77.95 791.0 
77.938 792.0 
77.926 793.0 
77.961 794.0 
77.926 795.0 
77.915 796.0 
77.903 797.0 
77.915 798.0 
77.926 799.0 
77.915 800.0 
77.891 801.0 
77.915 802.0 
77.903 803.0 
77.926 804.0 
0.011 805.0 
-0.001 806.0 
0.002 807.0 
-0.001 808.0 
-0.005 809.0 
0.0 810.0 
-0.005 811.0 
-0.01 812.0 
-0.01 813.0 
-0.01 814.0 
-0.017 815.0 
-0.019 816.0 
-0.025 817.0 
-0.028 818.0 
-0.03 819.0 
-0.034 820.0 
-0.037 821.0 
-0.038 822.0 
-0.042 823.0 
-0.046 824.0 
-0.043 825.0 
-0.047 826.0 
-0.042 827.0 
-0.035 828.0 
-0.038 829.0 
