-0.023 257.0 
-0.041 258.0 
-0.066 259.0 
-0.048 260.0 
-0.049 261.0 
-0.014 262.0 
-0.028 263.0 
-0.061 264.0 
-0.034 265.0 
-0.043 266.0 
-0.026 267.0 
-0.036 268.0 
-0.053 269.0 
-0.034 270.0 
-0.02 271.0 
-0.011 272.0 
-0.017 273.0 
-0.02 274.0 
154.369 275.0 
151.777 276.0 
150.69 277.0 
149.277 278.0 
147.817 279.0 
146.065 280.0 
144.418 281.0 
142.071 282.0 
138.836 283.0 
137.971 284.0 
137.574 285.0 
137.224 286.0 
136.99 287.0 
136.675 288.0 
136.289 289.0 
135.729 290.0 
135.39 291.0 
135.11 292.0 
134.888 293.0 
134.514 294.0 
134.14 295.0 
133.907 296.0 
133.813 297.0 
133.183 298.0 
132.891 299.0 
132.809 300.0 
132.166 301.0 
132.038 302.0 
131.396 303.0 
131.244 304.0 
131.034 305.0 
130.123 306.0 
128.242 307.0 
125.357 308.0 
122.134 309.0 
117.906 310.0 
113.829 311.0 
109.321 312.0 
105.07 313.0 
100.456 314.0 
96.135 315.0 
92.0 316.0 
88.123 317.0 
84.782 318.0 
84.549 319.0 
84.257 320.0 
84.222 321.0 
84.093 322.0 
83.976 323.0 
84.011 324.0 
83.895 325.0 
83.801 326.0 
83.906 327.0 
83.848 328.0 
83.953 329.0 
83.93 330.0 
83.848 331.0 
83.965 332.0 
83.895 333.0 
83.813 334.0 
83.801 335.0 
83.918 336.0 
83.848 337.0 
83.79 338.0 
84.046 339.0 
83.825 340.0 
83.813 341.0 
83.836 342.0 
84.011 343.0 
83.871 344.0 
83.871 345.0 
83.801 346.0 
83.778 347.0 
83.825 348.0 
83.895 349.0 
83.883 350.0 
83.836 351.0 
83.895 352.0 
83.778 353.0 
83.79 354.0 
83.79 355.0 
83.86 356.0 
83.906 357.0 
83.848 358.0 
83.918 359.0 
83.848 360.0 
83.871 361.0 
83.801 362.0 
83.86 363.0 
83.79 364.0 
83.801 365.0 
83.871 366.0 
83.871 367.0 
83.79 368.0 
83.825 369.0 
83.86 370.0 
83.871 371.0 
83.825 372.0 
83.871 373.0 
83.906 374.0 
83.883 375.0 
84.14 376.0 
83.754 377.0 
83.825 378.0 
83.813 379.0 
83.825 380.0 
83.836 381.0 
83.93 382.0 
83.836 383.0 
83.801 384.0 
83.813 385.0 
83.93 386.0 
83.801 387.0 
83.743 388.0 
83.895 389.0 
83.848 390.0 
83.848 391.0 
83.825 392.0 
83.895 393.0 
83.719 394.0 
83.836 395.0 
83.953 396.0 
83.79 397.0 
83.871 398.0 
83.719 399.0 
83.813 400.0 
83.953 401.0 
83.848 402.0 
83.93 403.0 
83.871 404.0 
83.825 405.0 
83.825 406.0 
83.848 407.0 
83.801 408.0 
83.86 409.0 
83.743 410.0 
83.836 411.0 
83.883 412.0 
84.292 413.0 
83.895 414.0 
83.801 415.0 
83.848 416.0 
83.79 417.0 
83.883 418.0 
83.883 419.0 
83.743 420.0 
83.848 421.0 
83.836 422.0 
83.895 423.0 
83.79 424.0 
83.825 425.0 
83.848 426.0 
83.883 427.0 
83.801 428.0 
83.778 429.0 
83.836 430.0 
83.883 431.0 
83.906 432.0 
83.883 433.0 
83.743 434.0 
83.766 435.0 
83.813 436.0 
83.906 437.0 
83.754 438.0 
83.696 439.0 
83.813 440.0 
83.79 441.0 
83.766 442.0 
83.801 443.0 
83.79 444.0 
83.778 445.0 
83.754 446.0 
83.895 447.0 
83.848 448.0 
83.86 449.0 
84.222 450.0 
83.813 451.0 
83.813 452.0 
83.778 453.0 
83.731 454.0 
83.836 455.0 
83.696 456.0 
83.778 457.0 
83.79 458.0 
83.836 459.0 
83.836 460.0 
83.883 461.0 
83.79 462.0 
83.918 463.0 
83.836 464.0 
83.836 465.0 
83.918 466.0 
83.801 467.0 
83.778 468.0 
83.848 469.0 
83.801 470.0 
83.778 471.0 
83.836 472.0 
83.906 473.0 
83.825 474.0 
83.895 475.0 
83.836 476.0 
83.731 477.0 
83.825 478.0 
83.719 479.0 
83.813 480.0 
83.895 481.0 
83.79 482.0 
83.883 483.0 
83.766 484.0 
83.86 485.0 
83.766 486.0 
83.79 487.0 
83.848 488.0 
83.79 489.0 
83.825 490.0 
83.895 491.0 
83.836 492.0 
83.801 493.0 
83.871 494.0 
83.743 495.0 
83.754 496.0 
83.825 497.0 
83.86 498.0 
83.731 499.0 
83.766 500.0 
83.79 501.0 
83.813 502.0 
83.719 503.0 
83.743 504.0 
83.79 505.0 
83.79 506.0 
83.79 507.0 
83.965 508.0 
83.719 509.0 
83.731 510.0 
83.79 511.0 
83.79 512.0 
83.801 513.0 
83.778 514.0 
83.813 515.0 
83.836 516.0 
84.128 517.0 
83.591 518.0 
83.673 519.0 
83.719 520.0 
83.708 521.0 
83.673 522.0 
83.696 523.0 
83.684 524.0 
83.684 525.0 
83.684 526.0 
83.684 527.0 
83.544 528.0 
83.614 529.0 
83.556 530.0 
83.533 531.0 
83.638 532.0 
83.965 533.0 
83.509 534.0 
83.509 535.0 
83.463 536.0 
83.416 537.0 
83.381 538.0 
83.299 539.0 
83.264 540.0 
83.404 541.0 
83.311 542.0 
83.287 543.0 
83.252 544.0 
83.217 545.0 
83.171 546.0 
83.276 547.0 
83.217 548.0 
83.217 549.0 
83.112 550.0 
83.112 551.0 
83.206 552.0 
83.147 553.0 
83.089 554.0 
83.054 555.0 
83.159 556.0 
83.1 557.0 
83.077 558.0 
82.703 559.0 
83.135 560.0 
83.077 561.0 
83.065 562.0 
83.147 563.0 
83.112 564.0 
82.972 565.0 
83.135 566.0 
83.206 567.0 
82.995 568.0 
83.147 569.0 
83.065 570.0 
83.194 571.0 
83.112 572.0 
83.03 573.0 
83.124 574.0 
83.077 575.0 
83.171 576.0 
83.054 577.0 
83.1 578.0 
83.194 579.0 
83.135 580.0 
83.182 581.0 
83.124 582.0 
83.194 583.0 
83.171 584.0 
83.287 585.0 
83.206 586.0 
83.112 587.0 
83.182 588.0 
83.1 589.0 
83.194 590.0 
83.065 591.0 
83.159 592.0 
83.1 593.0 
83.077 594.0 
83.089 595.0 
83.182 596.0 
83.077 597.0 
83.159 598.0 
83.077 599.0 
83.171 600.0 
83.241 601.0 
83.124 602.0 
83.194 603.0 
83.112 604.0 
83.206 605.0 
83.1 606.0 
83.135 607.0 
83.065 608.0 
83.147 609.0 
83.217 610.0 
83.159 611.0 
83.229 612.0 
83.089 613.0 
83.171 614.0 
83.054 615.0 
83.124 616.0 
83.217 617.0 
83.054 618.0 
83.159 619.0 
82.902 620.0 
83.112 621.0 
83.194 622.0 
83.065 623.0 
83.159 624.0 
83.206 625.0 
83.1 626.0 
83.147 627.0 
83.229 628.0 
83.1 629.0 
83.159 630.0 
83.264 631.0 
83.065 632.0 
83.182 633.0 
83.206 634.0 
83.112 635.0 
83.182 636.0 
83.194 637.0 
83.077 638.0 
83.147 639.0 
83.182 640.0 
83.065 641.0 
83.135 642.0 
83.206 643.0 
83.065 644.0 
83.1 645.0 
83.194 646.0 
83.229 647.0 
83.089 648.0 
83.135 649.0 
83.194 650.0 
83.065 651.0 
83.1 652.0 
83.159 653.0 
83.206 654.0 
83.042 655.0 
83.112 656.0 
83.124 657.0 
83.206 658.0 
83.077 659.0 
83.124 660.0 
83.194 661.0 
83.229 662.0 
83.054 663.0 
83.159 664.0 
83.171 665.0 
83.229 666.0 
83.065 667.0 
83.089 668.0 
83.171 669.0 
83.229 670.0 
83.065 671.0 
83.089 672.0 
83.1 673.0 
83.159 674.0 
83.135 675.0 
83.065 676.0 
83.112 677.0 
83.135 678.0 
83.182 679.0 
83.194 680.0 
83.042 681.0 
83.089 682.0 
83.124 683.0 
83.182 684.0 
83.194 685.0 
83.229 686.0 
83.042 687.0 
83.112 688.0 
83.089 689.0 
83.147 690.0 
83.252 691.0 
83.229 692.0 
83.054 693.0 
83.065 694.0 
83.089 695.0 
83.124 696.0 
83.182 697.0 
83.159 698.0 
82.902 699.0 
83.065 700.0 
83.089 701.0 
83.089 702.0 
83.159 703.0 
83.171 704.0 
83.194 705.0 
83.241 706.0 
83.042 707.0 
83.054 708.0 
83.089 709.0 
83.135 710.0 
83.124 711.0 
83.171 712.0 
83.194 713.0 
83.182 714.0 
83.206 715.0 
83.065 716.0 
83.077 717.0 
83.077 718.0 
83.089 719.0 
83.135 720.0 
83.147 721.0 
83.171 722.0 
83.241 723.0 
83.206 724.0 
83.194 725.0 
83.042 726.0 
83.054 727.0 
83.089 728.0 
83.1 729.0 
83.135 730.0 
83.159 731.0 
83.135 732.0 
83.147 733.0 
83.159 734.0 
83.124 735.0 
83.135 736.0 
83.206 737.0 
83.229 738.0 
82.902 739.0 
82.995 740.0 
83.03 741.0 
83.042 742.0 
83.054 743.0 
83.065 744.0 
83.065 745.0 
83.065 746.0 
83.089 747.0 
83.065 748.0 
83.077 749.0 
83.1 750.0 
83.112 751.0 
83.1 752.0 
83.159 753.0 
83.089 754.0 
83.124 755.0 
83.1 756.0 
83.077 757.0 
83.1 758.0 
83.124 759.0 
83.147 760.0 
83.147 761.0 
83.135 762.0 
83.135 763.0 
83.135 764.0 
83.159 765.0 
83.182 766.0 
83.147 767.0 
83.171 768.0 
83.159 769.0 
83.135 770.0 
83.159 771.0 
83.171 772.0 
83.159 773.0 
83.171 774.0 
83.135 775.0 
83.147 776.0 
83.159 777.0 
83.171 778.0 
83.135 779.0 
83.112 780.0 
83.135 781.0 
83.159 782.0 
83.124 783.0 
83.124 784.0 
83.124 785.0 
83.135 786.0 
83.135 787.0 
83.135 788.0 
83.147 789.0 
83.147 790.0 
83.171 791.0 
83.159 792.0 
83.147 793.0 
83.159 794.0 
83.124 795.0 
83.135 796.0 
83.147 797.0 
83.135 798.0 
83.112 799.0 
83.1 800.0 
83.135 801.0 
83.159 802.0 
83.135 803.0 
83.147 804.0 
0.004 805.0 
0.01 806.0 
0.007 807.0 
0.007 808.0 
0.007 809.0 
0.006 810.0 
0.01 811.0 
0.007 812.0 
-0.004 813.0 
-0.005 814.0 
-0.007 815.0 
-0.001 816.0 
-0.01 817.0 
-0.008 818.0 
-0.007 819.0 
-0.014 820.0 
-0.016 821.0 
-0.018 822.0 
-0.018 823.0 
-0.02 824.0 
-0.022 825.0 
-0.034 826.0 
-0.023 827.0 
-0.022 828.0 
-0.023 829.0 
