-0.034 257.0 
-0.023 258.0 
-0.064 259.0 
-0.023 260.0 
-0.036 261.0 
-0.036 262.0 
-0.029 263.0 
-0.04 264.0 
-0.018 265.0 
-0.046 266.0 
-0.049 267.0 
-0.024 268.0 
-0.022 269.0 
-0.037 270.0 
-0.035 271.0 
-0.028 272.0 
-0.056 273.0 
-0.024 274.0 
155.596 275.0 
151.648 276.0 
150.585 277.0 
149.336 278.0 
147.712 279.0 
145.715 280.0 
143.683 281.0 
141.51 282.0 
138.17 283.0 
136.862 284.0 
136.476 285.0 
136.161 286.0 
135.951 287.0 
135.647 288.0 
135.355 289.0 
134.643 290.0 
134.537 291.0 
134.234 292.0 
134.082 293.0 
133.988 294.0 
133.44 295.0 
133.264 296.0 
133.171 297.0 
132.552 298.0 
132.33 299.0 
132.248 300.0 
131.641 301.0 
131.489 302.0 
130.905 303.0 
130.707 304.0 
130.531 305.0 
129.62 306.0 
127.857 307.0 
125.17 308.0 
122.134 309.0 
118.233 310.0 
114.343 311.0 
110.069 312.0 
106.028 313.0 
101.507 314.0 
97.116 315.0 
92.689 316.0 
88.59 317.0 
85.156 318.0 
84.946 319.0 
84.642 320.0 
84.642 321.0 
84.42 322.0 
84.28 323.0 
84.338 324.0 
84.245 325.0 
84.152 326.0 
84.268 327.0 
84.163 328.0 
84.327 329.0 
84.28 330.0 
84.14 331.0 
84.397 332.0 
84.303 333.0 
84.163 334.0 
84.257 335.0 
84.245 336.0 
84.222 337.0 
84.152 338.0 
84.303 339.0 
84.175 340.0 
84.152 341.0 
84.152 342.0 
84.315 343.0 
84.187 344.0 
84.152 345.0 
84.14 346.0 
84.105 347.0 
84.292 348.0 
84.222 349.0 
84.233 350.0 
84.152 351.0 
84.222 352.0 
84.152 353.0 
84.093 354.0 
84.292 355.0 
84.21 356.0 
84.268 357.0 
84.175 358.0 
84.28 359.0 
84.198 360.0 
84.245 361.0 
84.175 362.0 
84.21 363.0 
84.14 364.0 
84.152 365.0 
84.187 366.0 
84.198 367.0 
84.175 368.0 
84.152 369.0 
84.21 370.0 
84.222 371.0 
84.233 372.0 
84.268 373.0 
84.245 374.0 
84.245 375.0 
84.502 376.0 
84.023 377.0 
84.21 378.0 
84.198 379.0 
84.163 380.0 
84.152 381.0 
84.268 382.0 
84.21 383.0 
84.152 384.0 
84.128 385.0 
84.245 386.0 
84.128 387.0 
84.105 388.0 
84.21 389.0 
84.21 390.0 
84.233 391.0 
84.14 392.0 
84.268 393.0 
84.105 394.0 
84.198 395.0 
84.245 396.0 
84.128 397.0 
84.21 398.0 
84.105 399.0 
84.14 400.0 
84.222 401.0 
84.21 402.0 
84.257 403.0 
84.21 404.0 
84.163 405.0 
84.128 406.0 
84.175 407.0 
84.105 408.0 
84.175 409.0 
84.128 410.0 
84.175 411.0 
84.245 412.0 
84.584 413.0 
84.222 414.0 
84.175 415.0 
84.198 416.0 
84.117 417.0 
84.28 418.0 
84.222 419.0 
84.152 420.0 
84.163 421.0 
84.175 422.0 
84.21 423.0 
84.163 424.0 
84.093 425.0 
84.187 426.0 
84.175 427.0 
84.128 428.0 
84.152 429.0 
84.082 430.0 
84.222 431.0 
84.222 432.0 
84.245 433.0 
84.105 434.0 
84.117 435.0 
84.175 436.0 
84.245 437.0 
84.082 438.0 
84.163 439.0 
84.128 440.0 
84.152 441.0 
84.105 442.0 
84.128 443.0 
84.128 444.0 
84.128 445.0 
84.093 446.0 
84.233 447.0 
84.175 448.0 
84.233 449.0 
84.537 450.0 
84.152 451.0 
84.105 452.0 
84.128 453.0 
84.082 454.0 
84.222 455.0 
84.011 456.0 
84.093 457.0 
84.105 458.0 
84.198 459.0 
84.222 460.0 
84.14 461.0 
84.14 462.0 
84.28 463.0 
84.198 464.0 
84.187 465.0 
84.233 466.0 
84.187 467.0 
84.093 468.0 
84.21 469.0 
84.117 470.0 
84.128 471.0 
84.152 472.0 
84.128 473.0 
84.175 474.0 
84.245 475.0 
84.163 476.0 
84.105 477.0 
84.152 478.0 
84.07 479.0 
84.14 480.0 
84.233 481.0 
84.128 482.0 
84.21 483.0 
84.082 484.0 
84.187 485.0 
84.082 486.0 
84.082 487.0 
84.198 488.0 
84.117 489.0 
84.128 490.0 
84.233 491.0 
84.163 492.0 
84.152 493.0 
84.175 494.0 
84.117 495.0 
84.058 496.0 
84.163 497.0 
84.222 498.0 
84.093 499.0 
84.058 500.0 
84.14 501.0 
84.187 502.0 
84.0 503.0 
84.082 504.0 
84.105 505.0 
84.105 506.0 
84.163 507.0 
84.28 508.0 
84.046 509.0 
84.093 510.0 
84.093 511.0 
84.117 512.0 
84.163 513.0 
84.128 514.0 
84.175 515.0 
84.175 516.0 
84.455 517.0 
83.976 518.0 
84.011 519.0 
84.011 520.0 
84.023 521.0 
84.046 522.0 
84.0 523.0 
84.035 524.0 
84.023 525.0 
83.976 526.0 
84.011 527.0 
83.93 528.0 
83.953 529.0 
83.953 530.0 
83.941 531.0 
84.07 532.0 
84.011 533.0 
83.941 534.0 
83.976 535.0 
83.93 536.0 
83.883 537.0 
83.86 538.0 
83.801 539.0 
83.778 540.0 
83.871 541.0 
83.836 542.0 
83.778 543.0 
83.778 544.0 
83.684 545.0 
83.673 546.0 
83.754 547.0 
83.754 548.0 
83.684 549.0 
83.661 550.0 
83.603 551.0 
83.708 552.0 
83.673 553.0 
83.626 554.0 
83.579 555.0 
83.708 556.0 
83.661 557.0 
83.649 558.0 
83.743 559.0 
83.684 560.0 
83.614 561.0 
83.568 562.0 
83.696 563.0 
83.638 564.0 
83.486 565.0 
83.684 566.0 
83.708 567.0 
83.568 568.0 
83.661 569.0 
83.614 570.0 
83.731 571.0 
83.579 572.0 
83.556 573.0 
83.649 574.0 
83.626 575.0 
83.731 576.0 
83.638 577.0 
83.638 578.0 
83.731 579.0 
83.673 580.0 
83.731 581.0 
83.649 582.0 
83.708 583.0 
83.684 584.0 
83.825 585.0 
83.719 586.0 
83.614 587.0 
83.708 588.0 
83.626 589.0 
83.719 590.0 
83.626 591.0 
83.673 592.0 
83.649 593.0 
83.661 594.0 
83.638 595.0 
83.708 596.0 
83.638 597.0 
83.708 598.0 
83.579 599.0 
83.661 600.0 
83.731 601.0 
83.673 602.0 
83.754 603.0 
83.661 604.0 
83.719 605.0 
83.603 606.0 
83.708 607.0 
83.591 608.0 
83.673 609.0 
83.731 610.0 
83.638 611.0 
83.708 612.0 
83.626 613.0 
83.731 614.0 
83.603 615.0 
83.696 616.0 
83.731 617.0 
83.638 618.0 
83.708 619.0 
83.381 620.0 
83.626 621.0 
83.708 622.0 
83.568 623.0 
83.661 624.0 
83.719 625.0 
83.591 626.0 
83.661 627.0 
83.719 628.0 
83.673 629.0 
83.684 630.0 
83.743 631.0 
83.544 632.0 
83.708 633.0 
84.011 634.0 
83.638 635.0 
83.696 636.0 
83.766 637.0 
83.603 638.0 
83.708 639.0 
83.743 640.0 
83.579 641.0 
83.673 642.0 
83.696 643.0 
83.568 644.0 
83.638 645.0 
83.684 646.0 
83.778 647.0 
83.614 648.0 
83.661 649.0 
83.754 650.0 
83.568 651.0 
83.614 652.0 
83.673 653.0 
83.719 654.0 
83.568 655.0 
83.649 656.0 
83.649 657.0 
83.731 658.0 
83.673 659.0 
83.649 660.0 
83.731 661.0 
83.754 662.0 
83.614 663.0 
83.661 664.0 
83.719 665.0 
83.743 666.0 
83.568 667.0 
83.638 668.0 
83.696 669.0 
83.731 670.0 
83.591 671.0 
83.661 672.0 
83.661 673.0 
83.696 674.0 
83.743 675.0 
83.579 676.0 
83.638 677.0 
83.684 678.0 
83.661 679.0 
83.731 680.0 
83.579 681.0 
83.614 682.0 
83.638 683.0 
83.684 684.0 
83.731 685.0 
83.754 686.0 
83.591 687.0 
83.638 688.0 
83.661 689.0 
83.684 690.0 
83.731 691.0 
83.766 692.0 
83.579 693.0 
83.614 694.0 
83.638 695.0 
83.673 696.0 
83.708 697.0 
83.684 698.0 
83.357 699.0 
83.614 700.0 
83.626 701.0 
83.614 702.0 
83.638 703.0 
83.661 704.0 
83.708 705.0 
83.731 706.0 
83.591 707.0 
83.603 708.0 
83.603 709.0 
83.649 710.0 
83.661 711.0 
83.696 712.0 
83.731 713.0 
83.743 714.0 
83.778 715.0 
83.568 716.0 
83.544 717.0 
83.626 718.0 
83.673 719.0 
83.649 720.0 
83.661 721.0 
83.684 722.0 
83.696 723.0 
83.743 724.0 
83.754 725.0 
83.568 726.0 
83.556 727.0 
83.614 728.0 
83.591 729.0 
83.649 730.0 
83.614 731.0 
83.638 732.0 
83.708 733.0 
83.684 734.0 
83.743 735.0 
83.719 736.0 
83.719 737.0 
83.766 738.0 
83.79 739.0 
83.568 740.0 
83.591 741.0 
83.568 742.0 
83.591 743.0 
83.614 744.0 
83.591 745.0 
83.579 746.0 
83.603 747.0 
83.603 748.0 
83.661 749.0 
83.638 750.0 
83.661 751.0 
83.638 752.0 
83.661 753.0 
83.626 754.0 
83.638 755.0 
83.626 756.0 
83.649 757.0 
83.661 758.0 
83.673 759.0 
83.673 760.0 
83.649 761.0 
83.684 762.0 
83.673 763.0 
83.673 764.0 
83.649 765.0 
83.661 766.0 
83.673 767.0 
83.684 768.0 
83.696 769.0 
83.661 770.0 
83.684 771.0 
83.684 772.0 
83.696 773.0 
83.696 774.0 
83.743 775.0 
83.684 776.0 
83.696 777.0 
83.684 778.0 
83.684 779.0 
83.684 780.0 
83.649 781.0 
83.673 782.0 
83.673 783.0 
83.684 784.0 
83.626 785.0 
83.626 786.0 
83.661 787.0 
83.649 788.0 
83.649 789.0 
83.661 790.0 
83.696 791.0 
83.684 792.0 
83.661 793.0 
83.696 794.0 
83.708 795.0 
83.673 796.0 
83.684 797.0 
83.673 798.0 
83.696 799.0 
83.684 800.0 
83.708 801.0 
83.673 802.0 
83.708 803.0 
83.673 804.0 
0.012 805.0 
0.007 806.0 
0.006 807.0 
0.007 808.0 
0.016 809.0 
0.016 810.0 
0.012 811.0 
0.017 812.0 
0.011 813.0 
0.018 814.0 
0.005 815.0 
0.002 816.0 
0.006 817.0 
0.005 818.0 
0.0 819.0 
-0.002 820.0 
-0.001 821.0 
-0.004 822.0 
0.004 823.0 
0.001 824.0 
-0.004 825.0 
-0.011 826.0 
-0.01 827.0 
-0.014 828.0 
-0.01 829.0 
