-0.025 257.0 
-0.019 258.0 
-0.03 259.0 
-0.034 260.0 
-0.029 261.0 
-0.016 262.0 
-0.037 263.0 
-0.017 264.0 
-0.054 265.0 
-0.029 266.0 
-0.031 267.0 
-0.034 268.0 
-0.026 269.0 
-0.053 270.0 
-0.041 271.0 
-0.018 272.0 
-0.05 273.0 
-0.052 274.0 
141.358 275.0 
138.684 276.0 
137.609 277.0 
136.383 278.0 
134.993 279.0 
133.218 280.0 
131.711 281.0 
129.69 282.0 
127.331 283.0 
125.859 284.0 
125.486 285.0 
125.252 286.0 
125.182 287.0 
124.984 288.0 
124.808 289.0 
124.692 290.0 
124.236 291.0 
124.073 292.0 
124.014 293.0 
123.991 294.0 
123.524 295.0 
123.383 296.0 
123.36 297.0 
122.916 298.0 
122.753 299.0 
122.753 300.0 
122.25 301.0 
122.25 302.0 
121.853 303.0 
121.772 304.0 
121.737 305.0 
121.199 306.0 
120.183 307.0 
118.244 308.0 
115.955 309.0 
112.662 310.0 
109.45 311.0 
105.654 312.0 
102.056 313.0 
97.828 314.0 
93.472 315.0 
89.08 316.0 
85.109 317.0 
82.411 318.0 
82.26 319.0 
82.061 320.0 
81.722 321.0 
81.921 322.0 
81.862 323.0 
81.909 324.0 
81.781 325.0 
81.757 326.0 
81.827 327.0 
81.746 328.0 
81.932 329.0 
81.862 330.0 
81.792 331.0 
81.862 332.0 
81.897 333.0 
81.769 334.0 
81.781 335.0 
81.862 336.0 
81.874 337.0 
81.746 338.0 
81.909 339.0 
81.792 340.0 
81.827 341.0 
81.769 342.0 
81.932 343.0 
81.816 344.0 
81.769 345.0 
81.711 346.0 
81.699 347.0 
81.862 348.0 
81.839 349.0 
81.804 350.0 
81.757 351.0 
81.792 352.0 
81.746 353.0 
81.676 354.0 
81.862 355.0 
81.827 356.0 
81.851 357.0 
81.804 358.0 
81.851 359.0 
81.792 360.0 
81.874 361.0 
81.769 362.0 
81.816 363.0 
81.699 364.0 
81.722 365.0 
81.781 366.0 
81.804 367.0 
81.722 368.0 
81.757 369.0 
81.757 370.0 
81.792 371.0 
81.804 372.0 
81.792 373.0 
81.816 374.0 
81.874 375.0 
81.851 376.0 
81.652 377.0 
81.769 378.0 
81.792 379.0 
81.769 380.0 
81.804 381.0 
81.897 382.0 
81.781 383.0 
81.746 384.0 
81.769 385.0 
81.827 386.0 
81.746 387.0 
81.676 388.0 
81.816 389.0 
81.781 390.0 
81.792 391.0 
81.769 392.0 
81.851 393.0 
81.711 394.0 
81.816 395.0 
81.839 396.0 
81.699 397.0 
81.816 398.0 
81.699 399.0 
81.746 400.0 
81.816 401.0 
81.804 402.0 
81.874 403.0 
81.839 404.0 
81.769 405.0 
81.734 406.0 
81.792 407.0 
81.711 408.0 
81.757 409.0 
81.734 410.0 
81.757 411.0 
81.827 412.0 
82.119 413.0 
81.816 414.0 
81.769 415.0 
81.781 416.0 
81.746 417.0 
81.874 418.0 
81.827 419.0 
81.722 420.0 
81.757 421.0 
81.781 422.0 
81.874 423.0 
81.722 424.0 
81.746 425.0 
81.804 426.0 
81.839 427.0 
81.746 428.0 
81.734 429.0 
81.699 430.0 
81.781 431.0 
81.781 432.0 
81.827 433.0 
81.664 434.0 
81.757 435.0 
81.757 436.0 
81.862 437.0 
81.687 438.0 
81.746 439.0 
81.722 440.0 
81.746 441.0 
81.734 442.0 
81.781 443.0 
81.757 444.0 
81.711 445.0 
81.699 446.0 
81.851 447.0 
81.792 448.0 
81.804 449.0 
82.014 450.0 
81.699 451.0 
81.734 452.0 
81.711 453.0 
81.687 454.0 
81.792 455.0 
81.781 456.0 
81.722 457.0 
81.746 458.0 
81.816 459.0 
81.827 460.0 
81.769 461.0 
81.746 462.0 
81.839 463.0 
81.792 464.0 
81.781 465.0 
81.816 466.0 
81.746 467.0 
81.676 468.0 
81.792 469.0 
81.722 470.0 
81.781 471.0 
81.769 472.0 
81.862 473.0 
81.792 474.0 
81.862 475.0 
81.781 476.0 
81.722 477.0 
81.792 478.0 
81.664 479.0 
81.769 480.0 
81.874 481.0 
81.746 482.0 
81.827 483.0 
81.722 484.0 
81.769 485.0 
81.687 486.0 
81.687 487.0 
81.792 488.0 
81.746 489.0 
81.757 490.0 
81.816 491.0 
81.781 492.0 
81.769 493.0 
81.827 494.0 
81.722 495.0 
81.664 496.0 
81.781 497.0 
81.804 498.0 
81.687 499.0 
81.687 500.0 
81.769 501.0 
81.792 502.0 
81.699 503.0 
81.711 504.0 
81.711 505.0 
81.746 506.0 
81.769 507.0 
82.084 508.0 
81.652 509.0 
81.687 510.0 
81.699 511.0 
81.746 512.0 
81.734 513.0 
81.781 514.0 
81.769 515.0 
81.804 516.0 
81.781 517.0 
81.617 518.0 
81.629 519.0 
81.605 520.0 
81.652 521.0 
81.652 522.0 
81.664 523.0 
81.676 524.0 
81.617 525.0 
81.617 526.0 
81.605 527.0 
81.535 528.0 
81.582 529.0 
81.559 530.0 
81.547 531.0 
81.687 532.0 
81.652 533.0 
81.605 534.0 
81.64 535.0 
81.559 536.0 
81.547 537.0 
81.524 538.0 
81.477 539.0 
81.395 540.0 
81.547 541.0 
81.5 542.0 
81.407 543.0 
81.395 544.0 
81.325 545.0 
81.302 546.0 
81.43 547.0 
81.348 548.0 
81.302 549.0 
81.278 550.0 
81.232 551.0 
81.313 552.0 
81.255 553.0 
81.22 554.0 
81.22 555.0 
81.372 556.0 
81.29 557.0 
81.255 558.0 
81.36 559.0 
81.302 560.0 
81.255 561.0 
81.185 562.0 
81.278 563.0 
81.243 564.0 
81.138 565.0 
81.313 566.0 
81.582 567.0 
81.15 568.0 
81.29 569.0 
81.185 570.0 
81.337 571.0 
81.232 572.0 
81.208 573.0 
81.208 574.0 
81.208 575.0 
81.325 576.0 
81.243 577.0 
81.232 578.0 
81.302 579.0 
81.278 580.0 
81.348 581.0 
81.278 582.0 
81.36 583.0 
81.337 584.0 
81.395 585.0 
81.278 586.0 
81.22 587.0 
81.337 588.0 
81.22 589.0 
81.313 590.0 
81.243 591.0 
81.267 592.0 
81.243 593.0 
81.255 594.0 
81.232 595.0 
81.36 596.0 
81.22 597.0 
81.302 598.0 
81.232 599.0 
81.302 600.0 
81.395 601.0 
81.29 602.0 
81.36 603.0 
81.243 604.0 
81.325 605.0 
81.22 606.0 
81.313 607.0 
81.22 608.0 
81.29 609.0 
81.348 610.0 
81.255 611.0 
81.325 612.0 
81.243 613.0 
81.302 614.0 
81.208 615.0 
81.302 616.0 
81.348 617.0 
81.208 618.0 
81.29 619.0 
80.928 620.0 
81.29 621.0 
81.325 622.0 
81.197 623.0 
81.243 624.0 
81.325 625.0 
81.208 626.0 
81.302 627.0 
81.348 628.0 
81.243 629.0 
81.313 630.0 
81.348 631.0 
81.208 632.0 
81.29 633.0 
81.384 634.0 
81.232 635.0 
81.325 636.0 
81.337 637.0 
81.255 638.0 
81.313 639.0 
81.325 640.0 
81.232 641.0 
81.302 642.0 
81.348 643.0 
81.22 644.0 
81.232 645.0 
81.302 646.0 
81.337 647.0 
81.208 648.0 
81.255 649.0 
81.29 650.0 
81.197 651.0 
81.255 652.0 
81.29 653.0 
81.337 654.0 
81.22 655.0 
81.243 656.0 
81.278 657.0 
81.337 658.0 
81.208 659.0 
81.278 660.0 
81.348 661.0 
81.407 662.0 
81.15 663.0 
81.302 664.0 
81.325 665.0 
81.348 666.0 
81.197 667.0 
81.267 668.0 
81.325 669.0 
81.36 670.0 
81.197 671.0 
81.208 672.0 
81.267 673.0 
81.29 674.0 
81.407 675.0 
81.232 676.0 
81.232 677.0 
81.302 678.0 
81.302 679.0 
81.384 680.0 
81.22 681.0 
81.185 682.0 
81.255 683.0 
81.29 684.0 
81.372 685.0 
81.372 686.0 
81.208 687.0 
81.22 688.0 
81.278 689.0 
81.325 690.0 
81.337 691.0 
81.348 692.0 
81.162 693.0 
81.208 694.0 
81.255 695.0 
81.29 696.0 
81.313 697.0 
81.278 698.0 
80.963 699.0 
81.208 700.0 
81.22 701.0 
81.267 702.0 
81.278 703.0 
81.208 704.0 
81.337 705.0 
81.348 706.0 
81.197 707.0 
81.197 708.0 
81.232 709.0 
81.243 710.0 
81.267 711.0 
81.29 712.0 
81.302 713.0 
81.348 714.0 
81.384 715.0 
81.208 716.0 
81.22 717.0 
81.22 718.0 
81.232 719.0 
81.29 720.0 
81.29 721.0 
81.325 722.0 
81.337 723.0 
81.348 724.0 
81.36 725.0 
81.208 726.0 
81.162 727.0 
81.22 728.0 
81.243 729.0 
81.255 730.0 
81.29 731.0 
81.278 732.0 
81.29 733.0 
81.302 734.0 
81.29 735.0 
81.348 736.0 
81.348 737.0 
81.372 738.0 
81.36 739.0 
81.162 740.0 
81.173 741.0 
81.197 742.0 
81.185 743.0 
81.197 744.0 
81.232 745.0 
81.208 746.0 
81.232 747.0 
81.232 748.0 
81.243 749.0 
81.232 750.0 
81.255 751.0 
81.232 752.0 
81.255 753.0 
81.267 754.0 
81.243 755.0 
81.267 756.0 
81.267 757.0 
81.29 758.0 
81.278 759.0 
81.302 760.0 
81.302 761.0 
81.302 762.0 
81.267 763.0 
81.302 764.0 
81.267 765.0 
81.29 766.0 
81.278 767.0 
81.325 768.0 
81.278 769.0 
81.267 770.0 
81.267 771.0 
81.313 772.0 
81.302 773.0 
81.302 774.0 
81.313 775.0 
81.325 776.0 
81.278 777.0 
81.313 778.0 
81.302 779.0 
81.278 780.0 
81.29 781.0 
81.313 782.0 
81.29 783.0 
81.267 784.0 
81.267 785.0 
81.255 786.0 
81.243 787.0 
81.255 788.0 
81.325 789.0 
81.267 790.0 
81.267 791.0 
81.29 792.0 
81.29 793.0 
81.267 794.0 
81.302 795.0 
81.278 796.0 
81.29 797.0 
81.278 798.0 
81.278 799.0 
81.302 800.0 
81.302 801.0 
81.302 802.0 
81.278 803.0 
81.278 804.0 
0.0 805.0 
0.0 806.0 
0.002 807.0 
-0.001 808.0 
-0.006 809.0 
-0.013 810.0 
-0.025 811.0 
-0.03 812.0 
-0.034 813.0 
-0.046 814.0 
-0.052 815.0 
-0.056 816.0 
-0.05 817.0 
-0.054 818.0 
-0.065 819.0 
-0.065 820.0 
-0.064 821.0 
-0.06 822.0 
-0.068 823.0 
-0.058 824.0 
-0.054 825.0 
-0.058 826.0 
-0.052 827.0 
-0.042 828.0 
-0.04 829.0 
