-0.05 257.0 
-0.058 258.0 
-0.049 259.0 
-0.034 260.0 
-0.054 261.0 
-0.053 262.0 
-0.059 263.0 
-0.047 264.0 
-0.032 265.0 
-0.042 266.0 
-0.054 267.0 
-0.038 268.0 
-0.052 269.0 
-0.054 270.0 
-0.036 271.0 
-0.044 272.0 
-0.024 273.0 
-0.059 274.0 
142.807 275.0 
139.758 276.0 
138.73 277.0 
137.247 278.0 
135.624 279.0 
133.638 280.0 
131.863 281.0 
129.714 282.0 
126.28 283.0 
124.668 284.0 
124.388 285.0 
124.096 286.0 
123.921 287.0 
123.617 288.0 
123.348 289.0 
122.788 290.0 
122.671 291.0 
122.496 292.0 
122.297 293.0 
122.18 294.0 
121.702 295.0 
121.561 296.0 
121.526 297.0 
121.024 298.0 
120.814 299.0 
120.814 300.0 
120.3 301.0 
120.207 302.0 
119.716 303.0 
119.623 304.0 
119.552 305.0 
118.933 306.0 
117.894 307.0 
115.873 308.0 
113.421 309.0 
110.326 310.0 
107.009 311.0 
103.084 312.0 
99.312 313.0 
95.049 314.0 
91.264 315.0 
87.083 316.0 
83.334 317.0 
80.566 318.0 
80.426 319.0 
80.274 320.0 
80.11 321.0 
80.145 322.0 
80.005 323.0 
80.04 324.0 
80.017 325.0 
79.912 326.0 
79.982 327.0 
79.924 328.0 
79.924 329.0 
80.017 330.0 
79.947 331.0 
80.064 332.0 
80.064 333.0 
79.924 334.0 
79.959 335.0 
80.052 336.0 
80.029 337.0 
79.889 338.0 
80.204 339.0 
79.982 340.0 
79.947 341.0 
79.924 342.0 
80.145 343.0 
79.947 344.0 
79.947 345.0 
79.924 346.0 
79.912 347.0 
79.994 348.0 
79.982 349.0 
79.982 350.0 
79.935 351.0 
79.947 352.0 
79.97 353.0 
79.9 354.0 
79.9 355.0 
79.982 356.0 
80.005 357.0 
79.97 358.0 
80.017 359.0 
79.959 360.0 
80.017 361.0 
79.959 362.0 
79.947 363.0 
79.877 364.0 
79.935 365.0 
79.947 366.0 
79.947 367.0 
79.9 368.0 
79.9 369.0 
79.947 370.0 
79.959 371.0 
79.97 372.0 
80.017 373.0 
80.005 374.0 
80.04 375.0 
80.075 376.0 
79.924 377.0 
79.924 378.0 
79.935 379.0 
79.935 380.0 
79.935 381.0 
79.994 382.0 
79.9 383.0 
79.9 384.0 
79.912 385.0 
80.005 386.0 
79.865 387.0 
79.865 388.0 
79.947 389.0 
79.947 390.0 
79.935 391.0 
79.935 392.0 
80.04 393.0 
79.854 394.0 
79.959 395.0 
80.052 396.0 
79.865 397.0 
79.959 398.0 
79.83 399.0 
79.889 400.0 
79.994 401.0 
79.959 402.0 
80.005 403.0 
79.994 404.0 
79.924 405.0 
79.865 406.0 
79.935 407.0 
79.865 408.0 
79.912 409.0 
79.865 410.0 
79.935 411.0 
79.97 412.0 
80.367 413.0 
80.017 414.0 
79.924 415.0 
79.959 416.0 
79.854 417.0 
79.947 418.0 
79.924 419.0 
79.924 420.0 
79.912 421.0 
79.959 422.0 
79.959 423.0 
79.9 424.0 
79.924 425.0 
79.959 426.0 
79.959 427.0 
79.877 428.0 
79.924 429.0 
79.889 430.0 
79.924 431.0 
79.935 432.0 
79.994 433.0 
79.854 434.0 
79.877 435.0 
79.865 436.0 
79.97 437.0 
79.889 438.0 
79.877 439.0 
79.924 440.0 
79.889 441.0 
79.842 442.0 
79.865 443.0 
79.877 444.0 
79.9 445.0 
79.842 446.0 
79.97 447.0 
79.982 448.0 
79.935 449.0 
80.274 450.0 
79.912 451.0 
79.889 452.0 
79.924 453.0 
79.83 454.0 
79.924 455.0 
79.818 456.0 
79.865 457.0 
79.842 458.0 
79.959 459.0 
79.982 460.0 
79.924 461.0 
79.889 462.0 
79.947 463.0 
79.9 464.0 
79.889 465.0 
79.959 466.0 
79.912 467.0 
79.818 468.0 
79.9 469.0 
79.865 470.0 
79.854 471.0 
79.877 472.0 
79.83 473.0 
79.912 474.0 
79.97 475.0 
79.912 476.0 
79.865 477.0 
79.912 478.0 
79.818 479.0 
79.935 480.0 
79.982 481.0 
79.877 482.0 
79.935 483.0 
79.854 484.0 
79.935 485.0 
79.83 486.0 
79.83 487.0 
79.924 488.0 
79.854 489.0 
79.877 490.0 
79.924 491.0 
79.889 492.0 
79.9 493.0 
79.947 494.0 
79.83 495.0 
79.807 496.0 
79.9 497.0 
79.935 498.0 
79.83 499.0 
79.83 500.0 
79.854 501.0 
79.935 502.0 
79.795 503.0 
79.807 504.0 
79.83 505.0 
79.854 506.0 
79.842 507.0 
79.959 508.0 
79.795 509.0 
79.783 510.0 
79.83 511.0 
79.865 512.0 
79.865 513.0 
79.889 514.0 
79.924 515.0 
79.912 516.0 
80.157 517.0 
79.725 518.0 
79.772 519.0 
79.783 520.0 
79.795 521.0 
79.748 522.0 
79.772 523.0 
79.76 524.0 
79.772 525.0 
79.783 526.0 
79.713 527.0 
79.725 528.0 
79.737 529.0 
79.69 530.0 
79.69 531.0 
79.854 532.0 
79.807 533.0 
79.772 534.0 
79.807 535.0 
79.76 536.0 
79.713 537.0 
79.597 538.0 
79.62 539.0 
79.573 540.0 
79.69 541.0 
79.62 542.0 
79.573 543.0 
79.55 544.0 
79.515 545.0 
79.468 546.0 
79.585 547.0 
79.526 548.0 
79.503 549.0 
79.421 550.0 
79.375 551.0 
79.515 552.0 
79.491 553.0 
79.398 554.0 
79.398 555.0 
79.503 556.0 
79.48 557.0 
79.41 558.0 
79.036 559.0 
79.48 560.0 
79.41 561.0 
79.363 562.0 
79.468 563.0 
79.398 564.0 
79.328 565.0 
79.468 566.0 
79.48 567.0 
79.363 568.0 
79.456 569.0 
79.398 570.0 
79.515 571.0 
79.421 572.0 
79.386 573.0 
79.445 574.0 
79.386 575.0 
79.818 576.0 
79.421 577.0 
79.445 578.0 
79.515 579.0 
79.433 580.0 
79.55 581.0 
79.445 582.0 
79.503 583.0 
79.491 584.0 
79.597 585.0 
79.491 586.0 
79.433 587.0 
79.468 588.0 
79.421 589.0 
79.48 590.0 
79.421 591.0 
79.48 592.0 
79.398 593.0 
79.468 594.0 
79.41 595.0 
79.433 596.0 
79.41 597.0 
79.503 598.0 
79.421 599.0 
79.456 600.0 
79.538 601.0 
79.456 602.0 
79.515 603.0 
79.421 604.0 
79.503 605.0 
79.421 606.0 
79.491 607.0 
79.398 608.0 
79.445 609.0 
79.526 610.0 
79.398 611.0 
79.538 612.0 
79.445 613.0 
79.48 614.0 
79.386 615.0 
79.468 616.0 
79.538 617.0 
79.375 618.0 
79.48 619.0 
79.094 620.0 
79.445 621.0 
79.48 622.0 
79.398 623.0 
79.445 624.0 
79.526 625.0 
79.375 626.0 
79.433 627.0 
79.515 628.0 
79.386 629.0 
79.48 630.0 
79.562 631.0 
79.398 632.0 
79.48 633.0 
79.877 634.0 
79.41 635.0 
79.48 636.0 
79.538 637.0 
79.398 638.0 
79.445 639.0 
79.503 640.0 
79.386 641.0 
79.468 642.0 
79.526 643.0 
79.351 644.0 
79.433 645.0 
79.456 646.0 
79.562 647.0 
79.421 648.0 
79.445 649.0 
79.491 650.0 
79.375 651.0 
79.386 652.0 
79.468 653.0 
79.503 654.0 
79.363 655.0 
79.41 656.0 
79.445 657.0 
79.526 658.0 
79.433 659.0 
79.433 660.0 
79.515 661.0 
79.538 662.0 
79.375 663.0 
79.445 664.0 
79.491 665.0 
79.538 666.0 
79.386 667.0 
79.421 668.0 
79.491 669.0 
79.526 670.0 
79.363 671.0 
79.41 672.0 
79.456 673.0 
79.503 674.0 
79.445 675.0 
79.41 676.0 
79.398 677.0 
79.456 678.0 
79.48 679.0 
79.526 680.0 
79.398 681.0 
79.41 682.0 
79.433 683.0 
79.468 684.0 
79.503 685.0 
79.55 686.0 
79.386 687.0 
79.41 688.0 
79.445 689.0 
79.48 690.0 
79.491 691.0 
79.562 692.0 
79.386 693.0 
79.421 694.0 
79.445 695.0 
79.48 696.0 
79.456 697.0 
79.468 698.0 
79.246 699.0 
79.351 700.0 
79.445 701.0 
79.445 702.0 
79.445 703.0 
79.48 704.0 
79.503 705.0 
79.538 706.0 
79.34 707.0 
79.41 708.0 
79.386 709.0 
79.421 710.0 
79.468 711.0 
79.491 712.0 
79.503 713.0 
79.515 714.0 
79.48 715.0 
79.351 716.0 
79.363 717.0 
79.386 718.0 
79.421 719.0 
79.456 720.0 
79.468 721.0 
79.433 722.0 
79.48 723.0 
79.526 724.0 
79.526 725.0 
79.328 726.0 
79.363 727.0 
79.398 728.0 
79.398 729.0 
79.433 730.0 
79.433 731.0 
79.445 732.0 
79.456 733.0 
79.515 734.0 
79.48 735.0 
79.515 736.0 
79.515 737.0 
79.562 738.0 
79.27 739.0 
79.375 740.0 
79.375 741.0 
79.351 742.0 
79.34 743.0 
79.398 744.0 
79.375 745.0 
79.386 746.0 
79.375 747.0 
79.398 748.0 
79.398 749.0 
79.41 750.0 
79.41 751.0 
79.41 752.0 
79.433 753.0 
79.433 754.0 
79.433 755.0 
79.433 756.0 
79.456 757.0 
79.468 758.0 
79.468 759.0 
79.445 760.0 
79.491 761.0 
79.456 762.0 
79.468 763.0 
79.468 764.0 
79.456 765.0 
79.48 766.0 
79.456 767.0 
79.48 768.0 
79.445 769.0 
79.468 770.0 
79.468 771.0 
79.445 772.0 
79.48 773.0 
79.491 774.0 
79.433 775.0 
79.48 776.0 
79.456 777.0 
79.468 778.0 
79.456 779.0 
79.445 780.0 
79.468 781.0 
79.445 782.0 
79.421 783.0 
79.433 784.0 
79.491 785.0 
79.445 786.0 
79.456 787.0 
79.468 788.0 
79.456 789.0 
79.456 790.0 
79.433 791.0 
79.433 792.0 
79.445 793.0 
79.491 794.0 
79.456 795.0 
79.48 796.0 
79.456 797.0 
79.503 798.0 
79.456 799.0 
79.48 800.0 
79.468 801.0 
79.468 802.0 
79.445 803.0 
79.456 804.0 
0.007 805.0 
0.0 806.0 
-0.007 807.0 
-0.013 808.0 
-0.016 809.0 
-0.013 810.0 
-0.031 811.0 
-0.038 812.0 
-0.04 813.0 
-0.047 814.0 
-0.053 815.0 
-0.061 816.0 
-0.052 817.0 
-0.066 818.0 
-0.066 819.0 
-0.066 820.0 
-0.06 821.0 
-0.079 822.0 
-0.077 823.0 
-0.061 824.0 
-0.052 825.0 
-0.056 826.0 
-0.046 827.0 
-0.042 828.0 
-0.046 829.0 
