-0.048 257.0 
-0.037 258.0 
-0.046 259.0 
-0.044 260.0 
-0.041 261.0 
-0.05 262.0 
-0.049 263.0 
-0.041 264.0 
-0.023 265.0 
-0.103 266.0 
-0.049 267.0 
-0.064 268.0 
-0.041 269.0 
-0.028 270.0 
-0.067 271.0 
-0.066 272.0 
-0.064 273.0 
-0.047 274.0 
149.067 275.0 
145.353 276.0 
144.115 277.0 
142.561 278.0 
141.008 279.0 
139.022 280.0 
137.446 281.0 
135.332 282.0 
132.143 283.0 
130.66 284.0 
130.263 285.0 
129.971 286.0 
129.714 287.0 
129.328 288.0 
129.036 289.0 
128.359 290.0 
128.207 291.0 
127.938 292.0 
127.658 293.0 
127.354 294.0 
127.004 295.0 
126.817 296.0 
126.7 297.0 
126.058 298.0 
125.848 299.0 
125.743 300.0 
125.147 301.0 
125.03 302.0 
124.493 303.0 
124.388 304.0 
124.061 305.0 
123.605 306.0 
122.332 307.0 
119.728 308.0 
116.749 309.0 
112.626 310.0 
108.282 311.0 
103.516 312.0 
99.312 313.0 
94.909 314.0 
91.183 315.0 
87.293 316.0 
83.941 317.0 
81.01 318.0 
80.928 319.0 
80.706 320.0 
80.578 321.0 
80.613 322.0 
80.519 323.0 
80.566 324.0 
80.508 325.0 
80.402 326.0 
80.519 327.0 
80.426 328.0 
80.671 329.0 
80.496 330.0 
80.426 331.0 
80.694 332.0 
80.519 333.0 
80.449 334.0 
80.367 335.0 
80.484 336.0 
80.496 337.0 
80.414 338.0 
80.846 339.0 
80.449 340.0 
80.449 341.0 
80.449 342.0 
80.508 343.0 
80.508 344.0 
80.437 345.0 
80.449 346.0 
80.379 347.0 
80.426 348.0 
80.484 349.0 
80.473 350.0 
80.414 351.0 
80.414 352.0 
80.414 353.0 
80.367 354.0 
80.391 355.0 
80.473 356.0 
80.531 357.0 
80.461 358.0 
80.554 359.0 
80.496 360.0 
80.508 361.0 
80.437 362.0 
80.496 363.0 
80.426 364.0 
80.449 365.0 
80.496 366.0 
80.461 367.0 
80.391 368.0 
80.426 369.0 
80.402 370.0 
80.461 371.0 
80.461 372.0 
80.473 373.0 
80.496 374.0 
80.519 375.0 
80.624 376.0 
80.379 377.0 
80.391 378.0 
80.426 379.0 
80.437 380.0 
80.437 381.0 
80.554 382.0 
80.414 383.0 
80.449 384.0 
80.426 385.0 
80.531 386.0 
80.402 387.0 
80.356 388.0 
80.461 389.0 
80.426 390.0 
80.473 391.0 
80.437 392.0 
80.496 393.0 
80.367 394.0 
80.461 395.0 
80.554 396.0 
80.367 397.0 
80.473 398.0 
80.344 399.0 
80.367 400.0 
80.484 401.0 
80.461 402.0 
80.531 403.0 
80.508 404.0 
80.461 405.0 
80.391 406.0 
80.426 407.0 
80.367 408.0 
80.473 409.0 
80.402 410.0 
80.391 411.0 
80.496 412.0 
80.986 413.0 
80.484 414.0 
80.426 415.0 
80.473 416.0 
80.379 417.0 
80.508 418.0 
80.484 419.0 
80.414 420.0 
80.437 421.0 
80.473 422.0 
80.508 423.0 
80.426 424.0 
80.449 425.0 
80.496 426.0 
80.496 427.0 
80.391 428.0 
80.414 429.0 
80.414 430.0 
80.473 431.0 
80.484 432.0 
80.531 433.0 
80.367 434.0 
80.402 435.0 
80.426 436.0 
80.461 437.0 
80.414 438.0 
80.379 439.0 
80.426 440.0 
80.437 441.0 
80.391 442.0 
80.449 443.0 
80.426 444.0 
80.426 445.0 
80.379 446.0 
80.508 447.0 
80.473 448.0 
80.473 449.0 
80.776 450.0 
80.426 451.0 
80.449 452.0 
80.402 453.0 
80.356 454.0 
80.449 455.0 
80.262 456.0 
80.426 457.0 
80.402 458.0 
80.496 459.0 
80.496 460.0 
80.437 461.0 
80.379 462.0 
80.496 463.0 
80.461 464.0 
80.426 465.0 
80.519 466.0 
80.449 467.0 
80.356 468.0 
80.473 469.0 
80.391 470.0 
80.391 471.0 
80.437 472.0 
80.262 473.0 
80.402 474.0 
80.543 475.0 
80.449 476.0 
80.379 477.0 
80.461 478.0 
80.367 479.0 
80.449 480.0 
80.543 481.0 
80.414 482.0 
80.508 483.0 
80.426 484.0 
80.473 485.0 
80.367 486.0 
80.437 487.0 
80.473 488.0 
80.414 489.0 
80.426 490.0 
80.496 491.0 
80.391 492.0 
80.426 493.0 
80.496 494.0 
80.356 495.0 
80.391 496.0 
80.473 497.0 
80.484 498.0 
80.367 499.0 
80.402 500.0 
80.414 501.0 
80.496 502.0 
80.332 503.0 
80.391 504.0 
80.437 505.0 
80.426 506.0 
80.309 507.0 
80.414 508.0 
80.274 509.0 
80.367 510.0 
80.391 511.0 
80.379 512.0 
80.414 513.0 
80.449 514.0 
80.414 515.0 
80.356 516.0 
80.823 517.0 
80.297 518.0 
80.286 519.0 
80.356 520.0 
80.286 521.0 
80.309 522.0 
80.332 523.0 
80.321 524.0 
80.332 525.0 
80.321 526.0 
80.274 527.0 
80.251 528.0 
80.239 529.0 
80.216 530.0 
80.204 531.0 
80.332 532.0 
80.543 533.0 
80.274 534.0 
80.251 535.0 
80.239 536.0 
80.169 537.0 
80.145 538.0 
80.122 539.0 
80.052 540.0 
80.181 541.0 
80.075 542.0 
80.052 543.0 
80.029 544.0 
79.982 545.0 
79.924 546.0 
80.017 547.0 
79.994 548.0 
79.935 549.0 
79.889 550.0 
79.772 551.0 
79.959 552.0 
79.865 553.0 
79.842 554.0 
79.807 555.0 
79.9 556.0 
79.912 557.0 
79.865 558.0 
79.632 559.0 
79.924 560.0 
79.877 561.0 
79.783 562.0 
79.935 563.0 
79.818 564.0 
79.807 565.0 
79.924 566.0 
79.935 567.0 
79.748 568.0 
79.865 569.0 
79.83 570.0 
79.959 571.0 
79.865 572.0 
79.772 573.0 
79.924 574.0 
79.842 575.0 
80.332 576.0 
79.877 577.0 
79.9 578.0 
79.994 579.0 
79.877 580.0 
79.994 581.0 
79.9 582.0 
79.97 583.0 
79.924 584.0 
79.655 585.0 
79.924 586.0 
79.842 587.0 
79.912 588.0 
79.889 589.0 
79.947 590.0 
79.865 591.0 
79.924 592.0 
79.842 593.0 
79.912 594.0 
79.807 595.0 
79.9 596.0 
79.865 597.0 
79.9 598.0 
79.854 599.0 
79.924 600.0 
79.982 601.0 
79.854 602.0 
80.005 603.0 
79.877 604.0 
79.982 605.0 
79.854 606.0 
79.924 607.0 
79.83 608.0 
79.912 609.0 
79.982 610.0 
79.889 611.0 
79.97 612.0 
79.854 613.0 
79.889 614.0 
79.795 615.0 
79.818 616.0 
79.97 617.0 
79.854 618.0 
79.912 619.0 
79.748 620.0 
79.9 621.0 
79.947 622.0 
79.854 623.0 
79.924 624.0 
79.959 625.0 
79.83 626.0 
79.924 627.0 
79.959 628.0 
79.854 629.0 
79.912 630.0 
79.994 631.0 
79.83 632.0 
79.9 633.0 
80.251 634.0 
79.854 635.0 
79.912 636.0 
79.982 637.0 
79.83 638.0 
79.854 639.0 
79.947 640.0 
79.842 641.0 
79.842 642.0 
79.982 643.0 
79.818 644.0 
79.83 645.0 
79.947 646.0 
79.935 647.0 
79.818 648.0 
79.889 649.0 
79.959 650.0 
79.818 651.0 
79.842 652.0 
79.924 653.0 
79.947 654.0 
79.783 655.0 
79.795 656.0 
79.889 657.0 
79.947 658.0 
79.842 659.0 
79.9 660.0 
79.982 661.0 
79.982 662.0 
79.818 663.0 
79.924 664.0 
79.947 665.0 
80.005 666.0 
79.818 667.0 
79.889 668.0 
79.935 669.0 
79.959 670.0 
79.83 671.0 
79.877 672.0 
79.9 673.0 
79.912 674.0 
79.947 675.0 
79.83 676.0 
79.889 677.0 
79.924 678.0 
79.959 679.0 
79.959 680.0 
79.807 681.0 
79.854 682.0 
79.912 683.0 
79.935 684.0 
79.947 685.0 
79.982 686.0 
79.795 687.0 
79.854 688.0 
79.877 689.0 
79.889 690.0 
79.959 691.0 
79.935 692.0 
79.807 693.0 
79.83 694.0 
79.877 695.0 
79.912 696.0 
79.912 697.0 
79.97 698.0 
79.772 699.0 
79.83 700.0 
79.842 701.0 
79.865 702.0 
79.912 703.0 
79.935 704.0 
79.982 705.0 
79.994 706.0 
79.818 707.0 
79.83 708.0 
79.854 709.0 
79.795 710.0 
79.912 711.0 
79.9 712.0 
79.97 713.0 
79.982 714.0 
79.772 715.0 
79.818 716.0 
79.83 717.0 
79.865 718.0 
79.9 719.0 
79.889 720.0 
79.912 721.0 
79.854 722.0 
79.947 723.0 
79.97 724.0 
79.97 725.0 
79.783 726.0 
79.818 727.0 
79.818 728.0 
79.818 729.0 
79.9 730.0 
79.889 731.0 
79.924 732.0 
79.924 733.0 
79.912 734.0 
79.947 735.0 
79.935 736.0 
79.959 737.0 
79.959 738.0 
79.772 739.0 
79.818 740.0 
79.818 741.0 
79.795 742.0 
79.807 743.0 
79.842 744.0 
79.807 745.0 
79.83 746.0 
79.83 747.0 
79.818 748.0 
79.877 749.0 
79.854 750.0 
79.818 751.0 
79.877 752.0 
79.854 753.0 
79.865 754.0 
79.854 755.0 
79.877 756.0 
79.935 757.0 
79.912 758.0 
79.912 759.0 
79.9 760.0 
79.924 761.0 
79.9 762.0 
79.9 763.0 
79.912 764.0 
79.9 765.0 
79.935 766.0 
79.877 767.0 
79.889 768.0 
79.9 769.0 
79.9 770.0 
79.924 771.0 
79.889 772.0 
79.889 773.0 
79.9 774.0 
79.912 775.0 
79.912 776.0 
79.912 777.0 
79.912 778.0 
79.912 779.0 
79.889 780.0 
79.889 781.0 
79.9 782.0 
79.912 783.0 
79.889 784.0 
79.9 785.0 
79.924 786.0 
79.912 787.0 
79.889 788.0 
79.924 789.0 
79.889 790.0 
79.9 791.0 
79.877 792.0 
79.912 793.0 
79.9 794.0 
79.865 795.0 
79.854 796.0 
79.9 797.0 
79.889 798.0 
79.889 799.0 
79.865 800.0 
79.877 801.0 
79.935 802.0 
79.877 803.0 
79.912 804.0 
0.0 805.0 
0.001 806.0 
-0.001 807.0 
-0.008 808.0 
0.0 809.0 
-0.004 810.0 
-0.014 811.0 
-0.02 812.0 
-0.032 813.0 
-0.028 814.0 
-0.04 815.0 
-0.042 816.0 
-0.041 817.0 
-0.04 818.0 
-0.036 819.0 
-0.05 820.0 
-0.052 821.0 
-0.054 822.0 
-0.049 823.0 
-0.049 824.0 
-0.044 825.0 
-0.042 826.0 
-0.044 827.0 
-0.043 828.0 
-0.046 829.0 
