-0.04 257.0 
-0.022 258.0 
-0.025 259.0 
-0.031 260.0 
-0.007 261.0 
-0.006 262.0 
-0.017 263.0 
-0.048 264.0 
-0.013 265.0 
-0.018 266.0 
-0.036 267.0 
-0.031 268.0 
-0.037 269.0 
-0.016 270.0 
-0.031 271.0 
-0.047 272.0 
-0.025 273.0 
-0.035 274.0 
146.883 275.0 
144.208 276.0 
143.064 277.0 
141.522 278.0 
139.863 279.0 
137.843 280.0 
136.091 281.0 
134.024 282.0 
130.531 283.0 
129.06 284.0 
128.651 285.0 
128.277 286.0 
128.044 287.0 
127.752 288.0 
127.448 289.0 
126.782 290.0 
126.607 291.0 
126.35 292.0 
126.093 293.0 
125.941 294.0 
125.369 295.0 
125.205 296.0 
125.065 297.0 
124.505 298.0 
124.271 299.0 
124.166 300.0 
123.629 301.0 
123.524 302.0 
122.94 303.0 
122.846 304.0 
122.753 305.0 
122.122 306.0 
120.849 307.0 
118.443 308.0 
115.395 309.0 
111.622 310.0 
107.499 311.0 
102.967 312.0 
98.658 313.0 
94.535 314.0 
90.821 315.0 
86.99 316.0 
83.521 317.0 
80.671 318.0 
80.566 319.0 
80.309 320.0 
80.169 321.0 
80.181 322.0 
80.064 323.0 
80.145 324.0 
80.11 325.0 
79.959 326.0 
80.075 327.0 
79.994 328.0 
80.286 329.0 
80.122 330.0 
80.029 331.0 
80.204 332.0 
80.099 333.0 
80.029 334.0 
80.017 335.0 
80.075 336.0 
80.075 337.0 
80.017 338.0 
80.286 339.0 
80.075 340.0 
80.04 341.0 
80.005 342.0 
80.017 343.0 
80.075 344.0 
80.017 345.0 
80.005 346.0 
79.982 347.0 
80.052 348.0 
80.04 349.0 
80.04 350.0 
79.994 351.0 
80.087 352.0 
80.017 353.0 
79.947 354.0 
80.122 355.0 
80.04 356.0 
80.11 357.0 
80.052 358.0 
80.145 359.0 
80.075 360.0 
80.087 361.0 
79.982 362.0 
80.064 363.0 
79.982 364.0 
80.029 365.0 
80.04 366.0 
80.064 367.0 
79.982 368.0 
79.959 369.0 
80.005 370.0 
80.04 371.0 
80.075 372.0 
80.099 373.0 
80.099 374.0 
80.122 375.0 
80.402 376.0 
79.959 377.0 
80.017 378.0 
80.029 379.0 
80.029 380.0 
80.04 381.0 
80.134 382.0 
80.017 383.0 
80.017 384.0 
79.994 385.0 
80.122 386.0 
80.017 387.0 
79.947 388.0 
80.052 389.0 
80.052 390.0 
80.029 391.0 
79.97 392.0 
80.122 393.0 
79.947 394.0 
80.052 395.0 
80.134 396.0 
79.994 397.0 
80.087 398.0 
79.935 399.0 
79.994 400.0 
80.11 401.0 
80.029 402.0 
80.099 403.0 
80.075 404.0 
79.994 405.0 
79.935 406.0 
80.04 407.0 
79.959 408.0 
80.029 409.0 
79.935 410.0 
80.04 411.0 
80.099 412.0 
80.484 413.0 
80.099 414.0 
80.005 415.0 
80.04 416.0 
79.982 417.0 
80.075 418.0 
80.04 419.0 
79.982 420.0 
80.04 421.0 
80.064 422.0 
80.064 423.0 
79.994 424.0 
80.005 425.0 
80.017 426.0 
80.04 427.0 
79.994 428.0 
80.017 429.0 
79.994 430.0 
80.017 431.0 
80.052 432.0 
80.064 433.0 
79.97 434.0 
79.982 435.0 
80.005 436.0 
80.052 437.0 
80.017 438.0 
79.947 439.0 
79.982 440.0 
80.017 441.0 
79.97 442.0 
80.005 443.0 
80.005 444.0 
79.97 445.0 
79.982 446.0 
80.075 447.0 
80.087 448.0 
80.04 449.0 
80.321 450.0 
79.994 451.0 
80.005 452.0 
79.97 453.0 
79.924 454.0 
80.064 455.0 
80.029 456.0 
79.97 457.0 
79.947 458.0 
80.029 459.0 
80.087 460.0 
80.017 461.0 
79.982 462.0 
80.087 463.0 
79.994 464.0 
80.029 465.0 
80.075 466.0 
80.029 467.0 
79.935 468.0 
80.064 469.0 
79.994 470.0 
79.982 471.0 
80.005 472.0 
79.9 473.0 
80.005 474.0 
80.11 475.0 
80.017 476.0 
79.924 477.0 
80.052 478.0 
79.947 479.0 
80.029 480.0 
80.11 481.0 
80.005 482.0 
80.075 483.0 
79.982 484.0 
80.052 485.0 
79.947 486.0 
79.959 487.0 
80.052 488.0 
79.97 489.0 
80.005 490.0 
80.029 491.0 
80.005 492.0 
80.029 493.0 
80.052 494.0 
79.97 495.0 
79.959 496.0 
79.994 497.0 
80.052 498.0 
79.947 499.0 
79.97 500.0 
80.04 501.0 
80.04 502.0 
79.935 503.0 
79.935 504.0 
79.982 505.0 
79.994 506.0 
79.935 507.0 
80.029 508.0 
79.83 509.0 
79.959 510.0 
79.947 511.0 
79.994 512.0 
79.994 513.0 
79.982 514.0 
80.005 515.0 
79.912 516.0 
80.367 517.0 
79.865 518.0 
79.854 519.0 
79.865 520.0 
79.935 521.0 
79.889 522.0 
79.9 523.0 
79.877 524.0 
79.865 525.0 
79.842 526.0 
79.854 527.0 
79.795 528.0 
79.818 529.0 
79.76 530.0 
79.772 531.0 
79.912 532.0 
79.912 533.0 
79.854 534.0 
79.854 535.0 
79.854 536.0 
79.795 537.0 
79.725 538.0 
79.678 539.0 
79.667 540.0 
79.772 541.0 
79.678 542.0 
79.655 543.0 
79.608 544.0 
79.597 545.0 
79.526 546.0 
79.643 547.0 
79.608 548.0 
79.55 549.0 
79.491 550.0 
79.421 551.0 
79.538 552.0 
79.538 553.0 
79.456 554.0 
79.456 555.0 
79.585 556.0 
79.562 557.0 
79.445 558.0 
79.258 559.0 
79.55 560.0 
79.433 561.0 
79.433 562.0 
79.526 563.0 
79.433 564.0 
79.398 565.0 
79.503 566.0 
79.608 567.0 
79.398 568.0 
79.421 569.0 
79.433 570.0 
79.562 571.0 
79.48 572.0 
79.433 573.0 
79.515 574.0 
79.445 575.0 
79.807 576.0 
79.48 577.0 
79.456 578.0 
79.573 579.0 
79.491 580.0 
79.608 581.0 
79.503 582.0 
79.585 583.0 
79.526 584.0 
79.094 585.0 
79.538 586.0 
79.48 587.0 
79.55 588.0 
79.468 589.0 
79.538 590.0 
79.456 591.0 
79.538 592.0 
79.491 593.0 
79.538 594.0 
79.48 595.0 
79.515 596.0 
79.468 597.0 
79.456 598.0 
79.456 599.0 
79.55 600.0 
79.62 601.0 
79.503 602.0 
79.585 603.0 
79.491 604.0 
79.55 605.0 
79.456 606.0 
79.55 607.0 
79.421 608.0 
79.515 609.0 
79.597 610.0 
79.491 611.0 
79.55 612.0 
79.48 613.0 
79.55 614.0 
79.468 615.0 
79.445 616.0 
79.597 617.0 
79.41 618.0 
79.538 619.0 
79.351 620.0 
79.538 621.0 
79.573 622.0 
79.421 623.0 
79.526 624.0 
79.597 625.0 
79.456 626.0 
79.526 627.0 
79.573 628.0 
79.433 629.0 
79.503 630.0 
79.573 631.0 
79.48 632.0 
79.515 633.0 
79.772 634.0 
79.48 635.0 
79.515 636.0 
79.597 637.0 
79.468 638.0 
79.433 639.0 
79.585 640.0 
79.456 641.0 
79.456 642.0 
79.526 643.0 
79.433 644.0 
79.445 645.0 
79.538 646.0 
79.573 647.0 
79.48 648.0 
79.526 649.0 
79.538 650.0 
79.421 651.0 
79.433 652.0 
79.515 653.0 
79.562 654.0 
79.433 655.0 
79.41 656.0 
79.515 657.0 
79.597 658.0 
79.48 659.0 
79.503 660.0 
79.562 661.0 
79.562 662.0 
79.468 663.0 
79.515 664.0 
79.585 665.0 
79.62 666.0 
79.456 667.0 
79.503 668.0 
79.526 669.0 
79.573 670.0 
79.433 671.0 
79.491 672.0 
79.503 673.0 
79.55 674.0 
79.573 675.0 
79.445 676.0 
79.456 677.0 
79.515 678.0 
79.55 679.0 
79.608 680.0 
79.456 681.0 
79.445 682.0 
79.491 683.0 
79.515 684.0 
79.48 685.0 
79.585 686.0 
79.433 687.0 
79.456 688.0 
79.515 689.0 
79.573 690.0 
79.562 691.0 
79.608 692.0 
79.41 693.0 
79.491 694.0 
79.526 695.0 
79.538 696.0 
79.468 697.0 
79.562 698.0 
79.386 699.0 
79.468 700.0 
79.468 701.0 
79.503 702.0 
79.515 703.0 
79.538 704.0 
79.538 705.0 
79.573 706.0 
79.445 707.0 
79.421 708.0 
79.468 709.0 
79.491 710.0 
79.491 711.0 
79.526 712.0 
79.55 713.0 
79.597 714.0 
79.398 715.0 
79.456 716.0 
79.445 717.0 
79.491 718.0 
79.503 719.0 
79.526 720.0 
79.538 721.0 
79.503 722.0 
79.562 723.0 
79.562 724.0 
79.608 725.0 
79.363 726.0 
79.41 727.0 
79.456 728.0 
79.48 729.0 
79.48 730.0 
79.491 731.0 
79.538 732.0 
79.503 733.0 
79.55 734.0 
79.538 735.0 
79.526 736.0 
79.573 737.0 
79.597 738.0 
79.386 739.0 
79.421 740.0 
79.41 741.0 
79.398 742.0 
79.433 743.0 
79.468 744.0 
79.456 745.0 
79.445 746.0 
79.48 747.0 
79.433 748.0 
79.456 749.0 
79.491 750.0 
79.456 751.0 
79.515 752.0 
79.503 753.0 
79.503 754.0 
79.456 755.0 
79.491 756.0 
79.515 757.0 
79.515 758.0 
79.55 759.0 
79.515 760.0 
79.538 761.0 
79.538 762.0 
79.515 763.0 
79.526 764.0 
79.526 765.0 
79.515 766.0 
79.55 767.0 
79.515 768.0 
79.515 769.0 
79.503 770.0 
79.526 771.0 
79.538 772.0 
79.515 773.0 
79.538 774.0 
79.526 775.0 
79.526 776.0 
79.55 777.0 
79.491 778.0 
79.55 779.0 
79.538 780.0 
79.515 781.0 
79.491 782.0 
79.491 783.0 
79.526 784.0 
79.515 785.0 
79.515 786.0 
79.515 787.0 
79.538 788.0 
79.526 789.0 
79.491 790.0 
79.526 791.0 
79.526 792.0 
79.48 793.0 
79.538 794.0 
79.503 795.0 
79.515 796.0 
79.515 797.0 
79.515 798.0 
79.515 799.0 
79.48 800.0 
79.503 801.0 
79.491 802.0 
79.468 803.0 
79.503 804.0 
0.0 805.0 
-0.002 806.0 
0.004 807.0 
-0.006 808.0 
-0.002 809.0 
-0.004 810.0 
-0.016 811.0 
-0.022 812.0 
-0.029 813.0 
-0.036 814.0 
-0.038 815.0 
-0.036 816.0 
-0.043 817.0 
-0.044 818.0 
-0.05 819.0 
-0.055 820.0 
-0.052 821.0 
-0.055 822.0 
-0.054 823.0 
-0.048 824.0 
-0.05 825.0 
-0.048 826.0 
-0.049 827.0 
-0.041 828.0 
-0.043 829.0 
