-0.04 257.0 
-0.044 258.0 
-0.041 259.0 
-0.036 260.0 
-0.054 261.0 
-0.052 262.0 
-0.054 263.0 
-0.025 264.0 
-0.042 265.0 
-0.03 266.0 
-0.03 267.0 
-0.058 268.0 
-0.044 269.0 
-0.04 270.0 
-0.047 271.0 
-0.034 272.0 
-0.029 273.0 
-0.062 274.0 
150.527 275.0 
147.408 276.0 
146.217 277.0 
144.325 278.0 
142.363 279.0 
139.957 280.0 
137.936 281.0 
135.273 282.0 
131.489 283.0 
129.433 284.0 
128.908 285.0 
128.546 286.0 
128.336 287.0 
127.962 288.0 
127.611 289.0 
127.331 290.0 
126.677 291.0 
126.432 292.0 
126.163 293.0 
126.023 294.0 
125.427 295.0 
125.287 296.0 
125.205 297.0 
124.621 298.0 
124.4 299.0 
124.271 300.0 
123.699 301.0 
123.559 302.0 
123.08 303.0 
122.998 304.0 
122.846 305.0 
122.18 306.0 
120.954 307.0 
118.618 308.0 
115.838 309.0 
112.299 310.0 
108.761 311.0 
104.638 312.0 
100.561 313.0 
96.135 314.0 
92.059 315.0 
87.947 316.0 
84.374 317.0 
81.162 318.0 
80.905 319.0 
80.589 320.0 
80.402 321.0 
80.379 322.0 
80.227 323.0 
80.286 324.0 
80.216 325.0 
80.286 326.0 
80.181 327.0 
80.099 328.0 
80.297 329.0 
80.204 330.0 
80.134 331.0 
80.192 332.0 
80.192 333.0 
80.157 334.0 
80.332 335.0 
80.181 336.0 
80.204 337.0 
80.087 338.0 
80.262 339.0 
80.169 340.0 
80.145 341.0 
80.11 342.0 
80.274 343.0 
80.145 344.0 
80.169 345.0 
80.11 346.0 
80.134 347.0 
80.251 348.0 
80.169 349.0 
80.169 350.0 
80.122 351.0 
80.181 352.0 
80.11 353.0 
79.982 354.0 
80.216 355.0 
80.169 356.0 
80.216 357.0 
80.134 358.0 
80.227 359.0 
80.181 360.0 
80.204 361.0 
80.122 362.0 
80.204 363.0 
80.134 364.0 
80.145 365.0 
80.181 366.0 
80.204 367.0 
80.122 368.0 
80.087 369.0 
80.122 370.0 
80.134 371.0 
80.192 372.0 
80.181 373.0 
80.216 374.0 
80.216 375.0 
80.473 376.0 
80.005 377.0 
80.134 378.0 
80.11 379.0 
80.145 380.0 
80.145 381.0 
80.251 382.0 
80.157 383.0 
80.122 384.0 
80.11 385.0 
80.227 386.0 
80.134 387.0 
80.04 388.0 
80.11 389.0 
80.122 390.0 
80.145 391.0 
80.11 392.0 
80.204 393.0 
80.064 394.0 
80.157 395.0 
80.204 396.0 
80.075 397.0 
80.169 398.0 
80.064 399.0 
80.075 400.0 
80.204 401.0 
80.157 402.0 
80.227 403.0 
80.181 404.0 
80.145 405.0 
80.075 406.0 
80.134 407.0 
80.099 408.0 
80.134 409.0 
80.099 410.0 
80.134 411.0 
80.204 412.0 
80.227 413.0 
80.192 414.0 
80.11 415.0 
80.145 416.0 
80.087 417.0 
80.216 418.0 
80.157 419.0 
80.087 420.0 
80.134 421.0 
80.145 422.0 
80.181 423.0 
80.145 424.0 
80.075 425.0 
80.204 426.0 
80.192 427.0 
80.11 428.0 
80.122 429.0 
80.134 430.0 
80.157 431.0 
80.181 432.0 
80.216 433.0 
80.087 434.0 
80.087 435.0 
80.099 436.0 
80.262 437.0 
80.075 438.0 
80.099 439.0 
80.134 440.0 
80.099 441.0 
80.134 442.0 
80.087 443.0 
80.134 444.0 
80.087 445.0 
80.122 446.0 
80.216 447.0 
80.181 448.0 
80.157 449.0 
80.414 450.0 
80.099 451.0 
80.11 452.0 
80.064 453.0 
80.04 454.0 
80.134 455.0 
80.134 456.0 
80.087 457.0 
80.064 458.0 
80.157 459.0 
80.192 460.0 
80.134 461.0 
80.099 462.0 
80.192 463.0 
80.134 464.0 
80.122 465.0 
80.169 466.0 
80.157 467.0 
80.075 468.0 
80.169 469.0 
80.122 470.0 
80.099 471.0 
80.122 472.0 
80.192 473.0 
80.122 474.0 
80.204 475.0 
80.122 476.0 
80.04 477.0 
80.11 478.0 
80.052 479.0 
80.157 480.0 
80.204 481.0 
80.145 482.0 
80.169 483.0 
80.099 484.0 
80.145 485.0 
80.064 486.0 
80.099 487.0 
80.157 488.0 
80.099 489.0 
80.11 490.0 
80.169 491.0 
80.087 492.0 
80.134 493.0 
80.134 494.0 
80.052 495.0 
80.029 496.0 
80.099 497.0 
80.192 498.0 
80.064 499.0 
80.052 500.0 
80.145 501.0 
80.192 502.0 
80.052 503.0 
80.075 504.0 
80.11 505.0 
80.122 506.0 
80.075 507.0 
80.192 508.0 
80.005 509.0 
80.04 510.0 
80.052 511.0 
80.11 512.0 
80.087 513.0 
80.122 514.0 
80.134 515.0 
80.134 516.0 
80.379 517.0 
79.889 518.0 
79.97 519.0 
79.994 520.0 
80.005 521.0 
80.04 522.0 
80.017 523.0 
80.005 524.0 
79.994 525.0 
80.029 526.0 
79.982 527.0 
79.924 528.0 
79.959 529.0 
79.924 530.0 
79.935 531.0 
80.005 532.0 
80.005 533.0 
79.947 534.0 
79.935 535.0 
79.889 536.0 
79.842 537.0 
79.76 538.0 
79.783 539.0 
79.725 540.0 
79.83 541.0 
79.702 542.0 
79.725 543.0 
79.667 544.0 
79.62 545.0 
79.573 546.0 
79.713 547.0 
79.632 548.0 
79.573 549.0 
79.515 550.0 
79.515 551.0 
79.585 552.0 
79.526 553.0 
79.491 554.0 
79.48 555.0 
79.562 556.0 
79.491 557.0 
79.48 558.0 
79.188 559.0 
79.55 560.0 
79.515 561.0 
79.456 562.0 
79.55 563.0 
79.515 564.0 
79.421 565.0 
79.562 566.0 
79.643 567.0 
79.421 568.0 
79.526 569.0 
79.456 570.0 
79.55 571.0 
79.491 572.0 
79.421 573.0 
79.503 574.0 
79.468 575.0 
79.562 576.0 
79.491 577.0 
79.491 578.0 
79.573 579.0 
79.562 580.0 
79.597 581.0 
79.562 582.0 
79.562 583.0 
79.585 584.0 
79.129 585.0 
79.585 586.0 
79.526 587.0 
79.585 588.0 
79.468 589.0 
79.562 590.0 
79.491 591.0 
79.526 592.0 
79.48 593.0 
79.515 594.0 
79.48 595.0 
79.515 596.0 
79.468 597.0 
79.562 598.0 
79.456 599.0 
79.562 600.0 
79.667 601.0 
79.585 602.0 
79.597 603.0 
79.526 604.0 
79.632 605.0 
79.491 606.0 
79.573 607.0 
79.456 608.0 
79.55 609.0 
79.597 610.0 
79.491 611.0 
79.655 612.0 
79.503 613.0 
79.562 614.0 
79.468 615.0 
79.515 616.0 
79.608 617.0 
79.386 618.0 
79.573 619.0 
79.316 620.0 
79.538 621.0 
79.573 622.0 
79.456 623.0 
79.55 624.0 
79.608 625.0 
79.48 626.0 
79.562 627.0 
79.632 628.0 
79.503 629.0 
79.538 630.0 
79.632 631.0 
79.456 632.0 
79.562 633.0 
79.889 634.0 
79.503 635.0 
79.562 636.0 
79.62 637.0 
79.515 638.0 
79.515 639.0 
79.632 640.0 
79.503 641.0 
79.526 642.0 
79.608 643.0 
79.445 644.0 
79.526 645.0 
79.55 646.0 
79.632 647.0 
79.491 648.0 
79.515 649.0 
79.562 650.0 
79.456 651.0 
79.468 652.0 
79.526 653.0 
79.585 654.0 
79.445 655.0 
79.48 656.0 
79.55 657.0 
79.608 658.0 
79.515 659.0 
79.538 660.0 
79.597 661.0 
79.562 662.0 
79.468 663.0 
79.538 664.0 
79.573 665.0 
79.643 666.0 
79.491 667.0 
79.503 668.0 
79.526 669.0 
79.608 670.0 
79.456 671.0 
79.491 672.0 
79.538 673.0 
79.585 674.0 
79.562 675.0 
79.456 676.0 
79.48 677.0 
79.538 678.0 
79.585 679.0 
79.597 680.0 
79.445 681.0 
79.468 682.0 
79.55 683.0 
79.562 684.0 
79.608 685.0 
79.643 686.0 
79.468 687.0 
79.48 688.0 
79.515 689.0 
79.55 690.0 
79.573 691.0 
79.632 692.0 
79.445 693.0 
79.468 694.0 
79.526 695.0 
79.538 696.0 
79.48 697.0 
79.573 698.0 
79.398 699.0 
79.491 700.0 
79.503 701.0 
79.538 702.0 
79.515 703.0 
79.585 704.0 
79.503 705.0 
79.632 706.0 
79.456 707.0 
79.48 708.0 
79.456 709.0 
79.503 710.0 
79.538 711.0 
79.573 712.0 
79.573 713.0 
79.573 714.0 
79.608 715.0 
79.445 716.0 
79.48 717.0 
79.515 718.0 
79.538 719.0 
79.585 720.0 
79.538 721.0 
79.562 722.0 
79.608 723.0 
79.597 724.0 
79.62 725.0 
79.468 726.0 
79.456 727.0 
79.468 728.0 
79.468 729.0 
79.515 730.0 
79.526 731.0 
79.515 732.0 
79.538 733.0 
79.562 734.0 
79.585 735.0 
79.585 736.0 
79.562 737.0 
79.585 738.0 
79.433 739.0 
79.433 740.0 
79.445 741.0 
79.468 742.0 
79.456 743.0 
79.48 744.0 
79.491 745.0 
79.503 746.0 
79.491 747.0 
79.503 748.0 
79.503 749.0 
79.491 750.0 
79.48 751.0 
79.515 752.0 
79.48 753.0 
79.515 754.0 
79.515 755.0 
79.515 756.0 
79.503 757.0 
79.503 758.0 
79.538 759.0 
79.55 760.0 
79.526 761.0 
79.55 762.0 
79.538 763.0 
79.538 764.0 
79.573 765.0 
79.562 766.0 
79.55 767.0 
79.55 768.0 
79.526 769.0 
79.562 770.0 
79.538 771.0 
79.562 772.0 
79.55 773.0 
79.55 774.0 
79.585 775.0 
79.538 776.0 
79.515 777.0 
79.538 778.0 
79.538 779.0 
79.55 780.0 
79.585 781.0 
79.573 782.0 
79.55 783.0 
79.526 784.0 
79.526 785.0 
79.55 786.0 
79.538 787.0 
79.538 788.0 
79.538 789.0 
79.538 790.0 
79.515 791.0 
79.538 792.0 
79.538 793.0 
79.55 794.0 
79.515 795.0 
79.515 796.0 
79.503 797.0 
79.515 798.0 
79.515 799.0 
79.491 800.0 
79.526 801.0 
79.526 802.0 
79.526 803.0 
79.503 804.0 
0.0 805.0 
0.006 806.0 
0.011 807.0 
0.008 808.0 
0.007 809.0 
0.01 810.0 
0.007 811.0 
0.005 812.0 
-0.002 813.0 
-0.004 814.0 
-0.005 815.0 
0.001 816.0 
0.001 817.0 
-0.004 818.0 
-0.007 819.0 
-0.001 820.0 
-0.008 821.0 
-0.014 822.0 
-0.012 823.0 
-0.017 824.0 
-0.016 825.0 
-0.01 826.0 
-0.001 827.0 
-0.017 828.0 
-0.024 829.0 
