-0.04 257.0 
-0.059 258.0 
-0.11 259.0 
-0.069 260.0 
-0.042 261.0 
-0.029 262.0 
-0.046 263.0 
-0.056 264.0 
-0.035 265.0 
-0.03 266.0 
-0.026 267.0 
-0.022 268.0 
-0.054 269.0 
-0.046 270.0 
-0.02 271.0 
-0.038 272.0 
-0.028 273.0 
-0.043 274.0 
150.644 275.0 
147.549 276.0 
146.673 277.0 
145.458 278.0 
144.056 279.0 
142.433 280.0 
140.868 281.0 
138.812 282.0 
135.67 283.0 
134.724 284.0 
134.456 285.0 
134.14 286.0 
133.93 287.0 
133.661 288.0 
133.369 289.0 
133.171 290.0 
132.587 291.0 
132.388 292.0 
132.225 293.0 
132.131 294.0 
131.618 295.0 
131.442 296.0 
131.372 297.0 
130.777 298.0 
130.636 299.0 
130.543 300.0 
129.936 301.0 
129.807 302.0 
129.188 303.0 
128.978 304.0 
128.779 305.0 
127.857 306.0 
126.163 307.0 
123.512 308.0 
120.58 309.0 
116.831 310.0 
113.304 311.0 
108.912 312.0 
104.871 313.0 
100.316 314.0 
95.936 315.0 
91.638 316.0 
87.655 317.0 
84.198 318.0 
83.976 319.0 
83.684 320.0 
83.439 321.0 
83.498 322.0 
83.381 323.0 
83.357 324.0 
83.287 325.0 
83.194 326.0 
83.264 327.0 
83.217 328.0 
83.392 329.0 
83.311 330.0 
83.194 331.0 
83.276 332.0 
83.287 333.0 
83.229 334.0 
83.474 335.0 
83.299 336.0 
83.322 337.0 
83.206 338.0 
83.369 339.0 
83.276 340.0 
83.299 341.0 
83.229 342.0 
83.369 343.0 
83.241 344.0 
83.241 345.0 
83.171 346.0 
83.206 347.0 
83.322 348.0 
83.299 349.0 
83.241 350.0 
83.182 351.0 
83.276 352.0 
83.206 353.0 
83.159 354.0 
83.311 355.0 
83.299 356.0 
83.311 357.0 
83.241 358.0 
83.299 359.0 
83.229 360.0 
83.311 361.0 
83.241 362.0 
83.252 363.0 
83.206 364.0 
83.194 365.0 
83.229 366.0 
83.252 367.0 
83.182 368.0 
83.217 369.0 
83.229 370.0 
83.217 371.0 
83.264 372.0 
83.276 373.0 
83.276 374.0 
83.299 375.0 
83.661 376.0 
83.077 377.0 
83.299 378.0 
83.206 379.0 
83.241 380.0 
83.252 381.0 
83.346 382.0 
83.276 383.0 
83.194 384.0 
83.171 385.0 
83.311 386.0 
83.206 387.0 
83.194 388.0 
83.252 389.0 
83.206 390.0 
83.241 391.0 
83.194 392.0 
83.311 393.0 
83.171 394.0 
83.287 395.0 
83.322 396.0 
83.182 397.0 
83.264 398.0 
83.147 399.0 
83.217 400.0 
83.276 401.0 
83.287 402.0 
83.322 403.0 
83.264 404.0 
83.206 405.0 
83.159 406.0 
83.217 407.0 
83.241 408.0 
83.217 409.0 
83.182 410.0 
83.241 411.0 
83.287 412.0 
83.357 413.0 
83.276 414.0 
83.217 415.0 
83.264 416.0 
83.182 417.0 
83.357 418.0 
83.264 419.0 
83.182 420.0 
83.217 421.0 
83.287 422.0 
83.287 423.0 
83.217 424.0 
83.159 425.0 
83.217 426.0 
83.264 427.0 
83.182 428.0 
83.171 429.0 
83.229 430.0 
83.241 431.0 
83.252 432.0 
83.287 433.0 
83.159 434.0 
83.171 435.0 
83.264 436.0 
83.544 437.0 
83.171 438.0 
83.194 439.0 
83.217 440.0 
83.206 441.0 
83.206 442.0 
83.217 443.0 
83.194 444.0 
83.194 445.0 
83.171 446.0 
83.276 447.0 
83.264 448.0 
83.229 449.0 
83.521 450.0 
83.217 451.0 
83.194 452.0 
83.171 453.0 
83.147 454.0 
83.252 455.0 
83.229 456.0 
83.206 457.0 
83.159 458.0 
83.287 459.0 
83.299 460.0 
83.206 461.0 
83.229 462.0 
83.311 463.0 
83.241 464.0 
83.287 465.0 
83.264 466.0 
83.229 467.0 
83.112 468.0 
83.229 469.0 
83.171 470.0 
83.241 471.0 
83.229 472.0 
83.276 473.0 
83.217 474.0 
83.299 475.0 
83.194 476.0 
83.147 477.0 
83.217 478.0 
83.112 479.0 
83.194 480.0 
83.299 481.0 
83.229 482.0 
83.264 483.0 
83.194 484.0 
83.229 485.0 
83.135 486.0 
83.182 487.0 
83.276 488.0 
83.194 489.0 
83.171 490.0 
83.287 491.0 
83.229 492.0 
83.206 493.0 
83.264 494.0 
83.147 495.0 
83.182 496.0 
83.241 497.0 
83.287 498.0 
83.159 499.0 
83.124 500.0 
83.217 501.0 
83.287 502.0 
83.112 503.0 
83.135 504.0 
83.159 505.0 
83.182 506.0 
83.182 507.0 
83.252 508.0 
83.077 509.0 
83.135 510.0 
83.124 511.0 
83.159 512.0 
83.182 513.0 
83.206 514.0 
83.229 515.0 
83.241 516.0 
83.241 517.0 
83.112 518.0 
83.03 519.0 
83.1 520.0 
83.124 521.0 
83.112 522.0 
83.1 523.0 
83.065 524.0 
83.042 525.0 
83.054 526.0 
83.065 527.0 
82.984 528.0 
82.984 529.0 
82.96 530.0 
82.96 531.0 
83.065 532.0 
83.065 533.0 
82.972 534.0 
82.972 535.0 
82.949 536.0 
82.902 537.0 
82.855 538.0 
82.808 539.0 
82.762 540.0 
82.879 541.0 
82.832 542.0 
82.773 543.0 
82.738 544.0 
82.692 545.0 
82.657 546.0 
82.762 547.0 
82.703 548.0 
82.657 549.0 
82.622 550.0 
82.598 551.0 
82.657 552.0 
82.622 553.0 
82.551 554.0 
82.528 555.0 
82.703 556.0 
82.622 557.0 
82.587 558.0 
82.692 559.0 
82.622 560.0 
82.587 561.0 
82.551 562.0 
82.633 563.0 
82.575 564.0 
82.411 565.0 
82.657 566.0 
82.727 567.0 
82.516 568.0 
82.633 569.0 
82.54 570.0 
82.657 571.0 
82.587 572.0 
82.551 573.0 
82.598 574.0 
82.551 575.0 
82.668 576.0 
82.622 577.0 
82.598 578.0 
82.715 579.0 
82.61 580.0 
82.657 581.0 
82.645 582.0 
82.762 583.0 
82.645 584.0 
82.75 585.0 
82.657 586.0 
82.587 587.0 
82.657 588.0 
82.575 589.0 
82.657 590.0 
82.575 591.0 
82.645 592.0 
82.587 593.0 
82.645 594.0 
82.575 595.0 
82.668 596.0 
82.598 597.0 
82.668 598.0 
82.563 599.0 
82.61 600.0 
82.738 601.0 
82.645 602.0 
82.738 603.0 
82.587 604.0 
82.68 605.0 
82.551 606.0 
82.633 607.0 
82.551 608.0 
82.622 609.0 
82.738 610.0 
82.563 611.0 
82.692 612.0 
82.575 613.0 
82.645 614.0 
82.551 615.0 
82.61 616.0 
82.703 617.0 
82.563 618.0 
82.645 619.0 
82.33 620.0 
82.598 621.0 
82.645 622.0 
82.587 623.0 
82.587 624.0 
82.692 625.0 
82.54 626.0 
82.668 627.0 
82.692 628.0 
82.563 629.0 
82.61 630.0 
82.727 631.0 
82.528 632.0 
82.668 633.0 
82.703 634.0 
82.587 635.0 
82.657 636.0 
82.703 637.0 
82.575 638.0 
82.633 639.0 
82.715 640.0 
82.551 641.0 
82.657 642.0 
82.668 643.0 
82.54 644.0 
82.622 645.0 
82.645 646.0 
82.738 647.0 
82.575 648.0 
82.61 649.0 
82.657 650.0 
82.505 651.0 
82.587 652.0 
82.61 653.0 
82.703 654.0 
82.563 655.0 
82.587 656.0 
82.61 657.0 
82.692 658.0 
82.563 659.0 
82.622 660.0 
82.68 661.0 
82.75 662.0 
82.563 663.0 
82.598 664.0 
82.657 665.0 
82.715 666.0 
82.575 667.0 
82.598 668.0 
82.657 669.0 
82.657 670.0 
82.551 671.0 
82.551 672.0 
82.622 673.0 
82.645 674.0 
82.703 675.0 
82.54 676.0 
82.61 677.0 
82.633 678.0 
82.575 679.0 
82.715 680.0 
82.516 681.0 
82.575 682.0 
82.622 683.0 
82.645 684.0 
82.692 685.0 
82.727 686.0 
82.551 687.0 
82.575 688.0 
82.622 689.0 
82.622 690.0 
82.668 691.0 
82.727 692.0 
82.528 693.0 
82.551 694.0 
82.587 695.0 
82.633 696.0 
82.668 697.0 
82.633 698.0 
82.236 699.0 
82.528 700.0 
82.575 701.0 
82.598 702.0 
82.657 703.0 
82.563 704.0 
82.68 705.0 
82.692 706.0 
82.575 707.0 
82.575 708.0 
82.563 709.0 
82.587 710.0 
82.61 711.0 
82.657 712.0 
82.668 713.0 
82.703 714.0 
82.738 715.0 
82.54 716.0 
82.563 717.0 
82.575 718.0 
82.622 719.0 
82.61 720.0 
82.645 721.0 
82.657 722.0 
82.668 723.0 
82.715 724.0 
82.703 725.0 
82.528 726.0 
82.493 727.0 
82.587 728.0 
82.575 729.0 
82.598 730.0 
82.622 731.0 
82.633 732.0 
82.645 733.0 
82.668 734.0 
82.668 735.0 
82.692 736.0 
82.68 737.0 
82.715 738.0 
82.295 739.0 
82.481 740.0 
82.516 741.0 
82.54 742.0 
82.563 743.0 
82.551 744.0 
82.54 745.0 
82.551 746.0 
82.563 747.0 
82.563 748.0 
82.563 749.0 
82.61 750.0 
82.598 751.0 
82.563 752.0 
82.61 753.0 
82.598 754.0 
82.598 755.0 
82.598 756.0 
82.633 757.0 
82.61 758.0 
82.622 759.0 
82.633 760.0 
82.668 761.0 
82.622 762.0 
82.622 763.0 
82.622 764.0 
82.622 765.0 
82.645 766.0 
82.61 767.0 
82.657 768.0 
82.633 769.0 
82.657 770.0 
82.633 771.0 
82.645 772.0 
82.633 773.0 
82.622 774.0 
82.668 775.0 
82.645 776.0 
82.645 777.0 
82.657 778.0 
82.633 779.0 
82.633 780.0 
82.657 781.0 
82.622 782.0 
82.645 783.0 
82.622 784.0 
82.622 785.0 
82.668 786.0 
82.622 787.0 
82.622 788.0 
82.622 789.0 
82.61 790.0 
82.645 791.0 
82.633 792.0 
82.633 793.0 
82.633 794.0 
82.645 795.0 
82.633 796.0 
82.633 797.0 
82.633 798.0 
82.633 799.0 
82.633 800.0 
82.622 801.0 
82.68 802.0 
82.645 803.0 
82.633 804.0 
-0.002 805.0 
0.0 806.0 
0.0 807.0 
-0.002 808.0 
-0.008 809.0 
-0.005 810.0 
-0.013 811.0 
-0.019 812.0 
-0.013 813.0 
-0.028 814.0 
-0.029 815.0 
-0.037 816.0 
-0.042 817.0 
-0.05 818.0 
-0.054 819.0 
-0.049 820.0 
-0.05 821.0 
-0.046 822.0 
-0.049 823.0 
-0.05 824.0 
-0.049 825.0 
-0.047 826.0 
-0.05 827.0 
-0.041 828.0 
-0.042 829.0 
