-0.054 257.0 
-0.046 258.0 
-0.069 259.0 
-0.048 260.0 
-0.029 261.0 
-0.049 262.0 
-0.067 263.0 
-0.049 264.0 
-0.03 265.0 
-0.134 266.0 
-0.049 267.0 
-0.048 268.0 
-0.047 269.0 
-0.041 270.0 
-0.06 271.0 
-0.046 272.0 
-0.055 273.0 
-0.044 274.0 
150.749 275.0 
148.156 276.0 
147.163 277.0 
145.668 278.0 
144.091 279.0 
142.269 280.0 
140.389 281.0 
137.621 282.0 
134.713 283.0 
133.346 284.0 
132.844 285.0 
132.552 286.0 
132.388 287.0 
132.061 288.0 
131.746 289.0 
131.057 290.0 
130.917 291.0 
130.625 292.0 
130.415 293.0 
129.877 294.0 
129.69 295.0 
129.468 296.0 
129.433 297.0 
128.861 298.0 
128.628 299.0 
128.23 300.0 
127.927 301.0 
127.798 302.0 
127.168 303.0 
127.062 304.0 
126.525 305.0 
125.953 306.0 
124.259 307.0 
121.561 308.0 
118.7 309.0 
115.032 310.0 
111.412 311.0 
107.312 312.0 
103.259 313.0 
98.915 314.0 
94.617 315.0 
90.213 316.0 
86.417 317.0 
83.1 318.0 
82.925 319.0 
82.61 320.0 
82.435 321.0 
82.423 322.0 
82.26 323.0 
82.295 324.0 
82.201 325.0 
82.096 326.0 
82.236 327.0 
82.084 328.0 
82.143 329.0 
82.248 330.0 
82.154 331.0 
82.166 332.0 
82.236 333.0 
82.143 334.0 
82.061 335.0 
82.224 336.0 
82.224 337.0 
82.096 338.0 
82.189 339.0 
82.213 340.0 
82.178 341.0 
82.143 342.0 
82.166 343.0 
82.143 344.0 
82.131 345.0 
82.096 346.0 
82.108 347.0 
82.108 348.0 
82.201 349.0 
82.178 350.0 
82.143 351.0 
82.143 352.0 
82.119 353.0 
82.108 354.0 
82.108 355.0 
82.154 356.0 
82.201 357.0 
82.119 358.0 
82.224 359.0 
82.166 360.0 
82.213 361.0 
82.143 362.0 
82.166 363.0 
82.108 364.0 
82.119 365.0 
82.143 366.0 
82.201 367.0 
82.084 368.0 
82.131 369.0 
82.131 370.0 
82.143 371.0 
82.154 372.0 
82.189 373.0 
82.213 374.0 
82.411 375.0 
82.224 376.0 
82.131 377.0 
82.108 378.0 
82.143 379.0 
82.143 380.0 
82.131 381.0 
82.224 382.0 
82.166 383.0 
82.119 384.0 
82.108 385.0 
82.213 386.0 
82.073 387.0 
82.084 388.0 
82.143 389.0 
82.446 390.0 
82.119 391.0 
82.143 392.0 
82.213 393.0 
82.061 394.0 
82.166 395.0 
82.096 396.0 
82.108 397.0 
82.166 398.0 
82.014 399.0 
82.108 400.0 
82.143 401.0 
82.178 402.0 
82.213 403.0 
82.166 404.0 
82.119 405.0 
82.049 406.0 
82.131 407.0 
82.073 408.0 
82.131 409.0 
82.084 410.0 
82.143 411.0 
82.213 412.0 
82.295 413.0 
82.166 414.0 
82.084 415.0 
82.178 416.0 
82.096 417.0 
82.143 418.0 
82.166 419.0 
82.096 420.0 
82.143 421.0 
82.166 422.0 
82.201 423.0 
82.131 424.0 
82.096 425.0 
82.154 426.0 
82.166 427.0 
82.084 428.0 
82.131 429.0 
82.131 430.0 
82.143 431.0 
82.189 432.0 
82.166 433.0 
82.073 434.0 
82.096 435.0 
82.073 436.0 
82.154 437.0 
82.073 438.0 
82.108 439.0 
82.049 440.0 
82.073 441.0 
82.096 442.0 
82.119 443.0 
82.096 444.0 
82.096 445.0 
82.108 446.0 
82.189 447.0 
82.154 448.0 
82.376 449.0 
82.143 450.0 
82.143 451.0 
82.084 452.0 
82.073 453.0 
82.073 454.0 
82.178 455.0 
81.968 456.0 
82.084 457.0 
82.038 458.0 
82.154 459.0 
82.189 460.0 
82.108 461.0 
82.108 462.0 
82.201 463.0 
82.096 464.0 
82.096 465.0 
82.201 466.0 
82.131 467.0 
82.038 468.0 
82.178 469.0 
82.096 470.0 
82.026 471.0 
82.131 472.0 
82.014 473.0 
82.119 474.0 
82.201 475.0 
82.131 476.0 
82.061 477.0 
82.119 478.0 
82.049 479.0 
82.143 480.0 
82.213 481.0 
82.119 482.0 
82.189 483.0 
82.084 484.0 
82.131 485.0 
82.038 486.0 
82.084 487.0 
82.154 488.0 
82.049 489.0 
82.143 490.0 
82.119 491.0 
82.084 492.0 
82.026 493.0 
82.143 494.0 
82.049 495.0 
82.084 496.0 
82.119 497.0 
82.154 498.0 
82.061 499.0 
82.084 500.0 
82.038 501.0 
82.154 502.0 
82.003 503.0 
82.038 504.0 
82.084 505.0 
82.073 506.0 
82.026 507.0 
82.096 508.0 
81.921 509.0 
81.991 510.0 
82.061 511.0 
82.084 512.0 
82.131 513.0 
82.119 514.0 
82.131 515.0 
82.038 516.0 
82.446 517.0 
81.979 518.0 
81.991 519.0 
82.014 520.0 
82.003 521.0 
82.038 522.0 
82.014 523.0 
81.991 524.0 
82.003 525.0 
81.979 526.0 
82.003 527.0 
81.932 528.0 
81.909 529.0 
81.886 530.0 
81.886 531.0 
82.003 532.0 
82.353 533.0 
81.968 534.0 
81.956 535.0 
81.944 536.0 
81.886 537.0 
81.792 538.0 
81.816 539.0 
81.746 540.0 
81.874 541.0 
81.804 542.0 
81.781 543.0 
81.711 544.0 
81.629 545.0 
81.629 546.0 
81.769 547.0 
81.617 548.0 
81.64 549.0 
81.605 550.0 
81.524 551.0 
81.676 552.0 
81.617 553.0 
81.594 554.0 
81.547 555.0 
81.676 556.0 
81.652 557.0 
81.582 558.0 
81.372 559.0 
81.64 560.0 
81.559 561.0 
81.535 562.0 
81.652 563.0 
81.512 564.0 
81.477 565.0 
81.652 566.0 
81.652 567.0 
81.465 568.0 
81.547 569.0 
81.559 570.0 
81.652 571.0 
81.582 572.0 
81.489 573.0 
81.605 574.0 
81.535 575.0 
81.956 576.0 
81.582 577.0 
81.594 578.0 
81.687 579.0 
81.582 580.0 
81.699 581.0 
81.664 582.0 
81.699 583.0 
81.652 584.0 
81.372 585.0 
81.664 586.0 
81.605 587.0 
81.64 588.0 
81.57 589.0 
81.676 590.0 
81.594 591.0 
81.652 592.0 
81.57 593.0 
81.629 594.0 
81.594 595.0 
81.605 596.0 
81.582 597.0 
81.605 598.0 
81.582 599.0 
81.594 600.0 
81.687 601.0 
81.605 602.0 
81.734 603.0 
81.582 604.0 
81.676 605.0 
81.559 606.0 
81.652 607.0 
81.535 608.0 
81.629 609.0 
81.699 610.0 
81.617 611.0 
81.687 612.0 
81.547 613.0 
81.629 614.0 
81.524 615.0 
81.524 616.0 
81.711 617.0 
81.535 618.0 
81.676 619.0 
81.442 620.0 
81.605 621.0 
81.699 622.0 
81.524 623.0 
81.605 624.0 
81.676 625.0 
81.582 626.0 
81.652 627.0 
81.676 628.0 
81.582 629.0 
81.64 630.0 
81.664 631.0 
81.547 632.0 
81.617 633.0 
81.932 634.0 
81.582 635.0 
81.676 636.0 
81.711 637.0 
81.559 638.0 
81.594 639.0 
81.687 640.0 
81.582 641.0 
81.559 642.0 
81.664 643.0 
81.524 644.0 
81.559 645.0 
81.629 646.0 
81.676 647.0 
81.57 648.0 
81.605 649.0 
81.652 650.0 
81.524 651.0 
81.524 652.0 
81.617 653.0 
81.676 654.0 
81.547 655.0 
81.512 656.0 
81.617 657.0 
81.64 658.0 
81.547 659.0 
81.594 660.0 
81.664 661.0 
81.629 662.0 
81.57 663.0 
81.594 664.0 
81.629 665.0 
81.711 666.0 
81.57 667.0 
81.617 668.0 
81.664 669.0 
81.687 670.0 
81.524 671.0 
81.57 672.0 
81.617 673.0 
81.664 674.0 
81.664 675.0 
81.524 676.0 
81.582 677.0 
81.605 678.0 
81.652 679.0 
81.687 680.0 
81.524 681.0 
81.535 682.0 
81.605 683.0 
81.64 684.0 
81.629 685.0 
81.711 686.0 
81.465 687.0 
81.582 688.0 
81.582 689.0 
81.652 690.0 
81.64 691.0 
81.676 692.0 
81.512 693.0 
81.582 694.0 
81.582 695.0 
81.605 696.0 
81.629 697.0 
81.652 698.0 
81.465 699.0 
81.559 700.0 
81.594 701.0 
81.57 702.0 
81.605 703.0 
81.676 704.0 
81.594 705.0 
81.687 706.0 
81.524 707.0 
81.535 708.0 
81.582 709.0 
81.559 710.0 
81.629 711.0 
81.629 712.0 
81.664 713.0 
81.699 714.0 
81.512 715.0 
81.512 716.0 
81.535 717.0 
81.582 718.0 
81.605 719.0 
81.605 720.0 
81.617 721.0 
81.64 722.0 
81.652 723.0 
81.699 724.0 
81.687 725.0 
81.454 726.0 
81.547 727.0 
81.559 728.0 
81.535 729.0 
81.559 730.0 
81.617 731.0 
81.605 732.0 
81.629 733.0 
81.652 734.0 
81.652 735.0 
81.652 736.0 
81.687 737.0 
81.687 738.0 
81.489 739.0 
81.5 740.0 
81.5 741.0 
81.512 742.0 
81.524 743.0 
81.524 744.0 
81.57 745.0 
81.547 746.0 
81.57 747.0 
81.57 748.0 
81.57 749.0 
81.605 750.0 
81.57 751.0 
81.535 752.0 
81.582 753.0 
81.57 754.0 
81.594 755.0 
81.582 756.0 
81.582 757.0 
81.594 758.0 
81.605 759.0 
81.64 760.0 
81.617 761.0 
81.629 762.0 
81.64 763.0 
81.617 764.0 
81.594 765.0 
81.594 766.0 
81.64 767.0 
81.605 768.0 
81.64 769.0 
81.605 770.0 
81.617 771.0 
81.605 772.0 
81.617 773.0 
81.64 774.0 
81.652 775.0 
81.664 776.0 
81.594 777.0 
81.594 778.0 
81.617 779.0 
81.629 780.0 
81.594 781.0 
81.664 782.0 
81.617 783.0 
81.617 784.0 
81.605 785.0 
81.629 786.0 
81.629 787.0 
81.617 788.0 
81.617 789.0 
81.617 790.0 
81.605 791.0 
81.617 792.0 
81.64 793.0 
81.617 794.0 
81.617 795.0 
81.652 796.0 
81.629 797.0 
81.629 798.0 
81.652 799.0 
81.617 800.0 
81.617 801.0 
81.617 802.0 
81.617 803.0 
81.617 804.0 
-0.008 805.0 
-0.005 806.0 
0.001 807.0 
-0.001 808.0 
-0.019 809.0 
-0.029 810.0 
-0.032 811.0 
-0.035 812.0 
-0.052 813.0 
-0.058 814.0 
-0.059 815.0 
-0.056 816.0 
-0.058 817.0 
-0.066 818.0 
-0.066 819.0 
-0.072 820.0 
-0.073 821.0 
-0.068 822.0 
-0.069 823.0 
-0.068 824.0 
-0.071 825.0 
-0.059 826.0 
-0.053 827.0 
-0.044 828.0 
-0.047 829.0 
