-0.049 257.0 
-0.061 258.0 
-0.019 259.0 
-0.054 260.0 
-0.044 261.0 
-0.04 262.0 
-0.031 263.0 
-0.008 264.0 
-0.041 265.0 
-0.111 266.0 
-0.008 267.0 
-0.046 268.0 
-0.011 269.0 
-0.054 270.0 
-0.056 271.0 
-0.043 272.0 
-0.037 273.0 
-0.013 274.0 
146.404 275.0 
143.017 276.0 
141.639 277.0 
139.583 278.0 
137.562 279.0 
135.016 280.0 
132.797 281.0 
129.702 282.0 
126.385 283.0 
124.96 284.0 
124.435 285.0 
123.991 286.0 
123.699 287.0 
123.395 288.0 
123.115 289.0 
122.437 290.0 
122.227 291.0 
121.958 292.0 
121.713 293.0 
121.328 294.0 
121.153 295.0 
120.966 296.0 
120.802 297.0 
120.23 298.0 
120.055 299.0 
119.786 300.0 
119.459 301.0 
119.342 302.0 
118.817 303.0 
118.793 304.0 
118.571 305.0 
118.022 306.0 
116.703 307.0 
114.413 308.0 
111.832 309.0 
108.293 310.0 
104.439 311.0 
100.421 312.0 
96.59 313.0 
92.467 314.0 
88.45 315.0 
84.175 316.0 
80.426 317.0 
77.494 318.0 
77.331 319.0 
77.097 320.0 
76.934 321.0 
76.864 322.0 
76.747 323.0 
76.817 324.0 
76.758 325.0 
76.653 326.0 
76.735 327.0 
76.665 328.0 
76.618 329.0 
76.77 330.0 
76.665 331.0 
76.618 332.0 
76.747 333.0 
76.653 334.0 
76.583 335.0 
76.747 336.0 
76.735 337.0 
76.653 338.0 
76.688 339.0 
76.712 340.0 
76.7 341.0 
76.7 342.0 
76.7 343.0 
76.7 344.0 
76.688 345.0 
76.665 346.0 
76.63 347.0 
76.653 348.0 
76.758 349.0 
76.7 350.0 
76.665 351.0 
76.7 352.0 
76.7 353.0 
76.607 354.0 
76.595 355.0 
76.7 356.0 
76.77 357.0 
76.712 358.0 
76.758 359.0 
76.712 360.0 
76.77 361.0 
76.712 362.0 
76.7 363.0 
76.677 364.0 
76.653 365.0 
76.665 366.0 
76.712 367.0 
76.677 368.0 
76.723 369.0 
76.688 370.0 
76.677 371.0 
76.7 372.0 
76.7 373.0 
76.747 374.0 
76.77 375.0 
76.735 376.0 
76.665 377.0 
76.665 378.0 
76.7 379.0 
76.677 380.0 
76.677 381.0 
76.7 382.0 
76.665 383.0 
76.653 384.0 
76.642 385.0 
76.747 386.0 
76.63 387.0 
76.63 388.0 
76.712 389.0 
76.688 390.0 
76.642 391.0 
76.677 392.0 
76.735 393.0 
76.63 394.0 
76.723 395.0 
76.77 396.0 
76.607 397.0 
76.7 398.0 
76.583 399.0 
76.653 400.0 
76.758 401.0 
76.7 402.0 
76.77 403.0 
76.735 404.0 
76.712 405.0 
76.642 406.0 
76.712 407.0 
76.642 408.0 
76.712 409.0 
76.618 410.0 
76.653 411.0 
76.747 412.0 
77.109 413.0 
76.758 414.0 
76.665 415.0 
76.712 416.0 
76.618 417.0 
76.735 418.0 
76.712 419.0 
76.677 420.0 
76.688 421.0 
76.735 422.0 
76.735 423.0 
76.677 424.0 
76.712 425.0 
76.7 426.0 
76.735 427.0 
76.653 428.0 
76.665 429.0 
76.677 430.0 
76.712 431.0 
76.723 432.0 
76.735 433.0 
76.63 434.0 
76.63 435.0 
76.642 436.0 
76.665 437.0 
76.642 438.0 
76.642 439.0 
76.618 440.0 
76.653 441.0 
76.665 442.0 
76.665 443.0 
76.665 444.0 
76.665 445.0 
76.665 446.0 
76.77 447.0 
76.723 448.0 
77.015 449.0 
76.852 450.0 
76.688 451.0 
76.688 452.0 
76.665 453.0 
76.572 454.0 
76.665 455.0 
76.513 456.0 
76.653 457.0 
76.618 458.0 
76.7 459.0 
76.747 460.0 
76.688 461.0 
76.665 462.0 
76.712 463.0 
76.665 464.0 
76.688 465.0 
76.747 466.0 
76.677 467.0 
76.63 468.0 
76.712 469.0 
76.653 470.0 
76.642 471.0 
76.665 472.0 
76.595 473.0 
76.665 474.0 
76.747 475.0 
76.677 476.0 
76.63 477.0 
76.653 478.0 
76.583 479.0 
76.688 480.0 
76.723 481.0 
76.653 482.0 
76.758 483.0 
76.63 484.0 
76.7 485.0 
76.642 486.0 
76.63 487.0 
76.723 488.0 
76.665 489.0 
76.665 490.0 
76.712 491.0 
76.665 492.0 
76.677 493.0 
76.688 494.0 
76.607 495.0 
76.63 496.0 
76.665 497.0 
76.747 498.0 
76.572 499.0 
76.583 500.0 
76.677 501.0 
76.712 502.0 
76.607 503.0 
76.63 504.0 
76.642 505.0 
76.653 506.0 
76.607 507.0 
76.712 508.0 
76.525 509.0 
76.607 510.0 
76.595 511.0 
76.642 512.0 
76.665 513.0 
76.665 514.0 
76.653 515.0 
76.583 516.0 
77.085 517.0 
76.548 518.0 
76.548 519.0 
76.572 520.0 
76.56 521.0 
76.56 522.0 
76.583 523.0 
76.595 524.0 
76.572 525.0 
76.595 526.0 
76.572 527.0 
76.513 528.0 
76.525 529.0 
76.49 530.0 
76.513 531.0 
76.642 532.0 
76.595 533.0 
76.572 534.0 
76.56 535.0 
76.536 536.0 
76.478 537.0 
76.385 538.0 
76.361 539.0 
76.35 540.0 
76.466 541.0 
76.361 542.0 
76.35 543.0 
76.373 544.0 
76.28 545.0 
76.256 546.0 
76.385 547.0 
76.28 548.0 
76.268 549.0 
76.221 550.0 
76.139 551.0 
76.28 552.0 
76.233 553.0 
76.186 554.0 
76.151 555.0 
76.291 556.0 
76.233 557.0 
76.174 558.0 
75.847 559.0 
76.28 560.0 
76.209 561.0 
76.163 562.0 
76.256 563.0 
76.209 564.0 
76.093 565.0 
76.233 566.0 
76.268 567.0 
76.139 568.0 
76.209 569.0 
76.163 570.0 
76.28 571.0 
76.186 572.0 
76.151 573.0 
76.221 574.0 
76.186 575.0 
76.548 576.0 
76.221 577.0 
76.221 578.0 
76.303 579.0 
76.221 580.0 
76.315 581.0 
76.268 582.0 
76.268 583.0 
76.28 584.0 
76.385 585.0 
76.256 586.0 
76.209 587.0 
76.28 588.0 
76.233 589.0 
76.28 590.0 
76.174 591.0 
76.233 592.0 
76.186 593.0 
76.268 594.0 
76.163 595.0 
76.163 596.0 
76.151 597.0 
76.268 598.0 
76.186 599.0 
76.233 600.0 
76.35 601.0 
76.245 602.0 
76.315 603.0 
76.256 604.0 
76.268 605.0 
76.198 606.0 
76.291 607.0 
76.174 608.0 
76.245 609.0 
76.326 610.0 
76.233 611.0 
76.303 612.0 
76.163 613.0 
76.268 614.0 
76.151 615.0 
76.256 616.0 
76.303 617.0 
76.174 618.0 
76.291 619.0 
75.929 620.0 
76.221 621.0 
76.291 622.0 
76.186 623.0 
76.245 624.0 
76.338 625.0 
76.198 626.0 
76.268 627.0 
76.326 628.0 
76.209 629.0 
76.28 630.0 
76.315 631.0 
76.163 632.0 
76.291 633.0 
76.513 634.0 
76.174 635.0 
76.268 636.0 
76.315 637.0 
76.198 638.0 
76.256 639.0 
76.28 640.0 
76.186 641.0 
76.28 642.0 
76.28 643.0 
76.186 644.0 
76.186 645.0 
76.268 646.0 
76.315 647.0 
76.209 648.0 
76.233 649.0 
76.303 650.0 
76.139 651.0 
76.186 652.0 
76.209 653.0 
76.303 654.0 
76.139 655.0 
76.221 656.0 
76.268 657.0 
76.28 658.0 
76.209 659.0 
76.233 660.0 
76.28 661.0 
76.326 662.0 
76.139 663.0 
76.233 664.0 
76.291 665.0 
76.35 666.0 
76.174 667.0 
76.233 668.0 
76.28 669.0 
76.315 670.0 
76.174 671.0 
76.209 672.0 
76.221 673.0 
76.256 674.0 
76.245 675.0 
76.163 676.0 
76.186 677.0 
76.221 678.0 
76.256 679.0 
76.291 680.0 
76.116 681.0 
76.209 682.0 
76.209 683.0 
76.256 684.0 
76.303 685.0 
76.315 686.0 
76.163 687.0 
76.209 688.0 
76.245 689.0 
76.245 690.0 
76.291 691.0 
76.338 692.0 
76.163 693.0 
76.174 694.0 
76.174 695.0 
76.256 696.0 
76.28 697.0 
76.303 698.0 
76.069 699.0 
76.163 700.0 
76.198 701.0 
76.233 702.0 
76.233 703.0 
76.268 704.0 
76.245 705.0 
76.315 706.0 
76.151 707.0 
76.163 708.0 
76.186 709.0 
76.233 710.0 
76.233 711.0 
76.28 712.0 
76.291 713.0 
76.303 714.0 
76.315 715.0 
76.151 716.0 
76.174 717.0 
76.186 718.0 
76.209 719.0 
76.221 720.0 
76.233 721.0 
76.268 722.0 
76.268 723.0 
76.303 724.0 
76.326 725.0 
76.151 726.0 
76.186 727.0 
76.174 728.0 
76.209 729.0 
76.221 730.0 
76.209 731.0 
76.221 732.0 
76.256 733.0 
76.291 734.0 
76.291 735.0 
76.28 736.0 
76.291 737.0 
76.303 738.0 
75.999 739.0 
76.116 740.0 
76.163 741.0 
76.128 742.0 
76.174 743.0 
76.163 744.0 
76.128 745.0 
76.186 746.0 
76.151 747.0 
76.198 748.0 
76.186 749.0 
76.198 750.0 
76.198 751.0 
76.209 752.0 
76.209 753.0 
76.209 754.0 
76.221 755.0 
76.186 756.0 
76.198 757.0 
76.209 758.0 
76.198 759.0 
76.245 760.0 
76.245 761.0 
76.245 762.0 
76.28 763.0 
76.256 764.0 
76.256 765.0 
76.268 766.0 
76.233 767.0 
76.28 768.0 
76.256 769.0 
76.256 770.0 
76.233 771.0 
76.245 772.0 
76.28 773.0 
76.256 774.0 
76.245 775.0 
76.245 776.0 
76.245 777.0 
76.245 778.0 
76.221 779.0 
76.221 780.0 
76.245 781.0 
76.245 782.0 
76.209 783.0 
76.233 784.0 
76.245 785.0 
76.256 786.0 
76.245 787.0 
76.256 788.0 
76.233 789.0 
76.256 790.0 
76.245 791.0 
76.233 792.0 
76.268 793.0 
76.233 794.0 
76.221 795.0 
76.221 796.0 
76.233 797.0 
76.233 798.0 
76.233 799.0 
76.245 800.0 
76.233 801.0 
76.245 802.0 
76.268 803.0 
76.268 804.0 
0.0 805.0 
0.0 806.0 
0.0 807.0 
0.006 808.0 
0.0 809.0 
-0.012 810.0 
-0.014 811.0 
-0.022 812.0 
-0.013 813.0 
-0.018 814.0 
-0.03 815.0 
-0.031 816.0 
-0.03 817.0 
-0.024 818.0 
-0.028 819.0 
-0.032 820.0 
-0.025 821.0 
-0.028 822.0 
-0.028 823.0 
-0.022 824.0 
-0.03 825.0 
-0.026 826.0 
-0.031 827.0 
-0.02 828.0 
-0.016 829.0 
