-0.041 257.0 
-0.038 258.0 
-0.054 259.0 
-0.029 260.0 
-0.044 261.0 
-0.061 262.0 
-0.049 263.0 
-0.044 264.0 
-0.044 265.0 
-0.049 266.0 
-0.031 267.0 
-0.056 268.0 
-0.055 269.0 
-0.059 270.0 
-0.047 271.0 
-0.058 272.0 
-0.059 273.0 
-0.048 274.0 
256.582 275.0 
253.333 276.0 
252.52 277.0 
250.896 278.0 
248.691 279.0 
246.834 280.0 
244.977 281.0 
243.701 282.0 
241.264 283.0 
241.264 284.0 
240.567 285.0 
240.567 286.0 
240.683 287.0 
240.451 288.0 
240.103 289.0 
242.656 290.0 
239.291 291.0 
239.175 292.0 
239.059 293.0 
239.175 294.0 
238.595 295.0 
238.246 296.0 
238.246 297.0 
237.202 298.0 
237.666 299.0 
238.014 300.0 
237.202 301.0 
237.55 302.0 
235.809 303.0 
237.318 304.0 
237.434 305.0 
236.854 306.0 
236.97 307.0 
236.622 308.0 
236.97 309.0 
236.506 310.0 
236.738 311.0 
236.158 312.0 
236.622 313.0 
236.39 314.0 
236.738 315.0 
236.622 316.0 
236.158 317.0 
236.042 318.0 
236.158 319.0 
236.042 320.0 
230.355 321.0 
236.042 322.0 
235.809 323.0 
236.506 324.0 
236.158 325.0 
237.086 326.0 
236.042 327.0 
235.925 328.0 
236.39 329.0 
236.274 330.0 
235.693 331.0 
235.925 332.0 
236.158 333.0 
235.809 334.0 
238.711 335.0 
235.925 336.0 
235.925 337.0 
236.042 338.0 
236.158 339.0 
236.158 340.0 
235.925 341.0 
235.693 342.0 
236.158 343.0 
235.925 344.0 
235.577 345.0 
235.809 346.0 
235.809 347.0 
234.765 348.0 
236.042 349.0 
235.925 350.0 
236.042 351.0 
236.158 352.0 
235.925 353.0 
232.56 354.0 
236.622 355.0 
236.274 356.0 
236.158 357.0 
236.042 358.0 
236.042 359.0 
235.693 360.0 
236.042 361.0 
235.693 362.0 
235.809 363.0 
235.693 364.0 
235.925 365.0 
235.809 366.0 
236.158 367.0 
235.925 368.0 
236.042 369.0 
236.274 370.0 
236.39 371.0 
236.042 372.0 
235.925 373.0 
236.042 374.0 
236.158 375.0 
239.059 376.0 
234.997 377.0 
235.461 378.0 
236.042 379.0 
235.693 380.0 
235.693 381.0 
236.274 382.0 
235.577 383.0 
235.809 384.0 
235.693 385.0 
235.693 386.0 
235.113 387.0 
235.577 388.0 
236.274 389.0 
235.925 390.0 
236.506 391.0 
236.042 392.0 
236.158 393.0 
235.577 394.0 
236.158 395.0 
236.158 396.0 
235.577 397.0 
236.042 398.0 
233.372 399.0 
235.809 400.0 
235.693 401.0 
235.809 402.0 
235.925 403.0 
235.693 404.0 
235.693 405.0 
235.577 406.0 
235.693 407.0 
236.042 408.0 
236.158 409.0 
235.809 410.0 
235.809 411.0 
236.042 412.0 
236.274 413.0 
236.158 414.0 
235.345 415.0 
236.042 416.0 
235.809 417.0 
236.506 418.0 
235.693 419.0 
235.809 420.0 
235.461 421.0 
235.809 422.0 
236.274 423.0 
235.925 424.0 
235.113 425.0 
235.693 426.0 
236.158 427.0 
235.693 428.0 
235.461 429.0 
235.809 430.0 
236.158 431.0 
236.274 432.0 
236.738 433.0 
235.693 434.0 
236.274 435.0 
236.158 436.0 
236.738 437.0 
235.345 438.0 
236.042 439.0 
235.577 440.0 
235.809 441.0 
235.809 442.0 
235.577 443.0 
235.925 444.0 
235.345 445.0 
235.693 446.0 
236.158 447.0 
236.274 448.0 
236.042 449.0 
237.434 450.0 
235.925 451.0 
236.158 452.0 
235.577 453.0 
235.693 454.0 
236.274 455.0 
236.39 456.0 
235.693 457.0 
235.577 458.0 
236.158 459.0 
236.158 460.0 
235.809 461.0 
235.925 462.0 
235.925 463.0 
235.925 464.0 
235.809 465.0 
235.925 466.0 
236.274 467.0 
235.809 468.0 
236.158 469.0 
236.158 470.0 
236.042 471.0 
236.158 472.0 
236.39 473.0 
236.274 474.0 
236.158 475.0 
236.158 476.0 
235.809 477.0 
235.925 478.0 
235.809 479.0 
235.809 480.0 
236.158 481.0 
235.925 482.0 
236.042 483.0 
235.693 484.0 
235.925 485.0 
235.693 486.0 
235.229 487.0 
236.39 488.0 
236.042 489.0 
236.158 490.0 
236.39 491.0 
236.274 492.0 
236.158 493.0 
236.274 494.0 
236.158 495.0 
235.809 496.0 
235.809 497.0 
236.274 498.0 
235.809 499.0 
235.461 500.0 
236.158 501.0 
236.042 502.0 
235.693 503.0 
235.693 504.0 
235.693 505.0 
235.693 506.0 
230.819 507.0 
238.943 508.0 
235.925 509.0 
235.577 510.0 
235.925 511.0 
235.925 512.0 
236.158 513.0 
236.39 514.0 
236.042 515.0 
236.158 516.0 
235.693 517.0 
235.461 518.0 
235.461 519.0 
235.577 520.0 
235.577 521.0 
235.461 522.0 
235.809 523.0 
235.461 524.0 
235.693 525.0 
235.925 526.0 
235.809 527.0 
235.345 528.0 
235.577 529.0 
235.345 530.0 
235.693 531.0 
236.158 532.0 
236.274 533.0 
235.809 534.0 
235.925 535.0 
236.158 536.0 
235.809 537.0 
235.461 538.0 
235.809 539.0 
235.461 540.0 
235.693 541.0 
235.809 542.0 
235.693 543.0 
235.809 544.0 
235.693 545.0 
235.229 546.0 
235.693 547.0 
235.693 548.0 
235.925 549.0 
235.809 550.0 
234.997 551.0 
235.809 552.0 
235.461 553.0 
235.577 554.0 
236.042 555.0 
236.274 556.0 
235.577 557.0 
235.577 558.0 
235.809 559.0 
235.809 560.0 
235.345 561.0 
234.649 562.0 
235.693 563.0 
235.809 564.0 
234.533 565.0 
235.693 566.0 
235.229 567.0 
235.461 568.0 
236.042 569.0 
235.809 570.0 
235.925 571.0 
235.577 572.0 
235.461 573.0 
235.229 574.0 
235.809 575.0 
236.042 576.0 
235.345 577.0 
235.229 578.0 
236.042 579.0 
235.693 580.0 
235.925 581.0 
235.461 582.0 
236.042 583.0 
236.042 584.0 
236.042 585.0 
235.809 586.0 
235.925 587.0 
236.042 588.0 
235.809 589.0 
236.042 590.0 
235.461 591.0 
235.693 592.0 
235.693 593.0 
235.461 594.0 
235.809 595.0 
236.39 596.0 
235.345 597.0 
235.809 598.0 
235.693 599.0 
235.925 600.0 
236.042 601.0 
235.693 602.0 
236.042 603.0 
235.693 604.0 
235.693 605.0 
235.693 606.0 
235.925 607.0 
235.461 608.0 
235.577 609.0 
235.925 610.0 
235.809 611.0 
235.925 612.0 
235.577 613.0 
236.158 614.0 
235.809 615.0 
236.158 616.0 
236.274 617.0 
235.461 618.0 
235.693 619.0 
230.239 620.0 
235.693 621.0 
235.693 622.0 
235.693 623.0 
235.693 624.0 
236.042 625.0 
235.461 626.0 
235.925 627.0 
236.042 628.0 
235.925 629.0 
235.693 630.0 
236.158 631.0 
234.997 632.0 
236.042 633.0 
236.158 634.0 
235.925 635.0 
235.809 636.0 
235.693 637.0 
235.577 638.0 
235.693 639.0 
235.925 640.0 
235.577 641.0 
235.345 642.0 
235.925 643.0 
235.461 644.0 
235.693 645.0 
235.461 646.0 
235.925 647.0 
235.925 648.0 
235.577 649.0 
235.925 650.0 
235.925 651.0 
235.809 652.0 
236.042 653.0 
236.042 654.0 
235.809 655.0 
236.042 656.0 
235.229 657.0 
235.809 658.0 
235.693 659.0 
235.925 660.0 
235.925 661.0 
236.158 662.0 
234.997 663.0 
235.577 664.0 
236.042 665.0 
235.925 666.0 
235.693 667.0 
235.925 668.0 
236.158 669.0 
236.506 670.0 
235.461 671.0 
235.809 672.0 
235.925 673.0 
235.693 674.0 
236.39 675.0 
235.809 676.0 
235.693 677.0 
235.809 678.0 
235.693 679.0 
236.158 680.0 
235.577 681.0 
235.693 682.0 
236.042 683.0 
235.809 684.0 
236.042 685.0 
236.042 686.0 
235.693 687.0 
236.042 688.0 
235.925 689.0 
235.925 690.0 
236.158 691.0 
236.506 692.0 
235.577 693.0 
235.577 694.0 
235.925 695.0 
236.042 696.0 
236.042 697.0 
235.461 698.0 
233.024 699.0 
235.345 700.0 
235.577 701.0 
235.693 702.0 
235.693 703.0 
235.577 704.0 
235.925 705.0 
236.158 706.0 
235.461 707.0 
235.809 708.0 
235.925 709.0 
235.809 710.0 
235.809 711.0 
236.158 712.0 
236.158 713.0 
236.158 714.0 
236.274 715.0 
235.693 716.0 
235.461 717.0 
235.577 718.0 
235.693 719.0 
235.925 720.0 
235.693 721.0 
236.158 722.0 
236.274 723.0 
236.042 724.0 
236.158 725.0 
235.461 726.0 
235.577 727.0 
235.809 728.0 
235.809 729.0 
235.925 730.0 
235.693 731.0 
235.809 732.0 
235.809 733.0 
235.809 734.0 
236.274 735.0 
236.042 736.0 
236.158 737.0 
236.042 738.0 
234.765 739.0 
235.461 740.0 
235.577 741.0 
235.809 742.0 
235.461 743.0 
235.693 744.0 
235.809 745.0 
235.577 746.0 
235.693 747.0 
235.925 748.0 
235.809 749.0 
235.577 750.0 
235.809 751.0 
235.693 752.0 
235.693 753.0 
235.693 754.0 
235.693 755.0 
235.809 756.0 
235.577 757.0 
235.577 758.0 
235.809 759.0 
235.809 760.0 
236.042 761.0 
235.693 762.0 
235.577 763.0 
235.577 764.0 
235.693 765.0 
235.809 766.0 
235.925 767.0 
235.925 768.0 
236.042 769.0 
236.042 770.0 
235.925 771.0 
235.925 772.0 
236.042 773.0 
235.925 774.0 
236.158 775.0 
235.809 776.0 
235.809 777.0 
235.925 778.0 
235.693 779.0 
235.925 780.0 
235.925 781.0 
235.577 782.0 
235.925 783.0 
235.577 784.0 
235.809 785.0 
235.809 786.0 
235.809 787.0 
235.809 788.0 
236.042 789.0 
235.925 790.0 
236.158 791.0 
236.042 792.0 
235.809 793.0 
235.925 794.0 
235.925 795.0 
235.809 796.0 
235.925 797.0 
235.693 798.0 
235.577 799.0 
235.809 800.0 
236.042 801.0 
235.577 802.0 
235.925 803.0 
235.693 804.0 
0.037 805.0 
0.028 806.0 
0.019 807.0 
0.013 808.0 
0.007 809.0 
-0.013 810.0 
-0.03 811.0 
-0.046 812.0 
-0.062 813.0 
-0.091 814.0 
-0.104 815.0 
-0.119 816.0 
-0.128 817.0 
-0.143 818.0 
-0.153 819.0 
-0.146 820.0 
-0.157 821.0 
-0.165 822.0 
-0.159 823.0 
-0.141 824.0 
-0.132 825.0 
-0.129 826.0 
-0.122 827.0 
-0.104 828.0 
-0.093 829.0 
