-0.036 257.0 
-0.061 258.0 
-0.059 259.0 
-0.043 260.0 
-0.028 261.0 
-0.022 262.0 
-0.018 263.0 
-0.049 264.0 
-0.05 265.0 
-0.007 266.0 
-0.031 267.0 
-0.019 268.0 
-0.031 269.0 
-0.047 270.0 
-0.03 271.0 
-0.035 272.0 
-0.034 273.0 
-0.048 274.0 
135.378 275.0 
130.94 276.0 
129.807 277.0 
129.071 278.0 
128.616 279.0 
128.184 280.0 
127.903 281.0 
127.518 282.0 
127.308 283.0 
126.771 284.0 
126.7 285.0 
126.665 286.0 
126.712 287.0 
126.724 288.0 
126.712 289.0 
126.642 290.0 
126.338 291.0 
126.315 292.0 
126.303 293.0 
126.42 294.0 
126.046 295.0 
126.093 296.0 
126.222 297.0 
125.848 298.0 
125.813 299.0 
125.918 300.0 
125.579 301.0 
125.626 302.0 
125.287 303.0 
125.346 304.0 
125.334 305.0 
124.259 306.0 
121.48 307.0 
117.123 308.0 
112.451 309.0 
106.833 310.0 
99.966 311.0 
90.821 312.0 
79.386 313.0 
65.955 314.0 
53.317 315.0 
42.187 316.0 
33.17 317.0 
25.824 318.0 
24.936 319.0 
24.761 320.0 
23.78 321.0 
24.761 322.0 
24.702 323.0 
24.737 324.0 
24.702 325.0 
24.994 326.0 
24.714 327.0 
24.702 328.0 
24.772 329.0 
24.737 330.0 
24.714 331.0 
24.772 332.0 
24.737 333.0 
24.726 334.0 
24.971 335.0 
24.749 336.0 
24.761 337.0 
24.737 338.0 
24.796 339.0 
24.761 340.0 
24.784 341.0 
24.784 342.0 
24.796 343.0 
24.737 344.0 
24.726 345.0 
24.761 346.0 
24.737 347.0 
24.784 348.0 
24.772 349.0 
24.702 350.0 
24.737 351.0 
24.761 352.0 
24.714 353.0 
24.574 354.0 
24.796 355.0 
24.737 356.0 
24.796 357.0 
24.726 358.0 
24.761 359.0 
24.726 360.0 
24.761 361.0 
24.749 362.0 
24.749 363.0 
24.714 364.0 
24.726 365.0 
24.772 366.0 
24.749 367.0 
24.737 368.0 
24.737 369.0 
24.726 370.0 
24.726 371.0 
24.726 372.0 
24.761 373.0 
24.761 374.0 
24.807 375.0 
25.041 376.0 
24.714 377.0 
24.749 378.0 
24.761 379.0 
24.737 380.0 
24.761 381.0 
24.796 382.0 
24.749 383.0 
24.737 384.0 
24.737 385.0 
24.784 386.0 
24.644 387.0 
24.714 388.0 
24.784 389.0 
24.749 390.0 
24.796 391.0 
24.749 392.0 
24.749 393.0 
24.714 394.0 
24.784 395.0 
24.796 396.0 
24.737 397.0 
24.749 398.0 
24.656 399.0 
24.761 400.0 
24.796 401.0 
24.784 402.0 
24.796 403.0 
24.737 404.0 
24.702 405.0 
24.702 406.0 
24.737 407.0 
24.761 408.0 
24.772 409.0 
24.679 410.0 
24.737 411.0 
24.772 412.0 
24.971 413.0 
24.749 414.0 
24.726 415.0 
24.772 416.0 
24.737 417.0 
24.843 418.0 
24.749 419.0 
24.761 420.0 
24.702 421.0 
24.784 422.0 
24.761 423.0 
24.737 424.0 
24.749 425.0 
24.807 426.0 
24.749 427.0 
24.737 428.0 
24.726 429.0 
24.714 430.0 
24.761 431.0 
24.796 432.0 
24.749 433.0 
24.737 434.0 
24.749 435.0 
24.784 436.0 
24.843 437.0 
24.679 438.0 
24.761 439.0 
24.749 440.0 
24.796 441.0 
24.772 442.0 
24.749 443.0 
24.772 444.0 
24.761 445.0 
24.726 446.0 
24.796 447.0 
24.807 448.0 
24.772 449.0 
24.889 450.0 
24.761 451.0 
24.726 452.0 
24.726 453.0 
24.749 454.0 
24.772 455.0 
24.621 456.0 
24.761 457.0 
24.749 458.0 
24.784 459.0 
24.796 460.0 
24.761 461.0 
24.737 462.0 
24.761 463.0 
24.761 464.0 
24.772 465.0 
24.772 466.0 
24.772 467.0 
24.679 468.0 
24.761 469.0 
24.714 470.0 
24.796 471.0 
24.726 472.0 
24.761 473.0 
24.726 474.0 
24.807 475.0 
24.772 476.0 
24.761 477.0 
24.761 478.0 
24.761 479.0 
24.749 480.0 
24.807 481.0 
24.796 482.0 
24.784 483.0 
24.737 484.0 
24.749 485.0 
24.772 486.0 
24.702 487.0 
24.784 488.0 
24.749 489.0 
24.772 490.0 
24.772 491.0 
24.772 492.0 
24.726 493.0 
24.761 494.0 
24.761 495.0 
24.702 496.0 
24.807 497.0 
24.772 498.0 
24.714 499.0 
24.737 500.0 
24.784 501.0 
24.784 502.0 
24.749 503.0 
24.749 504.0 
24.714 505.0 
24.749 506.0 
24.387 507.0 
24.831 508.0 
24.749 509.0 
24.714 510.0 
24.737 511.0 
24.772 512.0 
24.702 513.0 
24.761 514.0 
24.749 515.0 
24.772 516.0 
24.772 517.0 
24.691 518.0 
24.702 519.0 
24.772 520.0 
24.737 521.0 
24.761 522.0 
24.714 523.0 
24.726 524.0 
24.726 525.0 
24.737 526.0 
24.714 527.0 
24.714 528.0 
24.737 529.0 
24.667 530.0 
24.714 531.0 
24.749 532.0 
24.761 533.0 
24.761 534.0 
24.761 535.0 
24.772 536.0 
24.726 537.0 
24.737 538.0 
24.737 539.0 
24.749 540.0 
24.772 541.0 
24.726 542.0 
24.784 543.0 
24.737 544.0 
24.749 545.0 
24.761 546.0 
24.772 547.0 
24.784 548.0 
24.737 549.0 
24.737 550.0 
24.504 551.0 
24.761 552.0 
24.761 553.0 
24.749 554.0 
24.726 555.0 
24.784 556.0 
24.737 557.0 
24.714 558.0 
24.317 559.0 
24.761 560.0 
24.737 561.0 
24.702 562.0 
24.772 563.0 
24.749 564.0 
24.609 565.0 
24.761 566.0 
24.784 567.0 
24.702 568.0 
24.749 569.0 
24.702 570.0 
24.737 571.0 
24.726 572.0 
24.714 573.0 
24.691 574.0 
24.714 575.0 
24.761 576.0 
24.737 577.0 
24.761 578.0 
24.784 579.0 
24.726 580.0 
24.784 581.0 
24.761 582.0 
24.737 583.0 
24.749 584.0 
24.784 585.0 
24.772 586.0 
24.737 587.0 
24.749 588.0 
24.749 589.0 
24.749 590.0 
24.737 591.0 
24.761 592.0 
24.749 593.0 
24.691 594.0 
24.737 595.0 
24.737 596.0 
24.749 597.0 
24.772 598.0 
24.726 599.0 
24.749 600.0 
24.807 601.0 
24.761 602.0 
24.761 603.0 
24.737 604.0 
24.761 605.0 
24.761 606.0 
24.737 607.0 
24.691 608.0 
24.737 609.0 
24.784 610.0 
24.749 611.0 
24.749 612.0 
24.714 613.0 
24.772 614.0 
24.726 615.0 
24.749 616.0 
24.772 617.0 
24.679 618.0 
24.761 619.0 
24.317 620.0 
24.749 621.0 
24.726 622.0 
24.714 623.0 
24.737 624.0 
24.749 625.0 
24.714 626.0 
24.784 627.0 
24.761 628.0 
24.714 629.0 
24.749 630.0 
24.772 631.0 
24.702 632.0 
24.772 633.0 
24.772 634.0 
24.749 635.0 
24.749 636.0 
24.772 637.0 
24.726 638.0 
24.726 639.0 
24.772 640.0 
24.702 641.0 
24.749 642.0 
24.726 643.0 
24.726 644.0 
24.737 645.0 
24.761 646.0 
24.772 647.0 
24.726 648.0 
24.702 649.0 
24.737 650.0 
24.714 651.0 
24.726 652.0 
24.726 653.0 
24.772 654.0 
24.702 655.0 
24.749 656.0 
24.737 657.0 
24.761 658.0 
24.737 659.0 
24.737 660.0 
24.784 661.0 
24.784 662.0 
24.702 663.0 
24.749 664.0 
24.737 665.0 
24.796 666.0 
24.749 667.0 
24.761 668.0 
24.761 669.0 
24.784 670.0 
24.714 671.0 
24.761 672.0 
24.726 673.0 
24.749 674.0 
24.726 675.0 
24.714 676.0 
24.749 677.0 
24.761 678.0 
24.737 679.0 
24.761 680.0 
24.726 681.0 
24.726 682.0 
24.761 683.0 
24.761 684.0 
24.761 685.0 
24.807 686.0 
24.737 687.0 
24.737 688.0 
24.772 689.0 
24.726 690.0 
24.772 691.0 
24.784 692.0 
24.691 693.0 
24.761 694.0 
24.737 695.0 
24.749 696.0 
24.761 697.0 
24.784 698.0 
24.574 699.0 
24.702 700.0 
24.714 701.0 
24.761 702.0 
24.761 703.0 
24.726 704.0 
24.749 705.0 
24.761 706.0 
24.714 707.0 
24.726 708.0 
24.726 709.0 
24.737 710.0 
24.737 711.0 
24.761 712.0 
24.772 713.0 
24.772 714.0 
24.539 715.0 
24.714 716.0 
24.761 717.0 
24.737 718.0 
24.749 719.0 
24.726 720.0 
24.772 721.0 
24.749 722.0 
24.749 723.0 
24.796 724.0 
24.749 725.0 
24.737 726.0 
24.714 727.0 
24.737 728.0 
24.726 729.0 
24.737 730.0 
24.702 731.0 
24.737 732.0 
24.749 733.0 
24.737 734.0 
24.784 735.0 
24.737 736.0 
24.761 737.0 
24.796 738.0 
24.13 739.0 
24.726 740.0 
24.714 741.0 
24.726 742.0 
24.737 743.0 
24.749 744.0 
24.726 745.0 
24.726 746.0 
24.726 747.0 
24.726 748.0 
24.714 749.0 
24.714 750.0 
24.772 751.0 
24.749 752.0 
24.749 753.0 
24.737 754.0 
24.726 755.0 
24.749 756.0 
24.761 757.0 
24.761 758.0 
24.737 759.0 
24.714 760.0 
24.749 761.0 
24.761 762.0 
24.761 763.0 
24.761 764.0 
24.737 765.0 
24.749 766.0 
24.784 767.0 
24.749 768.0 
24.749 769.0 
24.737 770.0 
24.761 771.0 
24.761 772.0 
24.761 773.0 
24.749 774.0 
24.749 775.0 
24.749 776.0 
24.761 777.0 
24.726 778.0 
24.737 779.0 
24.761 780.0 
24.749 781.0 
24.761 782.0 
24.772 783.0 
24.761 784.0 
24.737 785.0 
24.726 786.0 
24.749 787.0 
24.714 788.0 
24.726 789.0 
24.737 790.0 
24.737 791.0 
24.714 792.0 
24.737 793.0 
24.749 794.0 
24.761 795.0 
24.714 796.0 
24.761 797.0 
24.726 798.0 
24.761 799.0 
24.772 800.0 
24.737 801.0 
24.761 802.0 
24.761 803.0 
24.761 804.0 
-0.001 805.0 
-0.006 806.0 
0.001 807.0 
-0.002 808.0 
-0.004 809.0 
-0.011 810.0 
-0.022 811.0 
-0.01 812.0 
-0.016 813.0 
-0.018 814.0 
-0.017 815.0 
-0.023 816.0 
-0.014 817.0 
-0.017 818.0 
-0.017 819.0 
-0.025 820.0 
-0.028 821.0 
-0.024 822.0 
-0.023 823.0 
-0.018 824.0 
-0.02 825.0 
-0.018 826.0 
-0.017 827.0 
-0.017 828.0 
-0.022 829.0 
