-0.037 257.0 
-0.042 258.0 
-0.034 259.0 
-0.035 260.0 
-0.047 261.0 
-0.031 262.0 
-0.035 263.0 
-0.03 264.0 
-0.034 265.0 
-0.017 266.0 
-0.011 267.0 
-0.018 268.0 
-0.032 269.0 
-0.037 270.0 
-0.04 271.0 
-0.02 272.0 
-0.013 273.0 
-0.032 274.0 
125.684 275.0 
124.423 276.0 
123.921 277.0 
123.418 278.0 
122.975 279.0 
122.379 280.0 
121.76 281.0 
120.966 282.0 
120.172 283.0 
119.517 284.0 
119.389 285.0 
119.319 286.0 
119.389 287.0 
119.342 288.0 
119.296 289.0 
119.249 290.0 
118.91 291.0 
118.933 292.0 
118.945 293.0 
118.992 294.0 
118.63 295.0 
118.665 296.0 
118.782 297.0 
118.443 298.0 
118.42 299.0 
118.49 300.0 
118.093 301.0 
118.198 302.0 
117.801 303.0 
117.812 304.0 
117.824 305.0 
116.96 306.0 
114.822 307.0 
111.167 308.0 
107.195 309.0 
101.905 310.0 
95.843 311.0 
87.118 312.0 
76.501 313.0 
64.226 314.0 
52.675 315.0 
42.093 316.0 
33.626 317.0 
26.63 318.0 
25.952 319.0 
25.789 320.0 
24.994 321.0 
25.777 322.0 
25.754 323.0 
25.777 324.0 
25.754 325.0 
26.034 326.0 
25.789 327.0 
25.73 328.0 
25.777 329.0 
25.742 330.0 
25.707 331.0 
25.777 332.0 
25.8 333.0 
25.73 334.0 
26.162 335.0 
25.742 336.0 
25.789 337.0 
25.754 338.0 
25.742 339.0 
25.73 340.0 
25.742 341.0 
25.777 342.0 
25.8 343.0 
25.73 344.0 
25.777 345.0 
25.777 346.0 
25.707 347.0 
25.777 348.0 
25.765 349.0 
25.765 350.0 
25.742 351.0 
25.754 352.0 
25.765 353.0 
24.679 354.0 
25.824 355.0 
25.765 356.0 
25.812 357.0 
25.754 358.0 
25.789 359.0 
25.73 360.0 
25.73 361.0 
25.73 362.0 
25.754 363.0 
25.719 364.0 
25.754 365.0 
25.765 366.0 
25.777 367.0 
25.742 368.0 
25.719 369.0 
25.754 370.0 
25.742 371.0 
25.789 372.0 
25.777 373.0 
25.789 374.0 
25.789 375.0 
25.777 376.0 
25.532 377.0 
25.765 378.0 
25.719 379.0 
25.754 380.0 
25.765 381.0 
25.824 382.0 
25.707 383.0 
25.765 384.0 
25.765 385.0 
25.789 386.0 
25.637 387.0 
25.754 388.0 
25.8 389.0 
25.777 390.0 
25.789 391.0 
25.765 392.0 
25.812 393.0 
25.719 394.0 
25.754 395.0 
25.777 396.0 
25.707 397.0 
25.765 398.0 
25.672 399.0 
25.742 400.0 
25.765 401.0 
25.765 402.0 
25.8 403.0 
25.719 404.0 
25.742 405.0 
25.765 406.0 
25.765 407.0 
25.777 408.0 
25.765 409.0 
25.719 410.0 
25.742 411.0 
25.754 412.0 
25.824 413.0 
25.789 414.0 
25.672 415.0 
25.765 416.0 
25.742 417.0 
25.987 418.0 
25.754 419.0 
25.73 420.0 
25.683 421.0 
25.742 422.0 
25.765 423.0 
25.742 424.0 
25.707 425.0 
25.765 426.0 
25.789 427.0 
25.777 428.0 
25.66 429.0 
25.777 430.0 
25.789 431.0 
25.777 432.0 
25.8 433.0 
25.73 434.0 
25.742 435.0 
25.789 436.0 
25.987 437.0 
25.742 438.0 
25.719 439.0 
25.719 440.0 
25.754 441.0 
25.754 442.0 
25.754 443.0 
25.765 444.0 
25.777 445.0 
25.789 446.0 
25.777 447.0 
25.8 448.0 
25.754 449.0 
25.754 450.0 
25.73 451.0 
25.742 452.0 
25.789 453.0 
25.695 454.0 
25.754 455.0 
25.789 456.0 
25.754 457.0 
25.742 458.0 
25.765 459.0 
25.777 460.0 
25.719 461.0 
25.719 462.0 
25.8 463.0 
25.765 464.0 
25.835 465.0 
25.789 466.0 
25.789 467.0 
25.52 468.0 
25.789 469.0 
25.754 470.0 
25.882 471.0 
25.754 472.0 
25.835 473.0 
25.789 474.0 
25.8 475.0 
25.765 476.0 
25.73 477.0 
25.73 478.0 
25.73 479.0 
25.754 480.0 
25.789 481.0 
25.765 482.0 
25.8 483.0 
25.742 484.0 
25.8 485.0 
25.754 486.0 
25.73 487.0 
25.777 488.0 
25.777 489.0 
25.742 490.0 
25.765 491.0 
25.859 492.0 
25.765 493.0 
25.777 494.0 
25.754 495.0 
25.754 496.0 
25.8 497.0 
25.777 498.0 
25.719 499.0 
25.683 500.0 
25.789 501.0 
25.777 502.0 
25.73 503.0 
25.742 504.0 
25.777 505.0 
25.777 506.0 
25.181 507.0 
25.812 508.0 
25.742 509.0 
25.765 510.0 
25.789 511.0 
25.8 512.0 
25.765 513.0 
25.742 514.0 
25.765 515.0 
25.789 516.0 
25.789 517.0 
25.672 518.0 
25.683 519.0 
25.719 520.0 
25.719 521.0 
25.719 522.0 
25.707 523.0 
25.719 524.0 
25.73 525.0 
25.742 526.0 
25.73 527.0 
25.73 528.0 
25.707 529.0 
25.683 530.0 
25.754 531.0 
25.789 532.0 
25.789 533.0 
25.742 534.0 
25.765 535.0 
25.765 536.0 
25.754 537.0 
25.742 538.0 
25.707 539.0 
25.73 540.0 
25.765 541.0 
25.742 542.0 
25.719 543.0 
25.742 544.0 
25.73 545.0 
25.73 546.0 
25.789 547.0 
25.765 548.0 
25.73 549.0 
25.73 550.0 
25.543 551.0 
25.754 552.0 
25.765 553.0 
25.742 554.0 
25.73 555.0 
25.765 556.0 
25.719 557.0 
25.742 558.0 
25.24 559.0 
25.707 560.0 
25.73 561.0 
25.637 562.0 
25.73 563.0 
25.754 564.0 
25.648 565.0 
25.789 566.0 
25.8 567.0 
25.742 568.0 
25.73 569.0 
25.765 570.0 
25.765 571.0 
25.719 572.0 
25.777 573.0 
25.742 574.0 
25.707 575.0 
25.754 576.0 
25.754 577.0 
25.742 578.0 
25.73 579.0 
25.742 580.0 
25.742 581.0 
25.73 582.0 
25.695 583.0 
25.765 584.0 
25.8 585.0 
25.777 586.0 
25.73 587.0 
25.742 588.0 
25.754 589.0 
25.789 590.0 
25.707 591.0 
25.777 592.0 
25.765 593.0 
25.695 594.0 
25.754 595.0 
25.73 596.0 
25.707 597.0 
25.73 598.0 
25.73 599.0 
25.754 600.0 
25.765 601.0 
25.73 602.0 
25.777 603.0 
25.754 604.0 
25.789 605.0 
25.73 606.0 
25.789 607.0 
25.719 608.0 
25.765 609.0 
25.777 610.0 
25.742 611.0 
25.765 612.0 
25.742 613.0 
25.789 614.0 
25.742 615.0 
25.73 616.0 
25.742 617.0 
25.754 618.0 
25.777 619.0 
25.064 620.0 
25.754 621.0 
25.742 622.0 
25.695 623.0 
25.73 624.0 
25.765 625.0 
25.707 626.0 
25.765 627.0 
25.789 628.0 
25.719 629.0 
25.742 630.0 
25.765 631.0 
25.73 632.0 
25.742 633.0 
25.789 634.0 
25.719 635.0 
25.742 636.0 
25.754 637.0 
25.719 638.0 
25.73 639.0 
25.777 640.0 
25.742 641.0 
25.742 642.0 
25.73 643.0 
25.742 644.0 
25.754 645.0 
25.754 646.0 
25.812 647.0 
25.742 648.0 
25.719 649.0 
25.765 650.0 
25.742 651.0 
25.765 652.0 
25.754 653.0 
25.765 654.0 
25.742 655.0 
25.73 656.0 
25.707 657.0 
25.765 658.0 
25.719 659.0 
25.765 660.0 
25.765 661.0 
25.754 662.0 
25.707 663.0 
25.719 664.0 
25.754 665.0 
25.8 666.0 
25.73 667.0 
25.765 668.0 
25.742 669.0 
25.789 670.0 
25.73 671.0 
25.742 672.0 
25.789 673.0 
25.765 674.0 
25.777 675.0 
25.754 676.0 
25.742 677.0 
25.765 678.0 
25.754 679.0 
25.765 680.0 
25.707 681.0 
25.707 682.0 
25.719 683.0 
25.754 684.0 
25.777 685.0 
25.789 686.0 
25.742 687.0 
25.742 688.0 
25.754 689.0 
25.742 690.0 
25.8 691.0 
25.8 692.0 
25.719 693.0 
25.719 694.0 
25.754 695.0 
25.765 696.0 
25.765 697.0 
25.695 698.0 
25.368 699.0 
25.719 700.0 
25.719 701.0 
25.707 702.0 
25.73 703.0 
25.707 704.0 
25.777 705.0 
25.777 706.0 
25.73 707.0 
25.742 708.0 
25.719 709.0 
25.742 710.0 
25.742 711.0 
25.765 712.0 
25.789 713.0 
25.8 714.0 
25.765 715.0 
25.73 716.0 
25.707 717.0 
25.754 718.0 
25.754 719.0 
25.754 720.0 
25.754 721.0 
25.742 722.0 
25.765 723.0 
25.754 724.0 
25.8 725.0 
25.742 726.0 
25.73 727.0 
25.765 728.0 
25.754 729.0 
25.754 730.0 
25.765 731.0 
25.754 732.0 
25.777 733.0 
25.765 734.0 
25.754 735.0 
25.789 736.0 
25.765 737.0 
25.824 738.0 
25.181 739.0 
25.695 740.0 
25.719 741.0 
25.73 742.0 
25.73 743.0 
25.719 744.0 
25.73 745.0 
25.754 746.0 
25.754 747.0 
25.73 748.0 
25.73 749.0 
25.765 750.0 
25.742 751.0 
25.742 752.0 
25.754 753.0 
25.719 754.0 
25.742 755.0 
25.707 756.0 
25.765 757.0 
25.789 758.0 
25.754 759.0 
25.73 760.0 
25.742 761.0 
25.754 762.0 
25.777 763.0 
25.742 764.0 
25.777 765.0 
25.765 766.0 
25.789 767.0 
25.789 768.0 
25.765 769.0 
25.742 770.0 
25.73 771.0 
25.765 772.0 
25.765 773.0 
25.789 774.0 
25.777 775.0 
25.742 776.0 
25.777 777.0 
25.765 778.0 
25.73 779.0 
25.742 780.0 
25.73 781.0 
25.754 782.0 
25.777 783.0 
25.719 784.0 
25.742 785.0 
25.742 786.0 
25.765 787.0 
25.754 788.0 
25.754 789.0 
25.742 790.0 
25.73 791.0 
25.742 792.0 
25.777 793.0 
25.765 794.0 
25.73 795.0 
25.765 796.0 
25.754 797.0 
25.777 798.0 
25.73 799.0 
25.765 800.0 
25.765 801.0 
25.73 802.0 
25.754 803.0 
25.73 804.0 
0.002 805.0 
-0.01 806.0 
-0.005 807.0 
-0.004 808.0 
-0.008 809.0 
-0.005 810.0 
-0.007 811.0 
-0.008 812.0 
-0.006 813.0 
-0.014 814.0 
-0.017 815.0 
-0.016 816.0 
-0.02 817.0 
-0.024 818.0 
-0.026 819.0 
-0.023 820.0 
-0.029 821.0 
-0.024 822.0 
-0.026 823.0 
-0.023 824.0 
-0.025 825.0 
-0.019 826.0 
-0.017 827.0 
-0.016 828.0 
-0.018 829.0 
