-0.038 257.0 
-0.019 258.0 
-0.044 259.0 
-0.041 260.0 
-0.042 261.0 
-0.038 262.0 
-0.043 263.0 
-0.034 264.0 
-0.048 265.0 
-0.04 266.0 
-0.026 267.0 
-0.03 268.0 
-0.025 269.0 
-0.046 270.0 
-0.047 271.0 
-0.032 272.0 
-0.023 273.0 
-0.042 274.0 
150.749 275.0 
147.712 276.0 
146.579 277.0 
144.944 278.0 
143.227 279.0 
140.716 280.0 
138.625 281.0 
136.067 282.0 
132.073 283.0 
130.438 284.0 
129.994 285.0 
129.632 286.0 
129.422 287.0 
129.176 288.0 
128.931 289.0 
128.265 290.0 
128.067 291.0 
127.833 292.0 
127.658 293.0 
127.541 294.0 
126.981 295.0 
126.841 296.0 
126.771 297.0 
126.222 298.0 
126.011 299.0 
126.023 300.0 
125.451 301.0 
125.416 302.0 
124.913 303.0 
124.878 304.0 
124.797 305.0 
124.119 306.0 
122.916 307.0 
120.545 308.0 
117.754 309.0 
113.853 310.0 
109.847 311.0 
105.747 312.0 
101.694 313.0 
97.408 314.0 
93.495 315.0 
89.454 316.0 
85.717 317.0 
82.773 318.0 
82.633 319.0 
82.365 320.0 
82.236 321.0 
82.201 322.0 
82.073 323.0 
82.178 324.0 
82.061 325.0 
81.944 326.0 
82.073 327.0 
82.026 328.0 
82.189 329.0 
82.084 330.0 
82.038 331.0 
82.096 332.0 
82.131 333.0 
82.026 334.0 
82.073 335.0 
82.119 336.0 
82.119 337.0 
81.991 338.0 
82.154 339.0 
82.038 340.0 
82.038 341.0 
82.014 342.0 
81.5 343.0 
82.038 344.0 
82.038 345.0 
81.991 346.0 
82.003 347.0 
82.049 348.0 
82.073 349.0 
82.038 350.0 
81.979 351.0 
82.049 352.0 
82.003 353.0 
81.886 354.0 
82.108 355.0 
82.061 356.0 
82.108 357.0 
82.049 358.0 
82.119 359.0 
82.073 360.0 
82.119 361.0 
81.991 362.0 
82.073 363.0 
82.014 364.0 
82.026 365.0 
82.038 366.0 
82.038 367.0 
82.014 368.0 
82.014 369.0 
82.026 370.0 
82.026 371.0 
82.073 372.0 
82.084 373.0 
82.061 374.0 
82.084 375.0 
82.306 376.0 
81.956 377.0 
82.026 378.0 
82.026 379.0 
82.026 380.0 
82.049 381.0 
82.119 382.0 
82.038 383.0 
81.991 384.0 
82.003 385.0 
82.108 386.0 
82.003 387.0 
82.003 388.0 
82.073 389.0 
82.026 390.0 
82.026 391.0 
82.014 392.0 
82.073 393.0 
81.932 394.0 
82.038 395.0 
82.108 396.0 
81.968 397.0 
82.038 398.0 
81.979 399.0 
81.979 400.0 
82.096 401.0 
82.038 402.0 
82.154 403.0 
82.049 404.0 
82.026 405.0 
81.991 406.0 
82.026 407.0 
82.014 408.0 
82.038 409.0 
81.956 410.0 
82.003 411.0 
82.119 412.0 
82.551 413.0 
82.096 414.0 
81.979 415.0 
82.049 416.0 
82.003 417.0 
82.096 418.0 
82.061 419.0 
81.968 420.0 
82.026 421.0 
82.061 422.0 
82.108 423.0 
81.991 424.0 
82.003 425.0 
82.084 426.0 
82.084 427.0 
82.014 428.0 
82.003 429.0 
82.003 430.0 
82.049 431.0 
82.073 432.0 
82.061 433.0 
81.944 434.0 
81.979 435.0 
82.003 436.0 
82.073 437.0 
81.944 438.0 
81.932 439.0 
81.991 440.0 
82.014 441.0 
82.003 442.0 
82.014 443.0 
82.014 444.0 
82.014 445.0 
81.991 446.0 
82.096 447.0 
82.096 448.0 
82.061 449.0 
82.283 450.0 
81.979 451.0 
82.003 452.0 
81.991 453.0 
81.944 454.0 
82.038 455.0 
82.038 456.0 
81.979 457.0 
81.979 458.0 
82.049 459.0 
82.073 460.0 
82.003 461.0 
81.991 462.0 
82.073 463.0 
82.061 464.0 
82.049 465.0 
82.084 466.0 
82.014 467.0 
81.968 468.0 
82.038 469.0 
82.014 470.0 
81.979 471.0 
82.003 472.0 
81.968 473.0 
82.038 474.0 
82.096 475.0 
82.014 476.0 
81.956 477.0 
82.014 478.0 
81.932 479.0 
82.038 480.0 
82.061 481.0 
82.003 482.0 
82.108 483.0 
82.003 484.0 
82.038 485.0 
81.979 486.0 
81.991 487.0 
82.084 488.0 
82.026 489.0 
81.979 490.0 
82.038 491.0 
82.003 492.0 
81.991 493.0 
82.049 494.0 
81.968 495.0 
81.921 496.0 
82.014 497.0 
82.061 498.0 
81.921 499.0 
81.944 500.0 
82.014 501.0 
82.061 502.0 
81.909 503.0 
81.944 504.0 
81.979 505.0 
82.003 506.0 
81.991 507.0 
82.061 508.0 
81.921 509.0 
81.944 510.0 
81.932 511.0 
81.932 512.0 
82.014 513.0 
81.979 514.0 
82.026 515.0 
82.014 516.0 
82.131 517.0 
81.839 518.0 
81.839 519.0 
81.839 520.0 
81.886 521.0 
81.909 522.0 
81.909 523.0 
81.874 524.0 
81.874 525.0 
81.851 526.0 
81.862 527.0 
81.851 528.0 
81.839 529.0 
81.757 530.0 
81.769 531.0 
81.909 532.0 
81.874 533.0 
81.792 534.0 
81.816 535.0 
81.781 536.0 
81.699 537.0 
81.652 538.0 
81.617 539.0 
81.559 540.0 
81.699 541.0 
81.57 542.0 
81.594 543.0 
81.512 544.0 
81.419 545.0 
81.419 546.0 
81.547 547.0 
81.477 548.0 
81.43 549.0 
81.384 550.0 
81.325 551.0 
81.419 552.0 
81.372 553.0 
81.313 554.0 
81.29 555.0 
81.43 556.0 
81.348 557.0 
81.337 558.0 
80.963 559.0 
81.36 560.0 
81.348 561.0 
81.29 562.0 
81.395 563.0 
81.325 564.0 
81.278 565.0 
81.407 566.0 
81.372 567.0 
81.29 568.0 
81.372 569.0 
81.325 570.0 
81.465 571.0 
81.348 572.0 
81.302 573.0 
81.372 574.0 
81.313 575.0 
81.734 576.0 
81.36 577.0 
81.325 578.0 
81.454 579.0 
81.384 580.0 
81.454 581.0 
81.384 582.0 
81.454 583.0 
81.419 584.0 
81.021 585.0 
81.442 586.0 
81.313 587.0 
81.465 588.0 
81.337 589.0 
81.43 590.0 
81.337 591.0 
81.43 592.0 
81.302 593.0 
81.384 594.0 
81.302 595.0 
81.36 596.0 
81.325 597.0 
81.419 598.0 
81.302 599.0 
81.36 600.0 
81.5 601.0 
81.372 602.0 
81.454 603.0 
81.384 604.0 
81.465 605.0 
81.337 606.0 
81.442 607.0 
81.36 608.0 
81.407 609.0 
81.43 610.0 
81.36 611.0 
81.43 612.0 
81.325 613.0 
81.407 614.0 
81.267 615.0 
81.337 616.0 
81.454 617.0 
81.208 618.0 
81.407 619.0 
81.15 620.0 
81.372 621.0 
81.419 622.0 
81.313 623.0 
81.407 624.0 
81.465 625.0 
81.325 626.0 
81.407 627.0 
81.477 628.0 
81.337 629.0 
81.419 630.0 
81.477 631.0 
81.302 632.0 
81.407 633.0 
81.687 634.0 
81.337 635.0 
81.419 636.0 
81.454 637.0 
81.325 638.0 
81.395 639.0 
81.442 640.0 
81.36 641.0 
81.348 642.0 
81.407 643.0 
81.325 644.0 
81.348 645.0 
81.442 646.0 
81.465 647.0 
81.337 648.0 
81.36 649.0 
81.43 650.0 
81.278 651.0 
81.278 652.0 
81.384 653.0 
81.43 654.0 
81.278 655.0 
81.313 656.0 
81.395 657.0 
81.43 658.0 
81.302 659.0 
81.384 660.0 
81.384 661.0 
81.43 662.0 
81.313 663.0 
81.372 664.0 
81.454 665.0 
81.454 666.0 
81.337 667.0 
81.395 668.0 
81.43 669.0 
81.454 670.0 
81.313 671.0 
81.313 672.0 
81.395 673.0 
81.419 674.0 
81.419 675.0 
81.29 676.0 
81.348 677.0 
81.395 678.0 
81.407 679.0 
81.465 680.0 
81.302 681.0 
81.337 682.0 
81.384 683.0 
81.43 684.0 
81.419 685.0 
81.477 686.0 
81.243 687.0 
81.36 688.0 
81.372 689.0 
81.395 690.0 
81.43 691.0 
81.477 692.0 
81.302 693.0 
81.325 694.0 
81.348 695.0 
81.372 696.0 
81.348 697.0 
81.43 698.0 
81.232 699.0 
81.29 700.0 
81.36 701.0 
81.337 702.0 
81.407 703.0 
81.43 704.0 
81.454 705.0 
81.465 706.0 
81.278 707.0 
81.29 708.0 
81.313 709.0 
81.348 710.0 
81.395 711.0 
81.407 712.0 
81.454 713.0 
81.43 714.0 
81.267 715.0 
81.337 716.0 
81.278 717.0 
81.313 718.0 
81.337 719.0 
81.395 720.0 
81.395 721.0 
81.419 722.0 
81.43 723.0 
81.454 724.0 
81.454 725.0 
81.29 726.0 
81.29 727.0 
81.313 728.0 
81.348 729.0 
81.36 730.0 
81.348 731.0 
81.372 732.0 
81.407 733.0 
81.43 734.0 
81.407 735.0 
81.348 736.0 
81.407 737.0 
81.442 738.0 
81.267 739.0 
81.255 740.0 
81.29 741.0 
81.302 742.0 
81.313 743.0 
81.325 744.0 
81.325 745.0 
81.337 746.0 
81.325 747.0 
81.325 748.0 
81.36 749.0 
81.313 750.0 
81.36 751.0 
81.384 752.0 
81.36 753.0 
81.348 754.0 
81.337 755.0 
81.348 756.0 
81.384 757.0 
81.36 758.0 
81.36 759.0 
81.407 760.0 
81.372 761.0 
81.372 762.0 
81.36 763.0 
81.407 764.0 
81.395 765.0 
81.442 766.0 
81.43 767.0 
81.395 768.0 
81.407 769.0 
81.372 770.0 
81.384 771.0 
81.372 772.0 
81.43 773.0 
81.395 774.0 
81.384 775.0 
81.384 776.0 
81.372 777.0 
81.384 778.0 
81.36 779.0 
81.36 780.0 
81.407 781.0 
81.407 782.0 
81.384 783.0 
81.384 784.0 
81.384 785.0 
81.395 786.0 
81.384 787.0 
81.372 788.0 
81.395 789.0 
81.384 790.0 
81.419 791.0 
81.372 792.0 
81.384 793.0 
81.384 794.0 
81.348 795.0 
81.384 796.0 
81.384 797.0 
81.36 798.0 
81.36 799.0 
81.384 800.0 
81.384 801.0 
81.384 802.0 
81.372 803.0 
81.407 804.0 
0.006 805.0 
0.01 806.0 
-0.004 807.0 
-0.005 808.0 
-0.002 809.0 
-0.016 810.0 
-0.014 811.0 
-0.022 812.0 
-0.026 813.0 
-0.023 814.0 
-0.035 815.0 
-0.03 816.0 
-0.037 817.0 
-0.032 818.0 
-0.037 819.0 
-0.036 820.0 
-0.03 821.0 
-0.04 822.0 
-0.028 823.0 
-0.024 824.0 
-0.023 825.0 
-0.024 826.0 
-0.024 827.0 
-0.022 828.0 
-0.018 829.0 
