-0.035 257.0 
-0.024 258.0 
-0.007 259.0 
-0.031 260.0 
-0.05 261.0 
-0.014 262.0 
-0.032 263.0 
-0.013 264.0 
-0.011 265.0 
-0.034 266.0 
-0.034 267.0 
-0.044 268.0 
-0.029 269.0 
-0.028 270.0 
-0.044 271.0 
-0.032 272.0 
-0.036 273.0 
-0.031 274.0 
149.044 275.0 
146.287 276.0 
145.166 277.0 
143.636 278.0 
141.989 279.0 
140.097 280.0 
138.462 281.0 
136.231 282.0 
132.984 283.0 
131.886 284.0 
131.466 285.0 
131.115 286.0 
130.893 287.0 
130.59 288.0 
130.309 289.0 
129.831 290.0 
129.457 291.0 
129.2 292.0 
128.966 293.0 
128.873 294.0 
128.277 295.0 
128.079 296.0 
128.032 297.0 
127.46 298.0 
127.354 299.0 
127.273 300.0 
126.747 301.0 
126.7 302.0 
126.257 303.0 
126.163 304.0 
126.151 305.0 
125.544 306.0 
124.4 307.0 
122.064 308.0 
119.307 309.0 
115.441 310.0 
111.342 311.0 
106.95 312.0 
102.746 313.0 
98.482 314.0 
94.558 315.0 
90.564 316.0 
87.06 317.0 
84.093 318.0 
83.369 319.0 
83.766 320.0 
83.579 321.0 
83.579 322.0 
83.463 323.0 
83.521 324.0 
83.427 325.0 
83.322 326.0 
83.439 327.0 
83.357 328.0 
83.556 329.0 
83.474 330.0 
83.392 331.0 
83.474 332.0 
83.486 333.0 
83.392 334.0 
83.521 335.0 
83.439 336.0 
83.486 337.0 
83.381 338.0 
83.568 339.0 
83.451 340.0 
83.381 341.0 
83.369 342.0 
83.591 343.0 
83.427 344.0 
83.404 345.0 
83.334 346.0 
83.322 347.0 
83.474 348.0 
83.427 349.0 
83.392 350.0 
83.369 351.0 
83.439 352.0 
83.416 353.0 
83.322 354.0 
83.474 355.0 
83.427 356.0 
83.486 357.0 
83.416 358.0 
83.498 359.0 
83.427 360.0 
83.439 361.0 
83.369 362.0 
83.404 363.0 
83.346 364.0 
83.381 365.0 
83.369 366.0 
83.427 367.0 
83.357 368.0 
83.392 369.0 
83.381 370.0 
83.427 371.0 
83.486 372.0 
83.463 373.0 
83.486 374.0 
83.509 375.0 
83.509 376.0 
83.322 377.0 
83.404 378.0 
83.427 379.0 
83.427 380.0 
83.381 381.0 
83.498 382.0 
83.369 383.0 
83.404 384.0 
83.392 385.0 
83.463 386.0 
83.357 387.0 
83.334 388.0 
83.427 389.0 
83.439 390.0 
83.392 391.0 
83.416 392.0 
83.474 393.0 
83.346 394.0 
83.416 395.0 
83.509 396.0 
83.381 397.0 
83.463 398.0 
83.369 399.0 
83.369 400.0 
83.486 401.0 
83.439 402.0 
83.474 403.0 
83.451 404.0 
83.381 405.0 
83.311 406.0 
83.404 407.0 
83.369 408.0 
83.404 409.0 
83.357 410.0 
83.392 411.0 
83.463 412.0 
83.86 413.0 
83.451 414.0 
83.381 415.0 
83.439 416.0 
83.369 417.0 
83.474 418.0 
83.474 419.0 
83.357 420.0 
83.392 421.0 
83.427 422.0 
83.451 423.0 
83.392 424.0 
83.369 425.0 
83.439 426.0 
83.463 427.0 
83.322 428.0 
83.381 429.0 
83.381 430.0 
83.416 431.0 
83.427 432.0 
83.439 433.0 
83.334 434.0 
83.381 435.0 
83.381 436.0 
83.416 437.0 
83.346 438.0 
83.346 439.0 
83.392 440.0 
83.369 441.0 
83.381 442.0 
83.381 443.0 
83.369 444.0 
83.346 445.0 
83.334 446.0 
83.474 447.0 
83.451 448.0 
83.404 449.0 
83.731 450.0 
83.381 451.0 
83.357 452.0 
83.334 453.0 
83.311 454.0 
83.451 455.0 
83.381 456.0 
83.369 457.0 
83.346 458.0 
83.451 459.0 
83.474 460.0 
83.381 461.0 
83.369 462.0 
83.474 463.0 
83.427 464.0 
83.416 465.0 
83.463 466.0 
83.381 467.0 
83.311 468.0 
83.404 469.0 
83.369 470.0 
83.357 471.0 
83.404 472.0 
83.474 473.0 
83.416 474.0 
83.463 475.0 
83.381 476.0 
83.311 477.0 
83.392 478.0 
83.322 479.0 
83.404 480.0 
83.451 481.0 
83.369 482.0 
83.474 483.0 
83.369 484.0 
83.404 485.0 
83.287 486.0 
83.322 487.0 
83.427 488.0 
83.357 489.0 
83.381 490.0 
83.439 491.0 
83.392 492.0 
83.381 493.0 
83.439 494.0 
83.334 495.0 
83.287 496.0 
83.416 497.0 
83.427 498.0 
83.311 499.0 
83.357 500.0 
83.381 501.0 
83.427 502.0 
83.299 503.0 
83.322 504.0 
83.357 505.0 
83.357 506.0 
83.311 507.0 
83.404 508.0 
83.276 509.0 
83.299 510.0 
83.334 511.0 
83.346 512.0 
83.381 513.0 
83.381 514.0 
83.416 515.0 
83.416 516.0 
83.427 517.0 
83.159 518.0 
83.241 519.0 
83.299 520.0 
83.252 521.0 
83.252 522.0 
83.241 523.0 
83.252 524.0 
83.264 525.0 
83.217 526.0 
83.217 527.0 
83.147 528.0 
83.194 529.0 
83.135 530.0 
83.135 531.0 
83.287 532.0 
83.252 533.0 
83.194 534.0 
83.171 535.0 
83.159 536.0 
83.1 537.0 
82.995 538.0 
82.984 539.0 
82.949 540.0 
83.054 541.0 
82.902 542.0 
82.925 543.0 
82.89 544.0 
82.855 545.0 
82.797 546.0 
82.879 547.0 
82.843 548.0 
82.773 549.0 
82.727 550.0 
82.715 551.0 
82.797 552.0 
82.797 553.0 
82.727 554.0 
82.703 555.0 
82.832 556.0 
82.738 557.0 
82.692 558.0 
82.4 559.0 
82.785 560.0 
82.703 561.0 
82.692 562.0 
82.773 563.0 
82.692 564.0 
82.598 565.0 
82.75 566.0 
82.773 567.0 
82.645 568.0 
82.727 569.0 
82.692 570.0 
82.797 571.0 
82.762 572.0 
82.645 573.0 
82.75 574.0 
82.692 575.0 
82.843 576.0 
82.703 577.0 
82.715 578.0 
82.832 579.0 
82.773 580.0 
82.832 581.0 
82.762 582.0 
82.762 583.0 
82.785 584.0 
82.879 585.0 
82.762 586.0 
82.703 587.0 
82.808 588.0 
82.68 589.0 
82.773 590.0 
82.692 591.0 
82.773 592.0 
82.715 593.0 
82.738 594.0 
82.715 595.0 
82.75 596.0 
82.727 597.0 
82.773 598.0 
82.703 599.0 
82.797 600.0 
82.867 601.0 
82.773 602.0 
82.843 603.0 
82.738 604.0 
82.855 605.0 
82.727 606.0 
82.808 607.0 
82.692 608.0 
82.75 609.0 
82.832 610.0 
82.75 611.0 
82.843 612.0 
82.738 613.0 
82.797 614.0 
82.703 615.0 
82.75 616.0 
82.832 617.0 
82.68 618.0 
82.797 619.0 
82.563 620.0 
82.75 621.0 
82.785 622.0 
82.692 623.0 
82.727 624.0 
82.832 625.0 
82.68 626.0 
82.785 627.0 
82.808 628.0 
82.715 629.0 
82.773 630.0 
82.867 631.0 
82.727 632.0 
82.797 633.0 
82.855 634.0 
82.692 635.0 
82.808 636.0 
82.867 637.0 
82.727 638.0 
82.808 639.0 
82.855 640.0 
82.703 641.0 
82.738 642.0 
82.808 643.0 
82.68 644.0 
82.727 645.0 
82.808 646.0 
82.832 647.0 
82.68 648.0 
82.727 649.0 
82.797 650.0 
82.657 651.0 
82.692 652.0 
82.785 653.0 
82.843 654.0 
82.68 655.0 
82.703 656.0 
82.762 657.0 
82.808 658.0 
82.738 659.0 
82.785 660.0 
82.808 661.0 
82.808 662.0 
82.692 663.0 
82.75 664.0 
82.797 665.0 
82.843 666.0 
82.68 667.0 
82.762 668.0 
82.773 669.0 
82.832 670.0 
82.68 671.0 
82.727 672.0 
82.75 673.0 
82.808 674.0 
82.762 675.0 
82.68 676.0 
82.75 677.0 
82.75 678.0 
82.797 679.0 
82.843 680.0 
82.68 681.0 
82.703 682.0 
82.762 683.0 
82.785 684.0 
82.832 685.0 
82.855 686.0 
82.657 687.0 
82.727 688.0 
82.738 689.0 
82.797 690.0 
82.808 691.0 
82.832 692.0 
82.657 693.0 
82.727 694.0 
82.715 695.0 
82.762 696.0 
82.738 697.0 
82.832 698.0 
82.587 699.0 
82.692 700.0 
82.703 701.0 
82.727 702.0 
82.738 703.0 
82.762 704.0 
82.715 705.0 
82.843 706.0 
82.668 707.0 
82.703 708.0 
82.738 709.0 
82.727 710.0 
82.738 711.0 
82.773 712.0 
82.82 713.0 
82.843 714.0 
82.61 715.0 
82.692 716.0 
82.633 717.0 
82.703 718.0 
82.738 719.0 
82.785 720.0 
82.762 721.0 
82.808 722.0 
82.785 723.0 
82.82 724.0 
82.82 725.0 
82.633 726.0 
82.668 727.0 
82.68 728.0 
82.715 729.0 
82.727 730.0 
82.738 731.0 
82.785 732.0 
82.762 733.0 
82.785 734.0 
82.785 735.0 
82.797 736.0 
82.832 737.0 
82.867 738.0 
82.622 739.0 
82.668 740.0 
82.668 741.0 
82.657 742.0 
82.657 743.0 
82.692 744.0 
82.668 745.0 
82.692 746.0 
82.68 747.0 
82.692 748.0 
82.703 749.0 
82.715 750.0 
82.715 751.0 
82.703 752.0 
82.727 753.0 
82.75 754.0 
82.762 755.0 
82.727 756.0 
82.75 757.0 
82.785 758.0 
82.773 759.0 
82.762 760.0 
82.762 761.0 
82.785 762.0 
82.773 763.0 
82.773 764.0 
82.773 765.0 
82.727 766.0 
82.762 767.0 
82.797 768.0 
82.773 769.0 
82.727 770.0 
82.762 771.0 
82.808 772.0 
82.773 773.0 
82.785 774.0 
82.762 775.0 
82.773 776.0 
82.797 777.0 
82.762 778.0 
82.808 779.0 
82.797 780.0 
82.785 781.0 
82.785 782.0 
82.727 783.0 
82.773 784.0 
82.762 785.0 
82.75 786.0 
82.762 787.0 
82.75 788.0 
82.762 789.0 
82.738 790.0 
82.773 791.0 
82.785 792.0 
82.773 793.0 
82.75 794.0 
82.762 795.0 
82.773 796.0 
82.785 797.0 
82.75 798.0 
82.727 799.0 
82.75 800.0 
82.727 801.0 
82.738 802.0 
82.715 803.0 
82.75 804.0 
0.006 805.0 
-0.002 806.0 
0.008 807.0 
0.005 808.0 
0.004 809.0 
0.008 810.0 
0.005 811.0 
0.011 812.0 
0.01 813.0 
0.01 814.0 
0.01 815.0 
0.006 816.0 
-0.002 817.0 
-0.001 818.0 
0.001 819.0 
-0.001 820.0 
-0.011 821.0 
-0.014 822.0 
-0.011 823.0 
-0.016 824.0 
-0.007 825.0 
-0.023 826.0 
-0.022 827.0 
-0.02 828.0 
-0.018 829.0 
