-0.042 257.0 
-0.049 258.0 
-0.068 259.0 
-0.042 260.0 
-0.048 261.0 
-0.037 262.0 
-0.04 263.0 
-0.049 264.0 
-0.032 265.0 
-0.006 266.0 
-0.03 267.0 
-0.037 268.0 
-0.026 269.0 
-0.035 270.0 
-0.017 271.0 
-0.029 272.0 
-0.043 273.0 
-0.037 274.0 
139.326 275.0 
136.523 276.0 
135.25 277.0 
133.545 278.0 
131.559 279.0 
129.317 280.0 
127.366 281.0 
125.042 282.0 
121.246 283.0 
119.693 284.0 
119.261 285.0 
118.957 286.0 
118.805 287.0 
118.501 288.0 
118.233 289.0 
117.695 290.0 
117.602 291.0 
117.38 292.0 
117.182 293.0 
116.995 294.0 
116.703 295.0 
116.574 296.0 
116.586 297.0 
116.084 298.0 
115.955 299.0 
115.71 300.0 
115.406 301.0 
115.36 302.0 
114.881 303.0 
114.834 304.0 
114.752 305.0 
114.086 306.0 
112.942 307.0 
110.945 308.0 
108.772 309.0 
105.911 310.0 
102.909 311.0 
99.23 312.0 
95.691 313.0 
91.545 314.0 
87.819 315.0 
83.743 316.0 
79.854 317.0 
76.618 318.0 
76.408 319.0 
76.104 320.0 
75.929 321.0 
75.882 322.0 
75.766 323.0 
75.742 324.0 
75.731 325.0 
75.684 326.0 
75.707 327.0 
75.649 328.0 
75.999 329.0 
75.719 330.0 
75.649 331.0 
76.093 332.0 
75.731 333.0 
75.661 334.0 
75.672 335.0 
75.754 336.0 
75.731 337.0 
75.637 338.0 
75.906 339.0 
75.684 340.0 
75.707 341.0 
75.661 342.0 
75.731 343.0 
75.696 344.0 
75.684 345.0 
75.649 346.0 
75.602 347.0 
75.649 348.0 
75.696 349.0 
75.707 350.0 
75.696 351.0 
75.684 352.0 
75.661 353.0 
75.579 354.0 
75.579 355.0 
75.672 356.0 
75.742 357.0 
75.661 358.0 
75.742 359.0 
75.696 360.0 
75.719 361.0 
75.637 362.0 
75.707 363.0 
75.614 364.0 
75.661 365.0 
75.684 366.0 
75.684 367.0 
75.637 368.0 
75.649 369.0 
75.684 370.0 
75.672 371.0 
75.661 372.0 
75.719 373.0 
75.754 374.0 
75.719 375.0 
76.081 376.0 
75.602 377.0 
75.649 378.0 
75.684 379.0 
75.684 380.0 
75.649 381.0 
75.766 382.0 
75.672 383.0 
75.649 384.0 
75.649 385.0 
75.766 386.0 
75.637 387.0 
75.567 388.0 
75.661 389.0 
75.719 390.0 
75.672 391.0 
75.649 392.0 
75.719 393.0 
75.59 394.0 
75.696 395.0 
75.742 396.0 
75.59 397.0 
75.707 398.0 
75.59 399.0 
75.614 400.0 
75.731 401.0 
75.672 402.0 
75.766 403.0 
75.754 404.0 
75.684 405.0 
75.614 406.0 
75.661 407.0 
75.637 408.0 
75.672 409.0 
75.625 410.0 
75.684 411.0 
75.696 412.0 
76.151 413.0 
75.707 414.0 
75.637 415.0 
75.661 416.0 
75.637 417.0 
75.766 418.0 
75.696 419.0 
75.637 420.0 
75.649 421.0 
75.684 422.0 
75.754 423.0 
75.625 424.0 
75.649 425.0 
75.707 426.0 
75.731 427.0 
75.625 428.0 
75.649 429.0 
75.59 430.0 
75.696 431.0 
75.672 432.0 
75.754 433.0 
75.614 434.0 
75.59 435.0 
75.661 436.0 
75.707 437.0 
75.614 438.0 
75.637 439.0 
75.649 440.0 
75.661 441.0 
75.637 442.0 
75.661 443.0 
75.637 444.0 
75.661 445.0 
75.637 446.0 
75.731 447.0 
75.707 448.0 
75.684 449.0 
75.999 450.0 
75.637 451.0 
75.661 452.0 
75.602 453.0 
75.579 454.0 
75.707 455.0 
75.509 456.0 
75.614 457.0 
75.614 458.0 
75.719 459.0 
75.684 460.0 
75.625 461.0 
75.614 462.0 
75.731 463.0 
75.684 464.0 
75.661 465.0 
75.742 466.0 
75.649 467.0 
75.59 468.0 
75.661 469.0 
75.614 470.0 
75.637 471.0 
75.625 472.0 
75.649 473.0 
75.625 474.0 
75.719 475.0 
75.661 476.0 
75.579 477.0 
75.672 478.0 
75.59 479.0 
75.672 480.0 
75.707 481.0 
75.649 482.0 
75.696 483.0 
75.625 484.0 
75.684 485.0 
75.602 486.0 
75.614 487.0 
75.707 488.0 
75.637 489.0 
75.637 490.0 
75.672 491.0 
75.672 492.0 
75.649 493.0 
75.684 494.0 
75.625 495.0 
75.59 496.0 
75.649 497.0 
75.754 498.0 
75.567 499.0 
75.579 500.0 
75.637 501.0 
75.684 502.0 
75.579 503.0 
75.602 504.0 
75.614 505.0 
75.649 506.0 
75.579 507.0 
75.801 508.0 
75.532 509.0 
75.602 510.0 
75.614 511.0 
75.625 512.0 
75.637 513.0 
75.661 514.0 
75.649 515.0 
75.707 516.0 
75.696 517.0 
75.474 518.0 
75.509 519.0 
75.544 520.0 
75.555 521.0 
75.555 522.0 
75.544 523.0 
75.544 524.0 
75.567 525.0 
75.567 526.0 
75.52 527.0 
75.45 528.0 
75.474 529.0 
75.474 530.0 
75.485 531.0 
75.614 532.0 
75.567 533.0 
75.52 534.0 
75.567 535.0 
75.474 536.0 
75.45 537.0 
75.392 538.0 
75.392 539.0 
75.345 540.0 
75.474 541.0 
75.427 542.0 
75.369 543.0 
75.287 544.0 
75.287 545.0 
75.228 546.0 
75.333 547.0 
75.275 548.0 
75.217 549.0 
75.205 550.0 
75.123 551.0 
75.275 552.0 
75.193 553.0 
75.193 554.0 
75.135 555.0 
75.287 556.0 
75.193 557.0 
75.193 558.0 
74.738 559.0 
75.217 560.0 
75.17 561.0 
75.112 562.0 
75.24 563.0 
75.193 564.0 
75.1 565.0 
75.263 566.0 
75.275 567.0 
75.112 568.0 
75.205 569.0 
75.158 570.0 
75.287 571.0 
75.158 572.0 
75.147 573.0 
75.193 574.0 
75.135 575.0 
75.485 576.0 
75.193 577.0 
75.193 578.0 
75.287 579.0 
75.182 580.0 
75.275 581.0 
75.217 582.0 
75.287 583.0 
75.24 584.0 
75.31 585.0 
75.252 586.0 
75.17 587.0 
75.24 588.0 
75.158 589.0 
75.24 590.0 
75.217 591.0 
75.217 592.0 
75.17 593.0 
75.252 594.0 
75.158 595.0 
75.193 596.0 
75.158 597.0 
75.252 598.0 
75.182 599.0 
75.158 600.0 
75.287 601.0 
75.217 602.0 
75.322 603.0 
75.193 604.0 
75.263 605.0 
75.193 606.0 
75.252 607.0 
75.147 608.0 
75.182 609.0 
75.31 610.0 
75.217 611.0 
75.287 612.0 
75.17 613.0 
75.252 614.0 
75.112 615.0 
75.205 616.0 
75.263 617.0 
75.1 618.0 
75.252 619.0 
74.785 620.0 
75.182 621.0 
75.217 622.0 
75.182 623.0 
75.217 624.0 
75.275 625.0 
75.158 626.0 
75.228 627.0 
75.287 628.0 
75.182 629.0 
75.217 630.0 
75.287 631.0 
75.135 632.0 
75.217 633.0 
75.298 634.0 
75.193 635.0 
75.217 636.0 
75.263 637.0 
75.17 638.0 
75.228 639.0 
75.287 640.0 
75.147 641.0 
75.217 642.0 
75.252 643.0 
75.147 644.0 
75.217 645.0 
75.275 646.0 
75.287 647.0 
75.135 648.0 
75.17 649.0 
75.24 650.0 
75.1 651.0 
75.147 652.0 
75.205 653.0 
75.263 654.0 
75.123 655.0 
75.158 656.0 
75.205 657.0 
75.287 658.0 
75.193 659.0 
75.182 660.0 
75.263 661.0 
75.322 662.0 
75.147 663.0 
75.205 664.0 
75.252 665.0 
75.275 666.0 
75.17 667.0 
75.182 668.0 
75.252 669.0 
75.287 670.0 
75.158 671.0 
75.135 672.0 
75.228 673.0 
75.263 674.0 
75.193 675.0 
75.158 676.0 
75.17 677.0 
75.217 678.0 
75.24 679.0 
75.287 680.0 
75.123 681.0 
75.17 682.0 
75.24 683.0 
75.252 684.0 
75.252 685.0 
75.31 686.0 
75.147 687.0 
75.158 688.0 
75.17 689.0 
75.217 690.0 
75.275 691.0 
75.287 692.0 
75.112 693.0 
75.158 694.0 
75.17 695.0 
75.193 696.0 
75.228 697.0 
75.31 698.0 
75.065 699.0 
75.17 700.0 
75.182 701.0 
75.193 702.0 
75.228 703.0 
75.228 704.0 
75.228 705.0 
75.322 706.0 
75.147 707.0 
75.158 708.0 
75.17 709.0 
75.205 710.0 
75.205 711.0 
75.228 712.0 
75.263 713.0 
75.31 714.0 
75.147 715.0 
75.147 716.0 
75.17 717.0 
75.17 718.0 
75.217 719.0 
75.205 720.0 
75.217 721.0 
75.252 722.0 
75.252 723.0 
75.263 724.0 
75.275 725.0 
75.123 726.0 
75.123 727.0 
75.135 728.0 
75.182 729.0 
75.193 730.0 
75.205 731.0 
75.217 732.0 
75.193 733.0 
75.228 734.0 
75.252 735.0 
75.252 736.0 
75.252 737.0 
75.298 738.0 
74.925 739.0 
75.1 740.0 
75.123 741.0 
75.135 742.0 
75.147 743.0 
75.147 744.0 
75.158 745.0 
75.193 746.0 
75.147 747.0 
75.158 748.0 
75.182 749.0 
75.193 750.0 
75.17 751.0 
75.205 752.0 
75.182 753.0 
75.182 754.0 
75.182 755.0 
75.158 756.0 
75.205 757.0 
75.158 758.0 
75.217 759.0 
75.193 760.0 
75.228 761.0 
75.193 762.0 
75.24 763.0 
75.228 764.0 
75.217 765.0 
75.24 766.0 
75.193 767.0 
75.228 768.0 
75.217 769.0 
75.193 770.0 
75.217 771.0 
75.217 772.0 
75.217 773.0 
75.24 774.0 
75.228 775.0 
75.24 776.0 
75.217 777.0 
75.228 778.0 
75.24 779.0 
75.24 780.0 
75.228 781.0 
75.205 782.0 
75.205 783.0 
75.205 784.0 
75.217 785.0 
75.193 786.0 
75.217 787.0 
75.193 788.0 
75.217 789.0 
75.217 790.0 
75.217 791.0 
75.217 792.0 
75.217 793.0 
75.205 794.0 
75.193 795.0 
75.193 796.0 
75.228 797.0 
75.205 798.0 
75.217 799.0 
75.24 800.0 
75.217 801.0 
75.228 802.0 
75.205 803.0 
75.217 804.0 
-0.002 805.0 
-0.001 806.0 
-0.006 807.0 
-0.013 808.0 
-0.011 809.0 
-0.012 810.0 
-0.018 811.0 
-0.028 812.0 
-0.035 813.0 
-0.049 814.0 
-0.049 815.0 
-0.049 816.0 
-0.049 817.0 
-0.06 818.0 
-0.056 819.0 
-0.055 820.0 
-0.06 821.0 
-0.058 822.0 
-0.06 823.0 
-0.055 824.0 
-0.048 825.0 
-0.05 826.0 
-0.054 827.0 
-0.037 828.0 
-0.04 829.0 
