-0.064 257.0 
-0.044 258.0 
-0.056 259.0 
-0.043 260.0 
-0.054 261.0 
-0.037 262.0 
-0.044 263.0 
-0.037 264.0 
-0.056 265.0 
-0.061 266.0 
-0.049 267.0 
-0.043 268.0 
-0.056 269.0 
-0.064 270.0 
-0.043 271.0 
-0.047 272.0 
-0.062 273.0 
-0.036 274.0 
141.744 275.0 
138.964 276.0 
137.527 277.0 
135.904 278.0 
134.152 279.0 
132.061 280.0 
130.309 281.0 
127.915 282.0 
124.902 283.0 
123.243 284.0 
122.823 285.0 
122.414 286.0 
122.215 287.0 
121.958 288.0 
121.655 289.0 
121.456 290.0 
120.861 291.0 
120.639 292.0 
120.428 293.0 
120.393 294.0 
119.915 295.0 
119.739 296.0 
119.693 297.0 
119.167 298.0 
119.004 299.0 
118.945 300.0 
118.408 301.0 
118.326 302.0 
117.847 303.0 
117.742 304.0 
117.614 305.0 
116.913 306.0 
115.546 307.0 
113.094 308.0 
110.279 309.0 
106.366 310.0 
102.734 311.0 
98.553 312.0 
95.049 313.0 
90.891 314.0 
87.317 315.0 
83.451 316.0 
80.251 317.0 
77.436 318.0 
77.272 319.0 
77.015 320.0 
77.085 321.0 
76.934 322.0 
76.887 323.0 
76.934 324.0 
76.84 325.0 
76.91 326.0 
76.875 327.0 
76.782 328.0 
76.945 329.0 
76.864 330.0 
76.77 331.0 
76.864 332.0 
76.91 333.0 
76.793 334.0 
76.817 335.0 
76.864 336.0 
76.875 337.0 
76.782 338.0 
76.91 339.0 
76.817 340.0 
76.817 341.0 
76.793 342.0 
76.98 343.0 
76.84 344.0 
76.817 345.0 
76.77 346.0 
76.758 347.0 
76.899 348.0 
76.84 349.0 
76.817 350.0 
76.793 351.0 
76.828 352.0 
76.77 353.0 
76.677 354.0 
76.864 355.0 
76.817 356.0 
76.864 357.0 
76.84 358.0 
76.84 359.0 
76.84 360.0 
76.875 361.0 
76.782 362.0 
76.864 363.0 
76.77 364.0 
76.77 365.0 
76.805 366.0 
76.817 367.0 
76.758 368.0 
76.758 369.0 
76.817 370.0 
76.805 371.0 
76.84 372.0 
76.852 373.0 
76.875 374.0 
76.899 375.0 
76.899 376.0 
76.735 377.0 
76.828 378.0 
76.817 379.0 
76.817 380.0 
76.793 381.0 
76.875 382.0 
76.817 383.0 
76.782 384.0 
76.782 385.0 
76.875 386.0 
76.758 387.0 
76.723 388.0 
76.817 389.0 
76.805 390.0 
76.817 391.0 
76.793 392.0 
76.84 393.0 
76.723 394.0 
76.84 395.0 
76.899 396.0 
76.735 397.0 
76.828 398.0 
76.758 399.0 
76.758 400.0 
76.852 401.0 
76.817 402.0 
76.887 403.0 
76.828 404.0 
76.77 405.0 
76.782 406.0 
76.817 407.0 
76.77 408.0 
76.758 409.0 
76.712 410.0 
76.805 411.0 
76.84 412.0 
76.887 413.0 
76.864 414.0 
76.747 415.0 
76.828 416.0 
76.735 417.0 
77.039 418.0 
76.817 419.0 
76.77 420.0 
76.793 421.0 
76.828 422.0 
76.864 423.0 
76.782 424.0 
76.782 425.0 
76.782 426.0 
76.852 427.0 
76.758 428.0 
76.758 429.0 
76.758 430.0 
76.828 431.0 
76.852 432.0 
76.864 433.0 
76.735 434.0 
76.747 435.0 
76.817 436.0 
77.039 437.0 
76.782 438.0 
76.735 439.0 
76.77 440.0 
76.793 441.0 
76.782 442.0 
76.793 443.0 
76.782 444.0 
76.735 445.0 
76.747 446.0 
76.899 447.0 
76.828 448.0 
76.84 449.0 
77.062 450.0 
76.77 451.0 
76.77 452.0 
76.747 453.0 
76.723 454.0 
76.84 455.0 
76.793 456.0 
76.747 457.0 
76.735 458.0 
76.828 459.0 
76.852 460.0 
76.793 461.0 
76.77 462.0 
76.864 463.0 
76.864 464.0 
76.782 465.0 
76.84 466.0 
76.77 467.0 
76.712 468.0 
76.805 469.0 
76.805 470.0 
76.758 471.0 
76.793 472.0 
76.852 473.0 
76.758 474.0 
76.875 475.0 
76.817 476.0 
76.712 477.0 
76.793 478.0 
76.735 479.0 
76.793 480.0 
76.864 481.0 
76.758 482.0 
76.887 483.0 
76.758 484.0 
76.828 485.0 
76.747 486.0 
76.723 487.0 
76.828 488.0 
76.782 489.0 
76.77 490.0 
76.828 491.0 
76.793 492.0 
76.782 493.0 
76.817 494.0 
76.712 495.0 
76.793 496.0 
76.793 497.0 
76.864 498.0 
76.712 499.0 
76.7 500.0 
76.77 501.0 
76.828 502.0 
76.7 503.0 
76.735 504.0 
76.723 505.0 
76.77 506.0 
76.758 507.0 
77.015 508.0 
76.688 509.0 
76.735 510.0 
76.735 511.0 
76.782 512.0 
76.817 513.0 
76.758 514.0 
76.828 515.0 
76.817 516.0 
77.085 517.0 
76.642 518.0 
76.595 519.0 
76.653 520.0 
76.653 521.0 
76.653 522.0 
76.712 523.0 
76.642 524.0 
76.618 525.0 
76.642 526.0 
76.618 527.0 
76.607 528.0 
76.583 529.0 
76.548 530.0 
76.583 531.0 
76.665 532.0 
76.665 533.0 
76.595 534.0 
76.607 535.0 
76.572 536.0 
76.513 537.0 
76.466 538.0 
76.408 539.0 
76.361 540.0 
76.49 541.0 
76.431 542.0 
76.35 543.0 
76.338 544.0 
76.291 545.0 
76.245 546.0 
76.35 547.0 
76.338 548.0 
76.233 549.0 
76.198 550.0 
76.174 551.0 
76.256 552.0 
76.233 553.0 
76.139 554.0 
76.163 555.0 
76.28 556.0 
76.221 557.0 
76.186 558.0 
76.303 559.0 
76.245 560.0 
76.163 561.0 
76.139 562.0 
76.245 563.0 
76.186 564.0 
76.058 565.0 
76.233 566.0 
76.338 567.0 
76.139 568.0 
76.233 569.0 
76.198 570.0 
76.28 571.0 
76.186 572.0 
76.139 573.0 
76.186 574.0 
76.174 575.0 
76.28 576.0 
76.209 577.0 
76.174 578.0 
76.291 579.0 
76.186 580.0 
76.28 581.0 
76.233 582.0 
76.291 583.0 
76.245 584.0 
76.373 585.0 
76.209 586.0 
76.163 587.0 
76.28 588.0 
76.186 589.0 
76.256 590.0 
76.186 591.0 
76.268 592.0 
76.174 593.0 
76.209 594.0 
76.174 595.0 
76.268 596.0 
76.174 597.0 
76.256 598.0 
76.186 599.0 
76.233 600.0 
76.35 601.0 
76.256 602.0 
76.315 603.0 
76.209 604.0 
76.291 605.0 
76.163 606.0 
76.245 607.0 
76.151 608.0 
76.221 609.0 
76.315 610.0 
76.198 611.0 
76.28 612.0 
76.198 613.0 
76.256 614.0 
76.139 615.0 
76.256 616.0 
76.303 617.0 
76.186 618.0 
76.245 619.0 
75.801 620.0 
76.198 621.0 
76.245 622.0 
76.174 623.0 
76.233 624.0 
76.28 625.0 
76.151 626.0 
76.209 627.0 
76.268 628.0 
76.186 629.0 
76.198 630.0 
76.291 631.0 
76.093 632.0 
76.245 633.0 
76.303 634.0 
76.198 635.0 
76.268 636.0 
76.303 637.0 
76.163 638.0 
76.221 639.0 
76.268 640.0 
76.198 641.0 
76.233 642.0 
76.291 643.0 
76.128 644.0 
76.174 645.0 
76.233 646.0 
76.303 647.0 
76.186 648.0 
76.139 649.0 
76.256 650.0 
76.128 651.0 
76.186 652.0 
76.221 653.0 
76.256 654.0 
76.128 655.0 
76.198 656.0 
76.209 657.0 
76.28 658.0 
76.198 659.0 
76.209 660.0 
76.28 661.0 
76.35 662.0 
76.128 663.0 
76.209 664.0 
76.268 665.0 
76.291 666.0 
76.151 667.0 
76.209 668.0 
76.256 669.0 
76.303 670.0 
76.163 671.0 
76.186 672.0 
76.209 673.0 
76.233 674.0 
76.303 675.0 
76.139 676.0 
76.186 677.0 
76.245 678.0 
76.233 679.0 
76.315 680.0 
76.151 681.0 
76.174 682.0 
76.233 683.0 
76.268 684.0 
76.291 685.0 
76.315 686.0 
76.128 687.0 
76.186 688.0 
76.245 689.0 
76.209 690.0 
76.28 691.0 
76.28 692.0 
76.116 693.0 
76.128 694.0 
76.209 695.0 
76.221 696.0 
76.28 697.0 
76.245 698.0 
75.836 699.0 
76.151 700.0 
76.198 701.0 
76.186 702.0 
76.233 703.0 
76.233 704.0 
76.28 705.0 
76.28 706.0 
76.151 707.0 
76.151 708.0 
76.186 709.0 
76.209 710.0 
76.221 711.0 
76.245 712.0 
76.256 713.0 
76.28 714.0 
76.303 715.0 
76.139 716.0 
76.139 717.0 
76.209 718.0 
76.198 719.0 
76.209 720.0 
76.256 721.0 
76.233 722.0 
76.303 723.0 
76.291 724.0 
76.291 725.0 
76.116 726.0 
76.116 727.0 
76.174 728.0 
76.186 729.0 
76.186 730.0 
76.198 731.0 
76.221 732.0 
76.233 733.0 
76.28 734.0 
76.28 735.0 
76.256 736.0 
76.28 737.0 
76.291 738.0 
76.268 739.0 
76.128 740.0 
76.139 741.0 
76.151 742.0 
76.163 743.0 
76.163 744.0 
76.139 745.0 
76.186 746.0 
76.174 747.0 
76.209 748.0 
76.198 749.0 
76.186 750.0 
76.198 751.0 
76.151 752.0 
76.209 753.0 
76.209 754.0 
76.221 755.0 
76.221 756.0 
76.221 757.0 
76.209 758.0 
76.221 759.0 
76.221 760.0 
76.245 761.0 
76.233 762.0 
76.245 763.0 
76.221 764.0 
76.245 765.0 
76.221 766.0 
76.233 767.0 
76.233 768.0 
76.245 769.0 
76.233 770.0 
76.245 771.0 
76.221 772.0 
76.256 773.0 
76.209 774.0 
76.233 775.0 
76.221 776.0 
76.233 777.0 
76.28 778.0 
76.221 779.0 
76.209 780.0 
76.221 781.0 
76.221 782.0 
76.233 783.0 
76.245 784.0 
76.209 785.0 
76.233 786.0 
76.233 787.0 
76.221 788.0 
76.233 789.0 
76.209 790.0 
76.256 791.0 
76.221 792.0 
76.209 793.0 
76.209 794.0 
76.221 795.0 
76.221 796.0 
76.233 797.0 
76.233 798.0 
76.221 799.0 
76.221 800.0 
76.233 801.0 
76.256 802.0 
76.256 803.0 
76.256 804.0 
-0.01 805.0 
-0.001 806.0 
-0.01 807.0 
-0.001 808.0 
-0.006 809.0 
-0.011 810.0 
-0.022 811.0 
-0.025 812.0 
-0.029 813.0 
-0.035 814.0 
-0.038 815.0 
-0.037 816.0 
-0.043 817.0 
-0.041 818.0 
-0.049 819.0 
-0.047 820.0 
-0.042 821.0 
-0.048 822.0 
-0.044 823.0 
-0.046 824.0 
-0.044 825.0 
-0.037 826.0 
-0.035 827.0 
-0.029 828.0 
-0.029 829.0 
