-0.056 257.0 
-0.046 258.0 
-0.135 259.0 
-0.041 260.0 
-0.048 261.0 
-0.037 262.0 
-0.023 263.0 
-0.008 264.0 
-0.01 265.0 
-0.047 266.0 
-0.03 267.0 
-0.013 268.0 
-0.043 269.0 
-0.032 270.0 
-0.025 271.0 
-0.041 272.0 
-0.024 273.0 
-0.011 274.0 
145.703 275.0 
142.877 276.0 
141.989 277.0 
140.587 278.0 
138.929 279.0 
136.827 280.0 
134.923 281.0 
132.47 282.0 
128.593 283.0 
127.004 284.0 
126.595 285.0 
126.268 286.0 
126.046 287.0 
125.836 288.0 
125.544 289.0 
125.24 290.0 
124.621 291.0 
124.4 292.0 
124.236 293.0 
124.143 294.0 
123.547 295.0 
123.43 296.0 
123.337 297.0 
122.858 298.0 
122.683 299.0 
122.613 300.0 
122.075 301.0 
121.97 302.0 
121.515 303.0 
121.398 304.0 
121.269 305.0 
120.592 306.0 
119.459 307.0 
117.31 308.0 
114.635 309.0 
111.108 310.0 
107.464 311.0 
103.54 312.0 
99.499 313.0 
95.352 314.0 
91.089 315.0 
86.92 316.0 
82.984 317.0 
79.608 318.0 
79.445 319.0 
79.258 320.0 
79.106 321.0 
79.153 322.0 
79.036 323.0 
79.071 324.0 
79.036 325.0 
78.942 326.0 
79.071 327.0 
78.989 328.0 
79.164 329.0 
79.059 330.0 
78.954 331.0 
79.071 332.0 
79.106 333.0 
79.001 334.0 
79.013 335.0 
79.059 336.0 
79.059 337.0 
78.942 338.0 
79.118 339.0 
79.024 340.0 
78.989 341.0 
79.024 342.0 
79.036 343.0 
79.048 344.0 
79.024 345.0 
78.966 346.0 
78.942 347.0 
78.942 348.0 
79.083 349.0 
79.013 350.0 
78.978 351.0 
79.013 352.0 
79.001 353.0 
78.861 354.0 
79.083 355.0 
78.978 356.0 
79.071 357.0 
78.966 358.0 
79.083 359.0 
79.013 360.0 
79.024 361.0 
79.013 362.0 
79.024 363.0 
78.954 364.0 
78.989 365.0 
79.001 366.0 
79.013 367.0 
78.978 368.0 
78.989 369.0 
78.942 370.0 
79.001 371.0 
79.024 372.0 
79.083 373.0 
79.059 374.0 
79.059 375.0 
79.375 376.0 
78.907 377.0 
78.989 378.0 
78.966 379.0 
79.001 380.0 
79.013 381.0 
79.129 382.0 
79.013 383.0 
79.013 384.0 
78.966 385.0 
79.071 386.0 
78.966 387.0 
78.978 388.0 
79.013 389.0 
79.036 390.0 
79.013 391.0 
78.966 392.0 
79.071 393.0 
78.896 394.0 
79.013 395.0 
79.083 396.0 
78.966 397.0 
79.001 398.0 
78.942 399.0 
78.989 400.0 
79.059 401.0 
79.024 402.0 
79.118 403.0 
79.048 404.0 
78.989 405.0 
78.942 406.0 
79.013 407.0 
78.989 408.0 
79.013 409.0 
78.931 410.0 
78.978 411.0 
79.059 412.0 
79.083 413.0 
79.048 414.0 
78.966 415.0 
79.024 416.0 
78.931 417.0 
79.141 418.0 
79.024 419.0 
78.942 420.0 
79.024 421.0 
79.048 422.0 
79.059 423.0 
79.013 424.0 
78.931 425.0 
79.013 426.0 
79.048 427.0 
78.978 428.0 
79.013 429.0 
78.907 430.0 
78.989 431.0 
79.024 432.0 
79.059 433.0 
78.942 434.0 
78.978 435.0 
79.001 436.0 
79.094 437.0 
78.896 438.0 
78.966 439.0 
78.966 440.0 
78.954 441.0 
78.954 442.0 
78.978 443.0 
78.954 444.0 
78.954 445.0 
78.931 446.0 
79.059 447.0 
79.036 448.0 
79.036 449.0 
79.024 450.0 
78.942 451.0 
78.966 452.0 
78.919 453.0 
78.942 454.0 
78.989 455.0 
79.013 456.0 
78.966 457.0 
78.931 458.0 
79.024 459.0 
79.083 460.0 
78.966 461.0 
78.954 462.0 
79.071 463.0 
79.013 464.0 
79.059 465.0 
79.048 466.0 
78.989 467.0 
78.919 468.0 
78.989 469.0 
78.978 470.0 
79.013 471.0 
78.978 472.0 
79.094 473.0 
78.989 474.0 
79.048 475.0 
78.954 476.0 
78.907 477.0 
78.966 478.0 
78.907 479.0 
78.942 480.0 
79.059 481.0 
78.978 482.0 
79.036 483.0 
78.978 484.0 
79.013 485.0 
78.954 486.0 
78.919 487.0 
79.024 488.0 
79.013 489.0 
78.989 490.0 
78.989 491.0 
78.989 492.0 
79.001 493.0 
79.048 494.0 
78.942 495.0 
78.931 496.0 
78.989 497.0 
79.013 498.0 
78.896 499.0 
78.942 500.0 
79.013 501.0 
79.001 502.0 
78.884 503.0 
78.966 504.0 
78.989 505.0 
78.931 506.0 
78.942 507.0 
79.024 508.0 
78.919 509.0 
78.907 510.0 
78.931 511.0 
78.966 512.0 
78.954 513.0 
78.989 514.0 
78.989 515.0 
79.013 516.0 
79.001 517.0 
78.884 518.0 
78.814 519.0 
78.861 520.0 
78.907 521.0 
78.907 522.0 
78.884 523.0 
78.884 524.0 
78.849 525.0 
78.837 526.0 
78.849 527.0 
78.814 528.0 
78.837 529.0 
78.791 530.0 
78.779 531.0 
78.907 532.0 
78.861 533.0 
78.826 534.0 
78.814 535.0 
78.767 536.0 
78.721 537.0 
78.65 538.0 
78.592 539.0 
78.592 540.0 
78.686 541.0 
78.627 542.0 
78.557 543.0 
78.557 544.0 
78.475 545.0 
78.44 546.0 
78.557 547.0 
78.522 548.0 
78.452 549.0 
78.394 550.0 
78.359 551.0 
78.44 552.0 
78.417 553.0 
78.312 554.0 
78.347 555.0 
78.429 556.0 
78.417 557.0 
78.37 558.0 
78.475 559.0 
78.429 560.0 
78.382 561.0 
78.335 562.0 
78.394 563.0 
78.37 564.0 
78.183 565.0 
78.429 566.0 
78.522 567.0 
78.312 568.0 
78.405 569.0 
78.347 570.0 
78.464 571.0 
78.382 572.0 
78.3 573.0 
78.347 574.0 
78.347 575.0 
78.429 576.0 
78.382 577.0 
78.37 578.0 
78.452 579.0 
78.429 580.0 
78.475 581.0 
78.405 582.0 
78.499 583.0 
78.429 584.0 
78.545 585.0 
78.429 586.0 
78.37 587.0 
78.417 588.0 
78.382 589.0 
78.464 590.0 
78.359 591.0 
78.417 592.0 
78.359 593.0 
78.382 594.0 
78.37 595.0 
78.452 596.0 
78.335 597.0 
78.417 598.0 
78.37 599.0 
78.429 600.0 
78.534 601.0 
78.429 602.0 
78.475 603.0 
78.394 604.0 
78.475 605.0 
78.382 606.0 
78.44 607.0 
78.347 608.0 
78.452 609.0 
78.499 610.0 
78.394 611.0 
78.464 612.0 
78.37 613.0 
78.429 614.0 
78.335 615.0 
78.405 616.0 
78.452 617.0 
78.37 618.0 
78.44 619.0 
77.961 620.0 
78.417 621.0 
78.452 622.0 
78.347 623.0 
78.405 624.0 
78.464 625.0 
78.335 626.0 
78.429 627.0 
78.51 628.0 
78.335 629.0 
78.394 630.0 
78.499 631.0 
78.3 632.0 
78.44 633.0 
78.487 634.0 
78.37 635.0 
78.429 636.0 
78.464 637.0 
78.323 638.0 
78.405 639.0 
78.475 640.0 
78.359 641.0 
78.417 642.0 
78.475 643.0 
78.323 644.0 
78.394 645.0 
78.405 646.0 
78.499 647.0 
78.359 648.0 
78.359 649.0 
78.452 650.0 
78.277 651.0 
78.382 652.0 
78.417 653.0 
78.452 654.0 
78.265 655.0 
78.359 656.0 
78.382 657.0 
78.475 658.0 
78.37 659.0 
78.44 660.0 
78.417 661.0 
78.522 662.0 
78.335 663.0 
78.405 664.0 
78.475 665.0 
78.499 666.0 
78.335 667.0 
78.417 668.0 
78.429 669.0 
78.464 670.0 
78.335 671.0 
78.347 672.0 
78.347 673.0 
78.417 674.0 
78.487 675.0 
78.3 676.0 
78.347 677.0 
78.405 678.0 
78.359 679.0 
78.487 680.0 
78.312 681.0 
78.359 682.0 
78.382 683.0 
78.429 684.0 
78.522 685.0 
78.475 686.0 
78.347 687.0 
78.37 688.0 
78.405 689.0 
78.405 690.0 
78.452 691.0 
78.487 692.0 
78.288 693.0 
78.359 694.0 
78.382 695.0 
78.405 696.0 
78.44 697.0 
78.452 698.0 
77.891 699.0 
78.312 700.0 
78.359 701.0 
78.405 702.0 
78.429 703.0 
78.335 704.0 
78.464 705.0 
78.487 706.0 
78.335 707.0 
78.382 708.0 
78.359 709.0 
78.394 710.0 
78.417 711.0 
78.429 712.0 
78.452 713.0 
78.487 714.0 
78.475 715.0 
78.335 716.0 
78.359 717.0 
78.37 718.0 
78.394 719.0 
78.359 720.0 
78.429 721.0 
78.452 722.0 
78.429 723.0 
78.487 724.0 
78.522 725.0 
78.3 726.0 
78.3 727.0 
78.37 728.0 
78.382 729.0 
78.347 730.0 
78.382 731.0 
78.405 732.0 
78.429 733.0 
78.452 734.0 
78.452 735.0 
78.44 736.0 
78.487 737.0 
78.464 738.0 
78.499 739.0 
78.3 740.0 
78.312 741.0 
78.312 742.0 
78.335 743.0 
78.335 744.0 
78.347 745.0 
78.347 746.0 
78.347 747.0 
78.347 748.0 
78.382 749.0 
78.359 750.0 
78.323 751.0 
78.382 752.0 
78.382 753.0 
78.37 754.0 
78.394 755.0 
78.405 756.0 
78.394 757.0 
78.405 758.0 
78.405 759.0 
78.405 760.0 
78.417 761.0 
78.405 762.0 
78.452 763.0 
78.323 764.0 
78.44 765.0 
78.394 766.0 
78.452 767.0 
78.417 768.0 
78.44 769.0 
78.417 770.0 
78.417 771.0 
78.429 772.0 
78.405 773.0 
78.417 774.0 
78.44 775.0 
78.429 776.0 
78.405 777.0 
78.429 778.0 
78.405 779.0 
78.429 780.0 
78.452 781.0 
78.394 782.0 
78.394 783.0 
78.382 784.0 
78.429 785.0 
78.44 786.0 
78.429 787.0 
78.417 788.0 
78.382 789.0 
78.417 790.0 
78.417 791.0 
78.405 792.0 
78.405 793.0 
78.405 794.0 
78.382 795.0 
78.394 796.0 
78.429 797.0 
78.417 798.0 
78.429 799.0 
78.405 800.0 
78.452 801.0 
78.44 802.0 
78.429 803.0 
78.44 804.0 
0.008 805.0 
0.004 806.0 
0.005 807.0 
0.007 808.0 
0.0 809.0 
-0.011 810.0 
-0.025 811.0 
-0.029 812.0 
-0.034 813.0 
-0.046 814.0 
-0.046 815.0 
-0.048 816.0 
-0.05 817.0 
-0.054 818.0 
-0.054 819.0 
-0.062 820.0 
-0.056 821.0 
-0.059 822.0 
-0.052 823.0 
-0.047 824.0 
-0.052 825.0 
-0.038 826.0 
-0.04 827.0 
-0.023 828.0 
-0.022 829.0 
