-0.041 257.0 
-0.066 258.0 
-0.053 259.0 
-0.032 260.0 
-0.034 261.0 
-0.05 262.0 
-0.061 263.0 
-0.048 264.0 
-0.053 265.0 
-0.058 266.0 
-0.042 267.0 
-0.04 268.0 
-0.044 269.0 
-0.037 270.0 
-0.037 271.0 
-0.049 272.0 
-0.064 273.0 
-0.046 274.0 
144.383 275.0 
141.335 276.0 
140.214 277.0 
138.649 278.0 
136.99 279.0 
134.946 280.0 
133.183 281.0 
131.034 282.0 
127.915 283.0 
126.28 284.0 
125.859 285.0 
125.532 286.0 
125.311 287.0 
125.042 288.0 
124.692 289.0 
124.014 290.0 
123.862 291.0 
123.594 292.0 
123.337 293.0 
123.255 294.0 
122.729 295.0 
122.578 296.0 
122.484 297.0 
121.935 298.0 
121.783 299.0 
121.713 300.0 
121.164 301.0 
121.083 302.0 
120.545 303.0 
120.475 304.0 
120.323 305.0 
119.728 306.0 
118.536 307.0 
116.306 308.0 
113.596 309.0 
110.139 310.0 
106.553 311.0 
102.43 312.0 
98.459 313.0 
94.36 314.0 
90.377 315.0 
86.581 316.0 
82.914 317.0 
79.912 318.0 
79.772 319.0 
79.515 320.0 
79.199 321.0 
79.468 322.0 
79.316 323.0 
79.386 324.0 
79.351 325.0 
79.351 326.0 
79.351 327.0 
79.281 328.0 
79.421 329.0 
79.363 330.0 
79.305 331.0 
79.363 332.0 
79.433 333.0 
79.293 334.0 
79.375 335.0 
79.398 336.0 
79.363 337.0 
79.234 338.0 
79.398 339.0 
79.281 340.0 
79.305 341.0 
79.27 342.0 
79.433 343.0 
79.293 344.0 
79.293 345.0 
79.246 346.0 
79.223 347.0 
79.398 348.0 
79.34 349.0 
79.328 350.0 
79.27 351.0 
79.351 352.0 
79.281 353.0 
79.164 354.0 
79.398 355.0 
79.34 356.0 
79.375 357.0 
79.281 358.0 
79.351 359.0 
79.305 360.0 
79.363 361.0 
79.305 362.0 
79.281 363.0 
79.258 364.0 
79.27 365.0 
79.305 366.0 
79.34 367.0 
79.281 368.0 
79.27 369.0 
79.305 370.0 
79.305 371.0 
79.328 372.0 
79.34 373.0 
79.375 374.0 
79.386 375.0 
79.386 376.0 
79.258 377.0 
79.305 378.0 
79.293 379.0 
79.305 380.0 
79.293 381.0 
79.375 382.0 
79.27 383.0 
79.305 384.0 
79.27 385.0 
79.363 386.0 
79.234 387.0 
79.258 388.0 
79.328 389.0 
79.316 390.0 
79.351 391.0 
79.258 392.0 
79.363 393.0 
79.199 394.0 
79.328 395.0 
79.363 396.0 
79.258 397.0 
79.316 398.0 
79.305 399.0 
79.234 400.0 
79.363 401.0 
79.293 402.0 
79.375 403.0 
79.328 404.0 
79.293 405.0 
79.223 406.0 
79.281 407.0 
79.246 408.0 
79.328 409.0 
79.246 410.0 
79.305 411.0 
79.34 412.0 
79.375 413.0 
79.34 414.0 
79.246 415.0 
79.34 416.0 
79.27 417.0 
79.433 418.0 
79.34 419.0 
79.234 420.0 
79.258 421.0 
79.305 422.0 
79.34 423.0 
79.281 424.0 
79.258 425.0 
79.293 426.0 
79.351 427.0 
79.293 428.0 
79.258 429.0 
79.246 430.0 
79.34 431.0 
79.328 432.0 
79.363 433.0 
79.246 434.0 
79.27 435.0 
79.305 436.0 
79.433 437.0 
79.199 438.0 
79.258 439.0 
79.293 440.0 
79.234 441.0 
79.246 442.0 
79.27 443.0 
79.246 444.0 
79.234 445.0 
79.223 446.0 
79.375 447.0 
79.34 448.0 
79.34 449.0 
79.573 450.0 
79.281 451.0 
79.293 452.0 
79.234 453.0 
79.211 454.0 
79.34 455.0 
79.293 456.0 
79.258 457.0 
79.246 458.0 
79.316 459.0 
79.351 460.0 
79.316 461.0 
79.223 462.0 
79.363 463.0 
79.328 464.0 
79.258 465.0 
79.34 466.0 
79.246 467.0 
79.223 468.0 
79.351 469.0 
79.258 470.0 
79.281 471.0 
79.293 472.0 
79.351 473.0 
79.316 474.0 
79.351 475.0 
79.328 476.0 
79.234 477.0 
79.27 478.0 
79.199 479.0 
79.281 480.0 
79.351 481.0 
79.246 482.0 
79.316 483.0 
79.246 484.0 
79.316 485.0 
79.211 486.0 
79.258 487.0 
79.351 488.0 
79.293 489.0 
79.293 490.0 
79.351 491.0 
79.351 492.0 
79.246 493.0 
79.328 494.0 
79.234 495.0 
79.176 496.0 
79.305 497.0 
79.328 498.0 
79.188 499.0 
79.234 500.0 
79.281 501.0 
79.316 502.0 
79.164 503.0 
79.199 504.0 
79.234 505.0 
79.234 506.0 
79.199 507.0 
79.445 508.0 
79.188 509.0 
79.223 510.0 
79.246 511.0 
79.258 512.0 
79.246 513.0 
79.293 514.0 
79.293 515.0 
79.316 516.0 
79.34 517.0 
79.094 518.0 
79.118 519.0 
79.176 520.0 
79.188 521.0 
79.153 522.0 
79.153 523.0 
79.176 524.0 
79.141 525.0 
79.176 526.0 
79.153 527.0 
79.083 528.0 
79.153 529.0 
79.071 530.0 
79.083 531.0 
79.223 532.0 
79.211 533.0 
79.141 534.0 
79.141 535.0 
79.129 536.0 
79.083 537.0 
79.013 538.0 
78.931 539.0 
78.954 540.0 
79.059 541.0 
79.013 542.0 
78.954 543.0 
78.942 544.0 
78.872 545.0 
78.872 546.0 
78.954 547.0 
78.896 548.0 
78.861 549.0 
78.849 550.0 
78.744 551.0 
78.896 552.0 
78.861 553.0 
78.756 554.0 
78.756 555.0 
78.884 556.0 
78.849 557.0 
78.779 558.0 
78.452 559.0 
78.826 560.0 
78.802 561.0 
78.744 562.0 
78.814 563.0 
78.791 564.0 
78.674 565.0 
78.837 566.0 
78.919 567.0 
78.721 568.0 
78.837 569.0 
78.791 570.0 
78.884 571.0 
78.791 572.0 
78.732 573.0 
78.791 574.0 
78.779 575.0 
78.896 576.0 
78.802 577.0 
78.779 578.0 
78.884 579.0 
78.802 580.0 
78.872 581.0 
78.826 582.0 
78.907 583.0 
78.837 584.0 
78.966 585.0 
78.849 586.0 
78.791 587.0 
78.861 588.0 
78.814 589.0 
78.884 590.0 
78.802 591.0 
78.849 592.0 
78.791 593.0 
78.837 594.0 
78.791 595.0 
78.872 596.0 
78.814 597.0 
78.861 598.0 
78.756 599.0 
78.849 600.0 
78.931 601.0 
78.814 602.0 
78.907 603.0 
78.837 604.0 
78.896 605.0 
78.814 606.0 
78.849 607.0 
78.767 608.0 
78.849 609.0 
78.931 610.0 
78.814 611.0 
78.942 612.0 
78.826 613.0 
78.861 614.0 
78.767 615.0 
78.849 616.0 
78.896 617.0 
78.791 618.0 
78.837 619.0 
78.429 620.0 
78.837 621.0 
78.802 622.0 
78.767 623.0 
78.791 624.0 
78.931 625.0 
78.721 626.0 
78.849 627.0 
78.884 628.0 
78.802 629.0 
78.826 630.0 
78.919 631.0 
78.756 632.0 
78.872 633.0 
78.931 634.0 
78.814 635.0 
78.872 636.0 
78.896 637.0 
78.791 638.0 
78.861 639.0 
78.896 640.0 
78.756 641.0 
78.814 642.0 
78.884 643.0 
78.744 644.0 
78.791 645.0 
78.861 646.0 
78.919 647.0 
78.791 648.0 
78.826 649.0 
78.907 650.0 
78.767 651.0 
78.814 652.0 
78.826 653.0 
78.907 654.0 
78.779 655.0 
78.814 656.0 
78.779 657.0 
78.896 658.0 
78.779 659.0 
78.837 660.0 
78.896 661.0 
78.919 662.0 
78.697 663.0 
78.826 664.0 
78.884 665.0 
78.896 666.0 
78.756 667.0 
78.837 668.0 
78.872 669.0 
78.919 670.0 
78.779 671.0 
78.802 672.0 
78.814 673.0 
78.802 674.0 
78.931 675.0 
78.791 676.0 
78.802 677.0 
78.837 678.0 
78.779 679.0 
78.942 680.0 
78.721 681.0 
78.767 682.0 
78.826 683.0 
78.837 684.0 
78.884 685.0 
78.907 686.0 
78.756 687.0 
78.802 688.0 
78.861 689.0 
78.826 690.0 
78.896 691.0 
78.907 692.0 
78.744 693.0 
78.779 694.0 
78.837 695.0 
78.837 696.0 
78.872 697.0 
78.837 698.0 
78.417 699.0 
78.732 700.0 
78.767 701.0 
78.791 702.0 
78.826 703.0 
78.767 704.0 
78.907 705.0 
78.907 706.0 
78.721 707.0 
78.814 708.0 
78.791 709.0 
78.814 710.0 
78.837 711.0 
78.872 712.0 
78.872 713.0 
78.907 714.0 
78.919 715.0 
78.756 716.0 
78.791 717.0 
78.779 718.0 
78.791 719.0 
78.826 720.0 
78.837 721.0 
78.861 722.0 
78.884 723.0 
78.884 724.0 
78.907 725.0 
78.744 726.0 
78.732 727.0 
78.779 728.0 
78.779 729.0 
78.826 730.0 
78.814 731.0 
78.849 732.0 
78.861 733.0 
78.849 734.0 
78.896 735.0 
78.896 736.0 
78.896 737.0 
78.907 738.0 
78.312 739.0 
78.721 740.0 
78.709 741.0 
78.767 742.0 
78.791 743.0 
78.767 744.0 
78.779 745.0 
78.767 746.0 
78.791 747.0 
78.837 748.0 
78.802 749.0 
78.826 750.0 
78.791 751.0 
78.814 752.0 
78.849 753.0 
78.837 754.0 
78.849 755.0 
78.849 756.0 
78.837 757.0 
78.861 758.0 
78.872 759.0 
78.826 760.0 
78.826 761.0 
78.849 762.0 
78.861 763.0 
78.849 764.0 
78.872 765.0 
78.837 766.0 
78.849 767.0 
78.837 768.0 
78.861 769.0 
78.837 770.0 
78.849 771.0 
78.872 772.0 
78.872 773.0 
78.849 774.0 
78.861 775.0 
78.872 776.0 
78.872 777.0 
78.837 778.0 
78.849 779.0 
78.861 780.0 
78.849 781.0 
78.849 782.0 
78.802 783.0 
78.837 784.0 
78.837 785.0 
78.849 786.0 
78.814 787.0 
78.849 788.0 
78.861 789.0 
78.849 790.0 
78.826 791.0 
78.837 792.0 
78.861 793.0 
78.849 794.0 
78.849 795.0 
78.837 796.0 
78.826 797.0 
78.826 798.0 
78.791 799.0 
78.837 800.0 
78.849 801.0 
78.826 802.0 
78.826 803.0 
78.849 804.0 
0.002 805.0 
0.0 806.0 
-0.001 807.0 
-0.004 808.0 
-0.012 809.0 
-0.012 810.0 
-0.019 811.0 
-0.026 812.0 
-0.031 813.0 
-0.034 814.0 
-0.037 815.0 
-0.036 816.0 
-0.044 817.0 
-0.043 818.0 
-0.054 819.0 
-0.05 820.0 
-0.047 821.0 
-0.047 822.0 
-0.05 823.0 
-0.037 824.0 
-0.037 825.0 
-0.036 826.0 
-0.036 827.0 
-0.041 828.0 
-0.04 829.0 
