-0.026 257.0 
-0.037 258.0 
-0.117 259.0 
-0.026 260.0 
-0.037 261.0 
-0.018 262.0 
-0.052 263.0 
-0.048 264.0 
-0.023 265.0 
-0.023 266.0 
-0.028 267.0 
-0.036 268.0 
-0.042 269.0 
-0.026 270.0 
-0.036 271.0 
-0.02 272.0 
-0.023 273.0 
-0.036 274.0 
145.762 275.0 
143.484 276.0 
142.41 277.0 
140.833 278.0 
139.034 279.0 
136.862 280.0 
135.098 281.0 
132.657 282.0 
128.931 283.0 
127.833 284.0 
127.495 285.0 
127.226 286.0 
127.039 287.0 
126.771 288.0 
126.537 289.0 
125.965 290.0 
125.836 291.0 
125.626 292.0 
125.451 293.0 
125.369 294.0 
124.843 295.0 
124.703 296.0 
124.668 297.0 
124.131 298.0 
123.932 299.0 
123.909 300.0 
123.36 301.0 
123.36 302.0 
122.811 303.0 
122.706 304.0 
122.613 305.0 
122.052 306.0 
120.919 307.0 
118.653 308.0 
115.979 309.0 
112.288 310.0 
108.62 311.0 
104.474 312.0 
100.293 313.0 
95.901 314.0 
91.638 315.0 
87.247 316.0 
83.474 317.0 
80.029 318.0 
79.854 319.0 
79.62 320.0 
79.456 321.0 
79.503 322.0 
79.351 323.0 
79.398 324.0 
79.375 325.0 
79.27 326.0 
79.363 327.0 
79.281 328.0 
79.456 329.0 
79.41 330.0 
79.328 331.0 
79.398 332.0 
79.398 333.0 
79.305 334.0 
79.34 335.0 
79.398 336.0 
79.386 337.0 
79.305 338.0 
79.468 339.0 
79.363 340.0 
79.375 341.0 
79.34 342.0 
79.468 343.0 
79.34 344.0 
79.305 345.0 
79.305 346.0 
79.258 347.0 
79.421 348.0 
79.363 349.0 
79.328 350.0 
79.293 351.0 
79.375 352.0 
79.351 353.0 
79.234 354.0 
79.421 355.0 
79.34 356.0 
79.386 357.0 
79.34 358.0 
79.445 359.0 
79.363 360.0 
79.398 361.0 
79.363 362.0 
79.328 363.0 
79.293 364.0 
79.305 365.0 
79.351 366.0 
79.351 367.0 
79.293 368.0 
79.34 369.0 
79.316 370.0 
79.34 371.0 
79.316 372.0 
79.41 373.0 
79.421 374.0 
79.41 375.0 
79.678 376.0 
79.27 377.0 
79.34 378.0 
79.328 379.0 
79.305 380.0 
79.363 381.0 
79.456 382.0 
79.363 383.0 
79.328 384.0 
79.293 385.0 
79.363 386.0 
79.27 387.0 
79.27 388.0 
79.34 389.0 
79.363 390.0 
79.34 391.0 
79.328 392.0 
79.445 393.0 
79.281 394.0 
79.386 395.0 
79.456 396.0 
79.316 397.0 
79.375 398.0 
79.293 399.0 
79.281 400.0 
79.41 401.0 
79.363 402.0 
79.433 403.0 
79.363 404.0 
79.316 405.0 
79.27 406.0 
79.316 407.0 
79.293 408.0 
79.328 409.0 
79.27 410.0 
79.328 411.0 
79.375 412.0 
79.76 413.0 
79.398 414.0 
79.34 415.0 
79.386 416.0 
79.328 417.0 
79.456 418.0 
79.363 419.0 
79.293 420.0 
79.316 421.0 
79.375 422.0 
79.375 423.0 
79.305 424.0 
79.316 425.0 
79.316 426.0 
79.363 427.0 
79.258 428.0 
79.316 429.0 
79.258 430.0 
79.351 431.0 
79.363 432.0 
79.386 433.0 
79.27 434.0 
79.328 435.0 
79.328 436.0 
79.433 437.0 
79.223 438.0 
79.316 439.0 
79.316 440.0 
79.328 441.0 
79.305 442.0 
79.328 443.0 
79.305 444.0 
79.281 445.0 
79.246 446.0 
79.398 447.0 
79.34 448.0 
79.351 449.0 
79.573 450.0 
79.293 451.0 
79.293 452.0 
79.27 453.0 
79.246 454.0 
79.375 455.0 
79.351 456.0 
79.316 457.0 
79.258 458.0 
79.351 459.0 
79.363 460.0 
79.363 461.0 
79.305 462.0 
79.386 463.0 
79.316 464.0 
79.34 465.0 
79.398 466.0 
79.328 467.0 
79.234 468.0 
79.351 469.0 
79.305 470.0 
79.305 471.0 
79.293 472.0 
79.41 473.0 
79.328 474.0 
79.398 475.0 
79.34 476.0 
79.246 477.0 
79.351 478.0 
79.223 479.0 
79.34 480.0 
79.421 481.0 
79.34 482.0 
79.41 483.0 
79.305 484.0 
79.316 485.0 
79.281 486.0 
79.27 487.0 
79.375 488.0 
79.293 489.0 
79.316 490.0 
79.351 491.0 
79.328 492.0 
79.316 493.0 
79.375 494.0 
79.293 495.0 
79.281 496.0 
79.328 497.0 
79.363 498.0 
79.281 499.0 
79.293 500.0 
79.316 501.0 
79.363 502.0 
79.223 503.0 
79.234 504.0 
79.258 505.0 
79.293 506.0 
79.305 507.0 
79.351 508.0 
79.234 509.0 
79.246 510.0 
79.281 511.0 
79.246 512.0 
79.316 513.0 
79.305 514.0 
79.34 515.0 
79.363 516.0 
79.632 517.0 
79.129 518.0 
79.164 519.0 
79.188 520.0 
79.199 521.0 
79.246 522.0 
79.211 523.0 
79.176 524.0 
79.164 525.0 
79.153 526.0 
79.176 527.0 
79.106 528.0 
79.106 529.0 
79.083 530.0 
79.071 531.0 
79.223 532.0 
79.153 533.0 
79.188 534.0 
79.129 535.0 
79.106 536.0 
79.024 537.0 
78.954 538.0 
78.907 539.0 
78.837 540.0 
78.978 541.0 
78.896 542.0 
78.861 543.0 
78.767 544.0 
78.756 545.0 
78.721 546.0 
78.837 547.0 
78.756 548.0 
78.732 549.0 
78.639 550.0 
78.557 551.0 
78.697 552.0 
78.674 553.0 
78.58 554.0 
78.58 555.0 
78.697 556.0 
78.674 557.0 
78.557 558.0 
78.721 559.0 
78.639 560.0 
78.615 561.0 
78.545 562.0 
78.674 563.0 
78.615 564.0 
78.464 565.0 
78.674 566.0 
78.744 567.0 
78.522 568.0 
78.674 569.0 
78.58 570.0 
78.697 571.0 
78.65 572.0 
78.545 573.0 
78.627 574.0 
78.58 575.0 
78.686 576.0 
78.615 577.0 
78.592 578.0 
78.709 579.0 
78.639 580.0 
78.697 581.0 
78.674 582.0 
78.779 583.0 
78.639 584.0 
78.767 585.0 
78.674 586.0 
78.58 587.0 
78.697 588.0 
78.604 589.0 
78.674 590.0 
78.592 591.0 
78.639 592.0 
78.58 593.0 
78.615 594.0 
78.604 595.0 
78.697 596.0 
78.615 597.0 
78.686 598.0 
78.615 599.0 
78.686 600.0 
78.756 601.0 
78.674 602.0 
78.709 603.0 
78.627 604.0 
78.674 605.0 
78.615 606.0 
78.674 607.0 
78.557 608.0 
78.65 609.0 
78.721 610.0 
78.615 611.0 
78.697 612.0 
78.604 613.0 
78.686 614.0 
78.557 615.0 
78.65 616.0 
78.709 617.0 
78.604 618.0 
78.674 619.0 
78.3 620.0 
78.65 621.0 
78.662 622.0 
78.604 623.0 
78.639 624.0 
78.721 625.0 
78.569 626.0 
78.662 627.0 
78.686 628.0 
78.592 629.0 
78.65 630.0 
78.674 631.0 
78.557 632.0 
78.662 633.0 
78.744 634.0 
78.615 635.0 
78.662 636.0 
78.686 637.0 
78.615 638.0 
78.674 639.0 
78.709 640.0 
78.592 641.0 
78.639 642.0 
78.662 643.0 
78.58 644.0 
78.615 645.0 
78.65 646.0 
78.697 647.0 
78.58 648.0 
78.569 649.0 
78.686 650.0 
78.545 651.0 
78.592 652.0 
78.662 653.0 
78.732 654.0 
78.604 655.0 
78.662 656.0 
78.639 657.0 
78.721 658.0 
78.615 659.0 
78.65 660.0 
78.697 661.0 
78.756 662.0 
78.557 663.0 
78.627 664.0 
78.697 665.0 
78.721 666.0 
78.592 667.0 
78.65 668.0 
78.686 669.0 
78.686 670.0 
78.592 671.0 
78.615 672.0 
78.639 673.0 
78.686 674.0 
78.756 675.0 
78.592 676.0 
78.615 677.0 
78.627 678.0 
78.662 679.0 
78.721 680.0 
78.592 681.0 
78.604 682.0 
78.604 683.0 
78.674 684.0 
78.709 685.0 
78.721 686.0 
78.569 687.0 
78.615 688.0 
78.662 689.0 
78.639 690.0 
78.709 691.0 
78.744 692.0 
78.545 693.0 
78.604 694.0 
78.604 695.0 
78.686 696.0 
78.721 697.0 
78.674 698.0 
78.312 699.0 
78.58 700.0 
78.592 701.0 
78.639 702.0 
78.639 703.0 
78.65 704.0 
78.697 705.0 
78.721 706.0 
78.58 707.0 
78.58 708.0 
78.615 709.0 
78.627 710.0 
78.639 711.0 
78.686 712.0 
78.721 713.0 
78.709 714.0 
78.721 715.0 
78.534 716.0 
78.592 717.0 
78.604 718.0 
78.604 719.0 
78.662 720.0 
78.686 721.0 
78.686 722.0 
78.709 723.0 
78.732 724.0 
78.756 725.0 
78.522 726.0 
78.534 727.0 
78.604 728.0 
78.615 729.0 
78.639 730.0 
78.615 731.0 
78.627 732.0 
78.674 733.0 
78.709 734.0 
78.686 735.0 
78.721 736.0 
78.709 737.0 
78.709 738.0 
78.732 739.0 
78.534 740.0 
78.557 741.0 
78.545 742.0 
78.557 743.0 
78.58 744.0 
78.58 745.0 
78.592 746.0 
78.569 747.0 
78.604 748.0 
78.592 749.0 
78.592 750.0 
78.604 751.0 
78.592 752.0 
78.615 753.0 
78.627 754.0 
78.615 755.0 
78.627 756.0 
78.627 757.0 
78.639 758.0 
78.615 759.0 
78.65 760.0 
78.674 761.0 
78.662 762.0 
78.662 763.0 
78.639 764.0 
78.662 765.0 
78.65 766.0 
78.65 767.0 
78.662 768.0 
78.627 769.0 
78.662 770.0 
78.65 771.0 
78.674 772.0 
78.686 773.0 
78.674 774.0 
78.662 775.0 
78.686 776.0 
78.674 777.0 
78.662 778.0 
78.674 779.0 
78.674 780.0 
78.639 781.0 
78.662 782.0 
78.65 783.0 
78.615 784.0 
78.662 785.0 
78.65 786.0 
78.674 787.0 
78.65 788.0 
78.65 789.0 
78.65 790.0 
78.674 791.0 
78.65 792.0 
78.674 793.0 
78.662 794.0 
78.674 795.0 
78.65 796.0 
78.662 797.0 
78.639 798.0 
78.65 799.0 
78.674 800.0 
78.662 801.0 
78.697 802.0 
78.697 803.0 
78.65 804.0 
0.01 805.0 
0.002 806.0 
0.017 807.0 
0.0 808.0 
0.005 809.0 
0.002 810.0 
0.0 811.0 
0.006 812.0 
-0.002 813.0 
0.0 814.0 
0.0 815.0 
0.006 816.0 
0.016 817.0 
0.0 818.0 
-0.005 819.0 
-0.008 820.0 
-0.004 821.0 
0.0 822.0 
-0.016 823.0 
-0.017 824.0 
-0.016 825.0 
-0.014 826.0 
-0.002 827.0 
-0.013 828.0 
-0.019 829.0 
