-0.016 257.0 
-0.04 258.0 
-0.105 259.0 
-0.04 260.0 
-0.044 261.0 
-0.047 262.0 
-0.03 263.0 
-0.054 264.0 
-0.037 265.0 
-0.008 266.0 
-0.03 267.0 
-0.028 268.0 
-0.047 269.0 
-0.029 270.0 
-0.01 271.0 
-0.017 272.0 
-0.011 273.0 
-0.031 274.0 
144.804 275.0 
140.798 276.0 
139.828 277.0 
138.438 278.0 
136.978 279.0 
135.098 280.0 
133.58 281.0 
131.618 282.0 
128.873 283.0 
127.425 284.0 
127.016 285.0 
126.759 286.0 
126.56 287.0 
126.338 288.0 
126.011 289.0 
125.416 290.0 
125.264 291.0 
125.077 292.0 
124.843 293.0 
124.773 294.0 
124.236 295.0 
124.084 296.0 
124.037 297.0 
123.524 298.0 
123.325 299.0 
123.232 300.0 
122.753 301.0 
122.683 302.0 
122.134 303.0 
122.087 304.0 
121.9 305.0 
121.351 306.0 
120.265 307.0 
118.116 308.0 
115.406 309.0 
111.832 310.0 
108.27 311.0 
104.147 312.0 
100.024 313.0 
95.796 314.0 
92.0 315.0 
88.076 316.0 
84.736 317.0 
81.956 318.0 
81.769 319.0 
81.512 320.0 
81.419 321.0 
81.407 322.0 
81.29 323.0 
81.384 324.0 
81.278 325.0 
81.173 326.0 
81.29 327.0 
81.22 328.0 
82.038 329.0 
81.302 330.0 
81.22 331.0 
81.524 332.0 
81.325 333.0 
81.22 334.0 
81.267 335.0 
81.302 336.0 
81.325 337.0 
81.127 338.0 
81.36 339.0 
81.255 340.0 
81.267 341.0 
81.243 342.0 
81.313 343.0 
81.255 344.0 
81.22 345.0 
81.208 346.0 
81.185 347.0 
81.243 348.0 
81.325 349.0 
81.29 350.0 
81.232 351.0 
81.29 352.0 
81.208 353.0 
81.162 354.0 
81.325 355.0 
81.278 356.0 
81.348 357.0 
81.243 358.0 
81.313 359.0 
81.267 360.0 
81.313 361.0 
81.232 362.0 
81.278 363.0 
81.208 364.0 
81.22 365.0 
81.255 366.0 
81.243 367.0 
81.243 368.0 
81.243 369.0 
81.243 370.0 
81.29 371.0 
81.278 372.0 
81.29 373.0 
81.325 374.0 
81.313 375.0 
81.559 376.0 
81.185 377.0 
81.232 378.0 
81.197 379.0 
81.243 380.0 
81.255 381.0 
81.313 382.0 
81.208 383.0 
81.197 384.0 
81.22 385.0 
81.302 386.0 
81.197 387.0 
81.173 388.0 
81.267 389.0 
81.255 390.0 
81.232 391.0 
81.232 392.0 
81.29 393.0 
81.15 394.0 
81.255 395.0 
81.384 396.0 
81.22 397.0 
81.255 398.0 
81.197 399.0 
81.162 400.0 
81.267 401.0 
81.267 402.0 
81.313 403.0 
81.29 404.0 
81.232 405.0 
81.15 406.0 
81.243 407.0 
81.185 408.0 
81.243 409.0 
81.173 410.0 
81.243 411.0 
81.313 412.0 
81.711 413.0 
81.29 414.0 
81.22 415.0 
81.267 416.0 
81.173 417.0 
81.302 418.0 
81.255 419.0 
81.185 420.0 
81.22 421.0 
81.232 422.0 
81.313 423.0 
81.185 424.0 
81.208 425.0 
81.255 426.0 
81.255 427.0 
81.22 428.0 
81.208 429.0 
81.243 430.0 
81.255 431.0 
81.255 432.0 
81.29 433.0 
81.173 434.0 
81.197 435.0 
81.197 436.0 
81.278 437.0 
81.162 438.0 
81.15 439.0 
81.208 440.0 
81.208 441.0 
81.208 442.0 
81.22 443.0 
81.22 444.0 
81.185 445.0 
81.208 446.0 
81.29 447.0 
81.255 448.0 
81.243 449.0 
81.559 450.0 
81.232 451.0 
81.173 452.0 
81.197 453.0 
81.173 454.0 
81.267 455.0 
81.22 456.0 
81.22 457.0 
81.15 458.0 
81.22 459.0 
81.302 460.0 
81.208 461.0 
81.173 462.0 
81.302 463.0 
81.29 464.0 
81.232 465.0 
81.267 466.0 
81.232 467.0 
81.15 468.0 
81.243 469.0 
81.22 470.0 
81.208 471.0 
81.197 472.0 
81.197 473.0 
81.208 474.0 
81.29 475.0 
81.232 476.0 
81.15 477.0 
81.197 478.0 
81.127 479.0 
81.243 480.0 
81.302 481.0 
81.22 482.0 
81.267 483.0 
81.185 484.0 
81.232 485.0 
81.15 486.0 
81.162 487.0 
81.278 488.0 
81.162 489.0 
81.22 490.0 
81.29 491.0 
81.22 492.0 
81.243 493.0 
81.267 494.0 
81.173 495.0 
81.173 496.0 
81.22 497.0 
81.255 498.0 
81.162 499.0 
81.185 500.0 
81.197 501.0 
81.255 502.0 
81.103 503.0 
81.138 504.0 
81.173 505.0 
81.197 506.0 
81.15 507.0 
81.278 508.0 
81.103 509.0 
81.162 510.0 
81.15 511.0 
81.162 512.0 
81.208 513.0 
81.22 514.0 
81.267 515.0 
81.255 516.0 
81.489 517.0 
81.057 518.0 
81.045 519.0 
81.068 520.0 
81.057 521.0 
81.08 522.0 
81.103 523.0 
81.092 524.0 
81.092 525.0 
81.092 526.0 
81.057 527.0 
81.045 528.0 
81.045 529.0 
80.998 530.0 
81.045 531.0 
81.15 532.0 
81.115 533.0 
81.057 534.0 
81.08 535.0 
81.045 536.0 
81.01 537.0 
80.905 538.0 
80.881 539.0 
80.846 540.0 
80.94 541.0 
80.811 542.0 
80.846 543.0 
80.788 544.0 
80.753 545.0 
80.718 546.0 
80.846 547.0 
80.765 548.0 
80.706 549.0 
80.671 550.0 
80.636 551.0 
80.741 552.0 
80.694 553.0 
80.613 554.0 
80.601 555.0 
80.741 556.0 
80.683 557.0 
80.659 558.0 
80.309 559.0 
80.706 560.0 
80.648 561.0 
80.566 562.0 
80.694 563.0 
80.624 564.0 
80.554 565.0 
80.694 566.0 
80.659 567.0 
80.554 568.0 
80.613 569.0 
80.613 570.0 
80.729 571.0 
80.659 572.0 
80.589 573.0 
80.671 574.0 
80.624 575.0 
80.998 576.0 
80.659 577.0 
80.648 578.0 
80.753 579.0 
80.683 580.0 
80.753 581.0 
80.694 582.0 
80.706 583.0 
80.718 584.0 
80.332 585.0 
80.706 586.0 
80.671 587.0 
80.718 588.0 
80.624 589.0 
80.706 590.0 
80.659 591.0 
80.729 592.0 
80.648 593.0 
80.683 594.0 
80.636 595.0 
80.624 596.0 
80.636 597.0 
80.706 598.0 
80.613 599.0 
80.706 600.0 
80.753 601.0 
80.648 602.0 
80.776 603.0 
80.636 604.0 
80.753 605.0 
80.648 606.0 
80.718 607.0 
80.589 608.0 
80.659 609.0 
80.776 610.0 
80.671 611.0 
80.753 612.0 
80.648 613.0 
80.729 614.0 
80.636 615.0 
80.648 616.0 
80.823 617.0 
80.589 618.0 
80.694 619.0 
80.449 620.0 
80.659 621.0 
80.718 622.0 
80.613 623.0 
80.671 624.0 
80.765 625.0 
80.613 626.0 
80.671 627.0 
80.753 628.0 
80.683 629.0 
80.706 630.0 
80.776 631.0 
80.613 632.0 
80.706 633.0 
81.033 634.0 
80.648 635.0 
80.718 636.0 
80.811 637.0 
80.636 638.0 
80.706 639.0 
80.729 640.0 
80.613 641.0 
80.671 642.0 
80.729 643.0 
80.601 644.0 
80.671 645.0 
80.718 646.0 
80.776 647.0 
80.636 648.0 
80.659 649.0 
80.753 650.0 
80.578 651.0 
80.601 652.0 
80.694 653.0 
80.753 654.0 
80.624 655.0 
80.659 656.0 
80.729 657.0 
80.718 658.0 
80.613 659.0 
80.671 660.0 
80.729 661.0 
80.776 662.0 
80.601 663.0 
80.683 664.0 
80.729 665.0 
80.753 666.0 
80.613 667.0 
80.659 668.0 
80.706 669.0 
80.741 670.0 
80.601 671.0 
80.659 672.0 
80.659 673.0 
80.694 674.0 
80.706 675.0 
80.624 676.0 
80.636 677.0 
80.706 678.0 
80.706 679.0 
80.753 680.0 
80.589 681.0 
80.636 682.0 
80.659 683.0 
80.683 684.0 
80.729 685.0 
80.8 686.0 
80.554 687.0 
80.624 688.0 
80.671 689.0 
80.694 690.0 
80.753 691.0 
80.753 692.0 
80.589 693.0 
80.624 694.0 
80.648 695.0 
80.694 696.0 
80.694 697.0 
80.718 698.0 
80.508 699.0 
80.578 700.0 
80.613 701.0 
80.671 702.0 
80.659 703.0 
80.683 704.0 
80.706 705.0 
80.753 706.0 
80.578 707.0 
80.601 708.0 
80.671 709.0 
80.694 710.0 
80.683 711.0 
80.694 712.0 
80.718 713.0 
80.765 714.0 
80.566 715.0 
80.601 716.0 
80.531 717.0 
80.636 718.0 
80.648 719.0 
80.671 720.0 
80.694 721.0 
80.683 722.0 
80.729 723.0 
80.741 724.0 
80.788 725.0 
80.589 726.0 
80.554 727.0 
80.636 728.0 
80.624 729.0 
80.671 730.0 
80.671 731.0 
80.671 732.0 
80.694 733.0 
80.729 734.0 
80.706 735.0 
80.741 736.0 
80.765 737.0 
80.753 738.0 
80.554 739.0 
80.566 740.0 
80.589 741.0 
80.589 742.0 
80.601 743.0 
80.624 744.0 
80.589 745.0 
80.601 746.0 
80.624 747.0 
80.659 748.0 
80.648 749.0 
80.648 750.0 
80.659 751.0 
80.648 752.0 
80.648 753.0 
80.648 754.0 
80.648 755.0 
80.683 756.0 
80.683 757.0 
80.671 758.0 
80.683 759.0 
80.671 760.0 
80.694 761.0 
80.706 762.0 
80.671 763.0 
80.683 764.0 
80.671 765.0 
80.694 766.0 
80.659 767.0 
80.706 768.0 
80.694 769.0 
80.694 770.0 
80.741 771.0 
80.694 772.0 
80.706 773.0 
80.671 774.0 
80.706 775.0 
80.683 776.0 
80.671 777.0 
80.671 778.0 
80.671 779.0 
80.671 780.0 
80.659 781.0 
80.683 782.0 
80.683 783.0 
80.683 784.0 
80.636 785.0 
80.683 786.0 
80.683 787.0 
80.694 788.0 
80.694 789.0 
80.694 790.0 
80.706 791.0 
80.683 792.0 
80.671 793.0 
80.683 794.0 
80.659 795.0 
80.683 796.0 
80.683 797.0 
80.659 798.0 
80.659 799.0 
80.648 800.0 
80.648 801.0 
80.683 802.0 
80.671 803.0 
80.648 804.0 
0.008 805.0 
0.01 806.0 
0.007 807.0 
0.011 808.0 
0.011 809.0 
0.016 810.0 
0.013 811.0 
0.022 812.0 
0.006 813.0 
0.01 814.0 
0.011 815.0 
0.022 816.0 
0.014 817.0 
0.006 818.0 
0.004 819.0 
0.004 820.0 
0.0 821.0 
0.0 822.0 
0.0 823.0 
-0.008 824.0 
-0.002 825.0 
-0.006 826.0 
-0.007 827.0 
-0.008 828.0 
-0.006 829.0 
