-0.046 257.0 
-0.042 258.0 
-0.054 259.0 
-0.048 260.0 
-0.05 261.0 
-0.049 262.0 
-0.044 263.0 
-0.067 264.0 
-0.06 265.0 
-0.218 266.0 
-0.054 267.0 
-0.049 268.0 
-0.04 269.0 
-0.056 270.0 
-0.044 271.0 
-0.038 272.0 
-0.04 273.0 
-0.052 274.0 
253.913 275.0 
249.619 276.0 
247.994 277.0 
245.79 278.0 
244.049 279.0 
241.96 280.0 
240.219 281.0 
238.595 282.0 
236.97 283.0 
236.274 284.0 
235.693 285.0 
235.693 286.0 
235.345 287.0 
235.229 288.0 
234.649 289.0 
235.925 290.0 
233.953 291.0 
233.488 292.0 
233.256 293.0 
231.748 294.0 
232.444 295.0 
232.328 296.0 
232.676 297.0 
231.748 298.0 
231.98 299.0 
230.007 300.0 
231.168 301.0 
231.632 302.0 
230.819 303.0 
231.284 304.0 
234.765 305.0 
230.935 306.0 
231.284 307.0 
230.819 308.0 
231.051 309.0 
230.355 310.0 
230.935 311.0 
230.239 312.0 
230.587 313.0 
230.007 314.0 
230.007 315.0 
229.775 316.0 
230.239 317.0 
229.775 318.0 
230.239 319.0 
230.123 320.0 
228.15 321.0 
230.007 322.0 
229.775 323.0 
230.123 324.0 
229.775 325.0 
230.123 326.0 
230.007 327.0 
229.775 328.0 
235.809 329.0 
230.123 330.0 
229.659 331.0 
231.051 332.0 
230.355 333.0 
229.891 334.0 
229.891 335.0 
230.007 336.0 
229.891 337.0 
229.427 338.0 
232.56 339.0 
229.659 340.0 
229.543 341.0 
230.007 342.0 
226.874 343.0 
229.891 344.0 
229.659 345.0 
229.891 346.0 
229.659 347.0 
228.614 348.0 
230.007 349.0 
229.891 350.0 
229.775 351.0 
230.471 352.0 
230.123 353.0 
228.963 354.0 
228.73 355.0 
229.659 356.0 
229.891 357.0 
229.891 358.0 
230.007 359.0 
229.891 360.0 
229.891 361.0 
229.891 362.0 
229.775 363.0 
229.891 364.0 
230.007 365.0 
230.007 366.0 
230.239 367.0 
229.659 368.0 
229.659 369.0 
229.891 370.0 
230.007 371.0 
230.239 372.0 
230.239 373.0 
230.123 374.0 
229.891 375.0 
231.051 376.0 
229.543 377.0 
230.123 378.0 
229.659 379.0 
230.007 380.0 
229.659 381.0 
230.355 382.0 
229.543 383.0 
229.659 384.0 
230.007 385.0 
230.355 386.0 
229.543 387.0 
229.775 388.0 
229.891 389.0 
230.123 390.0 
230.123 391.0 
230.123 392.0 
230.239 393.0 
229.543 394.0 
229.775 395.0 
230.239 396.0 
229.775 397.0 
229.775 398.0 
228.963 399.0 
229.543 400.0 
229.891 401.0 
230.123 402.0 
230.123 403.0 
229.891 404.0 
229.775 405.0 
230.007 406.0 
230.123 407.0 
229.891 408.0 
230.007 409.0 
230.007 410.0 
230.123 411.0 
230.471 412.0 
230.819 413.0 
230.355 414.0 
229.427 415.0 
230.007 416.0 
229.659 417.0 
230.007 418.0 
230.007 419.0 
229.891 420.0 
230.007 421.0 
229.775 422.0 
230.007 423.0 
230.007 424.0 
229.775 425.0 
230.239 426.0 
230.239 427.0 
230.123 428.0 
229.891 429.0 
230.239 430.0 
230.239 431.0 
230.239 432.0 
230.587 433.0 
230.007 434.0 
230.007 435.0 
229.659 436.0 
230.123 437.0 
229.543 438.0 
229.659 439.0 
229.543 440.0 
229.891 441.0 
229.891 442.0 
230.123 443.0 
230.007 444.0 
229.891 445.0 
230.007 446.0 
230.355 447.0 
230.471 448.0 
230.123 449.0 
230.239 450.0 
229.775 451.0 
230.007 452.0 
230.123 453.0 
229.891 454.0 
230.239 455.0 
228.034 456.0 
230.007 457.0 
229.775 458.0 
230.123 459.0 
230.239 460.0 
230.123 461.0 
230.007 462.0 
230.239 463.0 
230.007 464.0 
230.471 465.0 
230.355 466.0 
230.239 467.0 
230.123 468.0 
230.239 469.0 
230.355 470.0 
229.891 471.0 
230.355 472.0 
228.963 473.0 
230.123 474.0 
230.239 475.0 
229.891 476.0 
229.891 477.0 
230.007 478.0 
229.891 479.0 
230.123 480.0 
230.355 481.0 
229.891 482.0 
230.007 483.0 
230.355 484.0 
229.891 485.0 
230.123 486.0 
230.239 487.0 
230.355 488.0 
230.239 489.0 
230.123 490.0 
230.239 491.0 
230.471 492.0 
229.891 493.0 
230.239 494.0 
230.239 495.0 
229.891 496.0 
230.239 497.0 
230.123 498.0 
229.891 499.0 
230.007 500.0 
230.239 501.0 
230.007 502.0 
229.543 503.0 
229.891 504.0 
230.123 505.0 
230.355 506.0 
228.034 507.0 
232.56 508.0 
229.775 509.0 
229.775 510.0 
229.659 511.0 
230.123 512.0 
230.123 513.0 
230.239 514.0 
233.256 515.0 
228.963 516.0 
231.516 517.0 
229.543 518.0 
229.659 519.0 
229.775 520.0 
229.775 521.0 
229.891 522.0 
229.775 523.0 
229.659 524.0 
230.239 525.0 
230.355 526.0 
230.007 527.0 
229.427 528.0 
229.775 529.0 
229.427 530.0 
229.891 531.0 
230.123 532.0 
233.024 533.0 
230.007 534.0 
230.123 535.0 
229.891 536.0 
230.007 537.0 
229.427 538.0 
229.543 539.0 
229.659 540.0 
230.123 541.0 
229.659 542.0 
230.123 543.0 
229.775 544.0 
229.775 545.0 
229.775 546.0 
230.123 547.0 
230.007 548.0 
229.775 549.0 
229.775 550.0 
228.266 551.0 
230.239 552.0 
230.239 553.0 
230.007 554.0 
229.891 555.0 
230.123 556.0 
229.775 557.0 
229.659 558.0 
224.553 559.0 
230.355 560.0 
229.775 561.0 
229.543 562.0 
230.007 563.0 
229.891 564.0 
229.427 565.0 
230.355 566.0 
229.775 567.0 
229.891 568.0 
229.659 569.0 
229.891 570.0 
230.123 571.0 
229.659 572.0 
229.659 573.0 
230.123 574.0 
229.659 575.0 
233.256 576.0 
229.775 577.0 
230.007 578.0 
230.355 579.0 
230.007 580.0 
230.123 581.0 
229.891 582.0 
229.891 583.0 
230.471 584.0 
225.249 585.0 
230.355 586.0 
230.007 587.0 
230.239 588.0 
230.239 589.0 
230.123 590.0 
230.123 591.0 
230.239 592.0 
230.123 593.0 
229.775 594.0 
229.659 595.0 
229.659 596.0 
229.659 597.0 
229.427 598.0 
229.775 599.0 
230.007 600.0 
229.775 601.0 
230.007 602.0 
230.123 603.0 
230.007 604.0 
230.123 605.0 
230.007 606.0 
230.239 607.0 
229.891 608.0 
230.007 609.0 
230.239 610.0 
229.775 611.0 
230.355 612.0 
230.007 613.0 
230.123 614.0 
229.427 615.0 
229.775 616.0 
230.471 617.0 
228.847 618.0 
230.239 619.0 
227.802 620.0 
229.891 621.0 
230.007 622.0 
230.007 623.0 
230.123 624.0 
230.471 625.0 
230.007 626.0 
230.123 627.0 
230.239 628.0 
229.891 629.0 
230.123 630.0 
230.471 631.0 
229.659 632.0 
230.355 633.0 
234.185 634.0 
229.775 635.0 
230.007 636.0 
229.891 637.0 
229.775 638.0 
230.355 639.0 
230.123 640.0 
229.891 641.0 
229.427 642.0 
230.123 643.0 
229.775 644.0 
229.659 645.0 
230.471 646.0 
230.355 647.0 
230.123 648.0 
230.123 649.0 
230.471 650.0 
230.007 651.0 
229.427 652.0 
230.471 653.0 
230.355 654.0 
229.891 655.0 
229.427 656.0 
230.007 657.0 
230.123 658.0 
229.775 659.0 
229.891 660.0 
230.355 661.0 
230.007 662.0 
229.659 663.0 
230.007 664.0 
230.587 665.0 
230.355 666.0 
230.239 667.0 
230.007 668.0 
230.239 669.0 
230.007 670.0 
230.007 671.0 
230.123 672.0 
230.239 673.0 
230.123 674.0 
229.775 675.0 
229.891 676.0 
229.891 677.0 
230.123 678.0 
230.239 679.0 
230.355 680.0 
229.659 681.0 
230.007 682.0 
229.775 683.0 
230.355 684.0 
229.775 685.0 
230.471 686.0 
229.427 687.0 
229.891 688.0 
230.123 689.0 
230.239 690.0 
230.587 691.0 
230.355 692.0 
230.123 693.0 
229.891 694.0 
229.891 695.0 
229.891 696.0 
230.007 697.0 
230.239 698.0 
228.963 699.0 
229.775 700.0 
230.007 701.0 
230.123 702.0 
230.123 703.0 
229.891 704.0 
230.123 705.0 
230.355 706.0 
229.891 707.0 
229.775 708.0 
230.007 709.0 
230.123 710.0 
230.007 711.0 
230.355 712.0 
230.471 713.0 
230.587 714.0 
228.963 715.0 
229.775 716.0 
229.311 717.0 
229.891 718.0 
230.123 719.0 
230.007 720.0 
230.123 721.0 
230.355 722.0 
230.355 723.0 
230.587 724.0 
230.239 725.0 
230.239 726.0 
230.007 727.0 
230.007 728.0 
229.891 729.0 
230.239 730.0 
230.239 731.0 
230.123 732.0 
230.471 733.0 
230.123 734.0 
230.007 735.0 
229.427 736.0 
230.239 737.0 
230.355 738.0 
229.659 739.0 
229.427 740.0 
229.659 741.0 
229.891 742.0 
229.543 743.0 
229.775 744.0 
229.891 745.0 
229.891 746.0 
230.123 747.0 
229.775 748.0 
230.007 749.0 
229.891 750.0 
229.891 751.0 
230.355 752.0 
230.239 753.0 
230.007 754.0 
229.891 755.0 
229.891 756.0 
230.007 757.0 
230.007 758.0 
229.891 759.0 
229.891 760.0 
229.891 761.0 
230.239 762.0 
229.775 763.0 
230.123 764.0 
230.239 765.0 
230.239 766.0 
230.239 767.0 
230.239 768.0 
230.007 769.0 
230.007 770.0 
230.123 771.0 
230.239 772.0 
230.355 773.0 
230.123 774.0 
229.891 775.0 
230.123 776.0 
229.891 777.0 
230.007 778.0 
230.123 779.0 
230.239 780.0 
229.775 781.0 
230.007 782.0 
230.007 783.0 
230.123 784.0 
230.007 785.0 
230.355 786.0 
230.123 787.0 
230.123 788.0 
230.123 789.0 
230.123 790.0 
230.007 791.0 
230.355 792.0 
230.471 793.0 
230.123 794.0 
230.123 795.0 
229.891 796.0 
230.123 797.0 
230.239 798.0 
229.775 799.0 
229.891 800.0 
229.891 801.0 
230.123 802.0 
230.239 803.0 
230.007 804.0 
0.018 805.0 
0.013 806.0 
0.01 807.0 
0.007 808.0 
0.0 809.0 
-0.025 810.0 
-0.046 811.0 
-0.068 812.0 
-0.085 813.0 
-0.104 814.0 
-0.123 815.0 
-0.134 816.0 
-0.146 817.0 
-0.152 818.0 
-0.15 819.0 
-0.158 820.0 
-0.158 821.0 
-0.156 822.0 
-0.15 823.0 
-0.138 824.0 
-0.135 825.0 
-0.132 826.0 
-0.115 827.0 
-0.099 828.0 
-0.09 829.0 
