-0.019 257.0 
-0.058 258.0 
-0.054 259.0 
-0.025 260.0 
-0.019 261.0 
-0.044 262.0 
-0.048 263.0 
-0.047 264.0 
-0.064 265.0 
-0.03 266.0 
-0.042 267.0 
-0.022 268.0 
-0.056 269.0 
-0.024 270.0 
-0.026 271.0 
-0.035 272.0 
-0.044 273.0 
-0.058 274.0 
144.325 275.0 
141.884 276.0 
140.833 277.0 
139.092 278.0 
137.376 279.0 
135.308 280.0 
133.463 281.0 
130.8 282.0 
127.39 283.0 
125.848 284.0 
125.462 285.0 
125.112 286.0 
124.902 287.0 
124.598 288.0 
124.306 289.0 
123.652 290.0 
123.465 291.0 
123.243 292.0 
123.056 293.0 
122.928 294.0 
122.402 295.0 
122.227 296.0 
122.169 297.0 
121.596 298.0 
121.375 299.0 
121.304 300.0 
120.767 301.0 
120.685 302.0 
120.125 303.0 
119.973 304.0 
120.125 305.0 
119.237 306.0 
117.929 307.0 
115.593 308.0 
112.591 309.0 
108.854 310.0 
105.023 311.0 
100.818 312.0 
96.941 313.0 
92.654 314.0 
88.765 315.0 
84.957 316.0 
81.629 317.0 
78.919 318.0 
78.779 319.0 
78.51 320.0 
78.394 321.0 
78.394 322.0 
78.288 323.0 
78.347 324.0 
78.277 325.0 
78.195 326.0 
78.277 327.0 
78.242 328.0 
78.394 329.0 
78.312 330.0 
78.23 331.0 
78.534 332.0 
78.323 333.0 
78.242 334.0 
78.242 335.0 
78.323 336.0 
78.312 337.0 
78.172 338.0 
78.499 339.0 
78.253 340.0 
78.277 341.0 
78.218 342.0 
78.3 343.0 
78.265 344.0 
78.242 345.0 
78.218 346.0 
78.195 347.0 
78.218 348.0 
78.265 349.0 
78.3 350.0 
78.23 351.0 
78.288 352.0 
78.218 353.0 
78.172 354.0 
78.195 355.0 
78.242 356.0 
78.277 357.0 
78.207 358.0 
78.335 359.0 
78.242 360.0 
78.288 361.0 
78.23 362.0 
78.265 363.0 
78.218 364.0 
78.195 365.0 
78.242 366.0 
78.277 367.0 
78.23 368.0 
78.253 369.0 
78.265 370.0 
78.253 371.0 
78.288 372.0 
78.3 373.0 
78.3 374.0 
78.335 375.0 
78.475 376.0 
78.172 377.0 
78.242 378.0 
78.23 379.0 
78.253 380.0 
78.218 381.0 
78.347 382.0 
78.207 383.0 
78.242 384.0 
78.207 385.0 
78.323 386.0 
78.172 387.0 
78.218 388.0 
78.253 389.0 
78.265 390.0 
78.242 391.0 
78.23 392.0 
78.312 393.0 
78.183 394.0 
78.253 395.0 
78.37 396.0 
78.183 397.0 
78.242 398.0 
78.172 399.0 
78.183 400.0 
78.323 401.0 
78.253 402.0 
78.312 403.0 
78.288 404.0 
78.218 405.0 
78.183 406.0 
78.242 407.0 
78.218 408.0 
78.265 409.0 
78.195 410.0 
78.242 411.0 
78.3 412.0 
78.545 413.0 
78.288 414.0 
78.242 415.0 
78.265 416.0 
78.218 417.0 
78.288 418.0 
78.265 419.0 
78.207 420.0 
78.277 421.0 
78.253 422.0 
78.312 423.0 
78.207 424.0 
78.265 425.0 
78.312 426.0 
78.288 427.0 
78.195 428.0 
78.218 429.0 
78.183 430.0 
78.277 431.0 
78.277 432.0 
78.265 433.0 
78.218 434.0 
78.183 435.0 
78.253 436.0 
78.335 437.0 
78.195 438.0 
78.183 439.0 
78.207 440.0 
78.242 441.0 
78.183 442.0 
78.242 443.0 
78.23 444.0 
78.23 445.0 
78.195 446.0 
78.312 447.0 
78.323 448.0 
78.265 449.0 
78.592 450.0 
78.218 451.0 
78.253 452.0 
78.16 453.0 
78.148 454.0 
78.265 455.0 
78.253 456.0 
78.195 457.0 
78.16 458.0 
78.277 459.0 
78.277 460.0 
78.253 461.0 
78.207 462.0 
78.3 463.0 
78.218 464.0 
78.253 465.0 
78.3 466.0 
78.23 467.0 
78.218 468.0 
78.253 469.0 
78.23 470.0 
78.16 471.0 
78.218 472.0 
78.125 473.0 
78.253 474.0 
78.312 475.0 
78.265 476.0 
78.16 477.0 
78.218 478.0 
78.137 479.0 
78.253 480.0 
78.323 481.0 
78.23 482.0 
78.288 483.0 
78.23 484.0 
78.3 485.0 
78.195 486.0 
78.23 487.0 
78.288 488.0 
78.207 489.0 
78.23 490.0 
78.288 491.0 
78.242 492.0 
78.23 493.0 
78.277 494.0 
78.172 495.0 
78.195 496.0 
78.23 497.0 
78.3 498.0 
78.172 499.0 
78.207 500.0 
78.207 501.0 
78.23 502.0 
78.148 503.0 
78.207 504.0 
78.218 505.0 
78.218 506.0 
78.102 507.0 
78.312 508.0 
78.125 509.0 
78.195 510.0 
78.207 511.0 
78.23 512.0 
78.183 513.0 
78.23 514.0 
78.23 515.0 
78.148 516.0 
78.627 517.0 
78.055 518.0 
78.09 519.0 
78.078 520.0 
78.113 521.0 
78.078 522.0 
78.113 523.0 
78.125 524.0 
78.078 525.0 
78.102 526.0 
78.067 527.0 
78.055 528.0 
78.055 529.0 
78.043 530.0 
78.031 531.0 
78.148 532.0 
78.44 533.0 
78.067 534.0 
78.055 535.0 
78.008 536.0 
77.926 537.0 
77.903 538.0 
77.833 539.0 
77.786 540.0 
77.926 541.0 
77.856 542.0 
77.845 543.0 
77.775 544.0 
77.716 545.0 
77.669 546.0 
77.821 547.0 
77.763 548.0 
77.704 549.0 
77.646 550.0 
77.564 551.0 
77.728 552.0 
77.704 553.0 
77.611 554.0 
77.611 555.0 
77.716 556.0 
77.681 557.0 
77.599 558.0 
77.389 559.0 
77.681 560.0 
77.623 561.0 
77.564 562.0 
77.693 563.0 
77.588 564.0 
77.553 565.0 
77.681 566.0 
77.658 567.0 
77.564 568.0 
77.658 569.0 
77.634 570.0 
77.716 571.0 
77.646 572.0 
77.576 573.0 
77.669 574.0 
77.623 575.0 
78.078 576.0 
77.623 577.0 
77.611 578.0 
77.704 579.0 
77.658 580.0 
77.739 581.0 
77.658 582.0 
77.751 583.0 
77.693 584.0 
77.436 585.0 
77.728 586.0 
77.634 587.0 
77.704 588.0 
77.611 589.0 
77.716 590.0 
77.658 591.0 
77.739 592.0 
77.611 593.0 
77.681 594.0 
77.599 595.0 
77.693 596.0 
77.623 597.0 
77.623 598.0 
77.611 599.0 
77.669 600.0 
77.739 601.0 
77.681 602.0 
77.739 603.0 
77.634 604.0 
77.751 605.0 
77.634 606.0 
77.681 607.0 
77.599 608.0 
77.634 609.0 
77.798 610.0 
77.669 611.0 
77.751 612.0 
77.634 613.0 
77.634 614.0 
77.623 615.0 
77.634 616.0 
77.739 617.0 
77.611 618.0 
77.693 619.0 
77.518 620.0 
77.634 621.0 
77.704 622.0 
77.576 623.0 
77.669 624.0 
77.739 625.0 
77.646 626.0 
77.716 627.0 
77.751 628.0 
77.634 629.0 
77.693 630.0 
77.751 631.0 
77.634 632.0 
77.704 633.0 
77.88 634.0 
77.658 635.0 
77.704 636.0 
77.751 637.0 
77.611 638.0 
77.611 639.0 
77.739 640.0 
77.588 641.0 
77.658 642.0 
77.739 643.0 
77.599 644.0 
77.599 645.0 
77.693 646.0 
77.751 647.0 
77.646 648.0 
77.658 649.0 
77.716 650.0 
77.576 651.0 
77.623 652.0 
77.681 653.0 
77.728 654.0 
77.576 655.0 
77.576 656.0 
77.658 657.0 
77.728 658.0 
77.611 659.0 
77.658 660.0 
77.728 661.0 
77.669 662.0 
77.634 663.0 
77.693 664.0 
77.716 665.0 
77.763 666.0 
77.611 667.0 
77.646 668.0 
77.693 669.0 
77.763 670.0 
77.623 671.0 
77.634 672.0 
77.681 673.0 
77.693 674.0 
77.681 675.0 
77.599 676.0 
77.611 677.0 
77.693 678.0 
77.704 679.0 
77.739 680.0 
77.599 681.0 
77.634 682.0 
77.658 683.0 
77.693 684.0 
77.681 685.0 
77.775 686.0 
77.576 687.0 
77.646 688.0 
77.658 689.0 
77.693 690.0 
77.739 691.0 
77.728 692.0 
77.599 693.0 
77.611 694.0 
77.646 695.0 
77.681 696.0 
77.658 697.0 
77.716 698.0 
77.541 699.0 
77.588 700.0 
77.634 701.0 
77.669 702.0 
77.658 703.0 
77.728 704.0 
77.716 705.0 
77.751 706.0 
77.611 707.0 
77.611 708.0 
77.634 709.0 
77.623 710.0 
77.681 711.0 
77.704 712.0 
77.728 713.0 
77.728 714.0 
77.541 715.0 
77.564 716.0 
77.529 717.0 
77.599 718.0 
77.588 719.0 
77.634 720.0 
77.658 721.0 
77.681 722.0 
77.704 723.0 
77.728 724.0 
77.739 725.0 
77.529 726.0 
77.611 727.0 
77.611 728.0 
77.623 729.0 
77.634 730.0 
77.681 731.0 
77.681 732.0 
77.693 733.0 
77.716 734.0 
77.704 735.0 
77.669 736.0 
77.728 737.0 
77.739 738.0 
77.553 739.0 
77.553 740.0 
77.611 741.0 
77.553 742.0 
77.588 743.0 
77.611 744.0 
77.623 745.0 
77.611 746.0 
77.634 747.0 
77.588 748.0 
77.634 749.0 
77.634 750.0 
77.634 751.0 
77.658 752.0 
77.669 753.0 
77.623 754.0 
77.634 755.0 
77.634 756.0 
77.658 757.0 
77.658 758.0 
77.669 759.0 
77.623 760.0 
77.681 761.0 
77.681 762.0 
77.669 763.0 
77.681 764.0 
77.669 765.0 
77.693 766.0 
77.681 767.0 
77.669 768.0 
77.669 769.0 
77.693 770.0 
77.681 771.0 
77.681 772.0 
77.681 773.0 
77.646 774.0 
77.681 775.0 
77.693 776.0 
77.681 777.0 
77.658 778.0 
77.669 779.0 
77.681 780.0 
77.681 781.0 
77.669 782.0 
77.681 783.0 
77.693 784.0 
77.716 785.0 
77.658 786.0 
77.669 787.0 
77.658 788.0 
77.669 789.0 
77.693 790.0 
77.693 791.0 
77.681 792.0 
77.658 793.0 
77.681 794.0 
77.693 795.0 
77.681 796.0 
77.646 797.0 
77.681 798.0 
77.669 799.0 
77.681 800.0 
77.669 801.0 
77.634 802.0 
77.681 803.0 
77.658 804.0 
0.002 805.0 
0.0 806.0 
0.013 807.0 
0.01 808.0 
0.006 809.0 
0.002 810.0 
0.008 811.0 
0.001 812.0 
0.005 813.0 
-0.004 814.0 
-0.005 815.0 
0.0 816.0 
-0.006 817.0 
-0.012 818.0 
-0.017 819.0 
-0.018 820.0 
-0.02 821.0 
-0.02 822.0 
-0.024 823.0 
-0.028 824.0 
-0.028 825.0 
-0.028 826.0 
-0.031 827.0 
-0.034 828.0 
-0.035 829.0 
