-0.042 257.0 
-0.028 258.0 
-0.055 259.0 
-0.032 260.0 
-0.061 261.0 
-0.052 262.0 
-0.046 263.0 
-0.032 264.0 
-0.002 265.0 
-0.043 266.0 
-0.035 267.0 
-0.037 268.0 
-0.042 269.0 
0.0 270.0 
-0.029 271.0 
-0.041 272.0 
-0.037 273.0 
-0.047 274.0 
145.259 275.0 
142.176 276.0 
140.693 277.0 
139.057 278.0 
137.189 279.0 
135.098 280.0 
133.323 281.0 
131.045 282.0 
128.009 283.0 
126.747 284.0 
126.385 285.0 
126.011 286.0 
125.801 287.0 
125.579 288.0 
125.357 289.0 
125.17 290.0 
124.575 291.0 
124.353 292.0 
124.154 293.0 
124.166 294.0 
123.675 295.0 
123.489 296.0 
123.383 297.0 
122.893 298.0 
122.648 299.0 
122.601 300.0 
122.075 301.0 
121.994 302.0 
121.445 303.0 
121.41 304.0 
121.304 305.0 
120.662 306.0 
119.307 307.0 
116.796 308.0 
113.911 309.0 
109.975 310.0 
105.899 311.0 
101.578 312.0 
97.56 313.0 
93.6 314.0 
89.699 315.0 
85.892 316.0 
82.341 317.0 
79.48 318.0 
79.328 319.0 
79.106 320.0 
78.978 321.0 
78.989 322.0 
78.872 323.0 
78.931 324.0 
78.884 325.0 
78.791 326.0 
78.861 327.0 
78.802 328.0 
78.978 329.0 
78.896 330.0 
78.779 331.0 
78.896 332.0 
78.954 333.0 
78.814 334.0 
78.954 335.0 
78.919 336.0 
78.896 337.0 
78.779 338.0 
78.942 339.0 
78.802 340.0 
78.849 341.0 
78.814 342.0 
78.417 343.0 
78.872 344.0 
78.814 345.0 
78.814 346.0 
78.779 347.0 
78.896 348.0 
78.884 349.0 
78.861 350.0 
78.826 351.0 
78.849 352.0 
78.802 353.0 
78.721 354.0 
78.954 355.0 
78.884 356.0 
78.861 357.0 
78.861 358.0 
78.907 359.0 
78.849 360.0 
78.907 361.0 
78.849 362.0 
78.861 363.0 
78.802 364.0 
78.837 365.0 
78.861 366.0 
78.872 367.0 
78.814 368.0 
78.814 369.0 
78.872 370.0 
78.861 371.0 
78.872 372.0 
78.872 373.0 
78.884 374.0 
78.907 375.0 
78.896 376.0 
78.721 377.0 
78.814 378.0 
78.802 379.0 
78.814 380.0 
78.861 381.0 
78.942 382.0 
78.837 383.0 
78.791 384.0 
78.802 385.0 
78.896 386.0 
78.802 387.0 
78.791 388.0 
78.884 389.0 
78.861 390.0 
78.849 391.0 
78.802 392.0 
78.896 393.0 
78.756 394.0 
78.861 395.0 
78.907 396.0 
78.744 397.0 
78.861 398.0 
78.732 399.0 
78.779 400.0 
78.896 401.0 
78.849 402.0 
78.931 403.0 
78.907 404.0 
78.837 405.0 
78.791 406.0 
78.837 407.0 
78.791 408.0 
78.837 409.0 
78.756 410.0 
78.837 411.0 
78.896 412.0 
79.164 413.0 
78.861 414.0 
78.814 415.0 
78.884 416.0 
78.779 417.0 
78.931 418.0 
78.861 419.0 
78.779 420.0 
78.826 421.0 
78.896 422.0 
78.884 423.0 
78.814 424.0 
78.814 425.0 
78.837 426.0 
78.884 427.0 
78.802 428.0 
78.826 429.0 
78.814 430.0 
78.861 431.0 
78.872 432.0 
78.884 433.0 
78.756 434.0 
78.802 435.0 
78.826 436.0 
78.907 437.0 
78.732 438.0 
78.814 439.0 
78.826 440.0 
78.791 441.0 
78.802 442.0 
78.802 443.0 
78.814 444.0 
78.791 445.0 
78.779 446.0 
78.907 447.0 
78.872 448.0 
78.861 449.0 
79.129 450.0 
78.756 451.0 
78.779 452.0 
78.756 453.0 
78.744 454.0 
78.849 455.0 
78.837 456.0 
78.814 457.0 
78.756 458.0 
78.837 459.0 
78.861 460.0 
78.814 461.0 
78.814 462.0 
78.896 463.0 
78.837 464.0 
78.837 465.0 
78.896 466.0 
78.826 467.0 
78.779 468.0 
78.872 469.0 
78.849 470.0 
78.814 471.0 
78.826 472.0 
78.907 473.0 
78.791 474.0 
78.931 475.0 
78.814 476.0 
78.756 477.0 
78.826 478.0 
78.756 479.0 
78.826 480.0 
78.919 481.0 
78.837 482.0 
78.896 483.0 
78.791 484.0 
78.884 485.0 
78.767 486.0 
78.756 487.0 
78.884 488.0 
78.849 489.0 
78.826 490.0 
78.907 491.0 
78.826 492.0 
78.814 493.0 
78.861 494.0 
78.791 495.0 
78.767 496.0 
78.814 497.0 
78.849 498.0 
78.744 499.0 
78.756 500.0 
78.826 501.0 
78.872 502.0 
78.744 503.0 
78.756 504.0 
78.791 505.0 
78.802 506.0 
78.791 507.0 
78.861 508.0 
78.744 509.0 
78.767 510.0 
78.779 511.0 
78.779 512.0 
78.814 513.0 
78.814 514.0 
78.837 515.0 
78.837 516.0 
78.849 517.0 
78.686 518.0 
78.697 519.0 
78.674 520.0 
78.721 521.0 
78.732 522.0 
78.721 523.0 
78.697 524.0 
78.732 525.0 
78.697 526.0 
78.721 527.0 
78.65 528.0 
78.662 529.0 
78.674 530.0 
78.639 531.0 
78.767 532.0 
78.767 533.0 
78.662 534.0 
78.709 535.0 
78.697 536.0 
78.615 537.0 
78.569 538.0 
78.534 539.0 
78.51 540.0 
78.604 541.0 
78.522 542.0 
78.557 543.0 
78.499 544.0 
78.452 545.0 
78.417 546.0 
78.522 547.0 
78.499 548.0 
78.452 549.0 
78.405 550.0 
78.335 551.0 
78.475 552.0 
78.44 553.0 
78.359 554.0 
78.323 555.0 
78.464 556.0 
78.405 557.0 
78.405 558.0 
77.973 559.0 
78.44 560.0 
78.394 561.0 
78.347 562.0 
78.44 563.0 
78.37 564.0 
78.288 565.0 
78.44 566.0 
78.452 567.0 
78.347 568.0 
78.429 569.0 
78.382 570.0 
78.44 571.0 
78.37 572.0 
78.323 573.0 
78.37 574.0 
78.335 575.0 
78.44 576.0 
78.37 577.0 
78.394 578.0 
78.464 579.0 
78.405 580.0 
78.464 581.0 
78.405 582.0 
78.487 583.0 
78.464 584.0 
78.545 585.0 
78.452 586.0 
78.37 587.0 
78.44 588.0 
78.394 589.0 
78.475 590.0 
78.37 591.0 
78.452 592.0 
78.394 593.0 
78.382 594.0 
78.405 595.0 
78.464 596.0 
78.359 597.0 
78.44 598.0 
78.394 599.0 
78.44 600.0 
78.557 601.0 
78.429 602.0 
78.522 603.0 
78.44 604.0 
78.51 605.0 
78.394 606.0 
78.452 607.0 
78.359 608.0 
78.417 609.0 
78.534 610.0 
78.405 611.0 
78.452 612.0 
78.335 613.0 
78.452 614.0 
78.312 615.0 
78.382 616.0 
78.499 617.0 
78.323 618.0 
78.44 619.0 
78.16 620.0 
78.382 621.0 
78.44 622.0 
78.382 623.0 
78.405 624.0 
78.51 625.0 
78.347 626.0 
78.452 627.0 
78.499 628.0 
78.394 629.0 
78.452 630.0 
78.487 631.0 
78.335 632.0 
78.44 633.0 
78.51 634.0 
78.394 635.0 
78.429 636.0 
78.499 637.0 
78.37 638.0 
78.452 639.0 
78.464 640.0 
78.347 641.0 
78.429 642.0 
78.487 643.0 
78.347 644.0 
78.394 645.0 
78.44 646.0 
78.499 647.0 
78.382 648.0 
78.429 649.0 
78.464 650.0 
78.323 651.0 
78.37 652.0 
78.417 653.0 
78.475 654.0 
78.323 655.0 
78.382 656.0 
78.44 657.0 
78.475 658.0 
78.359 659.0 
78.417 660.0 
78.452 661.0 
78.522 662.0 
78.347 663.0 
78.417 664.0 
78.475 665.0 
78.534 666.0 
78.347 667.0 
78.405 668.0 
78.464 669.0 
78.464 670.0 
78.359 671.0 
78.382 672.0 
78.417 673.0 
78.44 674.0 
78.475 675.0 
78.335 676.0 
78.382 677.0 
78.429 678.0 
78.405 679.0 
78.487 680.0 
78.347 681.0 
78.37 682.0 
78.417 683.0 
78.452 684.0 
78.499 685.0 
78.522 686.0 
78.359 687.0 
78.382 688.0 
78.452 689.0 
78.452 690.0 
78.499 691.0 
78.475 692.0 
78.335 693.0 
78.359 694.0 
78.394 695.0 
78.429 696.0 
78.44 697.0 
78.394 698.0 
78.102 699.0 
78.323 700.0 
78.37 701.0 
78.394 702.0 
78.417 703.0 
78.44 704.0 
78.475 705.0 
78.487 706.0 
78.335 707.0 
78.394 708.0 
78.382 709.0 
78.417 710.0 
78.464 711.0 
78.464 712.0 
78.452 713.0 
78.487 714.0 
78.487 715.0 
78.335 716.0 
78.347 717.0 
78.382 718.0 
78.37 719.0 
78.405 720.0 
78.429 721.0 
78.452 722.0 
78.475 723.0 
78.475 724.0 
78.522 725.0 
78.335 726.0 
78.359 727.0 
78.382 728.0 
78.405 729.0 
78.417 730.0 
78.417 731.0 
78.405 732.0 
78.44 733.0 
78.464 734.0 
78.464 735.0 
78.452 736.0 
78.464 737.0 
78.499 738.0 
78.218 739.0 
78.323 740.0 
78.312 741.0 
78.335 742.0 
78.347 743.0 
78.335 744.0 
78.382 745.0 
78.335 746.0 
78.382 747.0 
78.335 748.0 
78.37 749.0 
78.394 750.0 
78.37 751.0 
78.394 752.0 
78.394 753.0 
78.429 754.0 
78.405 755.0 
78.44 756.0 
78.394 757.0 
78.394 758.0 
78.429 759.0 
78.429 760.0 
78.405 761.0 
78.405 762.0 
78.464 763.0 
78.452 764.0 
78.417 765.0 
78.429 766.0 
78.452 767.0 
78.417 768.0 
78.44 769.0 
78.487 770.0 
78.429 771.0 
78.429 772.0 
78.464 773.0 
78.44 774.0 
78.429 775.0 
78.405 776.0 
78.417 777.0 
78.394 778.0 
78.44 779.0 
78.429 780.0 
78.429 781.0 
78.44 782.0 
78.429 783.0 
78.44 784.0 
78.417 785.0 
78.44 786.0 
78.44 787.0 
78.429 788.0 
78.464 789.0 
78.405 790.0 
78.429 791.0 
78.44 792.0 
78.452 793.0 
78.429 794.0 
78.417 795.0 
78.405 796.0 
78.37 797.0 
78.394 798.0 
78.382 799.0 
78.382 800.0 
78.405 801.0 
78.417 802.0 
78.429 803.0 
78.382 804.0 
0.0 805.0 
-0.002 806.0 
0.002 807.0 
0.006 808.0 
0.008 809.0 
0.007 810.0 
-0.004 811.0 
-0.002 812.0 
-0.005 813.0 
-0.005 814.0 
-0.01 815.0 
-0.016 816.0 
-0.016 817.0 
-0.014 818.0 
-0.011 819.0 
-0.013 820.0 
-0.02 821.0 
-0.024 822.0 
-0.026 823.0 
-0.029 824.0 
-0.022 825.0 
-0.025 826.0 
-0.022 827.0 
-0.029 828.0 
-0.018 829.0 
