-0.046 257.0 
-0.037 258.0 
-0.107 259.0 
-0.065 260.0 
-0.049 261.0 
-0.036 262.0 
-0.064 263.0 
-0.05 264.0 
-0.012 265.0 
-0.018 266.0 
-0.038 267.0 
-0.05 268.0 
-0.041 269.0 
-0.047 270.0 
-0.013 271.0 
-0.026 272.0 
-0.02 273.0 
-0.036 274.0 
143.613 275.0 
140.95 276.0 
139.688 277.0 
138.322 278.0 
136.745 279.0 
134.829 280.0 
133.229 281.0 
131.115 282.0 
128.324 283.0 
127.354 284.0 
126.969 285.0 
126.619 286.0 
126.408 287.0 
126.081 288.0 
125.789 289.0 
125.17 290.0 
124.995 291.0 
124.82 292.0 
124.633 293.0 
124.505 294.0 
123.967 295.0 
123.827 296.0 
123.757 297.0 
123.22 298.0 
123.021 299.0 
122.963 300.0 
122.402 301.0 
122.321 302.0 
121.807 303.0 
121.725 304.0 
121.62 305.0 
120.931 306.0 
119.459 307.0 
116.738 308.0 
113.467 309.0 
109.088 310.0 
104.731 311.0 
100.164 312.0 
95.855 313.0 
91.708 314.0 
88.064 315.0 
84.455 316.0 
81.372 317.0 
78.697 318.0 
78.592 319.0 
78.382 320.0 
78.288 321.0 
78.207 322.0 
78.137 323.0 
78.195 324.0 
78.137 325.0 
78.09 326.0 
78.125 327.0 
78.043 328.0 
78.242 329.0 
78.183 330.0 
78.078 331.0 
78.394 332.0 
78.16 333.0 
78.078 334.0 
78.078 335.0 
78.148 336.0 
78.148 337.0 
77.996 338.0 
78.195 339.0 
78.137 340.0 
78.078 341.0 
78.09 342.0 
78.148 343.0 
78.09 344.0 
78.078 345.0 
78.055 346.0 
78.031 347.0 
78.09 348.0 
78.172 349.0 
78.137 350.0 
78.102 351.0 
78.183 352.0 
78.09 353.0 
77.973 354.0 
78.16 355.0 
78.125 356.0 
78.16 357.0 
78.125 358.0 
78.148 359.0 
78.055 360.0 
78.148 361.0 
78.102 362.0 
78.113 363.0 
78.055 364.0 
78.09 365.0 
78.125 366.0 
78.102 367.0 
78.067 368.0 
78.078 369.0 
78.102 370.0 
78.137 371.0 
78.16 372.0 
78.125 373.0 
78.195 374.0 
78.172 375.0 
78.429 376.0 
78.02 377.0 
78.09 378.0 
78.09 379.0 
78.067 380.0 
78.102 381.0 
78.172 382.0 
78.102 383.0 
78.078 384.0 
78.067 385.0 
78.195 386.0 
78.055 387.0 
78.008 388.0 
78.102 389.0 
78.125 390.0 
78.09 391.0 
78.078 392.0 
78.16 393.0 
77.996 394.0 
78.102 395.0 
78.148 396.0 
78.055 397.0 
78.137 398.0 
77.938 399.0 
78.031 400.0 
78.148 401.0 
78.09 402.0 
78.148 403.0 
78.16 404.0 
78.09 405.0 
78.055 406.0 
78.102 407.0 
78.043 408.0 
78.09 409.0 
78.043 410.0 
78.09 411.0 
78.16 412.0 
78.592 413.0 
78.102 414.0 
78.09 415.0 
78.09 416.0 
78.043 417.0 
78.148 418.0 
78.078 419.0 
78.043 420.0 
78.067 421.0 
78.067 422.0 
78.137 423.0 
78.09 424.0 
78.067 425.0 
78.113 426.0 
78.137 427.0 
78.043 428.0 
78.09 429.0 
78.043 430.0 
78.113 431.0 
78.137 432.0 
78.148 433.0 
78.02 434.0 
78.031 435.0 
78.09 436.0 
78.137 437.0 
77.996 438.0 
78.031 439.0 
78.043 440.0 
78.043 441.0 
78.055 442.0 
78.055 443.0 
78.055 444.0 
78.055 445.0 
78.031 446.0 
78.148 447.0 
78.172 448.0 
78.102 449.0 
78.347 450.0 
78.067 451.0 
78.055 452.0 
78.055 453.0 
77.961 454.0 
78.09 455.0 
78.067 456.0 
78.055 457.0 
78.031 458.0 
78.113 459.0 
78.125 460.0 
78.043 461.0 
78.02 462.0 
78.125 463.0 
78.09 464.0 
78.113 465.0 
78.137 466.0 
78.09 467.0 
78.02 468.0 
78.102 469.0 
78.09 470.0 
78.078 471.0 
78.055 472.0 
78.137 473.0 
78.031 474.0 
78.137 475.0 
78.043 476.0 
77.985 477.0 
78.078 478.0 
77.985 479.0 
78.067 480.0 
78.148 481.0 
78.055 482.0 
78.137 483.0 
78.031 484.0 
78.102 485.0 
78.02 486.0 
78.02 487.0 
78.137 488.0 
78.031 489.0 
78.09 490.0 
78.113 491.0 
78.09 492.0 
78.067 493.0 
78.067 494.0 
77.996 495.0 
77.973 496.0 
78.067 497.0 
78.113 498.0 
77.973 499.0 
77.996 500.0 
78.078 501.0 
78.102 502.0 
77.961 503.0 
77.996 504.0 
78.031 505.0 
78.031 506.0 
78.008 507.0 
78.125 508.0 
77.95 509.0 
78.008 510.0 
78.031 511.0 
78.067 512.0 
78.043 513.0 
78.031 514.0 
78.067 515.0 
78.055 516.0 
78.09 517.0 
77.915 518.0 
77.915 519.0 
77.938 520.0 
77.938 521.0 
77.926 522.0 
77.95 523.0 
77.938 524.0 
77.961 525.0 
77.95 526.0 
77.938 527.0 
77.833 528.0 
77.868 529.0 
77.868 530.0 
77.88 531.0 
77.996 532.0 
77.95 533.0 
77.915 534.0 
77.915 535.0 
77.891 536.0 
77.833 537.0 
77.704 538.0 
77.704 539.0 
77.693 540.0 
77.81 541.0 
77.646 542.0 
77.704 543.0 
77.669 544.0 
77.623 545.0 
77.599 546.0 
77.693 547.0 
77.611 548.0 
77.564 549.0 
77.541 550.0 
77.471 551.0 
77.623 552.0 
77.564 553.0 
77.471 554.0 
77.459 555.0 
77.599 556.0 
77.529 557.0 
77.494 558.0 
77.12 559.0 
77.541 560.0 
77.506 561.0 
77.448 562.0 
77.576 563.0 
77.506 564.0 
77.448 565.0 
77.564 566.0 
77.564 567.0 
77.483 568.0 
77.506 569.0 
77.448 570.0 
77.588 571.0 
77.553 572.0 
77.448 573.0 
77.553 574.0 
77.506 575.0 
77.739 576.0 
77.483 577.0 
77.529 578.0 
77.576 579.0 
77.564 580.0 
77.611 581.0 
77.529 582.0 
77.599 583.0 
77.564 584.0 
77.681 585.0 
77.588 586.0 
77.518 587.0 
77.576 588.0 
77.494 589.0 
77.623 590.0 
77.518 591.0 
77.588 592.0 
77.483 593.0 
77.518 594.0 
77.506 595.0 
77.588 596.0 
77.494 597.0 
77.553 598.0 
77.471 599.0 
77.564 600.0 
77.634 601.0 
77.553 602.0 
77.634 603.0 
77.494 604.0 
77.634 605.0 
77.494 606.0 
77.588 607.0 
77.448 608.0 
77.529 609.0 
77.623 610.0 
77.529 611.0 
77.611 612.0 
77.506 613.0 
77.599 614.0 
77.494 615.0 
77.553 616.0 
77.623 617.0 
77.436 618.0 
77.553 619.0 
77.12 620.0 
77.518 621.0 
77.588 622.0 
77.494 623.0 
77.529 624.0 
77.599 625.0 
77.483 626.0 
77.564 627.0 
77.623 628.0 
77.483 629.0 
77.564 630.0 
77.646 631.0 
77.494 632.0 
77.576 633.0 
77.611 634.0 
77.518 635.0 
77.564 636.0 
77.611 637.0 
77.494 638.0 
77.529 639.0 
77.611 640.0 
77.518 641.0 
77.541 642.0 
77.576 643.0 
77.448 644.0 
77.541 645.0 
77.588 646.0 
77.599 647.0 
77.506 648.0 
77.518 649.0 
77.599 650.0 
77.483 651.0 
77.494 652.0 
77.564 653.0 
77.599 654.0 
77.459 655.0 
77.506 656.0 
77.541 657.0 
77.599 658.0 
77.506 659.0 
77.529 660.0 
77.588 661.0 
77.611 662.0 
77.459 663.0 
77.553 664.0 
77.588 665.0 
77.623 666.0 
77.518 667.0 
77.564 668.0 
77.588 669.0 
77.669 670.0 
77.483 671.0 
77.529 672.0 
77.553 673.0 
77.576 674.0 
77.576 675.0 
77.483 676.0 
77.506 677.0 
77.541 678.0 
77.576 679.0 
77.611 680.0 
77.471 681.0 
77.471 682.0 
77.541 683.0 
77.576 684.0 
77.576 685.0 
77.646 686.0 
77.483 687.0 
77.518 688.0 
77.564 689.0 
77.564 690.0 
77.599 691.0 
77.646 692.0 
77.436 693.0 
77.483 694.0 
77.494 695.0 
77.553 696.0 
77.588 697.0 
77.564 698.0 
77.331 699.0 
77.494 700.0 
77.494 701.0 
77.506 702.0 
77.553 703.0 
77.564 704.0 
77.553 705.0 
77.611 706.0 
77.506 707.0 
77.506 708.0 
77.506 709.0 
77.564 710.0 
77.541 711.0 
77.576 712.0 
77.611 713.0 
77.611 714.0 
77.611 715.0 
77.436 716.0 
77.518 717.0 
77.506 718.0 
77.529 719.0 
77.541 720.0 
77.553 721.0 
77.576 722.0 
77.599 723.0 
77.623 724.0 
77.646 725.0 
77.471 726.0 
77.471 727.0 
77.506 728.0 
77.529 729.0 
77.529 730.0 
77.529 731.0 
77.541 732.0 
77.553 733.0 
77.564 734.0 
77.588 735.0 
77.588 736.0 
77.611 737.0 
77.599 738.0 
77.179 739.0 
77.448 740.0 
77.448 741.0 
77.448 742.0 
77.494 743.0 
77.471 744.0 
77.483 745.0 
77.506 746.0 
77.483 747.0 
77.494 748.0 
77.518 749.0 
77.518 750.0 
77.529 751.0 
77.564 752.0 
77.494 753.0 
77.529 754.0 
77.518 755.0 
77.529 756.0 
77.541 757.0 
77.553 758.0 
77.553 759.0 
77.553 760.0 
77.541 761.0 
77.529 762.0 
77.553 763.0 
77.564 764.0 
77.553 765.0 
77.588 766.0 
77.576 767.0 
77.553 768.0 
77.599 769.0 
77.576 770.0 
77.588 771.0 
77.576 772.0 
77.564 773.0 
77.553 774.0 
77.553 775.0 
77.564 776.0 
77.553 777.0 
77.564 778.0 
77.553 779.0 
77.553 780.0 
77.529 781.0 
77.506 782.0 
77.541 783.0 
77.541 784.0 
77.553 785.0 
77.564 786.0 
77.541 787.0 
77.541 788.0 
77.576 789.0 
77.576 790.0 
77.564 791.0 
77.576 792.0 
77.564 793.0 
77.541 794.0 
77.494 795.0 
77.518 796.0 
77.564 797.0 
77.541 798.0 
77.518 799.0 
77.529 800.0 
77.494 801.0 
77.553 802.0 
77.518 803.0 
77.529 804.0 
0.007 805.0 
0.001 806.0 
0.019 807.0 
0.005 808.0 
0.0 809.0 
-0.004 810.0 
0.002 811.0 
0.023 812.0 
0.006 813.0 
0.001 814.0 
0.005 815.0 
0.001 816.0 
0.007 817.0 
-0.002 818.0 
-0.002 819.0 
-0.002 820.0 
-0.013 821.0 
-0.002 822.0 
-0.008 823.0 
-0.01 824.0 
-0.008 825.0 
-0.012 826.0 
-0.013 827.0 
-0.012 828.0 
-0.016 829.0 
