-0.035 257.0 
-0.052 258.0 
-0.042 259.0 
-0.025 260.0 
-0.035 261.0 
-0.044 262.0 
-0.054 263.0 
-0.035 264.0 
-0.032 265.0 
-0.052 266.0 
-0.035 267.0 
-0.047 268.0 
-0.048 269.0 
-0.034 270.0 
-0.031 271.0 
-0.043 272.0 
-0.035 273.0 
-0.029 274.0 
151.636 275.0 
148.6 276.0 
147.502 277.0 
146.042 278.0 
144.547 279.0 
142.48 280.0 
141.043 281.0 
139.022 282.0 
136.441 283.0 
135.238 284.0 
134.888 285.0 
134.572 286.0 
134.456 287.0 
134.199 288.0 
133.895 289.0 
133.183 290.0 
133.077 291.0 
132.786 292.0 
132.645 293.0 
132.283 294.0 
132.061 295.0 
131.898 296.0 
131.863 297.0 
131.337 298.0 
131.162 299.0 
131.139 300.0 
130.613 301.0 
130.578 302.0 
130.099 303.0 
130.076 304.0 
130.006 305.0 
129.398 306.0 
128.254 307.0 
125.708 308.0 
122.461 309.0 
117.964 310.0 
113.421 311.0 
108.27 312.0 
103.61 313.0 
98.88 314.0 
94.722 315.0 
90.704 316.0 
86.955 317.0 
83.941 318.0 
83.825 319.0 
83.614 320.0 
83.579 321.0 
83.463 322.0 
83.334 323.0 
83.427 324.0 
83.369 325.0 
83.229 326.0 
83.369 327.0 
83.299 328.0 
83.486 329.0 
83.369 330.0 
83.311 331.0 
83.743 332.0 
83.404 333.0 
83.299 334.0 
83.311 335.0 
83.369 336.0 
83.369 337.0 
83.229 338.0 
83.416 339.0 
83.334 340.0 
83.322 341.0 
83.299 342.0 
83.404 343.0 
83.334 344.0 
83.299 345.0 
83.264 346.0 
83.264 347.0 
83.299 348.0 
83.369 349.0 
83.346 350.0 
83.287 351.0 
83.357 352.0 
83.311 353.0 
83.217 354.0 
83.381 355.0 
83.357 356.0 
83.404 357.0 
83.311 358.0 
83.369 359.0 
83.357 360.0 
83.369 361.0 
83.252 362.0 
83.346 363.0 
83.276 364.0 
83.287 365.0 
83.322 366.0 
83.311 367.0 
83.299 368.0 
83.311 369.0 
83.334 370.0 
83.369 371.0 
83.357 372.0 
83.334 373.0 
83.369 374.0 
83.416 375.0 
83.439 376.0 
83.194 377.0 
83.322 378.0 
83.276 379.0 
83.322 380.0 
83.311 381.0 
83.416 382.0 
83.287 383.0 
83.299 384.0 
83.252 385.0 
83.392 386.0 
83.299 387.0 
83.287 388.0 
83.322 389.0 
83.357 390.0 
83.357 391.0 
83.287 392.0 
83.416 393.0 
83.241 394.0 
83.346 395.0 
83.416 396.0 
83.241 397.0 
83.334 398.0 
83.217 399.0 
83.241 400.0 
83.381 401.0 
83.334 402.0 
83.392 403.0 
83.357 404.0 
83.287 405.0 
83.229 406.0 
83.311 407.0 
83.264 408.0 
83.334 409.0 
83.252 410.0 
83.322 411.0 
83.381 412.0 
83.416 413.0 
83.369 414.0 
83.287 415.0 
83.346 416.0 
83.264 417.0 
83.427 418.0 
83.322 419.0 
83.252 420.0 
83.311 421.0 
83.322 422.0 
83.369 423.0 
83.287 424.0 
83.276 425.0 
83.322 426.0 
83.381 427.0 
83.311 428.0 
83.334 429.0 
83.229 430.0 
83.357 431.0 
83.369 432.0 
83.346 433.0 
83.241 434.0 
83.287 435.0 
83.322 436.0 
83.427 437.0 
83.229 438.0 
83.264 439.0 
83.287 440.0 
83.287 441.0 
83.276 442.0 
83.264 443.0 
83.287 444.0 
83.264 445.0 
83.252 446.0 
83.357 447.0 
83.392 448.0 
83.357 449.0 
83.696 450.0 
83.311 451.0 
83.322 452.0 
83.252 453.0 
83.229 454.0 
83.369 455.0 
83.311 456.0 
83.264 457.0 
83.264 458.0 
83.346 459.0 
83.381 460.0 
83.334 461.0 
83.287 462.0 
83.381 463.0 
83.334 464.0 
83.334 465.0 
83.369 466.0 
83.357 467.0 
83.229 468.0 
83.346 469.0 
83.311 470.0 
83.311 471.0 
83.287 472.0 
83.357 473.0 
83.276 474.0 
83.369 475.0 
83.334 476.0 
83.229 477.0 
83.287 478.0 
83.206 479.0 
83.311 480.0 
83.357 481.0 
83.322 482.0 
83.334 483.0 
83.264 484.0 
83.322 485.0 
83.229 486.0 
83.241 487.0 
83.369 488.0 
83.311 489.0 
83.287 490.0 
83.369 491.0 
83.322 492.0 
83.287 493.0 
83.334 494.0 
83.229 495.0 
83.171 496.0 
83.311 497.0 
83.346 498.0 
83.206 499.0 
83.264 500.0 
83.276 501.0 
83.311 502.0 
83.182 503.0 
83.206 504.0 
83.276 505.0 
83.276 506.0 
83.241 507.0 
83.334 508.0 
83.194 509.0 
83.229 510.0 
83.252 511.0 
83.287 512.0 
83.276 513.0 
83.334 514.0 
83.311 515.0 
83.322 516.0 
83.311 517.0 
83.065 518.0 
83.112 519.0 
83.135 520.0 
83.112 521.0 
83.135 522.0 
83.159 523.0 
83.159 524.0 
83.1 525.0 
83.1 526.0 
83.135 527.0 
83.077 528.0 
83.077 529.0 
83.019 530.0 
83.019 531.0 
83.182 532.0 
83.1 533.0 
83.065 534.0 
83.1 535.0 
83.007 536.0 
82.972 537.0 
82.902 538.0 
82.808 539.0 
82.82 540.0 
82.925 541.0 
82.867 542.0 
82.808 543.0 
82.738 544.0 
82.692 545.0 
82.645 546.0 
82.797 547.0 
82.703 548.0 
82.645 549.0 
82.645 550.0 
82.587 551.0 
82.68 552.0 
82.598 553.0 
82.563 554.0 
82.551 555.0 
82.703 556.0 
82.61 557.0 
82.54 558.0 
82.271 559.0 
82.633 560.0 
82.54 561.0 
82.505 562.0 
82.657 563.0 
82.563 564.0 
82.481 565.0 
82.633 566.0 
82.622 567.0 
82.47 568.0 
82.61 569.0 
82.575 570.0 
82.668 571.0 
82.587 572.0 
82.516 573.0 
82.575 574.0 
82.551 575.0 
82.692 576.0 
82.61 577.0 
82.587 578.0 
82.645 579.0 
82.587 580.0 
82.692 581.0 
82.622 582.0 
82.657 583.0 
82.633 584.0 
82.762 585.0 
82.657 586.0 
82.61 587.0 
82.61 588.0 
82.575 589.0 
82.668 590.0 
82.598 591.0 
82.645 592.0 
82.575 593.0 
82.61 594.0 
82.551 595.0 
82.668 596.0 
82.54 597.0 
82.645 598.0 
82.575 599.0 
82.622 600.0 
82.692 601.0 
82.598 602.0 
82.703 603.0 
82.587 604.0 
82.668 605.0 
82.575 606.0 
82.645 607.0 
82.54 608.0 
82.633 609.0 
82.727 610.0 
82.61 611.0 
82.68 612.0 
82.563 613.0 
82.668 614.0 
82.54 615.0 
82.622 616.0 
82.692 617.0 
82.516 618.0 
82.645 619.0 
82.33 620.0 
82.575 621.0 
82.633 622.0 
82.575 623.0 
82.598 624.0 
82.68 625.0 
82.528 626.0 
82.657 627.0 
82.68 628.0 
82.587 629.0 
82.633 630.0 
82.727 631.0 
82.551 632.0 
82.668 633.0 
82.727 634.0 
82.598 635.0 
82.657 636.0 
82.68 637.0 
82.575 638.0 
82.645 639.0 
82.68 640.0 
82.563 641.0 
82.622 642.0 
82.657 643.0 
82.493 644.0 
82.563 645.0 
82.622 646.0 
82.703 647.0 
82.575 648.0 
82.598 649.0 
82.692 650.0 
82.493 651.0 
82.516 652.0 
82.622 653.0 
82.657 654.0 
82.528 655.0 
82.587 656.0 
82.633 657.0 
82.668 658.0 
82.563 659.0 
82.622 660.0 
82.657 661.0 
82.703 662.0 
82.563 663.0 
82.61 664.0 
82.645 665.0 
82.703 666.0 
82.54 667.0 
82.61 668.0 
82.668 669.0 
82.715 670.0 
82.54 671.0 
82.563 672.0 
82.633 673.0 
82.645 674.0 
82.703 675.0 
82.516 676.0 
82.598 677.0 
82.61 678.0 
82.61 679.0 
82.668 680.0 
82.528 681.0 
82.551 682.0 
82.622 683.0 
82.645 684.0 
82.692 685.0 
82.692 686.0 
82.528 687.0 
82.598 688.0 
82.622 689.0 
82.633 690.0 
82.68 691.0 
82.703 692.0 
82.551 693.0 
82.563 694.0 
82.575 695.0 
82.633 696.0 
82.668 697.0 
82.61 698.0 
82.318 699.0 
82.516 700.0 
82.551 701.0 
82.563 702.0 
82.622 703.0 
82.61 704.0 
82.668 705.0 
82.703 706.0 
82.516 707.0 
82.551 708.0 
82.575 709.0 
82.587 710.0 
82.598 711.0 
82.645 712.0 
82.668 713.0 
82.715 714.0 
82.703 715.0 
82.528 716.0 
82.563 717.0 
82.54 718.0 
82.551 719.0 
82.61 720.0 
82.61 721.0 
82.657 722.0 
82.668 723.0 
82.668 724.0 
82.692 725.0 
82.493 726.0 
82.505 727.0 
82.54 728.0 
82.575 729.0 
82.575 730.0 
82.61 731.0 
82.622 732.0 
82.645 733.0 
82.668 734.0 
82.692 735.0 
82.692 736.0 
82.68 737.0 
82.703 738.0 
82.248 739.0 
82.516 740.0 
82.493 741.0 
82.505 742.0 
82.551 743.0 
82.528 744.0 
82.54 745.0 
82.516 746.0 
82.575 747.0 
82.505 748.0 
82.575 749.0 
82.563 750.0 
82.575 751.0 
82.575 752.0 
82.575 753.0 
82.575 754.0 
82.598 755.0 
82.575 756.0 
82.61 757.0 
82.598 758.0 
82.61 759.0 
82.633 760.0 
82.61 761.0 
82.61 762.0 
82.622 763.0 
82.633 764.0 
82.633 765.0 
82.633 766.0 
82.622 767.0 
82.633 768.0 
82.645 769.0 
82.633 770.0 
82.657 771.0 
82.645 772.0 
82.633 773.0 
82.598 774.0 
82.645 775.0 
82.657 776.0 
82.645 777.0 
82.598 778.0 
82.61 779.0 
82.598 780.0 
82.622 781.0 
82.622 782.0 
82.598 783.0 
82.622 784.0 
82.622 785.0 
82.61 786.0 
82.622 787.0 
82.633 788.0 
82.622 789.0 
82.633 790.0 
82.633 791.0 
82.622 792.0 
82.633 793.0 
82.61 794.0 
82.587 795.0 
82.633 796.0 
82.587 797.0 
82.587 798.0 
82.598 799.0 
82.598 800.0 
82.587 801.0 
82.563 802.0 
82.587 803.0 
82.587 804.0 
0.002 805.0 
-0.001 806.0 
0.002 807.0 
-0.001 808.0 
0.0 809.0 
-0.008 810.0 
-0.016 811.0 
-0.016 812.0 
-0.017 813.0 
-0.023 814.0 
-0.025 815.0 
-0.032 816.0 
-0.035 817.0 
-0.04 818.0 
-0.044 819.0 
-0.036 820.0 
-0.037 821.0 
-0.035 822.0 
-0.032 823.0 
-0.042 824.0 
-0.038 825.0 
-0.031 826.0 
-0.029 827.0 
-0.024 828.0 
-0.022 829.0 
