-0.042 257.0 
-0.043 258.0 
-0.056 259.0 
-0.052 260.0 
-0.043 261.0 
-0.047 262.0 
-0.044 263.0 
-0.064 264.0 
-0.048 265.0 
-0.037 266.0 
-0.006 267.0 
-0.037 268.0 
-0.056 269.0 
-0.026 270.0 
-0.035 271.0 
-0.004 272.0 
-0.035 273.0 
-0.046 274.0 
146.381 275.0 
143.426 276.0 
142.269 277.0 
140.856 278.0 
139.151 279.0 
137.084 280.0 
135.413 281.0 
133.171 282.0 
130.695 283.0 
129.188 284.0 
128.838 285.0 
128.546 286.0 
128.277 287.0 
128.044 288.0 
127.833 289.0 
127.623 290.0 
127.109 291.0 
126.887 292.0 
126.747 293.0 
126.642 294.0 
126.058 295.0 
125.965 296.0 
125.953 297.0 
125.392 298.0 
125.252 299.0 
125.182 300.0 
124.668 301.0 
124.633 302.0 
124.154 303.0 
124.061 304.0 
123.991 305.0 
123.418 306.0 
122.215 307.0 
119.856 308.0 
116.995 309.0 
113.164 310.0 
109.403 311.0 
105.245 312.0 
101.11 313.0 
96.602 314.0 
92.759 315.0 
88.672 316.0 
84.934 317.0 
81.757 318.0 
81.64 319.0 
81.395 320.0 
81.348 321.0 
81.255 322.0 
81.173 323.0 
81.243 324.0 
81.138 325.0 
81.582 326.0 
81.162 327.0 
81.08 328.0 
81.232 329.0 
81.162 330.0 
81.115 331.0 
81.197 332.0 
81.197 333.0 
81.08 334.0 
81.255 335.0 
81.173 336.0 
81.15 337.0 
81.045 338.0 
81.208 339.0 
81.103 340.0 
81.103 341.0 
81.068 342.0 
81.255 343.0 
81.162 344.0 
81.103 345.0 
81.08 346.0 
81.08 347.0 
81.22 348.0 
81.185 349.0 
81.162 350.0 
81.15 351.0 
81.15 352.0 
81.08 353.0 
80.963 354.0 
81.162 355.0 
81.15 356.0 
81.162 357.0 
81.103 358.0 
81.22 359.0 
81.127 360.0 
81.15 361.0 
81.115 362.0 
81.162 363.0 
81.08 364.0 
81.092 365.0 
81.138 366.0 
81.185 367.0 
81.045 368.0 
81.115 369.0 
81.115 370.0 
81.15 371.0 
81.162 372.0 
81.173 373.0 
81.162 374.0 
81.208 375.0 
81.185 376.0 
80.963 377.0 
81.092 378.0 
81.092 379.0 
81.08 380.0 
81.103 381.0 
81.173 382.0 
81.127 383.0 
81.103 384.0 
81.103 385.0 
81.185 386.0 
81.057 387.0 
81.045 388.0 
81.127 389.0 
81.127 390.0 
81.185 391.0 
81.15 392.0 
81.173 393.0 
81.021 394.0 
81.127 395.0 
81.185 396.0 
81.057 397.0 
81.115 398.0 
81.01 399.0 
81.068 400.0 
81.138 401.0 
81.115 402.0 
81.22 403.0 
81.127 404.0 
81.08 405.0 
81.057 406.0 
81.127 407.0 
81.103 408.0 
81.115 409.0 
81.021 410.0 
81.092 411.0 
81.162 412.0 
81.208 413.0 
81.15 414.0 
81.08 415.0 
81.173 416.0 
81.068 417.0 
81.278 418.0 
81.115 419.0 
81.068 420.0 
81.115 421.0 
81.127 422.0 
81.162 423.0 
81.08 424.0 
81.068 425.0 
81.173 426.0 
81.138 427.0 
81.057 428.0 
81.092 429.0 
81.057 430.0 
81.138 431.0 
81.15 432.0 
81.138 433.0 
81.033 434.0 
81.057 435.0 
81.138 436.0 
81.185 437.0 
81.033 438.0 
81.057 439.0 
81.08 440.0 
81.068 441.0 
81.068 442.0 
81.092 443.0 
81.068 444.0 
81.057 445.0 
81.021 446.0 
81.185 447.0 
81.127 448.0 
81.138 449.0 
81.384 450.0 
81.068 451.0 
81.103 452.0 
81.021 453.0 
81.021 454.0 
81.115 455.0 
81.127 456.0 
81.057 457.0 
81.033 458.0 
81.138 459.0 
81.138 460.0 
81.068 461.0 
81.057 462.0 
81.173 463.0 
81.103 464.0 
81.103 465.0 
81.15 466.0 
81.103 467.0 
81.045 468.0 
81.138 469.0 
81.068 470.0 
81.103 471.0 
81.092 472.0 
81.15 473.0 
81.068 474.0 
81.138 475.0 
81.115 476.0 
80.998 477.0 
81.08 478.0 
81.021 479.0 
81.092 480.0 
81.162 481.0 
81.068 482.0 
81.15 483.0 
81.068 484.0 
81.15 485.0 
81.057 486.0 
80.998 487.0 
81.127 488.0 
81.08 489.0 
81.08 490.0 
81.138 491.0 
81.103 492.0 
81.045 493.0 
81.127 494.0 
81.045 495.0 
81.045 496.0 
81.103 497.0 
81.115 498.0 
81.021 499.0 
81.01 500.0 
81.08 501.0 
81.127 502.0 
80.975 503.0 
81.033 504.0 
81.045 505.0 
81.057 506.0 
81.045 507.0 
81.103 508.0 
81.033 509.0 
81.01 510.0 
81.057 511.0 
81.08 512.0 
81.033 513.0 
81.08 514.0 
81.08 515.0 
81.127 516.0 
81.103 517.0 
80.975 518.0 
80.87 519.0 
80.951 520.0 
80.986 521.0 
80.951 522.0 
80.975 523.0 
80.986 524.0 
80.951 525.0 
80.928 526.0 
80.94 527.0 
80.916 528.0 
80.905 529.0 
80.823 530.0 
80.846 531.0 
80.986 532.0 
80.963 533.0 
80.905 534.0 
80.916 535.0 
80.846 536.0 
80.8 537.0 
80.729 538.0 
80.694 539.0 
80.636 540.0 
80.741 541.0 
80.671 542.0 
80.648 543.0 
80.578 544.0 
80.566 545.0 
80.484 546.0 
80.648 547.0 
80.566 548.0 
80.543 549.0 
80.461 550.0 
80.437 551.0 
80.543 552.0 
80.473 553.0 
80.402 554.0 
80.379 555.0 
80.496 556.0 
80.473 557.0 
80.449 558.0 
80.519 559.0 
80.496 560.0 
80.391 561.0 
80.356 562.0 
80.473 563.0 
80.473 564.0 
80.332 565.0 
80.508 566.0 
80.566 567.0 
80.391 568.0 
80.484 569.0 
80.414 570.0 
80.519 571.0 
80.437 572.0 
80.356 573.0 
80.391 574.0 
80.379 575.0 
80.519 576.0 
80.437 577.0 
80.437 578.0 
80.543 579.0 
80.461 580.0 
80.531 581.0 
80.449 582.0 
80.589 583.0 
80.508 584.0 
80.601 585.0 
80.496 586.0 
80.414 587.0 
80.484 588.0 
80.437 589.0 
80.484 590.0 
80.426 591.0 
80.496 592.0 
80.414 593.0 
80.496 594.0 
80.414 595.0 
80.519 596.0 
80.391 597.0 
80.496 598.0 
80.437 599.0 
80.496 600.0 
80.554 601.0 
80.426 602.0 
80.554 603.0 
80.473 604.0 
80.531 605.0 
80.437 606.0 
80.508 607.0 
80.391 608.0 
80.473 609.0 
80.508 610.0 
80.461 611.0 
80.554 612.0 
80.426 613.0 
80.496 614.0 
80.402 615.0 
80.496 616.0 
80.554 617.0 
80.437 618.0 
80.461 619.0 
80.11 620.0 
80.437 621.0 
80.437 622.0 
80.391 623.0 
80.437 624.0 
80.554 625.0 
80.402 626.0 
80.461 627.0 
80.543 628.0 
80.449 629.0 
80.496 630.0 
80.566 631.0 
80.414 632.0 
80.508 633.0 
80.543 634.0 
80.414 635.0 
80.508 636.0 
80.531 637.0 
80.437 638.0 
80.473 639.0 
80.543 640.0 
80.379 641.0 
80.461 642.0 
80.508 643.0 
80.391 644.0 
80.437 645.0 
80.473 646.0 
80.543 647.0 
80.426 648.0 
80.402 649.0 
80.508 650.0 
80.391 651.0 
80.402 652.0 
80.473 653.0 
80.554 654.0 
80.379 655.0 
80.426 656.0 
80.473 657.0 
80.531 658.0 
80.426 659.0 
80.449 660.0 
80.554 661.0 
80.543 662.0 
80.367 663.0 
80.484 664.0 
80.531 665.0 
80.531 666.0 
80.414 667.0 
80.461 668.0 
80.508 669.0 
80.531 670.0 
80.402 671.0 
80.414 672.0 
80.437 673.0 
80.484 674.0 
80.543 675.0 
80.391 676.0 
80.449 677.0 
80.449 678.0 
80.426 679.0 
80.519 680.0 
80.367 681.0 
80.402 682.0 
80.437 683.0 
80.496 684.0 
80.543 685.0 
80.578 686.0 
80.402 687.0 
80.414 688.0 
80.473 689.0 
80.484 690.0 
80.543 691.0 
80.554 692.0 
80.379 693.0 
80.402 694.0 
80.437 695.0 
80.508 696.0 
80.496 697.0 
80.484 698.0 
80.029 699.0 
80.414 700.0 
80.391 701.0 
80.426 702.0 
80.473 703.0 
80.473 704.0 
80.543 705.0 
80.566 706.0 
80.402 707.0 
80.402 708.0 
80.426 709.0 
80.461 710.0 
80.496 711.0 
80.508 712.0 
80.519 713.0 
80.508 714.0 
80.566 715.0 
80.379 716.0 
80.391 717.0 
80.426 718.0 
80.449 719.0 
80.473 720.0 
80.484 721.0 
80.484 722.0 
80.519 723.0 
80.554 724.0 
80.566 725.0 
80.379 726.0 
80.367 727.0 
80.379 728.0 
80.437 729.0 
80.449 730.0 
80.484 731.0 
80.473 732.0 
80.473 733.0 
80.496 734.0 
80.508 735.0 
80.496 736.0 
80.543 737.0 
80.543 738.0 
80.566 739.0 
80.379 740.0 
80.356 741.0 
80.391 742.0 
80.391 743.0 
80.379 744.0 
80.391 745.0 
80.402 746.0 
80.426 747.0 
80.391 748.0 
80.426 749.0 
80.426 750.0 
80.437 751.0 
80.461 752.0 
80.437 753.0 
80.426 754.0 
80.449 755.0 
80.449 756.0 
80.461 757.0 
80.473 758.0 
80.473 759.0 
80.473 760.0 
80.461 761.0 
80.473 762.0 
80.473 763.0 
80.473 764.0 
80.484 765.0 
80.484 766.0 
80.473 767.0 
80.496 768.0 
80.531 769.0 
80.461 770.0 
80.508 771.0 
80.484 772.0 
80.449 773.0 
80.461 774.0 
80.508 775.0 
80.484 776.0 
80.461 777.0 
80.473 778.0 
80.461 779.0 
80.473 780.0 
80.473 781.0 
80.484 782.0 
80.473 783.0 
80.461 784.0 
80.473 785.0 
80.484 786.0 
80.484 787.0 
80.484 788.0 
80.437 789.0 
80.449 790.0 
80.484 791.0 
80.496 792.0 
80.508 793.0 
80.449 794.0 
80.449 795.0 
80.461 796.0 
80.426 797.0 
80.473 798.0 
80.461 799.0 
80.426 800.0 
80.426 801.0 
80.473 802.0 
80.473 803.0 
80.473 804.0 
0.004 805.0 
0.005 806.0 
0.007 807.0 
0.0 808.0 
-0.018 809.0 
-0.006 810.0 
-0.013 811.0 
-0.013 812.0 
-0.016 813.0 
-0.037 814.0 
-0.029 815.0 
-0.032 816.0 
-0.028 817.0 
-0.03 818.0 
-0.042 819.0 
-0.028 820.0 
-0.032 821.0 
-0.028 822.0 
-0.031 823.0 
-0.028 824.0 
-0.029 825.0 
-0.013 826.0 
-0.024 827.0 
-0.023 828.0 
-0.011 829.0 
