-0.066 257.0 
-0.047 258.0 
-0.064 259.0 
-0.049 260.0 
-0.052 261.0 
-0.056 262.0 
-0.059 263.0 
-0.04 264.0 
-0.034 265.0 
-0.058 266.0 
-0.053 267.0 
-0.042 268.0 
-0.042 269.0 
-0.042 270.0 
-0.031 271.0 
-0.053 272.0 
-0.035 273.0 
-0.03 274.0 
96.053 275.0 
95.025 276.0 
94.944 277.0 
94.768 278.0 
94.593 279.0 
93.857 280.0 
92.467 281.0 
90.061 282.0 
87.807 283.0 
87.235 284.0 
87.188 285.0 
87.188 286.0 
87.27 287.0 
87.258 288.0 
87.223 289.0 
87.165 290.0 
87.036 291.0 
87.107 292.0 
87.107 293.0 
87.025 294.0 
87.001 295.0 
87.06 296.0 
87.188 297.0 
86.978 298.0 
86.978 299.0 
87.001 300.0 
86.931 301.0 
87.083 302.0 
86.873 303.0 
87.013 304.0 
87.62 305.0 
86.966 306.0 
86.92 307.0 
86.441 308.0 
85.869 309.0 
84.572 310.0 
82.972 311.0 
80.729 312.0 
78.3 313.0 
75.555 314.0 
73.173 315.0 
70.732 316.0 
68.816 317.0 
66.994 318.0 
66.842 319.0 
66.609 320.0 
66.352 321.0 
66.387 322.0 
66.27 323.0 
66.258 324.0 
66.188 325.0 
66.118 326.0 
66.142 327.0 
66.107 328.0 
66.48 329.0 
66.153 330.0 
66.001 331.0 
65.978 332.0 
66.107 333.0 
66.048 334.0 
65.943 335.0 
65.978 336.0 
66.095 337.0 
66.025 338.0 
66.013 339.0 
66.072 340.0 
66.001 341.0 
66.001 342.0 
65.978 343.0 
66.013 344.0 
65.955 345.0 
65.931 346.0 
66.025 347.0 
66.013 348.0 
65.99 349.0 
65.931 350.0 
65.978 351.0 
66.037 352.0 
66.06 353.0 
66.013 354.0 
66.001 355.0 
65.978 356.0 
66.037 357.0 
66.001 358.0 
66.06 359.0 
66.001 360.0 
66.072 361.0 
66.001 362.0 
66.048 363.0 
65.99 364.0 
66.001 365.0 
66.048 366.0 
66.06 367.0 
65.99 368.0 
65.978 369.0 
66.013 370.0 
66.037 371.0 
66.037 372.0 
66.072 373.0 
66.083 374.0 
66.34 375.0 
66.037 376.0 
65.978 377.0 
66.013 378.0 
66.025 379.0 
66.037 380.0 
65.99 381.0 
66.037 382.0 
66.025 383.0 
66.037 384.0 
66.025 385.0 
66.001 386.0 
65.943 387.0 
65.978 388.0 
66.025 389.0 
66.001 390.0 
66.001 391.0 
65.99 392.0 
66.095 393.0 
65.896 394.0 
66.048 395.0 
66.083 396.0 
65.978 397.0 
66.025 398.0 
65.943 399.0 
65.978 400.0 
66.06 401.0 
66.013 402.0 
66.06 403.0 
66.048 404.0 
66.025 405.0 
65.943 406.0 
66.037 407.0 
65.99 408.0 
66.013 409.0 
65.943 410.0 
66.013 411.0 
66.06 412.0 
66.305 413.0 
66.025 414.0 
65.955 415.0 
66.048 416.0 
65.978 417.0 
66.025 418.0 
66.06 419.0 
65.978 420.0 
65.99 421.0 
66.048 422.0 
66.048 423.0 
66.001 424.0 
66.001 425.0 
66.025 426.0 
66.037 427.0 
65.966 428.0 
66.048 429.0 
65.99 430.0 
65.966 431.0 
66.013 432.0 
66.025 433.0 
66.013 434.0 
66.001 435.0 
66.001 436.0 
66.048 437.0 
65.931 438.0 
65.955 439.0 
65.955 440.0 
65.955 441.0 
65.966 442.0 
65.966 443.0 
65.99 444.0 
65.686 445.0 
65.242 446.0 
65.312 447.0 
65.324 448.0 
65.312 449.0 
65.207 450.0 
65.312 451.0 
65.312 452.0 
65.289 453.0 
65.254 454.0 
65.219 455.0 
65.231 456.0 
65.289 457.0 
65.207 458.0 
65.254 459.0 
65.242 460.0 
65.324 461.0 
65.289 462.0 
65.207 463.0 
65.336 464.0 
65.301 465.0 
65.347 466.0 
65.231 467.0 
65.266 468.0 
65.301 469.0 
65.207 470.0 
65.219 471.0 
65.254 472.0 
65.219 473.0 
65.289 474.0 
65.359 475.0 
65.324 476.0 
65.242 477.0 
65.289 478.0 
65.219 479.0 
65.289 480.0 
65.336 481.0 
65.289 482.0 
65.359 483.0 
65.266 484.0 
65.312 485.0 
65.242 486.0 
65.242 487.0 
65.324 488.0 
65.266 489.0 
65.266 490.0 
65.301 491.0 
65.277 492.0 
65.289 493.0 
65.289 494.0 
65.219 495.0 
65.242 496.0 
65.289 497.0 
65.336 498.0 
65.207 499.0 
65.242 500.0 
65.289 501.0 
65.301 502.0 
65.207 503.0 
65.242 504.0 
65.266 505.0 
65.254 506.0 
65.137 507.0 
65.441 508.0 
65.196 509.0 
65.231 510.0 
65.231 511.0 
65.266 512.0 
65.277 513.0 
65.266 514.0 
65.277 515.0 
65.196 516.0 
65.709 517.0 
65.196 518.0 
65.184 519.0 
65.219 520.0 
65.219 521.0 
65.219 522.0 
65.207 523.0 
65.207 524.0 
65.207 525.0 
65.196 526.0 
65.184 527.0 
65.149 528.0 
65.196 529.0 
65.161 530.0 
65.149 531.0 
65.266 532.0 
65.569 533.0 
65.242 534.0 
65.231 535.0 
65.219 536.0 
65.231 537.0 
65.114 538.0 
65.126 539.0 
65.126 540.0 
65.242 541.0 
65.137 542.0 
65.172 543.0 
65.137 544.0 
65.161 545.0 
65.079 546.0 
65.172 547.0 
65.067 548.0 
65.114 549.0 
65.079 550.0 
65.009 551.0 
65.137 552.0 
65.114 553.0 
65.067 554.0 
65.067 555.0 
65.137 556.0 
65.079 557.0 
65.055 558.0 
64.752 559.0 
65.137 560.0 
65.067 561.0 
65.009 562.0 
65.149 563.0 
65.055 564.0 
65.009 565.0 
65.102 566.0 
65.114 567.0 
65.02 568.0 
65.055 569.0 
65.067 570.0 
65.149 571.0 
65.09 572.0 
65.032 573.0 
65.126 574.0 
65.055 575.0 
65.429 576.0 
65.114 577.0 
65.09 578.0 
65.172 579.0 
65.114 580.0 
65.161 581.0 
65.114 582.0 
65.172 583.0 
65.149 584.0 
64.74 585.0 
65.126 586.0 
65.067 587.0 
65.149 588.0 
65.067 589.0 
65.126 590.0 
65.055 591.0 
65.126 592.0 
65.079 593.0 
65.102 594.0 
65.079 595.0 
65.102 596.0 
65.09 597.0 
65.055 598.0 
65.079 599.0 
65.102 600.0 
65.231 601.0 
65.126 602.0 
65.172 603.0 
65.114 604.0 
65.161 605.0 
65.079 606.0 
65.126 607.0 
65.009 608.0 
65.09 609.0 
65.161 610.0 
65.114 611.0 
65.149 612.0 
65.079 613.0 
65.137 614.0 
65.044 615.0 
65.114 616.0 
65.161 617.0 
65.079 618.0 
65.137 619.0 
64.728 620.0 
65.09 621.0 
65.137 622.0 
65.044 623.0 
65.102 624.0 
65.184 625.0 
65.044 626.0 
65.149 627.0 
65.161 628.0 
65.114 629.0 
65.137 630.0 
65.207 631.0 
65.044 632.0 
65.114 633.0 
65.523 634.0 
65.079 635.0 
65.149 636.0 
65.149 637.0 
65.09 638.0 
65.137 639.0 
65.161 640.0 
65.067 641.0 
65.055 642.0 
65.161 643.0 
65.079 644.0 
65.126 645.0 
65.126 646.0 
65.161 647.0 
65.044 648.0 
65.102 649.0 
65.161 650.0 
65.02 651.0 
64.985 652.0 
65.126 653.0 
65.172 654.0 
65.032 655.0 
65.067 656.0 
65.102 657.0 
65.161 658.0 
65.09 659.0 
65.149 660.0 
65.172 661.0 
65.126 662.0 
65.044 663.0 
65.137 664.0 
65.161 665.0 
65.196 666.0 
65.044 667.0 
65.137 668.0 
65.114 669.0 
65.161 670.0 
65.02 671.0 
65.044 672.0 
65.114 673.0 
65.114 674.0 
65.126 675.0 
65.032 676.0 
65.09 677.0 
65.114 678.0 
65.137 679.0 
65.149 680.0 
65.044 681.0 
65.114 682.0 
65.114 683.0 
65.161 684.0 
65.172 685.0 
65.196 686.0 
65.055 687.0 
65.067 688.0 
65.114 689.0 
65.126 690.0 
65.126 691.0 
65.184 692.0 
65.02 693.0 
65.09 694.0 
65.09 695.0 
65.137 696.0 
65.09 697.0 
65.149 698.0 
65.02 699.0 
65.067 700.0 
65.067 701.0 
65.102 702.0 
65.114 703.0 
65.172 704.0 
65.126 705.0 
65.137 706.0 
65.032 707.0 
65.044 708.0 
65.102 709.0 
65.102 710.0 
65.067 711.0 
65.102 712.0 
65.137 713.0 
65.161 714.0 
64.95 715.0 
65.02 716.0 
65.032 717.0 
65.067 718.0 
65.114 719.0 
65.126 720.0 
65.114 721.0 
65.161 722.0 
65.172 723.0 
65.172 724.0 
65.219 725.0 
65.044 726.0 
65.009 727.0 
65.055 728.0 
65.102 729.0 
65.102 730.0 
65.102 731.0 
65.079 732.0 
65.102 733.0 
65.149 734.0 
65.161 735.0 
65.172 736.0 
65.149 737.0 
65.161 738.0 
64.997 739.0 
65.032 740.0 
65.032 741.0 
65.055 742.0 
65.055 743.0 
65.079 744.0 
65.044 745.0 
65.055 746.0 
65.067 747.0 
65.079 748.0 
65.067 749.0 
65.055 750.0 
65.102 751.0 
65.102 752.0 
65.079 753.0 
65.079 754.0 
65.114 755.0 
65.102 756.0 
65.114 757.0 
65.09 758.0 
65.137 759.0 
65.126 760.0 
65.102 761.0 
65.126 762.0 
65.126 763.0 
65.149 764.0 
65.161 765.0 
65.126 766.0 
65.114 767.0 
65.126 768.0 
65.149 769.0 
65.137 770.0 
65.102 771.0 
65.137 772.0 
65.126 773.0 
65.114 774.0 
65.126 775.0 
65.149 776.0 
65.149 777.0 
65.137 778.0 
65.126 779.0 
65.126 780.0 
65.126 781.0 
65.126 782.0 
65.137 783.0 
65.114 784.0 
65.149 785.0 
65.126 786.0 
65.114 787.0 
65.126 788.0 
65.102 789.0 
65.09 790.0 
65.126 791.0 
65.126 792.0 
65.102 793.0 
65.09 794.0 
65.114 795.0 
65.126 796.0 
65.102 797.0 
65.102 798.0 
65.079 799.0 
65.126 800.0 
65.102 801.0 
65.114 802.0 
65.137 803.0 
65.114 804.0 
0.007 805.0 
0.006 806.0 
0.006 807.0 
0.0 808.0 
0.0 809.0 
0.001 810.0 
-0.001 811.0 
-0.002 812.0 
-0.001 813.0 
-0.001 814.0 
-0.001 815.0 
-0.001 816.0 
-0.004 817.0 
-0.006 818.0 
-0.011 819.0 
-0.002 820.0 
-0.002 821.0 
-0.014 822.0 
-0.008 823.0 
-0.011 824.0 
-0.02 825.0 
-0.023 826.0 
-0.02 827.0 
-0.016 828.0 
-0.025 829.0 
