-0.03 257.0 
-0.056 258.0 
-0.034 259.0 
-0.037 260.0 
-0.029 261.0 
0.002 262.0 
-0.035 263.0 
-0.02 264.0 
-0.011 265.0 
-0.028 266.0 
-0.011 267.0 
-0.01 268.0 
-0.024 269.0 
-0.048 270.0 
-0.024 271.0 
-0.02 272.0 
-0.03 273.0 
-0.023 274.0 
141.755 275.0 
138.567 276.0 
137.224 277.0 
135.262 278.0 
133.019 279.0 
130.823 280.0 
128.838 281.0 
126.514 282.0 
123.594 283.0 
121.561 284.0 
121.164 285.0 
120.814 286.0 
120.685 287.0 
120.417 288.0 
120.207 289.0 
119.564 290.0 
119.436 291.0 
119.272 292.0 
119.109 293.0 
119.015 294.0 
118.466 295.0 
118.349 296.0 
118.338 297.0 
117.847 298.0 
117.719 299.0 
117.649 300.0 
117.135 301.0 
117.076 302.0 
116.586 303.0 
116.446 304.0 
116.352 305.0 
115.675 306.0 
114.367 307.0 
112.171 308.0 
109.777 309.0 
106.401 310.0 
103.166 311.0 
99.499 312.0 
95.679 313.0 
91.545 314.0 
87.761 315.0 
83.965 316.0 
80.636 317.0 
77.926 318.0 
77.775 319.0 
77.588 320.0 
77.448 321.0 
77.436 322.0 
77.319 323.0 
77.342 324.0 
77.307 325.0 
77.191 326.0 
77.319 327.0 
77.226 328.0 
77.389 329.0 
77.307 330.0 
77.226 331.0 
77.506 332.0 
77.331 333.0 
77.214 334.0 
77.214 335.0 
77.319 336.0 
77.307 337.0 
77.202 338.0 
77.448 339.0 
77.296 340.0 
77.261 341.0 
77.284 342.0 
77.097 343.0 
77.272 344.0 
77.261 345.0 
77.249 346.0 
77.226 347.0 
77.272 348.0 
77.319 349.0 
77.272 350.0 
77.261 351.0 
77.296 352.0 
77.249 353.0 
77.156 354.0 
77.097 355.0 
77.296 356.0 
77.307 357.0 
77.272 358.0 
77.354 359.0 
77.307 360.0 
77.319 361.0 
77.272 362.0 
77.272 363.0 
77.202 364.0 
77.179 365.0 
77.272 366.0 
77.284 367.0 
77.237 368.0 
77.249 369.0 
77.261 370.0 
77.272 371.0 
77.261 372.0 
77.284 373.0 
77.307 374.0 
77.331 375.0 
77.599 376.0 
77.156 377.0 
77.261 378.0 
77.261 379.0 
77.237 380.0 
77.284 381.0 
77.366 382.0 
77.261 383.0 
77.226 384.0 
77.261 385.0 
77.342 386.0 
77.237 387.0 
77.202 388.0 
77.284 389.0 
77.261 390.0 
77.237 391.0 
77.226 392.0 
77.319 393.0 
77.202 394.0 
77.261 395.0 
77.366 396.0 
77.179 397.0 
77.272 398.0 
77.132 399.0 
77.226 400.0 
77.331 401.0 
77.272 402.0 
77.354 403.0 
77.296 404.0 
77.237 405.0 
77.214 406.0 
77.272 407.0 
77.249 408.0 
77.272 409.0 
77.191 410.0 
77.249 411.0 
77.331 412.0 
77.611 413.0 
77.296 414.0 
77.226 415.0 
77.284 416.0 
77.202 417.0 
77.296 418.0 
77.261 419.0 
77.214 420.0 
77.307 421.0 
77.296 422.0 
77.307 423.0 
77.237 424.0 
77.249 425.0 
77.261 426.0 
77.307 427.0 
77.237 428.0 
77.249 429.0 
77.179 430.0 
77.272 431.0 
77.261 432.0 
77.272 433.0 
77.179 434.0 
77.214 435.0 
77.249 436.0 
77.261 437.0 
77.202 438.0 
77.156 439.0 
77.249 440.0 
77.237 441.0 
77.272 442.0 
77.272 443.0 
77.237 444.0 
77.237 445.0 
77.191 446.0 
77.319 447.0 
77.296 448.0 
77.296 449.0 
77.599 450.0 
77.202 451.0 
77.237 452.0 
77.191 453.0 
77.179 454.0 
77.296 455.0 
77.097 456.0 
77.214 457.0 
77.191 458.0 
77.296 459.0 
77.319 460.0 
77.272 461.0 
77.226 462.0 
77.319 463.0 
77.284 464.0 
77.249 465.0 
77.307 466.0 
77.261 467.0 
77.202 468.0 
77.272 469.0 
77.237 470.0 
77.214 471.0 
77.237 472.0 
77.191 473.0 
77.237 474.0 
77.319 475.0 
77.226 476.0 
77.179 477.0 
77.214 478.0 
77.191 479.0 
77.226 480.0 
77.366 481.0 
77.284 482.0 
77.307 483.0 
77.226 484.0 
77.261 485.0 
77.191 486.0 
77.202 487.0 
77.284 488.0 
77.237 489.0 
77.191 490.0 
77.319 491.0 
77.272 492.0 
77.249 493.0 
77.284 494.0 
77.191 495.0 
77.144 496.0 
77.226 497.0 
77.272 498.0 
77.156 499.0 
77.202 500.0 
77.284 501.0 
77.272 502.0 
77.167 503.0 
77.179 504.0 
77.214 505.0 
77.214 506.0 
77.214 507.0 
77.319 508.0 
77.156 509.0 
77.179 510.0 
77.191 511.0 
77.202 512.0 
77.214 513.0 
77.237 514.0 
77.237 515.0 
77.249 516.0 
77.272 517.0 
77.015 518.0 
77.144 519.0 
77.144 520.0 
77.132 521.0 
77.132 522.0 
77.132 523.0 
77.144 524.0 
77.132 525.0 
77.132 526.0 
77.156 527.0 
77.039 528.0 
77.085 529.0 
77.062 530.0 
77.062 531.0 
77.202 532.0 
77.144 533.0 
77.085 534.0 
77.12 535.0 
77.097 536.0 
77.062 537.0 
76.992 538.0 
77.004 539.0 
76.969 540.0 
77.074 541.0 
77.004 542.0 
76.98 543.0 
76.945 544.0 
76.934 545.0 
76.864 546.0 
77.004 547.0 
76.969 548.0 
76.875 549.0 
76.828 550.0 
76.793 551.0 
76.945 552.0 
76.887 553.0 
76.817 554.0 
76.805 555.0 
76.922 556.0 
76.864 557.0 
76.864 558.0 
76.49 559.0 
76.922 560.0 
76.864 561.0 
76.793 562.0 
76.899 563.0 
76.864 564.0 
76.747 565.0 
76.91 566.0 
76.969 567.0 
76.77 568.0 
76.887 569.0 
76.805 570.0 
76.934 571.0 
76.828 572.0 
76.828 573.0 
76.84 574.0 
76.817 575.0 
76.957 576.0 
76.817 577.0 
76.817 578.0 
76.934 579.0 
76.887 580.0 
76.934 581.0 
76.91 582.0 
76.922 583.0 
76.899 584.0 
76.957 585.0 
76.91 586.0 
76.817 587.0 
76.957 588.0 
76.828 589.0 
76.91 590.0 
76.852 591.0 
76.887 592.0 
76.817 593.0 
76.84 594.0 
76.84 595.0 
76.899 596.0 
76.852 597.0 
76.91 598.0 
76.852 599.0 
76.899 600.0 
76.969 601.0 
76.922 602.0 
76.992 603.0 
76.864 604.0 
76.945 605.0 
76.84 606.0 
76.934 607.0 
76.817 608.0 
76.875 609.0 
76.957 610.0 
76.84 611.0 
76.922 612.0 
76.84 613.0 
76.899 614.0 
76.782 615.0 
76.899 616.0 
76.957 617.0 
76.828 618.0 
76.91 619.0 
76.501 620.0 
76.875 621.0 
76.922 622.0 
76.852 623.0 
76.875 624.0 
76.945 625.0 
76.84 626.0 
76.922 627.0 
76.969 628.0 
76.875 629.0 
76.875 630.0 
76.969 631.0 
76.793 632.0 
76.934 633.0 
76.969 634.0 
76.852 635.0 
76.899 636.0 
76.957 637.0 
76.84 638.0 
76.887 639.0 
76.934 640.0 
76.84 641.0 
76.875 642.0 
76.945 643.0 
76.793 644.0 
76.864 645.0 
76.922 646.0 
76.969 647.0 
76.84 648.0 
76.852 649.0 
76.922 650.0 
76.805 651.0 
76.84 652.0 
76.875 653.0 
76.934 654.0 
76.805 655.0 
76.852 656.0 
76.864 657.0 
76.945 658.0 
76.828 659.0 
76.899 660.0 
76.922 661.0 
76.969 662.0 
76.793 663.0 
76.899 664.0 
76.957 665.0 
76.992 666.0 
76.852 667.0 
76.899 668.0 
76.922 669.0 
76.957 670.0 
76.817 671.0 
76.817 672.0 
76.875 673.0 
76.91 674.0 
76.98 675.0 
76.805 676.0 
76.84 677.0 
76.875 678.0 
76.899 679.0 
76.98 680.0 
76.793 681.0 
76.805 682.0 
76.852 683.0 
76.899 684.0 
76.957 685.0 
77.004 686.0 
76.817 687.0 
76.84 688.0 
76.84 689.0 
76.875 690.0 
76.922 691.0 
76.957 692.0 
76.805 693.0 
76.84 694.0 
76.852 695.0 
76.864 696.0 
76.922 697.0 
76.91 698.0 
76.536 699.0 
76.817 700.0 
76.828 701.0 
76.864 702.0 
76.864 703.0 
76.887 704.0 
76.934 705.0 
76.957 706.0 
76.84 707.0 
76.852 708.0 
76.84 709.0 
76.852 710.0 
76.864 711.0 
76.91 712.0 
76.945 713.0 
76.945 714.0 
76.945 715.0 
76.793 716.0 
76.805 717.0 
76.793 718.0 
76.864 719.0 
76.899 720.0 
76.899 721.0 
76.934 722.0 
76.934 723.0 
76.945 724.0 
76.957 725.0 
76.793 726.0 
76.793 727.0 
76.852 728.0 
76.828 729.0 
76.864 730.0 
76.899 731.0 
76.899 732.0 
76.899 733.0 
76.922 734.0 
76.934 735.0 
76.945 736.0 
76.934 737.0 
76.957 738.0 
76.385 739.0 
76.77 740.0 
76.782 741.0 
76.828 742.0 
76.828 743.0 
76.782 744.0 
76.805 745.0 
76.828 746.0 
76.84 747.0 
76.828 748.0 
76.817 749.0 
76.828 750.0 
76.828 751.0 
76.852 752.0 
76.875 753.0 
76.91 754.0 
76.864 755.0 
76.864 756.0 
76.887 757.0 
76.875 758.0 
76.91 759.0 
76.91 760.0 
76.922 761.0 
76.91 762.0 
76.899 763.0 
76.887 764.0 
76.887 765.0 
76.875 766.0 
76.899 767.0 
76.922 768.0 
76.899 769.0 
76.91 770.0 
76.887 771.0 
76.922 772.0 
76.887 773.0 
76.899 774.0 
76.922 775.0 
76.91 776.0 
76.852 777.0 
76.864 778.0 
76.91 779.0 
76.91 780.0 
76.899 781.0 
76.91 782.0 
76.887 783.0 
76.899 784.0 
76.91 785.0 
76.887 786.0 
76.852 787.0 
76.91 788.0 
76.887 789.0 
76.887 790.0 
76.899 791.0 
76.899 792.0 
76.887 793.0 
76.899 794.0 
76.899 795.0 
76.887 796.0 
76.875 797.0 
76.899 798.0 
76.887 799.0 
76.899 800.0 
76.899 801.0 
76.899 802.0 
76.899 803.0 
76.91 804.0 
0.008 805.0 
0.004 806.0 
0.005 807.0 
0.01 808.0 
-0.01 809.0 
0.0 810.0 
-0.002 811.0 
-0.004 812.0 
-0.008 813.0 
-0.028 814.0 
-0.025 815.0 
-0.02 816.0 
-0.026 817.0 
-0.025 818.0 
-0.035 819.0 
-0.03 820.0 
-0.037 821.0 
-0.026 822.0 
-0.03 823.0 
-0.044 824.0 
-0.038 825.0 
-0.03 826.0 
-0.024 827.0 
-0.025 828.0 
-0.028 829.0 
