-0.03 257.0 
-0.052 258.0 
-0.044 259.0 
-0.024 260.0 
-0.046 261.0 
-0.03 262.0 
-0.036 263.0 
-0.028 264.0 
-0.022 265.0 
-0.03 266.0 
-0.049 267.0 
-0.042 268.0 
-0.032 269.0 
-0.011 270.0 
-0.031 271.0 
-0.034 272.0 
-0.048 273.0 
-0.026 274.0 
140.786 275.0 
137.971 276.0 
137.025 277.0 
135.589 278.0 
134.012 279.0 
131.956 280.0 
130.158 281.0 
127.962 282.0 
124.388 283.0 
122.94 284.0 
122.613 285.0 
122.356 286.0 
122.157 287.0 
121.923 288.0 
121.667 289.0 
121.059 290.0 
121.024 291.0 
120.837 292.0 
120.592 293.0 
120.51 294.0 
120.055 295.0 
119.938 296.0 
119.88 297.0 
119.296 298.0 
119.202 299.0 
119.167 300.0 
118.63 301.0 
118.513 302.0 
118.022 303.0 
117.906 304.0 
117.824 305.0 
117.193 306.0 
115.99 307.0 
113.841 308.0 
111.318 309.0 
108.083 310.0 
104.614 311.0 
100.608 312.0 
96.719 313.0 
92.538 314.0 
88.473 315.0 
84.303 316.0 
80.426 317.0 
77.506 318.0 
77.366 319.0 
77.214 320.0 
77.109 321.0 
77.097 322.0 
77.004 323.0 
77.062 324.0 
77.004 325.0 
76.922 326.0 
77.039 327.0 
76.945 328.0 
77.027 329.0 
77.027 330.0 
76.957 331.0 
77.261 332.0 
77.062 333.0 
76.992 334.0 
76.922 335.0 
77.039 336.0 
77.062 337.0 
76.887 338.0 
77.214 339.0 
76.992 340.0 
76.992 341.0 
76.945 342.0 
77.144 343.0 
76.98 344.0 
76.969 345.0 
76.934 346.0 
76.887 347.0 
76.98 348.0 
77.015 349.0 
76.957 350.0 
76.945 351.0 
76.98 352.0 
76.957 353.0 
76.91 354.0 
76.957 355.0 
76.98 356.0 
77.027 357.0 
76.969 358.0 
77.062 359.0 
76.98 360.0 
77.039 361.0 
76.957 362.0 
76.957 363.0 
76.934 364.0 
76.945 365.0 
76.957 366.0 
76.969 367.0 
76.91 368.0 
76.934 369.0 
76.945 370.0 
77.004 371.0 
77.027 372.0 
77.027 373.0 
77.027 374.0 
77.027 375.0 
77.237 376.0 
76.91 377.0 
76.992 378.0 
76.98 379.0 
76.992 380.0 
76.98 381.0 
77.05 382.0 
76.934 383.0 
76.945 384.0 
76.922 385.0 
77.062 386.0 
76.922 387.0 
76.887 388.0 
76.969 389.0 
76.98 390.0 
76.922 391.0 
76.922 392.0 
77.004 393.0 
76.91 394.0 
76.98 395.0 
77.05 396.0 
76.922 397.0 
76.957 398.0 
76.864 399.0 
76.934 400.0 
77.027 401.0 
76.98 402.0 
77.027 403.0 
76.992 404.0 
76.969 405.0 
76.875 406.0 
76.98 407.0 
76.91 408.0 
76.945 409.0 
76.91 410.0 
76.957 411.0 
77.004 412.0 
77.412 413.0 
77.027 414.0 
76.957 415.0 
77.004 416.0 
76.91 417.0 
77.004 418.0 
76.992 419.0 
76.922 420.0 
76.957 421.0 
76.98 422.0 
77.027 423.0 
76.922 424.0 
76.957 425.0 
76.969 426.0 
77.004 427.0 
76.934 428.0 
76.934 429.0 
76.887 430.0 
76.969 431.0 
77.015 432.0 
77.027 433.0 
76.934 434.0 
76.934 435.0 
76.969 436.0 
77.05 437.0 
76.922 438.0 
76.91 439.0 
76.957 440.0 
76.969 441.0 
76.934 442.0 
76.922 443.0 
76.91 444.0 
76.957 445.0 
76.91 446.0 
77.05 447.0 
77.015 448.0 
76.992 449.0 
77.342 450.0 
76.945 451.0 
76.91 452.0 
76.887 453.0 
76.875 454.0 
77.004 455.0 
76.828 456.0 
76.922 457.0 
76.899 458.0 
77.004 459.0 
77.015 460.0 
76.992 461.0 
76.899 462.0 
76.992 463.0 
76.945 464.0 
76.934 465.0 
77.015 466.0 
76.969 467.0 
76.875 468.0 
76.98 469.0 
76.922 470.0 
76.899 471.0 
76.945 472.0 
76.922 473.0 
76.957 474.0 
77.015 475.0 
76.992 476.0 
76.887 477.0 
76.922 478.0 
76.875 479.0 
76.945 480.0 
77.015 481.0 
76.934 482.0 
77.027 483.0 
76.922 484.0 
76.98 485.0 
76.899 486.0 
76.875 487.0 
77.015 488.0 
76.91 489.0 
76.945 490.0 
77.004 491.0 
76.945 492.0 
76.945 493.0 
77.004 494.0 
76.91 495.0 
76.864 496.0 
76.969 497.0 
77.015 498.0 
76.887 499.0 
76.91 500.0 
76.957 501.0 
76.992 502.0 
76.84 503.0 
76.864 504.0 
76.899 505.0 
76.934 506.0 
76.934 507.0 
77.085 508.0 
76.852 509.0 
76.852 510.0 
76.887 511.0 
76.945 512.0 
76.98 513.0 
76.957 514.0 
76.957 515.0 
77.004 516.0 
76.98 517.0 
76.782 518.0 
76.817 519.0 
76.84 520.0 
76.864 521.0 
76.817 522.0 
76.84 523.0 
76.887 524.0 
76.84 525.0 
76.805 526.0 
76.817 527.0 
76.723 528.0 
76.793 529.0 
76.747 530.0 
76.758 531.0 
76.91 532.0 
76.899 533.0 
76.852 534.0 
76.828 535.0 
76.828 536.0 
76.758 537.0 
76.747 538.0 
76.688 539.0 
76.677 540.0 
76.77 541.0 
76.688 542.0 
76.688 543.0 
76.665 544.0 
76.595 545.0 
76.548 546.0 
76.688 547.0 
76.642 548.0 
76.572 549.0 
76.513 550.0 
76.431 551.0 
76.595 552.0 
76.548 553.0 
76.49 554.0 
76.49 555.0 
76.63 556.0 
76.56 557.0 
76.501 558.0 
76.186 559.0 
76.572 560.0 
76.525 561.0 
76.42 562.0 
76.56 563.0 
76.501 564.0 
76.42 565.0 
76.56 566.0 
76.642 567.0 
76.42 568.0 
76.56 569.0 
76.455 570.0 
76.618 571.0 
76.525 572.0 
76.455 573.0 
76.548 574.0 
76.501 575.0 
76.572 576.0 
76.49 577.0 
76.501 578.0 
76.583 579.0 
76.548 580.0 
76.618 581.0 
76.548 582.0 
76.583 583.0 
76.536 584.0 
76.677 585.0 
76.595 586.0 
76.525 587.0 
76.63 588.0 
76.478 589.0 
76.595 590.0 
76.501 591.0 
76.595 592.0 
76.513 593.0 
76.572 594.0 
76.49 595.0 
76.56 596.0 
76.501 597.0 
76.607 598.0 
76.501 599.0 
76.56 600.0 
76.653 601.0 
76.56 602.0 
76.642 603.0 
76.513 604.0 
76.595 605.0 
76.501 606.0 
76.548 607.0 
76.49 608.0 
76.548 609.0 
76.595 610.0 
76.536 611.0 
76.607 612.0 
76.501 613.0 
76.56 614.0 
76.455 615.0 
76.536 616.0 
76.583 617.0 
76.49 618.0 
76.536 619.0 
76.198 620.0 
76.525 621.0 
76.548 622.0 
76.49 623.0 
76.525 624.0 
76.595 625.0 
76.466 626.0 
76.548 627.0 
76.63 628.0 
76.513 629.0 
76.536 630.0 
76.642 631.0 
76.466 632.0 
76.583 633.0 
76.618 634.0 
76.513 635.0 
76.56 636.0 
76.63 637.0 
76.49 638.0 
76.583 639.0 
76.642 640.0 
76.501 641.0 
76.572 642.0 
76.56 643.0 
76.455 644.0 
76.525 645.0 
76.56 646.0 
76.618 647.0 
76.466 648.0 
76.501 649.0 
76.583 650.0 
76.455 651.0 
76.501 652.0 
76.536 653.0 
76.618 654.0 
76.49 655.0 
76.513 656.0 
76.595 657.0 
76.607 658.0 
76.501 659.0 
76.583 660.0 
76.63 661.0 
76.618 662.0 
76.478 663.0 
76.525 664.0 
76.56 665.0 
76.618 666.0 
76.49 667.0 
76.49 668.0 
76.583 669.0 
76.595 670.0 
76.478 671.0 
76.513 672.0 
76.536 673.0 
76.572 674.0 
76.642 675.0 
76.501 676.0 
76.501 677.0 
76.56 678.0 
76.548 679.0 
76.63 680.0 
76.49 681.0 
76.466 682.0 
76.536 683.0 
76.56 684.0 
76.583 685.0 
76.642 686.0 
76.49 687.0 
76.525 688.0 
76.536 689.0 
76.607 690.0 
76.583 691.0 
76.63 692.0 
76.49 693.0 
76.513 694.0 
76.525 695.0 
76.548 696.0 
76.595 697.0 
76.536 698.0 
76.326 699.0 
76.501 700.0 
76.525 701.0 
76.536 702.0 
76.536 703.0 
76.525 704.0 
76.595 705.0 
76.642 706.0 
76.455 707.0 
76.478 708.0 
76.466 709.0 
76.56 710.0 
76.548 711.0 
76.536 712.0 
76.595 713.0 
76.642 714.0 
76.665 715.0 
76.478 716.0 
76.501 717.0 
76.513 718.0 
76.536 719.0 
76.572 720.0 
76.536 721.0 
76.583 722.0 
76.56 723.0 
76.595 724.0 
76.618 725.0 
76.431 726.0 
76.443 727.0 
76.478 728.0 
76.513 729.0 
76.501 730.0 
76.513 731.0 
76.525 732.0 
76.63 733.0 
76.572 734.0 
76.607 735.0 
76.595 736.0 
76.595 737.0 
76.618 738.0 
76.233 739.0 
76.466 740.0 
76.478 741.0 
76.49 742.0 
76.443 743.0 
76.478 744.0 
76.466 745.0 
76.478 746.0 
76.478 747.0 
76.513 748.0 
76.49 749.0 
76.478 750.0 
76.525 751.0 
76.513 752.0 
76.525 753.0 
76.525 754.0 
76.56 755.0 
76.525 756.0 
76.583 757.0 
76.536 758.0 
76.572 759.0 
76.56 760.0 
76.583 761.0 
76.595 762.0 
76.536 763.0 
76.536 764.0 
76.56 765.0 
76.56 766.0 
76.572 767.0 
76.56 768.0 
76.583 769.0 
76.536 770.0 
76.536 771.0 
76.607 772.0 
76.56 773.0 
76.572 774.0 
76.572 775.0 
76.583 776.0 
76.583 777.0 
76.572 778.0 
76.56 779.0 
76.572 780.0 
76.548 781.0 
76.548 782.0 
76.548 783.0 
76.536 784.0 
76.536 785.0 
76.536 786.0 
76.536 787.0 
76.525 788.0 
76.525 789.0 
76.56 790.0 
76.513 791.0 
76.572 792.0 
76.548 793.0 
76.56 794.0 
76.56 795.0 
76.583 796.0 
76.548 797.0 
76.572 798.0 
76.525 799.0 
76.583 800.0 
76.56 801.0 
76.548 802.0 
76.548 803.0 
76.548 804.0 
0.005 805.0 
0.011 806.0 
0.0 807.0 
-0.002 808.0 
-0.007 809.0 
-0.014 810.0 
-0.022 811.0 
-0.031 812.0 
-0.034 813.0 
-0.043 814.0 
-0.044 815.0 
-0.049 816.0 
-0.052 817.0 
-0.056 818.0 
-0.058 819.0 
-0.058 820.0 
-0.064 821.0 
-0.058 822.0 
-0.061 823.0 
-0.054 824.0 
-0.044 825.0 
-0.048 826.0 
-0.052 827.0 
-0.038 828.0 
-0.032 829.0 
