-0.046 257.0 
-0.034 258.0 
-0.03 259.0 
-0.032 260.0 
-0.053 261.0 
-0.061 262.0 
-0.044 263.0 
-0.03 264.0 
-0.059 265.0 
-0.053 266.0 
-0.061 267.0 
-0.035 268.0 
-0.043 269.0 
-0.041 270.0 
-0.044 271.0 
-0.056 272.0 
-0.04 273.0 
-0.054 274.0 
104.03 275.0 
102.419 276.0 
102.115 277.0 
101.951 278.0 
101.823 279.0 
100.888 280.0 
99.113 281.0 
96.999 282.0 
95.236 283.0 
94.652 284.0 
94.663 285.0 
94.698 286.0 
94.792 287.0 
94.757 288.0 
94.792 289.0 
94.57 290.0 
94.628 291.0 
94.652 292.0 
94.722 293.0 
94.605 294.0 
94.593 295.0 
94.675 296.0 
94.827 297.0 
94.593 298.0 
94.663 299.0 
94.675 300.0 
94.523 301.0 
94.722 302.0 
94.453 303.0 
94.64 304.0 
95.224 305.0 
94.581 306.0 
94.558 307.0 
93.974 308.0 
93.332 309.0 
91.802 310.0 
89.828 311.0 
87.001 312.0 
83.836 313.0 
80.519 314.0 
77.541 315.0 
74.773 316.0 
72.554 317.0 
70.545 318.0 
70.253 319.0 
69.984 320.0 
69.657 321.0 
69.692 322.0 
69.564 323.0 
69.575 324.0 
69.494 325.0 
69.447 326.0 
69.517 327.0 
69.412 328.0 
69.751 329.0 
69.494 330.0 
69.295 331.0 
69.225 332.0 
69.435 333.0 
69.33 334.0 
69.26 335.0 
69.295 336.0 
69.424 337.0 
69.354 338.0 
69.295 339.0 
69.716 340.0 
69.354 341.0 
69.295 342.0 
69.295 343.0 
69.307 344.0 
69.283 345.0 
69.248 346.0 
69.377 347.0 
69.307 348.0 
69.26 349.0 
69.213 350.0 
69.47 351.0 
69.33 352.0 
69.365 353.0 
69.377 354.0 
69.307 355.0 
69.318 356.0 
69.377 357.0 
69.318 358.0 
69.365 359.0 
69.307 360.0 
69.342 361.0 
69.283 362.0 
69.33 363.0 
69.26 364.0 
69.295 365.0 
69.318 366.0 
69.377 367.0 
69.272 368.0 
69.318 369.0 
69.33 370.0 
69.33 371.0 
69.354 372.0 
69.377 373.0 
69.389 374.0 
69.681 375.0 
69.4 376.0 
69.318 377.0 
69.318 378.0 
69.318 379.0 
69.307 380.0 
69.354 381.0 
69.202 382.0 
69.295 383.0 
69.283 384.0 
69.307 385.0 
69.365 386.0 
69.26 387.0 
69.248 388.0 
69.307 389.0 
69.307 390.0 
69.33 391.0 
69.307 392.0 
69.424 393.0 
69.26 394.0 
69.318 395.0 
69.412 396.0 
69.26 397.0 
69.342 398.0 
69.202 399.0 
69.295 400.0 
69.342 401.0 
69.342 402.0 
69.389 403.0 
69.33 404.0 
69.26 405.0 
69.237 406.0 
69.307 407.0 
69.26 408.0 
69.307 409.0 
69.26 410.0 
69.307 411.0 
69.318 412.0 
69.786 413.0 
69.33 414.0 
69.248 415.0 
69.33 416.0 
69.26 417.0 
69.354 418.0 
69.342 419.0 
69.295 420.0 
69.283 421.0 
69.33 422.0 
69.365 423.0 
69.283 424.0 
69.272 425.0 
69.33 426.0 
69.295 427.0 
69.26 428.0 
69.377 429.0 
69.283 430.0 
69.26 431.0 
69.307 432.0 
69.272 433.0 
69.295 434.0 
69.307 435.0 
69.33 436.0 
69.342 437.0 
69.26 438.0 
69.26 439.0 
69.26 440.0 
69.272 441.0 
69.307 442.0 
69.26 443.0 
69.26 444.0 
68.886 445.0 
68.326 446.0 
68.466 447.0 
68.454 448.0 
68.454 449.0 
68.337 450.0 
68.454 451.0 
68.431 452.0 
68.349 453.0 
68.384 454.0 
68.349 455.0 
68.349 456.0 
68.431 457.0 
68.407 458.0 
68.431 459.0 
68.372 460.0 
68.454 461.0 
68.431 462.0 
68.314 463.0 
68.443 464.0 
68.407 465.0 
68.478 466.0 
68.431 467.0 
68.372 468.0 
68.431 469.0 
68.337 470.0 
68.337 471.0 
68.407 472.0 
68.279 473.0 
68.407 474.0 
68.478 475.0 
68.419 476.0 
68.372 477.0 
68.419 478.0 
68.361 479.0 
68.396 480.0 
68.501 481.0 
68.384 482.0 
68.454 483.0 
68.384 484.0 
68.443 485.0 
68.384 486.0 
68.407 487.0 
68.443 488.0 
68.384 489.0 
68.384 490.0 
68.466 491.0 
68.396 492.0 
68.431 493.0 
68.419 494.0 
68.337 495.0 
68.372 496.0 
68.419 497.0 
68.466 498.0 
68.349 499.0 
68.372 500.0 
68.419 501.0 
68.419 502.0 
68.337 503.0 
68.349 504.0 
68.372 505.0 
68.384 506.0 
68.291 507.0 
68.606 508.0 
68.291 509.0 
68.349 510.0 
68.361 511.0 
68.384 512.0 
68.419 513.0 
68.384 514.0 
68.384 515.0 
68.314 516.0 
68.851 517.0 
68.279 518.0 
68.314 519.0 
68.302 520.0 
68.314 521.0 
68.326 522.0 
68.326 523.0 
68.302 524.0 
68.291 525.0 
68.302 526.0 
68.314 527.0 
68.279 528.0 
68.291 529.0 
68.256 530.0 
68.279 531.0 
68.396 532.0 
68.606 533.0 
68.337 534.0 
68.349 535.0 
68.302 536.0 
68.291 537.0 
68.197 538.0 
68.221 539.0 
68.186 540.0 
68.291 541.0 
68.232 542.0 
68.209 543.0 
68.186 544.0 
68.151 545.0 
68.115 546.0 
68.221 547.0 
68.139 548.0 
68.162 549.0 
68.127 550.0 
68.069 551.0 
68.174 552.0 
68.151 553.0 
68.139 554.0 
68.104 555.0 
68.186 556.0 
68.162 557.0 
68.127 558.0 
67.777 559.0 
68.197 560.0 
68.104 561.0 
68.045 562.0 
68.186 563.0 
68.08 564.0 
68.034 565.0 
68.151 566.0 
68.115 567.0 
68.092 568.0 
68.08 569.0 
68.115 570.0 
68.197 571.0 
68.104 572.0 
68.092 573.0 
68.162 574.0 
68.115 575.0 
68.536 576.0 
68.127 577.0 
68.162 578.0 
68.221 579.0 
68.162 580.0 
68.256 581.0 
68.151 582.0 
68.221 583.0 
68.186 584.0 
67.824 585.0 
68.186 586.0 
68.08 587.0 
68.174 588.0 
68.115 589.0 
68.209 590.0 
68.127 591.0 
68.197 592.0 
68.104 593.0 
68.162 594.0 
68.115 595.0 
68.162 596.0 
68.127 597.0 
68.197 598.0 
68.151 599.0 
68.174 600.0 
68.232 601.0 
68.174 602.0 
68.232 603.0 
68.139 604.0 
68.186 605.0 
68.104 606.0 
68.209 607.0 
68.08 608.0 
68.174 609.0 
68.232 610.0 
68.139 611.0 
68.209 612.0 
68.151 613.0 
68.174 614.0 
68.104 615.0 
68.151 616.0 
68.209 617.0 
68.162 618.0 
68.221 619.0 
67.859 620.0 
68.139 621.0 
68.162 622.0 
68.092 623.0 
68.139 624.0 
68.209 625.0 
68.069 626.0 
68.139 627.0 
68.232 628.0 
68.115 629.0 
68.174 630.0 
68.232 631.0 
68.115 632.0 
68.186 633.0 
68.478 634.0 
68.162 635.0 
68.186 636.0 
68.256 637.0 
68.139 638.0 
68.197 639.0 
68.221 640.0 
68.104 641.0 
68.115 642.0 
68.197 643.0 
68.104 644.0 
68.127 645.0 
68.151 646.0 
68.244 647.0 
68.104 648.0 
68.115 649.0 
68.232 650.0 
68.08 651.0 
68.057 652.0 
68.139 653.0 
68.232 654.0 
68.104 655.0 
68.127 656.0 
68.162 657.0 
68.221 658.0 
68.104 659.0 
68.151 660.0 
68.209 661.0 
68.174 662.0 
68.092 663.0 
68.127 664.0 
68.209 665.0 
68.244 666.0 
68.127 667.0 
68.151 668.0 
68.162 669.0 
68.244 670.0 
68.057 671.0 
68.104 672.0 
68.162 673.0 
68.186 674.0 
68.174 675.0 
68.092 676.0 
68.127 677.0 
68.151 678.0 
68.221 679.0 
68.221 680.0 
68.104 681.0 
68.139 682.0 
68.151 683.0 
68.197 684.0 
68.174 685.0 
68.221 686.0 
68.057 687.0 
68.151 688.0 
68.139 689.0 
68.186 690.0 
68.197 691.0 
68.209 692.0 
68.104 693.0 
68.139 694.0 
68.174 695.0 
68.174 696.0 
68.127 697.0 
68.197 698.0 
68.01 699.0 
68.08 700.0 
68.127 701.0 
68.139 702.0 
68.151 703.0 
68.162 704.0 
68.197 705.0 
68.209 706.0 
68.092 707.0 
68.104 708.0 
68.092 709.0 
68.151 710.0 
68.162 711.0 
68.186 712.0 
68.221 713.0 
68.221 714.0 
67.964 715.0 
68.104 716.0 
68.057 717.0 
68.104 718.0 
68.151 719.0 
68.127 720.0 
68.197 721.0 
68.197 722.0 
68.186 723.0 
68.221 724.0 
68.232 725.0 
68.092 726.0 
68.104 727.0 
68.069 728.0 
68.08 729.0 
68.151 730.0 
68.127 731.0 
68.139 732.0 
68.197 733.0 
68.174 734.0 
68.221 735.0 
68.186 736.0 
68.232 737.0 
68.232 738.0 
67.964 739.0 
68.069 740.0 
68.08 741.0 
68.104 742.0 
68.092 743.0 
68.08 744.0 
68.104 745.0 
68.115 746.0 
68.115 747.0 
68.092 748.0 
68.115 749.0 
68.115 750.0 
68.139 751.0 
68.127 752.0 
68.127 753.0 
68.115 754.0 
68.151 755.0 
68.186 756.0 
68.139 757.0 
68.186 758.0 
68.151 759.0 
68.186 760.0 
68.162 761.0 
68.174 762.0 
68.151 763.0 
68.151 764.0 
68.186 765.0 
68.197 766.0 
68.162 767.0 
68.186 768.0 
68.174 769.0 
68.174 770.0 
68.174 771.0 
68.174 772.0 
68.209 773.0 
68.127 774.0 
68.162 775.0 
68.174 776.0 
68.174 777.0 
68.209 778.0 
68.209 779.0 
68.162 780.0 
68.174 781.0 
68.221 782.0 
68.162 783.0 
68.162 784.0 
68.174 785.0 
68.162 786.0 
68.139 787.0 
68.151 788.0 
68.151 789.0 
68.162 790.0 
68.162 791.0 
68.162 792.0 
68.186 793.0 
68.151 794.0 
68.186 795.0 
68.162 796.0 
68.139 797.0 
68.139 798.0 
68.139 799.0 
68.127 800.0 
68.115 801.0 
68.151 802.0 
68.151 803.0 
68.139 804.0 
-0.001 805.0 
-0.004 806.0 
-0.007 807.0 
-0.004 808.0 
-0.008 809.0 
0.0 810.0 
-0.001 811.0 
-0.008 812.0 
0.002 813.0 
0.0 814.0 
-0.001 815.0 
-0.004 816.0 
-0.011 817.0 
-0.006 818.0 
-0.012 819.0 
-0.005 820.0 
-0.013 821.0 
-0.014 822.0 
-0.006 823.0 
-0.013 824.0 
-0.024 825.0 
-0.024 826.0 
-0.016 827.0 
-0.019 828.0 
-0.026 829.0 
