-0.05 257.0 
-0.047 258.0 
-0.035 259.0 
-0.044 260.0 
-0.044 261.0 
-0.043 262.0 
-0.054 263.0 
-0.044 264.0 
-0.052 265.0 
-0.144 266.0 
-0.01 267.0 
-0.04 268.0 
-0.032 269.0 
-0.061 270.0 
-0.049 271.0 
-0.052 272.0 
-0.056 273.0 
-0.038 274.0 
96.929 275.0 
95.668 276.0 
95.574 277.0 
95.422 278.0 
95.282 279.0 
94.687 280.0 
93.332 281.0 
91.113 282.0 
89.326 283.0 
88.812 284.0 
88.823 285.0 
88.812 286.0 
88.929 287.0 
88.882 288.0 
88.905 289.0 
88.613 290.0 
88.718 291.0 
88.742 292.0 
88.753 293.0 
88.59 294.0 
88.683 295.0 
88.707 296.0 
88.858 297.0 
88.625 298.0 
88.648 299.0 
88.602 300.0 
88.566 301.0 
88.718 302.0 
88.485 303.0 
88.648 304.0 
89.267 305.0 
88.648 306.0 
88.59 307.0 
88.029 308.0 
87.363 309.0 
85.915 310.0 
84.175 311.0 
81.711 312.0 
79.001 313.0 
75.976 314.0 
73.255 315.0 
70.767 316.0 
68.711 317.0 
66.924 318.0 
66.048 319.0 
66.457 320.0 
66.282 321.0 
66.27 322.0 
66.165 323.0 
66.142 324.0 
66.083 325.0 
66.013 326.0 
66.06 327.0 
65.978 328.0 
66.153 329.0 
66.037 330.0 
65.838 331.0 
65.815 332.0 
65.955 333.0 
65.931 334.0 
65.803 335.0 
65.826 336.0 
65.955 337.0 
65.873 338.0 
65.873 339.0 
66.025 340.0 
65.885 341.0 
65.873 342.0 
65.826 343.0 
65.861 344.0 
65.838 345.0 
65.826 346.0 
65.908 347.0 
65.92 348.0 
65.838 349.0 
65.815 350.0 
65.85 351.0 
65.908 352.0 
65.943 353.0 
65.943 354.0 
65.896 355.0 
65.826 356.0 
65.896 357.0 
65.838 358.0 
65.908 359.0 
65.885 360.0 
65.931 361.0 
65.861 362.0 
65.896 363.0 
65.815 364.0 
65.85 365.0 
65.955 366.0 
65.908 367.0 
65.873 368.0 
65.896 369.0 
65.885 370.0 
65.885 371.0 
65.92 372.0 
65.943 373.0 
65.955 374.0 
66.188 375.0 
65.931 376.0 
65.861 377.0 
65.873 378.0 
65.873 379.0 
65.861 380.0 
65.873 381.0 
65.92 382.0 
65.85 383.0 
65.861 384.0 
65.873 385.0 
65.92 386.0 
65.861 387.0 
65.838 388.0 
65.908 389.0 
65.908 390.0 
65.861 391.0 
65.873 392.0 
65.955 393.0 
65.85 394.0 
65.908 395.0 
65.955 396.0 
65.85 397.0 
65.931 398.0 
65.768 399.0 
65.838 400.0 
65.943 401.0 
65.896 402.0 
65.931 403.0 
65.908 404.0 
65.861 405.0 
65.826 406.0 
65.908 407.0 
65.838 408.0 
65.873 409.0 
65.815 410.0 
65.873 411.0 
65.92 412.0 
66.06 413.0 
65.931 414.0 
65.838 415.0 
65.92 416.0 
65.838 417.0 
65.908 418.0 
65.908 419.0 
65.826 420.0 
65.861 421.0 
66.27 422.0 
65.92 423.0 
65.861 424.0 
65.873 425.0 
65.908 426.0 
65.885 427.0 
65.85 428.0 
65.943 429.0 
65.826 430.0 
65.838 431.0 
65.873 432.0 
65.885 433.0 
65.908 434.0 
65.896 435.0 
65.896 436.0 
65.908 437.0 
65.791 438.0 
65.791 439.0 
65.826 440.0 
65.838 441.0 
65.85 442.0 
65.838 443.0 
65.803 444.0 
65.523 445.0 
64.985 446.0 
65.079 447.0 
65.126 448.0 
65.032 449.0 
64.962 450.0 
65.055 451.0 
65.055 452.0 
65.055 453.0 
65.032 454.0 
65.009 455.0 
64.974 456.0 
65.044 457.0 
64.962 458.0 
64.997 459.0 
65.009 460.0 
65.055 461.0 
65.055 462.0 
64.974 463.0 
65.067 464.0 
65.055 465.0 
65.09 466.0 
65.032 467.0 
65.055 468.0 
65.067 469.0 
64.985 470.0 
64.962 471.0 
65.032 472.0 
64.985 473.0 
65.055 474.0 
65.09 475.0 
65.055 476.0 
64.997 477.0 
65.044 478.0 
64.962 479.0 
65.055 480.0 
65.149 481.0 
65.044 482.0 
65.055 483.0 
65.009 484.0 
65.044 485.0 
65.009 486.0 
65.009 487.0 
65.09 488.0 
65.055 489.0 
65.032 490.0 
65.055 491.0 
65.044 492.0 
65.032 493.0 
65.079 494.0 
64.985 495.0 
64.974 496.0 
65.009 497.0 
65.044 498.0 
64.974 499.0 
65.009 500.0 
64.985 501.0 
65.067 502.0 
64.974 503.0 
64.962 504.0 
65.032 505.0 
65.044 506.0 
64.915 507.0 
65.114 508.0 
64.869 509.0 
64.939 510.0 
64.985 511.0 
65.009 512.0 
65.032 513.0 
64.635 514.0 
65.301 515.0 
64.892 516.0 
65.184 517.0 
64.927 518.0 
64.927 519.0 
64.962 520.0 
64.974 521.0 
64.974 522.0 
64.962 523.0 
64.939 524.0 
64.95 525.0 
64.962 526.0 
64.904 527.0 
64.95 528.0 
64.939 529.0 
64.95 530.0 
64.915 531.0 
65.032 532.0 
65.394 533.0 
64.974 534.0 
64.974 535.0 
64.962 536.0 
64.939 537.0 
64.857 538.0 
64.869 539.0 
64.822 540.0 
64.927 541.0 
64.88 542.0 
64.88 543.0 
64.845 544.0 
64.775 545.0 
64.787 546.0 
64.892 547.0 
64.857 548.0 
64.845 549.0 
64.81 550.0 
64.752 551.0 
64.869 552.0 
64.845 553.0 
64.81 554.0 
64.775 555.0 
64.845 556.0 
64.798 557.0 
64.787 558.0 
64.53 559.0 
64.834 560.0 
64.787 561.0 
64.74 562.0 
64.845 563.0 
64.717 564.0 
64.728 565.0 
64.834 566.0 
64.834 567.0 
64.752 568.0 
64.787 569.0 
64.787 570.0 
64.845 571.0 
64.81 572.0 
64.763 573.0 
64.845 574.0 
64.798 575.0 
65.137 576.0 
64.787 577.0 
64.81 578.0 
64.869 579.0 
64.834 580.0 
64.892 581.0 
64.834 582.0 
64.904 583.0 
64.834 584.0 
64.39 585.0 
64.857 586.0 
64.787 587.0 
64.834 588.0 
64.752 589.0 
64.88 590.0 
64.775 591.0 
64.869 592.0 
64.822 593.0 
64.869 594.0 
64.81 595.0 
64.822 596.0 
64.763 597.0 
64.787 598.0 
64.775 599.0 
64.775 600.0 
64.927 601.0 
64.822 602.0 
64.904 603.0 
64.763 604.0 
64.857 605.0 
64.775 606.0 
64.857 607.0 
64.752 608.0 
64.822 609.0 
64.857 610.0 
64.81 611.0 
64.904 612.0 
64.775 613.0 
64.845 614.0 
64.752 615.0 
64.798 616.0 
64.869 617.0 
64.763 618.0 
64.857 619.0 
64.413 620.0 
64.787 621.0 
64.845 622.0 
64.74 623.0 
64.822 624.0 
64.869 625.0 
64.775 626.0 
64.857 627.0 
64.869 628.0 
64.798 629.0 
64.822 630.0 
64.892 631.0 
64.787 632.0 
64.81 633.0 
65.161 634.0 
64.775 635.0 
64.845 636.0 
64.892 637.0 
64.798 638.0 
64.787 639.0 
64.88 640.0 
64.787 641.0 
64.834 642.0 
64.869 643.0 
64.728 644.0 
64.693 645.0 
64.845 646.0 
64.904 647.0 
64.775 648.0 
64.81 649.0 
64.857 650.0 
64.74 651.0 
64.787 652.0 
64.845 653.0 
64.892 654.0 
64.775 655.0 
64.775 656.0 
64.834 657.0 
64.88 658.0 
64.798 659.0 
64.857 660.0 
64.845 661.0 
64.845 662.0 
64.787 663.0 
64.822 664.0 
64.845 665.0 
64.915 666.0 
64.787 667.0 
64.81 668.0 
64.834 669.0 
64.88 670.0 
64.775 671.0 
64.775 672.0 
64.857 673.0 
64.845 674.0 
64.88 675.0 
64.728 676.0 
64.787 677.0 
64.834 678.0 
64.869 679.0 
64.892 680.0 
64.752 681.0 
64.787 682.0 
64.81 683.0 
64.822 684.0 
64.787 685.0 
64.892 686.0 
64.693 687.0 
64.81 688.0 
64.834 689.0 
64.834 690.0 
64.857 691.0 
64.915 692.0 
64.752 693.0 
64.752 694.0 
64.834 695.0 
64.81 696.0 
64.81 697.0 
64.88 698.0 
64.717 699.0 
64.752 700.0 
64.787 701.0 
64.845 702.0 
64.834 703.0 
64.822 704.0 
64.857 705.0 
64.927 706.0 
64.775 707.0 
64.787 708.0 
64.845 709.0 
64.787 710.0 
64.822 711.0 
64.845 712.0 
64.88 713.0 
64.904 714.0 
64.717 715.0 
64.728 716.0 
64.787 717.0 
64.763 718.0 
64.787 719.0 
64.798 720.0 
64.857 721.0 
64.857 722.0 
64.845 723.0 
64.869 724.0 
64.892 725.0 
64.752 726.0 
64.775 727.0 
64.763 728.0 
64.787 729.0 
64.787 730.0 
64.834 731.0 
64.834 732.0 
64.834 733.0 
64.845 734.0 
64.88 735.0 
64.857 736.0 
64.869 737.0 
64.915 738.0 
64.705 739.0 
64.717 740.0 
64.74 741.0 
64.775 742.0 
64.752 743.0 
64.752 744.0 
64.763 745.0 
64.798 746.0 
64.798 747.0 
64.763 748.0 
64.763 749.0 
64.787 750.0 
64.787 751.0 
64.81 752.0 
64.775 753.0 
64.834 754.0 
64.81 755.0 
64.81 756.0 
64.798 757.0 
64.81 758.0 
64.822 759.0 
64.845 760.0 
64.834 761.0 
64.822 762.0 
64.845 763.0 
64.857 764.0 
64.845 765.0 
64.81 766.0 
64.857 767.0 
64.857 768.0 
64.845 769.0 
64.834 770.0 
64.822 771.0 
64.834 772.0 
64.869 773.0 
64.822 774.0 
64.857 775.0 
64.822 776.0 
64.822 777.0 
64.845 778.0 
64.845 779.0 
64.798 780.0 
64.81 781.0 
64.81 782.0 
64.845 783.0 
64.834 784.0 
64.81 785.0 
64.822 786.0 
64.787 787.0 
64.834 788.0 
64.822 789.0 
64.834 790.0 
64.81 791.0 
64.822 792.0 
64.81 793.0 
64.834 794.0 
64.834 795.0 
64.787 796.0 
64.787 797.0 
64.834 798.0 
64.775 799.0 
64.834 800.0 
64.81 801.0 
64.822 802.0 
64.787 803.0 
64.798 804.0 
-0.002 805.0 
-0.007 806.0 
-0.006 807.0 
-0.001 808.0 
-0.013 809.0 
-0.005 810.0 
-0.006 811.0 
-0.014 812.0 
-0.002 813.0 
-0.013 814.0 
-0.013 815.0 
-0.022 816.0 
-0.006 817.0 
-0.014 818.0 
-0.016 819.0 
-0.014 820.0 
-0.023 821.0 
-0.02 822.0 
-0.02 823.0 
-0.014 824.0 
-0.023 825.0 
-0.024 826.0 
-0.016 827.0 
-0.018 828.0 
-0.017 829.0 
