-0.018 257.0 
-0.048 258.0 
-0.037 259.0 
-0.049 260.0 
-0.025 261.0 
-0.059 262.0 
-0.055 263.0 
-0.032 264.0 
-0.047 265.0 
-0.109 266.0 
-0.044 267.0 
-0.049 268.0 
-0.06 269.0 
-0.065 270.0 
-0.053 271.0 
-0.068 272.0 
-0.061 273.0 
-0.05 274.0 
100.129 275.0 
98.669 276.0 
98.447 277.0 
98.237 278.0 
98.12 279.0 
97.326 280.0 
95.843 281.0 
93.741 282.0 
92.479 283.0 
92.105 284.0 
92.094 285.0 
92.129 286.0 
92.246 287.0 
92.246 288.0 
92.304 289.0 
92.024 290.0 
92.105 291.0 
92.094 292.0 
92.117 293.0 
91.989 294.0 
92.035 295.0 
92.152 296.0 
92.117 297.0 
92.059 298.0 
92.082 299.0 
91.989 300.0 
91.977 301.0 
92.164 302.0 
91.884 303.0 
92.059 304.0 
91.965 305.0 
92.024 306.0 
92.059 307.0 
91.416 308.0 
90.727 309.0 
89.186 310.0 
87.212 311.0 
84.42 312.0 
81.407 313.0 
78.031 314.0 
75.065 315.0 
72.273 316.0 
69.984 317.0 
68.045 318.0 
67.87 319.0 
67.543 320.0 
67.298 321.0 
67.31 322.0 
67.181 323.0 
67.193 324.0 
67.123 325.0 
67.041 326.0 
67.076 327.0 
66.994 328.0 
67.006 329.0 
67.029 330.0 
66.889 331.0 
66.842 332.0 
66.877 333.0 
66.936 334.0 
66.831 335.0 
66.819 336.0 
66.971 337.0 
66.912 338.0 
66.912 339.0 
66.807 340.0 
66.936 341.0 
66.889 342.0 
66.889 343.0 
66.901 344.0 
66.831 345.0 
66.842 346.0 
66.924 347.0 
66.924 348.0 
66.842 349.0 
66.819 350.0 
66.819 351.0 
66.889 352.0 
66.971 353.0 
66.924 354.0 
66.901 355.0 
66.901 356.0 
66.912 357.0 
66.889 358.0 
66.959 359.0 
66.901 360.0 
66.936 361.0 
66.866 362.0 
66.901 363.0 
66.877 364.0 
66.901 365.0 
66.889 366.0 
66.924 367.0 
66.842 368.0 
66.889 369.0 
66.924 370.0 
66.924 371.0 
66.959 372.0 
66.936 373.0 
66.761 374.0 
66.959 375.0 
66.889 376.0 
66.889 377.0 
66.877 378.0 
66.924 379.0 
66.936 380.0 
66.912 381.0 
66.842 382.0 
66.877 383.0 
66.877 384.0 
66.854 385.0 
66.959 386.0 
66.854 387.0 
66.842 388.0 
66.901 389.0 
66.971 390.0 
66.912 391.0 
66.877 392.0 
66.948 393.0 
66.842 394.0 
66.924 395.0 
66.831 396.0 
66.877 397.0 
66.948 398.0 
66.796 399.0 
66.877 400.0 
67.111 401.0 
66.877 402.0 
66.983 403.0 
66.924 404.0 
66.877 405.0 
66.854 406.0 
66.912 407.0 
66.854 408.0 
66.889 409.0 
66.842 410.0 
66.889 411.0 
66.948 412.0 
66.983 413.0 
66.948 414.0 
66.866 415.0 
66.924 416.0 
66.877 417.0 
66.912 418.0 
66.936 419.0 
66.889 420.0 
66.889 421.0 
67.158 422.0 
66.959 423.0 
66.866 424.0 
66.877 425.0 
66.866 426.0 
66.901 427.0 
66.866 428.0 
66.924 429.0 
66.842 430.0 
66.854 431.0 
66.912 432.0 
66.796 433.0 
66.912 434.0 
66.924 435.0 
66.948 436.0 
66.924 437.0 
66.819 438.0 
66.842 439.0 
66.889 440.0 
66.854 441.0 
66.854 442.0 
66.842 443.0 
66.831 444.0 
66.562 445.0 
66.037 446.0 
66.142 447.0 
66.387 448.0 
66.037 449.0 
66.013 450.0 
66.13 451.0 
66.13 452.0 
66.118 453.0 
66.095 454.0 
66.083 455.0 
66.048 456.0 
66.13 457.0 
66.107 458.0 
66.107 459.0 
66.13 460.0 
66.177 461.0 
66.083 462.0 
66.048 463.0 
66.165 464.0 
66.118 465.0 
66.165 466.0 
66.107 467.0 
66.107 468.0 
66.13 469.0 
66.06 470.0 
66.048 471.0 
66.083 472.0 
66.048 473.0 
66.13 474.0 
66.434 475.0 
66.13 476.0 
66.072 477.0 
66.107 478.0 
66.048 479.0 
66.153 480.0 
66.188 481.0 
66.107 482.0 
66.177 483.0 
66.107 484.0 
66.153 485.0 
66.06 486.0 
66.118 487.0 
66.153 488.0 
66.06 489.0 
66.06 490.0 
66.13 491.0 
66.083 492.0 
66.107 493.0 
66.177 494.0 
66.072 495.0 
66.107 496.0 
66.118 497.0 
66.165 498.0 
66.06 499.0 
66.118 500.0 
66.06 501.0 
66.13 502.0 
66.048 503.0 
66.048 504.0 
66.083 505.0 
66.107 506.0 
66.001 507.0 
66.095 508.0 
66.013 509.0 
66.025 510.0 
65.99 511.0 
66.095 512.0 
66.06 513.0 
65.721 514.0 
66.434 515.0 
66.025 516.0 
66.188 517.0 
66.013 518.0 
66.025 519.0 
66.037 520.0 
66.048 521.0 
66.048 522.0 
66.037 523.0 
66.06 524.0 
66.001 525.0 
66.037 526.0 
65.931 527.0 
65.978 528.0 
66.048 529.0 
65.966 530.0 
65.908 531.0 
66.095 532.0 
66.41 533.0 
66.06 534.0 
66.072 535.0 
66.048 536.0 
66.013 537.0 
65.966 538.0 
65.943 539.0 
65.966 540.0 
66.048 541.0 
65.966 542.0 
65.943 543.0 
65.92 544.0 
65.885 545.0 
65.838 546.0 
65.955 547.0 
65.943 548.0 
65.908 549.0 
65.838 550.0 
65.803 551.0 
65.931 552.0 
65.908 553.0 
65.885 554.0 
65.838 555.0 
65.861 556.0 
65.896 557.0 
65.85 558.0 
65.698 559.0 
65.92 560.0 
65.85 561.0 
65.791 562.0 
65.885 563.0 
65.826 564.0 
65.78 565.0 
65.908 566.0 
65.885 567.0 
65.838 568.0 
65.861 569.0 
65.815 570.0 
65.92 571.0 
65.873 572.0 
65.826 573.0 
65.92 574.0 
65.85 575.0 
65.943 576.0 
65.873 577.0 
65.791 578.0 
65.931 579.0 
65.873 580.0 
65.955 581.0 
65.896 582.0 
65.966 583.0 
65.896 584.0 
65.698 585.0 
65.908 586.0 
65.803 587.0 
65.955 588.0 
65.838 589.0 
65.92 590.0 
65.861 591.0 
65.931 592.0 
65.873 593.0 
65.943 594.0 
65.885 595.0 
65.92 596.0 
65.85 597.0 
65.908 598.0 
65.861 599.0 
65.873 600.0 
65.978 601.0 
65.85 602.0 
65.955 603.0 
65.815 604.0 
65.955 605.0 
65.873 606.0 
65.908 607.0 
65.815 608.0 
65.873 609.0 
65.955 610.0 
65.873 611.0 
65.943 612.0 
65.873 613.0 
65.896 614.0 
65.815 615.0 
65.885 616.0 
65.966 617.0 
65.803 618.0 
65.943 619.0 
65.628 620.0 
65.861 621.0 
65.931 622.0 
65.803 623.0 
65.873 624.0 
65.931 625.0 
65.85 626.0 
65.885 627.0 
65.966 628.0 
65.861 629.0 
65.931 630.0 
65.955 631.0 
65.873 632.0 
65.92 633.0 
66.048 634.0 
65.838 635.0 
65.931 636.0 
65.966 637.0 
65.873 638.0 
65.861 639.0 
65.943 640.0 
65.861 641.0 
65.85 642.0 
65.931 643.0 
65.815 644.0 
65.85 645.0 
65.92 646.0 
65.931 647.0 
65.815 648.0 
65.896 649.0 
65.931 650.0 
65.803 651.0 
65.873 652.0 
65.908 653.0 
65.978 654.0 
65.838 655.0 
65.861 656.0 
65.908 657.0 
65.931 658.0 
65.85 659.0 
65.885 660.0 
65.955 661.0 
65.931 662.0 
65.861 663.0 
65.885 664.0 
65.908 665.0 
65.978 666.0 
65.85 667.0 
65.861 668.0 
65.92 669.0 
65.966 670.0 
65.826 671.0 
65.85 672.0 
65.92 673.0 
65.908 674.0 
65.931 675.0 
65.791 676.0 
65.885 677.0 
65.885 678.0 
65.943 679.0 
65.966 680.0 
65.85 681.0 
65.873 682.0 
65.92 683.0 
65.908 684.0 
65.943 685.0 
65.955 686.0 
65.78 687.0 
65.85 688.0 
65.873 689.0 
65.896 690.0 
65.943 691.0 
65.955 692.0 
65.85 693.0 
65.873 694.0 
65.873 695.0 
65.896 696.0 
65.908 697.0 
65.966 698.0 
65.78 699.0 
65.85 700.0 
65.861 701.0 
65.885 702.0 
65.873 703.0 
65.908 704.0 
65.943 705.0 
65.978 706.0 
65.838 707.0 
65.838 708.0 
65.85 709.0 
65.826 710.0 
65.908 711.0 
65.908 712.0 
65.92 713.0 
65.978 714.0 
65.815 715.0 
65.803 716.0 
65.838 717.0 
65.838 718.0 
65.885 719.0 
65.896 720.0 
65.908 721.0 
65.92 722.0 
65.943 723.0 
65.931 724.0 
65.955 725.0 
65.78 726.0 
65.803 727.0 
65.838 728.0 
65.815 729.0 
65.861 730.0 
65.861 731.0 
65.885 732.0 
65.931 733.0 
65.861 734.0 
65.92 735.0 
65.943 736.0 
65.92 737.0 
65.966 738.0 
65.803 739.0 
65.826 740.0 
65.826 741.0 
65.791 742.0 
65.838 743.0 
65.838 744.0 
65.838 745.0 
65.885 746.0 
65.861 747.0 
65.838 748.0 
65.826 749.0 
65.873 750.0 
65.85 751.0 
65.873 752.0 
65.896 753.0 
65.861 754.0 
65.873 755.0 
65.908 756.0 
65.838 757.0 
65.92 758.0 
65.896 759.0 
65.92 760.0 
65.908 761.0 
65.92 762.0 
65.873 763.0 
65.885 764.0 
65.861 765.0 
65.92 766.0 
65.885 767.0 
65.931 768.0 
65.908 769.0 
65.826 770.0 
65.908 771.0 
65.896 772.0 
65.896 773.0 
65.92 774.0 
65.908 775.0 
65.931 776.0 
65.92 777.0 
65.885 778.0 
65.885 779.0 
65.896 780.0 
65.896 781.0 
65.908 782.0 
65.908 783.0 
65.885 784.0 
65.885 785.0 
65.908 786.0 
65.861 787.0 
65.885 788.0 
65.896 789.0 
65.896 790.0 
65.896 791.0 
65.908 792.0 
65.92 793.0 
65.873 794.0 
65.896 795.0 
65.885 796.0 
65.908 797.0 
65.885 798.0 
65.896 799.0 
65.873 800.0 
65.885 801.0 
65.885 802.0 
65.85 803.0 
65.885 804.0 
0.004 805.0 
-0.008 806.0 
-0.004 807.0 
0.001 808.0 
-0.012 809.0 
-0.022 810.0 
-0.028 811.0 
-0.035 812.0 
-0.042 813.0 
-0.034 814.0 
-0.044 815.0 
-0.047 816.0 
-0.043 817.0 
-0.047 818.0 
-0.062 819.0 
-0.05 820.0 
-0.048 821.0 
-0.05 822.0 
-0.05 823.0 
-0.053 824.0 
-0.046 825.0 
-0.05 826.0 
-0.042 827.0 
-0.034 828.0 
-0.038 829.0 
