-0.036 257.0 
-0.056 258.0 
-0.023 259.0 
-0.016 260.0 
-0.049 261.0 
-0.047 262.0 
-0.044 263.0 
-0.048 264.0 
-0.038 265.0 
-0.02 266.0 
-0.041 267.0 
-0.05 268.0 
-0.043 269.0 
-0.03 270.0 
-0.034 271.0 
-0.049 272.0 
-0.054 273.0 
-0.034 274.0 
797.017 275.0 
790.983 276.0 
788.546 277.0 
783.672 278.0 
779.03 279.0 
774.736 280.0 
771.603 281.0 
769.398 282.0 
765.336 283.0 
763.363 284.0 
763.015 285.0 
761.623 286.0 
761.391 287.0 
760.81 288.0 
760.114 289.0 
757.561 290.0 
756.981 291.0 
756.168 292.0 
755.936 293.0 
753.615 294.0 
753.847 295.0 
753.847 296.0 
753.615 297.0 
751.294 298.0 
751.41 299.0 
752.107 300.0 
749.67 301.0 
750.134 302.0 
747.929 303.0 
748.741 304.0 
752.803 305.0 
747.697 306.0 
747.929 307.0 
746.304 308.0 
747.349 309.0 
745.26 310.0 
746.304 311.0 
744.448 312.0 
745.492 313.0 
744.216 314.0 
744.912 315.0 
744.216 316.0 
744.796 317.0 
743.751 318.0 
743.983 319.0 
743.403 320.0 
742.127 321.0 
742.823 322.0 
742.359 323.0 
743.055 324.0 
742.823 325.0 
742.359 326.0 
742.823 327.0 
742.243 328.0 
747.349 329.0 
742.823 330.0 
741.662 331.0 
745.376 332.0 
742.707 333.0 
741.895 334.0 
741.662 335.0 
742.591 336.0 
742.475 337.0 
741.082 338.0 
744.796 339.0 
741.662 340.0 
741.779 341.0 
740.966 342.0 
740.27 343.0 
741.895 344.0 
741.082 345.0 
740.85 346.0 
740.618 347.0 
740.502 348.0 
741.895 349.0 
741.662 350.0 
741.43 351.0 
741.895 352.0 
741.198 353.0 
740.618 354.0 
740.386 355.0 
741.662 356.0 
742.011 357.0 
741.198 358.0 
741.895 359.0 
741.198 360.0 
741.43 361.0 
740.85 362.0 
740.966 363.0 
740.618 364.0 
741.082 365.0 
740.618 366.0 
741.43 367.0 
740.966 368.0 
741.198 369.0 
741.198 370.0 
740.85 371.0 
741.546 372.0 
741.546 373.0 
741.314 374.0 
741.779 375.0 
742.823 376.0 
740.27 377.0 
740.502 378.0 
740.618 379.0 
741.198 380.0 
740.966 381.0 
740.038 382.0 
740.618 383.0 
740.618 384.0 
740.618 385.0 
741.198 386.0 
740.502 387.0 
740.27 388.0 
741.314 389.0 
741.082 390.0 
740.966 391.0 
740.85 392.0 
741.198 393.0 
740.502 394.0 
741.198 395.0 
741.779 396.0 
740.154 397.0 
740.966 398.0 
739.69 399.0 
740.27 400.0 
741.082 401.0 
740.618 402.0 
741.43 403.0 
741.082 404.0 
740.502 405.0 
740.038 406.0 
740.966 407.0 
740.154 408.0 
740.85 409.0 
740.154 410.0 
740.85 411.0 
741.082 412.0 
742.939 413.0 
741.082 414.0 
740.85 415.0 
741.082 416.0 
740.154 417.0 
740.85 418.0 
740.734 419.0 
740.386 420.0 
740.502 421.0 
740.618 422.0 
741.198 423.0 
740.386 424.0 
740.618 425.0 
740.502 426.0 
741.198 427.0 
740.618 428.0 
740.618 429.0 
740.618 430.0 
741.082 431.0 
741.314 432.0 
741.43 433.0 
740.154 434.0 
740.85 435.0 
740.85 436.0 
740.85 437.0 
740.27 438.0 
740.154 439.0 
739.922 440.0 
740.502 441.0 
740.154 442.0 
740.618 443.0 
740.386 444.0 
740.154 445.0 
740.154 446.0 
741.314 447.0 
741.314 448.0 
743.519 449.0 
742.939 450.0 
740.618 451.0 
740.618 452.0 
740.038 453.0 
740.038 454.0 
741.198 455.0 
738.529 456.0 
740.27 457.0 
740.038 458.0 
740.734 459.0 
741.082 460.0 
740.386 461.0 
739.922 462.0 
741.662 463.0 
740.734 464.0 
740.386 465.0 
740.966 466.0 
740.618 467.0 
740.154 468.0 
740.966 469.0 
740.618 470.0 
740.038 471.0 
740.618 472.0 
739.69 473.0 
740.27 474.0 
740.966 475.0 
740.618 476.0 
739.69 477.0 
740.502 478.0 
739.69 479.0 
740.502 480.0 
741.198 481.0 
740.038 482.0 
740.618 483.0 
739.806 484.0 
740.27 485.0 
739.458 486.0 
739.69 487.0 
740.618 488.0 
739.806 489.0 
740.038 490.0 
740.734 491.0 
739.69 492.0 
739.922 493.0 
740.618 494.0 
739.69 495.0 
739.574 496.0 
739.806 497.0 
740.27 498.0 
739.109 499.0 
739.574 500.0 
739.574 501.0 
740.154 502.0 
738.761 503.0 
739.225 504.0 
739.225 505.0 
739.458 506.0 
737.717 507.0 
740.386 508.0 
738.297 509.0 
738.877 510.0 
739.225 511.0 
739.225 512.0 
739.806 513.0 
739.458 514.0 
739.574 515.0 
737.949 516.0 
743.171 517.0 
737.717 518.0 
738.181 519.0 
738.413 520.0 
738.529 521.0 
738.645 522.0 
738.761 523.0 
738.529 524.0 
738.529 525.0 
738.413 526.0 
737.949 527.0 
738.413 528.0 
738.413 529.0 
738.297 530.0 
737.949 531.0 
739.69 532.0 
742.243 533.0 
739.109 534.0 
739.341 535.0 
739.225 536.0 
738.877 537.0 
738.297 538.0 
738.645 539.0 
738.065 540.0 
739.458 541.0 
738.993 542.0 
738.645 543.0 
738.645 544.0 
738.297 545.0 
737.949 546.0 
739.458 547.0 
738.413 548.0 
738.529 549.0 
738.413 550.0 
737.601 551.0 
739.225 552.0 
739.109 553.0 
738.413 554.0 
738.297 555.0 
739.341 556.0 
738.413 557.0 
737.949 558.0 
734.7 559.0 
738.993 560.0 
738.181 561.0 
737.717 562.0 
738.993 563.0 
737.717 564.0 
737.369 565.0 
738.993 566.0 
738.181 567.0 
737.485 568.0 
738.065 569.0 
737.949 570.0 
739.225 571.0 
738.529 572.0 
738.065 573.0 
738.413 574.0 
738.413 575.0 
740.85 576.0 
738.181 577.0 
738.065 578.0 
739.458 579.0 
738.529 580.0 
739.341 581.0 
738.645 582.0 
739.341 583.0 
738.761 584.0 
735.28 585.0 
739.109 586.0 
738.413 587.0 
739.109 588.0 
738.413 589.0 
738.993 590.0 
738.413 591.0 
738.877 592.0 
738.181 593.0 
739.109 594.0 
738.529 595.0 
739.225 596.0 
737.833 597.0 
738.181 598.0 
737.833 599.0 
738.761 600.0 
739.574 601.0 
738.645 602.0 
739.225 603.0 
738.413 604.0 
738.993 605.0 
738.413 606.0 
739.109 607.0 
737.949 608.0 
738.761 609.0 
739.69 610.0 
738.877 611.0 
739.109 612.0 
738.297 613.0 
738.993 614.0 
738.413 615.0 
737.949 616.0 
738.993 617.0 
737.717 618.0 
738.877 619.0 
736.44 620.0 
738.413 621.0 
738.877 622.0 
737.949 623.0 
738.645 624.0 
739.109 625.0 
738.181 626.0 
738.761 627.0 
739.341 628.0 
738.297 629.0 
738.877 630.0 
739.458 631.0 
738.297 632.0 
739.225 633.0 
740.85 634.0 
738.645 635.0 
738.993 636.0 
739.574 637.0 
738.297 638.0 
738.413 639.0 
739.341 640.0 
738.297 641.0 
738.413 642.0 
739.225 643.0 
737.601 644.0 
737.717 645.0 
738.993 646.0 
739.574 647.0 
738.297 648.0 
738.645 649.0 
739.109 650.0 
737.717 651.0 
737.949 652.0 
739.109 653.0 
739.574 654.0 
737.949 655.0 
737.717 656.0 
738.761 657.0 
739.109 658.0 
738.181 659.0 
738.877 660.0 
739.109 661.0 
739.341 662.0 
738.065 663.0 
738.761 664.0 
738.877 665.0 
739.69 666.0 
738.181 667.0 
738.877 668.0 
738.993 669.0 
739.574 670.0 
738.065 671.0 
738.413 672.0 
738.761 673.0 
739.458 674.0 
739.341 675.0 
737.949 676.0 
738.297 677.0 
738.645 678.0 
738.761 679.0 
739.458 680.0 
738.065 681.0 
738.181 682.0 
738.529 683.0 
738.877 684.0 
738.529 685.0 
739.458 686.0 
737.717 687.0 
738.413 688.0 
738.877 689.0 
738.877 690.0 
738.993 691.0 
738.993 692.0 
737.601 693.0 
738.413 694.0 
738.877 695.0 
738.877 696.0 
738.413 697.0 
738.993 698.0 
737.369 699.0 
738.181 700.0 
738.297 701.0 
738.297 702.0 
738.761 703.0 
738.993 704.0 
738.993 705.0 
739.458 706.0 
738.065 707.0 
738.297 708.0 
738.297 709.0 
738.065 710.0 
738.993 711.0 
739.109 712.0 
739.225 713.0 
739.458 714.0 
737.717 715.0 
738.065 716.0 
737.717 717.0 
738.181 718.0 
738.297 719.0 
738.761 720.0 
738.993 721.0 
738.529 722.0 
739.225 723.0 
739.225 724.0 
739.574 725.0 
737.717 726.0 
737.949 727.0 
738.645 728.0 
738.413 729.0 
738.413 730.0 
738.529 731.0 
738.993 732.0 
738.645 733.0 
739.109 734.0 
739.574 735.0 
738.993 736.0 
739.225 737.0 
739.341 738.0 
737.369 739.0 
737.717 740.0 
737.949 741.0 
737.717 742.0 
737.949 743.0 
738.181 744.0 
738.181 745.0 
738.181 746.0 
738.413 747.0 
738.529 748.0 
738.413 749.0 
738.529 750.0 
738.529 751.0 
738.645 752.0 
738.761 753.0 
738.529 754.0 
738.645 755.0 
738.529 756.0 
738.413 757.0 
738.645 758.0 
738.877 759.0 
738.993 760.0 
738.877 761.0 
739.109 762.0 
738.645 763.0 
738.877 764.0 
738.877 765.0 
738.645 766.0 
739.109 767.0 
738.993 768.0 
739.109 769.0 
738.761 770.0 
738.993 771.0 
738.877 772.0 
738.993 773.0 
738.993 774.0 
738.877 775.0 
738.877 776.0 
738.761 777.0 
738.645 778.0 
738.993 779.0 
738.993 780.0 
738.877 781.0 
738.645 782.0 
738.761 783.0 
738.993 784.0 
738.413 785.0 
738.645 786.0 
738.877 787.0 
738.877 788.0 
738.645 789.0 
738.993 790.0 
738.645 791.0 
738.645 792.0 
738.761 793.0 
738.877 794.0 
738.645 795.0 
738.761 796.0 
738.413 797.0 
738.529 798.0 
738.529 799.0 
738.181 800.0 
738.413 801.0 
738.529 802.0 
738.761 803.0 
738.413 804.0 
0.093 805.0 
0.108 806.0 
0.108 807.0 
0.107 808.0 
0.069 809.0 
0.03 810.0 
-0.019 811.0 
-0.072 812.0 
-0.117 813.0 
-0.193 814.0 
-0.236 815.0 
-0.28 816.0 
-0.322 817.0 
-0.346 818.0 
-0.371 819.0 
-0.392 820.0 
-0.407 821.0 
-0.412 822.0 
-0.4 823.0 
-0.388 824.0 
-0.38 825.0 
-0.362 826.0 
-0.339 827.0 
-0.306 828.0 
-0.277 829.0 
