-0.038 257.0 
-0.048 258.0 
-0.074 259.0 
-0.047 260.0 
-0.038 261.0 
-0.047 262.0 
-0.035 263.0 
-0.02 264.0 
-0.047 265.0 
-0.052 266.0 
-0.044 267.0 
-0.047 268.0 
-0.067 269.0 
-0.049 270.0 
-0.053 271.0 
-0.06 272.0 
-0.046 273.0 
-0.038 274.0 
799.919 275.0 
794.696 276.0 
792.491 277.0 
788.43 278.0 
784.02 279.0 
780.655 280.0 
777.057 281.0 
774.736 282.0 
770.674 283.0 
769.282 284.0 
768.237 285.0 
766.961 286.0 
766.729 287.0 
765.568 288.0 
764.756 289.0 
764.408 290.0 
761.623 291.0 
761.159 292.0 
760.694 293.0 
760.694 294.0 
758.141 295.0 
758.257 296.0 
758.721 297.0 
756.401 298.0 
756.052 299.0 
757.097 300.0 
754.544 301.0 
755.008 302.0 
752.919 303.0 
753.731 304.0 
760.346 305.0 
752.571 306.0 
752.803 307.0 
750.946 308.0 
751.643 309.0 
750.366 310.0 
750.83 311.0 
749.206 312.0 
750.366 313.0 
748.625 314.0 
749.67 315.0 
748.625 316.0 
749.786 317.0 
748.161 318.0 
743.751 319.0 
748.045 320.0 
747.117 321.0 
748.161 322.0 
747.581 323.0 
748.161 324.0 
747.697 325.0 
747.117 326.0 
747.117 327.0 
746.42 328.0 
753.383 329.0 
747.465 330.0 
746.536 331.0 
750.482 332.0 
747.349 333.0 
746.536 334.0 
746.188 335.0 
747.117 336.0 
747.233 337.0 
746.072 338.0 
747.465 339.0 
746.536 340.0 
746.536 341.0 
746.304 342.0 
745.144 343.0 
746.769 344.0 
746.304 345.0 
745.956 346.0 
745.608 347.0 
744.912 348.0 
746.304 349.0 
746.188 350.0 
745.724 351.0 
746.42 352.0 
745.956 353.0 
745.028 354.0 
744.332 355.0 
746.072 356.0 
746.769 357.0 
746.072 358.0 
746.652 359.0 
746.188 360.0 
746.188 361.0 
745.84 362.0 
746.072 363.0 
745.492 364.0 
745.956 365.0 
745.84 366.0 
745.84 367.0 
745.144 368.0 
745.26 369.0 
745.492 370.0 
745.84 371.0 
745.724 372.0 
746.072 373.0 
746.072 374.0 
745.84 375.0 
747.001 376.0 
745.028 377.0 
745.492 378.0 
745.724 379.0 
745.376 380.0 
745.376 381.0 
745.376 382.0 
745.144 383.0 
745.724 384.0 
745.492 385.0 
746.304 386.0 
745.028 387.0 
744.912 388.0 
745.724 389.0 
745.492 390.0 
745.26 391.0 
745.26 392.0 
746.304 393.0 
744.796 394.0 
745.724 395.0 
746.42 396.0 
745.144 397.0 
745.724 398.0 
744.332 399.0 
745.144 400.0 
746.304 401.0 
745.608 402.0 
746.42 403.0 
746.072 404.0 
745.26 405.0 
744.912 406.0 
745.608 407.0 
744.796 408.0 
745.26 409.0 
744.564 410.0 
745.26 411.0 
745.608 412.0 
748.625 413.0 
745.84 414.0 
745.028 415.0 
745.26 416.0 
745.028 417.0 
745.724 418.0 
745.724 419.0 
745.028 420.0 
745.376 421.0 
745.376 422.0 
745.956 423.0 
745.144 424.0 
745.144 425.0 
745.724 426.0 
745.26 427.0 
745.028 428.0 
745.028 429.0 
745.028 430.0 
745.492 431.0 
745.608 432.0 
745.608 433.0 
744.796 434.0 
744.912 435.0 
744.912 436.0 
745.376 437.0 
745.028 438.0 
744.796 439.0 
744.912 440.0 
745.028 441.0 
744.912 442.0 
745.26 443.0 
744.912 444.0 
745.028 445.0 
744.912 446.0 
745.84 447.0 
745.26 448.0 
747.697 449.0 
746.769 450.0 
745.028 451.0 
745.028 452.0 
744.564 453.0 
744.448 454.0 
745.26 455.0 
744.099 456.0 
744.796 457.0 
744.68 458.0 
745.376 459.0 
745.608 460.0 
745.26 461.0 
744.564 462.0 
745.724 463.0 
745.26 464.0 
745.26 465.0 
745.724 466.0 
744.912 467.0 
744.564 468.0 
745.26 469.0 
744.796 470.0 
744.216 471.0 
745.144 472.0 
743.171 473.0 
744.796 474.0 
745.376 475.0 
745.26 476.0 
744.332 477.0 
745.144 478.0 
744.332 479.0 
745.26 480.0 
745.956 481.0 
744.796 482.0 
745.492 483.0 
744.332 484.0 
745.144 485.0 
744.216 486.0 
744.332 487.0 
744.912 488.0 
743.983 489.0 
744.216 490.0 
744.564 491.0 
743.867 492.0 
744.099 493.0 
744.68 494.0 
743.403 495.0 
743.867 496.0 
744.448 497.0 
744.796 498.0 
743.519 499.0 
743.751 500.0 
744.332 501.0 
744.564 502.0 
743.403 503.0 
743.287 504.0 
743.519 505.0 
743.867 506.0 
741.662 507.0 
744.796 508.0 
742.011 509.0 
742.939 510.0 
743.171 511.0 
743.519 512.0 
743.635 513.0 
743.751 514.0 
743.403 515.0 
742.707 516.0 
747.929 517.0 
742.707 518.0 
742.707 519.0 
742.591 520.0 
742.939 521.0 
742.707 522.0 
742.707 523.0 
742.823 524.0 
743.055 525.0 
742.707 526.0 
742.707 527.0 
742.127 528.0 
742.359 529.0 
741.895 530.0 
742.243 531.0 
743.519 532.0 
743.519 533.0 
742.707 534.0 
743.403 535.0 
743.171 536.0 
743.171 537.0 
742.707 538.0 
742.707 539.0 
742.359 540.0 
743.635 541.0 
743.171 542.0 
743.171 543.0 
742.939 544.0 
742.707 545.0 
742.127 546.0 
743.403 547.0 
743.287 548.0 
742.939 549.0 
742.475 550.0 
741.198 551.0 
743.171 552.0 
742.707 553.0 
742.359 554.0 
742.011 555.0 
743.287 556.0 
743.171 557.0 
742.591 558.0 
739.109 559.0 
743.287 560.0 
742.591 561.0 
742.011 562.0 
743.287 563.0 
741.779 564.0 
742.243 565.0 
742.823 566.0 
742.475 567.0 
741.546 568.0 
742.011 569.0 
742.127 570.0 
743.403 571.0 
742.475 572.0 
741.895 573.0 
742.939 574.0 
742.011 575.0 
745.376 576.0 
742.475 577.0 
742.591 578.0 
743.403 579.0 
742.939 580.0 
743.867 581.0 
742.823 582.0 
743.635 583.0 
743.171 584.0 
739.922 585.0 
743.403 586.0 
742.359 587.0 
743.055 588.0 
742.359 589.0 
742.939 590.0 
742.475 591.0 
743.055 592.0 
742.359 593.0 
743.055 594.0 
742.359 595.0 
742.823 596.0 
742.591 597.0 
743.171 598.0 
742.591 599.0 
743.287 600.0 
743.983 601.0 
743.055 602.0 
743.983 603.0 
742.823 604.0 
743.751 605.0 
742.359 606.0 
742.823 607.0 
742.243 608.0 
743.171 609.0 
743.519 610.0 
742.939 611.0 
743.635 612.0 
742.591 613.0 
743.055 614.0 
742.011 615.0 
742.475 616.0 
743.751 617.0 
742.359 618.0 
743.403 619.0 
740.85 620.0 
743.171 621.0 
743.519 622.0 
742.359 623.0 
742.591 624.0 
743.635 625.0 
742.127 626.0 
742.707 627.0 
743.635 628.0 
742.823 629.0 
743.171 630.0 
743.635 631.0 
742.707 632.0 
743.055 633.0 
745.376 634.0 
742.707 635.0 
742.939 636.0 
743.867 637.0 
742.475 638.0 
742.707 639.0 
743.751 640.0 
742.475 641.0 
742.823 642.0 
743.287 643.0 
742.243 644.0 
741.662 645.0 
743.403 646.0 
743.403 647.0 
742.011 648.0 
742.823 649.0 
743.519 650.0 
742.011 651.0 
742.243 652.0 
742.939 653.0 
743.287 654.0 
741.895 655.0 
741.895 656.0 
742.939 657.0 
743.635 658.0 
742.591 659.0 
743.055 660.0 
743.519 661.0 
743.751 662.0 
742.475 663.0 
743.287 664.0 
743.519 665.0 
743.751 666.0 
742.127 667.0 
742.707 668.0 
742.939 669.0 
743.519 670.0 
742.127 671.0 
742.475 672.0 
742.707 673.0 
743.403 674.0 
743.403 675.0 
742.359 676.0 
742.475 677.0 
743.287 678.0 
743.171 679.0 
743.751 680.0 
742.359 681.0 
742.475 682.0 
742.823 683.0 
743.055 684.0 
743.403 685.0 
743.867 686.0 
741.895 687.0 
742.475 688.0 
742.823 689.0 
743.171 690.0 
743.287 691.0 
743.403 692.0 
742.127 693.0 
742.127 694.0 
742.591 695.0 
742.939 696.0 
742.939 697.0 
743.519 698.0 
741.779 699.0 
742.359 700.0 
742.591 701.0 
742.823 702.0 
742.823 703.0 
743.635 704.0 
743.519 705.0 
743.751 706.0 
742.127 707.0 
742.127 708.0 
742.475 709.0 
742.707 710.0 
742.939 711.0 
743.403 712.0 
743.403 713.0 
743.519 714.0 
741.198 715.0 
742.243 716.0 
742.475 717.0 
742.475 718.0 
742.939 719.0 
742.707 720.0 
743.055 721.0 
742.591 722.0 
743.635 723.0 
743.635 724.0 
743.751 725.0 
741.43 726.0 
742.011 727.0 
742.359 728.0 
742.359 729.0 
742.707 730.0 
742.823 731.0 
742.939 732.0 
743.055 733.0 
742.707 734.0 
743.519 735.0 
742.823 736.0 
743.519 737.0 
743.867 738.0 
742.127 739.0 
741.662 740.0 
742.011 741.0 
742.243 742.0 
742.475 743.0 
742.475 744.0 
742.359 745.0 
742.243 746.0 
742.359 747.0 
742.475 748.0 
742.707 749.0 
742.707 750.0 
742.939 751.0 
742.591 752.0 
742.591 753.0 
742.591 754.0 
742.939 755.0 
742.707 756.0 
742.823 757.0 
743.171 758.0 
742.939 759.0 
743.287 760.0 
743.055 761.0 
743.171 762.0 
743.287 763.0 
743.055 764.0 
743.055 765.0 
743.055 766.0 
742.823 767.0 
743.055 768.0 
742.939 769.0 
743.055 770.0 
743.171 771.0 
742.823 772.0 
743.171 773.0 
742.939 774.0 
743.171 775.0 
742.939 776.0 
743.055 777.0 
743.171 778.0 
742.939 779.0 
742.823 780.0 
743.171 781.0 
742.939 782.0 
742.823 783.0 
742.939 784.0 
743.171 785.0 
743.055 786.0 
742.707 787.0 
742.823 788.0 
742.475 789.0 
742.939 790.0 
743.287 791.0 
742.939 792.0 
742.823 793.0 
742.823 794.0 
742.591 795.0 
742.475 796.0 
742.939 797.0 
743.171 798.0 
742.939 799.0 
742.823 800.0 
742.707 801.0 
742.475 802.0 
742.707 803.0 
742.591 804.0 
0.101 805.0 
0.127 806.0 
0.114 807.0 
0.11 808.0 
0.093 809.0 
0.083 810.0 
0.056 811.0 
0.02 812.0 
-0.01 813.0 
-0.056 814.0 
-0.097 815.0 
-0.123 816.0 
-0.159 817.0 
-0.18 818.0 
-0.195 819.0 
-0.217 820.0 
-0.248 821.0 
-0.255 822.0 
-0.266 823.0 
-0.266 824.0 
-0.267 825.0 
-0.26 826.0 
-0.258 827.0 
-0.255 828.0 
-0.228 829.0 
