-0.025 257.0 
-0.042 258.0 
-0.055 259.0 
-0.026 260.0 
-0.02 261.0 
-0.016 262.0 
-0.047 263.0 
-0.034 264.0 
-0.03 265.0 
-0.123 266.0 
-0.022 267.0 
-0.036 268.0 
-0.037 269.0 
-0.036 270.0 
-0.028 271.0 
-0.028 272.0 
-0.028 273.0 
-0.042 274.0 
249.967 275.0 
246.138 276.0 
245.093 277.0 
243.469 278.0 
241.38 279.0 
239.987 280.0 
237.666 281.0 
238.711 282.0 
234.881 283.0 
233.605 284.0 
233.721 285.0 
233.372 286.0 
233.488 287.0 
233.14 288.0 
233.024 289.0 
232.096 290.0 
231.98 291.0 
231.98 292.0 
231.748 293.0 
230.007 294.0 
231.168 295.0 
231.284 296.0 
231.632 297.0 
230.587 298.0 
230.471 299.0 
229.543 300.0 
230.123 301.0 
230.587 302.0 
229.659 303.0 
230.239 304.0 
230.123 305.0 
229.659 306.0 
230.007 307.0 
229.543 308.0 
229.659 309.0 
229.311 310.0 
229.543 311.0 
229.079 312.0 
229.195 313.0 
228.963 314.0 
229.427 315.0 
229.195 316.0 
229.195 317.0 
229.079 318.0 
224.785 319.0 
229.079 320.0 
228.382 321.0 
229.427 322.0 
228.963 323.0 
229.079 324.0 
228.614 325.0 
229.427 326.0 
228.963 327.0 
228.614 328.0 
229.195 329.0 
229.079 330.0 
228.498 331.0 
231.4 332.0 
229.079 333.0 
228.963 334.0 
229.543 335.0 
229.079 336.0 
229.311 337.0 
228.614 338.0 
231.516 339.0 
228.963 340.0 
228.73 341.0 
229.079 342.0 
226.294 343.0 
228.614 344.0 
228.73 345.0 
228.614 346.0 
228.498 347.0 
227.106 348.0 
228.847 349.0 
228.73 350.0 
228.498 351.0 
228.963 352.0 
228.498 353.0 
228.034 354.0 
226.294 355.0 
228.847 356.0 
229.079 357.0 
228.847 358.0 
228.963 359.0 
229.079 360.0 
228.963 361.0 
229.079 362.0 
228.963 363.0 
228.73 364.0 
228.73 365.0 
228.847 366.0 
228.73 367.0 
228.73 368.0 
228.73 369.0 
228.73 370.0 
228.73 371.0 
228.963 372.0 
228.847 373.0 
228.963 374.0 
229.079 375.0 
230.007 376.0 
228.73 377.0 
229.079 378.0 
228.382 379.0 
228.73 380.0 
228.847 381.0 
227.918 382.0 
228.847 383.0 
228.73 384.0 
228.498 385.0 
228.847 386.0 
228.034 387.0 
228.73 388.0 
228.963 389.0 
229.079 390.0 
228.963 391.0 
228.73 392.0 
228.963 393.0 
228.266 394.0 
228.73 395.0 
229.427 396.0 
228.73 397.0 
229.195 398.0 
228.15 399.0 
228.847 400.0 
229.079 401.0 
228.963 402.0 
229.427 403.0 
228.847 404.0 
228.73 405.0 
228.614 406.0 
228.847 407.0 
228.73 408.0 
228.73 409.0 
228.498 410.0 
228.847 411.0 
228.73 412.0 
229.543 413.0 
228.963 414.0 
228.614 415.0 
228.963 416.0 
228.614 417.0 
228.963 418.0 
228.963 419.0 
228.963 420.0 
228.498 421.0 
228.963 422.0 
229.195 423.0 
228.614 424.0 
228.614 425.0 
228.73 426.0 
228.73 427.0 
228.963 428.0 
228.614 429.0 
228.847 430.0 
229.079 431.0 
228.614 432.0 
228.73 433.0 
228.847 434.0 
228.73 435.0 
229.079 436.0 
229.311 437.0 
228.963 438.0 
228.382 439.0 
228.382 440.0 
228.847 441.0 
228.963 442.0 
228.963 443.0 
228.614 444.0 
228.614 445.0 
228.847 446.0 
229.079 447.0 
228.963 448.0 
228.963 449.0 
229.079 450.0 
228.963 451.0 
228.73 452.0 
228.847 453.0 
228.614 454.0 
228.963 455.0 
228.498 456.0 
228.847 457.0 
228.73 458.0 
229.079 459.0 
228.847 460.0 
228.73 461.0 
228.847 462.0 
229.311 463.0 
228.963 464.0 
228.847 465.0 
228.963 466.0 
228.847 467.0 
228.73 468.0 
228.73 469.0 
228.847 470.0 
228.498 471.0 
228.498 472.0 
227.918 473.0 
228.963 474.0 
229.195 475.0 
228.963 476.0 
228.847 477.0 
229.079 478.0 
228.498 479.0 
228.73 480.0 
229.195 481.0 
229.427 482.0 
229.311 483.0 
228.847 484.0 
228.73 485.0 
228.963 486.0 
228.614 487.0 
228.963 488.0 
228.382 489.0 
228.498 490.0 
229.079 491.0 
228.73 492.0 
228.847 493.0 
228.614 494.0 
228.73 495.0 
228.73 496.0 
229.195 497.0 
228.963 498.0 
228.963 499.0 
228.73 500.0 
229.079 501.0 
229.311 502.0 
228.963 503.0 
228.382 504.0 
228.614 505.0 
228.73 506.0 
226.642 507.0 
231.516 508.0 
228.266 509.0 
228.498 510.0 
228.498 511.0 
228.73 512.0 
228.498 513.0 
228.847 514.0 
229.195 515.0 
228.963 516.0 
231.864 517.0 
228.382 518.0 
228.498 519.0 
228.73 520.0 
228.498 521.0 
228.963 522.0 
228.847 523.0 
228.498 524.0 
228.266 525.0 
228.498 526.0 
228.73 527.0 
228.15 528.0 
228.266 529.0 
228.15 530.0 
228.382 531.0 
228.847 532.0 
231.516 533.0 
228.847 534.0 
228.847 535.0 
228.847 536.0 
228.73 537.0 
228.498 538.0 
228.498 539.0 
228.847 540.0 
228.963 541.0 
228.614 542.0 
228.963 543.0 
228.847 544.0 
228.498 545.0 
228.034 546.0 
229.079 547.0 
228.73 548.0 
228.15 549.0 
228.382 550.0 
227.222 551.0 
228.614 552.0 
228.382 553.0 
228.266 554.0 
228.498 555.0 
229.079 556.0 
228.73 557.0 
228.73 558.0 
223.973 559.0 
228.614 560.0 
228.73 561.0 
228.15 562.0 
229.195 563.0 
228.614 564.0 
228.034 565.0 
228.266 566.0 
227.918 567.0 
228.498 568.0 
228.266 569.0 
228.498 570.0 
229.079 571.0 
228.498 572.0 
228.382 573.0 
228.614 574.0 
228.614 575.0 
228.963 576.0 
228.498 577.0 
228.266 578.0 
228.963 579.0 
228.73 580.0 
228.963 581.0 
228.847 582.0 
228.73 583.0 
228.73 584.0 
223.624 585.0 
228.73 586.0 
228.498 587.0 
228.73 588.0 
228.382 589.0 
228.498 590.0 
228.498 591.0 
228.498 592.0 
228.382 593.0 
228.73 594.0 
228.73 595.0 
228.498 596.0 
228.498 597.0 
228.266 598.0 
228.73 599.0 
228.73 600.0 
229.427 601.0 
228.73 602.0 
228.963 603.0 
228.498 604.0 
228.73 605.0 
228.498 606.0 
228.963 607.0 
228.498 608.0 
228.847 609.0 
228.963 610.0 
228.614 611.0 
228.847 612.0 
228.614 613.0 
228.73 614.0 
228.614 615.0 
228.266 616.0 
228.963 617.0 
228.614 618.0 
228.847 619.0 
226.642 620.0 
228.847 621.0 
228.614 622.0 
228.614 623.0 
228.73 624.0 
229.195 625.0 
228.382 626.0 
228.614 627.0 
228.847 628.0 
228.614 629.0 
228.614 630.0 
228.847 631.0 
228.382 632.0 
228.847 633.0 
230.471 634.0 
228.847 635.0 
228.73 636.0 
228.847 637.0 
228.73 638.0 
228.73 639.0 
228.847 640.0 
228.498 641.0 
228.034 642.0 
228.963 643.0 
228.614 644.0 
228.498 645.0 
228.498 646.0 
229.079 647.0 
228.614 648.0 
228.614 649.0 
228.963 650.0 
228.614 651.0 
227.918 652.0 
228.614 653.0 
229.311 654.0 
228.73 655.0 
228.498 656.0 
228.614 657.0 
228.963 658.0 
228.73 659.0 
229.079 660.0 
228.847 661.0 
228.614 662.0 
228.73 663.0 
228.614 664.0 
228.73 665.0 
229.195 666.0 
228.382 667.0 
228.498 668.0 
228.73 669.0 
228.847 670.0 
228.382 671.0 
228.847 672.0 
228.614 673.0 
228.963 674.0 
228.73 675.0 
228.847 676.0 
228.963 677.0 
228.498 678.0 
228.614 679.0 
228.847 680.0 
228.614 681.0 
228.614 682.0 
228.847 683.0 
228.73 684.0 
228.382 685.0 
228.847 686.0 
228.498 687.0 
228.498 688.0 
228.73 689.0 
228.73 690.0 
229.079 691.0 
228.963 692.0 
228.15 693.0 
228.498 694.0 
228.614 695.0 
228.73 696.0 
228.266 697.0 
228.73 698.0 
228.15 699.0 
228.614 700.0 
228.847 701.0 
228.73 702.0 
229.079 703.0 
229.079 704.0 
228.614 705.0 
228.73 706.0 
228.498 707.0 
228.498 708.0 
228.614 709.0 
228.382 710.0 
228.614 711.0 
228.73 712.0 
228.73 713.0 
228.963 714.0 
227.222 715.0 
228.614 716.0 
228.382 717.0 
228.73 718.0 
228.847 719.0 
228.963 720.0 
228.847 721.0 
229.079 722.0 
229.079 723.0 
228.847 724.0 
228.847 725.0 
228.498 726.0 
228.266 727.0 
228.382 728.0 
228.498 729.0 
228.73 730.0 
228.614 731.0 
228.498 732.0 
228.73 733.0 
228.614 734.0 
229.195 735.0 
228.614 736.0 
228.963 737.0 
229.079 738.0 
228.498 739.0 
228.266 740.0 
228.266 741.0 
228.73 742.0 
228.614 743.0 
228.382 744.0 
228.498 745.0 
228.498 746.0 
228.382 747.0 
228.614 748.0 
228.73 749.0 
228.498 750.0 
228.73 751.0 
228.614 752.0 
228.382 753.0 
228.614 754.0 
228.847 755.0 
228.847 756.0 
228.847 757.0 
228.614 758.0 
228.847 759.0 
228.73 760.0 
228.498 761.0 
229.079 762.0 
229.195 763.0 
228.73 764.0 
228.614 765.0 
228.847 766.0 
228.73 767.0 
228.847 768.0 
228.73 769.0 
228.847 770.0 
228.847 771.0 
228.847 772.0 
228.73 773.0 
228.847 774.0 
228.73 775.0 
228.847 776.0 
228.847 777.0 
229.079 778.0 
228.73 779.0 
228.614 780.0 
228.963 781.0 
229.195 782.0 
228.73 783.0 
228.498 784.0 
228.614 785.0 
228.73 786.0 
228.847 787.0 
228.73 788.0 
228.73 789.0 
228.73 790.0 
228.847 791.0 
228.847 792.0 
228.847 793.0 
228.614 794.0 
228.614 795.0 
228.73 796.0 
228.73 797.0 
228.73 798.0 
228.73 799.0 
228.498 800.0 
228.73 801.0 
228.847 802.0 
228.963 803.0 
228.614 804.0 
0.034 805.0 
0.029 806.0 
0.034 807.0 
0.029 808.0 
0.016 809.0 
0.01 810.0 
-0.005 811.0 
-0.016 812.0 
-0.036 813.0 
-0.053 814.0 
-0.069 815.0 
-0.084 816.0 
-0.091 817.0 
-0.096 818.0 
-0.111 819.0 
-0.113 820.0 
-0.119 821.0 
-0.121 822.0 
-0.117 823.0 
-0.126 824.0 
-0.117 825.0 
-0.117 826.0 
-0.102 827.0 
-0.091 828.0 
-0.096 829.0 
