-0.022 257.0 
-0.044 258.0 
-0.127 259.0 
-0.035 260.0 
-0.042 261.0 
-0.028 262.0 
-0.034 263.0 
-0.054 264.0 
-0.032 265.0 
-0.005 266.0 
-0.02 267.0 
-0.028 268.0 
-0.04 269.0 
-0.032 270.0 
-0.019 271.0 
-0.026 272.0 
-0.04 273.0 
-0.038 274.0 
255.654 275.0 
251.708 276.0 
250.548 277.0 
248.343 278.0 
246.022 279.0 
244.165 280.0 
242.424 281.0 
240.799 282.0 
238.595 283.0 
238.479 284.0 
237.898 285.0 
237.55 286.0 
237.202 287.0 
237.318 288.0 
236.854 289.0 
238.827 290.0 
235.693 291.0 
235.809 292.0 
235.229 293.0 
235.577 294.0 
234.533 295.0 
234.881 296.0 
235.113 297.0 
234.649 298.0 
234.301 299.0 
234.649 300.0 
234.069 301.0 
234.185 302.0 
232.792 303.0 
234.069 304.0 
234.185 305.0 
233.721 306.0 
233.721 307.0 
233.488 308.0 
233.372 309.0 
232.792 310.0 
233.372 311.0 
232.908 312.0 
233.14 313.0 
232.56 314.0 
233.024 315.0 
232.56 316.0 
233.256 317.0 
232.676 318.0 
232.792 319.0 
232.676 320.0 
231.516 321.0 
232.676 322.0 
232.56 323.0 
232.792 324.0 
232.444 325.0 
234.069 326.0 
232.792 327.0 
232.56 328.0 
232.792 329.0 
232.676 330.0 
232.328 331.0 
233.024 332.0 
232.676 333.0 
231.98 334.0 
235.345 335.0 
232.328 336.0 
232.444 337.0 
232.212 338.0 
232.56 339.0 
232.328 340.0 
232.444 341.0 
232.096 342.0 
228.266 343.0 
232.444 344.0 
232.56 345.0 
232.444 346.0 
232.096 347.0 
230.007 348.0 
232.676 349.0 
232.328 350.0 
232.56 351.0 
232.676 352.0 
232.56 353.0 
227.686 354.0 
232.676 355.0 
232.328 356.0 
232.444 357.0 
232.56 358.0 
232.56 359.0 
232.444 360.0 
232.56 361.0 
232.56 362.0 
232.328 363.0 
232.212 364.0 
232.444 365.0 
232.676 366.0 
232.676 367.0 
232.328 368.0 
232.444 369.0 
232.56 370.0 
232.676 371.0 
232.676 372.0 
232.212 373.0 
232.328 374.0 
232.792 375.0 
232.676 376.0 
231.051 377.0 
232.328 378.0 
232.56 379.0 
232.444 380.0 
232.212 381.0 
232.676 382.0 
231.864 383.0 
232.56 384.0 
232.328 385.0 
233.024 386.0 
231.864 387.0 
232.212 388.0 
232.444 389.0 
232.676 390.0 
232.676 391.0 
232.444 392.0 
232.444 393.0 
231.864 394.0 
232.212 395.0 
232.676 396.0 
232.096 397.0 
232.676 398.0 
230.935 399.0 
232.096 400.0 
232.676 401.0 
232.328 402.0 
232.908 403.0 
232.444 404.0 
232.328 405.0 
232.096 406.0 
232.328 407.0 
232.908 408.0 
232.444 409.0 
232.444 410.0 
232.56 411.0 
232.908 412.0 
235.229 413.0 
232.676 414.0 
231.864 415.0 
232.328 416.0 
232.096 417.0 
232.676 418.0 
232.444 419.0 
232.096 420.0 
232.56 421.0 
232.328 422.0 
232.56 423.0 
232.212 424.0 
232.328 425.0 
232.676 426.0 
232.676 427.0 
232.444 428.0 
232.328 429.0 
232.212 430.0 
232.444 431.0 
233.024 432.0 
232.676 433.0 
232.212 434.0 
232.212 435.0 
232.56 436.0 
233.256 437.0 
232.096 438.0 
232.096 439.0 
232.212 440.0 
232.328 441.0 
232.56 442.0 
232.328 443.0 
232.444 444.0 
232.328 445.0 
232.444 446.0 
232.56 447.0 
232.328 448.0 
232.56 449.0 
233.256 450.0 
232.444 451.0 
232.676 452.0 
232.328 453.0 
231.98 454.0 
232.676 455.0 
232.328 456.0 
232.328 457.0 
232.328 458.0 
232.444 459.0 
232.444 460.0 
232.212 461.0 
232.56 462.0 
232.792 463.0 
232.444 464.0 
232.908 465.0 
232.676 466.0 
232.676 467.0 
231.98 468.0 
232.792 469.0 
232.444 470.0 
232.676 471.0 
232.328 472.0 
232.676 473.0 
232.444 474.0 
232.792 475.0 
232.328 476.0 
232.56 477.0 
232.212 478.0 
232.328 479.0 
232.212 480.0 
232.444 481.0 
232.56 482.0 
232.56 483.0 
232.676 484.0 
232.56 485.0 
232.56 486.0 
232.328 487.0 
233.024 488.0 
232.328 489.0 
232.328 490.0 
232.676 491.0 
232.676 492.0 
232.328 493.0 
232.328 494.0 
232.096 495.0 
231.748 496.0 
232.212 497.0 
232.676 498.0 
232.212 499.0 
232.328 500.0 
232.56 501.0 
232.444 502.0 
232.212 503.0 
232.444 504.0 
232.56 505.0 
232.444 506.0 
229.427 507.0 
235.345 508.0 
232.328 509.0 
232.56 510.0 
232.212 511.0 
232.444 512.0 
232.56 513.0 
232.096 514.0 
232.444 515.0 
232.676 516.0 
232.676 517.0 
231.748 518.0 
232.096 519.0 
231.748 520.0 
231.748 521.0 
231.98 522.0 
232.212 523.0 
232.212 524.0 
232.212 525.0 
232.328 526.0 
232.56 527.0 
231.864 528.0 
232.212 529.0 
231.748 530.0 
232.328 531.0 
232.676 532.0 
232.212 533.0 
231.748 534.0 
232.096 535.0 
232.56 536.0 
232.328 537.0 
232.096 538.0 
232.212 539.0 
232.328 540.0 
232.676 541.0 
231.516 542.0 
232.444 543.0 
232.444 544.0 
231.98 545.0 
231.748 546.0 
232.328 547.0 
232.444 548.0 
232.444 549.0 
232.212 550.0 
231.748 551.0 
232.676 552.0 
232.328 553.0 
231.98 554.0 
231.864 555.0 
232.328 556.0 
232.328 557.0 
231.864 558.0 
226.294 559.0 
232.328 560.0 
232.096 561.0 
231.516 562.0 
232.444 563.0 
232.096 564.0 
231.864 565.0 
232.328 566.0 
231.748 567.0 
231.748 568.0 
232.212 569.0 
232.096 570.0 
232.444 571.0 
232.096 572.0 
231.864 573.0 
231.748 574.0 
231.98 575.0 
232.328 576.0 
232.096 577.0 
232.328 578.0 
232.444 579.0 
232.444 580.0 
232.328 581.0 
232.212 582.0 
231.98 583.0 
232.56 584.0 
232.676 585.0 
232.56 586.0 
232.328 587.0 
232.444 588.0 
232.328 589.0 
232.328 590.0 
232.096 591.0 
232.444 592.0 
231.864 593.0 
232.096 594.0 
232.212 595.0 
232.328 596.0 
231.98 597.0 
232.444 598.0 
231.98 599.0 
232.56 600.0 
232.56 601.0 
232.328 602.0 
232.444 603.0 
232.56 604.0 
232.56 605.0 
232.328 606.0 
232.444 607.0 
232.444 608.0 
232.56 609.0 
232.908 610.0 
232.56 611.0 
232.908 612.0 
232.328 613.0 
232.096 614.0 
231.864 615.0 
232.212 616.0 
232.56 617.0 
231.748 618.0 
232.328 619.0 
229.311 620.0 
232.096 621.0 
232.328 622.0 
232.212 623.0 
232.328 624.0 
232.792 625.0 
232.328 626.0 
232.212 627.0 
232.444 628.0 
232.444 629.0 
231.98 630.0 
232.792 631.0 
232.096 632.0 
232.212 633.0 
232.444 634.0 
232.096 635.0 
232.444 636.0 
232.212 637.0 
232.212 638.0 
232.328 639.0 
232.444 640.0 
231.864 641.0 
231.632 642.0 
232.792 643.0 
232.212 644.0 
232.212 645.0 
232.212 646.0 
232.56 647.0 
232.096 648.0 
232.212 649.0 
232.792 650.0 
232.096 651.0 
231.98 652.0 
232.328 653.0 
232.212 654.0 
231.98 655.0 
232.444 656.0 
232.444 657.0 
232.56 658.0 
232.096 659.0 
232.212 660.0 
232.328 661.0 
231.98 662.0 
231.864 663.0 
232.444 664.0 
232.444 665.0 
232.56 666.0 
232.212 667.0 
232.328 668.0 
232.328 669.0 
232.908 670.0 
232.444 671.0 
232.212 672.0 
231.98 673.0 
232.212 674.0 
231.864 675.0 
232.096 676.0 
232.328 677.0 
231.98 678.0 
232.444 679.0 
232.444 680.0 
231.98 681.0 
231.864 682.0 
232.56 683.0 
232.328 684.0 
232.56 685.0 
232.328 686.0 
231.98 687.0 
232.212 688.0 
232.212 689.0 
232.212 690.0 
232.792 691.0 
232.792 692.0 
231.748 693.0 
231.98 694.0 
232.096 695.0 
232.328 696.0 
232.444 697.0 
232.212 698.0 
231.051 699.0 
231.864 700.0 
232.212 701.0 
232.212 702.0 
232.328 703.0 
232.56 704.0 
232.212 705.0 
232.676 706.0 
232.096 707.0 
232.096 708.0 
232.212 709.0 
232.212 710.0 
232.328 711.0 
232.676 712.0 
232.676 713.0 
232.212 714.0 
230.819 715.0 
232.444 716.0 
232.212 717.0 
231.98 718.0 
232.096 719.0 
231.98 720.0 
232.328 721.0 
232.212 722.0 
232.444 723.0 
232.56 724.0 
232.444 725.0 
232.096 726.0 
232.212 727.0 
232.328 728.0 
232.444 729.0 
232.212 730.0 
232.212 731.0 
232.56 732.0 
232.096 733.0 
232.328 734.0 
232.56 735.0 
232.444 736.0 
232.56 737.0 
232.56 738.0 
231.864 739.0 
231.98 740.0 
231.748 741.0 
231.98 742.0 
232.328 743.0 
232.328 744.0 
232.212 745.0 
232.56 746.0 
232.096 747.0 
232.328 748.0 
232.212 749.0 
232.096 750.0 
232.56 751.0 
232.212 752.0 
231.98 753.0 
232.212 754.0 
232.212 755.0 
232.212 756.0 
232.212 757.0 
231.632 758.0 
231.98 759.0 
232.096 760.0 
232.444 761.0 
232.56 762.0 
232.56 763.0 
232.676 764.0 
232.444 765.0 
232.212 766.0 
232.676 767.0 
232.444 768.0 
232.328 769.0 
232.444 770.0 
232.328 771.0 
232.444 772.0 
232.56 773.0 
232.328 774.0 
232.212 775.0 
232.212 776.0 
232.444 777.0 
232.212 778.0 
232.328 779.0 
232.444 780.0 
232.212 781.0 
232.56 782.0 
232.212 783.0 
232.328 784.0 
232.444 785.0 
232.56 786.0 
232.56 787.0 
232.676 788.0 
232.096 789.0 
232.328 790.0 
232.212 791.0 
232.212 792.0 
232.328 793.0 
232.212 794.0 
232.328 795.0 
232.212 796.0 
232.096 797.0 
232.328 798.0 
232.212 799.0 
232.212 800.0 
231.864 801.0 
232.212 802.0 
232.212 803.0 
232.676 804.0 
0.032 805.0 
0.03 806.0 
0.028 807.0 
0.032 808.0 
0.043 809.0 
0.035 810.0 
0.031 811.0 
0.043 812.0 
0.029 813.0 
0.023 814.0 
0.019 815.0 
0.016 816.0 
0.018 817.0 
0.011 818.0 
0.005 819.0 
-0.001 820.0 
0.0 821.0 
-0.005 822.0 
-0.006 823.0 
-0.016 824.0 
-0.018 825.0 
-0.013 826.0 
-0.011 827.0 
-0.011 828.0 
-0.023 829.0 
