-0.031 257.0 
-0.037 258.0 
-0.044 259.0 
-0.048 260.0 
-0.059 261.0 
-0.055 262.0 
-0.036 263.0 
-0.034 264.0 
-0.037 265.0 
-0.042 266.0 
-0.04 267.0 
-0.023 268.0 
-0.04 269.0 
-0.047 270.0 
-0.037 271.0 
-0.044 272.0 
-0.032 273.0 
-0.046 274.0 
142.515 275.0 
139.945 276.0 
138.765 277.0 
137.189 278.0 
135.624 279.0 
133.58 280.0 
131.863 281.0 
129.398 282.0 
125.579 283.0 
124.294 284.0 
123.874 285.0 
123.524 286.0 
123.395 287.0 
123.08 288.0 
122.776 289.0 
122.099 290.0 
121.865 291.0 
121.631 292.0 
121.48 293.0 
121.398 294.0 
120.826 295.0 
120.662 296.0 
120.592 297.0 
120.055 298.0 
119.903 299.0 
119.821 300.0 
119.272 301.0 
119.214 302.0 
118.618 303.0 
118.571 304.0 
118.373 305.0 
117.707 306.0 
116.329 307.0 
113.888 308.0 
111.038 309.0 
107.207 310.0 
103.365 311.0 
99.3 312.0 
95.446 313.0 
91.358 314.0 
87.504 315.0 
83.568 316.0 
80.356 317.0 
77.529 318.0 
77.412 319.0 
77.237 320.0 
77.074 321.0 
77.144 322.0 
77.039 323.0 
77.097 324.0 
77.039 325.0 
76.91 326.0 
77.015 327.0 
76.957 328.0 
77.12 329.0 
77.027 330.0 
76.992 331.0 
77.015 332.0 
77.062 333.0 
76.98 334.0 
77.12 335.0 
77.027 336.0 
77.015 337.0 
76.934 338.0 
77.074 339.0 
77.015 340.0 
76.992 341.0 
76.98 342.0 
76.828 343.0 
77.027 344.0 
77.004 345.0 
76.957 346.0 
76.899 347.0 
76.992 348.0 
77.062 349.0 
77.027 350.0 
76.98 351.0 
76.98 352.0 
76.969 353.0 
76.852 354.0 
77.027 355.0 
77.004 356.0 
77.062 357.0 
76.992 358.0 
77.039 359.0 
76.98 360.0 
77.05 361.0 
77.004 362.0 
77.004 363.0 
76.934 364.0 
76.992 365.0 
76.992 366.0 
77.015 367.0 
76.98 368.0 
77.004 369.0 
76.957 370.0 
77.027 371.0 
77.004 372.0 
77.039 373.0 
77.062 374.0 
77.074 375.0 
77.377 376.0 
76.887 377.0 
76.957 378.0 
76.957 379.0 
76.98 380.0 
77.004 381.0 
77.085 382.0 
76.969 383.0 
76.957 384.0 
76.934 385.0 
77.062 386.0 
76.957 387.0 
76.945 388.0 
77.027 389.0 
76.98 390.0 
77.004 391.0 
76.945 392.0 
77.05 393.0 
76.875 394.0 
76.98 395.0 
77.074 396.0 
76.934 397.0 
77.015 398.0 
76.945 399.0 
76.91 400.0 
77.062 401.0 
76.992 402.0 
77.039 403.0 
77.015 404.0 
76.992 405.0 
76.945 406.0 
76.969 407.0 
76.922 408.0 
77.015 409.0 
76.934 410.0 
76.992 411.0 
77.015 412.0 
77.412 413.0 
77.027 414.0 
76.922 415.0 
77.027 416.0 
76.899 417.0 
77.05 418.0 
77.004 419.0 
76.922 420.0 
76.98 421.0 
77.004 422.0 
77.027 423.0 
76.969 424.0 
76.934 425.0 
77.004 426.0 
77.039 427.0 
76.934 428.0 
76.945 429.0 
76.887 430.0 
76.992 431.0 
77.004 432.0 
77.039 433.0 
76.922 434.0 
76.91 435.0 
76.969 436.0 
77.027 437.0 
76.922 438.0 
76.91 439.0 
76.945 440.0 
76.957 441.0 
76.945 442.0 
76.957 443.0 
76.957 444.0 
76.922 445.0 
76.945 446.0 
77.05 447.0 
77.027 448.0 
77.004 449.0 
77.272 450.0 
76.945 451.0 
76.945 452.0 
76.887 453.0 
76.875 454.0 
76.992 455.0 
76.957 456.0 
76.934 457.0 
76.899 458.0 
77.004 459.0 
77.004 460.0 
76.98 461.0 
76.934 462.0 
77.062 463.0 
77.027 464.0 
76.945 465.0 
77.039 466.0 
76.957 467.0 
76.91 468.0 
77.039 469.0 
76.934 470.0 
76.899 471.0 
76.957 472.0 
76.875 473.0 
76.969 474.0 
77.015 475.0 
76.969 476.0 
76.899 477.0 
76.969 478.0 
76.91 479.0 
76.934 480.0 
77.039 481.0 
76.957 482.0 
77.05 483.0 
76.969 484.0 
77.004 485.0 
76.945 486.0 
76.934 487.0 
77.027 488.0 
76.957 489.0 
76.969 490.0 
77.015 491.0 
76.957 492.0 
76.969 493.0 
76.992 494.0 
76.91 495.0 
76.899 496.0 
76.98 497.0 
77.004 498.0 
76.864 499.0 
76.922 500.0 
76.957 501.0 
76.992 502.0 
76.864 503.0 
76.91 504.0 
76.945 505.0 
76.98 506.0 
76.91 507.0 
77.085 508.0 
76.887 509.0 
76.899 510.0 
76.887 511.0 
76.934 512.0 
76.957 513.0 
76.945 514.0 
76.969 515.0 
76.98 516.0 
76.945 517.0 
76.77 518.0 
76.864 519.0 
76.817 520.0 
76.864 521.0 
76.875 522.0 
76.84 523.0 
76.84 524.0 
76.84 525.0 
76.805 526.0 
76.828 527.0 
76.758 528.0 
76.817 529.0 
76.77 530.0 
76.758 531.0 
76.91 532.0 
76.875 533.0 
76.84 534.0 
76.805 535.0 
76.793 536.0 
76.758 537.0 
76.618 538.0 
76.642 539.0 
76.583 540.0 
76.7 541.0 
76.583 542.0 
76.583 543.0 
76.56 544.0 
76.478 545.0 
76.443 546.0 
76.595 547.0 
76.548 548.0 
76.478 549.0 
76.385 550.0 
76.338 551.0 
76.478 552.0 
76.431 553.0 
76.385 554.0 
76.35 555.0 
76.466 556.0 
76.396 557.0 
76.385 558.0 
75.953 559.0 
76.42 560.0 
76.431 561.0 
76.338 562.0 
76.443 563.0 
76.373 564.0 
76.315 565.0 
76.466 566.0 
76.455 567.0 
76.315 568.0 
76.373 569.0 
76.396 570.0 
76.478 571.0 
76.396 572.0 
76.326 573.0 
76.408 574.0 
76.373 575.0 
76.77 576.0 
76.385 577.0 
76.361 578.0 
76.49 579.0 
76.385 580.0 
76.478 581.0 
76.466 582.0 
76.501 583.0 
76.455 584.0 
76.093 585.0 
76.466 586.0 
76.373 587.0 
76.466 588.0 
76.35 589.0 
76.478 590.0 
76.385 591.0 
76.478 592.0 
76.396 593.0 
76.466 594.0 
76.373 595.0 
76.431 596.0 
76.385 597.0 
76.455 598.0 
76.35 599.0 
76.455 600.0 
76.548 601.0 
76.455 602.0 
76.525 603.0 
76.42 604.0 
76.49 605.0 
76.408 606.0 
76.443 607.0 
76.361 608.0 
76.443 609.0 
76.501 610.0 
76.42 611.0 
76.455 612.0 
76.396 613.0 
76.466 614.0 
76.315 615.0 
76.42 616.0 
76.501 617.0 
76.315 618.0 
76.455 619.0 
76.174 620.0 
76.42 621.0 
76.466 622.0 
76.373 623.0 
76.443 624.0 
76.525 625.0 
76.408 626.0 
76.455 627.0 
76.501 628.0 
76.408 629.0 
76.455 630.0 
76.525 631.0 
76.396 632.0 
76.455 633.0 
76.758 634.0 
76.385 635.0 
76.455 636.0 
76.478 637.0 
76.396 638.0 
76.431 639.0 
76.455 640.0 
76.361 641.0 
76.361 642.0 
76.466 643.0 
76.373 644.0 
76.361 645.0 
76.466 646.0 
76.478 647.0 
76.396 648.0 
76.42 649.0 
76.466 650.0 
76.315 651.0 
76.326 652.0 
76.42 653.0 
76.478 654.0 
76.338 655.0 
76.396 656.0 
76.455 657.0 
76.501 658.0 
76.373 659.0 
76.42 660.0 
76.455 661.0 
76.466 662.0 
76.361 663.0 
76.443 664.0 
76.478 665.0 
76.525 666.0 
76.373 667.0 
76.431 668.0 
76.466 669.0 
76.501 670.0 
76.35 671.0 
76.385 672.0 
76.431 673.0 
76.466 674.0 
76.455 675.0 
76.361 676.0 
76.396 677.0 
76.431 678.0 
76.466 679.0 
76.49 680.0 
76.326 681.0 
76.396 682.0 
76.443 683.0 
76.466 684.0 
76.443 685.0 
76.548 686.0 
76.326 687.0 
76.396 688.0 
76.455 689.0 
76.466 690.0 
76.478 691.0 
76.501 692.0 
76.361 693.0 
76.385 694.0 
76.408 695.0 
76.466 696.0 
76.385 697.0 
76.49 698.0 
76.315 699.0 
76.385 700.0 
76.385 701.0 
76.396 702.0 
76.42 703.0 
76.455 704.0 
76.455 705.0 
76.525 706.0 
76.326 707.0 
76.396 708.0 
76.408 709.0 
76.396 710.0 
76.396 711.0 
76.431 712.0 
76.455 713.0 
76.525 714.0 
76.245 715.0 
76.338 716.0 
76.28 717.0 
76.408 718.0 
76.408 719.0 
76.443 720.0 
76.443 721.0 
76.431 722.0 
76.466 723.0 
76.49 724.0 
76.525 725.0 
76.338 726.0 
76.326 727.0 
76.373 728.0 
76.373 729.0 
76.42 730.0 
76.396 731.0 
76.396 732.0 
76.455 733.0 
76.431 734.0 
76.466 735.0 
76.466 736.0 
76.49 737.0 
76.478 738.0 
76.326 739.0 
76.338 740.0 
76.338 741.0 
76.361 742.0 
76.361 743.0 
76.373 744.0 
76.373 745.0 
76.396 746.0 
76.408 747.0 
76.408 748.0 
76.408 749.0 
76.373 750.0 
76.396 751.0 
76.385 752.0 
76.396 753.0 
76.431 754.0 
76.385 755.0 
76.408 756.0 
76.42 757.0 
76.408 758.0 
76.42 759.0 
76.408 760.0 
76.431 761.0 
76.466 762.0 
76.466 763.0 
76.466 764.0 
76.431 765.0 
76.42 766.0 
76.431 767.0 
76.443 768.0 
76.443 769.0 
76.443 770.0 
76.42 771.0 
76.455 772.0 
76.466 773.0 
76.42 774.0 
76.42 775.0 
76.42 776.0 
76.455 777.0 
76.443 778.0 
76.431 779.0 
76.42 780.0 
76.431 781.0 
76.443 782.0 
76.431 783.0 
76.408 784.0 
76.42 785.0 
76.443 786.0 
76.42 787.0 
76.466 788.0 
76.396 789.0 
76.443 790.0 
76.431 791.0 
76.431 792.0 
76.443 793.0 
76.455 794.0 
76.396 795.0 
76.431 796.0 
76.408 797.0 
76.408 798.0 
76.431 799.0 
76.443 800.0 
76.443 801.0 
76.443 802.0 
76.408 803.0 
76.42 804.0 
0.001 805.0 
0.001 806.0 
0.001 807.0 
0.001 808.0 
-0.01 809.0 
-0.014 810.0 
-0.012 811.0 
-0.02 812.0 
-0.019 813.0 
-0.024 814.0 
-0.04 815.0 
-0.047 816.0 
-0.042 817.0 
-0.044 818.0 
-0.036 819.0 
-0.032 820.0 
-0.037 821.0 
-0.032 822.0 
-0.035 823.0 
-0.034 824.0 
-0.038 825.0 
-0.031 826.0 
-0.028 827.0 
-0.02 828.0 
-0.023 829.0 
