-0.046 257.0 
-0.041 258.0 
-0.019 259.0 
-0.034 260.0 
-0.056 261.0 
-0.034 262.0 
-0.026 263.0 
-0.012 264.0 
-0.019 265.0 
-0.031 266.0 
-0.037 267.0 
-0.017 268.0 
-0.034 269.0 
-0.04 270.0 
-0.028 271.0 
-0.047 272.0 
-0.029 273.0 
-0.026 274.0 
146.427 275.0 
142.935 276.0 
141.814 277.0 
140.342 278.0 
138.66 279.0 
136.418 280.0 
134.748 281.0 
132.377 282.0 
129.188 283.0 
128.16 284.0 
127.775 285.0 
127.425 286.0 
127.238 287.0 
126.934 288.0 
126.677 289.0 
126.432 290.0 
125.801 291.0 
125.579 292.0 
125.427 293.0 
125.194 294.0 
124.75 295.0 
124.668 296.0 
124.586 297.0 
124.073 298.0 
123.862 299.0 
123.745 300.0 
123.162 301.0 
123.126 302.0 
122.601 303.0 
122.519 304.0 
122.379 305.0 
121.69 306.0 
120.37 307.0 
118.046 308.0 
115.138 309.0 
111.061 310.0 
107.009 311.0 
102.512 312.0 
98.506 313.0 
94.196 314.0 
89.875 315.0 
85.787 316.0 
82.376 317.0 
79.468 318.0 
79.351 319.0 
79.094 320.0 
78.978 321.0 
78.966 322.0 
78.861 323.0 
78.919 324.0 
78.884 325.0 
78.756 326.0 
78.884 327.0 
78.814 328.0 
78.966 329.0 
78.896 330.0 
78.814 331.0 
78.907 332.0 
78.919 333.0 
78.849 334.0 
78.884 335.0 
78.872 336.0 
78.907 337.0 
78.779 338.0 
78.966 339.0 
78.837 340.0 
78.802 341.0 
78.791 342.0 
78.686 343.0 
78.861 344.0 
78.814 345.0 
78.791 346.0 
78.744 347.0 
78.919 348.0 
78.884 349.0 
78.849 350.0 
78.814 351.0 
78.907 352.0 
78.826 353.0 
78.686 354.0 
78.884 355.0 
78.814 356.0 
78.884 357.0 
78.837 358.0 
78.907 359.0 
78.849 360.0 
78.872 361.0 
78.849 362.0 
78.837 363.0 
78.779 364.0 
78.814 365.0 
78.814 366.0 
78.861 367.0 
78.802 368.0 
78.837 369.0 
78.802 370.0 
78.861 371.0 
78.884 372.0 
78.884 373.0 
78.884 374.0 
78.896 375.0 
79.211 376.0 
78.732 377.0 
78.814 378.0 
78.802 379.0 
78.802 380.0 
78.814 381.0 
78.942 382.0 
78.826 383.0 
78.826 384.0 
78.814 385.0 
78.896 386.0 
78.791 387.0 
78.779 388.0 
78.861 389.0 
78.837 390.0 
78.861 391.0 
78.802 392.0 
78.896 393.0 
78.756 394.0 
78.814 395.0 
78.896 396.0 
78.756 397.0 
78.849 398.0 
78.756 399.0 
78.721 400.0 
78.884 401.0 
78.826 402.0 
78.907 403.0 
78.849 404.0 
78.837 405.0 
78.756 406.0 
78.849 407.0 
78.802 408.0 
78.849 409.0 
78.732 410.0 
78.849 411.0 
78.872 412.0 
79.27 413.0 
78.872 414.0 
78.791 415.0 
78.826 416.0 
78.791 417.0 
79.024 418.0 
78.849 419.0 
78.767 420.0 
78.837 421.0 
78.826 422.0 
78.896 423.0 
78.826 424.0 
78.826 425.0 
78.837 426.0 
78.896 427.0 
78.802 428.0 
78.814 429.0 
78.744 430.0 
78.814 431.0 
78.872 432.0 
78.896 433.0 
78.767 434.0 
78.767 435.0 
78.872 436.0 
78.942 437.0 
78.732 438.0 
78.767 439.0 
78.791 440.0 
78.779 441.0 
78.779 442.0 
78.802 443.0 
78.802 444.0 
78.802 445.0 
78.779 446.0 
78.896 447.0 
78.837 448.0 
78.872 449.0 
79.153 450.0 
78.791 451.0 
78.767 452.0 
78.756 453.0 
78.767 454.0 
78.849 455.0 
78.814 456.0 
78.802 457.0 
78.767 458.0 
78.861 459.0 
78.861 460.0 
78.767 461.0 
78.791 462.0 
78.861 463.0 
78.861 464.0 
78.837 465.0 
78.896 466.0 
78.826 467.0 
78.709 468.0 
78.849 469.0 
78.802 470.0 
78.861 471.0 
78.802 472.0 
78.907 473.0 
78.814 474.0 
78.884 475.0 
78.814 476.0 
78.732 477.0 
78.791 478.0 
78.709 479.0 
78.802 480.0 
78.872 481.0 
78.779 482.0 
78.814 483.0 
78.744 484.0 
78.826 485.0 
78.779 486.0 
78.744 487.0 
78.861 488.0 
78.802 489.0 
78.767 490.0 
78.861 491.0 
78.814 492.0 
78.814 493.0 
78.861 494.0 
78.732 495.0 
78.744 496.0 
78.802 497.0 
78.872 498.0 
78.721 499.0 
78.767 500.0 
78.802 501.0 
78.849 502.0 
78.744 503.0 
78.744 504.0 
78.779 505.0 
78.767 506.0 
78.744 507.0 
79.094 508.0 
78.721 509.0 
78.732 510.0 
78.767 511.0 
78.826 512.0 
78.837 513.0 
78.802 514.0 
78.814 515.0 
78.837 516.0 
78.814 517.0 
78.65 518.0 
78.604 519.0 
78.686 520.0 
78.65 521.0 
78.674 522.0 
78.674 523.0 
78.686 524.0 
78.697 525.0 
78.662 526.0 
78.65 527.0 
78.639 528.0 
78.615 529.0 
78.592 530.0 
78.592 531.0 
78.721 532.0 
78.662 533.0 
78.58 534.0 
78.58 535.0 
78.545 536.0 
78.475 537.0 
78.464 538.0 
78.323 539.0 
78.335 540.0 
78.44 541.0 
78.37 542.0 
78.3 543.0 
78.3 544.0 
78.253 545.0 
78.207 546.0 
78.288 547.0 
78.312 548.0 
78.207 549.0 
78.148 550.0 
78.113 551.0 
78.195 552.0 
78.172 553.0 
78.09 554.0 
78.09 555.0 
78.195 556.0 
78.16 557.0 
78.113 558.0 
78.242 559.0 
78.172 560.0 
78.113 561.0 
78.031 562.0 
78.172 563.0 
78.113 564.0 
77.985 565.0 
78.195 566.0 
78.277 567.0 
78.067 568.0 
78.16 569.0 
78.078 570.0 
78.218 571.0 
78.125 572.0 
78.102 573.0 
78.09 574.0 
78.09 575.0 
78.218 576.0 
78.113 577.0 
78.113 578.0 
78.195 579.0 
78.148 580.0 
78.207 581.0 
78.172 582.0 
78.253 583.0 
78.148 584.0 
78.288 585.0 
78.195 586.0 
78.102 587.0 
78.23 588.0 
78.113 589.0 
78.183 590.0 
78.137 591.0 
78.195 592.0 
78.125 593.0 
78.137 594.0 
78.113 595.0 
78.195 596.0 
78.102 597.0 
78.183 598.0 
78.125 599.0 
78.16 600.0 
78.265 601.0 
78.16 602.0 
78.242 603.0 
78.137 604.0 
78.207 605.0 
78.102 606.0 
78.183 607.0 
78.113 608.0 
78.148 609.0 
78.242 610.0 
78.16 611.0 
78.23 612.0 
78.102 613.0 
78.207 614.0 
78.031 615.0 
78.148 616.0 
78.265 617.0 
78.137 618.0 
78.195 619.0 
77.845 620.0 
78.113 621.0 
78.113 622.0 
78.102 623.0 
78.137 624.0 
78.242 625.0 
78.067 626.0 
78.148 627.0 
78.23 628.0 
78.113 629.0 
78.148 630.0 
78.242 631.0 
78.078 632.0 
78.207 633.0 
78.265 634.0 
78.09 635.0 
78.195 636.0 
78.218 637.0 
78.113 638.0 
78.172 639.0 
78.23 640.0 
78.09 641.0 
78.16 642.0 
78.172 643.0 
78.067 644.0 
78.16 645.0 
78.172 646.0 
78.23 647.0 
78.09 648.0 
78.125 649.0 
78.207 650.0 
78.055 651.0 
78.137 652.0 
78.16 653.0 
78.207 654.0 
78.055 655.0 
78.137 656.0 
78.102 657.0 
78.218 658.0 
78.125 659.0 
78.172 660.0 
78.218 661.0 
78.242 662.0 
78.031 663.0 
78.137 664.0 
78.218 665.0 
78.242 666.0 
78.078 667.0 
78.172 668.0 
78.172 669.0 
78.218 670.0 
78.102 671.0 
78.102 672.0 
78.148 673.0 
78.172 674.0 
78.207 675.0 
78.078 676.0 
78.137 677.0 
78.125 678.0 
78.113 679.0 
78.23 680.0 
78.067 681.0 
78.09 682.0 
78.137 683.0 
78.183 684.0 
78.195 685.0 
78.242 686.0 
78.055 687.0 
78.125 688.0 
78.148 689.0 
78.183 690.0 
78.23 691.0 
78.23 692.0 
78.078 693.0 
78.102 694.0 
78.113 695.0 
78.137 696.0 
78.183 697.0 
78.218 698.0 
77.623 699.0 
78.09 700.0 
78.078 701.0 
78.113 702.0 
78.148 703.0 
78.125 704.0 
78.207 705.0 
78.242 706.0 
78.078 707.0 
78.102 708.0 
78.113 709.0 
78.125 710.0 
78.148 711.0 
78.148 712.0 
78.207 713.0 
78.242 714.0 
78.242 715.0 
78.043 716.0 
78.113 717.0 
78.102 718.0 
78.113 719.0 
78.137 720.0 
78.183 721.0 
78.16 722.0 
78.195 723.0 
78.23 724.0 
78.242 725.0 
78.09 726.0 
78.008 727.0 
78.102 728.0 
78.078 729.0 
78.137 730.0 
78.102 731.0 
78.172 732.0 
78.16 733.0 
78.183 734.0 
78.195 735.0 
78.16 736.0 
78.23 737.0 
78.242 738.0 
78.242 739.0 
78.055 740.0 
78.055 741.0 
78.067 742.0 
78.055 743.0 
78.078 744.0 
78.09 745.0 
78.09 746.0 
78.067 747.0 
78.113 748.0 
78.102 749.0 
78.148 750.0 
78.137 751.0 
78.113 752.0 
78.137 753.0 
78.113 754.0 
78.113 755.0 
78.113 756.0 
78.16 757.0 
78.148 758.0 
78.148 759.0 
78.137 760.0 
78.16 761.0 
78.172 762.0 
78.137 763.0 
78.16 764.0 
78.172 765.0 
78.16 766.0 
78.148 767.0 
78.172 768.0 
78.172 769.0 
78.172 770.0 
78.16 771.0 
78.172 772.0 
78.16 773.0 
78.16 774.0 
78.183 775.0 
78.183 776.0 
78.148 777.0 
78.148 778.0 
78.16 779.0 
78.195 780.0 
78.183 781.0 
78.148 782.0 
78.172 783.0 
78.148 784.0 
78.148 785.0 
78.148 786.0 
78.16 787.0 
78.137 788.0 
78.172 789.0 
78.183 790.0 
78.148 791.0 
78.148 792.0 
78.183 793.0 
78.207 794.0 
78.148 795.0 
78.16 796.0 
78.172 797.0 
78.172 798.0 
78.183 799.0 
78.148 800.0 
78.183 801.0 
78.183 802.0 
78.172 803.0 
78.16 804.0 
0.006 805.0 
0.002 806.0 
0.004 807.0 
-0.001 808.0 
-0.01 809.0 
-0.014 810.0 
-0.025 811.0 
-0.024 812.0 
-0.038 813.0 
-0.037 814.0 
-0.048 815.0 
-0.055 816.0 
-0.054 817.0 
-0.049 818.0 
-0.06 819.0 
-0.062 820.0 
-0.06 821.0 
-0.054 822.0 
-0.052 823.0 
-0.054 824.0 
-0.042 825.0 
-0.044 826.0 
-0.038 827.0 
-0.036 828.0 
-0.028 829.0 
