-0.04 257.0 
-0.034 258.0 
-0.029 259.0 
-0.048 260.0 
-0.037 261.0 
-0.049 262.0 
-0.04 263.0 
-0.056 264.0 
-0.073 265.0 
-0.041 266.0 
-0.05 267.0 
-0.048 268.0 
-0.046 269.0 
-0.03 270.0 
-0.023 271.0 
-0.031 272.0 
-0.044 273.0 
-0.05 274.0 
139.501 275.0 
136.313 276.0 
135.332 277.0 
133.895 278.0 
132.377 279.0 
130.426 280.0 
128.826 281.0 
126.338 282.0 
123.991 283.0 
122.683 284.0 
122.239 285.0 
121.877 286.0 
121.667 287.0 
121.398 288.0 
121.083 289.0 
120.358 290.0 
120.218 291.0 
120.008 292.0 
119.833 293.0 
119.482 294.0 
119.132 295.0 
119.004 296.0 
118.933 297.0 
118.431 298.0 
118.244 299.0 
117.894 300.0 
117.555 301.0 
117.438 302.0 
116.925 303.0 
116.784 304.0 
116.527 305.0 
115.943 306.0 
114.612 307.0 
112.194 308.0 
109.309 309.0 
105.467 310.0 
101.694 311.0 
97.875 312.0 
94.126 313.0 
89.91 314.0 
86.371 315.0 
82.692 316.0 
79.632 317.0 
77.004 318.0 
76.887 319.0 
76.653 320.0 
76.548 321.0 
76.572 322.0 
76.443 323.0 
76.525 324.0 
76.408 325.0 
76.338 326.0 
76.431 327.0 
76.373 328.0 
76.49 329.0 
76.49 330.0 
76.42 331.0 
76.572 332.0 
76.49 333.0 
76.361 334.0 
76.385 335.0 
76.408 336.0 
76.396 337.0 
76.338 338.0 
76.618 339.0 
76.396 340.0 
76.42 341.0 
76.361 342.0 
76.431 343.0 
76.431 344.0 
76.408 345.0 
76.35 346.0 
76.338 347.0 
76.42 348.0 
76.443 349.0 
76.443 350.0 
76.396 351.0 
76.443 352.0 
76.385 353.0 
76.326 354.0 
76.338 355.0 
76.408 356.0 
76.443 357.0 
76.42 358.0 
76.443 359.0 
76.408 360.0 
76.431 361.0 
76.361 362.0 
76.42 363.0 
76.35 364.0 
76.373 365.0 
76.385 366.0 
76.42 367.0 
76.373 368.0 
76.373 369.0 
76.373 370.0 
76.431 371.0 
76.42 372.0 
76.42 373.0 
76.443 374.0 
76.455 375.0 
76.642 376.0 
76.315 377.0 
76.361 378.0 
76.385 379.0 
76.373 380.0 
76.361 381.0 
76.28 382.0 
76.373 383.0 
76.361 384.0 
76.338 385.0 
76.455 386.0 
76.338 387.0 
76.315 388.0 
76.431 389.0 
76.408 390.0 
76.396 391.0 
76.361 392.0 
76.466 393.0 
76.338 394.0 
76.396 395.0 
76.478 396.0 
76.385 397.0 
76.431 398.0 
76.221 399.0 
76.338 400.0 
76.443 401.0 
76.408 402.0 
76.478 403.0 
76.455 404.0 
76.361 405.0 
76.315 406.0 
76.408 407.0 
76.338 408.0 
76.373 409.0 
76.35 410.0 
76.396 411.0 
76.455 412.0 
76.63 413.0 
76.455 414.0 
76.361 415.0 
76.396 416.0 
76.326 417.0 
76.431 418.0 
76.431 419.0 
76.35 420.0 
76.373 421.0 
76.408 422.0 
76.408 423.0 
76.326 424.0 
76.361 425.0 
76.42 426.0 
76.455 427.0 
76.326 428.0 
76.338 429.0 
76.35 430.0 
76.42 431.0 
76.431 432.0 
76.408 433.0 
76.326 434.0 
76.326 435.0 
76.385 436.0 
76.396 437.0 
76.303 438.0 
76.28 439.0 
76.291 440.0 
76.338 441.0 
76.361 442.0 
76.338 443.0 
76.338 444.0 
76.361 445.0 
76.315 446.0 
76.466 447.0 
76.408 448.0 
76.42 449.0 
76.583 450.0 
76.373 451.0 
76.338 452.0 
76.361 453.0 
76.303 454.0 
76.396 455.0 
76.151 456.0 
76.361 457.0 
76.291 458.0 
76.396 459.0 
76.431 460.0 
76.373 461.0 
76.338 462.0 
76.408 463.0 
76.35 464.0 
76.385 465.0 
76.455 466.0 
76.373 467.0 
76.326 468.0 
76.373 469.0 
76.373 470.0 
76.315 471.0 
76.385 472.0 
76.221 473.0 
76.35 474.0 
76.443 475.0 
76.385 476.0 
76.315 477.0 
76.35 478.0 
76.291 479.0 
76.35 480.0 
76.431 481.0 
76.361 482.0 
76.42 483.0 
76.373 484.0 
76.396 485.0 
76.326 486.0 
76.338 487.0 
76.42 488.0 
76.315 489.0 
76.373 490.0 
76.431 491.0 
76.35 492.0 
76.385 493.0 
76.42 494.0 
76.303 495.0 
76.303 496.0 
76.385 497.0 
76.42 498.0 
76.303 499.0 
76.326 500.0 
76.338 501.0 
76.373 502.0 
76.268 503.0 
76.291 504.0 
76.338 505.0 
76.396 506.0 
76.256 507.0 
76.373 508.0 
76.186 509.0 
76.28 510.0 
76.326 511.0 
76.385 512.0 
76.385 513.0 
76.35 514.0 
76.338 515.0 
76.28 516.0 
76.723 517.0 
76.209 518.0 
76.245 519.0 
76.28 520.0 
76.256 521.0 
76.268 522.0 
76.209 523.0 
76.233 524.0 
76.28 525.0 
76.233 526.0 
76.245 527.0 
76.209 528.0 
76.186 529.0 
76.174 530.0 
76.186 531.0 
76.303 532.0 
76.513 533.0 
76.268 534.0 
76.233 535.0 
76.221 536.0 
76.186 537.0 
76.081 538.0 
76.104 539.0 
76.046 540.0 
76.174 541.0 
76.116 542.0 
76.058 543.0 
76.046 544.0 
75.999 545.0 
75.964 546.0 
76.104 547.0 
75.953 548.0 
75.964 549.0 
75.964 550.0 
75.882 551.0 
75.999 552.0 
75.964 553.0 
75.871 554.0 
75.894 555.0 
75.988 556.0 
75.953 557.0 
75.906 558.0 
75.661 559.0 
75.964 560.0 
75.906 561.0 
75.847 562.0 
75.941 563.0 
75.847 564.0 
75.859 565.0 
75.976 566.0 
75.941 567.0 
75.859 568.0 
75.871 569.0 
75.847 570.0 
75.999 571.0 
75.941 572.0 
75.882 573.0 
75.953 574.0 
75.859 575.0 
76.338 576.0 
75.882 577.0 
75.882 578.0 
75.964 579.0 
75.929 580.0 
75.999 581.0 
75.929 582.0 
76.023 583.0 
75.941 584.0 
75.672 585.0 
75.988 586.0 
75.917 587.0 
75.988 588.0 
75.906 589.0 
75.976 590.0 
75.917 591.0 
75.988 592.0 
75.882 593.0 
75.976 594.0 
75.929 595.0 
75.976 596.0 
75.894 597.0 
75.929 598.0 
75.894 599.0 
75.917 600.0 
76.058 601.0 
75.906 602.0 
76.023 603.0 
75.929 604.0 
76.011 605.0 
75.894 606.0 
75.999 607.0 
75.894 608.0 
75.953 609.0 
76.058 610.0 
75.917 611.0 
76.011 612.0 
75.917 613.0 
75.953 614.0 
75.836 615.0 
75.871 616.0 
75.999 617.0 
75.871 618.0 
75.953 619.0 
75.766 620.0 
75.929 621.0 
75.964 622.0 
75.871 623.0 
75.929 624.0 
76.011 625.0 
75.906 626.0 
75.941 627.0 
76.023 628.0 
75.917 629.0 
75.976 630.0 
76.023 631.0 
75.882 632.0 
75.964 633.0 
76.28 634.0 
75.917 635.0 
75.988 636.0 
76.023 637.0 
75.882 638.0 
75.964 639.0 
76.034 640.0 
75.894 641.0 
75.894 642.0 
75.999 643.0 
75.847 644.0 
75.906 645.0 
75.976 646.0 
76.034 647.0 
75.917 648.0 
75.906 649.0 
75.988 650.0 
75.871 651.0 
75.871 652.0 
75.941 653.0 
76.023 654.0 
75.871 655.0 
75.906 656.0 
75.941 657.0 
75.964 658.0 
75.894 659.0 
75.929 660.0 
75.999 661.0 
75.953 662.0 
75.871 663.0 
75.941 664.0 
75.999 665.0 
76.034 666.0 
75.929 667.0 
75.917 668.0 
75.964 669.0 
76.023 670.0 
75.894 671.0 
75.929 672.0 
75.953 673.0 
75.976 674.0 
75.988 675.0 
75.894 676.0 
75.917 677.0 
75.941 678.0 
75.988 679.0 
76.034 680.0 
75.882 681.0 
75.917 682.0 
75.906 683.0 
75.976 684.0 
75.976 685.0 
76.034 686.0 
75.801 687.0 
75.894 688.0 
75.953 689.0 
75.988 690.0 
75.999 691.0 
76.058 692.0 
75.882 693.0 
75.894 694.0 
75.894 695.0 
75.953 696.0 
75.894 697.0 
75.988 698.0 
75.789 699.0 
75.894 700.0 
75.906 701.0 
75.929 702.0 
75.917 703.0 
75.999 704.0 
75.964 705.0 
76.023 706.0 
75.824 707.0 
75.906 708.0 
75.929 709.0 
75.871 710.0 
75.953 711.0 
75.988 712.0 
75.976 713.0 
76.011 714.0 
75.824 715.0 
75.871 716.0 
75.871 717.0 
75.929 718.0 
75.929 719.0 
75.941 720.0 
75.929 721.0 
75.941 722.0 
75.976 723.0 
76.011 724.0 
76.023 725.0 
75.847 726.0 
75.871 727.0 
75.917 728.0 
75.906 729.0 
75.941 730.0 
75.953 731.0 
75.941 732.0 
75.988 733.0 
75.964 734.0 
75.976 735.0 
75.976 736.0 
75.988 737.0 
76.046 738.0 
75.812 739.0 
75.836 740.0 
75.859 741.0 
75.859 742.0 
75.859 743.0 
75.847 744.0 
75.882 745.0 
75.917 746.0 
75.929 747.0 
75.906 748.0 
75.906 749.0 
75.929 750.0 
75.871 751.0 
75.953 752.0 
75.941 753.0 
75.906 754.0 
75.929 755.0 
75.929 756.0 
75.941 757.0 
75.953 758.0 
75.964 759.0 
75.941 760.0 
75.953 761.0 
75.941 762.0 
75.953 763.0 
75.953 764.0 
75.929 765.0 
75.964 766.0 
75.964 767.0 
75.953 768.0 
75.964 769.0 
75.988 770.0 
75.964 771.0 
75.964 772.0 
75.953 773.0 
75.964 774.0 
75.941 775.0 
75.941 776.0 
75.941 777.0 
75.964 778.0 
75.976 779.0 
75.941 780.0 
75.929 781.0 
75.953 782.0 
75.953 783.0 
75.964 784.0 
75.953 785.0 
75.953 786.0 
75.941 787.0 
75.953 788.0 
75.953 789.0 
75.906 790.0 
76.011 791.0 
75.964 792.0 
75.953 793.0 
75.941 794.0 
75.941 795.0 
75.917 796.0 
75.964 797.0 
75.953 798.0 
75.929 799.0 
75.953 800.0 
75.964 801.0 
75.917 802.0 
75.941 803.0 
75.941 804.0 
0.002 805.0 
0.005 806.0 
0.0 807.0 
0.002 808.0 
0.0 809.0 
-0.001 810.0 
0.006 811.0 
-0.001 812.0 
-0.008 813.0 
-0.018 814.0 
-0.03 815.0 
-0.032 816.0 
-0.022 817.0 
-0.028 818.0 
-0.03 819.0 
-0.03 820.0 
-0.032 821.0 
-0.038 822.0 
-0.035 823.0 
-0.037 824.0 
-0.044 825.0 
-0.035 826.0 
-0.037 827.0 
-0.037 828.0 
-0.029 829.0 
