-0.034 257.0 
-0.032 258.0 
-0.049 259.0 
-0.013 260.0 
-0.035 261.0 
-0.034 262.0 
-0.036 263.0 
-0.054 264.0 
-0.012 265.0 
-0.02 266.0 
-0.036 267.0 
-0.028 268.0 
-0.029 269.0 
-0.032 270.0 
-0.026 271.0 
-0.02 272.0 
-0.037 273.0 
-0.044 274.0 
143.823 275.0 
140.552 276.0 
139.501 277.0 
138.018 278.0 
136.43 279.0 
134.467 280.0 
132.809 281.0 
130.169 282.0 
127.775 283.0 
126.502 284.0 
126.093 285.0 
125.719 286.0 
125.591 287.0 
125.287 288.0 
125.007 289.0 
124.353 290.0 
124.224 291.0 
123.991 292.0 
123.792 293.0 
123.477 294.0 
123.15 295.0 
123.021 296.0 
122.986 297.0 
122.449 298.0 
122.262 299.0 
121.994 300.0 
121.643 301.0 
121.585 302.0 
121.047 303.0 
120.954 304.0 
120.884 305.0 
120.242 306.0 
119.074 307.0 
116.808 308.0 
114.075 309.0 
110.372 310.0 
106.693 311.0 
102.594 312.0 
98.669 313.0 
94.278 314.0 
90.353 315.0 
86.406 316.0 
82.89 317.0 
80.145 318.0 
79.97 319.0 
79.783 320.0 
79.678 321.0 
79.69 322.0 
79.573 323.0 
79.62 324.0 
79.562 325.0 
79.456 326.0 
79.585 327.0 
79.468 328.0 
80.087 329.0 
79.585 330.0 
79.526 331.0 
79.748 332.0 
79.62 333.0 
79.48 334.0 
79.491 335.0 
79.585 336.0 
79.585 337.0 
79.468 338.0 
79.76 339.0 
79.515 340.0 
79.55 341.0 
79.515 342.0 
79.573 343.0 
79.573 344.0 
79.526 345.0 
79.48 346.0 
79.491 347.0 
79.55 348.0 
79.597 349.0 
79.55 350.0 
79.515 351.0 
79.585 352.0 
79.526 353.0 
79.48 354.0 
79.468 355.0 
79.526 356.0 
79.597 357.0 
79.515 358.0 
79.62 359.0 
79.538 360.0 
79.573 361.0 
79.491 362.0 
79.503 363.0 
79.48 364.0 
79.515 365.0 
79.538 366.0 
79.562 367.0 
79.503 368.0 
79.526 369.0 
79.562 370.0 
79.562 371.0 
79.562 372.0 
79.573 373.0 
79.585 374.0 
79.608 375.0 
79.713 376.0 
79.48 377.0 
79.503 378.0 
79.48 379.0 
79.538 380.0 
79.526 381.0 
79.608 382.0 
79.538 383.0 
79.491 384.0 
79.48 385.0 
79.562 386.0 
79.503 387.0 
79.468 388.0 
79.55 389.0 
79.538 390.0 
79.491 391.0 
79.55 392.0 
79.597 393.0 
79.433 394.0 
79.538 395.0 
79.632 396.0 
79.456 397.0 
79.562 398.0 
79.386 399.0 
79.456 400.0 
79.55 401.0 
79.55 402.0 
79.597 403.0 
79.573 404.0 
79.503 405.0 
79.468 406.0 
79.526 407.0 
79.491 408.0 
79.526 409.0 
79.433 410.0 
79.503 411.0 
79.562 412.0 
79.889 413.0 
79.562 414.0 
79.456 415.0 
79.538 416.0 
79.445 417.0 
79.562 418.0 
79.526 419.0 
79.456 420.0 
79.503 421.0 
79.562 422.0 
79.573 423.0 
79.468 424.0 
79.491 425.0 
79.55 426.0 
79.585 427.0 
79.456 428.0 
79.55 429.0 
79.515 430.0 
79.562 431.0 
79.562 432.0 
79.585 433.0 
79.445 434.0 
79.456 435.0 
79.48 436.0 
79.562 437.0 
79.445 438.0 
79.445 439.0 
79.48 440.0 
79.491 441.0 
79.456 442.0 
79.491 443.0 
79.456 444.0 
79.468 445.0 
79.456 446.0 
79.608 447.0 
79.55 448.0 
79.573 449.0 
79.889 450.0 
79.503 451.0 
79.48 452.0 
79.48 453.0 
79.421 454.0 
79.515 455.0 
79.386 456.0 
79.48 457.0 
79.468 458.0 
79.538 459.0 
79.538 460.0 
79.538 461.0 
79.48 462.0 
79.597 463.0 
79.538 464.0 
79.538 465.0 
79.562 466.0 
79.526 467.0 
79.433 468.0 
79.538 469.0 
79.491 470.0 
79.491 471.0 
79.491 472.0 
79.433 473.0 
79.515 474.0 
79.597 475.0 
79.491 476.0 
79.433 477.0 
79.491 478.0 
79.398 479.0 
79.491 480.0 
79.585 481.0 
79.48 482.0 
79.55 483.0 
79.48 484.0 
79.526 485.0 
79.433 486.0 
79.468 487.0 
79.55 488.0 
79.491 489.0 
79.456 490.0 
79.55 491.0 
79.515 492.0 
79.503 493.0 
79.55 494.0 
79.456 495.0 
79.445 496.0 
79.491 497.0 
79.55 498.0 
79.398 499.0 
79.445 500.0 
79.491 501.0 
79.515 502.0 
79.398 503.0 
79.456 504.0 
79.468 505.0 
79.48 506.0 
79.48 507.0 
79.562 508.0 
79.398 509.0 
79.41 510.0 
79.445 511.0 
79.491 512.0 
79.503 513.0 
79.503 514.0 
79.491 515.0 
79.526 516.0 
79.562 517.0 
79.328 518.0 
79.351 519.0 
79.386 520.0 
79.375 521.0 
79.386 522.0 
79.375 523.0 
79.386 524.0 
79.375 525.0 
79.386 526.0 
79.351 527.0 
79.316 528.0 
79.328 529.0 
79.316 530.0 
79.328 531.0 
79.456 532.0 
79.421 533.0 
79.328 534.0 
79.351 535.0 
79.328 536.0 
79.316 537.0 
79.246 538.0 
79.141 539.0 
79.164 540.0 
79.246 541.0 
79.234 542.0 
79.153 543.0 
79.153 544.0 
79.118 545.0 
79.083 546.0 
79.246 547.0 
79.118 548.0 
79.083 549.0 
79.059 550.0 
79.013 551.0 
79.129 552.0 
79.059 553.0 
78.978 554.0 
78.989 555.0 
79.083 556.0 
79.071 557.0 
79.013 558.0 
78.732 559.0 
79.094 560.0 
79.036 561.0 
78.942 562.0 
79.094 563.0 
79.013 564.0 
78.931 565.0 
79.094 566.0 
79.118 567.0 
78.978 568.0 
79.083 569.0 
79.013 570.0 
79.118 571.0 
79.036 572.0 
79.001 573.0 
79.048 574.0 
79.013 575.0 
79.386 576.0 
79.036 577.0 
79.024 578.0 
79.094 579.0 
79.059 580.0 
79.129 581.0 
79.059 582.0 
79.094 583.0 
79.059 584.0 
79.211 585.0 
79.106 586.0 
79.013 587.0 
79.118 588.0 
79.024 589.0 
79.083 590.0 
79.036 591.0 
79.071 592.0 
79.048 593.0 
79.024 594.0 
78.989 595.0 
79.071 596.0 
79.013 597.0 
79.071 598.0 
79.024 599.0 
79.083 600.0 
79.176 601.0 
79.036 602.0 
79.153 603.0 
79.071 604.0 
79.129 605.0 
78.989 606.0 
79.083 607.0 
79.001 608.0 
79.059 609.0 
79.153 610.0 
79.071 611.0 
79.118 612.0 
79.048 613.0 
79.106 614.0 
78.989 615.0 
79.059 616.0 
79.141 617.0 
79.013 618.0 
79.106 619.0 
78.697 620.0 
79.071 621.0 
79.071 622.0 
78.978 623.0 
79.036 624.0 
79.141 625.0 
79.024 626.0 
79.094 627.0 
79.164 628.0 
79.013 629.0 
79.071 630.0 
79.141 631.0 
78.989 632.0 
79.094 633.0 
79.164 634.0 
79.024 635.0 
79.094 636.0 
79.153 637.0 
79.024 638.0 
79.094 639.0 
79.118 640.0 
79.001 641.0 
79.048 642.0 
79.129 643.0 
78.978 644.0 
79.013 645.0 
79.094 646.0 
79.153 647.0 
79.001 648.0 
79.071 649.0 
79.106 650.0 
78.978 651.0 
79.071 652.0 
79.083 653.0 
79.106 654.0 
78.954 655.0 
79.024 656.0 
79.071 657.0 
79.118 658.0 
79.013 659.0 
79.059 660.0 
79.094 661.0 
79.153 662.0 
78.989 663.0 
79.059 664.0 
79.106 665.0 
79.164 666.0 
79.013 667.0 
79.059 668.0 
79.083 669.0 
79.153 670.0 
79.013 671.0 
79.036 672.0 
79.059 673.0 
79.059 674.0 
79.141 675.0 
78.989 676.0 
79.024 677.0 
79.059 678.0 
79.071 679.0 
79.118 680.0 
78.978 681.0 
79.013 682.0 
79.048 683.0 
79.118 684.0 
79.153 685.0 
79.176 686.0 
78.989 687.0 
79.048 688.0 
79.071 689.0 
79.083 690.0 
79.129 691.0 
79.141 692.0 
78.989 693.0 
79.059 694.0 
79.036 695.0 
79.071 696.0 
79.094 697.0 
79.118 698.0 
78.826 699.0 
78.966 700.0 
79.013 701.0 
79.059 702.0 
79.048 703.0 
79.059 704.0 
79.118 705.0 
79.176 706.0 
78.978 707.0 
78.978 708.0 
79.048 709.0 
79.036 710.0 
79.059 711.0 
79.094 712.0 
79.106 713.0 
79.153 714.0 
79.153 715.0 
78.978 716.0 
79.001 717.0 
79.013 718.0 
79.024 719.0 
79.048 720.0 
79.059 721.0 
79.083 722.0 
79.118 723.0 
79.129 724.0 
79.153 725.0 
78.978 726.0 
78.978 727.0 
79.013 728.0 
79.013 729.0 
79.024 730.0 
79.071 731.0 
79.083 732.0 
79.106 733.0 
79.094 734.0 
79.106 735.0 
79.129 736.0 
79.164 737.0 
79.141 738.0 
78.849 739.0 
78.978 740.0 
78.989 741.0 
78.954 742.0 
78.978 743.0 
79.013 744.0 
79.013 745.0 
79.048 746.0 
79.024 747.0 
79.048 748.0 
79.024 749.0 
79.024 750.0 
79.048 751.0 
79.024 752.0 
79.048 753.0 
79.059 754.0 
79.024 755.0 
79.024 756.0 
79.048 757.0 
79.071 758.0 
79.036 759.0 
79.036 760.0 
79.083 761.0 
79.059 762.0 
79.059 763.0 
79.071 764.0 
79.071 765.0 
79.094 766.0 
79.059 767.0 
79.094 768.0 
79.071 769.0 
79.071 770.0 
79.118 771.0 
79.129 772.0 
79.083 773.0 
79.106 774.0 
79.106 775.0 
79.094 776.0 
79.094 777.0 
79.071 778.0 
79.083 779.0 
79.071 780.0 
79.071 781.0 
79.071 782.0 
79.036 783.0 
79.083 784.0 
79.083 785.0 
79.094 786.0 
79.094 787.0 
79.059 788.0 
79.071 789.0 
79.083 790.0 
79.059 791.0 
79.118 792.0 
79.048 793.0 
79.059 794.0 
79.059 795.0 
79.106 796.0 
79.083 797.0 
79.083 798.0 
79.083 799.0 
79.071 800.0 
79.094 801.0 
79.071 802.0 
79.094 803.0 
79.083 804.0 
0.004 805.0 
0.007 806.0 
0.0 807.0 
0.006 808.0 
0.005 809.0 
0.004 810.0 
0.006 811.0 
0.004 812.0 
0.002 813.0 
-0.008 814.0 
-0.017 815.0 
-0.017 816.0 
-0.012 817.0 
-0.018 818.0 
-0.02 819.0 
-0.019 820.0 
-0.019 821.0 
-0.025 822.0 
-0.024 823.0 
-0.023 824.0 
-0.034 825.0 
-0.023 826.0 
-0.02 827.0 
-0.019 828.0 
-0.028 829.0 
