-0.058 257.0 
-0.029 258.0 
-0.023 259.0 
-0.031 260.0 
-0.029 261.0 
-0.036 262.0 
-0.043 263.0 
-0.032 264.0 
-0.046 265.0 
-0.044 266.0 
-0.035 267.0 
-0.043 268.0 
-0.038 269.0 
-0.044 270.0 
-0.052 271.0 
-0.024 272.0 
-0.036 273.0 
-0.023 274.0 
139.91 275.0 
136.418 276.0 
135.355 277.0 
133.942 278.0 
132.388 279.0 
130.415 280.0 
128.861 281.0 
126.864 282.0 
124.014 283.0 
122.788 284.0 
122.402 285.0 
122.029 286.0 
121.83 287.0 
121.561 288.0 
121.339 289.0 
120.662 290.0 
120.464 291.0 
120.23 292.0 
120.031 293.0 
119.751 294.0 
119.389 295.0 
119.284 296.0 
119.167 297.0 
118.688 298.0 
118.56 299.0 
118.431 300.0 
117.917 301.0 
117.801 302.0 
117.298 303.0 
117.182 304.0 
117.088 305.0 
116.446 306.0 
115.161 307.0 
113.07 308.0 
110.618 309.0 
107.032 310.0 
103.458 311.0 
99.475 312.0 
95.749 313.0 
91.428 314.0 
87.375 315.0 
83.077 316.0 
79.456 317.0 
76.969 318.0 
76.887 319.0 
76.653 320.0 
76.525 321.0 
76.525 322.0 
76.431 323.0 
76.49 324.0 
76.385 325.0 
76.291 326.0 
76.396 327.0 
76.373 328.0 
76.536 329.0 
76.431 330.0 
76.361 331.0 
76.665 332.0 
76.443 333.0 
76.373 334.0 
76.385 335.0 
76.431 336.0 
76.431 337.0 
76.326 338.0 
76.572 339.0 
76.385 340.0 
76.35 341.0 
76.361 342.0 
76.536 343.0 
76.396 344.0 
76.35 345.0 
76.315 346.0 
76.256 347.0 
76.361 348.0 
76.42 349.0 
76.35 350.0 
76.373 351.0 
76.385 352.0 
76.35 353.0 
76.315 354.0 
76.315 355.0 
76.385 356.0 
76.455 357.0 
76.396 358.0 
76.466 359.0 
76.396 360.0 
76.431 361.0 
76.373 362.0 
76.408 363.0 
76.315 364.0 
76.338 365.0 
76.35 366.0 
76.373 367.0 
76.291 368.0 
76.361 369.0 
76.35 370.0 
76.408 371.0 
76.42 372.0 
76.431 373.0 
76.466 374.0 
76.466 375.0 
76.583 376.0 
76.291 377.0 
76.408 378.0 
76.373 379.0 
76.385 380.0 
76.373 381.0 
76.443 382.0 
76.396 383.0 
76.338 384.0 
76.326 385.0 
76.455 386.0 
76.35 387.0 
76.303 388.0 
76.373 389.0 
76.385 390.0 
76.373 391.0 
76.338 392.0 
76.443 393.0 
76.303 394.0 
76.35 395.0 
76.466 396.0 
76.35 397.0 
76.408 398.0 
76.315 399.0 
76.315 400.0 
76.431 401.0 
76.42 402.0 
76.443 403.0 
76.385 404.0 
76.338 405.0 
76.291 406.0 
76.385 407.0 
76.268 408.0 
76.35 409.0 
76.28 410.0 
76.326 411.0 
76.431 412.0 
76.782 413.0 
76.396 414.0 
76.361 415.0 
76.408 416.0 
76.35 417.0 
76.466 418.0 
76.396 419.0 
76.326 420.0 
76.35 421.0 
76.361 422.0 
76.42 423.0 
76.338 424.0 
76.326 425.0 
76.35 426.0 
76.373 427.0 
76.303 428.0 
76.35 429.0 
76.291 430.0 
76.396 431.0 
76.396 432.0 
76.408 433.0 
76.315 434.0 
76.315 435.0 
76.361 436.0 
76.49 437.0 
76.28 438.0 
76.361 439.0 
76.315 440.0 
76.315 441.0 
76.326 442.0 
76.326 443.0 
76.326 444.0 
76.291 445.0 
76.303 446.0 
76.42 447.0 
76.42 448.0 
76.431 449.0 
76.712 450.0 
76.361 451.0 
76.361 452.0 
76.338 453.0 
76.315 454.0 
76.408 455.0 
76.268 456.0 
76.338 457.0 
76.315 458.0 
76.431 459.0 
76.408 460.0 
76.35 461.0 
76.338 462.0 
76.431 463.0 
76.361 464.0 
76.35 465.0 
76.408 466.0 
76.35 467.0 
76.268 468.0 
76.373 469.0 
76.303 470.0 
76.315 471.0 
76.326 472.0 
76.315 473.0 
76.338 474.0 
76.42 475.0 
76.338 476.0 
76.303 477.0 
76.385 478.0 
76.28 479.0 
76.338 480.0 
76.455 481.0 
76.326 482.0 
76.42 483.0 
76.35 484.0 
76.361 485.0 
76.268 486.0 
76.315 487.0 
76.42 488.0 
76.338 489.0 
76.315 490.0 
76.408 491.0 
76.385 492.0 
76.361 493.0 
76.42 494.0 
76.315 495.0 
76.303 496.0 
76.338 497.0 
76.396 498.0 
76.303 499.0 
76.303 500.0 
76.35 501.0 
76.396 502.0 
76.256 503.0 
76.291 504.0 
76.315 505.0 
76.338 506.0 
76.315 507.0 
76.466 508.0 
76.245 509.0 
76.291 510.0 
76.291 511.0 
76.338 512.0 
76.338 513.0 
76.35 514.0 
76.338 515.0 
76.373 516.0 
76.361 517.0 
76.163 518.0 
76.221 519.0 
76.221 520.0 
76.209 521.0 
76.245 522.0 
76.245 523.0 
76.256 524.0 
76.209 525.0 
76.221 526.0 
76.221 527.0 
76.139 528.0 
76.163 529.0 
76.198 530.0 
76.198 531.0 
76.291 532.0 
76.303 533.0 
76.256 534.0 
76.221 535.0 
76.198 536.0 
76.163 537.0 
76.128 538.0 
76.104 539.0 
76.069 540.0 
76.174 541.0 
76.128 542.0 
76.058 543.0 
76.069 544.0 
75.999 545.0 
75.976 546.0 
76.093 547.0 
76.046 548.0 
76.011 549.0 
75.976 550.0 
75.929 551.0 
76.034 552.0 
75.988 553.0 
75.964 554.0 
75.953 555.0 
76.034 556.0 
75.964 557.0 
75.941 558.0 
75.567 559.0 
75.988 560.0 
75.917 561.0 
75.894 562.0 
75.964 563.0 
75.953 564.0 
75.824 565.0 
75.976 566.0 
76.023 567.0 
75.894 568.0 
75.964 569.0 
75.906 570.0 
76.011 571.0 
75.917 572.0 
75.894 573.0 
75.953 574.0 
75.894 575.0 
76.023 576.0 
75.964 577.0 
75.953 578.0 
76.058 579.0 
75.929 580.0 
76.034 581.0 
75.953 582.0 
76.058 583.0 
75.976 584.0 
76.093 585.0 
76.023 586.0 
75.917 587.0 
76.023 588.0 
75.929 589.0 
75.988 590.0 
75.929 591.0 
76.011 592.0 
75.964 593.0 
75.976 594.0 
75.964 595.0 
75.988 596.0 
75.917 597.0 
76.011 598.0 
75.929 599.0 
76.011 600.0 
76.081 601.0 
75.988 602.0 
76.081 603.0 
75.976 604.0 
76.023 605.0 
75.929 606.0 
75.999 607.0 
75.917 608.0 
75.953 609.0 
76.034 610.0 
75.988 611.0 
76.046 612.0 
75.953 613.0 
76.011 614.0 
75.882 615.0 
75.999 616.0 
76.034 617.0 
75.941 618.0 
76.034 619.0 
75.625 620.0 
75.976 621.0 
75.953 622.0 
75.929 623.0 
75.964 624.0 
76.034 625.0 
75.917 626.0 
75.999 627.0 
76.023 628.0 
75.941 629.0 
75.953 630.0 
76.058 631.0 
75.894 632.0 
75.999 633.0 
76.069 634.0 
75.964 635.0 
75.999 636.0 
76.034 637.0 
75.964 638.0 
76.011 639.0 
76.034 640.0 
75.906 641.0 
75.964 642.0 
76.023 643.0 
75.906 644.0 
75.906 645.0 
75.999 646.0 
76.069 647.0 
75.941 648.0 
75.941 649.0 
76.046 650.0 
75.917 651.0 
75.953 652.0 
75.988 653.0 
76.034 654.0 
75.906 655.0 
75.929 656.0 
76.011 657.0 
76.058 658.0 
75.953 659.0 
75.988 660.0 
76.011 661.0 
76.069 662.0 
75.871 663.0 
75.964 664.0 
75.988 665.0 
76.046 666.0 
75.906 667.0 
75.964 668.0 
75.999 669.0 
76.058 670.0 
75.929 671.0 
75.929 672.0 
75.988 673.0 
75.988 674.0 
76.034 675.0 
75.894 676.0 
75.917 677.0 
76.011 678.0 
76.011 679.0 
76.058 680.0 
75.859 681.0 
75.941 682.0 
75.941 683.0 
75.988 684.0 
76.069 685.0 
76.069 686.0 
75.894 687.0 
75.953 688.0 
75.964 689.0 
75.999 690.0 
76.069 691.0 
76.058 692.0 
75.906 693.0 
75.953 694.0 
75.964 695.0 
75.988 696.0 
76.011 697.0 
75.988 698.0 
75.696 699.0 
75.871 700.0 
75.917 701.0 
75.976 702.0 
75.976 703.0 
75.988 704.0 
76.011 705.0 
76.069 706.0 
75.882 707.0 
75.906 708.0 
75.917 709.0 
75.976 710.0 
75.988 711.0 
76.023 712.0 
76.023 713.0 
76.046 714.0 
76.058 715.0 
75.917 716.0 
75.906 717.0 
75.941 718.0 
75.976 719.0 
75.976 720.0 
75.964 721.0 
76.011 722.0 
75.976 723.0 
76.046 724.0 
76.034 725.0 
75.871 726.0 
75.859 727.0 
75.882 728.0 
75.929 729.0 
75.941 730.0 
75.964 731.0 
75.999 732.0 
76.011 733.0 
75.999 734.0 
76.023 735.0 
76.023 736.0 
76.058 737.0 
76.058 738.0 
75.637 739.0 
75.836 740.0 
75.871 741.0 
75.882 742.0 
75.882 743.0 
75.906 744.0 
75.906 745.0 
75.917 746.0 
75.906 747.0 
75.917 748.0 
75.917 749.0 
75.929 750.0 
75.929 751.0 
75.953 752.0 
75.953 753.0 
75.953 754.0 
75.953 755.0 
75.988 756.0 
75.988 757.0 
75.976 758.0 
76.011 759.0 
75.953 760.0 
75.988 761.0 
75.976 762.0 
75.999 763.0 
75.988 764.0 
75.999 765.0 
75.999 766.0 
76.011 767.0 
75.953 768.0 
75.988 769.0 
76.011 770.0 
76.023 771.0 
75.988 772.0 
75.999 773.0 
75.976 774.0 
75.976 775.0 
75.964 776.0 
75.988 777.0 
75.999 778.0 
75.988 779.0 
75.988 780.0 
75.964 781.0 
75.953 782.0 
75.988 783.0 
75.976 784.0 
75.964 785.0 
75.988 786.0 
75.964 787.0 
75.964 788.0 
75.964 789.0 
75.964 790.0 
75.988 791.0 
75.988 792.0 
75.999 793.0 
75.976 794.0 
76.023 795.0 
75.976 796.0 
76.023 797.0 
75.999 798.0 
75.999 799.0 
75.988 800.0 
75.988 801.0 
75.964 802.0 
75.964 803.0 
75.999 804.0 
0.001 805.0 
0.005 806.0 
-0.004 807.0 
-0.002 808.0 
0.0 809.0 
-0.018 810.0 
-0.016 811.0 
-0.019 812.0 
-0.018 813.0 
-0.025 814.0 
-0.035 815.0 
-0.028 816.0 
-0.04 817.0 
-0.04 818.0 
-0.042 819.0 
-0.04 820.0 
-0.04 821.0 
-0.043 822.0 
-0.035 823.0 
-0.03 824.0 
-0.03 825.0 
-0.043 826.0 
-0.028 827.0 
-0.022 828.0 
-0.024 829.0 
