-0.026 257.0 
-0.028 258.0 
-0.044 259.0 
-0.031 260.0 
-0.043 261.0 
-0.011 262.0 
-0.023 263.0 
-0.025 264.0 
-0.012 265.0 
-0.028 266.0 
-0.025 267.0 
-0.032 268.0 
-0.032 269.0 
-0.031 270.0 
-0.044 271.0 
-0.03 272.0 
-0.031 273.0 
-0.024 274.0 
144.278 275.0 
141.125 276.0 
139.852 277.0 
138.275 278.0 
136.43 279.0 
134.175 280.0 
132.155 281.0 
129.714 282.0 
126.408 283.0 
124.96 284.0 
124.563 285.0 
124.271 286.0 
124.143 287.0 
123.897 288.0 
123.652 289.0 
123.033 290.0 
122.94 291.0 
122.776 292.0 
122.624 293.0 
122.601 294.0 
122.099 295.0 
121.947 296.0 
121.912 297.0 
121.41 298.0 
121.153 299.0 
120.966 300.0 
120.627 301.0 
120.569 302.0 
120.101 303.0 
120.043 304.0 
120.347 305.0 
119.331 306.0 
118.139 307.0 
115.932 308.0 
113.292 309.0 
109.695 310.0 
106.226 311.0 
102.267 312.0 
98.506 313.0 
94.219 314.0 
90.225 315.0 
86.219 316.0 
82.458 317.0 
79.69 318.0 
79.597 319.0 
79.34 320.0 
79.27 321.0 
79.246 322.0 
79.141 323.0 
79.164 324.0 
79.141 325.0 
79.024 326.0 
79.141 327.0 
79.059 328.0 
79.234 329.0 
79.153 330.0 
79.048 331.0 
79.199 332.0 
79.153 333.0 
79.071 334.0 
79.059 335.0 
79.129 336.0 
79.141 337.0 
79.036 338.0 
79.421 339.0 
79.083 340.0 
79.106 341.0 
79.071 342.0 
79.223 343.0 
79.106 344.0 
79.048 345.0 
79.036 346.0 
79.001 347.0 
79.094 348.0 
79.118 349.0 
79.083 350.0 
79.048 351.0 
79.129 352.0 
79.059 353.0 
79.036 354.0 
79.071 355.0 
79.106 356.0 
79.164 357.0 
79.083 358.0 
79.176 359.0 
79.094 360.0 
79.153 361.0 
79.071 362.0 
79.118 363.0 
79.048 364.0 
79.013 365.0 
79.048 366.0 
79.083 367.0 
79.024 368.0 
79.036 369.0 
79.048 370.0 
79.129 371.0 
79.106 372.0 
79.153 373.0 
79.153 374.0 
79.141 375.0 
79.386 376.0 
79.013 377.0 
79.059 378.0 
79.118 379.0 
79.083 380.0 
79.071 381.0 
79.188 382.0 
79.059 383.0 
79.059 384.0 
79.048 385.0 
79.164 386.0 
79.024 387.0 
78.978 388.0 
79.083 389.0 
79.094 390.0 
79.071 391.0 
79.048 392.0 
79.164 393.0 
78.989 394.0 
79.059 395.0 
79.176 396.0 
79.048 397.0 
79.129 398.0 
78.966 399.0 
79.001 400.0 
79.153 401.0 
79.118 402.0 
79.164 403.0 
79.129 404.0 
79.036 405.0 
79.001 406.0 
79.071 407.0 
79.036 408.0 
79.083 409.0 
79.013 410.0 
79.036 411.0 
79.118 412.0 
79.538 413.0 
79.129 414.0 
79.048 415.0 
79.129 416.0 
79.013 417.0 
79.141 418.0 
79.094 419.0 
79.036 420.0 
79.071 421.0 
79.094 422.0 
79.118 423.0 
79.036 424.0 
79.048 425.0 
79.071 426.0 
79.094 427.0 
79.013 428.0 
79.083 429.0 
79.013 430.0 
79.083 431.0 
79.094 432.0 
79.118 433.0 
79.024 434.0 
79.036 435.0 
79.071 436.0 
79.118 437.0 
78.978 438.0 
79.036 439.0 
79.036 440.0 
79.071 441.0 
79.024 442.0 
79.083 443.0 
79.036 444.0 
79.001 445.0 
79.013 446.0 
79.129 447.0 
79.118 448.0 
79.083 449.0 
79.456 450.0 
79.048 451.0 
79.013 452.0 
79.001 453.0 
78.989 454.0 
79.129 455.0 
78.978 456.0 
79.048 457.0 
78.989 458.0 
79.141 459.0 
79.118 460.0 
79.083 461.0 
79.071 462.0 
79.141 463.0 
79.071 464.0 
79.094 465.0 
79.141 466.0 
79.048 467.0 
78.989 468.0 
79.106 469.0 
79.036 470.0 
79.036 471.0 
79.036 472.0 
78.978 473.0 
79.048 474.0 
79.141 475.0 
79.048 476.0 
78.978 477.0 
79.036 478.0 
78.954 479.0 
79.071 480.0 
79.141 481.0 
79.059 482.0 
79.094 483.0 
79.001 484.0 
79.094 485.0 
78.989 486.0 
79.013 487.0 
79.094 488.0 
79.013 489.0 
79.013 490.0 
79.106 491.0 
79.071 492.0 
79.036 493.0 
79.094 494.0 
79.013 495.0 
78.978 496.0 
79.059 497.0 
79.106 498.0 
78.942 499.0 
79.024 500.0 
79.083 501.0 
79.106 502.0 
78.966 503.0 
78.989 504.0 
79.001 505.0 
79.024 506.0 
79.094 507.0 
79.375 508.0 
78.966 509.0 
78.954 510.0 
78.989 511.0 
79.013 512.0 
79.001 513.0 
79.036 514.0 
79.083 515.0 
79.071 516.0 
79.083 517.0 
78.884 518.0 
78.907 519.0 
78.942 520.0 
78.966 521.0 
78.966 522.0 
78.942 523.0 
78.931 524.0 
78.942 525.0 
78.919 526.0 
78.931 527.0 
78.872 528.0 
78.872 529.0 
78.826 530.0 
78.884 531.0 
78.989 532.0 
78.978 533.0 
78.919 534.0 
78.942 535.0 
78.919 536.0 
78.884 537.0 
78.837 538.0 
78.779 539.0 
78.732 540.0 
78.884 541.0 
78.826 542.0 
78.791 543.0 
78.744 544.0 
78.686 545.0 
78.65 546.0 
78.802 547.0 
78.744 548.0 
78.686 549.0 
78.615 550.0 
78.592 551.0 
78.721 552.0 
78.639 553.0 
78.604 554.0 
78.592 555.0 
78.732 556.0 
78.662 557.0 
78.662 558.0 
78.323 559.0 
78.662 560.0 
78.615 561.0 
78.592 562.0 
78.662 563.0 
78.615 564.0 
78.487 565.0 
78.662 566.0 
78.744 567.0 
78.522 568.0 
78.662 569.0 
78.592 570.0 
78.686 571.0 
78.627 572.0 
78.58 573.0 
78.627 574.0 
78.604 575.0 
78.721 576.0 
78.615 577.0 
78.639 578.0 
78.744 579.0 
78.674 580.0 
78.744 581.0 
78.686 582.0 
78.686 583.0 
78.709 584.0 
78.744 585.0 
78.674 586.0 
78.627 587.0 
78.686 588.0 
78.592 589.0 
78.674 590.0 
78.592 591.0 
78.65 592.0 
78.604 593.0 
78.615 594.0 
78.65 595.0 
78.686 596.0 
78.627 597.0 
78.674 598.0 
78.615 599.0 
78.639 600.0 
78.802 601.0 
78.65 602.0 
78.744 603.0 
78.65 604.0 
78.697 605.0 
78.604 606.0 
78.709 607.0 
78.557 608.0 
78.639 609.0 
78.732 610.0 
78.627 611.0 
78.721 612.0 
78.615 613.0 
78.709 614.0 
78.545 615.0 
78.674 616.0 
78.697 617.0 
78.58 618.0 
78.686 619.0 
78.265 620.0 
78.615 621.0 
78.721 622.0 
78.615 623.0 
78.639 624.0 
78.697 625.0 
78.58 626.0 
78.662 627.0 
78.744 628.0 
78.615 629.0 
78.65 630.0 
78.732 631.0 
78.557 632.0 
78.686 633.0 
78.779 634.0 
78.592 635.0 
78.674 636.0 
78.721 637.0 
78.604 638.0 
78.674 639.0 
78.732 640.0 
78.592 641.0 
78.662 642.0 
78.697 643.0 
78.58 644.0 
78.615 645.0 
78.686 646.0 
78.732 647.0 
78.627 648.0 
78.65 649.0 
78.709 650.0 
78.557 651.0 
78.569 652.0 
78.65 653.0 
78.732 654.0 
78.592 655.0 
78.604 656.0 
78.639 657.0 
78.721 658.0 
78.627 659.0 
78.639 660.0 
78.709 661.0 
78.732 662.0 
78.499 663.0 
78.662 664.0 
78.686 665.0 
78.732 666.0 
78.592 667.0 
78.627 668.0 
78.697 669.0 
78.732 670.0 
78.569 671.0 
78.604 672.0 
78.639 673.0 
78.721 674.0 
78.721 675.0 
78.58 676.0 
78.615 677.0 
78.662 678.0 
78.674 679.0 
78.756 680.0 
78.58 681.0 
78.615 682.0 
78.65 683.0 
78.674 684.0 
78.686 685.0 
78.756 686.0 
78.569 687.0 
78.627 688.0 
78.627 689.0 
78.639 690.0 
78.721 691.0 
78.732 692.0 
78.545 693.0 
78.639 694.0 
78.615 695.0 
78.662 696.0 
78.674 697.0 
78.686 698.0 
78.37 699.0 
78.569 700.0 
78.592 701.0 
78.627 702.0 
78.674 703.0 
78.662 704.0 
78.709 705.0 
78.709 706.0 
78.557 707.0 
78.557 708.0 
78.604 709.0 
78.615 710.0 
78.65 711.0 
78.674 712.0 
78.721 713.0 
78.721 714.0 
78.767 715.0 
78.569 716.0 
78.592 717.0 
78.627 718.0 
78.639 719.0 
78.639 720.0 
78.686 721.0 
78.697 722.0 
78.709 723.0 
78.709 724.0 
78.744 725.0 
78.545 726.0 
78.557 727.0 
78.58 728.0 
78.604 729.0 
78.615 730.0 
78.639 731.0 
78.615 732.0 
78.674 733.0 
78.674 734.0 
78.697 735.0 
78.744 736.0 
78.732 737.0 
78.732 738.0 
78.288 739.0 
78.569 740.0 
78.58 741.0 
78.604 742.0 
78.58 743.0 
78.557 744.0 
78.58 745.0 
78.592 746.0 
78.615 747.0 
78.592 748.0 
78.604 749.0 
78.615 750.0 
78.65 751.0 
78.615 752.0 
78.615 753.0 
78.65 754.0 
78.65 755.0 
78.639 756.0 
78.639 757.0 
78.627 758.0 
78.65 759.0 
78.65 760.0 
78.674 761.0 
78.674 762.0 
78.686 763.0 
78.639 764.0 
78.65 765.0 
78.674 766.0 
78.674 767.0 
78.65 768.0 
78.674 769.0 
78.65 770.0 
78.662 771.0 
78.65 772.0 
78.674 773.0 
78.686 774.0 
78.686 775.0 
78.674 776.0 
78.686 777.0 
78.674 778.0 
78.686 779.0 
78.662 780.0 
78.639 781.0 
78.686 782.0 
78.639 783.0 
78.65 784.0 
78.65 785.0 
78.662 786.0 
78.674 787.0 
78.662 788.0 
78.65 789.0 
78.639 790.0 
78.674 791.0 
78.639 792.0 
78.662 793.0 
78.674 794.0 
78.674 795.0 
78.674 796.0 
78.674 797.0 
78.686 798.0 
78.674 799.0 
78.639 800.0 
78.674 801.0 
78.639 802.0 
78.686 803.0 
78.674 804.0 
0.002 805.0 
0.006 806.0 
0.002 807.0 
-0.006 808.0 
0.008 809.0 
0.002 810.0 
0.0 811.0 
0.001 812.0 
0.007 813.0 
-0.002 814.0 
-0.006 815.0 
-0.008 816.0 
-0.006 817.0 
-0.013 818.0 
-0.012 819.0 
-0.012 820.0 
-0.023 821.0 
-0.014 822.0 
-0.011 823.0 
-0.026 824.0 
-0.028 825.0 
-0.024 826.0 
-0.025 827.0 
-0.025 828.0 
-0.032 829.0 
