-0.055 257.0 
-0.028 258.0 
-0.046 259.0 
-0.031 260.0 
-0.041 261.0 
-0.043 262.0 
-0.055 263.0 
-0.058 264.0 
-0.017 265.0 
-0.026 266.0 
-0.042 267.0 
-0.043 268.0 
-0.036 269.0 
-0.034 270.0 
-0.044 271.0 
-0.038 272.0 
-0.043 273.0 
-0.047 274.0 
156.542 275.0 
152.676 276.0 
150.609 277.0 
147.864 278.0 
144.991 279.0 
141.954 280.0 
139.49 281.0 
136.686 282.0 
132.949 283.0 
131.419 284.0 
130.812 285.0 
130.309 286.0 
130.006 287.0 
129.69 288.0 
129.352 289.0 
128.628 290.0 
128.417 291.0 
128.125 292.0 
127.798 293.0 
127.425 294.0 
126.992 295.0 
126.806 296.0 
126.607 297.0 
126.011 298.0 
125.743 299.0 
125.404 300.0 
124.972 301.0 
124.82 302.0 
124.248 303.0 
124.166 304.0 
123.956 305.0 
123.045 306.0 
121.363 307.0 
118.595 308.0 
115.57 309.0 
111.645 310.0 
107.534 311.0 
102.956 312.0 
98.564 313.0 
94.114 314.0 
89.945 315.0 
86.079 316.0 
82.528 317.0 
79.702 318.0 
79.538 319.0 
79.305 320.0 
79.118 321.0 
79.141 322.0 
78.978 323.0 
79.024 324.0 
78.919 325.0 
78.861 326.0 
78.942 327.0 
78.896 328.0 
79.176 329.0 
78.989 330.0 
78.966 331.0 
79.199 332.0 
78.966 333.0 
78.919 334.0 
78.919 335.0 
78.978 336.0 
78.942 337.0 
78.884 338.0 
79.188 339.0 
78.907 340.0 
78.919 341.0 
78.884 342.0 
78.37 343.0 
78.942 344.0 
78.896 345.0 
78.872 346.0 
78.861 347.0 
79.001 348.0 
78.954 349.0 
78.931 350.0 
78.931 351.0 
78.931 352.0 
78.872 353.0 
78.802 354.0 
79.013 355.0 
78.931 356.0 
78.966 357.0 
78.919 358.0 
78.978 359.0 
78.907 360.0 
78.954 361.0 
78.861 362.0 
78.919 363.0 
78.884 364.0 
78.896 365.0 
78.919 366.0 
78.919 367.0 
78.861 368.0 
78.872 369.0 
78.907 370.0 
78.931 371.0 
78.966 372.0 
78.931 373.0 
78.966 374.0 
79.013 375.0 
79.293 376.0 
78.826 377.0 
78.896 378.0 
78.884 379.0 
78.884 380.0 
78.907 381.0 
79.013 382.0 
78.907 383.0 
78.872 384.0 
78.861 385.0 
78.989 386.0 
78.849 387.0 
78.837 388.0 
78.931 389.0 
78.931 390.0 
78.919 391.0 
78.884 392.0 
78.942 393.0 
78.826 394.0 
78.919 395.0 
78.989 396.0 
78.884 397.0 
78.942 398.0 
78.779 399.0 
78.884 400.0 
78.954 401.0 
78.907 402.0 
78.978 403.0 
78.954 404.0 
78.907 405.0 
78.826 406.0 
78.919 407.0 
78.884 408.0 
78.931 409.0 
78.872 410.0 
78.954 411.0 
78.919 412.0 
79.386 413.0 
78.978 414.0 
78.849 415.0 
78.907 416.0 
78.837 417.0 
78.966 418.0 
78.931 419.0 
78.849 420.0 
78.872 421.0 
78.931 422.0 
78.954 423.0 
78.884 424.0 
78.931 425.0 
78.919 426.0 
78.931 427.0 
78.896 428.0 
78.884 429.0 
78.872 430.0 
78.966 431.0 
78.931 432.0 
78.954 433.0 
78.837 434.0 
78.896 435.0 
78.896 436.0 
78.919 437.0 
78.837 438.0 
78.872 439.0 
78.872 440.0 
78.849 441.0 
78.861 442.0 
78.849 443.0 
78.884 444.0 
78.837 445.0 
78.861 446.0 
78.966 447.0 
78.966 448.0 
78.919 449.0 
79.223 450.0 
78.896 451.0 
78.849 452.0 
78.849 453.0 
78.826 454.0 
78.919 455.0 
78.709 456.0 
78.872 457.0 
78.814 458.0 
78.966 459.0 
78.966 460.0 
78.919 461.0 
78.837 462.0 
78.966 463.0 
78.907 464.0 
78.907 465.0 
78.966 466.0 
78.884 467.0 
78.814 468.0 
78.907 469.0 
78.896 470.0 
78.861 471.0 
78.896 472.0 
78.744 473.0 
78.907 474.0 
78.966 475.0 
78.907 476.0 
78.826 477.0 
78.896 478.0 
78.779 479.0 
78.884 480.0 
78.978 481.0 
78.872 482.0 
78.978 483.0 
78.849 484.0 
78.907 485.0 
78.884 486.0 
78.849 487.0 
78.942 488.0 
78.861 489.0 
78.907 490.0 
78.942 491.0 
78.884 492.0 
78.884 493.0 
78.931 494.0 
78.837 495.0 
78.814 496.0 
78.919 497.0 
78.942 498.0 
78.826 499.0 
78.837 500.0 
78.872 501.0 
78.931 502.0 
78.802 503.0 
78.814 504.0 
78.861 505.0 
78.884 506.0 
78.849 507.0 
78.919 508.0 
78.791 509.0 
78.802 510.0 
78.861 511.0 
78.872 512.0 
78.849 513.0 
78.872 514.0 
78.896 515.0 
78.919 516.0 
78.931 517.0 
78.697 518.0 
78.744 519.0 
78.767 520.0 
78.767 521.0 
78.767 522.0 
78.802 523.0 
78.814 524.0 
78.779 525.0 
78.791 526.0 
78.779 527.0 
78.709 528.0 
78.721 529.0 
78.721 530.0 
78.721 531.0 
78.849 532.0 
78.802 533.0 
78.744 534.0 
78.767 535.0 
78.732 536.0 
78.674 537.0 
78.615 538.0 
78.58 539.0 
78.569 540.0 
78.697 541.0 
78.58 542.0 
78.627 543.0 
78.557 544.0 
78.545 545.0 
78.499 546.0 
78.615 547.0 
78.534 548.0 
78.51 549.0 
78.475 550.0 
78.417 551.0 
78.557 552.0 
78.487 553.0 
78.44 554.0 
78.429 555.0 
78.569 556.0 
78.475 557.0 
78.44 558.0 
78.125 559.0 
78.522 560.0 
78.44 561.0 
78.37 562.0 
78.51 563.0 
78.452 564.0 
78.323 565.0 
78.534 566.0 
78.475 567.0 
78.37 568.0 
78.475 569.0 
78.429 570.0 
78.557 571.0 
78.475 572.0 
78.382 573.0 
78.464 574.0 
78.394 575.0 
78.499 576.0 
78.44 577.0 
78.44 578.0 
78.545 579.0 
78.452 580.0 
78.557 581.0 
78.499 582.0 
78.569 583.0 
78.51 584.0 
78.09 585.0 
78.487 586.0 
78.429 587.0 
78.534 588.0 
78.452 589.0 
78.534 590.0 
78.44 591.0 
78.51 592.0 
78.44 593.0 
78.464 594.0 
78.44 595.0 
78.487 596.0 
78.429 597.0 
78.51 598.0 
78.464 599.0 
78.51 600.0 
78.58 601.0 
78.452 602.0 
78.58 603.0 
78.475 604.0 
78.522 605.0 
78.464 606.0 
78.499 607.0 
78.394 608.0 
78.475 609.0 
78.58 610.0 
78.475 611.0 
78.534 612.0 
78.429 613.0 
78.522 614.0 
78.394 615.0 
78.499 616.0 
78.569 617.0 
78.382 618.0 
78.534 619.0 
78.195 620.0 
78.452 621.0 
78.522 622.0 
78.417 623.0 
78.487 624.0 
78.557 625.0 
78.417 626.0 
78.487 627.0 
78.545 628.0 
78.464 629.0 
78.51 630.0 
78.545 631.0 
78.405 632.0 
78.51 633.0 
78.58 634.0 
78.429 635.0 
78.522 636.0 
78.557 637.0 
78.44 638.0 
78.499 639.0 
78.545 640.0 
78.394 641.0 
78.475 642.0 
78.534 643.0 
78.405 644.0 
78.464 645.0 
78.51 646.0 
78.569 647.0 
78.405 648.0 
78.44 649.0 
78.51 650.0 
78.382 651.0 
78.417 652.0 
78.487 653.0 
78.522 654.0 
78.394 655.0 
78.475 656.0 
78.487 657.0 
78.545 658.0 
78.417 659.0 
78.464 660.0 
78.522 661.0 
78.592 662.0 
78.394 663.0 
78.464 664.0 
78.534 665.0 
78.58 666.0 
78.44 667.0 
78.475 668.0 
78.534 669.0 
78.58 670.0 
78.417 671.0 
78.44 672.0 
78.452 673.0 
78.499 674.0 
78.557 675.0 
78.429 676.0 
78.44 677.0 
78.475 678.0 
78.475 679.0 
78.569 680.0 
78.382 681.0 
78.429 682.0 
78.487 683.0 
78.487 684.0 
78.58 685.0 
78.592 686.0 
78.417 687.0 
78.464 688.0 
78.499 689.0 
78.499 690.0 
78.534 691.0 
78.58 692.0 
78.37 693.0 
78.429 694.0 
78.464 695.0 
78.475 696.0 
78.534 697.0 
78.534 698.0 
78.323 699.0 
78.44 700.0 
78.44 701.0 
78.452 702.0 
78.487 703.0 
78.499 704.0 
78.58 705.0 
78.557 706.0 
78.394 707.0 
78.464 708.0 
78.429 709.0 
78.44 710.0 
78.487 711.0 
78.51 712.0 
78.51 713.0 
78.534 714.0 
78.569 715.0 
78.382 716.0 
78.405 717.0 
78.44 718.0 
78.487 719.0 
78.487 720.0 
78.475 721.0 
78.487 722.0 
78.534 723.0 
78.545 724.0 
78.557 725.0 
78.394 726.0 
78.405 727.0 
78.44 728.0 
78.44 729.0 
78.464 730.0 
78.475 731.0 
78.51 732.0 
78.499 733.0 
78.51 734.0 
78.534 735.0 
78.534 736.0 
78.499 737.0 
78.557 738.0 
78.23 739.0 
78.37 740.0 
78.37 741.0 
78.37 742.0 
78.394 743.0 
78.417 744.0 
78.417 745.0 
78.429 746.0 
78.429 747.0 
78.405 748.0 
78.44 749.0 
78.464 750.0 
78.452 751.0 
78.464 752.0 
78.44 753.0 
78.464 754.0 
78.44 755.0 
78.475 756.0 
78.452 757.0 
78.464 758.0 
78.487 759.0 
78.452 760.0 
78.452 761.0 
78.464 762.0 
78.487 763.0 
78.499 764.0 
78.499 765.0 
78.522 766.0 
78.499 767.0 
78.522 768.0 
78.522 769.0 
78.522 770.0 
78.522 771.0 
78.51 772.0 
78.51 773.0 
78.499 774.0 
78.464 775.0 
78.487 776.0 
78.499 777.0 
78.452 778.0 
78.51 779.0 
78.464 780.0 
78.499 781.0 
78.487 782.0 
78.499 783.0 
78.475 784.0 
78.487 785.0 
78.51 786.0 
78.475 787.0 
78.487 788.0 
78.487 789.0 
78.487 790.0 
78.464 791.0 
78.487 792.0 
78.452 793.0 
78.475 794.0 
78.499 795.0 
78.522 796.0 
78.464 797.0 
78.475 798.0 
78.487 799.0 
78.487 800.0 
78.487 801.0 
78.452 802.0 
78.475 803.0 
78.475 804.0 
0.001 805.0 
0.0 806.0 
-0.011 807.0 
0.0 808.0 
-0.002 809.0 
-0.014 810.0 
-0.017 811.0 
-0.025 812.0 
-0.037 813.0 
-0.038 814.0 
-0.043 815.0 
-0.046 816.0 
-0.046 817.0 
-0.053 818.0 
-0.052 819.0 
-0.058 820.0 
-0.055 821.0 
-0.062 822.0 
-0.05 823.0 
-0.044 824.0 
-0.037 825.0 
-0.036 826.0 
-0.044 827.0 
-0.038 828.0 
-0.03 829.0 
