-0.08 257.0 
-0.035 258.0 
-0.129 259.0 
-0.031 260.0 
-0.035 261.0 
-0.091 262.0 
-0.047 263.0 
-0.038 264.0 
-0.05 265.0 
-0.058 266.0 
-0.096 267.0 
-0.053 268.0 
-0.035 269.0 
-0.044 270.0 
-0.046 271.0 
-0.089 272.0 
-0.044 273.0 
-0.042 274.0 
151.029 275.0 
147.537 276.0 
145.808 277.0 
143.881 278.0 
141.814 279.0 
139.466 280.0 
137.469 281.0 
135.156 282.0 
132.412 283.0 
130.636 284.0 
130.134 285.0 
129.632 286.0 
129.375 287.0 
128.978 288.0 
128.663 289.0 
128.02 290.0 
127.635 291.0 
127.308 292.0 
127.016 293.0 
126.806 294.0 
126.198 295.0 
125.988 296.0 
125.836 297.0 
125.24 298.0 
124.89 299.0 
124.773 300.0 
124.061 301.0 
123.862 302.0 
123.185 303.0 
122.928 304.0 
122.671 305.0 
121.807 306.0 
120.031 307.0 
117.006 308.0 
113.514 309.0 
109.041 310.0 
104.497 311.0 
99.732 312.0 
95.457 313.0 
90.844 314.0 
86.651 315.0 
82.972 316.0 
79.678 317.0 
77.109 318.0 
76.945 319.0 
76.712 320.0 
76.583 321.0 
76.56 322.0 
76.455 323.0 
76.501 324.0 
76.42 325.0 
76.291 326.0 
76.42 327.0 
76.385 328.0 
76.361 329.0 
76.455 330.0 
76.361 331.0 
76.595 332.0 
76.478 333.0 
76.361 334.0 
76.373 335.0 
76.466 336.0 
76.42 337.0 
76.361 338.0 
76.501 339.0 
76.385 340.0 
76.373 341.0 
76.35 342.0 
76.466 343.0 
76.373 344.0 
76.373 345.0 
76.35 346.0 
76.268 347.0 
76.49 348.0 
76.408 349.0 
76.396 350.0 
76.35 351.0 
76.42 352.0 
76.385 353.0 
76.28 354.0 
76.455 355.0 
76.431 356.0 
76.455 357.0 
76.396 358.0 
76.525 359.0 
76.42 360.0 
76.431 361.0 
76.361 362.0 
76.385 363.0 
76.315 364.0 
76.326 365.0 
76.385 366.0 
76.396 367.0 
76.361 368.0 
76.338 369.0 
76.373 370.0 
76.42 371.0 
76.385 372.0 
76.431 373.0 
76.455 374.0 
76.42 375.0 
76.758 376.0 
76.315 377.0 
76.396 378.0 
76.385 379.0 
76.373 380.0 
76.385 381.0 
76.478 382.0 
76.361 383.0 
76.338 384.0 
76.35 385.0 
76.443 386.0 
76.338 387.0 
76.315 388.0 
76.408 389.0 
76.396 390.0 
76.396 391.0 
76.326 392.0 
76.408 393.0 
76.303 394.0 
76.373 395.0 
76.478 396.0 
76.338 397.0 
76.408 398.0 
76.268 399.0 
76.35 400.0 
76.443 401.0 
76.396 402.0 
76.455 403.0 
76.396 404.0 
76.361 405.0 
76.291 406.0 
76.373 407.0 
76.315 408.0 
76.35 409.0 
76.303 410.0 
76.396 411.0 
76.455 412.0 
76.478 413.0 
76.42 414.0 
76.326 415.0 
76.385 416.0 
76.35 417.0 
76.478 418.0 
76.431 419.0 
76.338 420.0 
76.35 421.0 
76.396 422.0 
76.431 423.0 
76.361 424.0 
76.385 425.0 
76.396 426.0 
76.443 427.0 
76.35 428.0 
76.338 429.0 
76.373 430.0 
76.396 431.0 
76.385 432.0 
76.408 433.0 
76.291 434.0 
76.35 435.0 
76.385 436.0 
76.466 437.0 
76.291 438.0 
76.385 439.0 
76.361 440.0 
76.338 441.0 
76.35 442.0 
76.338 443.0 
76.338 444.0 
76.338 445.0 
76.315 446.0 
76.42 447.0 
76.443 448.0 
76.396 449.0 
76.688 450.0 
76.361 451.0 
76.361 452.0 
76.373 453.0 
76.338 454.0 
76.396 455.0 
76.28 456.0 
76.338 457.0 
76.326 458.0 
76.431 459.0 
76.443 460.0 
76.385 461.0 
76.315 462.0 
76.431 463.0 
76.385 464.0 
76.373 465.0 
76.42 466.0 
76.361 467.0 
76.291 468.0 
76.396 469.0 
76.361 470.0 
76.373 471.0 
76.361 472.0 
76.455 473.0 
76.35 474.0 
76.443 475.0 
76.385 476.0 
76.291 477.0 
76.373 478.0 
76.28 479.0 
76.373 480.0 
76.431 481.0 
76.35 482.0 
76.396 483.0 
76.326 484.0 
76.373 485.0 
76.326 486.0 
76.256 487.0 
76.42 488.0 
76.373 489.0 
76.373 490.0 
76.408 491.0 
76.408 492.0 
76.373 493.0 
76.443 494.0 
76.338 495.0 
76.268 496.0 
76.373 497.0 
76.431 498.0 
76.338 499.0 
76.338 500.0 
76.373 501.0 
76.385 502.0 
76.291 503.0 
76.35 504.0 
76.326 505.0 
76.361 506.0 
76.291 507.0 
76.513 508.0 
76.233 509.0 
76.28 510.0 
76.338 511.0 
76.338 512.0 
76.373 513.0 
76.361 514.0 
76.408 515.0 
76.373 516.0 
76.677 517.0 
76.186 518.0 
76.256 519.0 
76.256 520.0 
76.256 521.0 
76.245 522.0 
76.268 523.0 
76.268 524.0 
76.245 525.0 
76.256 526.0 
76.256 527.0 
76.186 528.0 
76.233 529.0 
76.151 530.0 
76.174 531.0 
76.326 532.0 
76.303 533.0 
76.256 534.0 
76.256 535.0 
76.186 536.0 
76.186 537.0 
76.151 538.0 
76.093 539.0 
76.034 540.0 
76.163 541.0 
76.116 542.0 
76.093 543.0 
76.023 544.0 
75.988 545.0 
75.929 546.0 
76.069 547.0 
75.964 548.0 
75.964 549.0 
75.929 550.0 
75.859 551.0 
75.976 552.0 
75.929 553.0 
75.859 554.0 
75.859 555.0 
75.999 556.0 
75.941 557.0 
75.871 558.0 
75.625 559.0 
75.953 560.0 
75.906 561.0 
75.859 562.0 
75.929 563.0 
75.917 564.0 
75.777 565.0 
75.941 566.0 
75.988 567.0 
75.847 568.0 
75.976 569.0 
75.871 570.0 
75.999 571.0 
75.906 572.0 
75.836 573.0 
75.906 574.0 
75.882 575.0 
75.988 576.0 
75.871 577.0 
75.906 578.0 
76.011 579.0 
75.917 580.0 
76.011 581.0 
75.917 582.0 
75.953 583.0 
75.953 584.0 
76.081 585.0 
75.988 586.0 
75.871 587.0 
75.941 588.0 
75.906 589.0 
75.976 590.0 
75.929 591.0 
75.964 592.0 
75.894 593.0 
75.871 594.0 
75.929 595.0 
75.953 596.0 
75.906 597.0 
75.941 598.0 
75.882 599.0 
75.964 600.0 
76.046 601.0 
75.929 602.0 
76.011 603.0 
75.906 604.0 
75.976 605.0 
75.871 606.0 
75.953 607.0 
75.859 608.0 
75.906 609.0 
76.011 610.0 
75.894 611.0 
76.023 612.0 
75.882 613.0 
75.953 614.0 
75.847 615.0 
75.941 616.0 
75.999 617.0 
75.882 618.0 
75.976 619.0 
75.544 620.0 
75.906 621.0 
75.953 622.0 
75.871 623.0 
75.941 624.0 
76.011 625.0 
75.894 626.0 
75.953 627.0 
76.011 628.0 
75.882 629.0 
75.941 630.0 
76.023 631.0 
75.859 632.0 
75.976 633.0 
76.034 634.0 
75.894 635.0 
75.964 636.0 
75.999 637.0 
75.917 638.0 
75.988 639.0 
76.034 640.0 
75.859 641.0 
75.894 642.0 
75.988 643.0 
75.871 644.0 
75.882 645.0 
75.953 646.0 
76.058 647.0 
75.871 648.0 
75.929 649.0 
75.999 650.0 
75.847 651.0 
75.917 652.0 
75.964 653.0 
75.999 654.0 
75.847 655.0 
75.929 656.0 
75.929 657.0 
75.999 658.0 
75.917 659.0 
75.929 660.0 
75.964 661.0 
76.011 662.0 
75.882 663.0 
75.906 664.0 
75.976 665.0 
76.023 666.0 
75.871 667.0 
75.917 668.0 
75.976 669.0 
76.011 670.0 
75.847 671.0 
75.929 672.0 
75.941 673.0 
75.976 674.0 
75.999 675.0 
75.882 676.0 
75.906 677.0 
75.929 678.0 
75.941 679.0 
76.011 680.0 
75.836 681.0 
75.859 682.0 
75.917 683.0 
75.941 684.0 
75.988 685.0 
75.999 686.0 
75.871 687.0 
75.847 688.0 
75.906 689.0 
75.929 690.0 
75.976 691.0 
76.011 692.0 
75.836 693.0 
75.882 694.0 
75.929 695.0 
75.941 696.0 
75.953 697.0 
75.964 698.0 
75.742 699.0 
75.871 700.0 
75.894 701.0 
75.906 702.0 
75.929 703.0 
75.941 704.0 
76.011 705.0 
75.999 706.0 
75.836 707.0 
75.871 708.0 
75.906 709.0 
75.941 710.0 
75.941 711.0 
75.976 712.0 
75.988 713.0 
76.034 714.0 
76.023 715.0 
75.882 716.0 
75.882 717.0 
75.917 718.0 
75.894 719.0 
75.953 720.0 
75.953 721.0 
75.976 722.0 
75.941 723.0 
76.023 724.0 
75.988 725.0 
75.836 726.0 
75.871 727.0 
75.871 728.0 
75.894 729.0 
75.906 730.0 
75.929 731.0 
75.953 732.0 
75.941 733.0 
75.976 734.0 
75.988 735.0 
75.917 736.0 
76.034 737.0 
76.034 738.0 
75.637 739.0 
75.836 740.0 
75.824 741.0 
75.871 742.0 
75.859 743.0 
75.859 744.0 
75.882 745.0 
75.859 746.0 
75.906 747.0 
75.871 748.0 
75.906 749.0 
75.882 750.0 
75.894 751.0 
75.894 752.0 
75.917 753.0 
75.894 754.0 
75.917 755.0 
75.941 756.0 
75.929 757.0 
75.964 758.0 
75.929 759.0 
75.941 760.0 
75.929 761.0 
75.988 762.0 
75.941 763.0 
75.941 764.0 
75.953 765.0 
75.941 766.0 
75.964 767.0 
75.929 768.0 
75.976 769.0 
75.953 770.0 
75.999 771.0 
75.976 772.0 
75.953 773.0 
75.929 774.0 
75.964 775.0 
75.941 776.0 
75.953 777.0 
75.941 778.0 
75.941 779.0 
75.964 780.0 
75.941 781.0 
75.953 782.0 
75.929 783.0 
75.929 784.0 
75.906 785.0 
75.929 786.0 
75.941 787.0 
75.917 788.0 
75.929 789.0 
75.964 790.0 
75.964 791.0 
75.953 792.0 
75.953 793.0 
75.964 794.0 
75.976 795.0 
75.953 796.0 
75.929 797.0 
75.964 798.0 
75.941 799.0 
75.941 800.0 
75.906 801.0 
75.906 802.0 
75.941 803.0 
75.953 804.0 
-0.004 805.0 
-0.001 806.0 
0.004 807.0 
0.005 808.0 
0.002 809.0 
-0.002 810.0 
-0.004 811.0 
-0.001 812.0 
-0.006 813.0 
-0.002 814.0 
0.002 815.0 
-0.011 816.0 
-0.013 817.0 
-0.013 818.0 
-0.007 819.0 
-0.016 820.0 
-0.013 821.0 
-0.022 822.0 
-0.024 823.0 
-0.029 824.0 
-0.032 825.0 
-0.035 826.0 
-0.024 827.0 
-0.026 828.0 
-0.023 829.0 
