-0.025 257.0 
-0.054 258.0 
-0.03 259.0 
-0.036 260.0 
-0.028 261.0 
-0.025 262.0 
-0.04 263.0 
-0.026 264.0 
-0.023 265.0 
-0.037 266.0 
-0.036 267.0 
-0.055 268.0 
-0.032 269.0 
-0.046 270.0 
-0.042 271.0 
-0.037 272.0 
-0.046 273.0 
-0.042 274.0 
141.732 275.0 
139.116 276.0 
138.158 277.0 
136.885 278.0 
135.425 279.0 
133.475 280.0 
131.746 281.0 
129.667 282.0 
125.918 283.0 
124.493 284.0 
124.154 285.0 
123.886 286.0 
123.816 287.0 
123.594 288.0 
123.383 289.0 
122.753 290.0 
122.694 291.0 
122.531 292.0 
122.426 293.0 
122.204 294.0 
121.97 295.0 
121.853 296.0 
121.853 297.0 
121.398 298.0 
121.246 299.0 
121.036 300.0 
120.767 301.0 
120.767 302.0 
120.3 303.0 
120.3 304.0 
120.02 305.0 
119.716 306.0 
118.747 307.0 
116.913 308.0 
114.729 309.0 
111.68 310.0 
108.55 311.0 
104.953 312.0 
101.087 313.0 
96.777 314.0 
92.479 315.0 
88.239 316.0 
84.362 317.0 
81.348 318.0 
80.94 319.0 
80.963 320.0 
80.811 321.0 
80.823 322.0 
80.694 323.0 
80.765 324.0 
80.718 325.0 
80.624 326.0 
80.729 327.0 
80.648 328.0 
80.823 329.0 
80.718 330.0 
80.624 331.0 
80.87 332.0 
80.718 333.0 
80.624 334.0 
80.554 335.0 
80.753 336.0 
80.741 337.0 
80.624 338.0 
80.788 339.0 
80.694 340.0 
80.648 341.0 
80.659 342.0 
80.928 343.0 
80.706 344.0 
80.659 345.0 
80.648 346.0 
80.589 347.0 
80.589 348.0 
80.718 349.0 
80.671 350.0 
80.636 351.0 
80.683 352.0 
80.659 353.0 
80.613 354.0 
80.601 355.0 
80.706 356.0 
80.729 357.0 
80.694 358.0 
80.753 359.0 
80.706 360.0 
80.765 361.0 
80.624 362.0 
80.671 363.0 
80.659 364.0 
80.648 365.0 
80.694 366.0 
80.683 367.0 
80.648 368.0 
80.636 369.0 
80.659 370.0 
80.683 371.0 
80.694 372.0 
80.694 373.0 
80.718 374.0 
80.729 375.0 
80.729 376.0 
80.624 377.0 
80.648 378.0 
80.671 379.0 
80.659 380.0 
80.671 381.0 
80.718 382.0 
80.659 383.0 
80.636 384.0 
80.636 385.0 
80.741 386.0 
80.636 387.0 
80.578 388.0 
80.671 389.0 
80.671 390.0 
80.659 391.0 
80.648 392.0 
80.729 393.0 
80.589 394.0 
80.671 395.0 
80.729 396.0 
80.613 397.0 
80.671 398.0 
80.554 399.0 
80.648 400.0 
80.741 401.0 
80.671 402.0 
80.729 403.0 
80.706 404.0 
80.636 405.0 
80.601 406.0 
80.694 407.0 
80.589 408.0 
80.636 409.0 
80.624 410.0 
80.694 411.0 
80.741 412.0 
81.033 413.0 
80.706 414.0 
80.624 415.0 
80.624 416.0 
80.613 417.0 
80.683 418.0 
80.706 419.0 
80.613 420.0 
80.648 421.0 
80.683 422.0 
80.729 423.0 
80.648 424.0 
80.648 425.0 
80.706 426.0 
80.741 427.0 
80.671 428.0 
80.636 429.0 
80.648 430.0 
80.694 431.0 
80.706 432.0 
80.683 433.0 
80.578 434.0 
80.601 435.0 
80.624 436.0 
80.671 437.0 
80.624 438.0 
80.543 439.0 
80.636 440.0 
80.624 441.0 
80.624 442.0 
80.636 443.0 
80.613 444.0 
80.636 445.0 
80.566 446.0 
80.729 447.0 
80.694 448.0 
80.986 449.0 
80.835 450.0 
80.648 451.0 
80.636 452.0 
80.601 453.0 
80.578 454.0 
80.683 455.0 
80.484 456.0 
80.636 457.0 
80.578 458.0 
80.671 459.0 
80.683 460.0 
80.648 461.0 
80.624 462.0 
80.706 463.0 
80.671 464.0 
80.648 465.0 
80.753 466.0 
80.659 467.0 
80.589 468.0 
80.683 469.0 
80.636 470.0 
80.601 471.0 
80.636 472.0 
80.543 473.0 
80.659 474.0 
80.741 475.0 
80.683 476.0 
80.543 477.0 
80.624 478.0 
80.578 479.0 
80.659 480.0 
80.706 481.0 
80.636 482.0 
80.694 483.0 
80.648 484.0 
80.683 485.0 
80.589 486.0 
80.659 487.0 
80.706 488.0 
80.589 489.0 
80.636 490.0 
80.671 491.0 
80.601 492.0 
80.648 493.0 
80.659 494.0 
80.613 495.0 
80.589 496.0 
80.624 497.0 
80.671 498.0 
80.589 499.0 
80.601 500.0 
80.659 501.0 
80.671 502.0 
80.531 503.0 
80.566 504.0 
80.601 505.0 
80.659 506.0 
80.613 507.0 
80.659 508.0 
80.508 509.0 
80.543 510.0 
80.578 511.0 
80.624 512.0 
80.624 513.0 
80.648 514.0 
80.648 515.0 
80.473 516.0 
81.033 517.0 
80.449 518.0 
80.531 519.0 
80.531 520.0 
80.531 521.0 
80.519 522.0 
80.543 523.0 
80.508 524.0 
80.508 525.0 
80.531 526.0 
80.519 527.0 
80.461 528.0 
80.473 529.0 
80.449 530.0 
80.473 531.0 
80.613 532.0 
80.566 533.0 
80.484 534.0 
80.543 535.0 
80.508 536.0 
80.437 537.0 
80.402 538.0 
80.367 539.0 
80.344 540.0 
80.461 541.0 
80.297 542.0 
80.367 543.0 
80.309 544.0 
80.262 545.0 
80.216 546.0 
80.367 547.0 
80.332 548.0 
80.227 549.0 
80.192 550.0 
80.122 551.0 
80.274 552.0 
80.192 553.0 
80.157 554.0 
80.145 555.0 
80.274 556.0 
80.204 557.0 
80.145 558.0 
79.947 559.0 
80.262 560.0 
80.192 561.0 
80.181 562.0 
80.262 563.0 
80.192 564.0 
80.087 565.0 
80.274 566.0 
80.251 567.0 
80.122 568.0 
80.145 569.0 
80.145 570.0 
80.286 571.0 
80.169 572.0 
80.122 573.0 
80.204 574.0 
80.157 575.0 
80.648 576.0 
80.181 577.0 
80.169 578.0 
80.227 579.0 
80.204 580.0 
80.321 581.0 
80.227 582.0 
80.297 583.0 
80.239 584.0 
79.748 585.0 
80.286 586.0 
80.192 587.0 
80.239 588.0 
80.157 589.0 
80.251 590.0 
80.192 591.0 
80.262 592.0 
80.169 593.0 
80.262 594.0 
80.192 595.0 
80.181 596.0 
80.145 597.0 
80.262 598.0 
80.192 599.0 
80.251 600.0 
80.332 601.0 
80.216 602.0 
80.309 603.0 
80.216 604.0 
80.297 605.0 
80.192 606.0 
80.274 607.0 
80.157 608.0 
80.204 609.0 
80.297 610.0 
80.216 611.0 
80.286 612.0 
80.192 613.0 
80.251 614.0 
80.134 615.0 
80.216 616.0 
80.274 617.0 
80.122 618.0 
80.251 619.0 
80.029 620.0 
80.181 621.0 
80.251 622.0 
80.157 623.0 
80.216 624.0 
80.309 625.0 
80.192 626.0 
80.262 627.0 
80.332 628.0 
80.157 629.0 
80.204 630.0 
80.309 631.0 
80.192 632.0 
80.239 633.0 
80.508 634.0 
80.192 635.0 
80.239 636.0 
80.309 637.0 
80.192 638.0 
80.251 639.0 
80.297 640.0 
80.181 641.0 
80.145 642.0 
80.274 643.0 
80.145 644.0 
80.157 645.0 
80.251 646.0 
80.356 647.0 
80.181 648.0 
80.227 649.0 
80.262 650.0 
80.122 651.0 
80.099 652.0 
80.216 653.0 
80.274 654.0 
80.122 655.0 
80.192 656.0 
80.216 657.0 
80.297 658.0 
80.204 659.0 
80.239 660.0 
80.297 661.0 
80.274 662.0 
80.134 663.0 
80.216 664.0 
80.251 665.0 
80.321 666.0 
80.181 667.0 
80.204 668.0 
80.262 669.0 
80.274 670.0 
80.122 671.0 
80.157 672.0 
80.216 673.0 
80.251 674.0 
80.227 675.0 
80.134 676.0 
80.157 677.0 
80.204 678.0 
80.286 679.0 
80.286 680.0 
80.134 681.0 
80.169 682.0 
80.227 683.0 
80.262 684.0 
80.192 685.0 
80.321 686.0 
80.087 687.0 
80.192 688.0 
80.216 689.0 
80.216 690.0 
80.286 691.0 
80.309 692.0 
80.169 693.0 
80.157 694.0 
80.181 695.0 
80.251 696.0 
80.169 697.0 
80.297 698.0 
80.052 699.0 
80.134 700.0 
80.169 701.0 
80.227 702.0 
80.216 703.0 
80.262 704.0 
80.262 705.0 
80.321 706.0 
80.134 707.0 
80.192 708.0 
80.169 709.0 
80.216 710.0 
80.227 711.0 
80.251 712.0 
80.274 713.0 
80.274 714.0 
80.11 715.0 
80.134 716.0 
80.099 717.0 
80.157 718.0 
80.216 719.0 
80.216 720.0 
80.227 721.0 
80.239 722.0 
80.274 723.0 
80.297 724.0 
80.321 725.0 
80.145 726.0 
80.157 727.0 
80.192 728.0 
80.192 729.0 
80.181 730.0 
80.227 731.0 
80.204 732.0 
80.251 733.0 
80.274 734.0 
80.262 735.0 
80.297 736.0 
80.286 737.0 
80.297 738.0 
80.075 739.0 
80.134 740.0 
80.122 741.0 
80.169 742.0 
80.134 743.0 
80.169 744.0 
80.145 745.0 
80.169 746.0 
80.157 747.0 
80.181 748.0 
80.145 749.0 
80.169 750.0 
80.204 751.0 
80.204 752.0 
80.204 753.0 
80.204 754.0 
80.181 755.0 
80.204 756.0 
80.239 757.0 
80.216 758.0 
80.192 759.0 
80.216 760.0 
80.239 761.0 
80.204 762.0 
80.227 763.0 
80.227 764.0 
80.227 765.0 
80.274 766.0 
80.251 767.0 
80.274 768.0 
80.204 769.0 
80.227 770.0 
80.262 771.0 
80.227 772.0 
80.239 773.0 
80.274 774.0 
80.204 775.0 
80.239 776.0 
80.239 777.0 
80.227 778.0 
80.227 779.0 
80.216 780.0 
80.239 781.0 
80.239 782.0 
80.227 783.0 
80.239 784.0 
80.251 785.0 
80.227 786.0 
80.274 787.0 
80.239 788.0 
80.181 789.0 
80.227 790.0 
80.216 791.0 
80.251 792.0 
80.239 793.0 
80.216 794.0 
80.216 795.0 
80.239 796.0 
80.216 797.0 
80.227 798.0 
80.227 799.0 
80.262 800.0 
80.251 801.0 
80.204 802.0 
80.227 803.0 
80.227 804.0 
-0.002 805.0 
0.007 806.0 
0.005 807.0 
0.0 808.0 
-0.011 809.0 
0.007 810.0 
0.008 811.0 
-0.002 812.0 
0.001 813.0 
-0.004 814.0 
0.0 815.0 
-0.005 816.0 
-0.007 817.0 
-0.001 818.0 
-0.014 819.0 
-0.019 820.0 
-0.011 821.0 
-0.011 822.0 
-0.013 823.0 
-0.017 824.0 
-0.02 825.0 
-0.011 826.0 
-0.023 827.0 
-0.025 828.0 
-0.025 829.0 
