-0.047 257.0 
-0.029 258.0 
-0.052 259.0 
-0.055 260.0 
-0.069 261.0 
-0.031 262.0 
-0.023 263.0 
-0.044 264.0 
-0.036 265.0 
-0.093 266.0 
-0.025 267.0 
-0.03 268.0 
-0.03 269.0 
-0.035 270.0 
-0.072 271.0 
-0.037 272.0 
-0.048 273.0 
-0.048 274.0 
781.467 275.0 
776.477 276.0 
774.272 277.0 
769.746 278.0 
766.265 279.0 
763.015 280.0 
760.346 281.0 
758.257 282.0 
755.356 283.0 
752.571 284.0 
751.062 285.0 
749.786 286.0 
749.438 287.0 
748.625 288.0 
747.813 289.0 
746.769 290.0 
744.564 291.0 
743.751 292.0 
743.171 293.0 
743.519 294.0 
740.85 295.0 
740.734 296.0 
741.198 297.0 
738.993 298.0 
738.761 299.0 
739.341 300.0 
737.137 301.0 
737.717 302.0 
735.512 303.0 
736.44 304.0 
736.904 305.0 
735.396 306.0 
735.512 307.0 
734.119 308.0 
734.584 309.0 
732.727 310.0 
733.191 311.0 
731.914 312.0 
732.727 313.0 
731.45 314.0 
731.914 315.0 
731.334 316.0 
732.146 317.0 
730.754 318.0 
731.45 319.0 
730.87 320.0 
725.996 321.0 
730.986 322.0 
730.174 323.0 
730.87 324.0 
730.406 325.0 
731.682 326.0 
730.406 327.0 
729.477 328.0 
730.986 329.0 
729.593 330.0 
729.477 331.0 
729.826 332.0 
730.058 333.0 
729.129 334.0 
733.307 335.0 
729.709 336.0 
729.826 337.0 
728.549 338.0 
730.174 339.0 
729.477 340.0 
729.245 341.0 
729.129 342.0 
730.638 343.0 
729.245 344.0 
729.013 345.0 
728.781 346.0 
728.317 347.0 
729.826 348.0 
729.361 349.0 
728.781 350.0 
728.665 351.0 
728.897 352.0 
728.665 353.0 
725.184 354.0 
729.245 355.0 
728.897 356.0 
729.129 357.0 
728.549 358.0 
729.245 359.0 
729.013 360.0 
729.013 361.0 
728.781 362.0 
729.129 363.0 
727.969 364.0 
728.317 365.0 
728.781 366.0 
729.129 367.0 
728.433 368.0 
728.665 369.0 
728.201 370.0 
728.433 371.0 
729.013 372.0 
729.013 373.0 
729.013 374.0 
729.477 375.0 
731.914 376.0 
727.621 377.0 
728.085 378.0 
728.317 379.0 
728.433 380.0 
728.665 381.0 
729.013 382.0 
728.085 383.0 
728.433 384.0 
728.433 385.0 
729.129 386.0 
727.853 387.0 
728.201 388.0 
728.781 389.0 
728.665 390.0 
728.549 391.0 
728.201 392.0 
729.013 393.0 
727.621 394.0 
728.549 395.0 
729.129 396.0 
727.969 397.0 
728.433 398.0 
727.505 399.0 
728.085 400.0 
729.013 401.0 
728.549 402.0 
729.477 403.0 
728.549 404.0 
728.433 405.0 
727.853 406.0 
728.549 407.0 
728.433 408.0 
728.317 409.0 
727.389 410.0 
728.201 411.0 
728.433 412.0 
729.245 413.0 
728.665 414.0 
727.737 415.0 
728.549 416.0 
727.621 417.0 
729.826 418.0 
728.317 419.0 
727.853 420.0 
728.201 421.0 
728.433 422.0 
728.781 423.0 
728.433 424.0 
728.085 425.0 
728.549 426.0 
728.665 427.0 
728.317 428.0 
728.201 429.0 
727.969 430.0 
728.433 431.0 
729.013 432.0 
728.781 433.0 
727.621 434.0 
728.317 435.0 
728.549 436.0 
729.477 437.0 
727.389 438.0 
728.317 439.0 
727.969 440.0 
727.969 441.0 
728.201 442.0 
728.201 443.0 
728.201 444.0 
727.969 445.0 
727.737 446.0 
729.013 447.0 
729.129 448.0 
728.665 449.0 
730.754 450.0 
727.505 451.0 
727.969 452.0 
727.969 453.0 
727.621 454.0 
728.665 455.0 
728.201 456.0 
728.085 457.0 
727.505 458.0 
728.317 459.0 
729.013 460.0 
728.317 461.0 
728.085 462.0 
729.245 463.0 
728.433 464.0 
728.897 465.0 
729.129 466.0 
728.433 467.0 
727.621 468.0 
728.897 469.0 
727.621 470.0 
728.085 471.0 
728.085 472.0 
729.013 473.0 
728.085 474.0 
729.013 475.0 
728.317 476.0 
727.505 477.0 
728.085 478.0 
727.853 479.0 
728.201 480.0 
729.013 481.0 
728.317 482.0 
729.013 483.0 
727.853 484.0 
728.433 485.0 
727.969 486.0 
727.969 487.0 
728.549 488.0 
728.085 489.0 
727.853 490.0 
728.665 491.0 
728.317 492.0 
727.969 493.0 
728.433 494.0 
728.085 495.0 
727.853 496.0 
727.969 497.0 
727.969 498.0 
727.505 499.0 
727.621 500.0 
728.433 501.0 
728.433 502.0 
727.273 503.0 
727.737 504.0 
727.505 505.0 
727.737 506.0 
725.416 507.0 
728.549 508.0 
727.156 509.0 
727.04 510.0 
727.156 511.0 
727.621 512.0 
727.621 513.0 
727.969 514.0 
727.853 515.0 
727.853 516.0 
727.969 517.0 
726.808 518.0 
726.576 519.0 
726.808 520.0 
727.156 521.0 
726.924 522.0 
727.156 523.0 
727.273 524.0 
727.156 525.0 
726.808 526.0 
726.924 527.0 
726.228 528.0 
726.692 529.0 
726.228 530.0 
726.344 531.0 
727.969 532.0 
727.853 533.0 
727.621 534.0 
727.505 535.0 
727.389 536.0 
727.273 537.0 
726.576 538.0 
726.808 539.0 
726.924 540.0 
728.201 541.0 
727.156 542.0 
727.505 543.0 
727.621 544.0 
726.808 545.0 
726.112 546.0 
727.853 547.0 
727.505 548.0 
727.04 549.0 
726.808 550.0 
727.969 551.0 
727.505 552.0 
727.156 553.0 
726.692 554.0 
726.576 555.0 
727.505 556.0 
726.924 557.0 
726.692 558.0 
723.907 559.0 
727.389 560.0 
726.692 561.0 
725.996 562.0 
727.621 563.0 
727.04 564.0 
725.996 565.0 
727.273 566.0 
726.808 567.0 
726.112 568.0 
727.273 569.0 
726.46 570.0 
727.505 571.0 
726.924 572.0 
726.46 573.0 
726.924 574.0 
726.344 575.0 
727.505 576.0 
726.808 577.0 
726.924 578.0 
727.737 579.0 
727.156 580.0 
728.085 581.0 
727.273 582.0 
727.853 583.0 
727.621 584.0 
728.317 585.0 
727.273 586.0 
726.924 587.0 
727.737 588.0 
727.156 589.0 
727.505 590.0 
726.692 591.0 
727.273 592.0 
726.808 593.0 
727.273 594.0 
726.808 595.0 
727.389 596.0 
726.46 597.0 
727.621 598.0 
726.924 599.0 
727.273 600.0 
728.085 601.0 
727.389 602.0 
728.085 603.0 
727.156 604.0 
727.853 605.0 
726.692 606.0 
727.853 607.0 
727.04 608.0 
726.924 609.0 
727.737 610.0 
727.04 611.0 
727.621 612.0 
726.924 613.0 
727.621 614.0 
726.576 615.0 
727.273 616.0 
727.853 617.0 
726.576 618.0 
727.505 619.0 
723.443 620.0 
727.156 621.0 
727.505 622.0 
726.576 623.0 
727.389 624.0 
728.085 625.0 
726.808 626.0 
727.505 627.0 
728.201 628.0 
726.808 629.0 
727.156 630.0 
727.853 631.0 
726.46 632.0 
727.621 633.0 
728.201 634.0 
726.808 635.0 
727.505 636.0 
727.853 637.0 
726.576 638.0 
727.156 639.0 
728.201 640.0 
726.924 641.0 
727.389 642.0 
727.621 643.0 
726.576 644.0 
727.156 645.0 
727.505 646.0 
727.969 647.0 
726.924 648.0 
727.04 649.0 
727.389 650.0 
726.344 651.0 
727.04 652.0 
727.04 653.0 
727.621 654.0 
726.112 655.0 
726.924 656.0 
727.273 657.0 
727.621 658.0 
726.692 659.0 
727.505 660.0 
727.969 661.0 
728.085 662.0 
726.808 663.0 
727.273 664.0 
727.621 665.0 
728.317 666.0 
726.692 667.0 
727.273 668.0 
727.505 669.0 
727.853 670.0 
726.344 671.0 
727.04 672.0 
727.04 673.0 
727.389 674.0 
727.853 675.0 
726.692 676.0 
727.04 677.0 
727.156 678.0 
727.273 679.0 
728.085 680.0 
726.692 681.0 
726.46 682.0 
727.389 683.0 
727.505 684.0 
727.969 685.0 
728.317 686.0 
726.344 687.0 
726.924 688.0 
727.273 689.0 
727.273 690.0 
727.737 691.0 
727.969 692.0 
726.344 693.0 
726.692 694.0 
727.04 695.0 
727.273 696.0 
727.853 697.0 
727.04 698.0 
724.371 699.0 
726.576 700.0 
726.576 701.0 
727.04 702.0 
727.389 703.0 
727.621 704.0 
727.969 705.0 
728.085 706.0 
726.692 707.0 
726.808 708.0 
727.04 709.0 
727.04 710.0 
727.04 711.0 
727.621 712.0 
727.621 713.0 
728.201 714.0 
728.317 715.0 
726.692 716.0 
726.46 717.0 
726.808 718.0 
726.924 719.0 
727.156 720.0 
727.621 721.0 
727.621 722.0 
727.621 723.0 
728.085 724.0 
727.969 725.0 
726.924 726.0 
726.576 727.0 
727.04 728.0 
727.04 729.0 
727.04 730.0 
726.924 731.0 
727.273 732.0 
727.505 733.0 
727.273 734.0 
727.737 735.0 
728.085 736.0 
727.853 737.0 
727.853 738.0 
722.398 739.0 
726.46 740.0 
726.344 741.0 
726.344 742.0 
726.692 743.0 
726.808 744.0 
726.924 745.0 
726.692 746.0 
727.04 747.0 
727.273 748.0 
727.156 749.0 
727.04 750.0 
726.924 751.0 
727.156 752.0 
727.156 753.0 
727.04 754.0 
727.04 755.0 
727.156 756.0 
727.04 757.0 
727.273 758.0 
727.273 759.0 
727.505 760.0 
727.737 761.0 
727.505 762.0 
727.505 763.0 
727.156 764.0 
727.505 765.0 
727.156 766.0 
727.621 767.0 
727.737 768.0 
727.505 769.0 
727.505 770.0 
727.273 771.0 
727.505 772.0 
727.273 773.0 
727.273 774.0 
727.273 775.0 
727.505 776.0 
727.273 777.0 
727.621 778.0 
727.273 779.0 
727.505 780.0 
727.505 781.0 
727.621 782.0 
727.389 783.0 
727.505 784.0 
727.273 785.0 
727.04 786.0 
727.273 787.0 
727.505 788.0 
727.621 789.0 
727.273 790.0 
727.505 791.0 
727.389 792.0 
727.156 793.0 
727.04 794.0 
727.04 795.0 
727.04 796.0 
727.273 797.0 
727.04 798.0 
727.156 799.0 
727.389 800.0 
727.273 801.0 
727.273 802.0 
727.04 803.0 
727.156 804.0 
0.098 805.0 
0.102 806.0 
0.086 807.0 
0.078 808.0 
0.034 809.0 
-0.028 810.0 
-0.09 811.0 
-0.145 812.0 
-0.218 813.0 
-0.267 814.0 
-0.318 815.0 
-0.351 816.0 
-0.385 817.0 
-0.405 818.0 
-0.412 819.0 
-0.424 820.0 
-0.425 821.0 
-0.405 822.0 
-0.388 823.0 
-0.364 824.0 
-0.337 825.0 
-0.3 826.0 
-0.277 827.0 
-0.22 828.0 
-0.194 829.0 
