-0.023 257.0 
-0.012 258.0 
-0.09 259.0 
-0.041 260.0 
-0.037 261.0 
-0.048 262.0 
-0.034 263.0 
-0.046 264.0 
-0.042 265.0 
-0.032 266.0 
-0.024 267.0 
-0.03 268.0 
-0.025 269.0 
-0.023 270.0 
-0.026 271.0 
-0.011 272.0 
-0.007 273.0 
-0.046 274.0 
145.703 275.0 
142.737 276.0 
141.744 277.0 
140.307 278.0 
138.707 279.0 
136.663 280.0 
134.853 281.0 
132.599 282.0 
129.55 283.0 
128.195 284.0 
127.763 285.0 
127.343 286.0 
127.144 287.0 
126.794 288.0 
126.479 289.0 
125.778 290.0 
125.614 291.0 
125.346 292.0 
125.17 293.0 
125.089 294.0 
124.47 295.0 
124.283 296.0 
124.259 297.0 
123.664 298.0 
123.5 299.0 
123.442 300.0 
122.858 301.0 
122.776 302.0 
122.262 303.0 
122.227 304.0 
122.099 305.0 
121.491 306.0 
120.195 307.0 
117.812 308.0 
114.939 309.0 
110.98 310.0 
107.067 311.0 
102.746 312.0 
98.868 313.0 
94.476 314.0 
90.54 315.0 
86.803 316.0 
83.416 317.0 
80.554 318.0 
80.402 319.0 
80.192 320.0 
80.029 321.0 
80.04 322.0 
79.912 323.0 
79.947 324.0 
79.9 325.0 
79.854 326.0 
79.912 327.0 
79.842 328.0 
80.005 329.0 
79.924 330.0 
79.9 331.0 
80.192 332.0 
79.935 333.0 
79.854 334.0 
79.877 335.0 
79.924 336.0 
79.912 337.0 
79.807 338.0 
79.947 339.0 
79.912 340.0 
79.865 341.0 
79.83 342.0 
79.55 343.0 
79.865 344.0 
79.889 345.0 
79.842 346.0 
79.83 347.0 
79.947 348.0 
79.924 349.0 
79.865 350.0 
79.889 351.0 
79.912 352.0 
79.854 353.0 
79.783 354.0 
79.935 355.0 
79.877 356.0 
79.947 357.0 
79.865 358.0 
79.947 359.0 
79.865 360.0 
79.924 361.0 
79.854 362.0 
79.865 363.0 
79.83 364.0 
79.854 365.0 
79.877 366.0 
79.889 367.0 
79.83 368.0 
79.854 369.0 
79.889 370.0 
79.912 371.0 
79.912 372.0 
79.935 373.0 
79.959 374.0 
79.924 375.0 
80.216 376.0 
79.795 377.0 
79.83 378.0 
79.842 379.0 
79.865 380.0 
79.842 381.0 
79.97 382.0 
79.842 383.0 
79.854 384.0 
79.818 385.0 
79.947 386.0 
79.83 387.0 
79.83 388.0 
79.9 389.0 
79.865 390.0 
79.865 391.0 
79.83 392.0 
79.97 393.0 
79.76 394.0 
79.865 395.0 
79.97 396.0 
79.818 397.0 
79.9 398.0 
79.725 399.0 
79.807 400.0 
79.9 401.0 
79.912 402.0 
79.982 403.0 
79.912 404.0 
79.854 405.0 
79.795 406.0 
79.877 407.0 
79.842 408.0 
79.9 409.0 
79.818 410.0 
79.854 411.0 
79.935 412.0 
80.344 413.0 
79.9 414.0 
79.842 415.0 
79.865 416.0 
79.818 417.0 
79.959 418.0 
79.877 419.0 
79.795 420.0 
79.854 421.0 
79.9 422.0 
79.924 423.0 
79.865 424.0 
79.842 425.0 
79.889 426.0 
79.912 427.0 
79.818 428.0 
79.842 429.0 
79.795 430.0 
79.889 431.0 
79.912 432.0 
79.924 433.0 
79.783 434.0 
79.795 435.0 
79.854 436.0 
79.924 437.0 
79.807 438.0 
79.795 439.0 
79.818 440.0 
79.795 441.0 
79.83 442.0 
79.854 443.0 
79.83 444.0 
79.807 445.0 
79.807 446.0 
79.912 447.0 
79.912 448.0 
79.9 449.0 
80.216 450.0 
79.865 451.0 
79.854 452.0 
79.818 453.0 
79.748 454.0 
79.877 455.0 
79.865 456.0 
79.818 457.0 
79.76 458.0 
79.912 459.0 
79.889 460.0 
79.83 461.0 
79.842 462.0 
79.935 463.0 
79.877 464.0 
79.83 465.0 
79.924 466.0 
79.865 467.0 
79.795 468.0 
79.854 469.0 
79.842 470.0 
79.807 471.0 
79.865 472.0 
79.783 473.0 
79.83 474.0 
79.9 475.0 
79.842 476.0 
79.807 477.0 
79.854 478.0 
79.748 479.0 
79.865 480.0 
79.924 481.0 
79.83 482.0 
79.924 483.0 
79.83 484.0 
79.9 485.0 
79.818 486.0 
79.807 487.0 
79.912 488.0 
79.83 489.0 
79.854 490.0 
79.912 491.0 
79.865 492.0 
79.854 493.0 
79.889 494.0 
79.795 495.0 
79.748 496.0 
79.854 497.0 
79.912 498.0 
79.772 499.0 
79.795 500.0 
79.842 501.0 
79.877 502.0 
79.737 503.0 
79.795 504.0 
79.807 505.0 
79.854 506.0 
79.783 507.0 
79.9 508.0 
79.783 509.0 
79.783 510.0 
79.807 511.0 
79.83 512.0 
79.865 513.0 
79.854 514.0 
79.842 515.0 
79.842 516.0 
79.854 517.0 
79.632 518.0 
79.702 519.0 
79.725 520.0 
79.748 521.0 
79.725 522.0 
79.76 523.0 
79.737 524.0 
79.748 525.0 
79.76 526.0 
79.737 527.0 
79.608 528.0 
79.655 529.0 
79.632 530.0 
79.678 531.0 
79.83 532.0 
79.76 533.0 
79.713 534.0 
79.737 535.0 
79.655 536.0 
79.62 537.0 
79.503 538.0 
79.515 539.0 
79.515 540.0 
79.597 541.0 
79.515 542.0 
79.538 543.0 
79.503 544.0 
79.445 545.0 
79.41 546.0 
79.515 547.0 
79.445 548.0 
79.421 549.0 
79.386 550.0 
79.328 551.0 
79.456 552.0 
79.386 553.0 
79.328 554.0 
79.305 555.0 
79.433 556.0 
79.398 557.0 
79.375 558.0 
79.048 559.0 
79.398 560.0 
79.328 561.0 
79.293 562.0 
79.375 563.0 
79.316 564.0 
79.258 565.0 
79.41 566.0 
79.421 567.0 
79.281 568.0 
79.375 569.0 
79.328 570.0 
79.445 571.0 
79.375 572.0 
79.293 573.0 
79.34 574.0 
79.328 575.0 
79.421 576.0 
79.328 577.0 
79.328 578.0 
79.421 579.0 
79.351 580.0 
79.468 581.0 
79.375 582.0 
79.456 583.0 
79.386 584.0 
79.515 585.0 
79.421 586.0 
79.351 587.0 
79.445 588.0 
79.34 589.0 
79.41 590.0 
79.328 591.0 
79.421 592.0 
79.351 593.0 
79.363 594.0 
79.328 595.0 
79.363 596.0 
79.34 597.0 
79.41 598.0 
79.34 599.0 
79.386 600.0 
79.515 601.0 
79.363 602.0 
79.491 603.0 
79.375 604.0 
79.456 605.0 
79.351 606.0 
79.386 607.0 
79.34 608.0 
79.386 609.0 
79.491 610.0 
79.398 611.0 
79.445 612.0 
79.316 613.0 
79.421 614.0 
79.305 615.0 
79.375 616.0 
79.41 617.0 
79.246 618.0 
79.41 619.0 
79.118 620.0 
79.375 621.0 
79.41 622.0 
79.316 623.0 
79.386 624.0 
79.491 625.0 
79.328 626.0 
79.421 627.0 
79.433 628.0 
79.386 629.0 
79.41 630.0 
79.468 631.0 
79.305 632.0 
79.433 633.0 
79.468 634.0 
79.34 635.0 
79.375 636.0 
79.433 637.0 
79.34 638.0 
79.386 639.0 
79.456 640.0 
79.328 641.0 
79.305 642.0 
79.41 643.0 
79.316 644.0 
79.351 645.0 
79.41 646.0 
79.491 647.0 
79.351 648.0 
79.34 649.0 
79.433 650.0 
79.328 651.0 
79.328 652.0 
79.398 653.0 
79.468 654.0 
79.328 655.0 
79.386 656.0 
79.363 657.0 
79.445 658.0 
79.351 659.0 
79.398 660.0 
79.41 661.0 
79.468 662.0 
79.316 663.0 
79.351 664.0 
79.433 665.0 
79.433 666.0 
79.351 667.0 
79.328 668.0 
79.421 669.0 
79.456 670.0 
79.305 671.0 
79.363 672.0 
79.41 673.0 
79.421 674.0 
79.445 675.0 
79.281 676.0 
79.34 677.0 
79.363 678.0 
79.375 679.0 
79.468 680.0 
79.305 681.0 
79.305 682.0 
79.351 683.0 
79.433 684.0 
79.445 685.0 
79.491 686.0 
79.305 687.0 
79.351 688.0 
79.398 689.0 
79.41 690.0 
79.468 691.0 
79.456 692.0 
79.293 693.0 
79.351 694.0 
79.305 695.0 
79.386 696.0 
79.398 697.0 
79.456 698.0 
79.199 699.0 
79.281 700.0 
79.375 701.0 
79.34 702.0 
79.375 703.0 
79.421 704.0 
79.386 705.0 
79.445 706.0 
79.316 707.0 
79.351 708.0 
79.363 709.0 
79.351 710.0 
79.433 711.0 
79.41 712.0 
79.445 713.0 
79.445 714.0 
79.328 715.0 
79.316 716.0 
79.316 717.0 
79.363 718.0 
79.34 719.0 
79.363 720.0 
79.41 721.0 
79.398 722.0 
79.421 723.0 
79.456 724.0 
79.48 725.0 
79.305 726.0 
79.34 727.0 
79.351 728.0 
79.316 729.0 
79.351 730.0 
79.398 731.0 
79.386 732.0 
79.421 733.0 
79.433 734.0 
79.433 735.0 
79.386 736.0 
79.445 737.0 
79.456 738.0 
79.164 739.0 
79.281 740.0 
79.27 741.0 
79.258 742.0 
79.27 743.0 
79.305 744.0 
79.316 745.0 
79.34 746.0 
79.316 747.0 
79.328 748.0 
79.316 749.0 
79.351 750.0 
79.351 751.0 
79.375 752.0 
79.375 753.0 
79.328 754.0 
79.34 755.0 
79.363 756.0 
79.363 757.0 
79.375 758.0 
79.363 759.0 
79.41 760.0 
79.363 761.0 
79.398 762.0 
79.375 763.0 
79.398 764.0 
79.398 765.0 
79.398 766.0 
79.398 767.0 
79.386 768.0 
79.386 769.0 
79.375 770.0 
79.421 771.0 
79.41 772.0 
79.421 773.0 
79.363 774.0 
79.375 775.0 
79.41 776.0 
79.375 777.0 
79.363 778.0 
79.421 779.0 
79.375 780.0 
79.386 781.0 
79.386 782.0 
79.386 783.0 
79.386 784.0 
79.398 785.0 
79.386 786.0 
79.363 787.0 
79.386 788.0 
79.421 789.0 
79.398 790.0 
79.375 791.0 
79.398 792.0 
79.433 793.0 
79.386 794.0 
79.375 795.0 
79.375 796.0 
79.363 797.0 
79.386 798.0 
79.386 799.0 
79.375 800.0 
79.386 801.0 
79.386 802.0 
79.375 803.0 
79.375 804.0 
0.0 805.0 
0.006 806.0 
0.01 807.0 
0.007 808.0 
0.006 809.0 
0.0 810.0 
0.0 811.0 
0.001 812.0 
-0.005 813.0 
-0.011 814.0 
-0.017 815.0 
-0.014 816.0 
-0.01 817.0 
-0.023 818.0 
-0.017 819.0 
-0.019 820.0 
-0.023 821.0 
-0.031 822.0 
-0.03 823.0 
-0.03 824.0 
-0.047 825.0 
-0.036 826.0 
-0.034 827.0 
-0.029 828.0 
-0.028 829.0 
