-0.035 257.0 
-0.062 258.0 
-0.075 259.0 
-0.044 260.0 
-0.028 261.0 
-0.055 262.0 
-0.043 263.0 
-0.061 264.0 
-0.006 265.0 
-0.031 266.0 
-0.024 267.0 
-0.056 268.0 
-0.055 269.0 
-0.061 270.0 
-0.04 271.0 
-0.035 272.0 
-0.052 273.0 
-0.032 274.0 
140.693 275.0 
137.808 276.0 
136.827 277.0 
135.308 278.0 
133.405 279.0 
130.847 280.0 
128.873 281.0 
126.49 282.0 
122.823 283.0 
121.234 284.0 
120.931 285.0 
120.72 286.0 
120.627 287.0 
120.428 288.0 
120.218 289.0 
119.658 290.0 
119.552 291.0 
119.401 292.0 
119.214 293.0 
118.957 294.0 
118.606 295.0 
118.536 296.0 
118.49 297.0 
118.046 298.0 
117.871 299.0 
117.789 300.0 
117.217 301.0 
117.135 302.0 
116.621 303.0 
116.492 304.0 
116.271 305.0 
115.605 306.0 
114.332 307.0 
112.019 308.0 
109.368 309.0 
105.969 310.0 
102.477 311.0 
98.494 312.0 
94.617 313.0 
90.19 314.0 
86.359 315.0 
82.178 316.0 
78.592 317.0 
75.742 318.0 
75.637 319.0 
75.462 320.0 
75.298 321.0 
75.369 322.0 
75.252 323.0 
75.263 324.0 
75.24 325.0 
75.158 326.0 
75.228 327.0 
75.158 328.0 
75.894 329.0 
75.252 330.0 
75.182 331.0 
75.497 332.0 
75.275 333.0 
75.182 334.0 
75.24 335.0 
75.228 336.0 
75.252 337.0 
75.193 338.0 
75.439 339.0 
75.217 340.0 
75.205 341.0 
75.217 342.0 
75.31 343.0 
75.182 344.0 
75.182 345.0 
75.182 346.0 
75.1 347.0 
75.205 348.0 
75.205 349.0 
75.228 350.0 
75.158 351.0 
75.228 352.0 
75.193 353.0 
75.1 354.0 
75.135 355.0 
75.217 356.0 
75.287 357.0 
75.205 358.0 
75.298 359.0 
75.252 360.0 
75.275 361.0 
75.193 362.0 
75.263 363.0 
75.158 364.0 
75.193 365.0 
75.228 366.0 
75.217 367.0 
75.182 368.0 
75.193 369.0 
75.182 370.0 
75.24 371.0 
75.205 372.0 
75.275 373.0 
75.275 374.0 
75.298 375.0 
75.614 376.0 
75.123 377.0 
75.193 378.0 
75.205 379.0 
75.205 380.0 
75.193 381.0 
75.31 382.0 
75.182 383.0 
75.205 384.0 
75.135 385.0 
75.287 386.0 
75.17 387.0 
75.135 388.0 
75.217 389.0 
75.217 390.0 
75.193 391.0 
75.182 392.0 
75.252 393.0 
75.147 394.0 
75.24 395.0 
75.298 396.0 
75.158 397.0 
75.228 398.0 
75.112 399.0 
75.147 400.0 
75.287 401.0 
75.263 402.0 
75.322 403.0 
75.228 404.0 
75.135 405.0 
75.158 406.0 
75.217 407.0 
75.182 408.0 
75.217 409.0 
75.1 410.0 
75.182 411.0 
75.228 412.0 
75.719 413.0 
75.263 414.0 
75.158 415.0 
75.228 416.0 
75.17 417.0 
75.252 418.0 
75.263 419.0 
75.158 420.0 
75.24 421.0 
75.228 422.0 
75.24 423.0 
75.182 424.0 
75.193 425.0 
75.228 426.0 
75.24 427.0 
75.147 428.0 
75.17 429.0 
75.135 430.0 
75.252 431.0 
75.217 432.0 
75.252 433.0 
75.135 434.0 
75.158 435.0 
75.182 436.0 
75.263 437.0 
75.135 438.0 
75.147 439.0 
75.17 440.0 
75.182 441.0 
75.182 442.0 
75.158 443.0 
75.147 444.0 
75.17 445.0 
75.158 446.0 
75.252 447.0 
75.217 448.0 
75.263 449.0 
75.555 450.0 
75.182 451.0 
75.193 452.0 
75.182 453.0 
75.123 454.0 
75.24 455.0 
74.925 456.0 
75.205 457.0 
75.182 458.0 
75.252 459.0 
75.287 460.0 
75.182 461.0 
75.193 462.0 
75.252 463.0 
75.228 464.0 
75.17 465.0 
75.217 466.0 
75.182 467.0 
75.147 468.0 
75.228 469.0 
75.158 470.0 
75.147 471.0 
75.182 472.0 
75.053 473.0 
75.17 474.0 
75.287 475.0 
75.182 476.0 
75.123 477.0 
75.205 478.0 
75.088 479.0 
75.182 480.0 
75.275 481.0 
75.228 482.0 
75.205 483.0 
75.193 484.0 
75.217 485.0 
75.1 486.0 
75.182 487.0 
75.252 488.0 
75.123 489.0 
75.182 490.0 
75.217 491.0 
75.158 492.0 
75.193 493.0 
75.24 494.0 
75.147 495.0 
75.17 496.0 
75.228 497.0 
75.263 498.0 
75.123 499.0 
75.158 500.0 
75.205 501.0 
75.24 502.0 
75.112 503.0 
75.123 504.0 
75.158 505.0 
75.182 506.0 
75.053 507.0 
75.322 508.0 
75.088 509.0 
75.158 510.0 
75.158 511.0 
75.135 512.0 
75.158 513.0 
75.217 514.0 
75.205 515.0 
75.112 516.0 
75.59 517.0 
75.065 518.0 
75.088 519.0 
75.1 520.0 
75.065 521.0 
75.088 522.0 
75.1 523.0 
75.053 524.0 
75.065 525.0 
75.041 526.0 
75.077 527.0 
74.995 528.0 
75.018 529.0 
74.983 530.0 
75.006 531.0 
75.135 532.0 
75.135 533.0 
75.088 534.0 
75.077 535.0 
75.065 536.0 
75.03 537.0 
74.971 538.0 
74.913 539.0 
74.89 540.0 
75.018 541.0 
74.878 542.0 
74.913 543.0 
74.878 544.0 
74.866 545.0 
74.808 546.0 
74.901 547.0 
74.831 548.0 
74.773 549.0 
74.75 550.0 
74.679 551.0 
74.831 552.0 
74.773 553.0 
74.714 554.0 
74.691 555.0 
74.82 556.0 
74.785 557.0 
74.703 558.0 
74.399 559.0 
74.785 560.0 
74.714 561.0 
74.691 562.0 
74.796 563.0 
74.668 564.0 
74.644 565.0 
74.761 566.0 
74.75 567.0 
74.644 568.0 
74.703 569.0 
74.703 570.0 
74.808 571.0 
74.761 572.0 
74.656 573.0 
74.773 574.0 
74.726 575.0 
75.123 576.0 
74.773 577.0 
74.726 578.0 
74.831 579.0 
74.761 580.0 
74.866 581.0 
74.796 582.0 
74.855 583.0 
74.796 584.0 
74.469 585.0 
74.82 586.0 
74.726 587.0 
74.82 588.0 
74.726 589.0 
74.785 590.0 
74.726 591.0 
74.808 592.0 
74.714 593.0 
74.796 594.0 
74.726 595.0 
74.796 596.0 
74.738 597.0 
74.761 598.0 
74.703 599.0 
74.785 600.0 
74.878 601.0 
74.773 602.0 
74.855 603.0 
74.785 604.0 
74.808 605.0 
74.738 606.0 
74.808 607.0 
74.691 608.0 
74.785 609.0 
74.878 610.0 
74.75 611.0 
74.855 612.0 
74.726 613.0 
74.785 614.0 
74.679 615.0 
74.691 616.0 
74.843 617.0 
74.703 618.0 
74.796 619.0 
74.469 620.0 
74.738 621.0 
74.843 622.0 
74.75 623.0 
74.773 624.0 
74.808 625.0 
74.726 626.0 
74.808 627.0 
74.855 628.0 
74.726 629.0 
74.773 630.0 
74.831 631.0 
74.703 632.0 
74.796 633.0 
75.088 634.0 
74.75 635.0 
74.773 636.0 
74.843 637.0 
74.726 638.0 
74.714 639.0 
74.843 640.0 
74.75 641.0 
74.726 642.0 
74.82 643.0 
74.679 644.0 
74.691 645.0 
74.785 646.0 
74.831 647.0 
74.714 648.0 
74.75 649.0 
74.796 650.0 
74.679 651.0 
74.644 652.0 
74.773 653.0 
74.831 654.0 
74.714 655.0 
74.726 656.0 
74.785 657.0 
74.831 658.0 
74.714 659.0 
74.761 660.0 
74.843 661.0 
74.785 662.0 
74.726 663.0 
74.773 664.0 
74.82 665.0 
74.855 666.0 
74.726 667.0 
74.75 668.0 
74.785 669.0 
74.831 670.0 
74.714 671.0 
74.714 672.0 
74.75 673.0 
74.82 674.0 
74.796 675.0 
74.679 676.0 
74.75 677.0 
74.761 678.0 
74.808 679.0 
74.843 680.0 
74.738 681.0 
74.714 682.0 
74.75 683.0 
74.785 684.0 
74.808 685.0 
74.855 686.0 
74.679 687.0 
74.726 688.0 
74.738 689.0 
74.796 690.0 
74.785 691.0 
74.843 692.0 
74.691 693.0 
74.738 694.0 
74.738 695.0 
74.773 696.0 
74.773 697.0 
74.831 698.0 
74.633 699.0 
74.703 700.0 
74.738 701.0 
74.75 702.0 
74.773 703.0 
74.831 704.0 
74.773 705.0 
74.82 706.0 
74.691 707.0 
74.691 708.0 
74.714 709.0 
74.738 710.0 
74.773 711.0 
74.808 712.0 
74.831 713.0 
74.831 714.0 
74.633 715.0 
74.703 716.0 
74.609 717.0 
74.714 718.0 
74.738 719.0 
74.761 720.0 
74.785 721.0 
74.82 722.0 
74.808 723.0 
74.843 724.0 
74.843 725.0 
74.668 726.0 
74.703 727.0 
74.691 728.0 
74.679 729.0 
74.75 730.0 
74.761 731.0 
74.773 732.0 
74.75 733.0 
74.785 734.0 
74.843 735.0 
74.738 736.0 
74.843 737.0 
74.831 738.0 
74.644 739.0 
74.714 740.0 
74.656 741.0 
74.714 742.0 
74.679 743.0 
74.691 744.0 
74.703 745.0 
74.714 746.0 
74.703 747.0 
74.714 748.0 
74.714 749.0 
74.75 750.0 
74.75 751.0 
74.738 752.0 
74.714 753.0 
74.726 754.0 
74.761 755.0 
74.785 756.0 
74.785 757.0 
74.738 758.0 
74.75 759.0 
74.761 760.0 
74.773 761.0 
74.796 762.0 
74.773 763.0 
74.773 764.0 
74.785 765.0 
74.785 766.0 
74.761 767.0 
74.773 768.0 
74.785 769.0 
74.761 770.0 
74.773 771.0 
74.738 772.0 
74.796 773.0 
74.773 774.0 
74.785 775.0 
74.796 776.0 
74.808 777.0 
74.761 778.0 
74.773 779.0 
74.785 780.0 
74.785 781.0 
74.796 782.0 
74.785 783.0 
74.773 784.0 
74.738 785.0 
74.773 786.0 
74.785 787.0 
74.785 788.0 
74.785 789.0 
74.796 790.0 
74.761 791.0 
74.75 792.0 
74.796 793.0 
74.761 794.0 
74.773 795.0 
74.808 796.0 
74.82 797.0 
74.773 798.0 
74.75 799.0 
74.773 800.0 
74.785 801.0 
74.808 802.0 
74.785 803.0 
74.761 804.0 
0.005 805.0 
0.01 806.0 
0.006 807.0 
0.001 808.0 
-0.008 809.0 
-0.007 810.0 
-0.013 811.0 
-0.014 812.0 
-0.019 813.0 
-0.022 814.0 
-0.022 815.0 
-0.029 816.0 
-0.032 817.0 
-0.037 818.0 
-0.041 819.0 
-0.038 820.0 
-0.031 821.0 
-0.029 822.0 
-0.042 823.0 
-0.052 824.0 
-0.046 825.0 
-0.04 826.0 
-0.036 827.0 
-0.032 828.0 
-0.042 829.0 
