-0.032 257.0 
-0.037 258.0 
-0.05 259.0 
-0.069 260.0 
-0.034 261.0 
-0.025 262.0 
-0.032 263.0 
-0.044 264.0 
-0.04 265.0 
-0.053 266.0 
-0.046 267.0 
-0.05 268.0 
-0.043 269.0 
-0.059 270.0 
-0.038 271.0 
-0.036 272.0 
-0.042 273.0 
-0.043 274.0 
137.633 275.0 
135.74 276.0 
134.935 277.0 
133.626 278.0 
132.213 279.0 
130.239 280.0 
128.452 281.0 
126.151 282.0 
122.554 283.0 
121.071 284.0 
120.779 285.0 
120.569 286.0 
120.557 287.0 
120.37 288.0 
120.136 289.0 
119.576 290.0 
119.447 291.0 
119.331 292.0 
119.214 293.0 
118.875 294.0 
118.7 295.0 
118.63 296.0 
118.595 297.0 
118.128 298.0 
117.999 299.0 
117.777 300.0 
117.474 301.0 
117.438 302.0 
116.936 303.0 
116.878 304.0 
117.006 305.0 
116.165 306.0 
114.986 307.0 
112.872 308.0 
110.326 309.0 
106.868 310.0 
103.481 311.0 
99.545 312.0 
95.504 313.0 
91.311 314.0 
87.235 315.0 
83.159 316.0 
79.491 317.0 
76.77 318.0 
76.653 319.0 
76.431 320.0 
76.291 321.0 
76.291 322.0 
76.221 323.0 
76.245 324.0 
76.221 325.0 
76.104 326.0 
76.186 327.0 
76.163 328.0 
76.396 329.0 
76.233 330.0 
76.209 331.0 
76.501 332.0 
76.268 333.0 
76.174 334.0 
76.151 335.0 
76.268 336.0 
76.256 337.0 
76.151 338.0 
76.42 339.0 
76.186 340.0 
76.209 341.0 
76.163 342.0 
76.291 343.0 
76.163 344.0 
76.198 345.0 
76.128 346.0 
76.104 347.0 
76.139 348.0 
76.256 349.0 
76.198 350.0 
76.186 351.0 
76.245 352.0 
76.174 353.0 
76.116 354.0 
76.093 355.0 
76.209 356.0 
76.28 357.0 
76.198 358.0 
76.268 359.0 
76.174 360.0 
76.209 361.0 
76.163 362.0 
76.174 363.0 
76.116 364.0 
76.139 365.0 
76.198 366.0 
76.174 367.0 
76.116 368.0 
76.163 369.0 
76.198 370.0 
76.198 371.0 
76.221 372.0 
76.245 373.0 
76.233 374.0 
76.268 375.0 
76.49 376.0 
76.128 377.0 
76.151 378.0 
76.186 379.0 
76.186 380.0 
76.209 381.0 
76.245 382.0 
76.174 383.0 
76.151 384.0 
76.163 385.0 
76.233 386.0 
76.116 387.0 
76.116 388.0 
76.198 389.0 
76.209 390.0 
76.198 391.0 
76.174 392.0 
76.256 393.0 
76.116 394.0 
76.186 395.0 
76.245 396.0 
76.151 397.0 
76.209 398.0 
76.093 399.0 
76.116 400.0 
76.245 401.0 
76.221 402.0 
76.291 403.0 
76.198 404.0 
76.186 405.0 
76.116 406.0 
76.163 407.0 
76.128 408.0 
76.163 409.0 
76.139 410.0 
76.174 411.0 
76.245 412.0 
76.583 413.0 
76.245 414.0 
76.139 415.0 
76.198 416.0 
76.128 417.0 
76.245 418.0 
76.198 419.0 
76.104 420.0 
76.128 421.0 
76.221 422.0 
76.256 423.0 
76.139 424.0 
76.174 425.0 
76.209 426.0 
76.198 427.0 
76.139 428.0 
76.186 429.0 
76.174 430.0 
76.233 431.0 
76.245 432.0 
76.245 433.0 
76.104 434.0 
76.128 435.0 
76.174 436.0 
76.209 437.0 
76.128 438.0 
76.116 439.0 
76.151 440.0 
76.163 441.0 
76.174 442.0 
76.151 443.0 
76.151 444.0 
76.163 445.0 
76.139 446.0 
76.221 447.0 
76.221 448.0 
76.233 449.0 
76.455 450.0 
76.163 451.0 
76.151 452.0 
76.163 453.0 
76.104 454.0 
76.209 455.0 
76.011 456.0 
76.151 457.0 
76.151 458.0 
76.221 459.0 
76.209 460.0 
76.186 461.0 
76.163 462.0 
76.233 463.0 
76.163 464.0 
76.151 465.0 
76.245 466.0 
76.163 467.0 
76.104 468.0 
76.221 469.0 
76.151 470.0 
76.128 471.0 
76.174 472.0 
76.081 473.0 
76.163 474.0 
76.256 475.0 
76.163 476.0 
76.151 477.0 
76.186 478.0 
76.093 479.0 
76.163 480.0 
76.256 481.0 
76.163 482.0 
76.198 483.0 
76.139 484.0 
76.186 485.0 
76.139 486.0 
76.139 487.0 
76.198 488.0 
76.128 489.0 
76.174 490.0 
76.209 491.0 
76.186 492.0 
76.186 493.0 
76.209 494.0 
76.128 495.0 
76.116 496.0 
76.198 497.0 
76.221 498.0 
76.081 499.0 
76.128 500.0 
76.163 501.0 
76.209 502.0 
76.046 503.0 
76.058 504.0 
76.128 505.0 
76.151 506.0 
76.034 507.0 
76.221 508.0 
76.046 509.0 
76.069 510.0 
76.104 511.0 
76.151 512.0 
76.139 513.0 
76.139 514.0 
76.174 515.0 
76.046 516.0 
76.525 517.0 
75.999 518.0 
75.999 519.0 
76.023 520.0 
76.058 521.0 
76.011 522.0 
76.058 523.0 
76.023 524.0 
75.999 525.0 
75.999 526.0 
76.011 527.0 
75.941 528.0 
75.976 529.0 
75.953 530.0 
75.964 531.0 
76.116 532.0 
76.034 533.0 
75.999 534.0 
75.999 535.0 
75.976 536.0 
75.906 537.0 
75.824 538.0 
75.801 539.0 
75.754 540.0 
75.859 541.0 
75.789 542.0 
75.766 543.0 
75.707 544.0 
75.719 545.0 
75.637 546.0 
75.754 547.0 
75.672 548.0 
75.637 549.0 
75.625 550.0 
75.544 551.0 
75.649 552.0 
75.614 553.0 
75.614 554.0 
75.532 555.0 
75.684 556.0 
75.637 557.0 
75.59 558.0 
75.252 559.0 
75.625 560.0 
75.579 561.0 
75.52 562.0 
75.637 563.0 
75.532 564.0 
75.509 565.0 
75.59 566.0 
75.661 567.0 
75.485 568.0 
75.59 569.0 
75.555 570.0 
75.684 571.0 
75.59 572.0 
75.579 573.0 
75.614 574.0 
75.555 575.0 
75.894 576.0 
75.579 577.0 
75.614 578.0 
75.684 579.0 
75.59 580.0 
75.684 581.0 
75.614 582.0 
75.684 583.0 
75.614 584.0 
75.345 585.0 
75.637 586.0 
75.555 587.0 
75.625 588.0 
75.59 589.0 
75.649 590.0 
75.59 591.0 
75.684 592.0 
75.59 593.0 
75.602 594.0 
75.59 595.0 
75.59 596.0 
75.579 597.0 
75.579 598.0 
75.544 599.0 
75.637 600.0 
75.707 601.0 
75.614 602.0 
75.672 603.0 
75.59 604.0 
75.661 605.0 
75.59 606.0 
75.637 607.0 
75.59 608.0 
75.602 609.0 
75.707 610.0 
75.625 611.0 
75.696 612.0 
75.579 613.0 
75.625 614.0 
75.532 615.0 
75.555 616.0 
75.672 617.0 
75.532 618.0 
75.625 619.0 
75.392 620.0 
75.602 621.0 
75.649 622.0 
75.544 623.0 
75.59 624.0 
75.672 625.0 
75.544 626.0 
75.637 627.0 
75.684 628.0 
75.544 629.0 
75.649 630.0 
75.719 631.0 
75.614 632.0 
75.649 633.0 
75.929 634.0 
75.59 635.0 
75.637 636.0 
75.731 637.0 
75.602 638.0 
75.59 639.0 
75.684 640.0 
75.555 641.0 
75.555 642.0 
75.649 643.0 
75.509 644.0 
75.544 645.0 
75.614 646.0 
75.696 647.0 
75.567 648.0 
75.614 649.0 
75.661 650.0 
75.532 651.0 
75.555 652.0 
75.614 653.0 
75.696 654.0 
75.555 655.0 
75.52 656.0 
75.661 657.0 
75.672 658.0 
75.579 659.0 
75.59 660.0 
75.649 661.0 
75.614 662.0 
75.555 663.0 
75.59 664.0 
75.661 665.0 
75.684 666.0 
75.567 667.0 
75.625 668.0 
75.637 669.0 
75.649 670.0 
75.532 671.0 
75.59 672.0 
75.649 673.0 
75.625 674.0 
75.672 675.0 
75.52 676.0 
75.567 677.0 
75.661 678.0 
75.625 679.0 
75.696 680.0 
75.532 681.0 
75.555 682.0 
75.602 683.0 
75.649 684.0 
75.672 685.0 
75.707 686.0 
75.52 687.0 
75.579 688.0 
75.602 689.0 
75.614 690.0 
75.684 691.0 
75.696 692.0 
75.544 693.0 
75.544 694.0 
75.602 695.0 
75.614 696.0 
75.555 697.0 
75.672 698.0 
75.497 699.0 
75.544 700.0 
75.544 701.0 
75.602 702.0 
75.602 703.0 
75.625 704.0 
75.625 705.0 
75.696 706.0 
75.544 707.0 
75.532 708.0 
75.579 709.0 
75.544 710.0 
75.625 711.0 
75.661 712.0 
75.672 713.0 
75.684 714.0 
75.45 715.0 
75.555 716.0 
75.544 717.0 
75.567 718.0 
75.567 719.0 
75.59 720.0 
75.637 721.0 
75.59 722.0 
75.649 723.0 
75.707 724.0 
75.719 725.0 
75.462 726.0 
75.532 727.0 
75.532 728.0 
75.555 729.0 
75.614 730.0 
75.614 731.0 
75.637 732.0 
75.672 733.0 
75.637 734.0 
75.637 735.0 
75.661 736.0 
75.684 737.0 
75.719 738.0 
75.497 739.0 
75.485 740.0 
75.52 741.0 
75.52 742.0 
75.544 743.0 
75.509 744.0 
75.544 745.0 
75.555 746.0 
75.532 747.0 
75.555 748.0 
75.59 749.0 
75.59 750.0 
75.579 751.0 
75.532 752.0 
75.602 753.0 
75.59 754.0 
75.614 755.0 
75.614 756.0 
75.614 757.0 
75.602 758.0 
75.625 759.0 
75.614 760.0 
75.625 761.0 
75.649 762.0 
75.649 763.0 
75.625 764.0 
75.614 765.0 
75.637 766.0 
75.602 767.0 
75.614 768.0 
75.614 769.0 
75.625 770.0 
75.649 771.0 
75.625 772.0 
75.625 773.0 
75.649 774.0 
75.637 775.0 
75.637 776.0 
75.637 777.0 
75.649 778.0 
75.625 779.0 
75.59 780.0 
75.625 781.0 
75.602 782.0 
75.625 783.0 
75.625 784.0 
75.614 785.0 
75.614 786.0 
75.637 787.0 
75.625 788.0 
75.637 789.0 
75.625 790.0 
75.649 791.0 
75.649 792.0 
75.625 793.0 
75.625 794.0 
75.649 795.0 
75.614 796.0 
75.649 797.0 
75.672 798.0 
75.625 799.0 
75.614 800.0 
75.614 801.0 
75.625 802.0 
75.614 803.0 
75.602 804.0 
0.005 805.0 
0.001 806.0 
-0.005 807.0 
0.0 808.0 
-0.005 809.0 
-0.005 810.0 
-0.008 811.0 
-0.013 812.0 
-0.016 813.0 
-0.031 814.0 
-0.034 815.0 
-0.036 816.0 
-0.034 817.0 
-0.036 818.0 
-0.04 819.0 
-0.04 820.0 
-0.048 821.0 
-0.052 822.0 
-0.041 823.0 
-0.049 824.0 
-0.052 825.0 
-0.036 826.0 
-0.035 827.0 
-0.044 828.0 
-0.047 829.0 
