-0.037 257.0 
-0.049 258.0 
-0.048 259.0 
-0.047 260.0 
-0.03 261.0 
-0.038 262.0 
-0.035 263.0 
-0.043 264.0 
-0.028 265.0 
-0.05 266.0 
-0.024 267.0 
-0.05 268.0 
-0.059 269.0 
-0.046 270.0 
-0.03 271.0 
-0.031 272.0 
-0.047 273.0 
-0.046 274.0 
139.782 275.0 
137.341 276.0 
136.371 277.0 
134.806 278.0 
132.891 279.0 
130.38 280.0 
128.347 281.0 
125.404 282.0 
122.122 283.0 
120.592 284.0 
120.277 285.0 
119.985 286.0 
119.786 287.0 
119.529 288.0 
119.249 289.0 
118.641 290.0 
118.49 291.0 
118.314 292.0 
118.128 293.0 
117.625 294.0 
117.509 295.0 
117.357 296.0 
116.971 297.0 
116.819 298.0 
116.598 299.0 
116.247 300.0 
116.049 301.0 
115.885 302.0 
115.324 303.0 
115.208 304.0 
114.74 305.0 
114.192 306.0 
112.79 307.0 
110.197 308.0 
107.382 309.0 
103.715 310.0 
100.118 311.0 
96.404 312.0 
92.561 313.0 
88.707 314.0 
84.981 315.0 
81.477 316.0 
78.195 317.0 
75.544 318.0 
75.427 319.0 
75.24 320.0 
75.088 321.0 
75.123 322.0 
75.041 323.0 
75.065 324.0 
75.018 325.0 
74.925 326.0 
75.018 327.0 
74.948 328.0 
74.971 329.0 
75.041 330.0 
74.948 331.0 
75.006 332.0 
75.03 333.0 
74.913 334.0 
74.878 335.0 
75.03 336.0 
75.006 337.0 
74.901 338.0 
75.053 339.0 
74.971 340.0 
74.971 341.0 
74.936 342.0 
74.96 343.0 
74.96 344.0 
74.96 345.0 
74.971 346.0 
74.901 347.0 
74.901 348.0 
74.995 349.0 
74.983 350.0 
74.948 351.0 
75.006 352.0 
74.96 353.0 
74.89 354.0 
74.878 355.0 
75.006 356.0 
75.03 357.0 
74.936 358.0 
75.03 359.0 
75.006 360.0 
75.03 361.0 
74.936 362.0 
74.971 363.0 
74.913 364.0 
74.96 365.0 
74.96 366.0 
74.995 367.0 
74.983 368.0 
74.925 369.0 
74.983 370.0 
74.983 371.0 
75.018 372.0 
75.03 373.0 
75.006 374.0 
75.065 375.0 
74.995 376.0 
74.925 377.0 
74.96 378.0 
74.96 379.0 
74.971 380.0 
74.96 381.0 
74.89 382.0 
74.936 383.0 
74.948 384.0 
74.96 385.0 
75.03 386.0 
74.936 387.0 
74.901 388.0 
74.971 389.0 
75.24 390.0 
74.995 391.0 
74.96 392.0 
75.03 393.0 
74.878 394.0 
74.983 395.0 
75.03 396.0 
74.913 397.0 
74.971 398.0 
74.855 399.0 
74.936 400.0 
75.147 401.0 
74.96 402.0 
75.053 403.0 
75.018 404.0 
74.948 405.0 
74.913 406.0 
74.96 407.0 
74.936 408.0 
74.983 409.0 
74.925 410.0 
74.948 411.0 
75.018 412.0 
75.123 413.0 
74.995 414.0 
74.936 415.0 
74.96 416.0 
74.901 417.0 
74.925 418.0 
74.971 419.0 
74.913 420.0 
74.983 421.0 
75.252 422.0 
75.006 423.0 
74.913 424.0 
74.96 425.0 
74.983 426.0 
74.983 427.0 
74.913 428.0 
74.983 429.0 
74.96 430.0 
74.995 431.0 
75.006 432.0 
74.983 433.0 
74.913 434.0 
74.913 435.0 
74.936 436.0 
74.96 437.0 
74.901 438.0 
74.901 439.0 
74.843 440.0 
74.901 441.0 
74.936 442.0 
74.936 443.0 
74.96 444.0 
74.925 445.0 
74.913 446.0 
74.983 447.0 
75.006 448.0 
75.252 449.0 
75.041 450.0 
74.96 451.0 
74.925 452.0 
74.913 453.0 
74.866 454.0 
74.995 455.0 
74.761 456.0 
74.925 457.0 
74.89 458.0 
75.018 459.0 
74.983 460.0 
74.971 461.0 
74.925 462.0 
74.995 463.0 
74.901 464.0 
74.96 465.0 
75.006 466.0 
74.983 467.0 
74.913 468.0 
74.995 469.0 
74.936 470.0 
74.89 471.0 
74.925 472.0 
74.855 473.0 
74.96 474.0 
75.018 475.0 
74.936 476.0 
74.936 477.0 
74.971 478.0 
74.878 479.0 
74.948 480.0 
75.006 481.0 
74.948 482.0 
75.03 483.0 
74.925 484.0 
74.995 485.0 
74.913 486.0 
74.936 487.0 
75.018 488.0 
74.913 489.0 
74.89 490.0 
74.995 491.0 
74.948 492.0 
74.925 493.0 
74.995 494.0 
74.878 495.0 
74.913 496.0 
74.936 497.0 
74.971 498.0 
74.878 499.0 
74.901 500.0 
74.901 501.0 
74.971 502.0 
74.855 503.0 
74.878 504.0 
74.925 505.0 
74.948 506.0 
74.878 507.0 
74.936 508.0 
74.773 509.0 
74.901 510.0 
74.89 511.0 
74.913 512.0 
74.913 513.0 
74.574 514.0 
75.158 515.0 
74.82 516.0 
75.112 517.0 
74.808 518.0 
74.808 519.0 
74.808 520.0 
74.82 521.0 
74.855 522.0 
74.831 523.0 
74.796 524.0 
74.82 525.0 
74.82 526.0 
74.773 527.0 
74.773 528.0 
74.796 529.0 
74.796 530.0 
74.75 531.0 
74.901 532.0 
75.252 533.0 
74.831 534.0 
74.82 535.0 
74.761 536.0 
74.714 537.0 
74.679 538.0 
74.644 539.0 
74.621 540.0 
74.726 541.0 
74.644 542.0 
74.644 543.0 
74.586 544.0 
74.539 545.0 
74.539 546.0 
74.644 547.0 
74.516 548.0 
74.516 549.0 
74.504 550.0 
74.434 551.0 
74.551 552.0 
74.504 553.0 
74.446 554.0 
74.411 555.0 
74.528 556.0 
74.493 557.0 
74.469 558.0 
74.247 559.0 
74.516 560.0 
74.422 561.0 
74.411 562.0 
74.539 563.0 
74.434 564.0 
74.411 565.0 
74.539 566.0 
74.481 567.0 
74.387 568.0 
74.469 569.0 
74.434 570.0 
74.551 571.0 
74.504 572.0 
74.446 573.0 
74.516 574.0 
74.422 575.0 
74.761 576.0 
74.481 577.0 
74.434 578.0 
74.528 579.0 
74.481 580.0 
74.539 581.0 
74.493 582.0 
74.598 583.0 
74.528 584.0 
74.271 585.0 
74.528 586.0 
74.469 587.0 
74.528 588.0 
74.469 589.0 
74.539 590.0 
74.446 591.0 
74.563 592.0 
74.481 593.0 
74.528 594.0 
74.422 595.0 
74.504 596.0 
74.446 597.0 
74.481 598.0 
74.446 599.0 
74.446 600.0 
74.574 601.0 
74.458 602.0 
74.586 603.0 
74.446 604.0 
74.586 605.0 
74.458 606.0 
74.539 607.0 
74.422 608.0 
74.504 609.0 
74.563 610.0 
74.481 611.0 
74.539 612.0 
74.458 613.0 
74.434 614.0 
74.422 615.0 
74.434 616.0 
74.539 617.0 
74.422 618.0 
74.528 619.0 
74.341 620.0 
74.493 621.0 
74.516 622.0 
74.422 623.0 
74.516 624.0 
74.574 625.0 
74.481 626.0 
74.469 627.0 
74.563 628.0 
74.469 629.0 
74.528 630.0 
74.598 631.0 
74.458 632.0 
74.516 633.0 
74.633 634.0 
74.458 635.0 
74.516 636.0 
74.551 637.0 
74.458 638.0 
74.481 639.0 
74.551 640.0 
74.434 641.0 
74.446 642.0 
74.551 643.0 
74.399 644.0 
74.458 645.0 
74.539 646.0 
74.586 647.0 
74.422 648.0 
74.493 649.0 
74.528 650.0 
74.411 651.0 
74.434 652.0 
74.516 653.0 
74.516 654.0 
74.422 655.0 
74.399 656.0 
74.504 657.0 
74.551 658.0 
74.458 659.0 
74.504 660.0 
74.539 661.0 
74.563 662.0 
74.434 663.0 
74.493 664.0 
74.528 665.0 
74.586 666.0 
74.446 667.0 
74.504 668.0 
74.539 669.0 
74.574 670.0 
74.434 671.0 
74.469 672.0 
74.504 673.0 
74.516 674.0 
74.551 675.0 
74.411 676.0 
74.458 677.0 
74.493 678.0 
74.493 679.0 
74.528 680.0 
74.434 681.0 
74.458 682.0 
74.493 683.0 
74.493 684.0 
74.493 685.0 
74.598 686.0 
74.411 687.0 
74.446 688.0 
74.493 689.0 
74.516 690.0 
74.574 691.0 
74.516 692.0 
74.446 693.0 
74.399 694.0 
74.481 695.0 
74.493 696.0 
74.528 697.0 
74.539 698.0 
74.376 699.0 
74.434 700.0 
74.458 701.0 
74.493 702.0 
74.493 703.0 
74.528 704.0 
74.528 705.0 
74.551 706.0 
74.411 707.0 
74.422 708.0 
74.481 709.0 
74.434 710.0 
74.504 711.0 
74.504 712.0 
74.586 713.0 
74.551 714.0 
74.387 715.0 
74.411 716.0 
74.399 717.0 
74.458 718.0 
74.493 719.0 
74.458 720.0 
74.493 721.0 
74.458 722.0 
74.574 723.0 
74.598 724.0 
74.574 725.0 
74.364 726.0 
74.411 727.0 
74.446 728.0 
74.469 729.0 
74.481 730.0 
74.481 731.0 
74.539 732.0 
74.504 733.0 
74.539 734.0 
74.528 735.0 
74.493 736.0 
74.574 737.0 
74.551 738.0 
74.387 739.0 
74.387 740.0 
74.422 741.0 
74.422 742.0 
74.376 743.0 
74.422 744.0 
74.411 745.0 
74.446 746.0 
74.434 747.0 
74.422 748.0 
74.422 749.0 
74.458 750.0 
74.504 751.0 
74.481 752.0 
74.446 753.0 
74.469 754.0 
74.458 755.0 
74.481 756.0 
74.504 757.0 
74.469 758.0 
74.493 759.0 
74.469 760.0 
74.446 761.0 
74.493 762.0 
74.504 763.0 
74.539 764.0 
74.516 765.0 
74.504 766.0 
74.504 767.0 
74.528 768.0 
74.493 769.0 
74.516 770.0 
74.528 771.0 
74.516 772.0 
74.528 773.0 
74.504 774.0 
74.458 775.0 
74.493 776.0 
74.539 777.0 
74.516 778.0 
74.504 779.0 
74.528 780.0 
74.493 781.0 
74.516 782.0 
74.516 783.0 
74.504 784.0 
74.493 785.0 
74.493 786.0 
74.493 787.0 
74.469 788.0 
74.493 789.0 
74.516 790.0 
74.493 791.0 
74.481 792.0 
74.504 793.0 
74.493 794.0 
74.516 795.0 
74.528 796.0 
74.481 797.0 
74.516 798.0 
74.493 799.0 
74.493 800.0 
74.504 801.0 
74.504 802.0 
74.516 803.0 
74.504 804.0 
0.001 805.0 
0.004 806.0 
0.0 807.0 
0.0 808.0 
-0.006 809.0 
-0.004 810.0 
-0.001 811.0 
-0.002 812.0 
-0.002 813.0 
-0.006 814.0 
-0.012 815.0 
-0.013 816.0 
-0.012 817.0 
-0.013 818.0 
-0.025 819.0 
-0.022 820.0 
-0.018 821.0 
-0.025 822.0 
-0.023 823.0 
-0.036 824.0 
-0.031 825.0 
-0.03 826.0 
-0.026 827.0 
-0.026 828.0 
-0.032 829.0 
