-0.05 257.0 
-0.056 258.0 
-0.049 259.0 
-0.056 260.0 
-0.053 261.0 
-0.047 262.0 
-0.038 263.0 
-0.047 264.0 
-0.04 265.0 
-0.066 266.0 
-0.059 267.0 
-0.049 268.0 
-0.052 269.0 
-0.046 270.0 
-0.054 271.0 
-0.049 272.0 
-0.04 273.0 
-0.048 274.0 
139.349 275.0 
136.523 276.0 
135.413 277.0 
133.802 278.0 
131.921 279.0 
129.749 280.0 
127.868 281.0 
125.24 282.0 
121.9 283.0 
120.545 284.0 
120.09 285.0 
119.693 286.0 
119.506 287.0 
119.249 288.0 
118.922 289.0 
118.326 290.0 
118.151 291.0 
117.964 292.0 
117.73 293.0 
117.579 294.0 
117.065 295.0 
116.925 296.0 
116.843 297.0 
116.306 298.0 
116.119 299.0 
116.037 300.0 
115.523 301.0 
115.43 302.0 
114.962 303.0 
114.834 304.0 
114.729 305.0 
114.063 306.0 
112.825 307.0 
110.594 308.0 
108.095 309.0 
104.86 310.0 
101.788 311.0 
98.074 312.0 
94.301 313.0 
90.295 314.0 
86.628 315.0 
82.843 316.0 
79.293 317.0 
76.455 318.0 
76.28 319.0 
75.999 320.0 
75.836 321.0 
75.836 322.0 
75.719 323.0 
75.742 324.0 
75.707 325.0 
75.614 326.0 
75.649 327.0 
75.59 328.0 
75.754 329.0 
75.707 330.0 
75.59 331.0 
75.672 332.0 
75.684 333.0 
75.625 334.0 
75.766 335.0 
75.661 336.0 
75.661 337.0 
75.555 338.0 
75.672 339.0 
75.614 340.0 
75.625 341.0 
75.579 342.0 
75.649 343.0 
75.637 344.0 
75.625 345.0 
75.567 346.0 
75.567 347.0 
75.637 348.0 
75.625 349.0 
75.684 350.0 
75.602 351.0 
75.649 352.0 
75.59 353.0 
75.532 354.0 
75.497 355.0 
75.614 356.0 
75.661 357.0 
75.602 358.0 
75.696 359.0 
75.649 360.0 
75.661 361.0 
75.602 362.0 
75.661 363.0 
75.579 364.0 
75.567 365.0 
75.614 366.0 
75.649 367.0 
75.555 368.0 
75.579 369.0 
75.59 370.0 
75.661 371.0 
75.625 372.0 
75.614 373.0 
75.661 374.0 
75.672 375.0 
75.672 376.0 
75.485 377.0 
75.567 378.0 
75.59 379.0 
75.625 380.0 
75.579 381.0 
75.719 382.0 
75.625 383.0 
75.579 384.0 
75.59 385.0 
75.731 386.0 
75.567 387.0 
75.532 388.0 
75.637 389.0 
75.637 390.0 
75.672 391.0 
75.59 392.0 
75.684 393.0 
75.544 394.0 
75.625 395.0 
75.707 396.0 
75.579 397.0 
75.649 398.0 
75.462 399.0 
75.52 400.0 
75.684 401.0 
75.637 402.0 
75.707 403.0 
75.672 404.0 
75.625 405.0 
75.532 406.0 
75.625 407.0 
75.59 408.0 
75.614 409.0 
75.567 410.0 
75.625 411.0 
75.661 412.0 
76.093 413.0 
75.637 414.0 
75.59 415.0 
75.661 416.0 
75.544 417.0 
75.684 418.0 
75.637 419.0 
75.567 420.0 
75.579 421.0 
75.614 422.0 
75.649 423.0 
75.59 424.0 
75.555 425.0 
75.602 426.0 
75.649 427.0 
75.579 428.0 
75.59 429.0 
75.579 430.0 
75.672 431.0 
75.637 432.0 
75.661 433.0 
75.52 434.0 
75.567 435.0 
75.602 436.0 
75.684 437.0 
75.555 438.0 
75.579 439.0 
75.579 440.0 
75.579 441.0 
75.59 442.0 
75.579 443.0 
75.579 444.0 
75.567 445.0 
75.59 446.0 
75.672 447.0 
75.672 448.0 
75.649 449.0 
76.011 450.0 
75.602 451.0 
75.59 452.0 
75.544 453.0 
75.532 454.0 
75.637 455.0 
75.614 456.0 
75.555 457.0 
75.509 458.0 
75.602 459.0 
75.649 460.0 
75.602 461.0 
75.555 462.0 
75.684 463.0 
75.625 464.0 
75.614 465.0 
75.649 466.0 
75.59 467.0 
75.555 468.0 
75.625 469.0 
75.579 470.0 
75.59 471.0 
75.579 472.0 
75.485 473.0 
75.59 474.0 
75.707 475.0 
75.602 476.0 
75.544 477.0 
75.614 478.0 
75.52 479.0 
75.59 480.0 
75.637 481.0 
75.579 482.0 
75.661 483.0 
75.602 484.0 
75.637 485.0 
75.555 486.0 
75.567 487.0 
75.637 488.0 
75.555 489.0 
75.602 490.0 
75.649 491.0 
75.614 492.0 
75.579 493.0 
75.637 494.0 
75.555 495.0 
75.52 496.0 
75.59 497.0 
75.625 498.0 
75.555 499.0 
75.555 500.0 
75.614 501.0 
75.59 502.0 
75.497 503.0 
75.52 504.0 
75.544 505.0 
75.567 506.0 
75.509 507.0 
75.684 508.0 
75.497 509.0 
75.532 510.0 
75.579 511.0 
75.579 512.0 
75.532 513.0 
75.579 514.0 
75.614 515.0 
75.614 516.0 
75.614 517.0 
75.392 518.0 
75.474 519.0 
75.485 520.0 
75.509 521.0 
75.485 522.0 
75.532 523.0 
75.485 524.0 
75.509 525.0 
75.497 526.0 
75.497 527.0 
75.439 528.0 
75.474 529.0 
75.45 530.0 
75.474 531.0 
75.567 532.0 
75.532 533.0 
75.509 534.0 
75.509 535.0 
75.52 536.0 
75.439 537.0 
75.357 538.0 
75.38 539.0 
75.31 540.0 
75.427 541.0 
75.275 542.0 
75.31 543.0 
75.287 544.0 
75.263 545.0 
75.193 546.0 
75.333 547.0 
75.275 548.0 
75.24 549.0 
75.182 550.0 
75.088 551.0 
75.228 552.0 
75.147 553.0 
75.135 554.0 
75.1 555.0 
75.217 556.0 
75.135 557.0 
75.147 558.0 
74.691 559.0 
75.182 560.0 
75.1 561.0 
75.088 562.0 
75.193 563.0 
75.088 564.0 
75.041 565.0 
75.17 566.0 
75.193 567.0 
75.077 568.0 
75.147 569.0 
75.112 570.0 
75.228 571.0 
75.17 572.0 
75.077 573.0 
75.147 574.0 
75.1 575.0 
75.182 576.0 
75.158 577.0 
75.123 578.0 
75.193 579.0 
75.182 580.0 
75.24 581.0 
75.135 582.0 
75.24 583.0 
75.193 584.0 
74.633 585.0 
75.205 586.0 
75.123 587.0 
75.217 588.0 
75.112 589.0 
75.205 590.0 
75.112 591.0 
75.205 592.0 
75.112 593.0 
75.147 594.0 
75.123 595.0 
75.193 596.0 
75.1 597.0 
75.182 598.0 
75.123 599.0 
75.193 600.0 
75.252 601.0 
75.158 602.0 
75.24 603.0 
75.158 604.0 
75.217 605.0 
75.123 606.0 
75.217 607.0 
75.1 608.0 
75.182 609.0 
75.275 610.0 
75.182 611.0 
75.252 612.0 
75.123 613.0 
75.24 614.0 
75.1 615.0 
75.147 616.0 
75.217 617.0 
75.006 618.0 
75.17 619.0 
74.913 620.0 
75.147 621.0 
75.182 622.0 
75.1 623.0 
75.182 624.0 
75.24 625.0 
75.112 626.0 
75.182 627.0 
75.252 628.0 
75.123 629.0 
75.193 630.0 
75.24 631.0 
75.123 632.0 
75.158 633.0 
75.252 634.0 
75.1 635.0 
75.193 636.0 
75.228 637.0 
75.088 638.0 
75.182 639.0 
75.24 640.0 
75.1 641.0 
75.182 642.0 
75.228 643.0 
75.123 644.0 
75.158 645.0 
75.193 646.0 
75.275 647.0 
75.1 648.0 
75.158 649.0 
75.228 650.0 
75.088 651.0 
75.158 652.0 
75.158 653.0 
75.24 654.0 
75.065 655.0 
75.158 656.0 
75.193 657.0 
75.217 658.0 
75.123 659.0 
75.17 660.0 
75.217 661.0 
75.275 662.0 
75.112 663.0 
75.182 664.0 
75.205 665.0 
75.24 666.0 
75.112 667.0 
75.158 668.0 
75.17 669.0 
75.252 670.0 
75.123 671.0 
75.123 672.0 
75.158 673.0 
75.182 674.0 
75.17 675.0 
75.123 676.0 
75.135 677.0 
75.147 678.0 
75.193 679.0 
75.252 680.0 
75.088 681.0 
75.112 682.0 
75.158 683.0 
75.205 684.0 
75.217 685.0 
75.252 686.0 
75.1 687.0 
75.158 688.0 
75.17 689.0 
75.193 690.0 
75.217 691.0 
75.275 692.0 
75.077 693.0 
75.1 694.0 
75.182 695.0 
75.17 696.0 
75.193 697.0 
75.205 698.0 
74.983 699.0 
75.112 700.0 
75.112 701.0 
75.158 702.0 
75.193 703.0 
75.217 704.0 
75.147 705.0 
75.228 706.0 
75.077 707.0 
75.112 708.0 
75.112 709.0 
75.147 710.0 
75.17 711.0 
75.193 712.0 
75.24 713.0 
75.228 714.0 
75.088 715.0 
75.077 716.0 
75.065 717.0 
75.112 718.0 
75.123 719.0 
75.147 720.0 
75.17 721.0 
75.205 722.0 
75.217 723.0 
75.24 724.0 
75.263 725.0 
75.065 726.0 
75.088 727.0 
75.1 728.0 
75.123 729.0 
75.135 730.0 
75.158 731.0 
75.182 732.0 
75.17 733.0 
75.17 734.0 
75.158 735.0 
75.228 736.0 
75.24 737.0 
75.217 738.0 
74.995 739.0 
75.065 740.0 
75.065 741.0 
75.053 742.0 
75.077 743.0 
75.123 744.0 
75.112 745.0 
75.123 746.0 
75.123 747.0 
75.088 748.0 
75.123 749.0 
75.135 750.0 
75.147 751.0 
75.17 752.0 
75.147 753.0 
75.123 754.0 
75.147 755.0 
75.147 756.0 
75.158 757.0 
75.182 758.0 
75.17 759.0 
75.182 760.0 
75.17 761.0 
75.193 762.0 
75.182 763.0 
75.182 764.0 
75.182 765.0 
75.182 766.0 
75.193 767.0 
75.193 768.0 
75.158 769.0 
75.182 770.0 
75.217 771.0 
75.205 772.0 
75.182 773.0 
75.158 774.0 
75.205 775.0 
75.17 776.0 
75.193 777.0 
75.193 778.0 
75.158 779.0 
75.205 780.0 
75.17 781.0 
75.158 782.0 
75.193 783.0 
75.147 784.0 
75.158 785.0 
75.182 786.0 
75.182 787.0 
75.17 788.0 
75.182 789.0 
75.147 790.0 
75.182 791.0 
75.17 792.0 
75.135 793.0 
75.182 794.0 
75.17 795.0 
75.193 796.0 
75.147 797.0 
75.158 798.0 
75.147 799.0 
75.135 800.0 
75.17 801.0 
75.17 802.0 
75.182 803.0 
75.135 804.0 
0.002 805.0 
0.01 806.0 
0.002 807.0 
-0.006 808.0 
-0.004 809.0 
-0.012 810.0 
-0.011 811.0 
-0.02 812.0 
-0.023 813.0 
-0.028 814.0 
-0.016 815.0 
-0.025 816.0 
-0.029 817.0 
-0.036 818.0 
-0.042 819.0 
-0.043 820.0 
-0.043 821.0 
-0.04 822.0 
-0.032 823.0 
-0.037 824.0 
-0.029 825.0 
-0.02 826.0 
-0.019 827.0 
-0.022 828.0 
-0.017 829.0 
