-0.042 257.0 
-0.028 258.0 
-0.055 259.0 
-0.034 260.0 
-0.038 261.0 
-0.022 262.0 
-0.017 263.0 
-0.028 264.0 
-0.047 265.0 
-0.03 266.0 
-0.04 267.0 
-0.024 268.0 
-0.046 269.0 
-0.035 270.0 
-0.038 271.0 
-0.042 272.0 
-0.037 273.0 
-0.044 274.0 
145.399 275.0 
142.304 276.0 
140.891 277.0 
138.871 278.0 
136.651 279.0 
134.152 280.0 
131.991 281.0 
129.796 282.0 
125.778 283.0 
124.178 284.0 
123.816 285.0 
123.442 286.0 
123.278 287.0 
123.068 288.0 
122.764 289.0 
122.204 290.0 
122.052 291.0 
121.9 292.0 
121.725 293.0 
121.503 294.0 
121.129 295.0 
121.047 296.0 
120.977 297.0 
120.534 298.0 
120.323 299.0 
120.113 300.0 
119.809 301.0 
119.763 302.0 
119.319 303.0 
119.225 304.0 
119.05 305.0 
118.501 306.0 
117.368 307.0 
115.313 308.0 
113.14 309.0 
109.999 310.0 
106.845 311.0 
103.189 312.0 
99.288 313.0 
95.084 314.0 
91.136 315.0 
87.083 316.0 
83.334 317.0 
80.064 318.0 
79.889 319.0 
79.597 320.0 
79.41 321.0 
79.445 322.0 
79.351 323.0 
79.328 324.0 
79.258 325.0 
79.164 326.0 
79.258 327.0 
79.164 328.0 
79.281 329.0 
79.246 330.0 
79.211 331.0 
79.375 332.0 
79.305 333.0 
79.199 334.0 
79.164 335.0 
79.281 336.0 
79.27 337.0 
79.141 338.0 
79.445 339.0 
79.223 340.0 
79.234 341.0 
79.223 342.0 
79.305 343.0 
79.246 344.0 
79.188 345.0 
79.176 346.0 
79.176 347.0 
79.199 348.0 
79.246 349.0 
79.246 350.0 
79.199 351.0 
79.211 352.0 
79.188 353.0 
79.153 354.0 
79.176 355.0 
79.27 356.0 
79.281 357.0 
79.223 358.0 
79.281 359.0 
79.27 360.0 
79.305 361.0 
79.176 362.0 
79.223 363.0 
79.141 364.0 
79.164 365.0 
79.246 366.0 
79.246 367.0 
79.153 368.0 
79.188 369.0 
79.211 370.0 
79.258 371.0 
79.258 372.0 
79.281 373.0 
79.27 374.0 
79.316 375.0 
79.351 376.0 
79.141 377.0 
79.211 378.0 
79.223 379.0 
79.211 380.0 
79.211 381.0 
79.293 382.0 
79.234 383.0 
79.223 384.0 
79.153 385.0 
79.281 386.0 
79.176 387.0 
79.129 388.0 
79.234 389.0 
79.246 390.0 
79.211 391.0 
79.188 392.0 
79.281 393.0 
79.176 394.0 
79.199 395.0 
79.328 396.0 
79.176 397.0 
79.258 398.0 
79.153 399.0 
79.164 400.0 
79.293 401.0 
79.27 402.0 
79.316 403.0 
79.258 404.0 
79.246 405.0 
79.153 406.0 
79.211 407.0 
79.164 408.0 
79.234 409.0 
79.164 410.0 
79.199 411.0 
79.293 412.0 
79.445 413.0 
79.281 414.0 
79.199 415.0 
79.258 416.0 
79.153 417.0 
79.27 418.0 
79.258 419.0 
79.188 420.0 
79.258 421.0 
79.234 422.0 
79.293 423.0 
79.176 424.0 
79.176 425.0 
79.258 426.0 
79.234 427.0 
79.164 428.0 
79.211 429.0 
79.199 430.0 
79.234 431.0 
79.246 432.0 
79.258 433.0 
79.118 434.0 
79.188 435.0 
79.199 436.0 
79.246 437.0 
79.164 438.0 
79.071 439.0 
79.211 440.0 
79.223 441.0 
79.176 442.0 
79.188 443.0 
79.176 444.0 
79.188 445.0 
79.141 446.0 
79.281 447.0 
79.234 448.0 
79.526 449.0 
79.433 450.0 
79.188 451.0 
79.199 452.0 
79.141 453.0 
79.118 454.0 
79.258 455.0 
79.036 456.0 
79.188 457.0 
79.153 458.0 
79.258 459.0 
79.258 460.0 
79.246 461.0 
79.176 462.0 
79.281 463.0 
79.199 464.0 
79.211 465.0 
79.246 466.0 
79.176 467.0 
79.164 468.0 
79.246 469.0 
79.188 470.0 
79.153 471.0 
79.176 472.0 
79.036 473.0 
79.234 474.0 
79.27 475.0 
79.223 476.0 
79.153 477.0 
79.223 478.0 
79.094 479.0 
79.223 480.0 
79.305 481.0 
79.199 482.0 
79.246 483.0 
79.188 484.0 
79.188 485.0 
79.129 486.0 
79.153 487.0 
79.281 488.0 
79.164 489.0 
79.188 490.0 
79.246 491.0 
79.176 492.0 
79.176 493.0 
79.223 494.0 
79.164 495.0 
79.141 496.0 
79.211 497.0 
79.27 498.0 
79.118 499.0 
79.129 500.0 
79.188 501.0 
79.281 502.0 
79.106 503.0 
79.118 504.0 
79.164 505.0 
79.188 506.0 
79.129 507.0 
79.223 508.0 
79.059 509.0 
79.129 510.0 
79.153 511.0 
79.176 512.0 
79.188 513.0 
79.188 514.0 
79.199 515.0 
79.176 516.0 
79.445 517.0 
79.059 518.0 
79.024 519.0 
79.083 520.0 
79.083 521.0 
79.094 522.0 
79.094 523.0 
79.094 524.0 
79.036 525.0 
79.118 526.0 
79.059 527.0 
79.013 528.0 
79.013 529.0 
78.989 530.0 
78.989 531.0 
79.106 532.0 
79.351 533.0 
79.083 534.0 
79.036 535.0 
79.001 536.0 
79.001 537.0 
78.919 538.0 
78.896 539.0 
78.826 540.0 
78.989 541.0 
78.884 542.0 
78.907 543.0 
78.802 544.0 
78.791 545.0 
78.732 546.0 
78.861 547.0 
78.802 548.0 
78.802 549.0 
78.732 550.0 
78.639 551.0 
78.779 552.0 
78.721 553.0 
78.674 554.0 
78.662 555.0 
78.791 556.0 
78.744 557.0 
78.662 558.0 
78.405 559.0 
78.756 560.0 
78.697 561.0 
78.65 562.0 
78.756 563.0 
78.615 564.0 
78.615 565.0 
78.756 566.0 
78.709 567.0 
78.604 568.0 
78.662 569.0 
78.662 570.0 
78.767 571.0 
78.697 572.0 
78.639 573.0 
78.709 574.0 
78.697 575.0 
79.141 576.0 
78.686 577.0 
78.686 578.0 
78.791 579.0 
78.721 580.0 
78.837 581.0 
78.744 582.0 
78.802 583.0 
78.721 584.0 
78.265 585.0 
78.756 586.0 
78.686 587.0 
78.767 588.0 
78.721 589.0 
78.767 590.0 
78.709 591.0 
78.779 592.0 
78.662 593.0 
78.756 594.0 
78.697 595.0 
78.767 596.0 
78.697 597.0 
78.744 598.0 
78.674 599.0 
78.744 600.0 
78.826 601.0 
78.721 602.0 
78.849 603.0 
78.767 604.0 
78.767 605.0 
78.686 606.0 
78.756 607.0 
78.662 608.0 
78.709 609.0 
78.791 610.0 
78.721 611.0 
78.802 612.0 
78.674 613.0 
78.767 614.0 
78.65 615.0 
78.721 616.0 
78.791 617.0 
78.627 618.0 
78.767 619.0 
78.487 620.0 
78.756 621.0 
78.802 622.0 
78.65 623.0 
78.744 624.0 
78.802 625.0 
78.639 626.0 
78.744 627.0 
78.837 628.0 
78.686 629.0 
78.744 630.0 
78.802 631.0 
78.697 632.0 
78.767 633.0 
79.059 634.0 
78.697 635.0 
78.756 636.0 
78.849 637.0 
78.697 638.0 
78.779 639.0 
78.802 640.0 
78.674 641.0 
78.674 642.0 
78.814 643.0 
78.639 644.0 
78.686 645.0 
78.744 646.0 
78.767 647.0 
78.674 648.0 
78.744 649.0 
78.779 650.0 
78.65 651.0 
78.615 652.0 
78.721 653.0 
78.791 654.0 
78.639 655.0 
78.686 656.0 
78.756 657.0 
78.802 658.0 
78.686 659.0 
78.709 660.0 
78.802 661.0 
78.802 662.0 
78.674 663.0 
78.732 664.0 
78.744 665.0 
78.837 666.0 
78.686 667.0 
78.721 668.0 
78.756 669.0 
78.779 670.0 
78.65 671.0 
78.686 672.0 
78.744 673.0 
78.756 674.0 
78.756 675.0 
78.662 676.0 
78.709 677.0 
78.721 678.0 
78.779 679.0 
78.814 680.0 
78.662 681.0 
78.697 682.0 
78.744 683.0 
78.756 684.0 
78.802 685.0 
78.802 686.0 
78.639 687.0 
78.674 688.0 
78.732 689.0 
78.744 690.0 
78.791 691.0 
78.791 692.0 
78.627 693.0 
78.662 694.0 
78.732 695.0 
78.756 696.0 
78.744 697.0 
78.814 698.0 
78.569 699.0 
78.674 700.0 
78.697 701.0 
78.756 702.0 
78.756 703.0 
78.732 704.0 
78.709 705.0 
78.826 706.0 
78.639 707.0 
78.662 708.0 
78.674 709.0 
78.697 710.0 
78.732 711.0 
78.756 712.0 
78.791 713.0 
78.814 714.0 
78.569 715.0 
78.65 716.0 
78.58 717.0 
78.686 718.0 
78.697 719.0 
78.732 720.0 
78.732 721.0 
78.767 722.0 
78.779 723.0 
78.779 724.0 
78.814 725.0 
78.639 726.0 
78.639 727.0 
78.662 728.0 
78.674 729.0 
78.709 730.0 
78.697 731.0 
78.744 732.0 
78.744 733.0 
78.767 734.0 
78.767 735.0 
78.721 736.0 
78.779 737.0 
78.814 738.0 
78.615 739.0 
78.604 740.0 
78.65 741.0 
78.674 742.0 
78.65 743.0 
78.662 744.0 
78.662 745.0 
78.674 746.0 
78.662 747.0 
78.697 748.0 
78.697 749.0 
78.697 750.0 
78.686 751.0 
78.686 752.0 
78.744 753.0 
78.697 754.0 
78.732 755.0 
78.709 756.0 
78.732 757.0 
78.709 758.0 
78.721 759.0 
78.732 760.0 
78.721 761.0 
78.756 762.0 
78.767 763.0 
78.732 764.0 
78.732 765.0 
78.756 766.0 
78.744 767.0 
78.756 768.0 
78.767 769.0 
78.756 770.0 
78.721 771.0 
78.756 772.0 
78.744 773.0 
78.767 774.0 
78.732 775.0 
78.756 776.0 
78.732 777.0 
78.732 778.0 
78.767 779.0 
78.732 780.0 
78.732 781.0 
78.767 782.0 
78.756 783.0 
78.732 784.0 
78.732 785.0 
78.732 786.0 
78.767 787.0 
78.756 788.0 
78.732 789.0 
78.732 790.0 
78.732 791.0 
78.721 792.0 
78.756 793.0 
78.744 794.0 
78.686 795.0 
78.686 796.0 
78.721 797.0 
78.721 798.0 
78.744 799.0 
78.697 800.0 
78.721 801.0 
78.732 802.0 
78.744 803.0 
78.709 804.0 
-0.008 805.0 
0.001 806.0 
0.0 807.0 
0.013 808.0 
0.004 809.0 
0.002 810.0 
0.004 811.0 
0.0 812.0 
0.0 813.0 
-0.011 814.0 
-0.026 815.0 
-0.011 816.0 
-0.016 817.0 
-0.016 818.0 
-0.014 819.0 
-0.029 820.0 
-0.02 821.0 
-0.016 822.0 
-0.019 823.0 
-0.025 824.0 
-0.038 825.0 
-0.032 826.0 
-0.036 827.0 
-0.024 828.0 
-0.034 829.0 
