-0.031 257.0 
-0.041 258.0 
-0.047 259.0 
-0.036 260.0 
-0.055 261.0 
-0.05 262.0 
-0.047 263.0 
-0.024 264.0 
-0.047 265.0 
-0.056 266.0 
-0.055 267.0 
-0.036 268.0 
-0.049 269.0 
-0.037 270.0 
-0.035 271.0 
-0.058 272.0 
-0.055 273.0 
-0.052 274.0 
138.427 275.0 
136.465 276.0 
135.624 277.0 
134.491 278.0 
133.253 279.0 
131.851 280.0 
130.508 281.0 
128.534 282.0 
125.591 283.0 
124.808 284.0 
124.47 285.0 
124.283 286.0 
124.166 287.0 
124.026 288.0 
123.862 289.0 
123.664 290.0 
123.162 291.0 
122.94 292.0 
122.811 293.0 
122.753 294.0 
122.274 295.0 
122.192 296.0 
122.18 297.0 
121.702 298.0 
121.573 299.0 
121.526 300.0 
121.024 301.0 
120.919 302.0 
120.405 303.0 
120.242 304.0 
120.066 305.0 
119.225 306.0 
117.485 307.0 
114.857 308.0 
112.218 309.0 
108.737 310.0 
105.467 311.0 
101.729 312.0 
98.424 313.0 
94.617 314.0 
91.171 315.0 
87.55 316.0 
84.245 317.0 
81.512 318.0 
81.313 319.0 
81.033 320.0 
80.858 321.0 
80.835 322.0 
80.659 323.0 
80.694 324.0 
80.601 325.0 
80.473 326.0 
80.636 327.0 
80.543 328.0 
80.683 329.0 
80.624 330.0 
80.496 331.0 
80.613 332.0 
80.636 333.0 
80.496 334.0 
80.601 335.0 
80.601 336.0 
80.624 337.0 
80.508 338.0 
80.823 339.0 
80.589 340.0 
80.543 341.0 
80.531 342.0 
80.473 343.0 
80.554 344.0 
80.566 345.0 
80.531 346.0 
80.496 347.0 
80.578 348.0 
80.601 349.0 
80.578 350.0 
80.531 351.0 
80.566 352.0 
80.543 353.0 
80.426 354.0 
80.613 355.0 
80.589 356.0 
80.636 357.0 
80.543 358.0 
80.624 359.0 
80.601 360.0 
80.636 361.0 
80.566 362.0 
80.589 363.0 
80.519 364.0 
80.554 365.0 
80.578 366.0 
80.589 367.0 
80.519 368.0 
80.554 369.0 
80.531 370.0 
80.578 371.0 
80.589 372.0 
80.554 373.0 
80.613 374.0 
80.636 375.0 
80.8 376.0 
80.496 377.0 
80.519 378.0 
80.554 379.0 
80.543 380.0 
80.566 381.0 
80.496 382.0 
80.543 383.0 
80.531 384.0 
80.531 385.0 
80.648 386.0 
80.531 387.0 
80.508 388.0 
80.554 389.0 
80.589 390.0 
80.566 391.0 
80.543 392.0 
80.601 393.0 
80.437 394.0 
80.578 395.0 
80.659 396.0 
80.519 397.0 
80.578 398.0 
80.449 399.0 
80.508 400.0 
80.636 401.0 
80.601 402.0 
80.671 403.0 
80.578 404.0 
80.566 405.0 
80.496 406.0 
80.543 407.0 
80.508 408.0 
80.531 409.0 
80.484 410.0 
80.543 411.0 
80.578 412.0 
80.986 413.0 
80.613 414.0 
80.519 415.0 
80.554 416.0 
80.473 417.0 
80.601 418.0 
80.589 419.0 
80.519 420.0 
80.519 421.0 
80.578 422.0 
80.554 423.0 
80.531 424.0 
80.496 425.0 
80.554 426.0 
80.613 427.0 
80.566 428.0 
80.508 429.0 
80.461 430.0 
80.566 431.0 
80.578 432.0 
80.613 433.0 
80.519 434.0 
80.484 435.0 
80.519 436.0 
80.636 437.0 
80.484 438.0 
80.519 439.0 
80.508 440.0 
80.508 441.0 
80.496 442.0 
80.519 443.0 
80.508 444.0 
80.461 445.0 
80.519 446.0 
80.624 447.0 
80.624 448.0 
80.578 449.0 
80.823 450.0 
80.484 451.0 
80.508 452.0 
80.484 453.0 
80.449 454.0 
80.566 455.0 
80.543 456.0 
80.519 457.0 
80.508 458.0 
80.566 459.0 
80.589 460.0 
80.554 461.0 
80.508 462.0 
80.589 463.0 
80.566 464.0 
80.554 465.0 
80.601 466.0 
80.531 467.0 
80.508 468.0 
80.543 469.0 
80.496 470.0 
80.461 471.0 
80.531 472.0 
80.613 473.0 
80.543 474.0 
80.601 475.0 
80.519 476.0 
80.461 477.0 
80.519 478.0 
80.449 479.0 
80.531 480.0 
80.613 481.0 
80.543 482.0 
80.578 483.0 
80.496 484.0 
80.554 485.0 
80.473 486.0 
80.508 487.0 
80.601 488.0 
80.531 489.0 
80.554 490.0 
80.543 491.0 
80.554 492.0 
80.484 493.0 
80.566 494.0 
80.496 495.0 
80.426 496.0 
80.566 497.0 
80.543 498.0 
80.426 499.0 
80.508 500.0 
80.531 501.0 
80.554 502.0 
80.437 503.0 
80.496 504.0 
80.519 505.0 
80.554 506.0 
80.473 507.0 
80.648 508.0 
80.473 509.0 
80.449 510.0 
80.449 511.0 
80.473 512.0 
80.519 513.0 
80.496 514.0 
80.508 515.0 
80.554 516.0 
80.905 517.0 
80.356 518.0 
80.402 519.0 
80.414 520.0 
80.402 521.0 
80.414 522.0 
80.414 523.0 
80.402 524.0 
80.391 525.0 
80.402 526.0 
80.391 527.0 
80.332 528.0 
80.332 529.0 
80.274 530.0 
80.262 531.0 
80.367 532.0 
80.344 533.0 
80.332 534.0 
80.251 535.0 
80.251 536.0 
80.227 537.0 
80.087 538.0 
80.11 539.0 
80.04 540.0 
80.181 541.0 
80.029 542.0 
80.087 543.0 
80.04 544.0 
79.935 545.0 
79.9 546.0 
80.04 547.0 
80.017 548.0 
79.947 549.0 
79.9 550.0 
79.795 551.0 
79.924 552.0 
79.865 553.0 
79.842 554.0 
79.807 555.0 
79.947 556.0 
79.889 557.0 
79.807 558.0 
79.48 559.0 
79.912 560.0 
79.842 561.0 
79.795 562.0 
79.9 563.0 
79.854 564.0 
79.772 565.0 
79.947 566.0 
79.947 567.0 
79.795 568.0 
79.877 569.0 
79.807 570.0 
79.935 571.0 
79.877 572.0 
79.772 573.0 
79.877 574.0 
79.807 575.0 
79.947 576.0 
79.818 577.0 
79.865 578.0 
79.947 579.0 
79.877 580.0 
79.982 581.0 
79.889 582.0 
79.877 583.0 
79.9 584.0 
79.655 585.0 
79.947 586.0 
79.807 587.0 
79.947 588.0 
79.842 589.0 
79.912 590.0 
79.889 591.0 
79.959 592.0 
79.842 593.0 
79.924 594.0 
79.854 595.0 
79.877 596.0 
79.83 597.0 
79.889 598.0 
79.865 599.0 
79.889 600.0 
80.005 601.0 
79.889 602.0 
79.97 603.0 
79.889 604.0 
79.959 605.0 
79.854 606.0 
79.912 607.0 
79.807 608.0 
79.865 609.0 
79.97 610.0 
79.842 611.0 
79.959 612.0 
79.854 613.0 
79.877 614.0 
79.842 615.0 
79.865 616.0 
79.924 617.0 
79.795 618.0 
79.912 619.0 
79.69 620.0 
79.877 621.0 
79.924 622.0 
79.83 623.0 
79.877 624.0 
79.97 625.0 
79.842 626.0 
79.912 627.0 
79.97 628.0 
79.83 629.0 
79.889 630.0 
80.005 631.0 
79.807 632.0 
79.9 633.0 
79.97 634.0 
79.842 635.0 
79.9 636.0 
79.959 637.0 
79.842 638.0 
79.9 639.0 
79.959 640.0 
79.807 641.0 
79.83 642.0 
79.935 643.0 
79.807 644.0 
79.854 645.0 
79.924 646.0 
79.959 647.0 
79.83 648.0 
79.877 649.0 
79.935 650.0 
79.772 651.0 
79.842 652.0 
79.912 653.0 
79.935 654.0 
79.795 655.0 
79.865 656.0 
79.877 657.0 
79.947 658.0 
79.854 659.0 
79.912 660.0 
79.924 661.0 
79.9 662.0 
79.83 663.0 
79.9 664.0 
79.959 665.0 
79.97 666.0 
79.83 667.0 
79.865 668.0 
79.912 669.0 
79.959 670.0 
79.807 671.0 
79.842 672.0 
79.854 673.0 
79.912 674.0 
79.924 675.0 
79.818 676.0 
79.83 677.0 
79.854 678.0 
79.924 679.0 
79.982 680.0 
79.807 681.0 
79.818 682.0 
79.865 683.0 
79.924 684.0 
79.912 685.0 
79.947 686.0 
79.725 687.0 
79.889 688.0 
79.889 689.0 
79.9 690.0 
79.959 691.0 
79.947 692.0 
79.842 693.0 
79.854 694.0 
79.877 695.0 
79.935 696.0 
79.889 697.0 
79.9 698.0 
79.737 699.0 
79.807 700.0 
79.83 701.0 
79.9 702.0 
79.9 703.0 
79.924 704.0 
79.935 705.0 
79.982 706.0 
79.795 707.0 
79.842 708.0 
79.842 709.0 
79.807 710.0 
79.877 711.0 
79.9 712.0 
79.935 713.0 
79.959 714.0 
79.748 715.0 
79.783 716.0 
79.783 717.0 
79.854 718.0 
79.877 719.0 
79.877 720.0 
79.9 721.0 
79.877 722.0 
79.947 723.0 
79.97 724.0 
79.994 725.0 
79.783 726.0 
79.795 727.0 
79.83 728.0 
79.865 729.0 
79.854 730.0 
79.865 731.0 
79.889 732.0 
79.924 733.0 
79.935 734.0 
79.935 735.0 
79.947 736.0 
79.924 737.0 
79.935 738.0 
79.772 739.0 
79.795 740.0 
79.807 741.0 
79.783 742.0 
79.807 743.0 
79.842 744.0 
79.83 745.0 
79.854 746.0 
79.842 747.0 
79.865 748.0 
79.877 749.0 
79.807 750.0 
79.83 751.0 
79.842 752.0 
79.865 753.0 
79.889 754.0 
79.889 755.0 
79.818 756.0 
79.889 757.0 
79.842 758.0 
79.889 759.0 
79.912 760.0 
79.877 761.0 
79.9 762.0 
79.889 763.0 
79.877 764.0 
79.877 765.0 
79.924 766.0 
79.889 767.0 
79.912 768.0 
79.9 769.0 
79.889 770.0 
79.865 771.0 
79.912 772.0 
79.877 773.0 
79.912 774.0 
79.9 775.0 
79.912 776.0 
79.9 777.0 
79.889 778.0 
79.865 779.0 
79.912 780.0 
79.854 781.0 
79.9 782.0 
79.9 783.0 
79.912 784.0 
79.889 785.0 
79.877 786.0 
79.9 787.0 
79.9 788.0 
79.877 789.0 
79.912 790.0 
79.9 791.0 
79.912 792.0 
79.9 793.0 
79.889 794.0 
79.9 795.0 
79.9 796.0 
79.9 797.0 
79.877 798.0 
79.9 799.0 
79.877 800.0 
79.9 801.0 
79.912 802.0 
79.924 803.0 
79.912 804.0 
0.0 805.0 
0.007 806.0 
-0.002 807.0 
0.0 808.0 
0.0 809.0 
-0.017 810.0 
-0.02 811.0 
-0.02 812.0 
-0.028 813.0 
-0.036 814.0 
-0.037 815.0 
-0.037 816.0 
-0.047 817.0 
-0.047 818.0 
-0.04 819.0 
-0.046 820.0 
-0.044 821.0 
-0.049 822.0 
-0.038 823.0 
-0.043 824.0 
-0.03 825.0 
-0.032 826.0 
-0.034 827.0 
-0.025 828.0 
-0.02 829.0 
