-0.069 257.0 
-0.052 258.0 
-0.05 259.0 
-0.041 260.0 
-0.042 261.0 
-0.038 262.0 
-0.031 263.0 
-0.032 264.0 
-0.038 265.0 
-0.089 266.0 
-0.018 267.0 
-0.041 268.0 
-0.026 269.0 
-0.035 270.0 
-0.016 271.0 
-0.037 272.0 
-0.052 273.0 
-0.046 274.0 
260.18 275.0 
257.046 276.0 
255.886 277.0 
253.681 278.0 
251.708 279.0 
249.619 280.0 
247.646 281.0 
248.111 282.0 
243.817 283.0 
243.353 284.0 
243.469 285.0 
242.772 286.0 
243.004 287.0 
242.308 288.0 
242.54 289.0 
242.656 290.0 
241.38 291.0 
241.032 292.0 
240.799 293.0 
238.246 294.0 
240.103 295.0 
240.335 296.0 
240.219 297.0 
239.523 298.0 
239.755 299.0 
240.219 300.0 
238.943 301.0 
239.407 302.0 
238.827 303.0 
239.291 304.0 
243.004 305.0 
239.407 306.0 
238.943 307.0 
238.595 308.0 
238.827 309.0 
238.479 310.0 
238.711 311.0 
238.246 312.0 
238.362 313.0 
237.666 314.0 
238.362 315.0 
238.014 316.0 
238.246 317.0 
237.666 318.0 
238.13 319.0 
238.246 320.0 
236.274 321.0 
238.014 322.0 
237.898 323.0 
238.362 324.0 
238.246 325.0 
238.13 326.0 
238.246 327.0 
237.898 328.0 
243.933 329.0 
238.246 330.0 
238.13 331.0 
239.291 332.0 
238.014 333.0 
237.898 334.0 
237.782 335.0 
238.362 336.0 
238.13 337.0 
237.55 338.0 
239.755 339.0 
237.898 340.0 
237.666 341.0 
238.014 342.0 
236.158 343.0 
238.13 344.0 
238.362 345.0 
238.014 346.0 
237.666 347.0 
237.318 348.0 
238.246 349.0 
238.246 350.0 
238.13 351.0 
238.246 352.0 
237.782 353.0 
236.97 354.0 
235.809 355.0 
237.898 356.0 
238.014 357.0 
238.13 358.0 
238.362 359.0 
238.014 360.0 
238.246 361.0 
237.782 362.0 
238.13 363.0 
237.666 364.0 
238.13 365.0 
237.898 366.0 
238.014 367.0 
237.666 368.0 
238.362 369.0 
238.13 370.0 
238.13 371.0 
238.479 372.0 
238.014 373.0 
238.246 374.0 
238.362 375.0 
238.827 376.0 
237.666 377.0 
237.782 378.0 
238.014 379.0 
237.898 380.0 
237.666 381.0 
238.246 382.0 
238.246 383.0 
237.898 384.0 
238.13 385.0 
238.13 386.0 
237.666 387.0 
238.014 388.0 
238.014 389.0 
238.362 390.0 
238.479 391.0 
237.782 392.0 
238.13 393.0 
237.898 394.0 
238.13 395.0 
238.479 396.0 
237.55 397.0 
238.014 398.0 
236.622 399.0 
237.782 400.0 
238.246 401.0 
238.13 402.0 
238.362 403.0 
238.711 404.0 
238.246 405.0 
238.246 406.0 
238.362 407.0 
238.13 408.0 
238.014 409.0 
238.362 410.0 
238.595 411.0 
238.014 412.0 
239.059 413.0 
238.246 414.0 
237.782 415.0 
238.362 416.0 
238.014 417.0 
238.246 418.0 
238.362 419.0 
237.898 420.0 
237.898 421.0 
238.246 422.0 
238.362 423.0 
238.362 424.0 
238.014 425.0 
238.13 426.0 
238.362 427.0 
238.246 428.0 
237.898 429.0 
238.13 430.0 
238.362 431.0 
238.362 432.0 
238.362 433.0 
237.898 434.0 
238.014 435.0 
238.014 436.0 
238.479 437.0 
238.13 438.0 
237.434 439.0 
238.13 440.0 
238.362 441.0 
238.014 442.0 
238.246 443.0 
238.13 444.0 
238.362 445.0 
238.014 446.0 
238.595 447.0 
238.246 448.0 
238.595 449.0 
238.827 450.0 
238.362 451.0 
238.362 452.0 
237.782 453.0 
237.898 454.0 
238.362 455.0 
236.854 456.0 
238.246 457.0 
238.014 458.0 
238.014 459.0 
238.595 460.0 
238.246 461.0 
238.362 462.0 
238.827 463.0 
238.13 464.0 
238.362 465.0 
238.362 466.0 
238.479 467.0 
237.898 468.0 
238.362 469.0 
238.479 470.0 
238.362 471.0 
238.362 472.0 
236.622 473.0 
238.246 474.0 
238.479 475.0 
238.13 476.0 
238.362 477.0 
238.479 478.0 
237.898 479.0 
238.246 480.0 
238.595 481.0 
238.13 482.0 
238.943 483.0 
238.362 484.0 
238.479 485.0 
238.13 486.0 
237.898 487.0 
238.711 488.0 
238.362 489.0 
238.13 490.0 
238.362 491.0 
238.13 492.0 
238.362 493.0 
238.479 494.0 
238.014 495.0 
238.014 496.0 
237.898 497.0 
238.595 498.0 
238.13 499.0 
238.13 500.0 
238.014 501.0 
238.362 502.0 
238.246 503.0 
238.362 504.0 
238.246 505.0 
238.827 506.0 
235.577 507.0 
240.916 508.0 
237.898 509.0 
238.13 510.0 
238.246 511.0 
238.362 512.0 
238.246 513.0 
238.246 514.0 
238.13 515.0 
238.246 516.0 
240.799 517.0 
237.55 518.0 
237.55 519.0 
237.666 520.0 
237.898 521.0 
238.014 522.0 
238.246 523.0 
238.13 524.0 
238.13 525.0 
238.014 526.0 
238.014 527.0 
237.782 528.0 
237.782 529.0 
237.898 530.0 
238.362 531.0 
238.479 532.0 
239.523 533.0 
238.014 534.0 
238.479 535.0 
238.13 536.0 
238.246 537.0 
237.666 538.0 
237.898 539.0 
238.13 540.0 
238.362 541.0 
237.666 542.0 
238.014 543.0 
238.13 544.0 
237.782 545.0 
237.898 546.0 
238.362 547.0 
237.898 548.0 
238.014 549.0 
238.13 550.0 
237.086 551.0 
238.362 552.0 
238.13 553.0 
237.55 554.0 
238.014 555.0 
238.362 556.0 
238.246 557.0 
237.782 558.0 
232.444 559.0 
238.362 560.0 
237.898 561.0 
237.318 562.0 
238.246 563.0 
238.479 564.0 
237.55 565.0 
238.479 566.0 
237.898 567.0 
238.014 568.0 
238.13 569.0 
238.014 570.0 
238.711 571.0 
237.782 572.0 
237.666 573.0 
238.014 574.0 
237.898 575.0 
238.246 576.0 
238.014 577.0 
237.782 578.0 
238.479 579.0 
238.246 580.0 
237.898 581.0 
238.014 582.0 
238.362 583.0 
238.246 584.0 
232.676 585.0 
238.246 586.0 
238.362 587.0 
238.362 588.0 
238.13 589.0 
238.711 590.0 
238.13 591.0 
238.479 592.0 
238.014 593.0 
237.898 594.0 
238.13 595.0 
238.014 596.0 
237.782 597.0 
238.014 598.0 
237.898 599.0 
238.13 600.0 
238.479 601.0 
238.595 602.0 
238.362 603.0 
238.13 604.0 
238.479 605.0 
238.13 606.0 
238.246 607.0 
237.55 608.0 
238.014 609.0 
238.362 610.0 
238.479 611.0 
238.362 612.0 
238.13 613.0 
238.13 614.0 
237.434 615.0 
237.898 616.0 
238.362 617.0 
237.666 618.0 
238.13 619.0 
235.461 620.0 
238.014 621.0 
238.014 622.0 
238.362 623.0 
238.246 624.0 
238.595 625.0 
238.014 626.0 
238.246 627.0 
238.362 628.0 
238.014 629.0 
238.246 630.0 
238.479 631.0 
237.782 632.0 
238.014 633.0 
240.103 634.0 
238.246 635.0 
238.479 636.0 
238.014 637.0 
238.13 638.0 
238.362 639.0 
238.595 640.0 
237.782 641.0 
238.014 642.0 
238.246 643.0 
237.898 644.0 
237.898 645.0 
238.362 646.0 
238.595 647.0 
238.014 648.0 
238.014 649.0 
238.362 650.0 
238.246 651.0 
237.898 652.0 
237.782 653.0 
238.479 654.0 
237.898 655.0 
238.13 656.0 
238.13 657.0 
238.246 658.0 
238.246 659.0 
238.595 660.0 
238.13 661.0 
238.362 662.0 
238.014 663.0 
238.362 664.0 
238.362 665.0 
238.711 666.0 
238.13 667.0 
238.246 668.0 
238.479 669.0 
238.479 670.0 
238.014 671.0 
238.13 672.0 
238.014 673.0 
238.014 674.0 
238.13 675.0 
237.782 676.0 
237.666 677.0 
238.13 678.0 
238.014 679.0 
238.595 680.0 
238.014 681.0 
238.13 682.0 
238.246 683.0 
238.362 684.0 
238.13 685.0 
238.362 686.0 
237.782 687.0 
238.13 688.0 
237.782 689.0 
238.362 690.0 
238.479 691.0 
238.595 692.0 
237.782 693.0 
238.13 694.0 
237.898 695.0 
238.246 696.0 
237.666 697.0 
238.014 698.0 
237.434 699.0 
237.898 700.0 
237.898 701.0 
238.014 702.0 
238.246 703.0 
238.362 704.0 
238.362 705.0 
238.595 706.0 
238.13 707.0 
238.246 708.0 
238.246 709.0 
238.362 710.0 
238.479 711.0 
238.246 712.0 
238.246 713.0 
238.479 714.0 
236.158 715.0 
237.55 716.0 
237.55 717.0 
238.13 718.0 
238.362 719.0 
238.362 720.0 
237.898 721.0 
237.898 722.0 
238.13 723.0 
238.479 724.0 
238.479 725.0 
237.898 726.0 
238.479 727.0 
238.246 728.0 
238.014 729.0 
238.246 730.0 
238.362 731.0 
238.479 732.0 
238.13 733.0 
238.13 734.0 
238.362 735.0 
238.362 736.0 
238.362 737.0 
238.246 738.0 
237.666 739.0 
237.666 740.0 
238.014 741.0 
238.014 742.0 
238.362 743.0 
237.782 744.0 
238.13 745.0 
238.014 746.0 
238.246 747.0 
238.014 748.0 
237.898 749.0 
238.13 750.0 
238.13 751.0 
237.782 752.0 
237.782 753.0 
237.898 754.0 
238.13 755.0 
237.898 756.0 
238.13 757.0 
237.318 758.0 
238.362 759.0 
238.13 760.0 
238.014 761.0 
238.13 762.0 
238.362 763.0 
238.362 764.0 
238.13 765.0 
238.362 766.0 
238.13 767.0 
238.246 768.0 
238.13 769.0 
238.595 770.0 
238.711 771.0 
238.479 772.0 
238.246 773.0 
238.014 774.0 
238.246 775.0 
238.362 776.0 
238.362 777.0 
237.898 778.0 
238.246 779.0 
237.898 780.0 
238.13 781.0 
238.246 782.0 
238.362 783.0 
238.246 784.0 
238.362 785.0 
238.246 786.0 
238.362 787.0 
238.246 788.0 
238.246 789.0 
238.246 790.0 
238.362 791.0 
238.479 792.0 
238.014 793.0 
238.246 794.0 
238.362 795.0 
238.246 796.0 
238.014 797.0 
238.362 798.0 
238.014 799.0 
238.13 800.0 
237.898 801.0 
238.014 802.0 
238.246 803.0 
238.13 804.0 
0.032 805.0 
0.032 806.0 
0.022 807.0 
0.014 808.0 
0.008 809.0 
-0.005 810.0 
-0.022 811.0 
-0.037 812.0 
-0.069 813.0 
-0.083 814.0 
-0.09 815.0 
-0.099 816.0 
-0.11 817.0 
-0.115 818.0 
-0.115 819.0 
-0.113 820.0 
-0.113 821.0 
-0.12 822.0 
-0.109 823.0 
-0.095 824.0 
-0.086 825.0 
-0.085 826.0 
-0.073 827.0 
-0.066 828.0 
-0.054 829.0 
