-0.071 257.0 
-0.037 258.0 
-0.042 259.0 
-0.044 260.0 
-0.05 261.0 
-0.038 262.0 
-0.026 263.0 
-0.043 264.0 
-0.047 265.0 
-0.049 266.0 
-0.048 267.0 
-0.068 268.0 
-0.064 269.0 
-0.052 270.0 
-0.053 271.0 
-0.052 272.0 
-0.056 273.0 
-0.052 274.0 
255.886 275.0 
252.404 276.0 
250.78 277.0 
248.923 278.0 
247.182 279.0 
245.093 280.0 
243.12 281.0 
241.264 282.0 
239.175 283.0 
238.827 284.0 
238.595 285.0 
238.014 286.0 
237.782 287.0 
237.782 288.0 
237.55 289.0 
237.086 290.0 
236.506 291.0 
236.854 292.0 
236.506 293.0 
235.113 294.0 
235.925 295.0 
235.693 296.0 
235.809 297.0 
235.345 298.0 
235.693 299.0 
234.069 300.0 
234.997 301.0 
234.881 302.0 
234.301 303.0 
234.301 304.0 
236.274 305.0 
234.301 306.0 
234.185 307.0 
233.953 308.0 
234.185 309.0 
233.605 310.0 
233.953 311.0 
233.605 312.0 
234.069 313.0 
233.372 314.0 
233.721 315.0 
233.605 316.0 
233.837 317.0 
233.372 318.0 
228.266 319.0 
233.605 320.0 
233.14 321.0 
233.605 322.0 
233.372 323.0 
233.837 324.0 
233.605 325.0 
233.488 326.0 
233.256 327.0 
233.024 328.0 
237.086 329.0 
233.837 330.0 
233.14 331.0 
234.185 332.0 
233.488 333.0 
233.488 334.0 
233.605 335.0 
233.488 336.0 
233.256 337.0 
233.372 338.0 
234.533 339.0 
233.372 340.0 
233.605 341.0 
233.024 342.0 
231.864 343.0 
233.372 344.0 
233.372 345.0 
233.14 346.0 
233.024 347.0 
232.908 348.0 
233.372 349.0 
233.14 350.0 
233.256 351.0 
233.256 352.0 
233.372 353.0 
232.56 354.0 
230.935 355.0 
233.721 356.0 
233.488 357.0 
233.721 358.0 
233.721 359.0 
233.721 360.0 
233.837 361.0 
233.488 362.0 
233.256 363.0 
233.024 364.0 
233.256 365.0 
233.372 366.0 
233.488 367.0 
233.372 368.0 
233.372 369.0 
233.256 370.0 
233.372 371.0 
233.721 372.0 
233.721 373.0 
233.488 374.0 
233.721 375.0 
234.301 376.0 
233.14 377.0 
233.372 378.0 
233.721 379.0 
233.488 380.0 
233.488 381.0 
231.284 382.0 
233.372 383.0 
233.488 384.0 
233.488 385.0 
233.605 386.0 
232.908 387.0 
233.024 388.0 
233.372 389.0 
233.256 390.0 
233.372 391.0 
233.372 392.0 
233.837 393.0 
233.488 394.0 
233.605 395.0 
233.953 396.0 
233.14 397.0 
233.721 398.0 
232.676 399.0 
233.605 400.0 
233.605 401.0 
233.372 402.0 
233.605 403.0 
233.256 404.0 
233.488 405.0 
233.256 406.0 
233.488 407.0 
233.14 408.0 
233.372 409.0 
233.14 410.0 
233.256 411.0 
233.837 412.0 
233.953 413.0 
233.605 414.0 
233.256 415.0 
233.837 416.0 
233.488 417.0 
233.721 418.0 
233.488 419.0 
233.488 420.0 
233.837 421.0 
233.256 422.0 
233.488 423.0 
233.605 424.0 
233.605 425.0 
233.837 426.0 
233.721 427.0 
233.256 428.0 
233.256 429.0 
233.14 430.0 
233.605 431.0 
233.488 432.0 
233.837 433.0 
233.372 434.0 
233.488 435.0 
233.721 436.0 
233.837 437.0 
233.256 438.0 
233.024 439.0 
233.605 440.0 
233.605 441.0 
233.372 442.0 
233.721 443.0 
233.372 444.0 
233.372 445.0 
233.14 446.0 
233.837 447.0 
233.837 448.0 
235.113 449.0 
233.605 450.0 
233.372 451.0 
233.605 452.0 
233.372 453.0 
233.488 454.0 
233.721 455.0 
231.632 456.0 
233.372 457.0 
233.372 458.0 
233.605 459.0 
233.605 460.0 
233.721 461.0 
233.605 462.0 
233.721 463.0 
233.372 464.0 
233.721 465.0 
233.605 466.0 
233.605 467.0 
233.372 468.0 
233.837 469.0 
233.488 470.0 
233.605 471.0 
233.837 472.0 
231.748 473.0 
233.837 474.0 
233.953 475.0 
233.721 476.0 
233.488 477.0 
233.837 478.0 
233.605 479.0 
233.953 480.0 
234.069 481.0 
233.605 482.0 
233.605 483.0 
233.721 484.0 
233.721 485.0 
233.605 486.0 
233.372 487.0 
233.837 488.0 
233.372 489.0 
233.488 490.0 
233.721 491.0 
233.605 492.0 
233.837 493.0 
233.953 494.0 
233.721 495.0 
233.721 496.0 
233.953 497.0 
233.721 498.0 
233.372 499.0 
233.488 500.0 
233.837 501.0 
233.372 502.0 
233.14 503.0 
233.488 504.0 
233.256 505.0 
233.605 506.0 
231.516 507.0 
235.693 508.0 
232.792 509.0 
233.256 510.0 
233.372 511.0 
233.372 512.0 
233.837 513.0 
233.721 514.0 
233.721 515.0 
232.444 516.0 
235.113 517.0 
233.14 518.0 
233.256 519.0 
233.372 520.0 
233.488 521.0 
233.372 522.0 
233.256 523.0 
233.14 524.0 
233.256 525.0 
233.14 526.0 
233.256 527.0 
233.024 528.0 
233.372 529.0 
233.256 530.0 
233.372 531.0 
233.721 532.0 
236.854 533.0 
233.256 534.0 
233.721 535.0 
233.488 536.0 
233.721 537.0 
233.024 538.0 
233.488 539.0 
233.605 540.0 
233.953 541.0 
233.605 542.0 
233.837 543.0 
233.14 544.0 
232.908 545.0 
232.908 546.0 
233.721 547.0 
233.024 548.0 
233.372 549.0 
233.372 550.0 
232.444 551.0 
233.837 552.0 
233.372 553.0 
233.372 554.0 
233.488 555.0 
233.721 556.0 
233.721 557.0 
233.14 558.0 
227.802 559.0 
233.721 560.0 
233.372 561.0 
232.676 562.0 
233.372 563.0 
233.256 564.0 
232.908 565.0 
233.488 566.0 
233.14 567.0 
233.256 568.0 
233.14 569.0 
233.605 570.0 
233.605 571.0 
233.721 572.0 
233.256 573.0 
233.372 574.0 
233.372 575.0 
233.953 576.0 
233.372 577.0 
233.488 578.0 
233.488 579.0 
233.721 580.0 
233.721 581.0 
233.372 582.0 
233.488 583.0 
233.256 584.0 
228.963 585.0 
233.488 586.0 
233.488 587.0 
233.488 588.0 
233.372 589.0 
233.605 590.0 
233.256 591.0 
233.953 592.0 
233.372 593.0 
233.488 594.0 
233.721 595.0 
233.256 596.0 
233.372 597.0 
233.372 598.0 
233.721 599.0 
233.605 600.0 
234.185 601.0 
233.256 602.0 
233.488 603.0 
233.488 604.0 
233.721 605.0 
233.256 606.0 
233.488 607.0 
233.256 608.0 
233.488 609.0 
233.837 610.0 
233.14 611.0 
233.488 612.0 
233.372 613.0 
233.605 614.0 
233.488 615.0 
233.256 616.0 
233.721 617.0 
233.256 618.0 
233.837 619.0 
231.98 620.0 
233.953 621.0 
233.488 622.0 
233.14 623.0 
233.372 624.0 
234.069 625.0 
233.256 626.0 
233.721 627.0 
233.721 628.0 
233.256 629.0 
233.256 630.0 
233.721 631.0 
233.372 632.0 
233.605 633.0 
235.113 634.0 
233.372 635.0 
233.605 636.0 
233.721 637.0 
233.488 638.0 
233.256 639.0 
233.721 640.0 
233.14 641.0 
233.024 642.0 
233.605 643.0 
233.605 644.0 
233.372 645.0 
233.488 646.0 
233.953 647.0 
233.14 648.0 
233.372 649.0 
233.837 650.0 
232.908 651.0 
233.024 652.0 
233.372 653.0 
233.953 654.0 
233.14 655.0 
233.605 656.0 
233.605 657.0 
233.721 658.0 
233.605 659.0 
233.837 660.0 
233.721 661.0 
233.721 662.0 
233.256 663.0 
233.605 664.0 
233.721 665.0 
233.488 666.0 
233.372 667.0 
233.256 668.0 
233.837 669.0 
233.605 670.0 
233.14 671.0 
233.721 672.0 
233.605 673.0 
233.837 674.0 
233.14 675.0 
233.372 676.0 
233.372 677.0 
233.605 678.0 
233.488 679.0 
233.837 680.0 
233.605 681.0 
233.488 682.0 
233.605 683.0 
233.837 684.0 
233.605 685.0 
233.605 686.0 
232.676 687.0 
233.605 688.0 
233.605 689.0 
233.605 690.0 
233.605 691.0 
233.721 692.0 
233.488 693.0 
233.488 694.0 
233.256 695.0 
233.721 696.0 
233.256 697.0 
233.721 698.0 
233.14 699.0 
233.605 700.0 
233.721 701.0 
233.256 702.0 
233.372 703.0 
233.721 704.0 
233.372 705.0 
233.837 706.0 
233.488 707.0 
233.372 708.0 
233.256 709.0 
233.372 710.0 
233.721 711.0 
233.721 712.0 
233.721 713.0 
233.837 714.0 
232.444 715.0 
233.488 716.0 
233.256 717.0 
233.372 718.0 
233.721 719.0 
233.488 720.0 
233.837 721.0 
233.372 722.0 
233.488 723.0 
233.721 724.0 
233.837 725.0 
233.024 726.0 
233.14 727.0 
233.372 728.0 
233.372 729.0 
233.605 730.0 
233.372 731.0 
233.488 732.0 
233.488 733.0 
233.721 734.0 
233.721 735.0 
233.721 736.0 
234.069 737.0 
233.605 738.0 
233.256 739.0 
233.488 740.0 
233.488 741.0 
233.024 742.0 
233.256 743.0 
233.256 744.0 
233.372 745.0 
233.605 746.0 
233.488 747.0 
233.14 748.0 
233.488 749.0 
233.256 750.0 
233.488 751.0 
233.488 752.0 
233.721 753.0 
233.605 754.0 
233.837 755.0 
233.488 756.0 
233.372 757.0 
233.721 758.0 
233.837 759.0 
233.953 760.0 
233.372 761.0 
233.372 762.0 
233.721 763.0 
233.256 764.0 
233.256 765.0 
233.605 766.0 
233.488 767.0 
233.488 768.0 
233.605 769.0 
233.721 770.0 
233.488 771.0 
233.721 772.0 
233.953 773.0 
233.721 774.0 
233.605 775.0 
233.721 776.0 
233.372 777.0 
233.721 778.0 
233.837 779.0 
233.953 780.0 
233.488 781.0 
233.256 782.0 
233.372 783.0 
233.488 784.0 
233.605 785.0 
233.953 786.0 
233.372 787.0 
233.721 788.0 
233.488 789.0 
233.721 790.0 
233.721 791.0 
233.721 792.0 
233.488 793.0 
233.837 794.0 
233.256 795.0 
233.721 796.0 
233.488 797.0 
233.14 798.0 
233.605 799.0 
233.953 800.0 
233.488 801.0 
233.488 802.0 
233.256 803.0 
233.256 804.0 
0.03 805.0 
0.025 806.0 
0.016 807.0 
0.022 808.0 
0.022 809.0 
0.001 810.0 
-0.006 811.0 
-0.022 812.0 
-0.025 813.0 
-0.044 814.0 
-0.066 815.0 
-0.075 816.0 
-0.083 817.0 
-0.097 818.0 
-0.103 819.0 
-0.105 820.0 
-0.107 821.0 
-0.128 822.0 
-0.119 823.0 
-0.107 824.0 
-0.102 825.0 
-0.107 826.0 
-0.104 827.0 
-0.096 828.0 
-0.095 829.0 
