-0.028 257.0 
-0.032 258.0 
-0.059 259.0 
-0.022 260.0 
-0.025 261.0 
-0.028 262.0 
-0.044 263.0 
-0.034 264.0 
-0.017 265.0 
-0.053 266.0 
-0.043 267.0 
-0.054 268.0 
-0.025 269.0 
-0.013 270.0 
-0.034 271.0 
-0.03 272.0 
-0.037 273.0 
-0.035 274.0 
138.135 275.0 
135.273 276.0 
134.0 277.0 
132.61 278.0 
131.104 279.0 
129.422 280.0 
127.74 281.0 
125.579 282.0 
122.356 283.0 
120.849 284.0 
120.522 285.0 
120.265 286.0 
120.148 287.0 
119.88 288.0 
119.623 289.0 
119.039 290.0 
118.957 291.0 
118.782 292.0 
118.606 293.0 
118.373 294.0 
118.104 295.0 
118.058 296.0 
117.976 297.0 
117.438 298.0 
117.31 299.0 
117.322 300.0 
116.831 301.0 
116.808 302.0 
116.306 303.0 
116.235 304.0 
116.679 305.0 
115.546 306.0 
114.367 307.0 
112.323 308.0 
109.905 309.0 
106.88 310.0 
103.832 311.0 
100.234 312.0 
96.707 313.0 
92.935 314.0 
89.372 315.0 
85.553 316.0 
82.003 317.0 
79.503 318.0 
79.375 319.0 
79.199 320.0 
79.129 321.0 
79.071 322.0 
78.942 323.0 
79.001 324.0 
78.978 325.0 
78.837 326.0 
78.989 327.0 
78.896 328.0 
79.048 329.0 
79.036 330.0 
78.919 331.0 
78.989 332.0 
79.048 333.0 
78.931 334.0 
78.919 335.0 
79.024 336.0 
78.966 337.0 
78.884 338.0 
79.059 339.0 
78.954 340.0 
78.954 341.0 
78.907 342.0 
78.499 343.0 
78.931 344.0 
78.907 345.0 
78.872 346.0 
78.849 347.0 
79.013 348.0 
78.978 349.0 
78.954 350.0 
78.919 351.0 
78.919 352.0 
78.907 353.0 
78.837 354.0 
78.989 355.0 
78.954 356.0 
79.001 357.0 
78.896 358.0 
78.989 359.0 
78.966 360.0 
78.966 361.0 
78.907 362.0 
78.942 363.0 
78.861 364.0 
78.896 365.0 
78.896 366.0 
78.919 367.0 
78.872 368.0 
78.861 369.0 
78.919 370.0 
78.942 371.0 
78.966 372.0 
78.978 373.0 
78.989 374.0 
78.989 375.0 
79.293 376.0 
78.872 377.0 
78.884 378.0 
78.896 379.0 
78.919 380.0 
78.919 381.0 
79.013 382.0 
78.896 383.0 
78.919 384.0 
78.884 385.0 
78.978 386.0 
78.896 387.0 
78.861 388.0 
78.954 389.0 
78.954 390.0 
78.942 391.0 
78.907 392.0 
78.966 393.0 
78.849 394.0 
78.942 395.0 
79.048 396.0 
78.884 397.0 
78.942 398.0 
78.802 399.0 
78.849 400.0 
78.989 401.0 
78.931 402.0 
79.036 403.0 
78.942 404.0 
78.884 405.0 
78.837 406.0 
78.954 407.0 
78.884 408.0 
78.919 409.0 
78.849 410.0 
78.919 411.0 
78.942 412.0 
79.398 413.0 
78.978 414.0 
78.896 415.0 
78.931 416.0 
78.849 417.0 
78.989 418.0 
78.954 419.0 
78.872 420.0 
78.919 421.0 
78.896 422.0 
78.978 423.0 
78.884 424.0 
78.896 425.0 
78.954 426.0 
78.954 427.0 
78.884 428.0 
78.872 429.0 
78.884 430.0 
78.919 431.0 
78.966 432.0 
78.942 433.0 
78.861 434.0 
78.907 435.0 
78.931 436.0 
78.989 437.0 
78.849 438.0 
78.872 439.0 
78.872 440.0 
78.896 441.0 
78.872 442.0 
78.896 443.0 
78.861 444.0 
78.861 445.0 
78.861 446.0 
78.978 447.0 
78.931 448.0 
78.942 449.0 
79.27 450.0 
78.896 451.0 
78.884 452.0 
78.861 453.0 
78.826 454.0 
78.954 455.0 
78.756 456.0 
78.884 457.0 
78.826 458.0 
78.919 459.0 
78.954 460.0 
78.907 461.0 
78.884 462.0 
78.978 463.0 
78.907 464.0 
78.907 465.0 
78.978 466.0 
78.896 467.0 
78.849 468.0 
78.919 469.0 
78.896 470.0 
78.872 471.0 
78.884 472.0 
78.767 473.0 
78.896 474.0 
78.954 475.0 
78.907 476.0 
78.872 477.0 
78.884 478.0 
78.791 479.0 
78.907 480.0 
78.978 481.0 
78.861 482.0 
78.931 483.0 
78.849 484.0 
78.896 485.0 
78.802 486.0 
78.861 487.0 
78.954 488.0 
78.884 489.0 
78.907 490.0 
78.954 491.0 
78.896 492.0 
78.919 493.0 
78.919 494.0 
78.837 495.0 
78.861 496.0 
78.919 497.0 
78.942 498.0 
78.826 499.0 
78.861 500.0 
78.884 501.0 
78.907 502.0 
78.802 503.0 
78.826 504.0 
78.814 505.0 
78.872 506.0 
78.849 507.0 
78.966 508.0 
78.802 509.0 
78.826 510.0 
78.849 511.0 
78.837 512.0 
78.872 513.0 
78.896 514.0 
78.919 515.0 
78.966 516.0 
79.164 517.0 
78.662 518.0 
78.744 519.0 
78.791 520.0 
78.767 521.0 
78.767 522.0 
78.779 523.0 
78.802 524.0 
78.791 525.0 
78.779 526.0 
78.779 527.0 
78.686 528.0 
78.732 529.0 
78.721 530.0 
78.744 531.0 
78.884 532.0 
78.837 533.0 
78.779 534.0 
78.791 535.0 
78.767 536.0 
78.767 537.0 
78.627 538.0 
78.639 539.0 
78.604 540.0 
78.709 541.0 
78.686 542.0 
78.65 543.0 
78.592 544.0 
78.557 545.0 
78.522 546.0 
78.65 547.0 
78.58 548.0 
78.557 549.0 
78.487 550.0 
78.417 551.0 
78.545 552.0 
78.522 553.0 
78.487 554.0 
78.417 555.0 
78.557 556.0 
78.545 557.0 
78.452 558.0 
78.16 559.0 
78.522 560.0 
78.499 561.0 
78.405 562.0 
78.557 563.0 
78.499 564.0 
78.394 565.0 
78.51 566.0 
78.522 567.0 
78.405 568.0 
78.51 569.0 
78.475 570.0 
78.592 571.0 
78.51 572.0 
78.417 573.0 
78.487 574.0 
78.487 575.0 
78.557 576.0 
78.487 577.0 
78.464 578.0 
78.58 579.0 
78.51 580.0 
78.58 581.0 
78.569 582.0 
78.58 583.0 
78.557 584.0 
78.615 585.0 
78.545 586.0 
78.475 587.0 
78.557 588.0 
78.487 589.0 
78.534 590.0 
78.475 591.0 
78.58 592.0 
78.487 593.0 
78.499 594.0 
78.452 595.0 
78.58 596.0 
78.522 597.0 
78.545 598.0 
78.487 599.0 
78.522 600.0 
78.627 601.0 
78.557 602.0 
78.569 603.0 
78.499 604.0 
78.604 605.0 
78.475 606.0 
78.557 607.0 
78.429 608.0 
78.534 609.0 
78.639 610.0 
78.51 611.0 
78.604 612.0 
78.44 613.0 
78.534 614.0 
78.44 615.0 
78.51 616.0 
78.627 617.0 
78.44 618.0 
78.58 619.0 
78.16 620.0 
78.487 621.0 
78.557 622.0 
78.44 623.0 
78.51 624.0 
78.604 625.0 
78.464 626.0 
78.534 627.0 
78.604 628.0 
78.475 629.0 
78.522 630.0 
78.627 631.0 
78.487 632.0 
78.557 633.0 
78.627 634.0 
78.522 635.0 
78.569 636.0 
78.592 637.0 
78.487 638.0 
78.522 639.0 
78.592 640.0 
78.452 641.0 
78.487 642.0 
78.569 643.0 
78.44 644.0 
78.487 645.0 
78.534 646.0 
78.58 647.0 
78.464 648.0 
78.522 649.0 
78.569 650.0 
78.429 651.0 
78.487 652.0 
78.534 653.0 
78.592 654.0 
78.429 655.0 
78.487 656.0 
78.545 657.0 
78.58 658.0 
78.464 659.0 
78.545 660.0 
78.557 661.0 
78.615 662.0 
78.452 663.0 
78.51 664.0 
78.58 665.0 
78.615 666.0 
78.487 667.0 
78.475 668.0 
78.534 669.0 
78.615 670.0 
78.452 671.0 
78.464 672.0 
78.522 673.0 
78.557 674.0 
78.604 675.0 
78.429 676.0 
78.534 677.0 
78.534 678.0 
78.522 679.0 
78.58 680.0 
78.475 681.0 
78.452 682.0 
78.487 683.0 
78.557 684.0 
78.569 685.0 
78.627 686.0 
78.429 687.0 
78.499 688.0 
78.522 689.0 
78.545 690.0 
78.592 691.0 
78.627 692.0 
78.452 693.0 
78.475 694.0 
78.557 695.0 
78.545 696.0 
78.557 697.0 
78.58 698.0 
78.312 699.0 
78.464 700.0 
78.452 701.0 
78.522 702.0 
78.522 703.0 
78.545 704.0 
78.522 705.0 
78.604 706.0 
78.452 707.0 
78.487 708.0 
78.487 709.0 
78.522 710.0 
78.534 711.0 
78.534 712.0 
78.58 713.0 
78.58 714.0 
78.405 715.0 
78.452 716.0 
78.44 717.0 
78.452 718.0 
78.452 719.0 
78.464 720.0 
78.534 721.0 
78.545 722.0 
78.569 723.0 
78.58 724.0 
78.58 725.0 
78.429 726.0 
78.464 727.0 
78.429 728.0 
78.452 729.0 
78.475 730.0 
78.51 731.0 
78.522 732.0 
78.557 733.0 
78.557 734.0 
78.569 735.0 
78.58 736.0 
78.615 737.0 
78.604 738.0 
78.37 739.0 
78.44 740.0 
78.464 741.0 
78.452 742.0 
78.417 743.0 
78.44 744.0 
78.429 745.0 
78.429 746.0 
78.44 747.0 
78.475 748.0 
78.475 749.0 
78.487 750.0 
78.522 751.0 
78.51 752.0 
78.522 753.0 
78.522 754.0 
78.522 755.0 
78.499 756.0 
78.557 757.0 
78.534 758.0 
78.522 759.0 
78.522 760.0 
78.522 761.0 
78.51 762.0 
78.557 763.0 
78.522 764.0 
78.534 765.0 
78.51 766.0 
78.545 767.0 
78.499 768.0 
78.51 769.0 
78.534 770.0 
78.557 771.0 
78.534 772.0 
78.557 773.0 
78.534 774.0 
78.534 775.0 
78.569 776.0 
78.534 777.0 
78.51 778.0 
78.545 779.0 
78.522 780.0 
78.534 781.0 
78.499 782.0 
78.545 783.0 
78.522 784.0 
78.522 785.0 
78.545 786.0 
78.51 787.0 
78.499 788.0 
78.557 789.0 
78.51 790.0 
78.545 791.0 
78.522 792.0 
78.545 793.0 
78.522 794.0 
78.522 795.0 
78.545 796.0 
78.499 797.0 
78.51 798.0 
78.534 799.0 
78.534 800.0 
78.534 801.0 
78.534 802.0 
78.51 803.0 
78.51 804.0 
-0.004 805.0 
0.001 806.0 
0.002 807.0 
-0.005 808.0 
0.005 809.0 
0.0 810.0 
0.0 811.0 
-0.001 812.0 
-0.001 813.0 
-0.006 814.0 
-0.01 815.0 
0.006 816.0 
-0.005 817.0 
-0.006 818.0 
-0.01 819.0 
-0.002 820.0 
-0.004 821.0 
-0.011 822.0 
-0.018 823.0 
-0.011 824.0 
-0.018 825.0 
-0.018 826.0 
-0.016 827.0 
-0.016 828.0 
-0.023 829.0 
