-0.024 257.0 
-0.043 258.0 
-0.117 259.0 
-0.054 260.0 
-0.03 261.0 
-0.044 262.0 
-0.052 263.0 
-0.028 264.0 
-0.007 265.0 
-0.016 266.0 
-0.019 267.0 
-0.024 268.0 
-0.022 269.0 
-0.035 270.0 
-0.025 271.0 
-0.019 272.0 
-0.018 273.0 
-0.025 274.0 
136.908 275.0 
134.094 276.0 
133.253 277.0 
132.12 278.0 
130.835 279.0 
129.036 280.0 
127.483 281.0 
125.684 282.0 
123.442 283.0 
121.853 284.0 
121.515 285.0 
121.211 286.0 
121.071 287.0 
120.872 288.0 
120.615 289.0 
120.674 290.0 
119.856 291.0 
119.681 292.0 
119.494 293.0 
119.436 294.0 
118.91 295.0 
118.793 296.0 
118.758 297.0 
118.291 298.0 
118.046 299.0 
117.976 300.0 
117.415 301.0 
117.287 302.0 
116.726 303.0 
116.609 304.0 
116.481 305.0 
115.815 306.0 
114.647 307.0 
112.533 308.0 
110.162 309.0 
106.833 310.0 
103.493 311.0 
99.814 312.0 
96.147 313.0 
92.035 314.0 
88.263 315.0 
84.28 316.0 
80.718 317.0 
78.452 318.0 
78.335 319.0 
78.137 320.0 
77.926 321.0 
78.02 322.0 
77.926 323.0 
78.008 324.0 
77.95 325.0 
77.926 326.0 
77.973 327.0 
77.915 328.0 
78.055 329.0 
77.973 330.0 
77.915 331.0 
78.008 332.0 
77.996 333.0 
77.938 334.0 
77.996 335.0 
77.973 336.0 
77.985 337.0 
77.903 338.0 
78.043 339.0 
77.926 340.0 
77.903 341.0 
77.903 342.0 
77.95 343.0 
77.961 344.0 
77.915 345.0 
77.891 346.0 
77.868 347.0 
78.02 348.0 
77.938 349.0 
77.903 350.0 
77.891 351.0 
77.938 352.0 
77.903 353.0 
77.798 354.0 
77.973 355.0 
77.891 356.0 
77.961 357.0 
77.938 358.0 
77.996 359.0 
77.891 360.0 
77.95 361.0 
77.915 362.0 
77.926 363.0 
77.868 364.0 
77.915 365.0 
77.903 366.0 
77.95 367.0 
77.868 368.0 
77.926 369.0 
77.903 370.0 
77.926 371.0 
77.961 372.0 
77.985 373.0 
77.985 374.0 
77.996 375.0 
77.985 376.0 
77.798 377.0 
77.891 378.0 
77.868 379.0 
77.903 380.0 
77.903 381.0 
78.02 382.0 
77.88 383.0 
77.868 384.0 
77.88 385.0 
77.973 386.0 
77.88 387.0 
77.833 388.0 
77.938 389.0 
77.915 390.0 
77.926 391.0 
77.915 392.0 
78.02 393.0 
77.821 394.0 
77.915 395.0 
77.985 396.0 
77.845 397.0 
77.926 398.0 
77.763 399.0 
77.845 400.0 
77.915 401.0 
77.926 402.0 
77.961 403.0 
77.926 404.0 
77.868 405.0 
77.833 406.0 
77.938 407.0 
77.88 408.0 
77.903 409.0 
77.833 410.0 
77.903 411.0 
77.95 412.0 
77.985 413.0 
77.95 414.0 
77.88 415.0 
77.88 416.0 
77.845 417.0 
78.078 418.0 
77.926 419.0 
77.833 420.0 
77.88 421.0 
77.891 422.0 
77.938 423.0 
77.88 424.0 
77.88 425.0 
77.926 426.0 
77.926 427.0 
77.833 428.0 
77.845 429.0 
77.845 430.0 
77.915 431.0 
77.926 432.0 
77.938 433.0 
77.833 434.0 
77.845 435.0 
77.891 436.0 
78.031 437.0 
77.821 438.0 
77.856 439.0 
77.88 440.0 
77.845 441.0 
77.833 442.0 
77.868 443.0 
77.845 444.0 
77.856 445.0 
77.833 446.0 
77.938 447.0 
77.926 448.0 
77.95 449.0 
78.195 450.0 
77.856 451.0 
77.891 452.0 
77.88 453.0 
77.81 454.0 
77.903 455.0 
77.856 456.0 
77.833 457.0 
77.833 458.0 
77.903 459.0 
77.915 460.0 
77.868 461.0 
77.856 462.0 
77.938 463.0 
77.845 464.0 
77.915 465.0 
77.903 466.0 
77.868 467.0 
77.81 468.0 
77.926 469.0 
77.856 470.0 
77.903 471.0 
77.88 472.0 
77.915 473.0 
77.891 474.0 
77.926 475.0 
77.868 476.0 
77.81 477.0 
77.821 478.0 
77.763 479.0 
77.856 480.0 
77.95 481.0 
77.868 482.0 
77.915 483.0 
77.81 484.0 
77.88 485.0 
77.856 486.0 
77.845 487.0 
77.926 488.0 
77.856 489.0 
77.856 490.0 
77.903 491.0 
77.88 492.0 
77.856 493.0 
77.891 494.0 
77.786 495.0 
77.786 496.0 
77.88 497.0 
77.915 498.0 
77.786 499.0 
77.798 500.0 
77.845 501.0 
77.903 502.0 
77.763 503.0 
77.786 504.0 
77.821 505.0 
77.88 506.0 
77.81 507.0 
77.985 508.0 
77.786 509.0 
77.786 510.0 
77.81 511.0 
77.821 512.0 
77.856 513.0 
77.868 514.0 
77.88 515.0 
77.891 516.0 
77.915 517.0 
77.704 518.0 
77.728 519.0 
77.704 520.0 
77.775 521.0 
77.751 522.0 
77.751 523.0 
77.728 524.0 
77.716 525.0 
77.739 526.0 
77.739 527.0 
77.681 528.0 
77.704 529.0 
77.669 530.0 
77.704 531.0 
77.81 532.0 
77.81 533.0 
77.751 534.0 
77.739 535.0 
77.704 536.0 
77.681 537.0 
77.611 538.0 
77.564 539.0 
77.541 540.0 
77.623 541.0 
77.553 542.0 
77.518 543.0 
77.494 544.0 
77.459 545.0 
77.448 546.0 
77.518 547.0 
77.494 548.0 
77.424 549.0 
77.401 550.0 
77.307 551.0 
77.471 552.0 
77.436 553.0 
77.377 554.0 
77.342 555.0 
77.448 556.0 
77.389 557.0 
77.342 558.0 
77.027 559.0 
77.401 560.0 
77.342 561.0 
77.319 562.0 
77.436 563.0 
77.342 564.0 
77.272 565.0 
77.436 566.0 
77.377 567.0 
77.319 568.0 
77.412 569.0 
77.366 570.0 
77.459 571.0 
77.389 572.0 
77.331 573.0 
77.366 574.0 
77.342 575.0 
77.448 576.0 
77.354 577.0 
77.331 578.0 
77.448 579.0 
77.354 580.0 
77.483 581.0 
77.412 582.0 
77.436 583.0 
77.424 584.0 
77.506 585.0 
77.412 586.0 
77.377 587.0 
77.448 588.0 
77.354 589.0 
77.483 590.0 
77.366 591.0 
77.459 592.0 
77.366 593.0 
77.389 594.0 
77.342 595.0 
77.436 596.0 
77.354 597.0 
77.424 598.0 
77.319 599.0 
77.436 600.0 
77.518 601.0 
77.424 602.0 
77.506 603.0 
77.389 604.0 
77.471 605.0 
77.366 606.0 
77.448 607.0 
77.331 608.0 
77.401 609.0 
77.494 610.0 
77.389 611.0 
77.459 612.0 
77.389 613.0 
77.436 614.0 
77.331 615.0 
77.389 616.0 
77.459 617.0 
77.342 618.0 
77.412 619.0 
77.144 620.0 
77.366 621.0 
77.448 622.0 
77.354 623.0 
77.401 624.0 
77.518 625.0 
77.354 626.0 
77.471 627.0 
77.459 628.0 
77.377 629.0 
77.401 630.0 
77.471 631.0 
77.377 632.0 
77.459 633.0 
77.541 634.0 
77.377 635.0 
77.436 636.0 
77.471 637.0 
77.342 638.0 
77.424 639.0 
77.448 640.0 
77.331 641.0 
77.377 642.0 
77.459 643.0 
77.331 644.0 
77.412 645.0 
77.436 646.0 
77.494 647.0 
77.366 648.0 
77.389 649.0 
77.471 650.0 
77.331 651.0 
77.354 652.0 
77.401 653.0 
77.494 654.0 
77.307 655.0 
77.354 656.0 
77.401 657.0 
77.459 658.0 
77.354 659.0 
77.377 660.0 
77.459 661.0 
77.506 662.0 
77.307 663.0 
77.401 664.0 
77.448 665.0 
77.471 666.0 
77.342 667.0 
77.412 668.0 
77.436 669.0 
77.494 670.0 
77.319 671.0 
77.366 672.0 
77.389 673.0 
77.448 674.0 
77.412 675.0 
77.331 676.0 
77.377 677.0 
77.389 678.0 
77.412 679.0 
77.448 680.0 
77.319 681.0 
77.331 682.0 
77.389 683.0 
77.401 684.0 
77.494 685.0 
77.506 686.0 
77.331 687.0 
77.366 688.0 
77.377 689.0 
77.424 690.0 
77.471 691.0 
77.483 692.0 
77.342 693.0 
77.342 694.0 
77.366 695.0 
77.412 696.0 
77.424 697.0 
77.412 698.0 
77.097 699.0 
77.319 700.0 
77.366 701.0 
77.377 702.0 
77.412 703.0 
77.389 704.0 
77.459 705.0 
77.483 706.0 
77.307 707.0 
77.366 708.0 
77.342 709.0 
77.377 710.0 
77.436 711.0 
77.448 712.0 
77.436 713.0 
77.471 714.0 
77.483 715.0 
77.307 716.0 
77.354 717.0 
77.377 718.0 
77.377 719.0 
77.401 720.0 
77.448 721.0 
77.412 722.0 
77.412 723.0 
77.471 724.0 
77.471 725.0 
77.331 726.0 
77.331 727.0 
77.354 728.0 
77.377 729.0 
77.354 730.0 
77.366 731.0 
77.412 732.0 
77.412 733.0 
77.436 734.0 
77.448 735.0 
77.471 736.0 
77.459 737.0 
77.506 738.0 
77.191 739.0 
77.319 740.0 
77.319 741.0 
77.342 742.0 
77.319 743.0 
77.354 744.0 
77.319 745.0 
77.331 746.0 
77.354 747.0 
77.354 748.0 
77.401 749.0 
77.354 750.0 
77.389 751.0 
77.354 752.0 
77.389 753.0 
77.401 754.0 
77.412 755.0 
77.389 756.0 
77.389 757.0 
77.389 758.0 
77.401 759.0 
77.377 760.0 
77.412 761.0 
77.401 762.0 
77.389 763.0 
77.377 764.0 
77.424 765.0 
77.448 766.0 
77.389 767.0 
77.412 768.0 
77.436 769.0 
77.436 770.0 
77.424 771.0 
77.436 772.0 
77.412 773.0 
77.389 774.0 
77.424 775.0 
77.436 776.0 
77.448 777.0 
77.401 778.0 
77.401 779.0 
77.401 780.0 
77.389 781.0 
77.401 782.0 
77.424 783.0 
77.389 784.0 
77.412 785.0 
77.448 786.0 
77.436 787.0 
77.412 788.0 
77.424 789.0 
77.424 790.0 
77.424 791.0 
77.436 792.0 
77.412 793.0 
77.448 794.0 
77.377 795.0 
77.377 796.0 
77.412 797.0 
77.389 798.0 
77.377 799.0 
77.377 800.0 
77.377 801.0 
77.377 802.0 
77.389 803.0 
77.389 804.0 
-0.001 805.0 
0.005 806.0 
-0.006 807.0 
-0.002 808.0 
0.001 809.0 
-0.008 810.0 
-0.012 811.0 
-0.02 812.0 
-0.019 813.0 
-0.028 814.0 
-0.041 815.0 
-0.04 816.0 
-0.034 817.0 
-0.04 818.0 
-0.044 819.0 
-0.036 820.0 
-0.044 821.0 
-0.044 822.0 
-0.042 823.0 
-0.035 824.0 
-0.031 825.0 
-0.044 826.0 
-0.02 827.0 
-0.018 828.0 
-0.028 829.0 
