-0.067 257.0 
-0.042 258.0 
-0.053 259.0 
-0.059 260.0 
-0.041 261.0 
-0.059 262.0 
-0.041 263.0 
-0.049 264.0 
-0.046 265.0 
-0.058 266.0 
-0.024 267.0 
-0.056 268.0 
-0.056 269.0 
-0.03 270.0 
-0.034 271.0 
-0.04 272.0 
-0.058 273.0 
-0.059 274.0 
154.942 275.0 
151.625 276.0 
150.2 277.0 
149.149 278.0 
148.366 279.0 
147.56 280.0 
144.991 281.0 
145.189 282.0 
144.5 283.0 
143.904 284.0 
143.461 285.0 
143.215 286.0 
143.005 287.0 
142.76 288.0 
142.55 289.0 
141.872 290.0 
141.79 291.0 
141.569 292.0 
141.382 293.0 
140.833 294.0 
140.739 295.0 
140.599 296.0 
140.763 297.0 
139.922 298.0 
139.7 299.0 
139.303 300.0 
139.081 301.0 
139.034 302.0 
138.473 303.0 
138.392 304.0 
137.936 305.0 
137.878 306.0 
137.598 307.0 
137.072 308.0 
136.967 309.0 
136.383 310.0 
136.254 311.0 
135.717 312.0 
135.565 313.0 
135.098 314.0 
135.016 315.0 
134.701 316.0 
134.094 317.0 
134.129 318.0 
133.837 319.0 
133.697 320.0 
133.369 321.0 
133.311 322.0 
132.996 323.0 
132.949 324.0 
132.669 325.0 
132.4 326.0 
132.4 327.0 
132.155 328.0 
131.723 329.0 
132.061 330.0 
131.91 331.0 
131.688 332.0 
131.968 333.0 
131.816 334.0 
131.583 335.0 
131.828 336.0 
131.793 337.0 
131.559 338.0 
131.547 339.0 
131.653 340.0 
131.606 341.0 
131.547 342.0 
131.489 343.0 
131.559 344.0 
131.547 345.0 
131.489 346.0 
131.396 347.0 
131.337 348.0 
131.536 349.0 
131.489 350.0 
131.396 351.0 
131.431 352.0 
131.407 353.0 
131.291 354.0 
131.232 355.0 
131.361 356.0 
131.501 357.0 
131.419 358.0 
131.512 359.0 
131.384 360.0 
131.431 361.0 
131.314 362.0 
131.337 363.0 
131.255 364.0 
131.314 365.0 
131.337 366.0 
131.337 367.0 
131.244 368.0 
131.279 369.0 
131.279 370.0 
131.337 371.0 
131.337 372.0 
131.349 373.0 
131.396 374.0 
131.512 375.0 
131.22 376.0 
131.267 377.0 
131.232 378.0 
131.302 379.0 
131.267 380.0 
131.267 381.0 
131.15 382.0 
131.255 383.0 
131.232 384.0 
131.244 385.0 
131.384 386.0 
131.22 387.0 
131.139 388.0 
131.244 389.0 
131.174 390.0 
131.267 391.0 
131.209 392.0 
131.361 393.0 
131.08 394.0 
131.244 395.0 
131.127 396.0 
131.127 397.0 
131.232 398.0 
131.022 399.0 
131.115 400.0 
131.092 401.0 
131.232 402.0 
131.314 403.0 
131.22 404.0 
131.162 405.0 
131.08 406.0 
131.162 407.0 
131.092 408.0 
131.15 409.0 
131.057 410.0 
131.174 411.0 
131.244 412.0 
131.209 413.0 
131.22 414.0 
131.127 415.0 
131.185 416.0 
131.057 417.0 
131.127 418.0 
131.185 419.0 
131.057 420.0 
131.127 421.0 
131.174 422.0 
131.22 423.0 
131.045 424.0 
131.127 425.0 
131.174 426.0 
131.197 427.0 
131.104 428.0 
131.08 429.0 
131.104 430.0 
131.162 431.0 
131.197 432.0 
131.197 433.0 
130.963 434.0 
131.01 435.0 
131.045 436.0 
131.045 437.0 
131.034 438.0 
131.057 439.0 
131.01 440.0 
131.022 441.0 
130.987 442.0 
131.069 443.0 
130.999 444.0 
130.987 445.0 
130.975 446.0 
131.069 447.0 
131.092 448.0 
130.999 449.0 
130.963 450.0 
131.069 451.0 
131.057 452.0 
130.999 453.0 
130.963 454.0 
131.115 455.0 
130.917 456.0 
131.045 457.0 
130.987 458.0 
131.15 459.0 
131.466 460.0 
131.104 461.0 
131.057 462.0 
131.185 463.0 
131.08 464.0 
131.08 465.0 
131.185 466.0 
131.092 467.0 
131.022 468.0 
131.104 469.0 
131.022 470.0 
130.94 471.0 
131.057 472.0 
130.987 473.0 
131.069 474.0 
131.489 475.0 
131.104 476.0 
130.975 477.0 
131.057 478.0 
130.905 479.0 
131.115 480.0 
131.209 481.0 
131.08 482.0 
131.15 483.0 
131.022 484.0 
131.069 485.0 
130.975 486.0 
131.092 487.0 
131.115 488.0 
130.952 489.0 
130.999 490.0 
131.15 491.0 
130.999 492.0 
131.022 493.0 
131.104 494.0 
130.987 495.0 
130.999 496.0 
131.01 497.0 
131.15 498.0 
130.952 499.0 
131.01 500.0 
131.057 501.0 
131.115 502.0 
130.893 503.0 
130.963 504.0 
131.01 505.0 
131.057 506.0 
130.847 507.0 
130.847 508.0 
130.905 509.0 
130.905 510.0 
130.882 511.0 
130.917 512.0 
130.987 513.0 
131.057 514.0 
130.753 515.0 
130.963 516.0 
130.858 517.0 
130.847 518.0 
130.893 519.0 
130.905 520.0 
130.905 521.0 
130.94 522.0 
130.952 523.0 
130.94 524.0 
130.893 525.0 
130.893 526.0 
130.905 527.0 
130.882 528.0 
130.847 529.0 
130.87 530.0 
130.823 531.0 
131.069 532.0 
130.882 533.0 
130.999 534.0 
131.045 535.0 
131.01 536.0 
130.952 537.0 
130.928 538.0 
130.928 539.0 
130.905 540.0 
130.975 541.0 
131.069 542.0 
130.987 543.0 
130.963 544.0 
130.917 545.0 
130.87 546.0 
131.092 547.0 
130.963 548.0 
130.975 549.0 
130.893 550.0 
130.905 551.0 
131.034 552.0 
130.963 553.0 
130.905 554.0 
130.823 555.0 
131.01 556.0 
130.952 557.0 
130.882 558.0 
130.823 559.0 
130.987 560.0 
130.928 561.0 
130.812 562.0 
131.01 563.0 
130.893 564.0 
130.8 565.0 
130.999 566.0 
130.905 567.0 
130.788 568.0 
130.928 569.0 
130.835 570.0 
130.73 571.0 
130.928 572.0 
130.788 573.0 
130.963 574.0 
130.823 575.0 
130.917 576.0 
130.87 577.0 
130.823 578.0 
131.034 579.0 
130.928 580.0 
131.092 581.0 
130.975 582.0 
131.127 583.0 
131.01 584.0 
130.917 585.0 
131.022 586.0 
130.87 587.0 
131.022 588.0 
130.835 589.0 
131.022 590.0 
130.87 591.0 
131.022 592.0 
130.893 593.0 
131.022 594.0 
130.882 595.0 
131.01 596.0 
130.858 597.0 
130.963 598.0 
130.87 599.0 
130.963 600.0 
131.15 601.0 
130.917 602.0 
131.092 603.0 
130.87 604.0 
131.057 605.0 
130.835 606.0 
131.045 607.0 
130.742 608.0 
130.963 609.0 
130.823 610.0 
130.917 611.0 
131.022 612.0 
130.858 613.0 
130.905 614.0 
130.8 615.0 
130.905 616.0 
131.045 617.0 
130.858 618.0 
130.999 619.0 
130.812 620.0 
130.928 621.0 
131.034 622.0 
130.847 623.0 
130.952 624.0 
131.092 625.0 
130.87 626.0 
131.01 627.0 
131.092 628.0 
130.882 629.0 
130.999 630.0 
131.104 631.0 
130.905 632.0 
131.022 633.0 
130.847 634.0 
130.882 635.0 
130.94 636.0 
131.092 637.0 
130.87 638.0 
130.917 639.0 
131.092 640.0 
130.882 641.0 
130.928 642.0 
131.034 643.0 
130.835 644.0 
130.917 645.0 
130.999 646.0 
131.104 647.0 
130.847 648.0 
130.905 649.0 
131.022 650.0 
130.812 651.0 
130.882 652.0 
130.963 653.0 
131.022 654.0 
130.73 655.0 
130.87 656.0 
130.952 657.0 
131.022 658.0 
130.87 659.0 
130.94 660.0 
130.987 661.0 
131.104 662.0 
130.858 663.0 
130.975 664.0 
130.999 665.0 
131.115 666.0 
130.87 667.0 
130.905 668.0 
130.987 669.0 
131.057 670.0 
130.823 671.0 
130.87 672.0 
130.917 673.0 
130.987 674.0 
131.092 675.0 
130.753 676.0 
130.905 677.0 
130.952 678.0 
130.999 679.0 
131.034 680.0 
130.788 681.0 
130.893 682.0 
130.835 683.0 
130.999 684.0 
131.045 685.0 
131.104 686.0 
130.823 687.0 
130.823 688.0 
130.87 689.0 
130.987 690.0 
131.057 691.0 
131.092 692.0 
130.812 693.0 
130.858 694.0 
130.917 695.0 
130.882 696.0 
131.022 697.0 
131.045 698.0 
130.777 699.0 
130.882 700.0 
130.87 701.0 
130.963 702.0 
130.975 703.0 
131.01 704.0 
131.08 705.0 
131.069 706.0 
130.823 707.0 
130.835 708.0 
130.882 709.0 
130.893 710.0 
130.952 711.0 
130.987 712.0 
131.022 713.0 
131.057 714.0 
130.788 715.0 
130.812 716.0 
130.847 717.0 
130.882 718.0 
130.893 719.0 
130.94 720.0 
130.963 721.0 
131.01 722.0 
131.022 723.0 
131.069 724.0 
131.01 725.0 
130.8 726.0 
130.812 727.0 
130.87 728.0 
130.882 729.0 
130.882 730.0 
130.952 731.0 
130.928 732.0 
130.975 733.0 
130.917 734.0 
131.01 735.0 
131.022 736.0 
131.08 737.0 
131.045 738.0 
130.742 739.0 
130.765 740.0 
130.788 741.0 
130.8 742.0 
130.812 743.0 
130.823 744.0 
130.8 745.0 
130.858 746.0 
130.87 747.0 
130.905 748.0 
130.847 749.0 
130.882 750.0 
130.917 751.0 
130.882 752.0 
130.905 753.0 
130.893 754.0 
130.917 755.0 
130.917 756.0 
130.928 757.0 
130.893 758.0 
130.952 759.0 
130.963 760.0 
130.963 761.0 
130.987 762.0 
130.975 763.0 
130.963 764.0 
130.94 765.0 
130.975 766.0 
130.975 767.0 
130.963 768.0 
130.963 769.0 
130.975 770.0 
130.963 771.0 
130.999 772.0 
130.963 773.0 
130.975 774.0 
130.987 775.0 
130.975 776.0 
130.975 777.0 
130.963 778.0 
130.963 779.0 
130.987 780.0 
130.963 781.0 
130.975 782.0 
130.963 783.0 
130.963 784.0 
130.975 785.0 
130.963 786.0 
130.952 787.0 
130.928 788.0 
130.952 789.0 
130.975 790.0 
130.963 791.0 
130.952 792.0 
130.952 793.0 
130.952 794.0 
130.963 795.0 
130.963 796.0 
130.963 797.0 
130.952 798.0 
130.987 799.0 
130.952 800.0 
130.975 801.0 
130.975 802.0 
130.975 803.0 
130.987 804.0 
0.013 805.0 
0.01 806.0 
0.014 807.0 
0.01 808.0 
0.013 809.0 
0.01 810.0 
0.019 811.0 
0.012 812.0 
0.002 813.0 
-0.001 814.0 
-0.001 815.0 
0.001 816.0 
0.012 817.0 
0.002 818.0 
-0.008 819.0 
-0.013 820.0 
-0.01 821.0 
-0.002 822.0 
-0.011 823.0 
-0.012 824.0 
-0.011 825.0 
-0.018 826.0 
-0.023 827.0 
-0.025 828.0 
-0.024 829.0 
