-0.053 257.0 
-0.062 258.0 
-0.067 259.0 
-0.055 260.0 
-0.047 261.0 
-0.017 262.0 
-0.044 263.0 
-0.052 264.0 
-0.041 265.0 
-0.034 266.0 
-0.019 267.0 
-0.049 268.0 
-0.025 269.0 
-0.048 270.0 
-0.03 271.0 
-0.058 272.0 
-0.043 273.0 
-0.037 274.0 
844.249 275.0 
838.214 276.0 
832.064 277.0 
823.708 278.0 
817.558 279.0 
811.987 280.0 
807.694 281.0 
804.677 282.0 
800.499 283.0 
797.249 284.0 
795.509 285.0 
794.232 286.0 
793.304 287.0 
791.563 288.0 
791.099 289.0 
790.17 290.0 
786.921 291.0 
785.993 292.0 
785.064 293.0 
785.064 294.0 
782.279 295.0 
782.047 296.0 
782.511 297.0 
779.842 298.0 
779.726 299.0 
780.19 300.0 
777.521 301.0 
778.102 302.0 
774.736 303.0 
776.129 304.0 
776.709 305.0 
775.2 306.0 
774.968 307.0 
772.995 308.0 
773.692 309.0 
771.835 310.0 
772.763 311.0 
771.139 312.0 
771.835 313.0 
770.326 314.0 
771.023 315.0 
770.094 316.0 
770.906 317.0 
769.282 318.0 
770.21 319.0 
769.282 320.0 
764.176 321.0 
769.398 322.0 
768.586 323.0 
769.05 324.0 
768.353 325.0 
770.558 326.0 
768.47 327.0 
767.309 328.0 
768.934 329.0 
768.121 330.0 
767.425 331.0 
768.121 332.0 
767.889 333.0 
767.193 334.0 
768.702 335.0 
767.657 336.0 
767.657 337.0 
766.381 338.0 
768.237 339.0 
767.077 340.0 
767.193 341.0 
766.729 342.0 
768.237 343.0 
766.845 344.0 
767.077 345.0 
766.265 346.0 
765.916 347.0 
767.309 348.0 
766.845 349.0 
766.381 350.0 
766.265 351.0 
766.613 352.0 
766.149 353.0 
763.595 354.0 
766.845 355.0 
766.613 356.0 
766.729 357.0 
766.497 358.0 
767.193 359.0 
766.613 360.0 
767.425 361.0 
766.149 362.0 
766.381 363.0 
766.033 364.0 
766.033 365.0 
766.613 366.0 
766.497 367.0 
765.452 368.0 
765.8 369.0 
765.916 370.0 
766.265 371.0 
766.613 372.0 
766.265 373.0 
766.729 374.0 
766.845 375.0 
766.729 376.0 
765.336 377.0 
766.149 378.0 
766.265 379.0 
766.149 380.0 
765.916 381.0 
767.193 382.0 
765.8 383.0 
766.265 384.0 
765.916 385.0 
766.729 386.0 
764.988 387.0 
765.336 388.0 
765.8 389.0 
766.149 390.0 
766.497 391.0 
765.8 392.0 
766.033 393.0 
765.22 394.0 
765.916 395.0 
766.845 396.0 
765.452 397.0 
766.033 398.0 
764.988 399.0 
765.452 400.0 
766.381 401.0 
766.381 402.0 
766.961 403.0 
766.033 404.0 
765.568 405.0 
765.336 406.0 
766.033 407.0 
765.336 408.0 
766.033 409.0 
764.988 410.0 
765.916 411.0 
766.265 412.0 
766.613 413.0 
766.149 414.0 
765.22 415.0 
766.149 416.0 
765.452 417.0 
767.193 418.0 
766.497 419.0 
765.568 420.0 
765.8 421.0 
766.033 422.0 
766.265 423.0 
765.568 424.0 
765.452 425.0 
766.497 426.0 
766.265 427.0 
765.452 428.0 
765.452 429.0 
765.568 430.0 
765.916 431.0 
766.033 432.0 
766.381 433.0 
765.104 434.0 
765.336 435.0 
766.033 436.0 
767.077 437.0 
765.104 438.0 
765.8 439.0 
765.916 440.0 
765.568 441.0 
765.452 442.0 
765.684 443.0 
765.916 444.0 
765.452 445.0 
765.22 446.0 
766.613 447.0 
766.149 448.0 
765.916 449.0 
765.568 450.0 
765.452 451.0 
765.336 452.0 
765.22 453.0 
764.988 454.0 
765.916 455.0 
765.916 456.0 
765.22 457.0 
765.336 458.0 
766.497 459.0 
766.381 460.0 
765.8 461.0 
765.22 462.0 
766.497 463.0 
766.149 464.0 
766.265 465.0 
766.497 466.0 
765.8 467.0 
764.756 468.0 
766.033 469.0 
765.336 470.0 
765.916 471.0 
765.452 472.0 
766.381 473.0 
765.8 474.0 
766.149 475.0 
765.8 476.0 
765.104 477.0 
765.684 478.0 
765.104 479.0 
765.568 480.0 
766.729 481.0 
765.684 482.0 
766.149 483.0 
765.336 484.0 
765.684 485.0 
765.104 486.0 
765.452 487.0 
765.684 488.0 
765.22 489.0 
765.104 490.0 
765.8 491.0 
765.684 492.0 
765.452 493.0 
765.684 494.0 
764.988 495.0 
764.408 496.0 
765.22 497.0 
765.916 498.0 
764.872 499.0 
764.756 500.0 
765.684 501.0 
765.452 502.0 
764.408 503.0 
764.176 504.0 
764.408 505.0 
764.988 506.0 
761.507 507.0 
765.336 508.0 
764.06 509.0 
763.944 510.0 
764.408 511.0 
764.64 512.0 
764.756 513.0 
764.756 514.0 
764.988 515.0 
765.104 516.0 
764.988 517.0 
763.828 518.0 
763.479 519.0 
764.06 520.0 
763.828 521.0 
764.408 522.0 
763.712 523.0 
763.944 524.0 
763.944 525.0 
764.176 526.0 
764.06 527.0 
763.363 528.0 
763.712 529.0 
763.363 530.0 
763.363 531.0 
764.872 532.0 
764.64 533.0 
764.408 534.0 
764.524 535.0 
764.408 536.0 
764.292 537.0 
764.176 538.0 
763.944 539.0 
763.828 540.0 
765.22 541.0 
764.524 542.0 
764.292 543.0 
764.292 544.0 
764.292 545.0 
763.479 546.0 
765.22 547.0 
764.64 548.0 
763.944 549.0 
763.828 550.0 
765.452 551.0 
764.524 552.0 
764.06 553.0 
763.595 554.0 
763.712 555.0 
764.524 556.0 
764.06 557.0 
763.712 558.0 
764.988 559.0 
764.524 560.0 
763.828 561.0 
763.131 562.0 
764.524 563.0 
764.06 564.0 
762.783 565.0 
764.64 566.0 
763.828 567.0 
763.363 568.0 
763.944 569.0 
763.595 570.0 
764.756 571.0 
763.712 572.0 
763.131 573.0 
763.944 574.0 
763.712 575.0 
764.64 576.0 
763.944 577.0 
763.944 578.0 
764.872 579.0 
764.64 580.0 
764.988 581.0 
764.524 582.0 
765.104 583.0 
764.64 584.0 
765.336 585.0 
765.104 586.0 
764.06 587.0 
764.524 588.0 
763.828 589.0 
764.64 590.0 
763.479 591.0 
764.408 592.0 
763.828 593.0 
763.944 594.0 
763.595 595.0 
764.524 596.0 
763.712 597.0 
764.64 598.0 
763.944 599.0 
764.524 600.0 
765.336 601.0 
764.408 602.0 
765.22 603.0 
764.06 604.0 
764.872 605.0 
764.06 606.0 
764.408 607.0 
763.479 608.0 
764.408 609.0 
764.988 610.0 
764.06 611.0 
764.64 612.0 
763.712 613.0 
764.872 614.0 
763.363 615.0 
764.06 616.0 
764.988 617.0 
763.712 618.0 
764.524 619.0 
758.954 620.0 
764.292 621.0 
764.756 622.0 
763.712 623.0 
764.292 624.0 
764.756 625.0 
764.06 626.0 
764.872 627.0 
764.988 628.0 
763.712 629.0 
764.408 630.0 
765.22 631.0 
763.247 632.0 
764.64 633.0 
764.988 634.0 
763.828 635.0 
764.292 636.0 
764.756 637.0 
763.712 638.0 
764.408 639.0 
764.988 640.0 
764.06 641.0 
764.176 642.0 
764.756 643.0 
763.479 644.0 
764.176 645.0 
764.64 646.0 
765.104 647.0 
763.595 648.0 
763.712 649.0 
764.64 650.0 
763.479 651.0 
763.712 652.0 
764.292 653.0 
764.872 654.0 
763.479 655.0 
763.712 656.0 
763.712 657.0 
764.756 658.0 
763.712 659.0 
764.64 660.0 
764.872 661.0 
765.104 662.0 
763.363 663.0 
764.408 664.0 
764.524 665.0 
765.104 666.0 
763.828 667.0 
764.292 668.0 
764.64 669.0 
765.104 670.0 
763.712 671.0 
763.828 672.0 
764.176 673.0 
764.292 674.0 
765.104 675.0 
763.595 676.0 
763.828 677.0 
764.176 678.0 
764.408 679.0 
765.336 680.0 
763.595 681.0 
763.479 682.0 
764.524 683.0 
764.524 684.0 
764.872 685.0 
765.104 686.0 
763.595 687.0 
764.176 688.0 
764.06 689.0 
764.408 690.0 
765.104 691.0 
764.988 692.0 
763.247 693.0 
763.712 694.0 
764.176 695.0 
763.944 696.0 
764.756 697.0 
764.524 698.0 
760.578 699.0 
763.828 700.0 
763.828 701.0 
763.944 702.0 
764.06 703.0 
764.292 704.0 
765.104 705.0 
765.104 706.0 
763.479 707.0 
763.595 708.0 
763.595 709.0 
764.176 710.0 
764.408 711.0 
764.292 712.0 
764.872 713.0 
765.104 714.0 
765.104 715.0 
763.363 716.0 
763.712 717.0 
763.944 718.0 
764.408 719.0 
764.176 720.0 
764.408 721.0 
764.524 722.0 
764.872 723.0 
765.104 724.0 
764.988 725.0 
763.363 726.0 
763.595 727.0 
763.595 728.0 
763.944 729.0 
763.944 730.0 
764.292 731.0 
764.408 732.0 
764.292 733.0 
764.524 734.0 
764.872 735.0 
764.872 736.0 
764.872 737.0 
765.22 738.0 
762.783 739.0 
763.247 740.0 
763.712 741.0 
763.595 742.0 
763.712 743.0 
763.828 744.0 
763.712 745.0 
763.828 746.0 
764.06 747.0 
763.712 748.0 
764.06 749.0 
763.944 750.0 
763.595 751.0 
764.06 752.0 
764.06 753.0 
764.408 754.0 
764.176 755.0 
764.176 756.0 
764.292 757.0 
764.408 758.0 
764.524 759.0 
764.524 760.0 
764.524 761.0 
764.408 762.0 
764.756 763.0 
764.408 764.0 
764.292 765.0 
764.524 766.0 
764.872 767.0 
764.408 768.0 
764.64 769.0 
764.176 770.0 
764.408 771.0 
764.756 772.0 
764.408 773.0 
764.524 774.0 
764.408 775.0 
764.176 776.0 
764.408 777.0 
764.524 778.0 
764.64 779.0 
764.64 780.0 
764.64 781.0 
764.524 782.0 
764.408 783.0 
764.292 784.0 
764.292 785.0 
764.524 786.0 
764.176 787.0 
764.176 788.0 
764.408 789.0 
764.292 790.0 
764.524 791.0 
764.176 792.0 
764.176 793.0 
764.292 794.0 
764.06 795.0 
763.828 796.0 
764.06 797.0 
764.292 798.0 
764.292 799.0 
764.176 800.0 
764.292 801.0 
764.292 802.0 
763.944 803.0 
764.06 804.0 
0.107 805.0 
0.128 806.0 
0.122 807.0 
0.125 808.0 
0.111 809.0 
0.095 810.0 
0.083 811.0 
0.052 812.0 
0.029 813.0 
0.006 814.0 
-0.016 815.0 
-0.018 816.0 
-0.023 817.0 
-0.028 818.0 
-0.029 819.0 
-0.036 820.0 
-0.034 821.0 
-0.049 822.0 
-0.052 823.0 
-0.047 824.0 
-0.046 825.0 
-0.037 826.0 
-0.042 827.0 
-0.037 828.0 
-0.038 829.0 
