-0.052 257.0 
-0.05 258.0 
-0.03 259.0 
-0.032 260.0 
-0.056 261.0 
-0.056 262.0 
-0.042 263.0 
-0.042 264.0 
-0.022 265.0 
-0.038 266.0 
-0.05 267.0 
-0.054 268.0 
-0.013 269.0 
-0.048 270.0 
-0.034 271.0 
-0.029 272.0 
-0.03 273.0 
-0.018 274.0 
150.866 275.0 
146.497 276.0 
145.528 277.0 
144.138 278.0 
142.643 279.0 
140.833 280.0 
139.396 281.0 
137.364 282.0 
134.736 283.0 
133.089 284.0 
132.692 285.0 
132.4 286.0 
132.213 287.0 
131.98 288.0 
131.711 289.0 
131.466 290.0 
130.94 291.0 
130.671 292.0 
130.461 293.0 
130.368 294.0 
129.831 295.0 
129.69 296.0 
129.655 297.0 
129.118 298.0 
128.931 299.0 
128.873 300.0 
128.324 301.0 
128.265 302.0 
127.763 303.0 
127.717 304.0 
127.682 305.0 
127.051 306.0 
126.07 307.0 
123.956 308.0 
121.304 309.0 
117.73 310.0 
114.04 311.0 
109.59 312.0 
105.467 313.0 
100.795 314.0 
96.52 315.0 
92.339 316.0 
88.345 317.0 
85.238 318.0 
85.086 319.0 
84.852 320.0 
84.794 321.0 
84.747 322.0 
84.619 323.0 
84.654 324.0 
84.619 325.0 
84.49 326.0 
84.595 327.0 
84.549 328.0 
84.665 329.0 
84.63 330.0 
84.537 331.0 
84.63 332.0 
84.63 333.0 
84.514 334.0 
84.689 335.0 
84.642 336.0 
84.607 337.0 
84.514 338.0 
84.642 339.0 
84.549 340.0 
84.549 341.0 
84.525 342.0 
84.058 343.0 
84.549 344.0 
84.572 345.0 
84.502 346.0 
84.467 347.0 
84.549 348.0 
84.584 349.0 
84.572 350.0 
84.549 351.0 
84.607 352.0 
84.56 353.0 
84.42 354.0 
84.677 355.0 
84.549 356.0 
84.654 357.0 
84.56 358.0 
84.572 359.0 
84.595 360.0 
84.619 361.0 
84.56 362.0 
84.584 363.0 
84.514 364.0 
84.56 365.0 
84.56 366.0 
84.549 367.0 
84.514 368.0 
84.549 369.0 
84.56 370.0 
84.572 371.0 
84.607 372.0 
84.595 373.0 
84.642 374.0 
84.654 375.0 
84.677 376.0 
84.432 377.0 
84.537 378.0 
84.514 379.0 
84.537 380.0 
84.572 381.0 
84.63 382.0 
84.56 383.0 
84.514 384.0 
84.479 385.0 
84.595 386.0 
84.514 387.0 
84.502 388.0 
84.607 389.0 
84.607 390.0 
84.572 391.0 
84.56 392.0 
84.63 393.0 
84.49 394.0 
84.607 395.0 
84.689 396.0 
84.514 397.0 
84.572 398.0 
84.525 399.0 
84.502 400.0 
84.63 401.0 
84.56 402.0 
84.642 403.0 
84.572 404.0 
84.549 405.0 
84.49 406.0 
84.537 407.0 
84.514 408.0 
84.56 409.0 
84.49 410.0 
84.537 411.0 
84.619 412.0 
84.701 413.0 
84.607 414.0 
84.56 415.0 
84.607 416.0 
84.502 417.0 
84.677 418.0 
84.607 419.0 
84.514 420.0 
84.56 421.0 
84.595 422.0 
84.63 423.0 
84.549 424.0 
84.479 425.0 
84.607 426.0 
84.619 427.0 
84.502 428.0 
84.584 429.0 
84.514 430.0 
84.595 431.0 
84.584 432.0 
84.619 433.0 
84.514 434.0 
84.549 435.0 
84.572 436.0 
84.619 437.0 
84.444 438.0 
84.537 439.0 
84.502 440.0 
84.525 441.0 
84.525 442.0 
84.56 443.0 
84.502 444.0 
84.537 445.0 
84.479 446.0 
84.642 447.0 
84.607 448.0 
84.63 449.0 
84.852 450.0 
84.514 451.0 
84.537 452.0 
84.537 453.0 
84.479 454.0 
84.607 455.0 
84.549 456.0 
84.479 457.0 
84.49 458.0 
84.572 459.0 
84.584 460.0 
84.502 461.0 
84.514 462.0 
84.619 463.0 
84.595 464.0 
84.56 465.0 
84.595 466.0 
84.572 467.0 
84.455 468.0 
84.595 469.0 
84.549 470.0 
84.479 471.0 
84.584 472.0 
84.49 473.0 
84.56 474.0 
84.654 475.0 
84.549 476.0 
84.467 477.0 
84.525 478.0 
84.444 479.0 
84.537 480.0 
84.63 481.0 
84.537 482.0 
84.607 483.0 
84.502 484.0 
84.56 485.0 
84.49 486.0 
84.514 487.0 
84.584 488.0 
84.525 489.0 
84.525 490.0 
84.595 491.0 
84.537 492.0 
84.537 493.0 
84.584 494.0 
84.49 495.0 
84.479 496.0 
84.572 497.0 
84.584 498.0 
84.444 499.0 
84.49 500.0 
84.549 501.0 
84.584 502.0 
84.409 503.0 
84.479 504.0 
84.479 505.0 
84.525 506.0 
84.432 507.0 
84.56 508.0 
84.409 509.0 
84.467 510.0 
84.49 511.0 
84.479 512.0 
84.537 513.0 
84.537 514.0 
84.549 515.0 
84.549 516.0 
84.572 517.0 
84.385 518.0 
84.35 519.0 
84.397 520.0 
84.385 521.0 
84.409 522.0 
84.42 523.0 
84.444 524.0 
84.432 525.0 
84.397 526.0 
84.397 527.0 
84.327 528.0 
84.35 529.0 
84.303 530.0 
84.338 531.0 
84.455 532.0 
84.397 533.0 
84.338 534.0 
84.338 535.0 
84.28 536.0 
84.222 537.0 
84.128 538.0 
84.105 539.0 
84.046 540.0 
84.163 541.0 
84.082 542.0 
84.046 543.0 
83.976 544.0 
83.883 545.0 
83.86 546.0 
84.0 547.0 
83.953 548.0 
83.906 549.0 
83.836 550.0 
83.93 551.0 
83.895 552.0 
83.836 553.0 
83.79 554.0 
83.754 555.0 
83.883 556.0 
83.848 557.0 
83.766 558.0 
83.486 559.0 
83.825 560.0 
83.766 561.0 
83.719 562.0 
83.86 563.0 
83.79 564.0 
83.731 565.0 
83.86 566.0 
83.906 567.0 
83.719 568.0 
83.766 569.0 
83.743 570.0 
83.883 571.0 
83.813 572.0 
83.731 573.0 
83.848 574.0 
83.79 575.0 
84.023 576.0 
83.813 577.0 
83.778 578.0 
83.895 579.0 
83.836 580.0 
83.918 581.0 
83.848 582.0 
83.883 583.0 
83.871 584.0 
83.556 585.0 
83.883 586.0 
83.801 587.0 
83.86 588.0 
83.79 589.0 
83.883 590.0 
83.79 591.0 
83.906 592.0 
83.813 593.0 
83.871 594.0 
83.79 595.0 
83.813 596.0 
83.801 597.0 
83.79 598.0 
83.766 599.0 
83.848 600.0 
83.93 601.0 
83.848 602.0 
83.953 603.0 
83.825 604.0 
83.906 605.0 
83.778 606.0 
83.848 607.0 
83.79 608.0 
83.836 609.0 
83.93 610.0 
83.836 611.0 
83.941 612.0 
83.801 613.0 
83.871 614.0 
83.766 615.0 
83.801 616.0 
83.93 617.0 
83.743 618.0 
83.836 619.0 
83.661 620.0 
83.825 621.0 
83.895 622.0 
83.754 623.0 
83.871 624.0 
83.918 625.0 
83.778 626.0 
83.86 627.0 
83.918 628.0 
83.778 629.0 
83.848 630.0 
83.941 631.0 
83.778 632.0 
83.86 633.0 
84.152 634.0 
83.813 635.0 
83.883 636.0 
83.918 637.0 
83.79 638.0 
83.848 639.0 
83.895 640.0 
83.766 641.0 
83.801 642.0 
83.883 643.0 
83.743 644.0 
83.743 645.0 
83.836 646.0 
83.906 647.0 
83.754 648.0 
83.79 649.0 
83.895 650.0 
83.719 651.0 
83.743 652.0 
83.848 653.0 
83.906 654.0 
83.754 655.0 
83.766 656.0 
83.848 657.0 
83.895 658.0 
83.766 659.0 
83.825 660.0 
83.883 661.0 
83.895 662.0 
83.778 663.0 
83.801 664.0 
83.906 665.0 
83.93 666.0 
83.766 667.0 
83.836 668.0 
83.848 669.0 
83.93 670.0 
83.731 671.0 
83.79 672.0 
83.883 673.0 
83.871 674.0 
83.906 675.0 
83.754 676.0 
83.778 677.0 
83.813 678.0 
83.825 679.0 
83.93 680.0 
83.743 681.0 
83.79 682.0 
83.86 683.0 
83.871 684.0 
83.825 685.0 
83.906 686.0 
83.754 687.0 
83.79 688.0 
83.825 689.0 
83.871 690.0 
83.895 691.0 
83.918 692.0 
83.731 693.0 
83.813 694.0 
83.813 695.0 
83.86 696.0 
83.825 697.0 
83.895 698.0 
83.696 699.0 
83.719 700.0 
83.79 701.0 
83.813 702.0 
83.86 703.0 
83.883 704.0 
83.871 705.0 
83.941 706.0 
83.719 707.0 
83.766 708.0 
83.836 709.0 
83.778 710.0 
83.825 711.0 
83.883 712.0 
83.895 713.0 
83.918 714.0 
83.708 715.0 
83.731 716.0 
83.754 717.0 
83.778 718.0 
83.801 719.0 
83.825 720.0 
83.836 721.0 
83.801 722.0 
83.895 723.0 
83.906 724.0 
83.918 725.0 
83.673 726.0 
83.743 727.0 
83.778 728.0 
83.778 729.0 
83.825 730.0 
83.801 731.0 
83.836 732.0 
83.836 733.0 
83.86 734.0 
83.906 735.0 
83.871 736.0 
83.871 737.0 
83.906 738.0 
83.743 739.0 
83.719 740.0 
83.743 741.0 
83.731 742.0 
83.766 743.0 
83.754 744.0 
83.743 745.0 
83.79 746.0 
83.79 747.0 
83.813 748.0 
83.778 749.0 
83.836 750.0 
83.813 751.0 
83.801 752.0 
83.801 753.0 
83.801 754.0 
83.825 755.0 
83.825 756.0 
83.836 757.0 
83.801 758.0 
83.79 759.0 
83.813 760.0 
83.871 761.0 
83.836 762.0 
83.813 763.0 
83.848 764.0 
83.848 765.0 
83.836 766.0 
83.825 767.0 
83.848 768.0 
83.871 769.0 
83.836 770.0 
83.86 771.0 
83.871 772.0 
83.871 773.0 
83.836 774.0 
83.848 775.0 
83.871 776.0 
83.86 777.0 
83.848 778.0 
83.836 779.0 
83.848 780.0 
83.813 781.0 
83.836 782.0 
83.86 783.0 
83.825 784.0 
83.825 785.0 
83.848 786.0 
83.825 787.0 
83.871 788.0 
83.86 789.0 
83.848 790.0 
83.848 791.0 
83.836 792.0 
83.836 793.0 
83.813 794.0 
83.813 795.0 
83.801 796.0 
83.813 797.0 
83.825 798.0 
83.825 799.0 
83.79 800.0 
83.825 801.0 
83.79 802.0 
83.825 803.0 
83.825 804.0 
0.0 805.0 
-0.006 806.0 
-0.002 807.0 
-0.004 808.0 
-0.011 809.0 
0.0 810.0 
-0.02 811.0 
-0.019 812.0 
-0.03 813.0 
-0.037 814.0 
-0.037 815.0 
-0.032 816.0 
-0.034 817.0 
-0.037 818.0 
-0.044 819.0 
-0.04 820.0 
-0.043 821.0 
-0.038 822.0 
-0.046 823.0 
-0.032 824.0 
-0.032 825.0 
-0.036 826.0 
-0.026 827.0 
-0.024 828.0 
-0.026 829.0 
