-0.043 257.0 
-0.036 258.0 
-0.129 259.0 
-0.035 260.0 
-0.055 261.0 
-0.04 262.0 
-0.047 263.0 
-0.032 264.0 
-0.032 265.0 
-0.031 266.0 
-0.06 267.0 
-0.032 268.0 
-0.013 269.0 
-0.035 270.0 
-0.049 271.0 
-0.031 272.0 
-0.019 273.0 
-0.036 274.0 
848.891 275.0 
843.204 276.0 
835.777 277.0 
825.797 278.0 
817.558 279.0 
811.059 280.0 
805.373 281.0 
801.775 282.0 
797.017 283.0 
794.348 284.0 
792.143 285.0 
790.403 286.0 
789.822 287.0 
788.082 288.0 
786.921 289.0 
787.617 290.0 
782.859 291.0 
781.815 292.0 
781.003 293.0 
779.61 294.0 
778.566 295.0 
777.753 296.0 
777.521 297.0 
775.084 298.0 
774.504 299.0 
775.084 300.0 
772.531 301.0 
772.763 302.0 
770.326 303.0 
771.255 304.0 
771.371 305.0 
769.978 306.0 
770.094 307.0 
768.237 308.0 
768.586 309.0 
766.845 310.0 
767.657 311.0 
765.336 312.0 
766.729 313.0 
765.22 314.0 
765.684 315.0 
764.988 316.0 
765.336 317.0 
763.712 318.0 
764.408 319.0 
764.06 320.0 
761.739 321.0 
763.363 322.0 
762.667 323.0 
763.363 324.0 
763.015 325.0 
762.319 326.0 
763.015 327.0 
761.739 328.0 
766.961 329.0 
762.667 330.0 
761.971 331.0 
764.176 332.0 
762.667 333.0 
761.855 334.0 
761.855 335.0 
762.319 336.0 
762.319 337.0 
760.926 338.0 
762.435 339.0 
761.159 340.0 
761.391 341.0 
761.275 342.0 
759.418 343.0 
761.275 344.0 
761.159 345.0 
760.694 346.0 
760.578 347.0 
760.346 348.0 
761.623 349.0 
761.275 350.0 
760.81 351.0 
761.623 352.0 
760.694 353.0 
758.373 354.0 
761.739 355.0 
761.159 356.0 
761.042 357.0 
760.694 358.0 
761.275 359.0 
761.159 360.0 
761.042 361.0 
760.346 362.0 
760.694 363.0 
760.114 364.0 
760.346 365.0 
760.578 366.0 
760.462 367.0 
760.114 368.0 
760.578 369.0 
760.462 370.0 
760.694 371.0 
761.042 372.0 
760.81 373.0 
761.275 374.0 
761.391 375.0 
762.783 376.0 
759.766 377.0 
760.114 378.0 
760.462 379.0 
759.998 380.0 
760.23 381.0 
761.275 382.0 
760.114 383.0 
760.23 384.0 
759.882 385.0 
761.507 386.0 
760.114 387.0 
759.65 388.0 
760.694 389.0 
760.926 390.0 
760.926 391.0 
760.23 392.0 
760.926 393.0 
759.65 394.0 
760.694 395.0 
761.159 396.0 
759.65 397.0 
760.462 398.0 
759.186 399.0 
759.418 400.0 
760.694 401.0 
760.23 402.0 
761.042 403.0 
760.462 404.0 
759.998 405.0 
759.534 406.0 
760.462 407.0 
760.23 408.0 
760.462 409.0 
759.766 410.0 
760.23 411.0 
760.578 412.0 
762.667 413.0 
760.694 414.0 
760.578 415.0 
760.81 416.0 
759.65 417.0 
760.578 418.0 
760.462 419.0 
759.534 420.0 
759.998 421.0 
760.346 422.0 
760.926 423.0 
759.882 424.0 
759.766 425.0 
760.23 426.0 
760.694 427.0 
759.998 428.0 
759.998 429.0 
759.766 430.0 
760.23 431.0 
760.694 432.0 
760.926 433.0 
759.534 434.0 
759.998 435.0 
760.23 436.0 
760.926 437.0 
759.534 438.0 
759.534 439.0 
759.65 440.0 
759.998 441.0 
759.534 442.0 
759.882 443.0 
759.998 444.0 
759.534 445.0 
759.65 446.0 
760.578 447.0 
760.694 448.0 
760.694 449.0 
762.783 450.0 
760.114 451.0 
759.882 452.0 
759.766 453.0 
759.65 454.0 
760.694 455.0 
759.186 456.0 
759.882 457.0 
759.418 458.0 
760.694 459.0 
760.694 460.0 
760.23 461.0 
759.998 462.0 
760.462 463.0 
760.23 464.0 
759.998 465.0 
760.926 466.0 
760.23 467.0 
759.65 468.0 
760.81 469.0 
759.998 470.0 
759.766 471.0 
760.114 472.0 
759.998 473.0 
760.462 474.0 
761.275 475.0 
760.462 476.0 
759.302 477.0 
760.114 478.0 
759.302 479.0 
760.23 480.0 
760.694 481.0 
759.418 482.0 
760.346 483.0 
758.954 484.0 
759.534 485.0 
758.721 486.0 
759.418 487.0 
760.114 488.0 
759.534 489.0 
759.418 490.0 
759.534 491.0 
759.302 492.0 
759.186 493.0 
759.998 494.0 
758.605 495.0 
758.257 496.0 
759.07 497.0 
759.302 498.0 
758.489 499.0 
758.605 500.0 
759.186 501.0 
759.186 502.0 
757.793 503.0 
757.909 504.0 
758.257 505.0 
758.721 506.0 
756.284 507.0 
761.275 508.0 
757.793 509.0 
757.909 510.0 
758.141 511.0 
758.257 512.0 
758.489 513.0 
758.489 514.0 
758.954 515.0 
758.838 516.0 
761.623 517.0 
756.749 518.0 
757.097 519.0 
757.329 520.0 
757.329 521.0 
757.793 522.0 
757.677 523.0 
757.445 524.0 
756.865 525.0 
757.677 526.0 
757.561 527.0 
756.749 528.0 
757.329 529.0 
756.981 530.0 
757.213 531.0 
758.489 532.0 
758.373 533.0 
757.909 534.0 
758.373 535.0 
758.025 536.0 
757.445 537.0 
757.445 538.0 
757.445 539.0 
757.213 540.0 
758.373 541.0 
758.025 542.0 
757.793 543.0 
757.677 544.0 
757.329 545.0 
756.981 546.0 
758.489 547.0 
758.257 548.0 
757.793 549.0 
757.445 550.0 
756.517 551.0 
758.373 552.0 
757.909 553.0 
756.981 554.0 
757.097 555.0 
758.257 556.0 
757.677 557.0 
756.981 558.0 
758.489 559.0 
758.141 560.0 
757.445 561.0 
756.284 562.0 
757.793 563.0 
757.213 564.0 
756.168 565.0 
757.677 566.0 
757.445 567.0 
756.517 568.0 
757.793 569.0 
757.329 570.0 
758.489 571.0 
757.213 572.0 
756.865 573.0 
757.561 574.0 
757.329 575.0 
758.373 576.0 
757.097 577.0 
757.213 578.0 
758.141 579.0 
757.677 580.0 
758.489 581.0 
757.445 582.0 
757.793 583.0 
758.141 584.0 
758.721 585.0 
758.257 586.0 
757.213 587.0 
758.489 588.0 
757.561 589.0 
758.257 590.0 
757.329 591.0 
758.141 592.0 
757.329 593.0 
758.257 594.0 
757.561 595.0 
757.793 596.0 
756.865 597.0 
757.909 598.0 
756.865 599.0 
757.677 600.0 
758.605 601.0 
757.561 602.0 
758.257 603.0 
757.561 604.0 
757.909 605.0 
757.445 606.0 
758.141 607.0 
757.213 608.0 
757.677 609.0 
758.489 610.0 
757.677 611.0 
758.605 612.0 
757.445 613.0 
758.257 614.0 
757.213 615.0 
757.677 616.0 
758.373 617.0 
757.097 618.0 
758.025 619.0 
753.035 620.0 
757.561 621.0 
758.025 622.0 
756.981 623.0 
757.329 624.0 
758.721 625.0 
757.329 626.0 
758.025 627.0 
758.605 628.0 
757.329 629.0 
758.141 630.0 
758.838 631.0 
756.981 632.0 
758.257 633.0 
758.721 634.0 
757.793 635.0 
758.025 636.0 
758.489 637.0 
757.097 638.0 
758.025 639.0 
758.141 640.0 
757.097 641.0 
757.677 642.0 
758.257 643.0 
756.749 644.0 
757.445 645.0 
757.909 646.0 
758.721 647.0 
757.213 648.0 
757.677 649.0 
758.489 650.0 
756.865 651.0 
757.213 652.0 
757.909 653.0 
758.373 654.0 
757.213 655.0 
757.677 656.0 
757.445 657.0 
758.257 658.0 
757.329 659.0 
757.677 660.0 
758.141 661.0 
758.605 662.0 
756.865 663.0 
757.561 664.0 
757.909 665.0 
758.605 666.0 
757.213 667.0 
757.793 668.0 
757.909 669.0 
758.489 670.0 
757.561 671.0 
757.213 672.0 
757.909 673.0 
758.141 674.0 
758.373 675.0 
757.213 676.0 
757.097 677.0 
757.793 678.0 
758.141 679.0 
758.721 680.0 
757.097 681.0 
756.865 682.0 
757.445 683.0 
758.025 684.0 
758.489 685.0 
758.605 686.0 
757.445 687.0 
757.561 688.0 
758.025 689.0 
758.141 690.0 
758.257 691.0 
758.721 692.0 
756.981 693.0 
757.329 694.0 
757.561 695.0 
758.025 696.0 
758.025 697.0 
758.025 698.0 
755.588 699.0 
756.981 700.0 
757.213 701.0 
757.445 702.0 
757.909 703.0 
758.141 704.0 
757.909 705.0 
758.721 706.0 
756.865 707.0 
757.213 708.0 
757.329 709.0 
757.561 710.0 
757.909 711.0 
758.141 712.0 
758.373 713.0 
758.838 714.0 
757.329 715.0 
757.213 716.0 
757.097 717.0 
757.329 718.0 
757.329 719.0 
757.677 720.0 
757.793 721.0 
758.257 722.0 
758.257 723.0 
758.489 724.0 
758.489 725.0 
756.749 726.0 
756.981 727.0 
757.561 728.0 
757.445 729.0 
757.793 730.0 
758.025 731.0 
757.909 732.0 
758.025 733.0 
758.257 734.0 
758.721 735.0 
758.141 736.0 
757.909 737.0 
758.605 738.0 
755.936 739.0 
756.517 740.0 
756.865 741.0 
756.865 742.0 
757.213 743.0 
756.981 744.0 
757.329 745.0 
757.329 746.0 
757.561 747.0 
757.561 748.0 
757.677 749.0 
757.677 750.0 
757.793 751.0 
757.561 752.0 
757.677 753.0 
757.677 754.0 
757.909 755.0 
756.981 756.0 
757.677 757.0 
757.793 758.0 
757.445 759.0 
757.793 760.0 
757.677 761.0 
757.909 762.0 
758.257 763.0 
757.793 764.0 
757.909 765.0 
758.025 766.0 
758.025 767.0 
757.793 768.0 
758.025 769.0 
758.025 770.0 
757.793 771.0 
758.257 772.0 
758.025 773.0 
758.257 774.0 
758.025 775.0 
758.025 776.0 
757.793 777.0 
757.909 778.0 
757.561 779.0 
757.909 780.0 
757.793 781.0 
757.677 782.0 
757.677 783.0 
757.561 784.0 
757.561 785.0 
757.677 786.0 
757.677 787.0 
757.677 788.0 
758.025 789.0 
757.677 790.0 
757.909 791.0 
757.793 792.0 
757.677 793.0 
757.677 794.0 
757.445 795.0 
757.213 796.0 
757.445 797.0 
757.445 798.0 
757.445 799.0 
757.677 800.0 
757.329 801.0 
757.329 802.0 
757.445 803.0 
757.329 804.0 
0.099 805.0 
0.121 806.0 
0.116 807.0 
0.113 808.0 
0.093 809.0 
0.054 810.0 
0.008 811.0 
-0.04 812.0 
-0.098 813.0 
-0.143 814.0 
-0.186 815.0 
-0.231 816.0 
-0.265 817.0 
-0.297 818.0 
-0.327 819.0 
-0.337 820.0 
-0.351 821.0 
-0.359 822.0 
-0.361 823.0 
-0.352 824.0 
-0.339 825.0 
-0.333 826.0 
-0.302 827.0 
-0.273 828.0 
-0.249 829.0 
