-0.037 257.0 
-0.022 258.0 
-0.049 259.0 
-0.02 260.0 
-0.035 261.0 
-0.052 262.0 
-0.041 263.0 
-0.037 264.0 
-0.04 265.0 
-0.03 266.0 
-0.04 267.0 
-0.036 268.0 
-0.052 269.0 
-0.026 270.0 
-0.029 271.0 
-0.037 272.0 
-0.052 273.0 
-0.041 274.0 
139.945 275.0 
136.815 276.0 
135.437 277.0 
133.965 278.0 
132.388 279.0 
130.555 280.0 
128.92 281.0 
126.922 282.0 
123.769 283.0 
122.391 284.0 
122.005 285.0 
121.713 286.0 
121.596 287.0 
121.304 288.0 
121.129 289.0 
120.569 290.0 
120.487 291.0 
120.23 292.0 
120.113 293.0 
119.996 294.0 
119.658 295.0 
119.552 296.0 
119.517 297.0 
119.039 298.0 
118.875 299.0 
118.735 300.0 
118.373 301.0 
118.338 302.0 
117.906 303.0 
117.871 304.0 
117.812 305.0 
117.24 306.0 
116.119 307.0 
114.157 308.0 
111.914 309.0 
108.936 310.0 
105.759 311.0 
102.127 312.0 
98.459 313.0 
94.348 314.0 
90.494 315.0 
86.429 316.0 
82.727 317.0 
80.017 318.0 
79.889 319.0 
79.702 320.0 
79.643 321.0 
79.585 322.0 
79.491 323.0 
79.562 324.0 
79.491 325.0 
79.375 326.0 
79.491 327.0 
79.41 328.0 
79.597 329.0 
79.468 330.0 
79.41 331.0 
79.678 332.0 
79.538 333.0 
79.398 334.0 
79.456 335.0 
79.515 336.0 
79.468 337.0 
79.398 338.0 
79.562 339.0 
79.421 340.0 
79.445 341.0 
79.41 342.0 
78.919 343.0 
79.456 344.0 
79.421 345.0 
79.398 346.0 
79.351 347.0 
79.316 348.0 
79.503 349.0 
79.48 350.0 
79.398 351.0 
79.456 352.0 
79.421 353.0 
79.351 354.0 
79.491 355.0 
79.491 356.0 
79.48 357.0 
79.445 358.0 
79.526 359.0 
79.468 360.0 
79.48 361.0 
79.456 362.0 
79.445 363.0 
79.398 364.0 
79.433 365.0 
79.456 366.0 
79.468 367.0 
79.421 368.0 
79.433 369.0 
79.48 370.0 
79.48 371.0 
79.468 372.0 
79.491 373.0 
79.491 374.0 
79.538 375.0 
79.795 376.0 
79.351 377.0 
79.433 378.0 
79.421 379.0 
79.445 380.0 
79.421 381.0 
79.55 382.0 
79.445 383.0 
79.433 384.0 
79.398 385.0 
79.503 386.0 
79.445 387.0 
79.375 388.0 
79.456 389.0 
79.491 390.0 
79.48 391.0 
79.433 392.0 
79.48 393.0 
79.316 394.0 
79.445 395.0 
79.538 396.0 
79.363 397.0 
79.48 398.0 
79.351 399.0 
79.386 400.0 
79.526 401.0 
79.456 402.0 
79.562 403.0 
79.48 404.0 
79.433 405.0 
79.386 406.0 
79.445 407.0 
79.445 408.0 
79.48 409.0 
79.398 410.0 
79.421 411.0 
79.491 412.0 
79.818 413.0 
79.48 414.0 
79.398 415.0 
79.445 416.0 
79.433 417.0 
79.503 418.0 
79.456 419.0 
79.386 420.0 
79.41 421.0 
79.445 422.0 
79.526 423.0 
79.421 424.0 
79.445 425.0 
79.491 426.0 
79.503 427.0 
79.421 428.0 
79.433 429.0 
79.421 430.0 
79.48 431.0 
79.456 432.0 
79.503 433.0 
79.375 434.0 
79.375 435.0 
79.421 436.0 
79.491 437.0 
79.34 438.0 
79.398 439.0 
79.421 440.0 
79.421 441.0 
79.41 442.0 
79.398 443.0 
79.41 444.0 
79.41 445.0 
79.375 446.0 
79.503 447.0 
79.491 448.0 
79.48 449.0 
79.807 450.0 
79.41 451.0 
79.398 452.0 
79.386 453.0 
79.305 454.0 
79.491 455.0 
79.305 456.0 
79.421 457.0 
79.386 458.0 
79.456 459.0 
79.456 460.0 
79.468 461.0 
79.421 462.0 
79.491 463.0 
79.48 464.0 
79.456 465.0 
79.515 466.0 
79.48 467.0 
79.363 468.0 
79.468 469.0 
79.433 470.0 
79.386 471.0 
79.456 472.0 
79.48 473.0 
79.421 474.0 
79.503 475.0 
79.421 476.0 
79.363 477.0 
79.41 478.0 
79.305 479.0 
79.421 480.0 
79.538 481.0 
79.421 482.0 
79.48 483.0 
79.375 484.0 
79.456 485.0 
79.375 486.0 
79.386 487.0 
79.468 488.0 
79.433 489.0 
79.41 490.0 
79.445 491.0 
79.456 492.0 
79.41 493.0 
79.468 494.0 
79.398 495.0 
79.328 496.0 
79.421 497.0 
79.456 498.0 
79.328 499.0 
79.351 500.0 
79.41 501.0 
79.433 502.0 
79.316 503.0 
79.351 504.0 
79.363 505.0 
79.363 506.0 
79.41 507.0 
79.667 508.0 
79.363 509.0 
79.363 510.0 
79.363 511.0 
79.398 512.0 
79.41 513.0 
79.398 514.0 
79.433 515.0 
79.445 516.0 
79.41 517.0 
79.234 518.0 
79.234 519.0 
79.293 520.0 
79.316 521.0 
79.281 522.0 
79.328 523.0 
79.34 524.0 
79.293 525.0 
79.305 526.0 
79.27 527.0 
79.211 528.0 
79.305 529.0 
79.27 530.0 
79.246 531.0 
79.375 532.0 
79.386 533.0 
79.316 534.0 
79.305 535.0 
79.293 536.0 
79.246 537.0 
79.234 538.0 
79.164 539.0 
79.164 540.0 
79.281 541.0 
79.258 542.0 
79.199 543.0 
79.129 544.0 
79.118 545.0 
79.106 546.0 
79.211 547.0 
79.176 548.0 
79.106 549.0 
79.059 550.0 
79.001 551.0 
79.129 552.0 
79.071 553.0 
79.001 554.0 
79.013 555.0 
79.118 556.0 
79.094 557.0 
79.048 558.0 
78.732 559.0 
79.094 560.0 
79.013 561.0 
78.989 562.0 
79.106 563.0 
79.013 564.0 
78.907 565.0 
79.083 566.0 
79.164 567.0 
78.989 568.0 
79.094 569.0 
79.036 570.0 
79.129 571.0 
79.001 572.0 
78.978 573.0 
79.036 574.0 
79.001 575.0 
79.129 576.0 
79.048 577.0 
79.024 578.0 
79.129 579.0 
79.048 580.0 
79.141 581.0 
79.094 582.0 
79.106 583.0 
79.083 584.0 
79.199 585.0 
79.083 586.0 
79.036 587.0 
79.094 588.0 
79.036 589.0 
79.106 590.0 
79.048 591.0 
79.083 592.0 
79.024 593.0 
79.071 594.0 
79.024 595.0 
79.118 596.0 
79.024 597.0 
79.083 598.0 
79.036 599.0 
79.083 600.0 
79.176 601.0 
79.059 602.0 
79.176 603.0 
79.036 604.0 
79.129 605.0 
79.013 606.0 
79.106 607.0 
79.001 608.0 
79.118 609.0 
79.164 610.0 
79.059 611.0 
79.164 612.0 
79.024 613.0 
79.106 614.0 
78.978 615.0 
79.059 616.0 
79.153 617.0 
78.989 618.0 
79.106 619.0 
78.744 620.0 
79.036 621.0 
79.118 622.0 
79.024 623.0 
79.048 624.0 
79.164 625.0 
79.013 626.0 
79.083 627.0 
79.164 628.0 
79.036 629.0 
79.129 630.0 
79.176 631.0 
78.966 632.0 
79.118 633.0 
79.188 634.0 
79.048 635.0 
79.083 636.0 
79.141 637.0 
79.024 638.0 
79.094 639.0 
79.141 640.0 
79.013 641.0 
79.094 642.0 
79.118 643.0 
79.013 644.0 
79.059 645.0 
79.094 646.0 
79.164 647.0 
79.001 648.0 
79.059 649.0 
79.141 650.0 
78.978 651.0 
79.013 652.0 
79.071 653.0 
79.118 654.0 
78.978 655.0 
79.024 656.0 
79.059 657.0 
79.153 658.0 
79.048 659.0 
79.094 660.0 
79.129 661.0 
79.176 662.0 
79.013 663.0 
79.059 664.0 
79.118 665.0 
79.188 666.0 
79.036 667.0 
79.083 668.0 
79.106 669.0 
79.141 670.0 
79.024 671.0 
78.989 672.0 
79.036 673.0 
79.094 674.0 
79.164 675.0 
79.001 676.0 
79.013 677.0 
79.083 678.0 
79.059 679.0 
79.141 680.0 
78.966 681.0 
78.989 682.0 
79.024 683.0 
79.106 684.0 
79.118 685.0 
79.164 686.0 
79.013 687.0 
79.036 688.0 
79.059 689.0 
79.071 690.0 
79.129 691.0 
79.129 692.0 
78.966 693.0 
79.036 694.0 
79.059 695.0 
79.071 696.0 
79.129 697.0 
79.059 698.0 
78.756 699.0 
78.966 700.0 
79.059 701.0 
79.048 702.0 
79.071 703.0 
79.106 704.0 
79.164 705.0 
79.164 706.0 
79.001 707.0 
79.013 708.0 
79.048 709.0 
79.071 710.0 
79.036 711.0 
79.094 712.0 
79.106 713.0 
79.153 714.0 
79.199 715.0 
79.001 716.0 
79.013 717.0 
79.048 718.0 
79.036 719.0 
79.048 720.0 
79.059 721.0 
79.094 722.0 
79.129 723.0 
79.141 724.0 
79.141 725.0 
78.966 726.0 
78.978 727.0 
79.036 728.0 
79.071 729.0 
79.036 730.0 
79.024 731.0 
79.071 732.0 
79.071 733.0 
79.106 734.0 
79.118 735.0 
79.094 736.0 
79.129 737.0 
79.141 738.0 
78.767 739.0 
78.954 740.0 
78.989 741.0 
78.989 742.0 
79.001 743.0 
78.978 744.0 
79.013 745.0 
79.048 746.0 
79.024 747.0 
78.966 748.0 
79.059 749.0 
79.048 750.0 
79.024 751.0 
79.036 752.0 
79.094 753.0 
79.048 754.0 
79.036 755.0 
79.059 756.0 
79.036 757.0 
79.094 758.0 
79.048 759.0 
79.059 760.0 
79.118 761.0 
79.083 762.0 
79.106 763.0 
79.071 764.0 
79.059 765.0 
79.059 766.0 
79.083 767.0 
79.083 768.0 
79.083 769.0 
79.094 770.0 
79.071 771.0 
79.118 772.0 
79.083 773.0 
79.071 774.0 
79.071 775.0 
79.094 776.0 
79.071 777.0 
79.094 778.0 
79.071 779.0 
79.083 780.0 
79.048 781.0 
79.059 782.0 
79.083 783.0 
79.094 784.0 
79.059 785.0 
79.059 786.0 
79.048 787.0 
79.071 788.0 
79.071 789.0 
79.071 790.0 
79.059 791.0 
79.059 792.0 
79.071 793.0 
79.059 794.0 
79.048 795.0 
79.083 796.0 
79.048 797.0 
79.059 798.0 
79.118 799.0 
79.071 800.0 
79.094 801.0 
79.059 802.0 
79.094 803.0 
79.094 804.0 
0.006 805.0 
0.007 806.0 
-0.002 807.0 
-0.001 808.0 
0.016 809.0 
0.008 810.0 
0.0 811.0 
0.006 812.0 
0.008 813.0 
0.0 814.0 
-0.008 815.0 
0.004 816.0 
0.0 817.0 
-0.008 818.0 
0.0 819.0 
0.0 820.0 
-0.011 821.0 
-0.012 822.0 
-0.012 823.0 
-0.017 824.0 
-0.023 825.0 
-0.02 826.0 
-0.018 827.0 
-0.023 828.0 
-0.018 829.0 
