-0.032 257.0 
-0.03 258.0 
-0.043 259.0 
-0.047 260.0 
-0.026 261.0 
-0.058 262.0 
-0.042 263.0 
-0.042 264.0 
-0.046 265.0 
-0.04 266.0 
-0.058 267.0 
-0.032 268.0 
-0.053 269.0 
-0.038 270.0 
-0.032 271.0 
-0.042 272.0 
-0.05 273.0 
-0.04 274.0 
136.651 275.0 
133.767 276.0 
132.786 277.0 
131.547 278.0 
130.052 279.0 
128.254 280.0 
126.63 281.0 
124.54 282.0 
121.538 283.0 
120.16 284.0 
119.751 285.0 
119.447 286.0 
119.261 287.0 
119.004 288.0 
118.723 289.0 
118.139 290.0 
118.022 291.0 
117.812 292.0 
117.637 293.0 
117.579 294.0 
117.088 295.0 
116.971 296.0 
116.948 297.0 
116.469 298.0 
116.271 299.0 
116.259 300.0 
115.745 301.0 
115.687 302.0 
115.184 303.0 
115.173 304.0 
115.009 305.0 
114.46 306.0 
113.21 307.0 
111.167 308.0 
108.866 309.0 
105.841 310.0 
102.816 311.0 
99.323 312.0 
95.668 313.0 
91.662 314.0 
87.796 315.0 
83.778 316.0 
80.11 317.0 
77.506 318.0 
77.296 319.0 
77.062 320.0 
77.027 321.0 
76.899 322.0 
76.782 323.0 
76.875 324.0 
76.805 325.0 
76.712 326.0 
76.77 327.0 
76.723 328.0 
76.91 329.0 
76.817 330.0 
76.747 331.0 
76.817 332.0 
76.828 333.0 
76.735 334.0 
76.793 335.0 
76.817 336.0 
76.793 337.0 
76.712 338.0 
76.852 339.0 
76.77 340.0 
76.758 341.0 
76.7 342.0 
76.828 343.0 
76.782 344.0 
76.747 345.0 
76.7 346.0 
76.688 347.0 
76.758 348.0 
76.782 349.0 
76.782 350.0 
76.735 351.0 
76.805 352.0 
76.723 353.0 
76.665 354.0 
76.852 355.0 
76.805 356.0 
76.782 357.0 
76.758 358.0 
76.793 359.0 
76.793 360.0 
76.805 361.0 
76.735 362.0 
76.723 363.0 
76.665 364.0 
76.723 365.0 
76.735 366.0 
76.77 367.0 
76.712 368.0 
76.735 369.0 
76.735 370.0 
76.793 371.0 
76.77 372.0 
76.805 373.0 
76.805 374.0 
76.852 375.0 
77.05 376.0 
76.712 377.0 
76.747 378.0 
76.735 379.0 
76.735 380.0 
76.747 381.0 
76.84 382.0 
76.758 383.0 
76.712 384.0 
76.688 385.0 
76.793 386.0 
76.712 387.0 
76.688 388.0 
76.782 389.0 
76.77 390.0 
76.747 391.0 
76.712 392.0 
76.817 393.0 
76.688 394.0 
76.782 395.0 
76.852 396.0 
76.712 397.0 
76.747 398.0 
76.653 399.0 
76.677 400.0 
76.805 401.0 
76.782 402.0 
76.817 403.0 
76.758 404.0 
76.723 405.0 
76.677 406.0 
76.723 407.0 
76.723 408.0 
76.747 409.0 
76.665 410.0 
76.77 411.0 
76.805 412.0 
76.817 413.0 
76.782 414.0 
76.712 415.0 
76.77 416.0 
76.7 417.0 
76.793 418.0 
76.758 419.0 
76.7 420.0 
76.712 421.0 
76.77 422.0 
76.793 423.0 
76.7 424.0 
76.735 425.0 
76.747 426.0 
76.805 427.0 
76.7 428.0 
76.735 429.0 
76.7 430.0 
76.782 431.0 
76.747 432.0 
76.77 433.0 
76.688 434.0 
76.7 435.0 
76.735 436.0 
76.84 437.0 
76.665 438.0 
76.712 439.0 
76.665 440.0 
76.7 441.0 
76.688 442.0 
76.688 443.0 
76.723 444.0 
76.677 445.0 
76.653 446.0 
76.782 447.0 
76.77 448.0 
76.805 449.0 
77.167 450.0 
76.758 451.0 
76.7 452.0 
76.7 453.0 
76.642 454.0 
76.747 455.0 
76.607 456.0 
76.723 457.0 
76.642 458.0 
76.77 459.0 
76.793 460.0 
76.735 461.0 
76.677 462.0 
76.817 463.0 
76.758 464.0 
76.77 465.0 
76.747 466.0 
76.747 467.0 
76.653 468.0 
76.758 469.0 
76.7 470.0 
76.7 471.0 
76.747 472.0 
76.793 473.0 
76.723 474.0 
76.793 475.0 
76.723 476.0 
76.665 477.0 
76.7 478.0 
76.642 479.0 
76.735 480.0 
76.805 481.0 
76.688 482.0 
76.77 483.0 
76.688 484.0 
76.782 485.0 
76.653 486.0 
76.642 487.0 
76.782 488.0 
76.723 489.0 
76.723 490.0 
76.782 491.0 
76.758 492.0 
76.688 493.0 
76.77 494.0 
76.688 495.0 
76.677 496.0 
76.747 497.0 
76.782 498.0 
76.665 499.0 
76.665 500.0 
76.712 501.0 
76.747 502.0 
76.653 503.0 
76.653 504.0 
76.665 505.0 
76.712 506.0 
76.712 507.0 
77.027 508.0 
76.653 509.0 
76.642 510.0 
76.7 511.0 
76.7 512.0 
76.735 513.0 
76.758 514.0 
76.735 515.0 
76.735 516.0 
76.747 517.0 
76.513 518.0 
76.56 519.0 
76.595 520.0 
76.63 521.0 
76.607 522.0 
76.642 523.0 
76.607 524.0 
76.607 525.0 
76.595 526.0 
76.595 527.0 
76.536 528.0 
76.607 529.0 
76.56 530.0 
76.548 531.0 
76.723 532.0 
76.63 533.0 
76.607 534.0 
76.63 535.0 
76.618 536.0 
76.572 537.0 
76.501 538.0 
76.455 539.0 
76.431 540.0 
76.536 541.0 
76.478 542.0 
76.455 543.0 
76.408 544.0 
76.385 545.0 
76.315 546.0 
76.42 547.0 
76.408 548.0 
76.338 549.0 
76.268 550.0 
76.198 551.0 
76.35 552.0 
76.326 553.0 
76.245 554.0 
76.233 555.0 
76.373 556.0 
76.291 557.0 
76.245 558.0 
75.941 559.0 
76.326 560.0 
76.256 561.0 
76.233 562.0 
76.338 563.0 
76.256 564.0 
76.139 565.0 
76.326 566.0 
76.373 567.0 
76.209 568.0 
76.326 569.0 
76.245 570.0 
76.35 571.0 
76.28 572.0 
76.221 573.0 
76.256 574.0 
76.256 575.0 
76.35 576.0 
76.28 577.0 
76.268 578.0 
76.338 579.0 
76.28 580.0 
76.338 581.0 
76.291 582.0 
76.373 583.0 
76.315 584.0 
76.455 585.0 
76.338 586.0 
76.245 587.0 
76.35 588.0 
76.256 589.0 
76.326 590.0 
76.256 591.0 
76.35 592.0 
76.268 593.0 
76.315 594.0 
76.268 595.0 
76.35 596.0 
76.28 597.0 
76.315 598.0 
76.256 599.0 
76.303 600.0 
76.408 601.0 
76.291 602.0 
76.385 603.0 
76.303 604.0 
76.35 605.0 
76.245 606.0 
76.373 607.0 
76.233 608.0 
76.326 609.0 
76.396 610.0 
76.303 611.0 
76.373 612.0 
76.268 613.0 
76.338 614.0 
76.233 615.0 
76.315 616.0 
76.396 617.0 
76.268 618.0 
76.338 619.0 
75.906 620.0 
76.256 621.0 
76.303 622.0 
76.245 623.0 
76.303 624.0 
76.373 625.0 
76.245 626.0 
76.315 627.0 
76.373 628.0 
76.303 629.0 
76.338 630.0 
76.408 631.0 
76.198 632.0 
76.338 633.0 
76.373 634.0 
76.28 635.0 
76.361 636.0 
76.385 637.0 
76.291 638.0 
76.303 639.0 
76.361 640.0 
76.233 641.0 
76.268 642.0 
76.338 643.0 
76.209 644.0 
76.28 645.0 
76.303 646.0 
76.408 647.0 
76.268 648.0 
76.268 649.0 
76.338 650.0 
76.233 651.0 
76.268 652.0 
76.28 653.0 
76.361 654.0 
76.209 655.0 
76.28 656.0 
76.245 657.0 
76.361 658.0 
76.233 659.0 
76.291 660.0 
76.326 661.0 
76.396 662.0 
76.186 663.0 
76.303 664.0 
76.326 665.0 
76.385 666.0 
76.256 667.0 
76.303 668.0 
76.338 669.0 
76.408 670.0 
76.233 671.0 
76.245 672.0 
76.291 673.0 
76.326 674.0 
76.385 675.0 
76.245 676.0 
76.268 677.0 
76.28 678.0 
76.315 679.0 
76.338 680.0 
76.209 681.0 
76.245 682.0 
76.28 683.0 
76.326 684.0 
76.35 685.0 
76.373 686.0 
76.198 687.0 
76.28 688.0 
76.315 689.0 
76.338 690.0 
76.373 691.0 
76.373 692.0 
76.233 693.0 
76.221 694.0 
76.256 695.0 
76.326 696.0 
76.361 697.0 
76.315 698.0 
75.917 699.0 
76.233 700.0 
76.256 701.0 
76.28 702.0 
76.291 703.0 
76.326 704.0 
76.361 705.0 
76.373 706.0 
76.209 707.0 
76.233 708.0 
76.245 709.0 
76.303 710.0 
76.338 711.0 
76.35 712.0 
76.35 713.0 
76.35 714.0 
76.396 715.0 
76.245 716.0 
76.209 717.0 
76.256 718.0 
76.303 719.0 
76.28 720.0 
76.315 721.0 
76.338 722.0 
76.326 723.0 
76.361 724.0 
76.396 725.0 
76.198 726.0 
76.221 727.0 
76.256 728.0 
76.291 729.0 
76.28 730.0 
76.338 731.0 
76.326 732.0 
76.303 733.0 
76.338 734.0 
76.338 735.0 
76.373 736.0 
76.385 737.0 
76.373 738.0 
75.754 739.0 
76.151 740.0 
76.198 741.0 
76.221 742.0 
76.221 743.0 
76.245 744.0 
76.245 745.0 
76.221 746.0 
76.233 747.0 
76.245 748.0 
76.256 749.0 
76.28 750.0 
76.28 751.0 
76.291 752.0 
76.28 753.0 
76.291 754.0 
76.303 755.0 
76.291 756.0 
76.315 757.0 
76.303 758.0 
76.291 759.0 
76.315 760.0 
76.303 761.0 
76.315 762.0 
76.303 763.0 
76.315 764.0 
76.291 765.0 
76.338 766.0 
76.338 767.0 
76.338 768.0 
76.326 769.0 
76.326 770.0 
76.315 771.0 
76.326 772.0 
76.291 773.0 
76.315 774.0 
76.315 775.0 
76.315 776.0 
76.326 777.0 
76.326 778.0 
76.291 779.0 
76.28 780.0 
76.291 781.0 
76.303 782.0 
76.303 783.0 
76.28 784.0 
76.326 785.0 
76.303 786.0 
76.303 787.0 
76.315 788.0 
76.291 789.0 
76.326 790.0 
76.315 791.0 
76.326 792.0 
76.338 793.0 
76.326 794.0 
76.338 795.0 
76.338 796.0 
76.338 797.0 
76.28 798.0 
76.303 799.0 
76.291 800.0 
76.338 801.0 
76.303 802.0 
76.303 803.0 
76.315 804.0 
0.004 805.0 
0.001 806.0 
0.0 807.0 
-0.005 808.0 
-0.01 809.0 
-0.008 810.0 
-0.024 811.0 
-0.028 812.0 
-0.032 813.0 
-0.032 814.0 
-0.044 815.0 
-0.041 816.0 
-0.044 817.0 
-0.054 818.0 
-0.056 819.0 
-0.043 820.0 
-0.054 821.0 
-0.058 822.0 
-0.052 823.0 
-0.046 824.0 
-0.048 825.0 
-0.044 826.0 
-0.037 827.0 
-0.03 828.0 
-0.038 829.0 
