-0.016 257.0 
-0.028 258.0 
-0.056 259.0 
-0.025 260.0 
-0.044 261.0 
-0.04 262.0 
-0.01 263.0 
-0.012 264.0 
-0.023 265.0 
-0.056 266.0 
-0.02 267.0 
-0.05 268.0 
-0.028 269.0 
-0.037 270.0 
-0.046 271.0 
-0.019 272.0 
-0.023 273.0 
-0.032 274.0 
149.557 275.0 
145.843 276.0 
144.675 277.0 
143.11 278.0 
141.51 279.0 
139.443 280.0 
137.889 281.0 
135.846 282.0 
133.369 283.0 
132.225 284.0 
131.898 285.0 
131.583 286.0 
131.396 287.0 
131.092 288.0 
130.858 289.0 
130.601 290.0 
130.017 291.0 
129.784 292.0 
129.585 293.0 
129.492 294.0 
129.001 295.0 
128.826 296.0 
128.733 297.0 
128.219 298.0 
128.02 299.0 
127.997 300.0 
127.436 301.0 
127.436 302.0 
126.934 303.0 
126.899 304.0 
126.841 305.0 
126.198 306.0 
125.1 307.0 
122.811 308.0 
120.09 309.0 
116.259 310.0 
112.194 311.0 
107.686 312.0 
103.446 313.0 
99.253 314.0 
94.873 315.0 
90.505 316.0 
86.382 317.0 
83.299 318.0 
83.124 319.0 
82.879 320.0 
82.879 321.0 
82.82 322.0 
82.692 323.0 
82.715 324.0 
82.633 325.0 
82.435 326.0 
82.622 327.0 
82.54 328.0 
82.762 329.0 
82.657 330.0 
82.551 331.0 
82.645 332.0 
82.657 333.0 
82.587 334.0 
82.68 335.0 
82.633 336.0 
82.622 337.0 
82.551 338.0 
82.715 339.0 
82.622 340.0 
82.61 341.0 
82.61 342.0 
82.271 343.0 
82.622 344.0 
82.598 345.0 
82.563 346.0 
82.493 347.0 
82.68 348.0 
82.633 349.0 
82.598 350.0 
82.587 351.0 
82.622 352.0 
82.61 353.0 
82.458 354.0 
82.692 355.0 
82.61 356.0 
82.668 357.0 
82.61 358.0 
82.68 359.0 
82.633 360.0 
82.645 361.0 
82.587 362.0 
82.622 363.0 
82.575 364.0 
82.598 365.0 
82.587 366.0 
82.622 367.0 
82.528 368.0 
82.587 369.0 
82.587 370.0 
82.61 371.0 
82.598 372.0 
82.633 373.0 
82.668 374.0 
82.668 375.0 
82.692 376.0 
82.446 377.0 
82.633 378.0 
82.598 379.0 
82.598 380.0 
82.563 381.0 
82.692 382.0 
82.598 383.0 
82.575 384.0 
82.563 385.0 
82.657 386.0 
82.551 387.0 
82.505 388.0 
82.61 389.0 
82.622 390.0 
82.633 391.0 
82.551 392.0 
82.645 393.0 
82.528 394.0 
82.575 395.0 
82.68 396.0 
82.563 397.0 
82.633 398.0 
82.622 399.0 
82.563 400.0 
82.668 401.0 
82.61 402.0 
82.692 403.0 
82.645 404.0 
82.622 405.0 
82.516 406.0 
82.575 407.0 
82.575 408.0 
82.575 409.0 
82.516 410.0 
82.563 411.0 
82.645 412.0 
82.692 413.0 
82.645 414.0 
82.575 415.0 
82.61 416.0 
82.54 417.0 
82.773 418.0 
82.622 419.0 
82.551 420.0 
82.598 421.0 
82.645 422.0 
82.622 423.0 
82.587 424.0 
82.528 425.0 
82.598 426.0 
82.633 427.0 
82.563 428.0 
82.563 429.0 
82.528 430.0 
82.61 431.0 
82.622 432.0 
82.633 433.0 
82.516 434.0 
82.551 435.0 
82.61 436.0 
82.692 437.0 
82.493 438.0 
82.598 439.0 
82.563 440.0 
82.575 441.0 
82.575 442.0 
82.575 443.0 
82.587 444.0 
82.551 445.0 
82.551 446.0 
82.622 447.0 
82.668 448.0 
82.587 449.0 
82.902 450.0 
82.563 451.0 
82.516 452.0 
82.528 453.0 
82.516 454.0 
82.575 455.0 
82.598 456.0 
82.551 457.0 
82.551 458.0 
82.61 459.0 
82.645 460.0 
82.563 461.0 
82.551 462.0 
82.668 463.0 
82.61 464.0 
82.633 465.0 
82.633 466.0 
82.563 467.0 
82.528 468.0 
82.575 469.0 
82.54 470.0 
82.575 471.0 
82.563 472.0 
82.645 473.0 
82.563 474.0 
82.657 475.0 
82.598 476.0 
82.505 477.0 
82.563 478.0 
82.528 479.0 
82.563 480.0 
82.657 481.0 
82.587 482.0 
82.668 483.0 
82.551 484.0 
82.633 485.0 
82.528 486.0 
82.54 487.0 
82.622 488.0 
82.598 489.0 
82.575 490.0 
82.61 491.0 
82.563 492.0 
82.587 493.0 
82.622 494.0 
82.493 495.0 
82.446 496.0 
82.587 497.0 
82.633 498.0 
82.505 499.0 
82.516 500.0 
82.598 501.0 
82.587 502.0 
82.493 503.0 
82.516 504.0 
82.54 505.0 
82.54 506.0 
82.551 507.0 
82.692 508.0 
82.47 509.0 
82.493 510.0 
82.528 511.0 
82.493 512.0 
82.563 513.0 
82.563 514.0 
82.551 515.0 
82.61 516.0 
82.61 517.0 
82.47 518.0 
82.411 519.0 
82.458 520.0 
82.446 521.0 
82.458 522.0 
82.481 523.0 
82.458 524.0 
82.481 525.0 
82.446 526.0 
82.458 527.0 
82.4 528.0 
82.4 529.0 
82.376 530.0 
82.365 531.0 
82.481 532.0 
82.47 533.0 
82.423 534.0 
82.353 535.0 
82.376 536.0 
82.306 537.0 
82.213 538.0 
82.201 539.0 
82.143 540.0 
82.236 541.0 
82.201 542.0 
82.154 543.0 
82.084 544.0 
82.049 545.0 
82.038 546.0 
82.108 547.0 
82.084 548.0 
82.014 549.0 
81.956 550.0 
81.909 551.0 
82.014 552.0 
81.932 553.0 
81.921 554.0 
81.874 555.0 
81.991 556.0 
81.968 557.0 
81.944 558.0 
82.014 559.0 
81.944 560.0 
81.932 561.0 
81.886 562.0 
81.991 563.0 
81.956 564.0 
81.839 565.0 
81.968 566.0 
82.026 567.0 
81.839 568.0 
81.956 569.0 
81.897 570.0 
82.014 571.0 
81.932 572.0 
81.839 573.0 
81.921 574.0 
81.897 575.0 
82.014 576.0 
81.921 577.0 
81.909 578.0 
82.026 579.0 
81.979 580.0 
82.003 581.0 
81.979 582.0 
82.003 583.0 
82.003 584.0 
82.073 585.0 
81.956 586.0 
81.886 587.0 
82.003 588.0 
81.932 589.0 
81.979 590.0 
81.897 591.0 
81.979 592.0 
81.909 593.0 
81.944 594.0 
81.921 595.0 
82.014 596.0 
81.909 597.0 
81.991 598.0 
81.909 599.0 
82.003 600.0 
82.084 601.0 
81.968 602.0 
82.026 603.0 
81.968 604.0 
82.026 605.0 
81.886 606.0 
81.968 607.0 
81.862 608.0 
81.968 609.0 
82.049 610.0 
81.921 611.0 
82.026 612.0 
81.921 613.0 
81.991 614.0 
81.886 615.0 
81.944 616.0 
82.049 617.0 
81.909 618.0 
81.979 619.0 
81.617 620.0 
81.944 621.0 
81.968 622.0 
81.886 623.0 
81.968 624.0 
82.049 625.0 
81.897 626.0 
81.979 627.0 
82.038 628.0 
81.944 629.0 
81.956 630.0 
82.038 631.0 
81.839 632.0 
82.014 633.0 
82.061 634.0 
81.944 635.0 
81.979 636.0 
82.014 637.0 
81.897 638.0 
81.968 639.0 
82.038 640.0 
81.874 641.0 
81.932 642.0 
82.014 643.0 
81.874 644.0 
81.921 645.0 
81.979 646.0 
82.038 647.0 
81.897 648.0 
81.921 649.0 
82.038 650.0 
81.851 651.0 
81.921 652.0 
81.968 653.0 
82.026 654.0 
81.839 655.0 
81.921 656.0 
81.968 657.0 
82.003 658.0 
81.921 659.0 
81.991 660.0 
82.014 661.0 
82.073 662.0 
81.897 663.0 
81.956 664.0 
82.038 665.0 
82.061 666.0 
81.897 667.0 
81.932 668.0 
81.968 669.0 
82.026 670.0 
81.886 671.0 
81.909 672.0 
81.921 673.0 
81.968 674.0 
82.003 675.0 
81.874 676.0 
81.932 677.0 
81.968 678.0 
81.991 679.0 
82.014 680.0 
81.862 681.0 
81.886 682.0 
82.003 683.0 
82.003 684.0 
82.026 685.0 
82.073 686.0 
81.874 687.0 
81.909 688.0 
81.944 689.0 
82.003 690.0 
82.049 691.0 
82.026 692.0 
81.886 693.0 
81.886 694.0 
81.932 695.0 
81.956 696.0 
82.003 697.0 
81.991 698.0 
81.699 699.0 
81.886 700.0 
81.921 701.0 
81.944 702.0 
81.956 703.0 
81.979 704.0 
82.003 705.0 
82.026 706.0 
81.862 707.0 
81.862 708.0 
81.909 709.0 
81.956 710.0 
81.956 711.0 
81.979 712.0 
81.979 713.0 
82.049 714.0 
82.061 715.0 
81.909 716.0 
81.897 717.0 
81.909 718.0 
81.944 719.0 
81.944 720.0 
81.968 721.0 
81.991 722.0 
82.003 723.0 
82.003 724.0 
82.073 725.0 
81.862 726.0 
81.862 727.0 
81.851 728.0 
81.909 729.0 
81.932 730.0 
81.932 731.0 
81.956 732.0 
81.979 733.0 
81.979 734.0 
82.003 735.0 
82.014 736.0 
82.014 737.0 
82.026 738.0 
81.64 739.0 
81.827 740.0 
81.862 741.0 
81.851 742.0 
81.862 743.0 
81.921 744.0 
81.886 745.0 
81.862 746.0 
81.874 747.0 
81.944 748.0 
81.932 749.0 
81.909 750.0 
81.897 751.0 
81.932 752.0 
81.897 753.0 
81.944 754.0 
81.968 755.0 
81.944 756.0 
81.944 757.0 
81.956 758.0 
81.979 759.0 
81.968 760.0 
81.968 761.0 
81.956 762.0 
81.968 763.0 
82.026 764.0 
81.979 765.0 
81.979 766.0 
81.932 767.0 
81.944 768.0 
81.968 769.0 
81.979 770.0 
81.979 771.0 
81.956 772.0 
81.968 773.0 
81.956 774.0 
81.991 775.0 
81.968 776.0 
81.979 777.0 
81.979 778.0 
81.956 779.0 
81.968 780.0 
81.956 781.0 
81.968 782.0 
81.956 783.0 
81.979 784.0 
81.979 785.0 
81.956 786.0 
81.968 787.0 
81.979 788.0 
81.956 789.0 
81.944 790.0 
81.956 791.0 
81.968 792.0 
81.979 793.0 
81.956 794.0 
81.921 795.0 
81.956 796.0 
81.968 797.0 
81.932 798.0 
81.944 799.0 
81.944 800.0 
81.968 801.0 
81.956 802.0 
81.968 803.0 
81.956 804.0 
0.002 805.0 
-0.004 806.0 
-0.005 807.0 
0.016 808.0 
0.012 809.0 
0.016 810.0 
0.001 811.0 
0.0 812.0 
0.006 813.0 
-0.001 814.0 
0.001 815.0 
-0.002 816.0 
-0.002 817.0 
-0.005 818.0 
-0.001 819.0 
-0.006 820.0 
-0.012 821.0 
-0.012 822.0 
0.0 823.0 
-0.008 824.0 
-0.01 825.0 
-0.016 826.0 
-0.025 827.0 
-0.025 828.0 
-0.019 829.0 
