-0.058 257.0 
-0.047 258.0 
-0.041 259.0 
-0.03 260.0 
-0.052 261.0 
-0.071 262.0 
-0.056 263.0 
-0.03 264.0 
-0.031 265.0 
-0.035 266.0 
-0.044 267.0 
-0.049 268.0 
-0.032 269.0 
-0.038 270.0 
-0.059 271.0 
-0.049 272.0 
-0.055 273.0 
-0.041 274.0 
146.965 275.0 
144.08 276.0 
142.631 277.0 
141.066 278.0 
139.221 279.0 
137.06 280.0 
135.121 281.0 
132.622 282.0 
129.422 283.0 
128.195 284.0 
127.833 285.0 
127.483 286.0 
127.226 287.0 
126.852 288.0 
126.619 289.0 
126.397 290.0 
125.859 291.0 
125.614 292.0 
125.439 293.0 
125.369 294.0 
124.843 295.0 
124.68 296.0 
124.586 297.0 
124.026 298.0 
123.804 299.0 
123.757 300.0 
123.185 301.0 
123.08 302.0 
122.554 303.0 
122.484 304.0 
122.881 305.0 
121.713 306.0 
120.37 307.0 
117.952 308.0 
115.138 309.0 
111.377 310.0 
107.511 311.0 
103.178 312.0 
99.218 313.0 
94.99 314.0 
91.381 315.0 
87.457 316.0 
83.86 317.0 
80.975 318.0 
80.8 319.0 
80.589 320.0 
80.414 321.0 
80.437 322.0 
80.309 323.0 
80.379 324.0 
80.321 325.0 
80.181 326.0 
80.286 327.0 
80.192 328.0 
80.835 329.0 
80.321 330.0 
80.216 331.0 
80.531 332.0 
80.297 333.0 
80.204 334.0 
80.157 335.0 
80.332 336.0 
80.344 337.0 
80.204 338.0 
80.473 339.0 
80.239 340.0 
80.227 341.0 
80.262 342.0 
80.391 343.0 
80.274 344.0 
80.239 345.0 
80.216 346.0 
80.192 347.0 
80.216 348.0 
80.286 349.0 
80.262 350.0 
80.216 351.0 
80.286 352.0 
80.216 353.0 
80.227 354.0 
80.169 355.0 
80.262 356.0 
80.321 357.0 
80.286 358.0 
80.332 359.0 
80.251 360.0 
80.286 361.0 
80.216 362.0 
80.251 363.0 
80.192 364.0 
80.239 365.0 
80.262 366.0 
80.251 367.0 
80.192 368.0 
80.251 369.0 
80.227 370.0 
80.262 371.0 
80.251 372.0 
80.274 373.0 
80.297 374.0 
80.321 375.0 
80.519 376.0 
80.181 377.0 
80.216 378.0 
80.251 379.0 
80.286 380.0 
80.251 381.0 
80.344 382.0 
80.227 383.0 
80.251 384.0 
80.204 385.0 
80.332 386.0 
80.192 387.0 
80.181 388.0 
80.286 389.0 
80.239 390.0 
80.262 391.0 
80.216 392.0 
80.297 393.0 
80.157 394.0 
80.262 395.0 
80.321 396.0 
80.181 397.0 
80.286 398.0 
80.192 399.0 
80.216 400.0 
80.297 401.0 
80.297 402.0 
80.321 403.0 
80.286 404.0 
80.251 405.0 
80.181 406.0 
80.227 407.0 
80.169 408.0 
80.216 409.0 
80.181 410.0 
80.227 411.0 
80.274 412.0 
80.765 413.0 
80.297 414.0 
80.192 415.0 
80.251 416.0 
80.169 417.0 
80.332 418.0 
80.262 419.0 
80.192 420.0 
80.251 421.0 
80.262 422.0 
80.297 423.0 
80.227 424.0 
80.239 425.0 
80.274 426.0 
80.274 427.0 
80.192 428.0 
80.227 429.0 
80.204 430.0 
80.274 431.0 
80.262 432.0 
80.297 433.0 
80.145 434.0 
80.181 435.0 
80.204 436.0 
80.297 437.0 
80.157 438.0 
80.192 439.0 
80.204 440.0 
80.216 441.0 
80.192 442.0 
80.227 443.0 
80.204 444.0 
80.216 445.0 
80.181 446.0 
80.297 447.0 
80.262 448.0 
80.274 449.0 
80.578 450.0 
80.192 451.0 
80.204 452.0 
80.157 453.0 
80.145 454.0 
80.251 455.0 
80.216 456.0 
80.192 457.0 
80.181 458.0 
80.274 459.0 
80.274 460.0 
80.239 461.0 
80.181 462.0 
80.309 463.0 
80.274 464.0 
80.262 465.0 
80.309 466.0 
80.204 467.0 
80.145 468.0 
80.262 469.0 
80.216 470.0 
80.181 471.0 
80.192 472.0 
80.216 473.0 
80.204 474.0 
80.286 475.0 
80.227 476.0 
80.145 477.0 
80.227 478.0 
80.157 479.0 
80.216 480.0 
80.309 481.0 
80.251 482.0 
80.274 483.0 
80.239 484.0 
80.262 485.0 
80.181 486.0 
80.181 487.0 
80.251 488.0 
80.239 489.0 
80.227 490.0 
80.251 491.0 
80.216 492.0 
80.216 493.0 
80.251 494.0 
80.157 495.0 
80.169 496.0 
80.216 497.0 
80.274 498.0 
80.145 499.0 
80.169 500.0 
80.192 501.0 
80.216 502.0 
80.145 503.0 
80.181 504.0 
80.204 505.0 
80.216 506.0 
80.134 507.0 
80.274 508.0 
80.122 509.0 
80.145 510.0 
80.181 511.0 
80.192 512.0 
80.169 513.0 
80.216 514.0 
80.204 515.0 
80.262 516.0 
80.473 517.0 
80.052 518.0 
80.11 519.0 
80.099 520.0 
80.11 521.0 
80.134 522.0 
80.11 523.0 
80.134 524.0 
80.157 525.0 
80.087 526.0 
80.087 527.0 
80.017 528.0 
80.075 529.0 
80.052 530.0 
80.052 531.0 
80.169 532.0 
80.181 533.0 
80.087 534.0 
80.075 535.0 
80.064 536.0 
80.017 537.0 
79.9 538.0 
79.935 539.0 
79.877 540.0 
80.005 541.0 
79.877 542.0 
79.912 543.0 
79.854 544.0 
79.83 545.0 
79.795 546.0 
79.9 547.0 
79.854 548.0 
79.783 549.0 
79.737 550.0 
79.643 551.0 
79.807 552.0 
79.725 553.0 
79.702 554.0 
79.678 555.0 
79.83 556.0 
79.76 557.0 
79.725 558.0 
79.328 559.0 
79.807 560.0 
79.725 561.0 
79.655 562.0 
79.795 563.0 
79.76 564.0 
79.678 565.0 
79.783 566.0 
79.783 567.0 
79.643 568.0 
79.76 569.0 
79.678 570.0 
79.818 571.0 
79.725 572.0 
79.678 573.0 
79.748 574.0 
79.69 575.0 
79.818 576.0 
79.748 577.0 
79.713 578.0 
79.83 579.0 
79.748 580.0 
79.83 581.0 
79.783 582.0 
79.807 583.0 
79.807 584.0 
79.55 585.0 
79.807 586.0 
79.69 587.0 
79.807 588.0 
79.713 589.0 
79.795 590.0 
79.725 591.0 
79.807 592.0 
79.737 593.0 
79.783 594.0 
79.737 595.0 
79.702 596.0 
79.725 597.0 
79.783 598.0 
79.713 599.0 
79.76 600.0 
79.877 601.0 
79.772 602.0 
79.854 603.0 
79.76 604.0 
79.83 605.0 
79.702 606.0 
79.76 607.0 
79.69 608.0 
79.772 609.0 
79.865 610.0 
79.725 611.0 
79.818 612.0 
79.725 613.0 
79.748 614.0 
79.69 615.0 
79.748 616.0 
79.83 617.0 
79.667 618.0 
79.795 619.0 
79.585 620.0 
79.737 621.0 
79.783 622.0 
79.737 623.0 
79.795 624.0 
79.865 625.0 
79.713 626.0 
79.748 627.0 
79.83 628.0 
79.713 629.0 
79.783 630.0 
79.854 631.0 
79.69 632.0 
79.795 633.0 
79.842 634.0 
79.725 635.0 
79.772 636.0 
79.842 637.0 
79.725 638.0 
79.783 639.0 
79.818 640.0 
79.678 641.0 
79.772 642.0 
79.818 643.0 
79.69 644.0 
79.748 645.0 
79.772 646.0 
79.842 647.0 
79.713 648.0 
79.737 649.0 
79.83 650.0 
79.678 651.0 
79.655 652.0 
79.748 653.0 
79.783 654.0 
79.667 655.0 
79.725 656.0 
79.795 657.0 
79.83 658.0 
79.748 659.0 
79.76 660.0 
79.83 661.0 
79.842 662.0 
79.678 663.0 
79.748 664.0 
79.807 665.0 
79.842 666.0 
79.702 667.0 
79.76 668.0 
79.783 669.0 
79.807 670.0 
79.655 671.0 
79.725 672.0 
79.76 673.0 
79.772 674.0 
79.783 675.0 
79.678 676.0 
79.725 677.0 
79.772 678.0 
79.795 679.0 
79.818 680.0 
79.69 681.0 
79.702 682.0 
79.737 683.0 
79.795 684.0 
79.795 685.0 
79.877 686.0 
79.655 687.0 
79.713 688.0 
79.76 689.0 
79.783 690.0 
79.818 691.0 
79.854 692.0 
79.69 693.0 
79.69 694.0 
79.702 695.0 
79.76 696.0 
79.772 697.0 
79.772 698.0 
79.585 699.0 
79.678 700.0 
79.713 701.0 
79.748 702.0 
79.772 703.0 
79.772 704.0 
79.807 705.0 
79.877 706.0 
79.632 707.0 
79.702 708.0 
79.713 709.0 
79.783 710.0 
79.783 711.0 
79.795 712.0 
79.772 713.0 
79.842 714.0 
79.585 715.0 
79.69 716.0 
79.667 717.0 
79.69 718.0 
79.748 719.0 
79.713 720.0 
79.76 721.0 
79.818 722.0 
79.83 723.0 
79.842 724.0 
79.854 725.0 
79.678 726.0 
79.643 727.0 
79.702 728.0 
79.713 729.0 
79.725 730.0 
79.748 731.0 
79.76 732.0 
79.76 733.0 
79.795 734.0 
79.795 735.0 
79.818 736.0 
79.842 737.0 
79.842 738.0 
79.526 739.0 
79.655 740.0 
79.667 741.0 
79.678 742.0 
79.702 743.0 
79.713 744.0 
79.713 745.0 
79.702 746.0 
79.678 747.0 
79.69 748.0 
79.725 749.0 
79.748 750.0 
79.69 751.0 
79.737 752.0 
79.737 753.0 
79.772 754.0 
79.702 755.0 
79.69 756.0 
79.748 757.0 
79.737 758.0 
79.76 759.0 
79.748 760.0 
79.772 761.0 
79.772 762.0 
79.783 763.0 
79.807 764.0 
79.795 765.0 
79.772 766.0 
79.748 767.0 
79.795 768.0 
79.783 769.0 
79.795 770.0 
79.795 771.0 
79.783 772.0 
79.795 773.0 
79.748 774.0 
79.76 775.0 
79.76 776.0 
79.76 777.0 
79.76 778.0 
79.76 779.0 
79.807 780.0 
79.772 781.0 
79.76 782.0 
79.737 783.0 
79.772 784.0 
79.772 785.0 
79.76 786.0 
79.795 787.0 
79.76 788.0 
79.748 789.0 
79.772 790.0 
79.76 791.0 
79.748 792.0 
79.748 793.0 
79.748 794.0 
79.737 795.0 
79.737 796.0 
79.725 797.0 
79.737 798.0 
79.748 799.0 
79.725 800.0 
79.748 801.0 
79.76 802.0 
79.748 803.0 
79.76 804.0 
0.004 805.0 
0.011 806.0 
0.008 807.0 
0.005 808.0 
0.007 809.0 
0.007 810.0 
0.0 811.0 
0.0 812.0 
0.002 813.0 
-0.011 814.0 
-0.013 815.0 
-0.016 816.0 
-0.016 817.0 
-0.02 818.0 
-0.022 819.0 
-0.019 820.0 
-0.03 821.0 
-0.028 822.0 
-0.023 823.0 
-0.019 824.0 
-0.019 825.0 
-0.034 826.0 
-0.034 827.0 
-0.034 828.0 
-0.031 829.0 
