-0.053 257.0 
-0.037 258.0 
-0.044 259.0 
-0.041 260.0 
-0.049 261.0 
-0.03 262.0 
-0.043 263.0 
-0.044 264.0 
-0.05 265.0 
-0.052 266.0 
-0.036 267.0 
-0.02 268.0 
-0.035 269.0 
-0.042 270.0 
-0.026 271.0 
-0.031 272.0 
-0.034 273.0 
-0.05 274.0 
140.342 275.0 
137.562 276.0 
136.838 277.0 
135.519 278.0 
133.907 279.0 
131.874 280.0 
130.169 281.0 
128.125 282.0 
125.077 283.0 
123.652 284.0 
123.278 285.0 
122.928 286.0 
122.823 287.0 
122.589 288.0 
122.262 289.0 
121.55 290.0 
121.421 291.0 
121.199 292.0 
121.036 293.0 
120.756 294.0 
120.417 295.0 
120.253 296.0 
120.242 297.0 
119.798 298.0 
119.564 299.0 
119.494 300.0 
118.933 301.0 
118.828 302.0 
118.268 303.0 
118.186 304.0 
118.268 305.0 
117.392 306.0 
116.212 307.0 
114.051 308.0 
111.33 309.0 
107.698 310.0 
104.217 311.0 
100.316 312.0 
96.497 313.0 
92.292 314.0 
88.31 315.0 
84.35 316.0 
80.858 317.0 
78.09 318.0 
77.915 319.0 
77.704 320.0 
77.553 321.0 
77.541 322.0 
77.412 323.0 
77.494 324.0 
77.412 325.0 
77.284 326.0 
77.424 327.0 
77.366 328.0 
77.436 329.0 
77.448 330.0 
77.389 331.0 
77.506 332.0 
77.424 333.0 
77.354 334.0 
77.296 335.0 
77.471 336.0 
77.436 337.0 
77.354 338.0 
77.506 339.0 
77.448 340.0 
77.436 341.0 
77.401 342.0 
77.518 343.0 
77.389 344.0 
77.377 345.0 
77.377 346.0 
77.331 347.0 
77.401 348.0 
77.401 349.0 
77.412 350.0 
77.331 351.0 
77.436 352.0 
77.342 353.0 
77.296 354.0 
77.342 355.0 
77.412 356.0 
77.459 357.0 
77.366 358.0 
77.494 359.0 
77.424 360.0 
77.436 361.0 
77.377 362.0 
77.436 363.0 
77.331 364.0 
77.377 365.0 
77.389 366.0 
77.448 367.0 
77.342 368.0 
77.366 369.0 
77.401 370.0 
77.412 371.0 
77.412 372.0 
77.424 373.0 
77.448 374.0 
77.448 375.0 
77.576 376.0 
77.377 377.0 
77.401 378.0 
77.366 379.0 
77.401 380.0 
77.389 381.0 
77.483 382.0 
77.377 383.0 
77.366 384.0 
77.366 385.0 
77.471 386.0 
77.331 387.0 
77.354 388.0 
77.401 389.0 
77.389 390.0 
77.377 391.0 
77.366 392.0 
77.412 393.0 
77.296 394.0 
77.401 395.0 
77.494 396.0 
77.331 397.0 
77.389 398.0 
77.296 399.0 
77.354 400.0 
77.459 401.0 
77.424 402.0 
77.483 403.0 
77.436 404.0 
77.377 405.0 
77.319 406.0 
77.401 407.0 
77.354 408.0 
77.389 409.0 
77.354 410.0 
77.401 411.0 
77.448 412.0 
77.763 413.0 
77.412 414.0 
77.366 415.0 
77.389 416.0 
77.319 417.0 
77.401 418.0 
77.424 419.0 
77.377 420.0 
77.389 421.0 
77.424 422.0 
77.448 423.0 
77.366 424.0 
77.389 425.0 
77.436 426.0 
77.436 427.0 
77.331 428.0 
77.389 429.0 
77.331 430.0 
77.389 431.0 
77.412 432.0 
77.436 433.0 
77.319 434.0 
77.342 435.0 
77.354 436.0 
77.401 437.0 
77.342 438.0 
77.354 439.0 
77.366 440.0 
77.342 441.0 
77.342 442.0 
77.354 443.0 
77.366 444.0 
77.377 445.0 
77.354 446.0 
77.459 447.0 
77.424 448.0 
77.436 449.0 
77.669 450.0 
77.331 451.0 
77.331 452.0 
77.331 453.0 
77.307 454.0 
77.401 455.0 
77.237 456.0 
77.319 457.0 
77.331 458.0 
77.448 459.0 
77.436 460.0 
77.389 461.0 
77.342 462.0 
77.424 463.0 
77.377 464.0 
77.377 465.0 
77.448 466.0 
77.389 467.0 
77.354 468.0 
77.412 469.0 
77.342 470.0 
77.319 471.0 
77.354 472.0 
77.284 473.0 
77.342 474.0 
77.412 475.0 
77.401 476.0 
77.284 477.0 
77.354 478.0 
77.296 479.0 
77.412 480.0 
77.448 481.0 
77.342 482.0 
77.401 483.0 
77.331 484.0 
77.389 485.0 
77.319 486.0 
77.319 487.0 
77.412 488.0 
77.296 489.0 
77.366 490.0 
77.401 491.0 
77.354 492.0 
77.366 493.0 
77.389 494.0 
77.296 495.0 
77.331 496.0 
77.377 497.0 
77.448 498.0 
77.296 499.0 
77.354 500.0 
77.401 501.0 
77.424 502.0 
77.296 503.0 
77.307 504.0 
77.342 505.0 
77.377 506.0 
77.307 507.0 
77.412 508.0 
77.296 509.0 
77.272 510.0 
77.342 511.0 
77.319 512.0 
77.377 513.0 
77.354 514.0 
77.389 515.0 
77.389 516.0 
77.728 517.0 
77.179 518.0 
77.249 519.0 
77.272 520.0 
77.272 521.0 
77.272 522.0 
77.249 523.0 
77.226 524.0 
77.226 525.0 
77.249 526.0 
77.226 527.0 
77.167 528.0 
77.202 529.0 
77.156 530.0 
77.191 531.0 
77.342 532.0 
77.284 533.0 
77.237 534.0 
77.226 535.0 
77.237 536.0 
77.156 537.0 
77.085 538.0 
77.097 539.0 
77.062 540.0 
77.191 541.0 
77.074 542.0 
77.109 543.0 
77.039 544.0 
76.992 545.0 
76.969 546.0 
77.074 547.0 
77.015 548.0 
76.957 549.0 
76.91 550.0 
76.864 551.0 
77.004 552.0 
76.957 553.0 
76.875 554.0 
76.852 555.0 
76.969 556.0 
76.91 557.0 
76.864 558.0 
76.536 559.0 
76.945 560.0 
76.922 561.0 
76.864 562.0 
76.945 563.0 
76.887 564.0 
76.84 565.0 
76.934 566.0 
76.945 567.0 
76.852 568.0 
76.934 569.0 
76.852 570.0 
76.98 571.0 
76.899 572.0 
76.828 573.0 
76.899 574.0 
76.852 575.0 
77.249 576.0 
76.887 577.0 
76.875 578.0 
76.992 579.0 
76.98 580.0 
77.015 581.0 
76.934 582.0 
76.969 583.0 
76.98 584.0 
77.039 585.0 
76.969 586.0 
76.934 587.0 
76.969 588.0 
76.864 589.0 
76.98 590.0 
76.875 591.0 
76.969 592.0 
76.899 593.0 
76.945 594.0 
76.875 595.0 
76.899 596.0 
76.91 597.0 
76.957 598.0 
76.899 599.0 
76.992 600.0 
77.039 601.0 
76.957 602.0 
77.015 603.0 
76.934 604.0 
77.015 605.0 
76.934 606.0 
76.992 607.0 
76.875 608.0 
76.957 609.0 
76.992 610.0 
76.91 611.0 
76.969 612.0 
76.899 613.0 
76.969 614.0 
76.875 615.0 
76.91 616.0 
77.004 617.0 
76.84 618.0 
76.957 619.0 
76.665 620.0 
76.899 621.0 
76.945 622.0 
76.864 623.0 
76.922 624.0 
77.039 625.0 
76.875 626.0 
76.945 627.0 
77.027 628.0 
76.91 629.0 
76.934 630.0 
76.992 631.0 
76.864 632.0 
76.957 633.0 
77.284 634.0 
76.887 635.0 
76.945 636.0 
76.992 637.0 
76.899 638.0 
76.945 639.0 
77.004 640.0 
76.875 641.0 
76.91 642.0 
76.98 643.0 
76.84 644.0 
76.875 645.0 
76.98 646.0 
77.05 647.0 
76.875 648.0 
76.899 649.0 
76.992 650.0 
76.828 651.0 
76.875 652.0 
76.945 653.0 
76.98 654.0 
76.852 655.0 
76.91 656.0 
76.922 657.0 
76.992 658.0 
76.91 659.0 
76.945 660.0 
76.98 661.0 
76.98 662.0 
76.852 663.0 
76.957 664.0 
76.992 665.0 
77.027 666.0 
76.875 667.0 
76.91 668.0 
76.934 669.0 
76.969 670.0 
76.875 671.0 
76.899 672.0 
76.91 673.0 
76.98 674.0 
76.934 675.0 
76.828 676.0 
76.887 677.0 
76.922 678.0 
76.98 679.0 
77.015 680.0 
76.852 681.0 
76.899 682.0 
76.934 683.0 
76.992 684.0 
76.98 685.0 
77.027 686.0 
76.875 687.0 
76.922 688.0 
76.91 689.0 
76.945 690.0 
76.992 691.0 
76.992 692.0 
76.84 693.0 
76.91 694.0 
76.91 695.0 
76.98 696.0 
76.957 697.0 
76.969 698.0 
76.735 699.0 
76.875 700.0 
76.91 701.0 
76.899 702.0 
76.945 703.0 
76.992 704.0 
76.945 705.0 
77.027 706.0 
76.887 707.0 
76.864 708.0 
76.899 709.0 
76.899 710.0 
76.922 711.0 
76.969 712.0 
76.992 713.0 
76.992 714.0 
76.782 715.0 
76.852 716.0 
76.793 717.0 
76.899 718.0 
76.91 719.0 
76.957 720.0 
76.934 721.0 
76.969 722.0 
76.969 723.0 
77.015 724.0 
77.015 725.0 
76.864 726.0 
76.864 727.0 
76.875 728.0 
76.887 729.0 
76.887 730.0 
76.934 731.0 
76.934 732.0 
76.992 733.0 
76.969 734.0 
76.957 735.0 
77.015 736.0 
77.015 737.0 
76.992 738.0 
76.7 739.0 
76.805 740.0 
76.84 741.0 
76.875 742.0 
76.84 743.0 
76.864 744.0 
76.864 745.0 
76.887 746.0 
76.887 747.0 
76.875 748.0 
76.852 749.0 
76.899 750.0 
76.887 751.0 
76.887 752.0 
76.934 753.0 
76.922 754.0 
76.934 755.0 
76.899 756.0 
76.91 757.0 
76.91 758.0 
76.934 759.0 
76.922 760.0 
76.934 761.0 
76.91 762.0 
76.957 763.0 
76.945 764.0 
76.945 765.0 
76.945 766.0 
76.98 767.0 
76.934 768.0 
76.945 769.0 
76.945 770.0 
76.957 771.0 
76.945 772.0 
76.945 773.0 
76.922 774.0 
76.934 775.0 
76.934 776.0 
76.934 777.0 
76.957 778.0 
76.957 779.0 
76.957 780.0 
76.957 781.0 
76.922 782.0 
76.922 783.0 
76.934 784.0 
76.934 785.0 
76.922 786.0 
76.969 787.0 
76.934 788.0 
76.922 789.0 
76.957 790.0 
76.957 791.0 
76.957 792.0 
76.957 793.0 
76.934 794.0 
76.945 795.0 
76.922 796.0 
76.969 797.0 
76.957 798.0 
76.945 799.0 
76.957 800.0 
76.957 801.0 
76.957 802.0 
76.969 803.0 
76.969 804.0 
0.004 805.0 
0.0 806.0 
0.004 807.0 
0.0 808.0 
-0.006 809.0 
-0.004 810.0 
0.006 811.0 
0.008 812.0 
-0.002 813.0 
-0.005 814.0 
-0.007 815.0 
-0.006 816.0 
-0.001 817.0 
-0.001 818.0 
-0.012 819.0 
0.0 820.0 
-0.004 821.0 
-0.011 822.0 
-0.022 823.0 
-0.014 824.0 
-0.017 825.0 
-0.023 826.0 
-0.022 827.0 
-0.019 828.0 
-0.019 829.0 
