-0.04 257.0 
-0.044 258.0 
-0.048 259.0 
-0.025 260.0 
-0.041 261.0 
-0.04 262.0 
-0.054 263.0 
-0.036 264.0 
-0.053 265.0 
-0.034 266.0 
-0.036 267.0 
-0.046 268.0 
-0.028 269.0 
-0.03 270.0 
-0.026 271.0 
-0.023 272.0 
-0.029 273.0 
-0.042 274.0 
144.979 275.0 
142.234 276.0 
140.973 277.0 
139.209 278.0 
137.142 279.0 
134.794 280.0 
132.774 281.0 
130.263 282.0 
126.56 283.0 
125.147 284.0 
124.773 285.0 
124.481 286.0 
124.329 287.0 
124.037 288.0 
123.769 289.0 
123.15 290.0 
123.021 291.0 
122.834 292.0 
122.613 293.0 
122.239 294.0 
122.064 295.0 
121.994 296.0 
121.877 297.0 
121.351 298.0 
121.199 299.0 
120.977 300.0 
120.615 301.0 
120.545 302.0 
120.043 303.0 
119.926 304.0 
119.809 305.0 
119.202 306.0 
118.058 307.0 
116.002 308.0 
113.829 309.0 
110.676 310.0 
107.511 311.0 
103.715 312.0 
99.791 313.0 
95.609 314.0 
91.662 315.0 
87.457 316.0 
83.299 317.0 
80.005 318.0 
79.877 319.0 
79.632 320.0 
79.456 321.0 
79.433 322.0 
79.351 323.0 
79.375 324.0 
79.293 325.0 
79.211 326.0 
79.363 327.0 
79.27 328.0 
79.375 329.0 
79.351 330.0 
79.281 331.0 
79.445 332.0 
79.363 333.0 
79.246 334.0 
79.223 335.0 
79.351 336.0 
79.328 337.0 
79.223 338.0 
79.433 339.0 
79.305 340.0 
79.316 341.0 
79.246 342.0 
79.375 343.0 
79.281 344.0 
79.293 345.0 
79.258 346.0 
79.234 347.0 
79.246 348.0 
79.305 349.0 
79.281 350.0 
79.223 351.0 
79.305 352.0 
79.258 353.0 
79.211 354.0 
79.234 355.0 
79.293 356.0 
79.351 357.0 
79.258 358.0 
79.351 359.0 
79.281 360.0 
79.328 361.0 
79.246 362.0 
79.281 363.0 
79.199 364.0 
79.234 365.0 
79.281 366.0 
79.293 367.0 
79.27 368.0 
79.281 369.0 
79.293 370.0 
79.328 371.0 
79.316 372.0 
79.34 373.0 
79.363 374.0 
79.363 375.0 
79.456 376.0 
79.234 377.0 
79.246 378.0 
79.281 379.0 
79.258 380.0 
79.27 381.0 
79.375 382.0 
79.258 383.0 
79.258 384.0 
79.258 385.0 
79.351 386.0 
79.246 387.0 
79.211 388.0 
79.281 389.0 
79.293 390.0 
79.305 391.0 
79.258 392.0 
79.34 393.0 
79.188 394.0 
79.293 395.0 
79.34 396.0 
79.27 397.0 
79.27 398.0 
79.141 399.0 
79.188 400.0 
79.34 401.0 
79.27 402.0 
79.34 403.0 
79.305 404.0 
79.27 405.0 
79.223 406.0 
79.293 407.0 
79.234 408.0 
79.27 409.0 
79.199 410.0 
79.27 411.0 
79.316 412.0 
79.632 413.0 
79.34 414.0 
79.258 415.0 
79.281 416.0 
79.223 417.0 
79.316 418.0 
79.293 419.0 
79.199 420.0 
79.246 421.0 
79.281 422.0 
79.316 423.0 
79.234 424.0 
79.27 425.0 
79.281 426.0 
79.328 427.0 
79.246 428.0 
79.246 429.0 
79.258 430.0 
79.293 431.0 
79.293 432.0 
79.316 433.0 
79.211 434.0 
79.246 435.0 
79.246 436.0 
79.258 437.0 
79.246 438.0 
79.164 439.0 
79.211 440.0 
79.234 441.0 
79.211 442.0 
79.258 443.0 
79.234 444.0 
79.211 445.0 
79.188 446.0 
79.316 447.0 
79.305 448.0 
79.562 449.0 
79.491 450.0 
79.246 451.0 
79.223 452.0 
79.211 453.0 
79.199 454.0 
79.316 455.0 
79.141 456.0 
79.246 457.0 
79.199 458.0 
79.305 459.0 
79.328 460.0 
79.27 461.0 
79.211 462.0 
79.363 463.0 
79.258 464.0 
79.234 465.0 
79.293 466.0 
79.27 467.0 
79.176 468.0 
79.27 469.0 
79.234 470.0 
79.199 471.0 
79.27 472.0 
79.083 473.0 
79.258 474.0 
79.351 475.0 
79.246 476.0 
79.188 477.0 
79.246 478.0 
79.153 479.0 
79.246 480.0 
79.328 481.0 
79.223 482.0 
79.328 483.0 
79.223 484.0 
79.293 485.0 
79.176 486.0 
79.223 487.0 
79.328 488.0 
79.211 489.0 
79.234 490.0 
79.328 491.0 
79.258 492.0 
79.258 493.0 
79.316 494.0 
79.199 495.0 
79.199 496.0 
79.258 497.0 
79.293 498.0 
79.188 499.0 
79.199 500.0 
79.27 501.0 
79.27 502.0 
79.153 503.0 
79.176 504.0 
79.234 505.0 
79.234 506.0 
79.141 507.0 
79.27 508.0 
79.153 509.0 
79.164 510.0 
79.223 511.0 
79.223 512.0 
79.258 513.0 
79.246 514.0 
79.27 515.0 
79.27 516.0 
79.573 517.0 
79.059 518.0 
79.083 519.0 
79.118 520.0 
79.129 521.0 
79.129 522.0 
79.141 523.0 
79.106 524.0 
79.094 525.0 
79.129 526.0 
79.094 527.0 
79.071 528.0 
79.106 529.0 
79.059 530.0 
79.036 531.0 
79.153 532.0 
79.503 533.0 
79.118 534.0 
79.129 535.0 
79.118 536.0 
79.001 537.0 
78.931 538.0 
78.942 539.0 
78.861 540.0 
78.978 541.0 
78.837 542.0 
78.896 543.0 
78.884 544.0 
78.791 545.0 
78.744 546.0 
78.896 547.0 
78.861 548.0 
78.779 549.0 
78.744 550.0 
78.709 551.0 
78.767 552.0 
78.744 553.0 
78.697 554.0 
78.686 555.0 
78.802 556.0 
78.756 557.0 
78.674 558.0 
78.323 559.0 
78.767 560.0 
78.686 561.0 
78.615 562.0 
78.744 563.0 
78.639 564.0 
78.604 565.0 
78.756 566.0 
78.744 567.0 
78.627 568.0 
78.709 569.0 
78.674 570.0 
78.779 571.0 
78.697 572.0 
78.65 573.0 
78.744 574.0 
78.674 575.0 
79.118 576.0 
78.721 577.0 
78.686 578.0 
78.802 579.0 
78.732 580.0 
78.802 581.0 
78.744 582.0 
78.826 583.0 
78.767 584.0 
78.265 585.0 
78.779 586.0 
78.697 587.0 
78.802 588.0 
78.697 589.0 
78.791 590.0 
78.686 591.0 
78.779 592.0 
78.709 593.0 
78.779 594.0 
78.709 595.0 
78.732 596.0 
78.674 597.0 
78.767 598.0 
78.674 599.0 
78.779 600.0 
78.861 601.0 
78.744 602.0 
78.802 603.0 
78.732 604.0 
78.791 605.0 
78.674 606.0 
78.744 607.0 
78.709 608.0 
78.721 609.0 
78.779 610.0 
78.732 611.0 
78.814 612.0 
78.697 613.0 
78.756 614.0 
78.674 615.0 
78.721 616.0 
78.802 617.0 
78.604 618.0 
78.744 619.0 
78.51 620.0 
78.721 621.0 
78.767 622.0 
78.65 623.0 
78.732 624.0 
78.802 625.0 
78.686 626.0 
78.779 627.0 
78.802 628.0 
78.709 629.0 
78.756 630.0 
78.837 631.0 
78.686 632.0 
78.767 633.0 
79.048 634.0 
78.732 635.0 
78.779 636.0 
78.826 637.0 
78.686 638.0 
78.767 639.0 
78.802 640.0 
78.686 641.0 
78.662 642.0 
78.767 643.0 
78.627 644.0 
78.709 645.0 
78.779 646.0 
78.849 647.0 
78.674 648.0 
78.767 649.0 
78.791 650.0 
78.65 651.0 
78.65 652.0 
78.732 653.0 
78.802 654.0 
78.65 655.0 
78.744 656.0 
78.744 657.0 
78.814 658.0 
78.674 659.0 
78.709 660.0 
78.744 661.0 
78.779 662.0 
78.674 663.0 
78.732 664.0 
78.756 665.0 
78.826 666.0 
78.686 667.0 
78.732 668.0 
78.744 669.0 
78.802 670.0 
78.662 671.0 
78.721 672.0 
78.767 673.0 
78.756 674.0 
78.779 675.0 
78.686 676.0 
78.709 677.0 
78.744 678.0 
78.756 679.0 
78.814 680.0 
78.662 681.0 
78.686 682.0 
78.721 683.0 
78.767 684.0 
78.744 685.0 
78.814 686.0 
78.615 687.0 
78.721 688.0 
78.744 689.0 
78.767 690.0 
78.814 691.0 
78.837 692.0 
78.674 693.0 
78.721 694.0 
78.744 695.0 
78.744 696.0 
78.802 697.0 
78.756 698.0 
78.592 699.0 
78.662 700.0 
78.697 701.0 
78.732 702.0 
78.744 703.0 
78.767 704.0 
78.756 705.0 
78.826 706.0 
78.662 707.0 
78.686 708.0 
78.732 709.0 
78.709 710.0 
78.732 711.0 
78.767 712.0 
78.802 713.0 
78.791 714.0 
78.569 715.0 
78.662 716.0 
78.65 717.0 
78.686 718.0 
78.732 719.0 
78.709 720.0 
78.756 721.0 
78.767 722.0 
78.779 723.0 
78.814 724.0 
78.849 725.0 
78.639 726.0 
78.674 727.0 
78.674 728.0 
78.686 729.0 
78.709 730.0 
78.732 731.0 
78.732 732.0 
78.756 733.0 
78.767 734.0 
78.814 735.0 
78.802 736.0 
78.802 737.0 
78.791 738.0 
78.429 739.0 
78.662 740.0 
78.627 741.0 
78.615 742.0 
78.662 743.0 
78.674 744.0 
78.686 745.0 
78.662 746.0 
78.697 747.0 
78.709 748.0 
78.686 749.0 
78.721 750.0 
78.709 751.0 
78.709 752.0 
78.721 753.0 
78.721 754.0 
78.721 755.0 
78.767 756.0 
78.697 757.0 
78.697 758.0 
78.744 759.0 
78.744 760.0 
78.756 761.0 
78.709 762.0 
78.744 763.0 
78.767 764.0 
78.721 765.0 
78.744 766.0 
78.756 767.0 
78.756 768.0 
78.744 769.0 
78.767 770.0 
78.779 771.0 
78.744 772.0 
78.744 773.0 
78.767 774.0 
78.791 775.0 
78.767 776.0 
78.744 777.0 
78.767 778.0 
78.732 779.0 
78.732 780.0 
78.732 781.0 
78.767 782.0 
78.756 783.0 
78.721 784.0 
78.732 785.0 
78.732 786.0 
78.779 787.0 
78.744 788.0 
78.756 789.0 
78.744 790.0 
78.756 791.0 
78.756 792.0 
78.779 793.0 
78.791 794.0 
78.756 795.0 
78.732 796.0 
78.744 797.0 
78.744 798.0 
78.744 799.0 
78.756 800.0 
78.732 801.0 
78.721 802.0 
78.756 803.0 
78.767 804.0 
0.004 805.0 
-0.001 806.0 
0.0 807.0 
-0.001 808.0 
-0.004 809.0 
-0.008 810.0 
-0.012 811.0 
-0.03 812.0 
-0.026 813.0 
-0.031 814.0 
-0.037 815.0 
-0.041 816.0 
-0.056 817.0 
-0.044 818.0 
-0.049 819.0 
-0.052 820.0 
-0.061 821.0 
-0.05 822.0 
-0.056 823.0 
-0.053 824.0 
-0.053 825.0 
-0.052 826.0 
-0.04 827.0 
-0.043 828.0 
-0.043 829.0 
