-0.035 257.0 
-0.034 258.0 
-0.114 259.0 
-0.037 260.0 
-0.038 261.0 
-0.058 262.0 
-0.032 263.0 
-0.028 264.0 
-0.023 265.0 
-0.048 266.0 
-0.03 267.0 
-0.034 268.0 
-0.044 269.0 
-0.049 270.0 
-0.023 271.0 
-0.058 272.0 
-0.036 273.0 
-0.041 274.0 
140.097 275.0 
137.574 276.0 
136.441 277.0 
135.121 278.0 
133.79 279.0 
132.202 280.0 
130.66 281.0 
128.581 282.0 
125.696 283.0 
123.874 284.0 
123.5 285.0 
123.173 286.0 
123.08 287.0 
122.776 288.0 
122.683 289.0 
122.017 290.0 
121.888 291.0 
121.655 292.0 
121.491 293.0 
121.468 294.0 
120.989 295.0 
120.861 296.0 
120.802 297.0 
120.288 298.0 
120.101 299.0 
120.066 300.0 
119.552 301.0 
119.482 302.0 
119.004 303.0 
118.887 304.0 
118.782 305.0 
118.198 306.0 
116.971 307.0 
114.74 308.0 
112.334 309.0 
108.971 310.0 
105.549 311.0 
101.601 312.0 
97.992 313.0 
93.951 314.0 
90.073 315.0 
86.09 316.0 
82.423 317.0 
79.854 318.0 
79.748 319.0 
79.526 320.0 
79.55 321.0 
79.375 322.0 
79.305 323.0 
79.34 324.0 
79.305 325.0 
79.153 326.0 
79.246 327.0 
79.188 328.0 
79.363 329.0 
79.351 330.0 
79.246 331.0 
79.328 332.0 
79.34 333.0 
79.199 334.0 
79.234 335.0 
79.305 336.0 
79.293 337.0 
79.223 338.0 
79.375 339.0 
79.281 340.0 
79.234 341.0 
79.234 342.0 
79.386 343.0 
79.223 344.0 
79.246 345.0 
79.188 346.0 
79.188 347.0 
79.305 348.0 
79.281 349.0 
79.27 350.0 
79.246 351.0 
79.281 352.0 
79.246 353.0 
79.164 354.0 
79.316 355.0 
79.258 356.0 
79.305 357.0 
79.223 358.0 
79.351 359.0 
79.234 360.0 
79.27 361.0 
79.211 362.0 
79.246 363.0 
79.176 364.0 
79.223 365.0 
79.223 366.0 
79.211 367.0 
79.164 368.0 
79.188 369.0 
79.223 370.0 
79.258 371.0 
79.27 372.0 
79.281 373.0 
79.316 374.0 
79.293 375.0 
79.305 376.0 
79.106 377.0 
79.27 378.0 
79.199 379.0 
79.223 380.0 
79.199 381.0 
79.328 382.0 
79.234 383.0 
79.223 384.0 
79.188 385.0 
79.27 386.0 
79.176 387.0 
79.141 388.0 
79.234 389.0 
79.223 390.0 
79.223 391.0 
79.234 392.0 
79.293 393.0 
79.153 394.0 
79.27 395.0 
79.316 396.0 
79.176 397.0 
79.246 398.0 
79.141 399.0 
79.164 400.0 
79.281 401.0 
79.223 402.0 
79.293 403.0 
79.246 404.0 
79.199 405.0 
79.153 406.0 
79.234 407.0 
79.211 408.0 
79.211 409.0 
79.141 410.0 
79.234 411.0 
79.258 412.0 
79.421 413.0 
79.258 414.0 
79.199 415.0 
79.246 416.0 
79.153 417.0 
79.351 418.0 
79.234 419.0 
79.188 420.0 
79.246 421.0 
79.223 422.0 
79.27 423.0 
79.164 424.0 
79.153 425.0 
79.234 426.0 
79.258 427.0 
79.153 428.0 
79.188 429.0 
79.141 430.0 
79.199 431.0 
79.246 432.0 
79.305 433.0 
79.164 434.0 
79.176 435.0 
79.234 436.0 
79.363 437.0 
79.153 438.0 
79.199 439.0 
79.176 440.0 
79.141 441.0 
79.141 442.0 
79.199 443.0 
79.129 444.0 
79.129 445.0 
79.129 446.0 
79.246 447.0 
79.246 448.0 
79.199 449.0 
79.211 450.0 
79.176 451.0 
79.199 452.0 
79.176 453.0 
79.141 454.0 
79.211 455.0 
79.199 456.0 
79.153 457.0 
79.153 458.0 
79.258 459.0 
79.258 460.0 
79.199 461.0 
79.153 462.0 
79.281 463.0 
79.199 464.0 
79.211 465.0 
79.27 466.0 
79.188 467.0 
79.118 468.0 
79.234 469.0 
79.188 470.0 
79.211 471.0 
79.211 472.0 
79.27 473.0 
79.164 474.0 
79.246 475.0 
79.188 476.0 
79.118 477.0 
79.199 478.0 
79.094 479.0 
79.188 480.0 
79.234 481.0 
79.164 482.0 
79.246 483.0 
79.141 484.0 
79.234 485.0 
79.129 486.0 
79.176 487.0 
79.258 488.0 
79.199 489.0 
79.176 490.0 
79.199 491.0 
79.293 492.0 
79.188 493.0 
79.246 494.0 
79.176 495.0 
79.153 496.0 
79.188 497.0 
79.246 498.0 
79.129 499.0 
79.118 500.0 
79.153 501.0 
79.223 502.0 
79.094 503.0 
79.153 504.0 
79.118 505.0 
79.164 506.0 
79.246 507.0 
79.585 508.0 
79.094 509.0 
79.094 510.0 
79.129 511.0 
79.164 512.0 
79.164 513.0 
79.199 514.0 
79.211 515.0 
79.199 516.0 
79.223 517.0 
79.001 518.0 
79.059 519.0 
79.059 520.0 
79.094 521.0 
79.083 522.0 
79.094 523.0 
79.083 524.0 
79.059 525.0 
79.048 526.0 
79.059 527.0 
79.001 528.0 
79.036 529.0 
78.989 530.0 
79.024 531.0 
79.153 532.0 
79.106 533.0 
79.059 534.0 
79.071 535.0 
78.989 536.0 
78.989 537.0 
78.942 538.0 
78.931 539.0 
78.849 540.0 
78.966 541.0 
78.919 542.0 
78.861 543.0 
78.861 544.0 
78.814 545.0 
78.732 546.0 
78.861 547.0 
78.802 548.0 
78.767 549.0 
78.744 550.0 
78.662 551.0 
78.802 552.0 
78.732 553.0 
78.65 554.0 
78.674 555.0 
78.791 556.0 
78.709 557.0 
78.697 558.0 
78.405 559.0 
78.756 560.0 
78.697 561.0 
78.65 562.0 
78.732 563.0 
78.697 564.0 
78.604 565.0 
78.732 566.0 
78.686 567.0 
78.615 568.0 
78.732 569.0 
78.686 570.0 
78.767 571.0 
78.721 572.0 
78.65 573.0 
78.697 574.0 
78.697 575.0 
78.791 576.0 
78.686 577.0 
78.697 578.0 
78.802 579.0 
78.709 580.0 
78.814 581.0 
78.721 582.0 
78.756 583.0 
78.732 584.0 
78.826 585.0 
78.767 586.0 
78.697 587.0 
78.767 588.0 
78.662 589.0 
78.779 590.0 
78.709 591.0 
78.767 592.0 
78.709 593.0 
78.756 594.0 
78.686 595.0 
78.721 596.0 
78.65 597.0 
78.756 598.0 
78.697 599.0 
78.744 600.0 
78.802 601.0 
78.732 602.0 
78.802 603.0 
78.709 604.0 
78.756 605.0 
78.697 606.0 
78.756 607.0 
78.662 608.0 
78.756 609.0 
78.802 610.0 
78.721 611.0 
78.814 612.0 
78.709 613.0 
78.779 614.0 
78.674 615.0 
78.767 616.0 
78.802 617.0 
78.662 618.0 
78.767 619.0 
78.405 620.0 
78.697 621.0 
78.732 622.0 
78.697 623.0 
78.756 624.0 
78.791 625.0 
78.65 626.0 
78.744 627.0 
78.791 628.0 
78.686 629.0 
78.744 630.0 
78.814 631.0 
78.662 632.0 
78.767 633.0 
79.106 634.0 
78.721 635.0 
78.732 636.0 
78.791 637.0 
78.697 638.0 
78.779 639.0 
78.802 640.0 
78.686 641.0 
78.721 642.0 
78.791 643.0 
78.65 644.0 
78.674 645.0 
78.756 646.0 
78.802 647.0 
78.639 648.0 
78.686 649.0 
78.791 650.0 
78.627 651.0 
78.721 652.0 
78.744 653.0 
78.779 654.0 
78.674 655.0 
78.674 656.0 
78.732 657.0 
78.791 658.0 
78.697 659.0 
78.732 660.0 
78.767 661.0 
78.814 662.0 
78.674 663.0 
78.709 664.0 
78.767 665.0 
78.802 666.0 
78.662 667.0 
78.721 668.0 
78.779 669.0 
78.791 670.0 
78.662 671.0 
78.697 672.0 
78.744 673.0 
78.744 674.0 
78.837 675.0 
78.686 676.0 
78.709 677.0 
78.756 678.0 
78.767 679.0 
78.814 680.0 
78.639 681.0 
78.697 682.0 
78.721 683.0 
78.756 684.0 
78.814 685.0 
78.826 686.0 
78.662 687.0 
78.709 688.0 
78.709 689.0 
78.767 690.0 
78.779 691.0 
78.837 692.0 
78.65 693.0 
78.674 694.0 
78.721 695.0 
78.744 696.0 
78.767 697.0 
78.791 698.0 
78.499 699.0 
78.674 700.0 
78.674 701.0 
78.721 702.0 
78.732 703.0 
78.732 704.0 
78.779 705.0 
78.791 706.0 
78.639 707.0 
78.662 708.0 
78.662 709.0 
78.709 710.0 
78.744 711.0 
78.767 712.0 
78.791 713.0 
78.779 714.0 
78.861 715.0 
78.65 716.0 
78.697 717.0 
78.697 718.0 
78.756 719.0 
78.709 720.0 
78.721 721.0 
78.767 722.0 
78.779 723.0 
78.791 724.0 
78.814 725.0 
78.627 726.0 
78.627 727.0 
78.674 728.0 
78.674 729.0 
78.697 730.0 
78.744 731.0 
78.744 732.0 
78.767 733.0 
78.791 734.0 
78.779 735.0 
78.779 736.0 
78.802 737.0 
78.826 738.0 
78.405 739.0 
78.639 740.0 
78.65 741.0 
78.639 742.0 
78.65 743.0 
78.639 744.0 
78.674 745.0 
78.674 746.0 
78.674 747.0 
78.662 748.0 
78.674 749.0 
78.697 750.0 
78.721 751.0 
78.721 752.0 
78.674 753.0 
78.721 754.0 
78.721 755.0 
78.697 756.0 
78.709 757.0 
78.732 758.0 
78.744 759.0 
78.732 760.0 
78.697 761.0 
78.709 762.0 
78.732 763.0 
78.721 764.0 
78.732 765.0 
78.732 766.0 
78.744 767.0 
78.744 768.0 
78.756 769.0 
78.732 770.0 
78.744 771.0 
78.732 772.0 
78.732 773.0 
78.756 774.0 
78.756 775.0 
78.756 776.0 
78.744 777.0 
78.744 778.0 
78.744 779.0 
78.744 780.0 
78.721 781.0 
78.721 782.0 
78.732 783.0 
78.744 784.0 
78.709 785.0 
78.721 786.0 
78.721 787.0 
78.721 788.0 
78.686 789.0 
78.732 790.0 
78.756 791.0 
78.791 792.0 
78.767 793.0 
78.732 794.0 
78.779 795.0 
78.767 796.0 
78.756 797.0 
78.721 798.0 
78.721 799.0 
78.732 800.0 
78.709 801.0 
78.709 802.0 
78.697 803.0 
78.709 804.0 
0.0 805.0 
0.0 806.0 
0.005 807.0 
-0.01 808.0 
0.0 809.0 
0.0 810.0 
-0.013 811.0 
-0.013 812.0 
-0.011 813.0 
-0.022 814.0 
-0.029 815.0 
-0.022 816.0 
-0.022 817.0 
-0.019 818.0 
-0.02 819.0 
-0.02 820.0 
-0.024 821.0 
-0.029 822.0 
-0.026 823.0 
-0.023 824.0 
-0.026 825.0 
-0.028 826.0 
-0.025 827.0 
-0.019 828.0 
-0.022 829.0 
