-0.022 257.0 
-0.03 258.0 
-0.029 259.0 
-0.016 260.0 
-0.028 261.0 
-0.019 262.0 
-0.037 263.0 
-0.028 264.0 
-0.016 265.0 
-0.005 266.0 
-0.018 267.0 
-0.023 268.0 
-0.025 269.0 
-0.031 270.0 
-0.012 271.0 
-0.019 272.0 
-0.031 273.0 
-0.035 274.0 
131.711 275.0 
126.549 276.0 
125.509 277.0 
124.878 278.0 
124.493 279.0 
124.236 280.0 
123.886 281.0 
123.547 282.0 
122.823 283.0 
122.624 284.0 
122.624 285.0 
122.601 286.0 
122.706 287.0 
122.659 288.0 
122.613 289.0 
122.204 290.0 
122.321 291.0 
122.309 292.0 
122.309 293.0 
122.215 294.0 
122.075 295.0 
122.169 296.0 
122.286 297.0 
121.935 298.0 
121.947 299.0 
121.912 300.0 
121.748 301.0 
121.877 302.0 
121.503 303.0 
121.55 304.0 
121.947 305.0 
120.814 306.0 
118.782 307.0 
115.196 308.0 
111.599 309.0 
107.499 310.0 
102.921 311.0 
96.509 312.0 
88.753 313.0 
78.429 314.0 
68.092 315.0 
57.943 316.0 
49.393 317.0 
42.35 318.0 
41.941 319.0 
41.778 320.0 
41.556 321.0 
41.696 322.0 
41.673 323.0 
41.708 324.0 
41.685 325.0 
41.685 326.0 
41.708 327.0 
41.673 328.0 
42.222 329.0 
41.685 330.0 
41.638 331.0 
42.0 332.0 
41.708 333.0 
41.649 334.0 
41.685 335.0 
41.708 336.0 
41.685 337.0 
41.673 338.0 
41.953 339.0 
41.696 340.0 
41.685 341.0 
41.673 342.0 
41.428 343.0 
41.673 344.0 
41.673 345.0 
41.685 346.0 
41.661 347.0 
41.579 348.0 
41.685 349.0 
41.673 350.0 
41.673 351.0 
41.708 352.0 
41.685 353.0 
41.486 354.0 
41.603 355.0 
41.708 356.0 
41.72 357.0 
41.708 358.0 
41.708 359.0 
41.72 360.0 
41.731 361.0 
41.626 362.0 
41.685 363.0 
41.626 364.0 
41.708 365.0 
41.673 366.0 
41.685 367.0 
41.649 368.0 
41.708 369.0 
41.673 370.0 
41.696 371.0 
41.696 372.0 
41.685 373.0 
41.696 374.0 
41.685 375.0 
41.918 376.0 
41.614 377.0 
41.685 378.0 
41.685 379.0 
41.685 380.0 
41.685 381.0 
41.731 382.0 
41.673 383.0 
41.661 384.0 
41.661 385.0 
41.708 386.0 
41.626 387.0 
41.661 388.0 
41.673 389.0 
41.696 390.0 
41.696 391.0 
41.661 392.0 
41.708 393.0 
41.638 394.0 
41.72 395.0 
41.755 396.0 
41.685 397.0 
41.708 398.0 
41.614 399.0 
41.649 400.0 
41.72 401.0 
41.685 402.0 
41.731 403.0 
41.685 404.0 
41.661 405.0 
41.649 406.0 
41.696 407.0 
41.661 408.0 
41.696 409.0 
41.638 410.0 
41.661 411.0 
41.696 412.0 
41.988 413.0 
41.708 414.0 
41.649 415.0 
41.72 416.0 
41.649 417.0 
41.743 418.0 
41.708 419.0 
41.638 420.0 
41.661 421.0 
41.685 422.0 
41.72 423.0 
41.673 424.0 
41.673 425.0 
41.685 426.0 
41.72 427.0 
41.685 428.0 
41.649 429.0 
41.673 430.0 
41.696 431.0 
41.696 432.0 
41.72 433.0 
41.661 434.0 
41.649 435.0 
41.685 436.0 
41.755 437.0 
41.614 438.0 
41.661 439.0 
41.696 440.0 
41.673 441.0 
41.661 442.0 
41.708 443.0 
41.649 444.0 
41.673 445.0 
41.649 446.0 
41.743 447.0 
41.708 448.0 
41.685 449.0 
41.895 450.0 
41.708 451.0 
41.661 452.0 
41.638 453.0 
41.614 454.0 
41.661 455.0 
41.521 456.0 
41.708 457.0 
41.649 458.0 
41.696 459.0 
41.708 460.0 
41.708 461.0 
41.673 462.0 
41.708 463.0 
41.685 464.0 
41.708 465.0 
41.708 466.0 
41.696 467.0 
41.603 468.0 
41.696 469.0 
41.661 470.0 
41.685 471.0 
41.696 472.0 
41.72 473.0 
41.661 474.0 
41.72 475.0 
41.685 476.0 
41.649 477.0 
41.673 478.0 
41.638 479.0 
41.673 480.0 
41.72 481.0 
41.649 482.0 
41.708 483.0 
41.626 484.0 
41.708 485.0 
41.673 486.0 
41.638 487.0 
41.696 488.0 
41.649 489.0 
41.685 490.0 
41.708 491.0 
41.685 492.0 
41.673 493.0 
41.696 494.0 
41.661 495.0 
41.614 496.0 
41.731 497.0 
41.708 498.0 
41.638 499.0 
41.673 500.0 
41.673 501.0 
41.708 502.0 
41.638 503.0 
41.626 504.0 
41.673 505.0 
41.673 506.0 
41.428 507.0 
41.965 508.0 
41.626 509.0 
41.614 510.0 
41.638 511.0 
41.661 512.0 
41.708 513.0 
41.661 514.0 
41.685 515.0 
41.673 516.0 
41.708 517.0 
41.579 518.0 
41.626 519.0 
41.603 520.0 
41.649 521.0 
41.614 522.0 
41.638 523.0 
41.603 524.0 
41.614 525.0 
41.638 526.0 
41.638 527.0 
41.603 528.0 
41.603 529.0 
41.568 530.0 
41.649 531.0 
41.696 532.0 
41.661 533.0 
41.649 534.0 
41.673 535.0 
41.673 536.0 
41.661 537.0 
41.638 538.0 
41.626 539.0 
41.626 540.0 
41.708 541.0 
41.685 542.0 
41.649 543.0 
41.638 544.0 
41.649 545.0 
41.626 546.0 
41.696 547.0 
41.685 548.0 
41.614 549.0 
41.614 550.0 
41.404 551.0 
41.661 552.0 
41.649 553.0 
41.591 554.0 
41.591 555.0 
41.649 556.0 
41.626 557.0 
41.626 558.0 
41.206 559.0 
41.696 560.0 
41.638 561.0 
41.544 562.0 
41.661 563.0 
41.649 564.0 
41.474 565.0 
41.649 566.0 
41.755 567.0 
41.579 568.0 
41.638 569.0 
41.591 570.0 
41.673 571.0 
41.614 572.0 
41.591 573.0 
41.626 574.0 
41.603 575.0 
41.685 576.0 
41.626 577.0 
41.626 578.0 
41.696 579.0 
41.649 580.0 
41.685 581.0 
41.673 582.0 
41.638 583.0 
41.661 584.0 
41.696 585.0 
41.685 586.0 
41.603 587.0 
41.661 588.0 
41.638 589.0 
41.673 590.0 
41.614 591.0 
41.685 592.0 
41.626 593.0 
41.685 594.0 
41.614 595.0 
41.614 596.0 
41.614 597.0 
41.661 598.0 
41.638 599.0 
41.661 600.0 
41.685 601.0 
41.649 602.0 
41.696 603.0 
41.673 604.0 
41.696 605.0 
41.649 606.0 
41.685 607.0 
41.591 608.0 
41.649 609.0 
41.685 610.0 
41.626 611.0 
41.673 612.0 
41.603 613.0 
41.638 614.0 
41.614 615.0 
41.626 616.0 
41.696 617.0 
41.603 618.0 
41.661 619.0 
41.252 620.0 
41.626 621.0 
41.661 622.0 
41.661 623.0 
41.638 624.0 
41.72 625.0 
41.603 626.0 
41.685 627.0 
41.673 628.0 
41.591 629.0 
41.661 630.0 
41.673 631.0 
41.591 632.0 
41.638 633.0 
41.72 634.0 
41.649 635.0 
41.661 636.0 
41.708 637.0 
41.614 638.0 
41.661 639.0 
41.696 640.0 
41.614 641.0 
41.649 642.0 
41.661 643.0 
41.614 644.0 
41.649 645.0 
41.673 646.0 
41.708 647.0 
41.614 648.0 
41.591 649.0 
41.673 650.0 
41.638 651.0 
41.626 652.0 
41.661 653.0 
41.673 654.0 
41.603 655.0 
41.649 656.0 
41.649 657.0 
41.673 658.0 
41.614 659.0 
41.638 660.0 
41.673 661.0 
41.673 662.0 
41.614 663.0 
41.661 664.0 
41.661 665.0 
41.708 666.0 
41.626 667.0 
41.649 668.0 
41.661 669.0 
41.685 670.0 
41.591 671.0 
41.626 672.0 
41.638 673.0 
41.661 674.0 
41.661 675.0 
41.614 676.0 
41.626 677.0 
41.649 678.0 
41.638 679.0 
41.708 680.0 
41.603 681.0 
41.638 682.0 
41.649 683.0 
41.638 684.0 
41.673 685.0 
41.72 686.0 
41.638 687.0 
41.603 688.0 
41.673 689.0 
41.638 690.0 
41.696 691.0 
41.708 692.0 
41.591 693.0 
41.638 694.0 
41.638 695.0 
41.638 696.0 
41.673 697.0 
41.626 698.0 
41.346 699.0 
41.603 700.0 
41.603 701.0 
41.591 702.0 
41.685 703.0 
41.626 704.0 
41.685 705.0 
41.708 706.0 
41.591 707.0 
41.626 708.0 
41.638 709.0 
41.638 710.0 
41.661 711.0 
41.661 712.0 
41.673 713.0 
41.661 714.0 
41.708 715.0 
41.603 716.0 
41.614 717.0 
41.626 718.0 
41.649 719.0 
41.661 720.0 
41.661 721.0 
41.685 722.0 
41.649 723.0 
41.673 724.0 
41.708 725.0 
41.626 726.0 
41.591 727.0 
41.626 728.0 
41.626 729.0 
41.614 730.0 
41.673 731.0 
41.638 732.0 
41.661 733.0 
41.661 734.0 
41.673 735.0 
41.673 736.0 
41.685 737.0 
41.673 738.0 
41.486 739.0 
41.638 740.0 
41.626 741.0 
41.591 742.0 
41.614 743.0 
41.603 744.0 
41.649 745.0 
41.661 746.0 
41.626 747.0 
41.568 748.0 
41.626 749.0 
41.614 750.0 
41.614 751.0 
41.626 752.0 
41.638 753.0 
41.626 754.0 
41.626 755.0 
41.614 756.0 
41.626 757.0 
41.649 758.0 
41.661 759.0 
41.685 760.0 
41.649 761.0 
41.685 762.0 
41.649 763.0 
41.673 764.0 
41.673 765.0 
41.649 766.0 
41.685 767.0 
41.673 768.0 
41.649 769.0 
41.638 770.0 
41.638 771.0 
41.673 772.0 
41.649 773.0 
41.649 774.0 
41.649 775.0 
41.661 776.0 
41.649 777.0 
41.673 778.0 
41.649 779.0 
41.661 780.0 
41.673 781.0 
41.649 782.0 
41.638 783.0 
41.661 784.0 
41.661 785.0 
41.626 786.0 
41.638 787.0 
41.638 788.0 
41.626 789.0 
41.638 790.0 
41.638 791.0 
41.661 792.0 
41.626 793.0 
41.649 794.0 
41.626 795.0 
41.673 796.0 
41.614 797.0 
41.638 798.0 
41.673 799.0 
41.661 800.0 
41.673 801.0 
41.685 802.0 
41.649 803.0 
41.638 804.0 
0.006 805.0 
0.008 806.0 
0.01 807.0 
0.004 808.0 
0.004 809.0 
-0.004 810.0 
0.006 811.0 
0.006 812.0 
0.001 813.0 
-0.002 814.0 
-0.006 815.0 
-0.004 816.0 
-0.006 817.0 
0.001 818.0 
0.004 819.0 
0.002 820.0 
0.004 821.0 
-0.001 822.0 
0.0 823.0 
-0.007 824.0 
-0.001 825.0 
-0.005 826.0 
0.001 827.0 
-0.008 828.0 
-0.008 829.0 
