-0.04 257.0 
-0.037 258.0 
-0.037 259.0 
-0.061 260.0 
-0.056 261.0 
-0.058 262.0 
-0.036 263.0 
-0.049 264.0 
-0.047 265.0 
-0.038 266.0 
-0.036 267.0 
-0.056 268.0 
-0.056 269.0 
-0.036 270.0 
-0.053 271.0 
-0.047 272.0 
-0.04 273.0 
-0.032 274.0 
263.777 275.0 
260.528 276.0 
259.367 277.0 
257.626 278.0 
255.538 279.0 
253.565 280.0 
251.94 281.0 
250.083 282.0 
248.111 283.0 
247.53 284.0 
247.53 285.0 
247.066 286.0 
247.298 287.0 
247.066 288.0 
247.066 289.0 
247.182 290.0 
245.79 291.0 
245.674 292.0 
246.022 293.0 
243.585 294.0 
244.861 295.0 
244.977 296.0 
244.977 297.0 
244.397 298.0 
244.397 299.0 
244.397 300.0 
243.933 301.0 
244.281 302.0 
243.353 303.0 
243.701 304.0 
247.53 305.0 
244.049 306.0 
244.049 307.0 
243.701 308.0 
243.817 309.0 
243.236 310.0 
243.585 311.0 
243.353 312.0 
243.701 313.0 
243.12 314.0 
243.236 315.0 
243.12 316.0 
242.888 317.0 
242.888 318.0 
243.469 319.0 
243.004 320.0 
241.496 321.0 
242.772 322.0 
243.004 323.0 
243.12 324.0 
243.353 325.0 
243.353 326.0 
243.12 327.0 
243.004 328.0 
248.923 329.0 
243.004 330.0 
243.004 331.0 
245.209 332.0 
243.585 333.0 
243.12 334.0 
243.12 335.0 
243.004 336.0 
243.004 337.0 
242.772 338.0 
245.674 339.0 
242.888 340.0 
242.54 341.0 
242.54 342.0 
236.738 343.0 
242.424 344.0 
243.12 345.0 
242.772 346.0 
242.772 347.0 
241.38 348.0 
242.888 349.0 
242.888 350.0 
243.004 351.0 
243.12 352.0 
242.656 353.0 
242.076 354.0 
241.38 355.0 
242.772 356.0 
242.656 357.0 
243.004 358.0 
243.004 359.0 
242.308 360.0 
242.772 361.0 
242.656 362.0 
242.888 363.0 
243.004 364.0 
243.004 365.0 
243.004 366.0 
243.004 367.0 
242.656 368.0 
243.004 369.0 
243.004 370.0 
243.004 371.0 
243.236 372.0 
243.236 373.0 
243.004 374.0 
243.004 375.0 
244.281 376.0 
242.656 377.0 
242.54 378.0 
242.656 379.0 
242.772 380.0 
243.004 381.0 
241.38 382.0 
242.54 383.0 
242.772 384.0 
242.656 385.0 
243.236 386.0 
242.888 387.0 
242.772 388.0 
243.12 389.0 
243.12 390.0 
243.004 391.0 
243.004 392.0 
243.585 393.0 
242.888 394.0 
242.54 395.0 
243.12 396.0 
242.54 397.0 
243.353 398.0 
241.612 399.0 
242.772 400.0 
242.888 401.0 
242.888 402.0 
242.54 403.0 
242.888 404.0 
242.888 405.0 
242.656 406.0 
243.236 407.0 
242.656 408.0 
243.12 409.0 
242.888 410.0 
243.004 411.0 
243.004 412.0 
243.933 413.0 
243.12 414.0 
242.656 415.0 
242.888 416.0 
242.54 417.0 
243.004 418.0 
243.12 419.0 
242.54 420.0 
242.656 421.0 
242.656 422.0 
243.004 423.0 
242.888 424.0 
242.772 425.0 
242.888 426.0 
243.004 427.0 
243.004 428.0 
242.54 429.0 
242.888 430.0 
242.772 431.0 
243.353 432.0 
243.12 433.0 
242.656 434.0 
242.54 435.0 
242.888 436.0 
243.353 437.0 
242.54 438.0 
242.54 439.0 
242.772 440.0 
242.424 441.0 
242.656 442.0 
242.772 443.0 
242.54 444.0 
242.888 445.0 
242.772 446.0 
243.004 447.0 
243.12 448.0 
243.12 449.0 
243.469 450.0 
242.772 451.0 
242.888 452.0 
242.656 453.0 
242.888 454.0 
243.12 455.0 
243.004 456.0 
242.656 457.0 
242.54 458.0 
243.12 459.0 
243.004 460.0 
242.656 461.0 
242.656 462.0 
243.004 463.0 
243.236 464.0 
243.12 465.0 
243.353 466.0 
243.12 467.0 
242.656 468.0 
243.469 469.0 
242.888 470.0 
242.888 471.0 
242.888 472.0 
243.353 473.0 
242.888 474.0 
243.004 475.0 
242.656 476.0 
242.656 477.0 
242.888 478.0 
242.656 479.0 
242.656 480.0 
243.12 481.0 
242.656 482.0 
243.12 483.0 
242.656 484.0 
243.353 485.0 
243.12 486.0 
242.888 487.0 
243.12 488.0 
243.004 489.0 
242.888 490.0 
243.004 491.0 
243.236 492.0 
242.772 493.0 
243.004 494.0 
242.656 495.0 
241.96 496.0 
243.12 497.0 
243.004 498.0 
242.54 499.0 
242.656 500.0 
242.656 501.0 
243.12 502.0 
242.54 503.0 
242.54 504.0 
243.004 505.0 
242.888 506.0 
241.38 507.0 
244.861 508.0 
241.844 509.0 
242.54 510.0 
242.54 511.0 
242.656 512.0 
243.12 513.0 
242.888 514.0 
242.54 515.0 
242.772 516.0 
244.745 517.0 
241.728 518.0 
242.308 519.0 
242.192 520.0 
242.656 521.0 
242.656 522.0 
242.772 523.0 
242.656 524.0 
242.656 525.0 
242.888 526.0 
242.424 527.0 
242.424 528.0 
242.308 529.0 
242.192 530.0 
242.656 531.0 
242.888 532.0 
243.236 533.0 
242.772 534.0 
242.54 535.0 
242.424 536.0 
242.656 537.0 
242.192 538.0 
242.308 539.0 
242.656 540.0 
243.004 541.0 
242.192 542.0 
242.54 543.0 
242.54 544.0 
242.656 545.0 
242.54 546.0 
242.656 547.0 
242.54 548.0 
242.772 549.0 
242.308 550.0 
240.916 551.0 
242.772 552.0 
242.772 553.0 
242.424 554.0 
242.308 555.0 
242.656 556.0 
242.308 557.0 
242.54 558.0 
236.854 559.0 
242.772 560.0 
242.424 561.0 
242.076 562.0 
242.424 563.0 
242.308 564.0 
242.076 565.0 
242.888 566.0 
242.424 567.0 
242.192 568.0 
242.308 569.0 
242.656 570.0 
242.772 571.0 
242.656 572.0 
242.54 573.0 
242.54 574.0 
242.192 575.0 
242.772 576.0 
242.308 577.0 
242.424 578.0 
242.772 579.0 
242.772 580.0 
242.888 581.0 
242.656 582.0 
242.656 583.0 
242.772 584.0 
237.318 585.0 
242.656 586.0 
242.424 587.0 
243.004 588.0 
242.772 589.0 
242.772 590.0 
242.888 591.0 
242.656 592.0 
242.888 593.0 
242.656 594.0 
242.54 595.0 
241.96 596.0 
242.192 597.0 
242.888 598.0 
242.656 599.0 
242.54 600.0 
242.888 601.0 
242.772 602.0 
242.772 603.0 
242.54 604.0 
242.772 605.0 
242.772 606.0 
242.656 607.0 
242.424 608.0 
242.656 609.0 
243.353 610.0 
242.772 611.0 
242.54 612.0 
242.772 613.0 
242.656 614.0 
242.192 615.0 
242.308 616.0 
243.004 617.0 
241.96 618.0 
242.888 619.0 
239.639 620.0 
242.656 621.0 
242.308 622.0 
242.772 623.0 
242.54 624.0 
243.12 625.0 
242.54 626.0 
242.772 627.0 
243.12 628.0 
242.54 629.0 
242.888 630.0 
242.888 631.0 
242.656 632.0 
243.353 633.0 
244.629 634.0 
242.54 635.0 
242.656 636.0 
243.12 637.0 
242.308 638.0 
242.656 639.0 
242.656 640.0 
242.424 641.0 
242.772 642.0 
242.54 643.0 
242.424 644.0 
242.54 645.0 
242.772 646.0 
243.004 647.0 
243.004 648.0 
242.772 649.0 
243.004 650.0 
242.424 651.0 
242.308 652.0 
242.656 653.0 
243.12 654.0 
242.308 655.0 
242.656 656.0 
242.192 657.0 
243.004 658.0 
242.308 659.0 
242.54 660.0 
242.656 661.0 
242.772 662.0 
242.076 663.0 
242.424 664.0 
242.772 665.0 
242.888 666.0 
242.54 667.0 
242.772 668.0 
242.772 669.0 
242.772 670.0 
242.54 671.0 
242.772 672.0 
242.888 673.0 
242.888 674.0 
242.308 675.0 
242.656 676.0 
242.424 677.0 
242.54 678.0 
242.54 679.0 
242.888 680.0 
242.54 681.0 
242.656 682.0 
242.656 683.0 
242.656 684.0 
242.308 685.0 
243.12 686.0 
241.96 687.0 
242.424 688.0 
242.54 689.0 
242.772 690.0 
243.12 691.0 
242.888 692.0 
242.54 693.0 
242.656 694.0 
242.424 695.0 
242.656 696.0 
242.424 697.0 
242.656 698.0 
241.496 699.0 
242.424 700.0 
242.424 701.0 
242.656 702.0 
242.772 703.0 
242.656 704.0 
242.888 705.0 
243.236 706.0 
242.772 707.0 
242.656 708.0 
242.656 709.0 
242.772 710.0 
242.888 711.0 
242.656 712.0 
243.004 713.0 
242.772 714.0 
241.148 715.0 
242.54 716.0 
242.308 717.0 
242.424 718.0 
242.54 719.0 
242.656 720.0 
242.656 721.0 
242.656 722.0 
242.888 723.0 
243.004 724.0 
243.004 725.0 
242.656 726.0 
242.308 727.0 
242.772 728.0 
242.888 729.0 
243.004 730.0 
242.54 731.0 
242.308 732.0 
242.772 733.0 
242.772 734.0 
242.772 735.0 
242.076 736.0 
243.004 737.0 
242.54 738.0 
242.308 739.0 
242.076 740.0 
242.424 741.0 
242.54 742.0 
242.308 743.0 
242.54 744.0 
242.54 745.0 
242.656 746.0 
242.656 747.0 
242.54 748.0 
242.772 749.0 
242.888 750.0 
242.656 751.0 
242.656 752.0 
242.888 753.0 
242.656 754.0 
242.54 755.0 
242.424 756.0 
242.656 757.0 
242.54 758.0 
242.424 759.0 
242.656 760.0 
242.424 761.0 
242.656 762.0 
242.656 763.0 
242.772 764.0 
242.888 765.0 
242.888 766.0 
242.656 767.0 
243.004 768.0 
242.656 769.0 
242.772 770.0 
242.772 771.0 
242.656 772.0 
242.772 773.0 
242.888 774.0 
242.656 775.0 
242.54 776.0 
242.54 777.0 
242.772 778.0 
242.772 779.0 
243.004 780.0 
242.772 781.0 
242.656 782.0 
242.656 783.0 
242.54 784.0 
242.772 785.0 
242.888 786.0 
242.656 787.0 
242.888 788.0 
242.772 789.0 
242.54 790.0 
242.656 791.0 
242.772 792.0 
243.004 793.0 
242.656 794.0 
242.308 795.0 
242.308 796.0 
242.54 797.0 
242.54 798.0 
242.772 799.0 
242.656 800.0 
242.424 801.0 
242.192 802.0 
242.54 803.0 
242.424 804.0 
0.035 805.0 
0.035 806.0 
0.022 807.0 
0.017 808.0 
0.005 809.0 
-0.014 810.0 
-0.036 811.0 
-0.055 812.0 
-0.073 813.0 
-0.104 814.0 
-0.128 815.0 
-0.145 816.0 
-0.144 817.0 
-0.15 818.0 
-0.169 819.0 
-0.171 820.0 
-0.164 821.0 
-0.159 822.0 
-0.158 823.0 
-0.152 824.0 
-0.138 825.0 
-0.129 826.0 
-0.117 827.0 
-0.104 828.0 
-0.087 829.0 
