-0.048 257.0 
-0.018 258.0 
-0.031 259.0 
-0.035 260.0 
-0.024 261.0 
-0.031 262.0 
-0.017 263.0 
-0.035 264.0 
-0.041 265.0 
-0.043 266.0 
-0.042 267.0 
-0.037 268.0 
-0.044 269.0 
-0.049 270.0 
-0.049 271.0 
-0.037 272.0 
-0.035 273.0 
-0.044 274.0 
259.367 275.0 
255.073 276.0 
254.029 277.0 
252.288 278.0 
250.199 279.0 
248.111 280.0 
246.602 281.0 
244.513 282.0 
242.076 283.0 
242.888 284.0 
242.192 285.0 
241.496 286.0 
241.38 287.0 
241.38 288.0 
241.264 289.0 
240.799 290.0 
239.871 291.0 
239.755 292.0 
239.639 293.0 
239.639 294.0 
238.827 295.0 
239.175 296.0 
238.943 297.0 
238.246 298.0 
238.711 299.0 
238.711 300.0 
238.246 301.0 
238.362 302.0 
237.666 303.0 
238.246 304.0 
239.291 305.0 
238.014 306.0 
237.898 307.0 
237.666 308.0 
238.13 309.0 
237.086 310.0 
237.55 311.0 
237.086 312.0 
237.434 313.0 
236.97 314.0 
236.97 315.0 
237.086 316.0 
237.202 317.0 
236.854 318.0 
237.086 319.0 
236.97 320.0 
231.4 321.0 
237.318 322.0 
236.738 323.0 
237.086 324.0 
237.086 325.0 
239.059 326.0 
237.318 327.0 
236.97 328.0 
237.55 329.0 
236.854 330.0 
236.622 331.0 
236.97 332.0 
236.97 333.0 
236.854 334.0 
238.13 335.0 
236.97 336.0 
236.97 337.0 
236.738 338.0 
236.97 339.0 
237.086 340.0 
236.97 341.0 
236.622 342.0 
237.318 343.0 
237.086 344.0 
236.622 345.0 
236.854 346.0 
236.506 347.0 
237.202 348.0 
236.854 349.0 
236.854 350.0 
236.39 351.0 
236.97 352.0 
236.738 353.0 
233.256 354.0 
236.97 355.0 
237.202 356.0 
237.086 357.0 
236.738 358.0 
236.854 359.0 
236.622 360.0 
237.086 361.0 
237.086 362.0 
236.97 363.0 
236.738 364.0 
236.854 365.0 
236.854 366.0 
236.854 367.0 
236.97 368.0 
236.854 369.0 
236.97 370.0 
236.854 371.0 
236.97 372.0 
237.086 373.0 
237.202 374.0 
237.434 375.0 
238.595 376.0 
236.738 377.0 
236.622 378.0 
236.854 379.0 
236.97 380.0 
236.854 381.0 
237.434 382.0 
236.854 383.0 
237.086 384.0 
236.854 385.0 
237.202 386.0 
236.39 387.0 
236.97 388.0 
236.854 389.0 
236.854 390.0 
237.202 391.0 
236.622 392.0 
237.086 393.0 
236.738 394.0 
236.738 395.0 
237.202 396.0 
236.506 397.0 
236.97 398.0 
235.461 399.0 
236.854 400.0 
237.318 401.0 
236.854 402.0 
237.086 403.0 
236.738 404.0 
236.97 405.0 
236.506 406.0 
236.738 407.0 
237.318 408.0 
237.202 409.0 
236.622 410.0 
236.622 411.0 
236.97 412.0 
237.318 413.0 
237.202 414.0 
236.158 415.0 
237.086 416.0 
236.97 417.0 
237.666 418.0 
237.086 419.0 
236.854 420.0 
236.738 421.0 
236.97 422.0 
237.434 423.0 
237.086 424.0 
236.738 425.0 
237.086 426.0 
237.318 427.0 
236.97 428.0 
236.738 429.0 
236.274 430.0 
237.086 431.0 
237.434 432.0 
237.202 433.0 
237.086 434.0 
237.086 435.0 
237.202 436.0 
237.666 437.0 
236.854 438.0 
236.738 439.0 
237.202 440.0 
236.97 441.0 
237.086 442.0 
236.854 443.0 
237.086 444.0 
237.202 445.0 
236.97 446.0 
237.318 447.0 
237.434 448.0 
237.086 449.0 
238.246 450.0 
236.622 451.0 
237.086 452.0 
236.854 453.0 
236.854 454.0 
236.854 455.0 
237.086 456.0 
236.854 457.0 
236.854 458.0 
237.202 459.0 
237.202 460.0 
237.086 461.0 
237.086 462.0 
237.434 463.0 
237.202 464.0 
237.202 465.0 
237.318 466.0 
237.202 467.0 
236.622 468.0 
237.434 469.0 
236.854 470.0 
237.202 471.0 
237.086 472.0 
237.202 473.0 
237.318 474.0 
237.202 475.0 
237.202 476.0 
237.318 477.0 
237.086 478.0 
236.854 479.0 
237.086 480.0 
237.318 481.0 
237.318 482.0 
237.086 483.0 
236.97 484.0 
237.55 485.0 
237.318 486.0 
236.39 487.0 
237.666 488.0 
236.97 489.0 
236.854 490.0 
237.202 491.0 
236.854 492.0 
236.97 493.0 
237.202 494.0 
236.854 495.0 
236.506 496.0 
236.97 497.0 
236.97 498.0 
236.97 499.0 
236.738 500.0 
237.318 501.0 
237.55 502.0 
237.318 503.0 
236.854 504.0 
237.202 505.0 
236.97 506.0 
231.4 507.0 
240.451 508.0 
236.97 509.0 
236.622 510.0 
236.97 511.0 
236.738 512.0 
236.854 513.0 
237.086 514.0 
237.086 515.0 
236.854 516.0 
237.086 517.0 
236.274 518.0 
236.39 519.0 
236.854 520.0 
236.854 521.0 
236.854 522.0 
236.854 523.0 
236.854 524.0 
236.854 525.0 
237.318 526.0 
236.854 527.0 
236.39 528.0 
236.622 529.0 
235.925 530.0 
236.506 531.0 
236.97 532.0 
237.086 533.0 
236.97 534.0 
237.318 535.0 
237.202 536.0 
236.738 537.0 
236.738 538.0 
236.738 539.0 
236.738 540.0 
237.318 541.0 
236.97 542.0 
236.97 543.0 
237.086 544.0 
236.97 545.0 
236.39 546.0 
237.086 547.0 
237.202 548.0 
237.086 549.0 
236.738 550.0 
235.229 551.0 
237.086 552.0 
237.202 553.0 
236.738 554.0 
236.854 555.0 
236.97 556.0 
236.622 557.0 
236.854 558.0 
232.908 559.0 
237.086 560.0 
237.086 561.0 
236.158 562.0 
237.086 563.0 
236.854 564.0 
236.158 565.0 
236.854 566.0 
236.274 567.0 
236.854 568.0 
237.086 569.0 
236.622 570.0 
236.97 571.0 
236.738 572.0 
236.622 573.0 
236.738 574.0 
236.854 575.0 
237.318 576.0 
236.97 577.0 
236.97 578.0 
236.97 579.0 
236.854 580.0 
237.202 581.0 
236.97 582.0 
236.854 583.0 
237.202 584.0 
237.55 585.0 
236.97 586.0 
236.854 587.0 
237.202 588.0 
237.202 589.0 
236.854 590.0 
236.738 591.0 
237.318 592.0 
236.97 593.0 
236.854 594.0 
236.854 595.0 
236.854 596.0 
237.086 597.0 
236.97 598.0 
236.854 599.0 
236.97 600.0 
237.318 601.0 
236.97 602.0 
237.202 603.0 
236.506 604.0 
237.318 605.0 
236.738 606.0 
236.854 607.0 
236.854 608.0 
237.086 609.0 
237.202 610.0 
236.854 611.0 
236.97 612.0 
236.622 613.0 
237.086 614.0 
236.738 615.0 
236.854 616.0 
237.318 617.0 
236.738 618.0 
236.97 619.0 
233.256 620.0 
236.854 621.0 
236.97 622.0 
237.202 623.0 
236.854 624.0 
237.086 625.0 
236.622 626.0 
237.202 627.0 
237.086 628.0 
237.086 629.0 
236.622 630.0 
237.086 631.0 
236.39 632.0 
237.202 633.0 
237.086 634.0 
236.622 635.0 
237.086 636.0 
237.086 637.0 
236.622 638.0 
237.086 639.0 
237.202 640.0 
236.97 641.0 
237.086 642.0 
236.97 643.0 
236.506 644.0 
236.97 645.0 
236.97 646.0 
237.318 647.0 
236.97 648.0 
236.97 649.0 
237.086 650.0 
236.622 651.0 
236.854 652.0 
236.97 653.0 
237.086 654.0 
236.97 655.0 
236.854 656.0 
236.854 657.0 
237.086 658.0 
236.738 659.0 
236.854 660.0 
237.318 661.0 
237.55 662.0 
236.854 663.0 
237.086 664.0 
237.318 665.0 
237.666 666.0 
237.086 667.0 
237.202 668.0 
237.55 669.0 
237.202 670.0 
236.738 671.0 
236.97 672.0 
236.97 673.0 
236.97 674.0 
236.97 675.0 
236.97 676.0 
236.738 677.0 
236.738 678.0 
236.854 679.0 
237.318 680.0 
236.39 681.0 
236.97 682.0 
237.202 683.0 
237.434 684.0 
237.434 685.0 
237.318 686.0 
236.854 687.0 
237.318 688.0 
237.086 689.0 
236.854 690.0 
236.97 691.0 
237.318 692.0 
236.506 693.0 
236.622 694.0 
236.854 695.0 
237.202 696.0 
237.318 697.0 
236.506 698.0 
235.113 699.0 
236.854 700.0 
236.97 701.0 
237.086 702.0 
236.854 703.0 
236.97 704.0 
236.97 705.0 
237.202 706.0 
236.738 707.0 
236.854 708.0 
236.622 709.0 
236.622 710.0 
237.086 711.0 
237.086 712.0 
237.086 713.0 
237.434 714.0 
237.086 715.0 
236.738 716.0 
236.854 717.0 
236.738 718.0 
236.97 719.0 
236.854 720.0 
237.434 721.0 
237.086 722.0 
237.318 723.0 
237.318 724.0 
237.318 725.0 
236.738 726.0 
236.738 727.0 
236.854 728.0 
237.202 729.0 
236.854 730.0 
236.97 731.0 
236.97 732.0 
236.738 733.0 
236.97 734.0 
236.97 735.0 
237.202 736.0 
237.086 737.0 
236.97 738.0 
235.809 739.0 
236.854 740.0 
237.086 741.0 
236.97 742.0 
236.854 743.0 
236.97 744.0 
236.97 745.0 
236.97 746.0 
236.97 747.0 
237.086 748.0 
237.086 749.0 
236.854 750.0 
237.086 751.0 
236.97 752.0 
236.854 753.0 
237.086 754.0 
237.086 755.0 
236.97 756.0 
236.854 757.0 
236.97 758.0 
237.086 759.0 
236.854 760.0 
237.318 761.0 
237.202 762.0 
237.086 763.0 
236.97 764.0 
237.086 765.0 
237.086 766.0 
237.086 767.0 
237.318 768.0 
237.086 769.0 
237.086 770.0 
236.854 771.0 
236.97 772.0 
236.854 773.0 
236.622 774.0 
237.202 775.0 
237.086 776.0 
237.318 777.0 
236.854 778.0 
236.97 779.0 
237.202 780.0 
236.97 781.0 
236.97 782.0 
236.97 783.0 
236.97 784.0 
237.086 785.0 
237.086 786.0 
237.202 787.0 
237.202 788.0 
237.318 789.0 
237.086 790.0 
236.738 791.0 
237.086 792.0 
237.202 793.0 
237.086 794.0 
236.97 795.0 
236.854 796.0 
237.086 797.0 
237.086 798.0 
236.854 799.0 
236.97 800.0 
237.202 801.0 
237.086 802.0 
236.97 803.0 
237.086 804.0 
0.029 805.0 
0.024 806.0 
0.023 807.0 
0.022 808.0 
0.008 809.0 
-0.006 810.0 
-0.023 811.0 
-0.038 812.0 
-0.046 813.0 
-0.069 814.0 
-0.084 815.0 
-0.09 816.0 
-0.093 817.0 
-0.092 818.0 
-0.096 819.0 
-0.103 820.0 
-0.095 821.0 
-0.091 822.0 
-0.091 823.0 
-0.084 824.0 
-0.073 825.0 
-0.069 826.0 
-0.058 827.0 
-0.048 828.0 
-0.038 829.0 
