-0.053 257.0 
-0.03 258.0 
-0.126 259.0 
-0.071 260.0 
-0.047 261.0 
-0.036 262.0 
-0.055 263.0 
-0.053 264.0 
-0.049 265.0 
-0.04 266.0 
-0.044 267.0 
-0.056 268.0 
-0.036 269.0 
-0.037 270.0 
-0.047 271.0 
-0.049 272.0 
-0.025 273.0 
-0.042 274.0 
136.955 275.0 
134.292 276.0 
133.346 277.0 
132.26 278.0 
130.917 279.0 
129.048 280.0 
127.576 281.0 
125.626 282.0 
122.881 283.0 
121.748 284.0 
121.445 285.0 
121.141 286.0 
121.012 287.0 
120.791 288.0 
120.522 289.0 
120.02 290.0 
119.903 291.0 
119.681 292.0 
119.564 293.0 
119.471 294.0 
118.98 295.0 
118.863 296.0 
118.852 297.0 
118.385 298.0 
118.233 299.0 
118.116 300.0 
117.637 301.0 
117.555 302.0 
117.006 303.0 
116.948 304.0 
116.948 305.0 
116.13 306.0 
114.997 307.0 
112.942 308.0 
110.583 309.0 
107.277 310.0 
104.042 311.0 
100.188 312.0 
96.404 313.0 
92.316 314.0 
88.345 315.0 
84.385 316.0 
80.87 317.0 
78.265 318.0 
78.16 319.0 
77.95 320.0 
77.868 321.0 
77.856 322.0 
77.763 323.0 
77.821 324.0 
77.763 325.0 
77.623 326.0 
77.81 327.0 
77.704 328.0 
77.88 329.0 
77.775 330.0 
77.716 331.0 
77.81 332.0 
77.81 333.0 
77.728 334.0 
77.798 335.0 
77.798 336.0 
77.798 337.0 
77.681 338.0 
77.856 339.0 
77.693 340.0 
77.716 341.0 
77.716 342.0 
77.856 343.0 
77.739 344.0 
77.739 345.0 
77.669 346.0 
77.693 347.0 
77.716 348.0 
77.775 349.0 
77.775 350.0 
77.704 351.0 
77.786 352.0 
77.739 353.0 
77.623 354.0 
77.763 355.0 
77.704 356.0 
77.775 357.0 
77.728 358.0 
77.775 359.0 
77.728 360.0 
77.763 361.0 
77.681 362.0 
77.693 363.0 
77.693 364.0 
77.693 365.0 
77.775 366.0 
77.739 367.0 
77.693 368.0 
77.693 369.0 
77.704 370.0 
77.751 371.0 
77.751 372.0 
77.786 373.0 
77.786 374.0 
77.775 375.0 
78.09 376.0 
77.634 377.0 
77.716 378.0 
77.704 379.0 
77.716 380.0 
77.716 381.0 
77.786 382.0 
77.704 383.0 
77.693 384.0 
77.693 385.0 
77.763 386.0 
77.658 387.0 
77.646 388.0 
77.751 389.0 
77.716 390.0 
77.751 391.0 
77.681 392.0 
77.798 393.0 
77.658 394.0 
77.693 395.0 
77.763 396.0 
77.634 397.0 
77.739 398.0 
77.576 399.0 
77.646 400.0 
77.751 401.0 
77.716 402.0 
77.786 403.0 
77.728 404.0 
77.693 405.0 
77.658 406.0 
77.751 407.0 
77.681 408.0 
77.693 409.0 
77.646 410.0 
77.739 411.0 
77.751 412.0 
78.113 413.0 
77.751 414.0 
77.669 415.0 
77.739 416.0 
77.658 417.0 
77.81 418.0 
77.716 419.0 
77.646 420.0 
77.693 421.0 
77.716 422.0 
77.775 423.0 
77.681 424.0 
77.704 425.0 
77.763 426.0 
77.763 427.0 
77.704 428.0 
77.681 429.0 
77.646 430.0 
77.739 431.0 
77.763 432.0 
77.763 433.0 
77.646 434.0 
77.669 435.0 
77.704 436.0 
77.775 437.0 
77.623 438.0 
77.669 439.0 
77.681 440.0 
77.634 441.0 
77.658 442.0 
77.693 443.0 
77.681 444.0 
77.658 445.0 
77.658 446.0 
77.786 447.0 
77.775 448.0 
77.739 449.0 
78.09 450.0 
77.646 451.0 
77.716 452.0 
77.681 453.0 
77.669 454.0 
77.716 455.0 
77.704 456.0 
77.681 457.0 
77.658 458.0 
77.693 459.0 
77.751 460.0 
77.693 461.0 
77.669 462.0 
77.751 463.0 
77.739 464.0 
77.716 465.0 
77.739 466.0 
77.693 467.0 
77.646 468.0 
77.739 469.0 
77.681 470.0 
77.693 471.0 
77.704 472.0 
77.786 473.0 
77.716 474.0 
77.763 475.0 
77.669 476.0 
77.634 477.0 
77.669 478.0 
77.623 479.0 
77.704 480.0 
77.775 481.0 
77.693 482.0 
77.739 483.0 
77.634 484.0 
77.716 485.0 
77.658 486.0 
77.623 487.0 
77.775 488.0 
77.693 489.0 
77.728 490.0 
77.728 491.0 
77.704 492.0 
77.728 493.0 
77.739 494.0 
77.623 495.0 
77.623 496.0 
77.693 497.0 
77.739 498.0 
77.588 499.0 
77.623 500.0 
77.693 501.0 
77.681 502.0 
77.623 503.0 
77.588 504.0 
77.669 505.0 
77.658 506.0 
77.681 507.0 
77.845 508.0 
77.599 509.0 
77.611 510.0 
77.658 511.0 
77.669 512.0 
77.681 513.0 
77.704 514.0 
77.704 515.0 
77.716 516.0 
77.704 517.0 
77.576 518.0 
77.541 519.0 
77.588 520.0 
77.588 521.0 
77.564 522.0 
77.576 523.0 
77.599 524.0 
77.564 525.0 
77.588 526.0 
77.564 527.0 
77.494 528.0 
77.553 529.0 
77.506 530.0 
77.483 531.0 
77.658 532.0 
77.634 533.0 
77.576 534.0 
77.564 535.0 
77.553 536.0 
77.506 537.0 
77.459 538.0 
77.436 539.0 
77.377 540.0 
77.494 541.0 
77.471 542.0 
77.354 543.0 
77.366 544.0 
77.296 545.0 
77.319 546.0 
77.436 547.0 
77.389 548.0 
77.331 549.0 
77.249 550.0 
77.214 551.0 
77.331 552.0 
77.307 553.0 
77.237 554.0 
77.237 555.0 
77.342 556.0 
77.272 557.0 
77.226 558.0 
77.015 559.0 
77.296 560.0 
77.261 561.0 
77.167 562.0 
77.307 563.0 
77.249 564.0 
77.167 565.0 
77.319 566.0 
77.342 567.0 
77.191 568.0 
77.284 569.0 
77.249 570.0 
77.354 571.0 
77.272 572.0 
77.237 573.0 
77.249 574.0 
77.214 575.0 
77.296 576.0 
77.261 577.0 
77.226 578.0 
77.307 579.0 
77.284 580.0 
77.354 581.0 
77.296 582.0 
77.342 583.0 
77.296 584.0 
77.412 585.0 
77.331 586.0 
77.261 587.0 
77.342 588.0 
77.237 589.0 
77.331 590.0 
77.237 591.0 
77.331 592.0 
77.249 593.0 
77.296 594.0 
77.226 595.0 
77.307 596.0 
77.237 597.0 
77.319 598.0 
77.237 599.0 
77.307 600.0 
77.377 601.0 
77.272 602.0 
77.377 603.0 
77.272 604.0 
77.377 605.0 
77.214 606.0 
77.331 607.0 
77.191 608.0 
77.307 609.0 
77.377 610.0 
77.296 611.0 
77.377 612.0 
77.272 613.0 
77.319 614.0 
77.202 615.0 
77.284 616.0 
77.366 617.0 
77.249 618.0 
77.331 619.0 
76.91 620.0 
77.284 621.0 
77.319 622.0 
77.214 623.0 
77.272 624.0 
77.354 625.0 
77.237 626.0 
77.319 627.0 
77.366 628.0 
77.249 629.0 
77.331 630.0 
77.401 631.0 
77.179 632.0 
77.366 633.0 
77.377 634.0 
77.261 635.0 
77.319 636.0 
77.366 637.0 
77.237 638.0 
77.307 639.0 
77.342 640.0 
77.214 641.0 
77.272 642.0 
77.331 643.0 
77.191 644.0 
77.307 645.0 
77.307 646.0 
77.366 647.0 
77.237 648.0 
77.272 649.0 
77.331 650.0 
77.237 651.0 
77.272 652.0 
77.342 653.0 
77.366 654.0 
77.191 655.0 
77.214 656.0 
77.284 657.0 
77.331 658.0 
77.237 659.0 
77.272 660.0 
77.331 661.0 
77.389 662.0 
77.202 663.0 
77.284 664.0 
77.319 665.0 
77.412 666.0 
77.226 667.0 
77.284 668.0 
77.331 669.0 
77.354 670.0 
77.214 671.0 
77.261 672.0 
77.307 673.0 
77.307 674.0 
77.342 675.0 
77.214 676.0 
77.202 677.0 
77.284 678.0 
77.284 679.0 
77.389 680.0 
77.202 681.0 
77.214 682.0 
77.284 683.0 
77.307 684.0 
77.354 685.0 
77.389 686.0 
77.226 687.0 
77.237 688.0 
77.284 689.0 
77.307 690.0 
77.377 691.0 
77.389 692.0 
77.226 693.0 
77.237 694.0 
77.272 695.0 
77.284 696.0 
77.342 697.0 
77.272 698.0 
76.992 699.0 
77.226 700.0 
77.214 701.0 
77.307 702.0 
77.261 703.0 
77.296 704.0 
77.377 705.0 
77.377 706.0 
77.214 707.0 
77.237 708.0 
77.249 709.0 
77.261 710.0 
77.331 711.0 
77.354 712.0 
77.331 713.0 
77.342 714.0 
77.377 715.0 
77.191 716.0 
77.237 717.0 
77.261 718.0 
77.284 719.0 
77.284 720.0 
77.307 721.0 
77.331 722.0 
77.319 723.0 
77.354 724.0 
77.389 725.0 
77.202 726.0 
77.191 727.0 
77.249 728.0 
77.249 729.0 
77.296 730.0 
77.261 731.0 
77.296 732.0 
77.331 733.0 
77.319 734.0 
77.319 735.0 
77.354 736.0 
77.354 737.0 
77.377 738.0 
76.922 739.0 
77.179 740.0 
77.191 741.0 
77.179 742.0 
77.191 743.0 
77.249 744.0 
77.237 745.0 
77.226 746.0 
77.261 747.0 
77.214 748.0 
77.272 749.0 
77.261 750.0 
77.261 751.0 
77.272 752.0 
77.272 753.0 
77.284 754.0 
77.261 755.0 
77.284 756.0 
77.284 757.0 
77.272 758.0 
77.296 759.0 
77.261 760.0 
77.296 761.0 
77.296 762.0 
77.284 763.0 
77.272 764.0 
77.296 765.0 
77.307 766.0 
77.319 767.0 
77.296 768.0 
77.342 769.0 
77.342 770.0 
77.284 771.0 
77.296 772.0 
77.307 773.0 
77.307 774.0 
77.296 775.0 
77.331 776.0 
77.319 777.0 
77.307 778.0 
77.296 779.0 
77.284 780.0 
77.296 781.0 
77.296 782.0 
77.284 783.0 
77.261 784.0 
77.284 785.0 
77.284 786.0 
77.284 787.0 
77.284 788.0 
77.272 789.0 
77.296 790.0 
77.307 791.0 
77.331 792.0 
77.307 793.0 
77.307 794.0 
77.284 795.0 
77.296 796.0 
77.296 797.0 
77.272 798.0 
77.296 799.0 
77.307 800.0 
77.284 801.0 
77.307 802.0 
77.284 803.0 
77.296 804.0 
-0.001 805.0 
0.001 806.0 
-0.002 807.0 
-0.007 808.0 
-0.006 809.0 
-0.008 810.0 
-0.026 811.0 
-0.035 812.0 
-0.026 813.0 
-0.036 814.0 
-0.056 815.0 
-0.056 816.0 
-0.044 817.0 
-0.056 818.0 
-0.054 819.0 
-0.061 820.0 
-0.059 821.0 
-0.06 822.0 
-0.059 823.0 
-0.058 824.0 
-0.053 825.0 
-0.05 826.0 
-0.041 827.0 
-0.029 828.0 
-0.032 829.0 
