-0.025 257.0 
-0.035 258.0 
-0.043 259.0 
-0.032 260.0 
-0.035 261.0 
-0.024 262.0 
-0.043 263.0 
-0.042 264.0 
-0.068 265.0 
-0.048 266.0 
-0.064 267.0 
-0.04 268.0 
-0.02 269.0 
-0.04 270.0 
-0.026 271.0 
-0.047 272.0 
-0.035 273.0 
-0.035 274.0 
142.082 275.0 
138.836 276.0 
137.492 277.0 
135.775 278.0 
133.93 279.0 
131.863 280.0 
130.088 281.0 
127.775 282.0 
124.224 283.0 
122.694 284.0 
122.192 285.0 
121.807 286.0 
121.608 287.0 
121.363 288.0 
121.083 289.0 
120.475 290.0 
120.265 291.0 
119.996 292.0 
119.856 293.0 
119.728 294.0 
119.19 295.0 
119.05 296.0 
118.945 297.0 
118.42 298.0 
118.221 299.0 
118.093 300.0 
117.555 301.0 
117.497 302.0 
117.03 303.0 
116.878 304.0 
116.773 305.0 
116.165 306.0 
114.974 307.0 
112.942 308.0 
110.664 309.0 
107.534 310.0 
104.509 311.0 
100.83 312.0 
97.431 313.0 
93.449 314.0 
89.758 315.0 
85.892 316.0 
82.505 317.0 
80.11 318.0 
79.982 319.0 
79.737 320.0 
79.573 321.0 
79.526 322.0 
79.433 323.0 
79.456 324.0 
79.421 325.0 
79.293 326.0 
79.41 327.0 
79.316 328.0 
79.48 329.0 
79.433 330.0 
79.386 331.0 
79.655 332.0 
79.503 333.0 
79.351 334.0 
79.328 335.0 
79.398 336.0 
79.41 337.0 
79.305 338.0 
79.468 339.0 
79.351 340.0 
79.375 341.0 
79.363 342.0 
79.164 343.0 
79.363 344.0 
79.328 345.0 
79.34 346.0 
79.258 347.0 
79.363 348.0 
79.398 349.0 
79.375 350.0 
79.316 351.0 
79.421 352.0 
79.351 353.0 
79.258 354.0 
79.421 355.0 
79.363 356.0 
79.41 357.0 
79.386 358.0 
79.456 359.0 
79.41 360.0 
79.398 361.0 
79.351 362.0 
79.41 363.0 
79.293 364.0 
79.328 365.0 
79.375 366.0 
79.363 367.0 
79.351 368.0 
79.375 369.0 
79.363 370.0 
79.363 371.0 
79.386 372.0 
79.41 373.0 
79.421 374.0 
79.456 375.0 
79.725 376.0 
79.293 377.0 
79.386 378.0 
79.351 379.0 
79.351 380.0 
79.363 381.0 
79.421 382.0 
79.375 383.0 
79.34 384.0 
79.305 385.0 
79.421 386.0 
79.305 387.0 
79.305 388.0 
79.351 389.0 
79.351 390.0 
79.386 391.0 
79.363 392.0 
79.41 393.0 
79.293 394.0 
79.363 395.0 
79.433 396.0 
79.305 397.0 
79.398 398.0 
79.27 399.0 
79.305 400.0 
79.41 401.0 
79.363 402.0 
79.445 403.0 
79.398 404.0 
79.328 405.0 
79.281 406.0 
79.363 407.0 
79.328 408.0 
79.328 409.0 
79.293 410.0 
79.351 411.0 
79.421 412.0 
79.83 413.0 
79.421 414.0 
79.305 415.0 
79.386 416.0 
79.316 417.0 
79.48 418.0 
79.398 419.0 
79.305 420.0 
79.363 421.0 
79.363 422.0 
79.386 423.0 
79.328 424.0 
79.27 425.0 
79.398 426.0 
79.386 427.0 
79.305 428.0 
79.328 429.0 
79.258 430.0 
79.375 431.0 
79.363 432.0 
79.398 433.0 
79.305 434.0 
79.305 435.0 
79.351 436.0 
79.433 437.0 
79.281 438.0 
79.375 439.0 
79.281 440.0 
79.293 441.0 
79.328 442.0 
79.328 443.0 
79.305 444.0 
79.328 445.0 
79.293 446.0 
79.386 447.0 
79.375 448.0 
79.375 449.0 
79.643 450.0 
79.328 451.0 
79.328 452.0 
79.305 453.0 
79.305 454.0 
79.375 455.0 
79.34 456.0 
79.316 457.0 
79.328 458.0 
79.398 459.0 
79.386 460.0 
79.328 461.0 
79.281 462.0 
79.41 463.0 
79.363 464.0 
79.34 465.0 
79.363 466.0 
79.316 467.0 
79.246 468.0 
79.34 469.0 
79.328 470.0 
79.305 471.0 
79.351 472.0 
79.281 473.0 
79.351 474.0 
79.445 475.0 
79.34 476.0 
79.281 477.0 
79.34 478.0 
79.234 479.0 
79.34 480.0 
79.41 481.0 
79.34 482.0 
79.398 483.0 
79.328 484.0 
79.328 485.0 
79.293 486.0 
79.246 487.0 
79.375 488.0 
79.27 489.0 
79.34 490.0 
79.398 491.0 
79.351 492.0 
79.328 493.0 
79.398 494.0 
79.305 495.0 
79.281 496.0 
79.34 497.0 
79.41 498.0 
79.27 499.0 
79.281 500.0 
79.316 501.0 
79.363 502.0 
79.211 503.0 
79.246 504.0 
79.281 505.0 
79.328 506.0 
79.305 507.0 
79.386 508.0 
79.223 509.0 
79.293 510.0 
79.258 511.0 
79.34 512.0 
79.328 513.0 
79.328 514.0 
79.351 515.0 
79.363 516.0 
79.702 517.0 
79.141 518.0 
79.281 519.0 
79.211 520.0 
79.223 521.0 
79.223 522.0 
79.223 523.0 
79.211 524.0 
79.199 525.0 
79.211 526.0 
79.188 527.0 
79.106 528.0 
79.153 529.0 
79.129 530.0 
79.129 531.0 
79.234 532.0 
79.246 533.0 
79.199 534.0 
79.188 535.0 
79.176 536.0 
79.153 537.0 
79.094 538.0 
79.059 539.0 
78.978 540.0 
79.118 541.0 
79.036 542.0 
79.013 543.0 
78.989 544.0 
78.919 545.0 
78.896 546.0 
79.001 547.0 
78.954 548.0 
78.919 549.0 
78.872 550.0 
78.849 551.0 
78.954 552.0 
78.896 553.0 
78.872 554.0 
78.814 555.0 
78.942 556.0 
78.884 557.0 
78.802 558.0 
78.51 559.0 
78.896 560.0 
78.837 561.0 
78.791 562.0 
78.896 563.0 
78.826 564.0 
78.744 565.0 
78.931 566.0 
78.849 567.0 
78.779 568.0 
78.872 569.0 
78.802 570.0 
78.942 571.0 
78.849 572.0 
78.779 573.0 
78.861 574.0 
78.814 575.0 
79.188 576.0 
78.861 577.0 
78.814 578.0 
78.942 579.0 
78.884 580.0 
78.942 581.0 
78.884 582.0 
78.896 583.0 
78.907 584.0 
79.013 585.0 
78.919 586.0 
78.826 587.0 
78.907 588.0 
78.826 589.0 
78.896 590.0 
78.826 591.0 
78.931 592.0 
78.814 593.0 
78.907 594.0 
78.861 595.0 
78.861 596.0 
78.826 597.0 
78.931 598.0 
78.826 599.0 
78.861 600.0 
78.989 601.0 
78.849 602.0 
78.966 603.0 
78.849 604.0 
78.942 605.0 
78.826 606.0 
78.872 607.0 
78.779 608.0 
78.884 609.0 
78.942 610.0 
78.861 611.0 
78.978 612.0 
78.826 613.0 
78.931 614.0 
78.791 615.0 
78.872 616.0 
78.942 617.0 
78.814 618.0 
78.919 619.0 
78.545 620.0 
78.861 621.0 
78.896 622.0 
78.802 623.0 
78.872 624.0 
78.931 625.0 
78.802 626.0 
78.884 627.0 
78.942 628.0 
78.814 629.0 
78.896 630.0 
78.942 631.0 
78.826 632.0 
78.931 633.0 
79.176 634.0 
78.837 635.0 
78.907 636.0 
78.942 637.0 
78.849 638.0 
78.931 639.0 
78.931 640.0 
78.791 641.0 
78.849 642.0 
78.896 643.0 
78.802 644.0 
78.826 645.0 
78.896 646.0 
78.942 647.0 
78.814 648.0 
78.849 649.0 
78.931 650.0 
78.779 651.0 
78.791 652.0 
78.872 653.0 
78.942 654.0 
78.779 655.0 
78.861 656.0 
78.884 657.0 
78.954 658.0 
78.837 659.0 
78.884 660.0 
78.907 661.0 
78.954 662.0 
78.826 663.0 
78.861 664.0 
78.896 665.0 
79.013 666.0 
78.814 667.0 
78.872 668.0 
78.884 669.0 
78.954 670.0 
78.802 671.0 
78.837 672.0 
78.861 673.0 
78.896 674.0 
78.907 675.0 
78.779 676.0 
78.837 677.0 
78.884 678.0 
78.919 679.0 
78.931 680.0 
78.802 681.0 
78.814 682.0 
78.826 683.0 
78.896 684.0 
78.919 685.0 
78.966 686.0 
78.779 687.0 
78.814 688.0 
78.861 689.0 
78.907 690.0 
78.966 691.0 
78.942 692.0 
78.826 693.0 
78.849 694.0 
78.849 695.0 
78.884 696.0 
78.966 697.0 
78.896 698.0 
78.639 699.0 
78.791 700.0 
78.826 701.0 
78.837 702.0 
78.884 703.0 
78.884 704.0 
78.884 705.0 
78.954 706.0 
78.802 707.0 
78.791 708.0 
78.802 709.0 
78.814 710.0 
78.884 711.0 
78.907 712.0 
78.942 713.0 
78.954 714.0 
78.814 715.0 
78.814 716.0 
78.814 717.0 
78.826 718.0 
78.861 719.0 
78.837 720.0 
78.872 721.0 
78.919 722.0 
78.919 723.0 
78.942 724.0 
78.978 725.0 
78.767 726.0 
78.802 727.0 
78.791 728.0 
78.814 729.0 
78.826 730.0 
78.837 731.0 
78.849 732.0 
78.919 733.0 
78.884 734.0 
78.931 735.0 
78.942 736.0 
78.931 737.0 
78.966 738.0 
78.732 739.0 
78.791 740.0 
78.767 741.0 
78.767 742.0 
78.791 743.0 
78.802 744.0 
78.791 745.0 
78.837 746.0 
78.791 747.0 
78.814 748.0 
78.802 749.0 
78.849 750.0 
78.837 751.0 
78.849 752.0 
78.872 753.0 
78.837 754.0 
78.861 755.0 
78.826 756.0 
78.861 757.0 
78.837 758.0 
78.907 759.0 
78.884 760.0 
78.861 761.0 
78.919 762.0 
78.861 763.0 
78.896 764.0 
78.872 765.0 
78.896 766.0 
78.872 767.0 
78.907 768.0 
78.896 769.0 
78.849 770.0 
78.931 771.0 
78.907 772.0 
78.907 773.0 
78.861 774.0 
78.884 775.0 
78.896 776.0 
78.884 777.0 
78.907 778.0 
78.872 779.0 
78.872 780.0 
78.896 781.0 
78.872 782.0 
78.884 783.0 
78.861 784.0 
78.872 785.0 
78.861 786.0 
78.872 787.0 
78.872 788.0 
78.872 789.0 
78.849 790.0 
78.884 791.0 
78.861 792.0 
78.896 793.0 
78.884 794.0 
78.884 795.0 
78.861 796.0 
78.849 797.0 
78.861 798.0 
78.872 799.0 
78.861 800.0 
78.872 801.0 
78.837 802.0 
78.849 803.0 
78.837 804.0 
0.0 805.0 
0.002 806.0 
-0.005 807.0 
-0.006 808.0 
-0.013 809.0 
-0.011 810.0 
-0.016 811.0 
-0.023 812.0 
-0.018 813.0 
-0.022 814.0 
-0.032 815.0 
-0.037 816.0 
-0.032 817.0 
-0.031 818.0 
-0.03 819.0 
-0.029 820.0 
-0.031 821.0 
-0.035 822.0 
-0.031 823.0 
-0.023 824.0 
-0.026 825.0 
-0.036 826.0 
-0.034 827.0 
-0.02 828.0 
-0.026 829.0 
