-0.034 257.0 
-0.035 258.0 
-0.024 259.0 
-0.026 260.0 
-0.044 261.0 
-0.035 262.0 
-0.029 263.0 
-0.047 264.0 
-0.044 265.0 
-0.029 266.0 
-0.036 267.0 
-0.043 268.0 
-0.047 269.0 
-0.025 270.0 
-0.032 271.0 
-0.056 272.0 
-0.046 273.0 
-0.031 274.0 
147.035 275.0 
143.192 276.0 
142.339 277.0 
141.125 278.0 
139.922 279.0 
138.38 280.0 
136.885 281.0 
134.981 282.0 
131.991 283.0 
130.905 284.0 
130.648 285.0 
130.403 286.0 
130.286 287.0 
130.052 288.0 
129.831 289.0 
129.176 290.0 
129.083 291.0 
128.943 292.0 
128.756 293.0 
128.534 294.0 
128.207 295.0 
128.102 296.0 
128.09 297.0 
127.541 298.0 
127.425 299.0 
127.319 300.0 
126.759 301.0 
126.712 302.0 
126.128 303.0 
125.976 304.0 
125.766 305.0 
124.89 306.0 
123.173 307.0 
120.604 308.0 
117.906 309.0 
114.39 310.0 
110.769 311.0 
106.775 312.0 
102.827 313.0 
98.541 314.0 
94.068 315.0 
89.606 316.0 
85.588 317.0 
82.073 318.0 
81.897 319.0 
81.617 320.0 
80.706 321.0 
81.454 322.0 
81.29 323.0 
81.325 324.0 
81.232 325.0 
81.115 326.0 
81.185 327.0 
81.138 328.0 
81.325 329.0 
81.243 330.0 
81.185 331.0 
81.43 332.0 
81.278 333.0 
81.162 334.0 
81.138 335.0 
81.22 336.0 
81.22 337.0 
81.138 338.0 
81.594 339.0 
81.185 340.0 
81.22 341.0 
81.173 342.0 
81.267 343.0 
81.208 344.0 
81.197 345.0 
81.15 346.0 
81.092 347.0 
81.173 348.0 
81.22 349.0 
81.208 350.0 
81.162 351.0 
81.22 352.0 
81.173 353.0 
81.162 354.0 
81.103 355.0 
81.22 356.0 
81.22 357.0 
81.162 358.0 
81.278 359.0 
81.232 360.0 
81.232 361.0 
81.173 362.0 
81.185 363.0 
81.115 364.0 
81.208 365.0 
81.22 366.0 
81.197 367.0 
81.138 368.0 
81.197 369.0 
81.185 370.0 
81.197 371.0 
81.232 372.0 
81.243 373.0 
81.267 374.0 
81.267 375.0 
81.547 376.0 
81.138 377.0 
81.197 378.0 
81.173 379.0 
81.173 380.0 
81.185 381.0 
81.278 382.0 
81.173 383.0 
81.15 384.0 
81.185 385.0 
81.243 386.0 
81.162 387.0 
81.103 388.0 
81.208 389.0 
81.22 390.0 
81.208 391.0 
81.162 392.0 
81.22 393.0 
81.15 394.0 
81.208 395.0 
81.313 396.0 
81.115 397.0 
81.232 398.0 
81.08 399.0 
81.185 400.0 
81.267 401.0 
81.208 402.0 
81.302 403.0 
81.22 404.0 
81.197 405.0 
81.127 406.0 
81.138 407.0 
81.138 408.0 
81.197 409.0 
81.092 410.0 
81.185 411.0 
81.22 412.0 
81.278 413.0 
81.243 414.0 
81.138 415.0 
81.22 416.0 
81.138 417.0 
81.278 418.0 
81.208 419.0 
81.127 420.0 
81.173 421.0 
81.197 422.0 
81.255 423.0 
81.15 424.0 
81.173 425.0 
81.185 426.0 
81.208 427.0 
81.127 428.0 
81.185 429.0 
81.092 430.0 
81.22 431.0 
81.22 432.0 
81.208 433.0 
81.092 434.0 
81.127 435.0 
81.15 436.0 
81.255 437.0 
81.127 438.0 
81.138 439.0 
81.162 440.0 
81.138 441.0 
81.15 442.0 
81.162 443.0 
81.15 444.0 
81.127 445.0 
81.138 446.0 
81.255 447.0 
81.208 448.0 
81.185 449.0 
81.489 450.0 
81.162 451.0 
81.173 452.0 
81.15 453.0 
81.103 454.0 
81.197 455.0 
80.94 456.0 
81.138 457.0 
81.127 458.0 
81.22 459.0 
81.232 460.0 
81.197 461.0 
81.15 462.0 
81.278 463.0 
81.208 464.0 
81.22 465.0 
81.22 466.0 
81.162 467.0 
81.08 468.0 
81.232 469.0 
81.162 470.0 
81.15 471.0 
81.162 472.0 
81.068 473.0 
81.197 474.0 
81.208 475.0 
81.173 476.0 
81.115 477.0 
81.173 478.0 
81.092 479.0 
81.173 480.0 
81.255 481.0 
81.162 482.0 
81.232 483.0 
81.162 484.0 
81.232 485.0 
81.115 486.0 
81.103 487.0 
81.197 488.0 
81.173 489.0 
81.15 490.0 
81.185 491.0 
81.162 492.0 
81.15 493.0 
81.173 494.0 
81.103 495.0 
81.08 496.0 
81.173 497.0 
81.22 498.0 
81.115 499.0 
81.115 500.0 
81.185 501.0 
81.197 502.0 
81.068 503.0 
81.127 504.0 
81.138 505.0 
81.173 506.0 
81.138 507.0 
81.524 508.0 
81.103 509.0 
81.08 510.0 
81.08 511.0 
81.138 512.0 
81.15 513.0 
81.138 514.0 
81.162 515.0 
81.197 516.0 
81.454 517.0 
80.951 518.0 
81.033 519.0 
81.045 520.0 
81.057 521.0 
81.068 522.0 
81.08 523.0 
81.068 524.0 
81.045 525.0 
81.045 526.0 
80.998 527.0 
80.916 528.0 
80.963 529.0 
80.951 530.0 
80.928 531.0 
81.045 532.0 
81.01 533.0 
80.963 534.0 
80.951 535.0 
80.881 536.0 
80.87 537.0 
80.846 538.0 
80.765 539.0 
80.788 540.0 
80.905 541.0 
80.835 542.0 
80.811 543.0 
80.765 544.0 
80.706 545.0 
80.648 546.0 
80.788 547.0 
80.659 548.0 
80.636 549.0 
80.601 550.0 
80.566 551.0 
80.683 552.0 
80.613 553.0 
80.589 554.0 
80.554 555.0 
80.659 556.0 
80.624 557.0 
80.578 558.0 
80.262 559.0 
80.636 560.0 
80.589 561.0 
80.508 562.0 
80.636 563.0 
80.589 564.0 
80.473 565.0 
80.659 566.0 
80.683 567.0 
80.496 568.0 
80.648 569.0 
80.543 570.0 
80.659 571.0 
80.589 572.0 
80.543 573.0 
80.613 574.0 
80.554 575.0 
80.648 576.0 
80.589 577.0 
80.601 578.0 
80.683 579.0 
80.613 580.0 
80.706 581.0 
80.636 582.0 
80.671 583.0 
80.659 584.0 
80.753 585.0 
80.671 586.0 
80.566 587.0 
80.659 588.0 
80.613 589.0 
80.671 590.0 
80.578 591.0 
80.648 592.0 
80.566 593.0 
80.613 594.0 
80.566 595.0 
80.659 596.0 
80.566 597.0 
80.671 598.0 
80.589 599.0 
80.636 600.0 
80.694 601.0 
80.636 602.0 
80.718 603.0 
80.601 604.0 
80.694 605.0 
80.636 606.0 
80.613 607.0 
80.543 608.0 
80.613 609.0 
80.718 610.0 
80.578 611.0 
80.683 612.0 
80.578 613.0 
80.648 614.0 
80.566 615.0 
80.648 616.0 
80.694 617.0 
80.531 618.0 
80.648 619.0 
80.379 620.0 
80.624 621.0 
80.636 622.0 
80.554 623.0 
80.601 624.0 
80.694 625.0 
80.554 626.0 
80.636 627.0 
80.671 628.0 
80.566 629.0 
80.624 630.0 
80.718 631.0 
80.554 632.0 
80.648 633.0 
80.706 634.0 
80.589 635.0 
80.659 636.0 
80.718 637.0 
80.589 638.0 
80.659 639.0 
80.718 640.0 
80.566 641.0 
80.636 642.0 
80.694 643.0 
80.554 644.0 
80.601 645.0 
80.659 646.0 
80.694 647.0 
80.531 648.0 
80.578 649.0 
80.671 650.0 
80.543 651.0 
80.601 652.0 
80.624 653.0 
80.683 654.0 
80.543 655.0 
80.589 656.0 
80.636 657.0 
80.683 658.0 
80.578 659.0 
80.624 660.0 
80.659 661.0 
80.706 662.0 
80.566 663.0 
80.624 664.0 
80.671 665.0 
80.694 666.0 
80.543 667.0 
80.578 668.0 
80.624 669.0 
80.706 670.0 
80.554 671.0 
80.566 672.0 
80.613 673.0 
80.636 674.0 
80.671 675.0 
80.543 676.0 
80.589 677.0 
80.613 678.0 
80.624 679.0 
80.683 680.0 
80.566 681.0 
80.566 682.0 
80.636 683.0 
80.671 684.0 
80.706 685.0 
80.706 686.0 
80.543 687.0 
80.601 688.0 
80.613 689.0 
80.624 690.0 
80.683 691.0 
80.741 692.0 
80.554 693.0 
80.554 694.0 
80.613 695.0 
80.659 696.0 
80.636 697.0 
80.694 698.0 
80.344 699.0 
80.543 700.0 
80.624 701.0 
80.589 702.0 
80.659 703.0 
80.648 704.0 
80.694 705.0 
80.706 706.0 
80.554 707.0 
80.543 708.0 
80.601 709.0 
80.601 710.0 
80.624 711.0 
80.659 712.0 
80.648 713.0 
80.671 714.0 
80.683 715.0 
80.531 716.0 
80.508 717.0 
80.601 718.0 
80.601 719.0 
80.624 720.0 
80.648 721.0 
80.659 722.0 
80.683 723.0 
80.706 724.0 
80.706 725.0 
80.543 726.0 
80.496 727.0 
80.543 728.0 
80.566 729.0 
80.613 730.0 
80.648 731.0 
80.601 732.0 
80.636 733.0 
80.659 734.0 
80.648 735.0 
80.613 736.0 
80.694 737.0 
80.683 738.0 
80.484 739.0 
80.531 740.0 
80.519 741.0 
80.531 742.0 
80.519 743.0 
80.578 744.0 
80.578 745.0 
80.566 746.0 
80.566 747.0 
80.543 748.0 
80.578 749.0 
80.601 750.0 
80.566 751.0 
80.589 752.0 
80.578 753.0 
80.601 754.0 
80.601 755.0 
80.578 756.0 
80.613 757.0 
80.578 758.0 
80.636 759.0 
80.613 760.0 
80.659 761.0 
80.636 762.0 
80.624 763.0 
80.636 764.0 
80.636 765.0 
80.659 766.0 
80.636 767.0 
80.613 768.0 
80.648 769.0 
80.648 770.0 
80.624 771.0 
80.636 772.0 
80.624 773.0 
80.613 774.0 
80.624 775.0 
80.636 776.0 
80.636 777.0 
80.636 778.0 
80.636 779.0 
80.648 780.0 
80.589 781.0 
80.613 782.0 
80.624 783.0 
80.636 784.0 
80.624 785.0 
80.589 786.0 
80.624 787.0 
80.589 788.0 
80.624 789.0 
80.624 790.0 
80.624 791.0 
80.613 792.0 
80.624 793.0 
80.624 794.0 
80.636 795.0 
80.648 796.0 
80.648 797.0 
80.636 798.0 
80.636 799.0 
80.613 800.0 
80.648 801.0 
80.624 802.0 
80.636 803.0 
80.624 804.0 
0.01 805.0 
0.01 806.0 
0.007 807.0 
0.007 808.0 
0.005 809.0 
0.002 810.0 
-0.007 811.0 
-0.016 812.0 
-0.025 813.0 
-0.034 814.0 
-0.036 815.0 
-0.043 816.0 
-0.054 817.0 
-0.055 818.0 
-0.064 819.0 
-0.052 820.0 
-0.052 821.0 
-0.054 822.0 
-0.054 823.0 
-0.05 824.0 
-0.048 825.0 
-0.046 826.0 
-0.047 827.0 
-0.041 828.0 
-0.031 829.0 
