-0.023 257.0 
-0.037 258.0 
-0.028 259.0 
-0.04 260.0 
-0.031 261.0 
-0.034 262.0 
-0.036 263.0 
-0.024 264.0 
-0.006 265.0 
-0.041 266.0 
-0.058 267.0 
-0.031 268.0 
-0.041 269.0 
-0.023 270.0 
-0.047 271.0 
-0.035 272.0 
-0.042 273.0 
-0.029 274.0 
140.214 275.0 
136.978 276.0 
135.951 277.0 
134.467 278.0 
132.879 279.0 
130.917 280.0 
129.036 281.0 
126.665 282.0 
123.01 283.0 
121.678 284.0 
121.281 285.0 
120.966 286.0 
120.779 287.0 
120.499 288.0 
120.265 289.0 
119.623 290.0 
119.541 291.0 
119.342 292.0 
119.144 293.0 
119.109 294.0 
118.63 295.0 
118.49 296.0 
118.396 297.0 
117.894 298.0 
117.754 299.0 
117.66 300.0 
117.123 301.0 
117.065 302.0 
116.586 303.0 
116.481 304.0 
116.399 305.0 
115.757 306.0 
114.53 307.0 
112.393 308.0 
109.975 309.0 
106.833 310.0 
103.481 311.0 
99.919 312.0 
96.298 313.0 
92.573 314.0 
88.753 315.0 
84.759 316.0 
81.197 317.0 
78.767 318.0 
78.627 319.0 
78.394 320.0 
78.323 321.0 
78.195 322.0 
78.102 323.0 
78.183 324.0 
78.09 325.0 
77.961 326.0 
78.078 327.0 
77.973 328.0 
78.148 329.0 
78.031 330.0 
77.961 331.0 
78.277 332.0 
78.148 333.0 
78.043 334.0 
77.961 335.0 
78.078 336.0 
78.055 337.0 
77.996 338.0 
78.23 339.0 
78.043 340.0 
78.055 341.0 
78.02 342.0 
78.16 343.0 
78.043 344.0 
78.043 345.0 
77.973 346.0 
77.95 347.0 
78.031 348.0 
78.09 349.0 
78.055 350.0 
78.02 351.0 
78.09 352.0 
78.031 353.0 
77.973 354.0 
77.996 355.0 
78.031 356.0 
78.113 357.0 
78.031 358.0 
78.102 359.0 
78.031 360.0 
78.09 361.0 
78.008 362.0 
78.055 363.0 
77.985 364.0 
78.02 365.0 
78.043 366.0 
78.031 367.0 
77.985 368.0 
77.996 369.0 
78.02 370.0 
78.02 371.0 
78.043 372.0 
78.067 373.0 
78.113 374.0 
78.09 375.0 
78.183 376.0 
78.008 377.0 
78.031 378.0 
78.043 379.0 
78.02 380.0 
78.008 381.0 
78.172 382.0 
78.043 383.0 
78.02 384.0 
77.996 385.0 
78.09 386.0 
77.973 387.0 
77.985 388.0 
78.067 389.0 
78.043 390.0 
78.031 391.0 
77.996 392.0 
78.078 393.0 
77.926 394.0 
78.043 395.0 
78.113 396.0 
77.973 397.0 
78.055 398.0 
77.915 399.0 
77.961 400.0 
78.09 401.0 
78.078 402.0 
78.137 403.0 
78.09 404.0 
78.02 405.0 
77.985 406.0 
78.067 407.0 
77.926 408.0 
78.031 409.0 
77.938 410.0 
78.031 411.0 
78.067 412.0 
78.44 413.0 
78.067 414.0 
77.985 415.0 
78.078 416.0 
77.985 417.0 
78.102 418.0 
78.055 419.0 
77.973 420.0 
78.02 421.0 
78.067 422.0 
78.09 423.0 
78.043 424.0 
78.031 425.0 
78.055 426.0 
78.055 427.0 
77.961 428.0 
78.02 429.0 
77.996 430.0 
78.008 431.0 
78.055 432.0 
78.067 433.0 
77.938 434.0 
77.973 435.0 
77.996 436.0 
78.113 437.0 
77.973 438.0 
77.973 439.0 
78.02 440.0 
78.008 441.0 
77.996 442.0 
77.996 443.0 
77.985 444.0 
77.996 445.0 
77.973 446.0 
78.067 447.0 
78.067 448.0 
78.078 449.0 
78.242 450.0 
77.973 451.0 
77.973 452.0 
77.926 453.0 
77.938 454.0 
78.031 455.0 
77.891 456.0 
77.996 457.0 
77.996 458.0 
78.09 459.0 
78.067 460.0 
78.031 461.0 
77.996 462.0 
78.067 463.0 
78.043 464.0 
78.043 465.0 
78.043 466.0 
78.02 467.0 
77.961 468.0 
78.078 469.0 
78.008 470.0 
77.985 471.0 
78.02 472.0 
78.078 473.0 
78.008 474.0 
78.09 475.0 
78.02 476.0 
77.961 477.0 
77.985 478.0 
77.938 479.0 
78.043 480.0 
78.125 481.0 
77.985 482.0 
78.043 483.0 
77.985 484.0 
78.043 485.0 
77.915 486.0 
77.973 487.0 
78.067 488.0 
77.961 489.0 
78.008 490.0 
78.055 491.0 
78.02 492.0 
77.985 493.0 
78.031 494.0 
77.938 495.0 
77.95 496.0 
78.043 497.0 
78.09 498.0 
77.973 499.0 
77.95 500.0 
78.02 501.0 
78.055 502.0 
77.891 503.0 
77.961 504.0 
77.973 505.0 
77.961 506.0 
77.95 507.0 
78.031 508.0 
77.891 509.0 
77.903 510.0 
77.938 511.0 
77.985 512.0 
77.996 513.0 
77.996 514.0 
77.996 515.0 
78.043 516.0 
78.359 517.0 
77.845 518.0 
77.88 519.0 
77.868 520.0 
77.891 521.0 
77.915 522.0 
77.88 523.0 
77.915 524.0 
77.903 525.0 
77.856 526.0 
77.88 527.0 
77.798 528.0 
77.81 529.0 
77.821 530.0 
77.833 531.0 
77.961 532.0 
77.903 533.0 
77.88 534.0 
77.856 535.0 
77.833 536.0 
77.798 537.0 
77.751 538.0 
77.693 539.0 
77.681 540.0 
77.751 541.0 
77.693 542.0 
77.693 543.0 
77.646 544.0 
77.564 545.0 
77.529 546.0 
77.658 547.0 
77.588 548.0 
77.541 549.0 
77.471 550.0 
77.436 551.0 
77.564 552.0 
77.483 553.0 
77.448 554.0 
77.424 555.0 
77.553 556.0 
77.483 557.0 
77.483 558.0 
77.132 559.0 
77.529 560.0 
77.448 561.0 
77.412 562.0 
77.541 563.0 
77.471 564.0 
77.401 565.0 
77.529 566.0 
77.506 567.0 
77.366 568.0 
77.506 569.0 
77.448 570.0 
77.564 571.0 
77.483 572.0 
77.401 573.0 
77.471 574.0 
77.424 575.0 
77.553 576.0 
77.483 577.0 
77.448 578.0 
77.553 579.0 
77.518 580.0 
77.541 581.0 
77.494 582.0 
77.553 583.0 
77.553 584.0 
77.646 585.0 
77.553 586.0 
77.459 587.0 
77.553 588.0 
77.459 589.0 
77.564 590.0 
77.459 591.0 
77.553 592.0 
77.448 593.0 
77.471 594.0 
77.471 595.0 
77.588 596.0 
77.483 597.0 
77.506 598.0 
77.436 599.0 
77.529 600.0 
77.611 601.0 
77.506 602.0 
77.623 603.0 
77.494 604.0 
77.576 605.0 
77.483 606.0 
77.564 607.0 
77.412 608.0 
77.518 609.0 
77.599 610.0 
77.483 611.0 
77.541 612.0 
77.448 613.0 
77.506 614.0 
77.377 615.0 
77.494 616.0 
77.576 617.0 
77.389 618.0 
77.541 619.0 
77.202 620.0 
77.494 621.0 
77.541 622.0 
77.459 623.0 
77.506 624.0 
77.611 625.0 
77.424 626.0 
77.541 627.0 
77.599 628.0 
77.459 629.0 
77.494 630.0 
77.564 631.0 
77.412 632.0 
77.518 633.0 
77.623 634.0 
77.459 635.0 
77.541 636.0 
77.576 637.0 
77.471 638.0 
77.553 639.0 
77.588 640.0 
77.483 641.0 
77.494 642.0 
77.588 643.0 
77.436 644.0 
77.459 645.0 
77.529 646.0 
77.564 647.0 
77.471 648.0 
77.494 649.0 
77.553 650.0 
77.412 651.0 
77.401 652.0 
77.506 653.0 
77.564 654.0 
77.436 655.0 
77.471 656.0 
77.518 657.0 
77.599 658.0 
77.471 659.0 
77.518 660.0 
77.564 661.0 
77.599 662.0 
77.459 663.0 
77.494 664.0 
77.564 665.0 
77.553 666.0 
77.436 667.0 
77.494 668.0 
77.541 669.0 
77.553 670.0 
77.459 671.0 
77.471 672.0 
77.506 673.0 
77.506 674.0 
77.506 675.0 
77.389 676.0 
77.471 677.0 
77.518 678.0 
77.553 679.0 
77.599 680.0 
77.412 681.0 
77.459 682.0 
77.483 683.0 
77.553 684.0 
77.553 685.0 
77.611 686.0 
77.401 687.0 
77.459 688.0 
77.494 689.0 
77.506 690.0 
77.576 691.0 
77.611 692.0 
77.436 693.0 
77.459 694.0 
77.483 695.0 
77.529 696.0 
77.518 697.0 
77.553 698.0 
77.331 699.0 
77.471 700.0 
77.483 701.0 
77.483 702.0 
77.506 703.0 
77.541 704.0 
77.553 705.0 
77.576 706.0 
77.401 707.0 
77.412 708.0 
77.436 709.0 
77.494 710.0 
77.506 711.0 
77.529 712.0 
77.529 713.0 
77.599 714.0 
77.483 715.0 
77.436 716.0 
77.436 717.0 
77.483 718.0 
77.459 719.0 
77.483 720.0 
77.529 721.0 
77.541 722.0 
77.541 723.0 
77.599 724.0 
77.599 725.0 
77.401 726.0 
77.401 727.0 
77.412 728.0 
77.459 729.0 
77.471 730.0 
77.494 731.0 
77.518 732.0 
77.506 733.0 
77.506 734.0 
77.564 735.0 
77.553 736.0 
77.553 737.0 
77.588 738.0 
77.237 739.0 
77.389 740.0 
77.401 741.0 
77.412 742.0 
77.448 743.0 
77.471 744.0 
77.436 745.0 
77.424 746.0 
77.436 747.0 
77.459 748.0 
77.471 749.0 
77.471 750.0 
77.471 751.0 
77.494 752.0 
77.494 753.0 
77.494 754.0 
77.459 755.0 
77.494 756.0 
77.506 757.0 
77.494 758.0 
77.483 759.0 
77.541 760.0 
77.483 761.0 
77.529 762.0 
77.564 763.0 
77.541 764.0 
77.541 765.0 
77.518 766.0 
77.518 767.0 
77.529 768.0 
77.529 769.0 
77.494 770.0 
77.506 771.0 
77.529 772.0 
77.518 773.0 
77.506 774.0 
77.494 775.0 
77.529 776.0 
77.506 777.0 
77.529 778.0 
77.553 779.0 
77.518 780.0 
77.518 781.0 
77.529 782.0 
77.518 783.0 
77.494 784.0 
77.518 785.0 
77.506 786.0 
77.506 787.0 
77.494 788.0 
77.541 789.0 
77.518 790.0 
77.483 791.0 
77.529 792.0 
77.494 793.0 
77.483 794.0 
77.483 795.0 
77.506 796.0 
77.529 797.0 
77.529 798.0 
77.518 799.0 
77.506 800.0 
77.494 801.0 
77.529 802.0 
77.518 803.0 
77.506 804.0 
0.011 805.0 
-0.005 806.0 
-0.002 807.0 
-0.006 808.0 
0.01 809.0 
0.004 810.0 
-0.002 811.0 
0.0 812.0 
0.0 813.0 
-0.013 814.0 
-0.007 815.0 
-0.007 816.0 
-0.012 817.0 
-0.016 818.0 
-0.016 819.0 
-0.011 820.0 
-0.018 821.0 
-0.017 822.0 
-0.022 823.0 
-0.022 824.0 
-0.025 825.0 
-0.028 826.0 
-0.028 827.0 
-0.035 828.0 
-0.029 829.0 
