-0.036 257.0 
-0.049 258.0 
-0.054 259.0 
-0.053 260.0 
-0.041 261.0 
-0.026 262.0 
-0.049 263.0 
-0.048 264.0 
-0.006 265.0 
-0.03 266.0 
-0.031 267.0 
-0.012 268.0 
-0.044 269.0 
-0.034 270.0 
-0.022 271.0 
-0.041 272.0 
-0.05 273.0 
-0.06 274.0 
140.879 275.0 
138.298 276.0 
137.341 277.0 
136.067 278.0 
134.666 279.0 
132.926 280.0 
131.583 281.0 
129.632 282.0 
127.016 283.0 
126.093 284.0 
125.801 285.0 
125.591 286.0 
125.462 287.0 
125.229 288.0 
125.007 289.0 
124.82 290.0 
124.306 291.0 
124.166 292.0 
124.014 293.0 
123.967 294.0 
123.453 295.0 
123.418 296.0 
123.372 297.0 
122.87 298.0 
122.741 299.0 
122.729 300.0 
122.18 301.0 
122.157 302.0 
121.667 303.0 
121.573 304.0 
121.538 305.0 
120.942 306.0 
120.066 307.0 
118.046 308.0 
115.745 309.0 
112.498 310.0 
109.239 311.0 
105.198 312.0 
101.332 313.0 
96.917 314.0 
92.83 315.0 
88.765 316.0 
84.922 317.0 
82.154 318.0 
82.014 319.0 
81.804 320.0 
81.734 321.0 
81.652 322.0 
81.547 323.0 
81.629 324.0 
81.57 325.0 
81.442 326.0 
81.559 327.0 
81.477 328.0 
81.687 329.0 
81.57 330.0 
81.512 331.0 
81.57 332.0 
81.547 333.0 
81.477 334.0 
81.524 335.0 
81.559 336.0 
81.559 337.0 
81.454 338.0 
81.605 339.0 
81.535 340.0 
81.512 341.0 
81.5 342.0 
81.629 343.0 
81.524 344.0 
81.524 345.0 
81.489 346.0 
81.477 347.0 
81.512 348.0 
81.535 349.0 
81.489 350.0 
81.5 351.0 
81.535 352.0 
81.454 353.0 
81.477 354.0 
81.582 355.0 
81.524 356.0 
81.535 357.0 
81.512 358.0 
81.617 359.0 
81.535 360.0 
81.57 361.0 
81.524 362.0 
81.524 363.0 
81.5 364.0 
81.477 365.0 
81.524 366.0 
81.512 367.0 
81.465 368.0 
81.477 369.0 
81.5 370.0 
81.512 371.0 
81.547 372.0 
81.547 373.0 
81.559 374.0 
81.582 375.0 
81.816 376.0 
81.442 377.0 
81.5 378.0 
81.489 379.0 
81.5 380.0 
81.477 381.0 
81.594 382.0 
81.489 383.0 
81.477 384.0 
81.5 385.0 
81.582 386.0 
81.489 387.0 
81.43 388.0 
81.535 389.0 
81.547 390.0 
81.512 391.0 
81.477 392.0 
81.57 393.0 
81.454 394.0 
81.524 395.0 
81.57 396.0 
81.419 397.0 
81.489 398.0 
81.419 399.0 
81.454 400.0 
81.547 401.0 
81.547 402.0 
81.594 403.0 
81.535 404.0 
81.489 405.0 
81.419 406.0 
81.489 407.0 
81.43 408.0 
81.512 409.0 
81.442 410.0 
81.465 411.0 
81.535 412.0 
81.57 413.0 
81.524 414.0 
81.477 415.0 
81.512 416.0 
81.419 417.0 
81.582 418.0 
81.57 419.0 
81.454 420.0 
81.5 421.0 
81.5 422.0 
81.547 423.0 
81.5 424.0 
81.489 425.0 
81.547 426.0 
81.535 427.0 
81.454 428.0 
81.489 429.0 
81.454 430.0 
81.512 431.0 
81.5 432.0 
81.559 433.0 
81.407 434.0 
81.454 435.0 
81.489 436.0 
81.5 437.0 
81.372 438.0 
81.489 439.0 
81.454 440.0 
81.465 441.0 
81.454 442.0 
81.442 443.0 
81.465 444.0 
81.442 445.0 
81.454 446.0 
81.547 447.0 
81.535 448.0 
81.489 449.0 
81.874 450.0 
81.442 451.0 
81.442 452.0 
81.442 453.0 
81.395 454.0 
81.524 455.0 
81.348 456.0 
81.465 457.0 
81.419 458.0 
81.547 459.0 
81.535 460.0 
81.489 461.0 
81.477 462.0 
81.582 463.0 
81.512 464.0 
81.512 465.0 
81.594 466.0 
81.512 467.0 
81.419 468.0 
81.489 469.0 
81.477 470.0 
81.512 471.0 
81.465 472.0 
81.559 473.0 
81.477 474.0 
81.547 475.0 
81.465 476.0 
81.419 477.0 
81.465 478.0 
81.419 479.0 
81.465 480.0 
81.57 481.0 
81.5 482.0 
81.535 483.0 
81.477 484.0 
81.535 485.0 
81.395 486.0 
81.395 487.0 
81.512 488.0 
81.454 489.0 
81.477 490.0 
81.512 491.0 
81.489 492.0 
81.477 493.0 
81.5 494.0 
81.419 495.0 
81.395 496.0 
81.489 497.0 
81.535 498.0 
81.407 499.0 
81.419 500.0 
81.477 501.0 
81.512 502.0 
81.384 503.0 
81.372 504.0 
81.442 505.0 
81.5 506.0 
81.594 507.0 
81.629 508.0 
81.348 509.0 
81.395 510.0 
81.419 511.0 
81.442 512.0 
81.454 513.0 
81.454 514.0 
81.465 515.0 
81.454 516.0 
81.851 517.0 
81.29 518.0 
81.29 519.0 
81.36 520.0 
81.372 521.0 
81.36 522.0 
81.36 523.0 
81.313 524.0 
81.36 525.0 
81.36 526.0 
81.313 527.0 
81.208 528.0 
81.267 529.0 
81.255 530.0 
81.255 531.0 
81.372 532.0 
81.325 533.0 
81.267 534.0 
81.302 535.0 
81.267 536.0 
81.22 537.0 
81.138 538.0 
81.092 539.0 
81.08 540.0 
81.197 541.0 
81.138 542.0 
81.057 543.0 
81.08 544.0 
80.986 545.0 
80.94 546.0 
81.08 547.0 
81.033 548.0 
80.951 549.0 
80.881 550.0 
80.87 551.0 
80.963 552.0 
80.963 553.0 
80.846 554.0 
80.846 555.0 
80.963 556.0 
80.893 557.0 
80.858 558.0 
80.531 559.0 
80.916 560.0 
80.893 561.0 
80.835 562.0 
80.893 563.0 
80.858 564.0 
80.811 565.0 
80.916 566.0 
80.998 567.0 
80.823 568.0 
80.94 569.0 
80.835 570.0 
80.975 571.0 
80.858 572.0 
80.823 573.0 
80.881 574.0 
80.858 575.0 
80.94 576.0 
80.87 577.0 
80.881 578.0 
80.986 579.0 
80.893 580.0 
80.986 581.0 
80.951 582.0 
80.928 583.0 
80.951 584.0 
81.08 585.0 
80.986 586.0 
80.87 587.0 
80.916 588.0 
80.858 589.0 
80.94 590.0 
80.858 591.0 
80.94 592.0 
80.87 593.0 
80.87 594.0 
80.905 595.0 
80.951 596.0 
80.858 597.0 
80.963 598.0 
80.87 599.0 
80.94 600.0 
80.998 601.0 
80.905 602.0 
81.045 603.0 
80.87 604.0 
80.986 605.0 
80.916 606.0 
80.951 607.0 
80.811 608.0 
80.893 609.0 
81.01 610.0 
80.893 611.0 
80.975 612.0 
80.858 613.0 
80.94 614.0 
80.835 615.0 
80.905 616.0 
80.986 617.0 
80.823 618.0 
80.94 619.0 
80.566 620.0 
80.905 621.0 
80.928 622.0 
80.846 623.0 
80.881 624.0 
81.01 625.0 
80.881 626.0 
80.963 627.0 
80.975 628.0 
80.858 629.0 
80.905 630.0 
81.033 631.0 
80.8 632.0 
80.94 633.0 
81.01 634.0 
80.87 635.0 
80.916 636.0 
80.986 637.0 
80.87 638.0 
80.94 639.0 
80.998 640.0 
80.835 641.0 
80.893 642.0 
80.963 643.0 
80.846 644.0 
80.881 645.0 
80.94 646.0 
81.01 647.0 
80.858 648.0 
80.87 649.0 
80.975 650.0 
80.835 651.0 
80.881 652.0 
80.916 653.0 
80.975 654.0 
80.8 655.0 
80.881 656.0 
80.881 657.0 
80.975 658.0 
80.893 659.0 
80.893 660.0 
80.951 661.0 
81.01 662.0 
80.87 663.0 
80.916 664.0 
80.951 665.0 
81.045 666.0 
80.858 667.0 
80.881 668.0 
80.916 669.0 
80.975 670.0 
80.858 671.0 
80.893 672.0 
80.893 673.0 
80.916 674.0 
80.986 675.0 
80.835 676.0 
80.858 677.0 
80.928 678.0 
80.928 679.0 
80.986 680.0 
80.835 681.0 
80.881 682.0 
80.87 683.0 
80.951 684.0 
80.998 685.0 
81.021 686.0 
80.858 687.0 
80.881 688.0 
80.893 689.0 
80.905 690.0 
80.951 691.0 
81.01 692.0 
80.835 693.0 
80.858 694.0 
80.916 695.0 
80.916 696.0 
80.94 697.0 
80.951 698.0 
80.706 699.0 
80.846 700.0 
80.87 701.0 
80.893 702.0 
80.893 703.0 
80.963 704.0 
80.975 705.0 
80.975 706.0 
80.823 707.0 
80.87 708.0 
80.87 709.0 
80.905 710.0 
80.928 711.0 
80.963 712.0 
80.986 713.0 
80.963 714.0 
81.021 715.0 
80.835 716.0 
80.858 717.0 
80.881 718.0 
80.881 719.0 
80.916 720.0 
80.951 721.0 
80.94 722.0 
80.928 723.0 
80.975 724.0 
81.021 725.0 
80.835 726.0 
80.811 727.0 
80.858 728.0 
80.858 729.0 
80.881 730.0 
80.87 731.0 
80.928 732.0 
80.928 733.0 
80.951 734.0 
80.94 735.0 
80.951 736.0 
80.963 737.0 
80.975 738.0 
80.461 739.0 
80.8 740.0 
80.835 741.0 
80.823 742.0 
80.858 743.0 
80.835 744.0 
80.835 745.0 
80.858 746.0 
80.881 747.0 
80.858 748.0 
80.881 749.0 
80.893 750.0 
80.858 751.0 
80.87 752.0 
80.905 753.0 
80.916 754.0 
80.881 755.0 
80.858 756.0 
80.905 757.0 
80.905 758.0 
80.928 759.0 
80.916 760.0 
80.916 761.0 
80.905 762.0 
80.951 763.0 
80.916 764.0 
80.94 765.0 
80.951 766.0 
80.916 767.0 
80.916 768.0 
80.905 769.0 
80.928 770.0 
80.94 771.0 
80.916 772.0 
80.916 773.0 
80.94 774.0 
80.905 775.0 
80.94 776.0 
80.94 777.0 
80.951 778.0 
80.94 779.0 
80.905 780.0 
80.893 781.0 
80.951 782.0 
80.916 783.0 
80.916 784.0 
80.905 785.0 
80.928 786.0 
80.94 787.0 
80.905 788.0 
80.905 789.0 
80.916 790.0 
80.916 791.0 
80.928 792.0 
80.916 793.0 
80.94 794.0 
80.87 795.0 
80.905 796.0 
80.928 797.0 
80.916 798.0 
80.916 799.0 
80.916 800.0 
80.94 801.0 
80.916 802.0 
80.916 803.0 
80.94 804.0 
0.006 805.0 
0.012 806.0 
0.01 807.0 
-0.007 808.0 
0.002 809.0 
-0.004 810.0 
-0.008 811.0 
-0.004 812.0 
-0.01 813.0 
-0.022 814.0 
-0.023 815.0 
-0.011 816.0 
-0.02 817.0 
-0.026 818.0 
-0.024 819.0 
-0.013 820.0 
-0.024 821.0 
-0.024 822.0 
-0.018 823.0 
-0.02 824.0 
-0.022 825.0 
-0.02 826.0 
-0.016 827.0 
-0.023 828.0 
-0.026 829.0 
